33-14349,aHR0cDovL3RzaG9wLnIxMHMuanAvZXRyZS9jYWJpbmV0L2l0ZW1pbWFnZTA2LzExMjMzMjMuanBnP2ZpdGluPTcwMDo3MDA=,MjIxMTguNDAwMA==,,VFY/paqpYKXHpaOlqj+lq6XhpekgPiCloqWvpbultaXqqWA/sr/GtyA+IKWrpeGl6T+l06XHpaqlq6Xhpek/ueLRp5lDxvfTw6Wipa+lu6W1peqpYCA+IKXHpbilv6Xrpaul4aXp08OloqWvpbultaXqqWAgPiCkvaTOy/s=,ob7LzcHPn2/Bz6G/pbelsKXeIFBHLTQxIFtzZCBRdWF0dHJv08MgUE9XRVIgR1JJUF2hvqXQpcOlxqXqqWClsKXqpcOl16G/,ob7LzcHPn2/Bz6G/pKrIobzEpLs=,PGRpdiBzdHlsZT0idGV4dC1hbGlnbjpjZW50ZXIiPgoKPGltZyBzcmM9Imh0dHA6Ly93d3cucmFrdXRlbi5uZS5qcC9nb2xkL2V0cmUvaW1hZ2VzL3RvZGF5X3NhbGVfYm5yNC5qcGciIGFsdD0isb7I1aTOpKrZSaSktcOlu6lgpesiIC8+PC9kaXY+,ob7LzcHPn2/Bz6G/pbelsKXeIFBHLTQxIFtzZCBRdWF0dHJv08MgUE9XRVIgR1JJUF2hvqXQpcOlxqXqqWClsKXqpcOl16G/o7qlpKlgpcil7KXzpcmYU8zsytCI9rXq,ob7LzcHPn2/Bz6G/pbelsKXeIFBHLTQxIFtzZCBRdWF0dHJv08MgUE9XRVIgR1JJUF2hvqXQpcOlxqXqqWClsKXqpcOl16G/,ob7LzcHPn2/Bz6G/pKrIobzEpLuho6G+y83Bz59vwc+hv6W3pbCl3iBQRy00MSBbc2QgUXVhdHRyb9PDIFBPV0VSIEdSSVBdob6l0KXDpcal6qlgpbCl6qXDpdehvw==[rn]
33-14350,aHR0cDovL3RzaG9wLnIxMHMuanAvZXRyZS9jYWJpbmV0L2l0ZW1pbWFnZTA1LzY3MTUyNi5qcGc/Zml0aW49NzAwOjcwMA==,NDEzMS4yMDAw,,VFY/paqpYKXHpaOlqj+lq6XhpekgPiCloqWvpbultaXqqWA/sr/GtyA+IKWrpeGl6T+l06XHpaqlq6Xhpek/ueLRp5lDxvfTw6Wipa+lu6W1peqpYCA+IKXHpbilv6Xrpaul4aXp08OloqWvpbultaXqqWAgPiCkvaTOy/s=,ob7LzcHPn2/Bz6G/pb2ly6lgo6hTT05Zo6mhoUFDQy1DU0JOIFuloqWvpbultaXqqWClraXDpchd,ob7LzcHPn2/Bz6G/1NqO7MfQpOwgtM672Mjrusm0/aTB,TqXQpcOlxqXqqWCjqE5QLUJOMaOppMiz5OuKxvekzqSqtcOlu6XDpcg8ZGl2IHN0eWxlPSJ0ZXh0LWFsaWduOmNlbnRlciI+Cgo8aW1nIHNyYz0iaHR0cDovL3d3dy5yYWt1dGVuLm5lLmpwL2dvbGQvZXRyZS9pbWFnZXMvdG9kYXlfc2FsZV9ibnI0LmpwZyIgYWx0PSKxvsjVpM6kqtlJpKS1w6W7qWCl6yIgLz48L2Rpdj4=,ob7LzcHPn2/Bz6G/pb2ly6lgo6hTT05Zo6mhoUFDQy1DU0JOIFuloqWvpbultaXqqWClraXDpchdo7qlpKlgpcil7KXzpcmYU8zsytCI9rXq,ob7LzcHPn2/Bz6G/pb2ly6lgo6hTT05Zo6mhoUFDQy1DU0JOIFuloqWvpbultaXqqWClraXDpchd,ob7LzcHPn2/Bz6G/1NqO7MfQpOwgtM672Mjrusm0/aTBoaOhvsvNwc+fb8HPob+lvaXLqWCjqFNPTlmjqaGhQUNDLUNTQk4gW6Wipa+lu6W1peqpYKWtpcOlyF0=[rn]
33-14351,aHR0cDovL3RzaG9wLnIxMHMuanAvZXRyZS9jYWJpbmV0L2l0ZW1pbWFnZTA0Lzc0Mzc3My5qcGc/Zml0aW49NzAwOjcwMA==,NDIwMC4wMDAw,,VFY/paqpYKXHpaOlqj+lq6XhpekgPiCloqWvpbultaXqqWA/sr/GtyA+IKWrpeGl6T+l06XHpaqlq6Xhpek/ueLRp5lDxvfTw6Wipa+lu6W1peqpYCA+IKXHpbilv6Xrpaul4aXp08OloqWvpbultaXqqWAgPiCkvaTOy/s=,ob7LzcHPn2/Bz6G/pdGlyqW9pculw6WvoaFETVctQlRDMTEgW6XQpcOlxqXqqWClwaXjqWCluKXjqWBd,ob7LzcHPn2/Bz6G/1NqO7MfQpOwgtM672Mjrusm0/aTB,pdGlyqW9pculw6WvyefRdaXQpcOlxqXqqWCl0aXDpa+Mn9PDpM6l0KXDpcal6qlgpcGl46lgpbil46lgo6iz5OuKxvejqaTHpLmho6XRpcqlvaXLpcOlr8nnvIPV/aXQpcOlxqXqqWCk8qSqyrmkpKSvpMCktaSkoaM8ZGl2IHN0eWxlPSJ0ZXh0LWFsaWduOmNlbnRlciI+Cgo8aW1nIHNyYz0iaHR0cDovL3d3dy5yYWt1dGVuLm5lLmpwL2dvbGQvZXRyZS9pbWFnZXMvdG9kYXlfc2FsZV9ibnI0LmpwZyIgYWx0PSKxvsjVpM6kqtlJpKS1w6W7qWCl6yIgLz48L2Rpdj4=,ob7LzcHPn2/Bz6G/pdGlyqW9pculw6WvoaFETVctQlRDMTEgW6XQpcOlxqXqqWClwaXjqWCluKXjqWBdo7qlpKlgpcil7KXzpcmYU8zsytCI9rXq,ob7LzcHPn2/Bz6G/pdGlyqW9pculw6WvoaFETVctQlRDMTEgW6XQpcOlxqXqqWClwaXjqWCluKXjqWBd,ob7LzcHPn2/Bz6G/1NqO7MfQpOwgtM672Mjrusm0/aTBoaOhvsvNwc+fb8HPob+l0aXKpb2ly6XDpa+hoURNVy1CVEMxMSBbpdClw6XGpeqpYKXBpeOpYKW4peOpYF0=[rn]
33-14352,aHR0cDovL3RzaG9wLnIxMHMuanAvZXRyZS9jYWJpbmV0L2l0ZW1pbWFnZTA0LzU1MzI5MS5qcGc/Zml0aW49NzAwOjcwMA==,MjM4NC4wMDAw,,VFY/paqpYKXHpaOlqj+lq6XhpekgPiCloqWvpbultaXqqWA/sr/GtyA+IKWrpeGl6T+l06XHpaqlq6Xhpek/ueLRp5lDxvfTw6Wipa+lu6W1peqpYCA+IKXHpbilv6Xrpaul4aXp08OloqWvpbultaXqqWAgPiCkvaTOy/s=,ob7LzcHPn2/Bz6G/paql6qXzpdGluaGhQ05TLTExIEJMSyBbuaTKwqxGiPbTw6XNpcOlr6W5pcil6aXDpddd,ob7LzcHPn2/Bz6G/1NqO7INIydk=,oe6h76WvpcOlt6XnpfOkrMrXpMuDnqS3pKSlzaXDpa+luaXIpemlw6XXoaO3tMnkpcapYKXXpKywtaSkrEaI9qTH0tvBoqTBpN6kuaOhoe+h7jxCUj48QlI+paul4aXppMvXsNfFpLmk7KTQy67D5qTLuKGkr6OotsyVculno6mkzqTHoaLLrtbQpMekzryKyqel6qW5pa+k8t1YnHCkt6TepLmhozxCUj48QlI+PEJSPqHxjJ2P6plDt048QlI+oaFURy04MTAguaTSu8DJoaKmzFRvdWdoLTgwMDAguaTSu8DJoaJURy04MTChoqbMVG91Z2gtODAwMKGiVEctNjEwoaJURy0zMTA8QlI+ofHW99KqssTZfDxCUj6hoaXKpaSl7aXzoaKl3aXqpailwaXspfOhoqXdpeqlqKW5pcal6zxCUj6h8bTzpK2ktTxCUj6hoelMpLUgICAgNTA1bW0gILf5ICAgIDMybW0gILDC0NCkrSAgICA5bW08QlI+ofHZfMG/ICAgIDIzZzxkaXYgc3R5bGU9InRleHQtYWxpZ246Y2VudGVyIj4KCjxpbWcgc3JjPSJodHRwOi8vd3d3LnJha3V0ZW4ubmUuanAvZ29sZC9ldHJlL2ltYWdlcy90b2RheV9zYWxlX2JucjQuanBnIiBhbHQ9IrG+yNWkzqSq2UmkpLXDpbupYKXrIiAvPjwvZGl2Pg==,ob7LzcHPn2/Bz6G/paql6qXzpdGluaGhQ05TLTExIEJMSyBbuaTKwqxGiPbTw6XNpcOlr6W5pcil6aXDpdddo7qlpKlgpcil7KXzpcmYU8zsytCI9rXq,ob7LzcHPn2/Bz6G/paql6qXzpdGluaGhQ05TLTExIEJMSyBbuaTKwqxGiPbTw6XNpcOlr6W5pcil6aXDpddd,ob7LzcHPn2/Bz6G/1NqO7INIydmho6G+y83Bz59vwc+hv6Wqpeql86XRpbmhoUNOUy0xMSBCTEsgW7mkysKsRoj208OlzaXDpa+luaXIpemlw6XXXQ==[rn]
33-14353,aHR0cDovL3RzaG9wLnIxMHMuanAvZXRyZS9jYWJpbmV0L2l0ZW1pbWFnZTA2LzIxMTgwMS5qcGc/Zml0aW49NzAwOjcwMA==,NDQwLjAwMDA=,,VFY/paqpYKXHpaOlqj+lq6XhpekgPiCloqWvpbultaXqqWA/sr/GtyA+IKWrpeGl6T+l06XHpaqlq6Xhpek/ueLRp5lDxvfTw6Wipa+lu6W1peqpYCA+IKXHpbilv6Xrpaul4aXp08OloqWvpbultaXqqWAgPiCkvaTOy/s=,ob7LzcHPn2/Bz6G/pculs6XzoaFMRi00IFul7KXzpbrRWaTWpL9d,ob7LzcHPn2/Bz6G/1NqO7MfQpOwgtM672Mjrusm0/aTB,peyl86W6pM7RWaTWpL+kx6S5oaM8ZGl2IHN0eWxlPSJ0ZXh0LWFsaWduOmNlbnRlciI+Cgo8aW1nIHNyYz0iaHR0cDovL3d3dy5yYWt1dGVuLm5lLmpwL2dvbGQvZXRyZS9pbWFnZXMvdG9kYXlfc2FsZV9ibnI0LmpwZyIgYWx0PSKxvsjVpM6kqtlJpKS1w6W7qWCl6yIgLz48L2Rpdj4=,ob7LzcHPn2/Bz6G/pculs6XzoaFMRi00IFul7KXzpbrRWaTWpL9do7qlpKlgpcil7KXzpcmYU8zsytCI9rXq,ob7LzcHPn2/Bz6G/pculs6XzoaFMRi00IFul7KXzpbrRWaTWpL9d,ob7LzcHPn2/Bz6G/1NqO7MfQpOwgtM672Mjrusm0/aTBoaOhvsvNwc+fb8HPob+ly6WzpfOhoUxGLTQgW6XspfOlutFZpNakv10=[rn]
33-14354,,MjM4NC4wMDAw,,VFY/paqpYKXHpaOlqj+lq6XhpekgPiCloqWvpbultaXqqWA/sr/GtyA+IKWrpeGl6T+l06XHpaqlq6Xhpek/ueLRp5lDxvfTw6Wipa+lu6W1peqpYCA+IKXHpbilv6Xrpaul4aXp08OloqWvpbultaXqqWAgPiCkvaTOy/s=,ob7LzcHPn2/Bz6G/pbelsKXeIExDOTA3LTAxIFukq6TWpLvKvaXspfOluqWtpeOlw6XXXQ==,ob7LzcHPn2/Bz6G/pKrIobzEpLs=,ofFBcnQgMjBtbSBGMS40IERHIEhTTSDTw6SrpNaku8q9peyl86W6pa2l46XDpdc8QlI+oaGh+bG+zOW4tsr0xrc8ZGl2IHN0eWxlPSJ0ZXh0LWFsaWduOmNlbnRlciI+Cgo8aW1nIHNyYz0iaHR0cDovL3d3dy5yYWt1dGVuLm5lLmpwL2dvbGQvZXRyZS9pbWFnZXMvdG9kYXlfc2FsZV9ibnI0LmpwZyIgYWx0PSKxvsjVpM6kqtlJpKS1w6W7qWCl6yIgLz48L2Rpdj4=,ob7LzcHPn2/Bz6G/pbelsKXeIExDOTA3LTAxIFukq6TWpLvKvaXspfOluqWtpeOlw6XXXaO6paSpYKXIpeyl86XJmFPM7MrQiPa16g==,ob7LzcHPn2/Bz6G/pbelsKXeIExDOTA3LTAxIFukq6TWpLvKvaXspfOluqWtpeOlw6XXXQ==,ob7LzcHPn2/Bz6G/pKrIobzEpLuho6G+y83Bz59vwc+hv6W3pbCl3iBMQzkwNy0wMSBbpKuk1qS7yr2l7KXzpbqlraXjpcOl110=[rn]
33-14355,aHR0cDovL3RzaG9wLnIxMHMuanAvYWtpYmFtYWMvY2FiaW5ldC8wNTQyODM2OC80OTc3MTg3MzE4NjYxLmpwZz9maXRpbj03MDA6NzAw,NDg4LjAwMDA=,,VFY/paqpYKXHpaOlqj+lq6XhpekgPiCloqWvpbultaXqqWA/sr/GtyA+IKWrpeGl6T+l06XHpaqlq6Xhpek/ueLRp5lDxvfTw6Wipa+lu6W1peqpYCA+IKXHpbilv6Xrpaul4aXp08OloqWvpbultaXqqWAgPiCkvaTOy/s=,pc+lr6XQ0LTV5q5imEnSur6nsaPXb6XVpaOl66Xgo6il0KXWpeul7KW5t8DWuLx5pd6lw6XIpdWlo6XrpeAvpdWl6qlgIDgwocExMDBtbaOpIERHRkJBLTgxME1H,,PHRhYmxlIHdpZHRoPSI3MTAiPjx0cj48dGQ+mt3F3aSsstCk6aTKpKSjoSChuKXepcOlyKW/paSl16G5pMfWuLx5pKzEv8GipL+kyqSko6HTs6Tq3nqk36Ty0takqKTGu63D5qSs0oqk5KS5pKSjoTwvdGQ+PC90cj48L3RhYmxlPjx0YWJsZSBib3JkZXI9IjAiIGNlbGxwYWRkaW5nPSIwIiBjZWxsc3BhY2luZz0iMCIgd2lkdGg9IjcxMCIgc3R5bGU9ImxpbmUtaGVpZ2h0OjE0MCU7Ij48dHI+PHRkPjxmb250IHNpemU9IjIiPjxicj6a3cXdpKyy0KTppMqkpKOhIKG4pd6lw6XIpb+lpKXXobmkx9a4vHmkrMS/waKkv6TKpKSjoTxicj7Ts6Tq3nqk36Ty0takqKTGu63D5qSs0oqk5KS5pKSjoTxicj6h9szYyuKlt6XqpbOl887818WM06TykvHTw6S5pOuks6TIpMuk6KTq2U6k6qTkpLmkr6GiyOukw6TGpLek3qTDpL+a3cXdpKzX1Mi7pMvP+6SopMakpKSvpdWlo6XrpeCjqKH5MaOpPGJyPqH2xM3WuLx50NSEScDtpMilz6lgpcmls6lgpciEScDtpPKkt6TGpKSk3qS5oaM8YnI+ofbI66TDpL+a3cXdpKzX1Mi7pMvP+6SopOujqKH5MaOppdCl1qXrpeyluczYyuKlt6XqpbOl887818WM0zxicj6h9re0yeS3wNa5hL+5+6TH1f20X6TL60HVe7HtrEajqLe0yeS3wNa5pbOpYKXGpaOl86Wwo6k8YnI+ofbWuLx5pKzEv8GipL+kusrDpK3IoaTqpOLI3dLXo6jEzda4vHnQ1IRJwO2jqTxicj6h9qWupemlxKWtpPLS1qSo0rq+p6Ss0oqk5KS5pKSjqKWupemlxKWtt8DWuaWzqWClxqWjpfOlsKOpPGJyPqH2pa2luqSsuLakraTLpK+kpKXPqWClyaWzqWClyIRJwO2jqLHtw+bTsrbIM0ijqTxicj6h9tK6vqelr6XqqWCly6XzpbCl2qlgpdGpYLi2PGJyPqH5MaO6yKukxqTOmt3F3aSsz/ukqKTrpO+ksaTHpM+koqTqpN6ku6TzoaM8YnI+PC9mb250PjwvdGQ+PC90cj48L3RhYmxlPjx0YWJsZSBjZWxsc3BhY2luZz0iMCIgY2VsbHBhZGRpbmc9IjQiIGJvcmRlcj0iMSIgd2lkdGg9IjcxMCIgYm9yZGVyY29sb3I9IiNjY2NjY2MiPjx0cj48dGQgd2lkdGg9IjE4MCIgYmdjb2xvcj0iI2VmZWZlZiI+PGZvbnQgc2l6ZT0iMiI+pbWlpKW6KEihwVehwUQpIG1tPC9mb250PjwvdGQ+PHRkIHdpZHRoPSI1MzAiPjxmb250IHNpemU9IjIiPqXVpaOl66XgpbWlpKW6o7o4MC4wocExMDAuMG1tPC9mb250PjwvdGQ+PC90cj48dHI+PHRkIHdpZHRoPSIxODAiIGJnY29sb3I9IiNlZmVmZWYiPjxmb250IHNpemU9IjIiPoydj+qltaWkpbo8L2ZvbnQ+PC90ZD48dGQgd2lkdGg9IjUzMCI+PGZvbnQgc2l6ZT0iMiI+pdWl6qlgpbWlpKW6PC9mb250PjwvdGQ+PC90cj48dHI+PHRkIHdpZHRoPSIxODAiIGJnY29sb3I9IiNlZmVmZWYiPjxmb250IHNpemU9IjIiPri2yvTGtzwvZm9udD48L3RkPjx0ZCB3aWR0aD0iNTMwIj48Zm9udCBzaXplPSIyIj7Sur6npa+l6qlgpcul86WwpdqpYKXRqWA8L2ZvbnQ+PC90ZD48L3RyPjwvdGFibGU+PHN0eWxlIHR5cGU9InRleHQvY3NzIj4KPCEtLQoucmFrdXRlbi1jYW1wIHsKCXdpZHRoOiA3MjVweDsKCWJvcmRlcjogMnB4IHNvbGlkICMzMzk5RkY7CglwYWRkaW5nLXRvcDogNXB4OwoJLW1vei1ib3JkZXItcmFkaXVzOjRweDsgLypGaXJlZm94Ki8KCS13ZWJraXQtYm9yZGVyLXJhZGl1czogNHB4OyAvKlNhZmFyaSxDaHJvbWUqLwoJYm9yZGVyLXJhZGl1czo0cHg7IC8qT3BlcmEsQ2hyb21lKi8KCW1hcmdpbjowIDEwcHggMTBweCAwOwp9CgovKiCB/bjxpMuWmL6ApKykxKSvICovCnRhYmxlI3Jha3V0ZW5MaW1pdGVkSWRfY2FydCB7CiAgICBiYWNrZ3JvdW5kLWNvbG9yOiAjZjhmOGY4OwogICAgYm9yZGVyOiAxcHggc29saWQgI2RkZDsKICAgIHBhZGRpbmc6IDhweDsKICAgIG1hcmdpbjogMTZweCAwOwp9CgpzcGFuLnByaWNlMSB7CiAgICBjb2xvcjogIzMzMyAhaW1wb3J0YW50OwogICAgZm9udC13ZWlnaHQ6IGJvbGQ7CiAgICBmb250LXNpemU6IDgwJSAhaW1wb3J0YW50OwogICAgbGluZS1oZWlnaHQ6IDMwcHg7CiAgICBkaXNwbGF5OiBpbmxpbmUtYmxvY2s7CiAgICBtYXJnaW4tcmlnaHQ6IDE2cHg7Cn0KCi0tPgo8L3N0eWxlPgoKPCEtLaXQpcqpYKWopeqloi0tPgoKPCEtLaG+z/ukuaTKo6Ghv6Hvoe+h7yBoZWlnaHQ9IjM4MCIgpMfUT7aopLekxqSvpMCktaSkoaOh76Hvoe8tLT4KPCEtLaXQpcqpYKWopeqloqSzpLOk3qTHLS0+Cgo8IS0tmFPM7KWtpeOl86XaqWCl8y0tPgoKPGgyIHN0eWxlPSJtYXJnaW46MjBweCAwIDEwcHggMDsiPjxpbWcgc3JjPSJodHRwczovL3d3dy5yYWt1dGVuLm5lLmpwL2dvbGQvYWtpYmFtYWMvZnJhbWUvaW1hZ2VzL3Jha3V0ZW5fdGl0bGUyLmdpZiIgYWx0PSKYU8zsytCI9qTOpKq1w6TKpa2l46XzpdqpYKXzIiB3aWR0aD0iNzMwIiBoZWlnaHQ9IjQyIiBib3JkZXI9IjAiPjwvaDI+CjxkaXYgY2xhc3M9InJha3V0ZW4tY2FtcCIgc3R5bGU9Im1hcmdpbjowIDAgMCAwOyI+CgoKPCEtLZhTzOylraXjpfOl2qlgpfNApLOks6TepMctLT4=,pc+lr6XQ0LTV5q5imEnSur6nsaPXb6XVpaOl66Xgo6il0KXWpeul7KW5t8DWuLx5pd6lw6XIpdWlo6XrpeAvpdWl6qlgIDgwJnRpbWVzOzEwMG1to6kgREdGQkEtODEwTUejuqW9pdWl3qXDpdehoaXHpbilv6XrpbOl7KWvpbel56Xz,pb2l1aXepcOl1yClx6W4pb+l66Wzpeylr6W3peel81NvZm1hcCBEaWdpdGFsIENvbGxlY3Rpb26l0aW9pbOl86W/pdal7KXDpchQQ0hERKWipbul86XWpeql0algpcSl0aW9pbOl86XRqWClxKXGpeyl06WyqWCl4KXWpeupYKXspaSlvaXVpchEVkSlvaXVpcjSur6npcal7KXTpdal66lgpeylpKXHpaOluaWvpeyls6lgpcCpYKXHpbilv6Xr0rvR26XspdWlq6Xhpemlx6W4pb+l66WrpeGl6bzS64qVctOL1tC5xaGhpb2l1aXIpaKlpqXIpeylw6XI1tC5xaXOqWClyKXRpb2ls6Xz1tC5xaXRpb2ls6Xzpc+lr6XQ0LTV5q5imEnSur6nsaPXb6XVpaOl66Xgo6il0KXWpeul7KW5t8DWuLx5pd6lw6XIpdWlo6XrpeAvpdWl6qlgIDgwJnRpbWVzOzEwMG1to6kgREdGQkEtODEwTUc=,pc+lr6XQ0LTV5q5imEnSur6nsaPXb6XVpaOl66Xgo6il0KXWpeul7KW5t8DWuLx5pd6lw6XIpdWlo6XrpeAvpdWl6qlgIDgwJnRpbWVzOzEwMG1to6kgREdGQkEtODEwTUc=[rn]
33-14356,aHR0cDovL3RzaG9wLnIxMHMuanAvYWtpYmFtYWMvY2FiaW5ldC8wNTQyODM2OC80OTc1OTgxNzUwNDk2LmpwZz9maXRpbj03MDA6NzAw,MjE2OC4wMDAw,,VFY/paqpYKXHpaOlqj+lq6XhpekgPiCloqWvpbultaXqqWA/sr/GtyA+IKWrpeGl6T+l06XHpaqlq6Xhpek/ueLRp5lDxvfTw6Wipa+lu6W1peqpYCA+IKXHpbilv6Xrpaul4aXp08OloqWvpbultaXqqWAgPiCkvaTOy/s=,pailxKXf0rq+p7Gj12+l1aWjpeul4CBaRVJPpdel7KXfpaKl4KOopa2l5KXOpfMgRU9TIDgwMDBEjJ/Tw6OpIEUtNzUwNA==,,PHRhYmxlIHdpZHRoPSI3MTAiPjx0cj48dGQ+pceluKW/pevSu9Hb08PSur6nsaPXb6XVpaOl66XgpM7QwplD3VOhuFpFUk+l16Xspd+loqXgobmlt6XqqWCluqGjpayl6aW5pMiJ5KTvpOmkyqSk07K2yDlIpMil1aWjpeul4KTOpLekyqTkpKuktaTygUnBoqS5pOulz6Wkpdal6qXDpcnL2LLEPC90ZD48L3RyPjwvdGFibGU+PHRhYmxlIGJvcmRlcj0iMCIgY2VsbHBhZGRpbmc9IjAiIGNlbGxzcGFjaW5nPSIwIiB3aWR0aD0iNzEwIiBzdHlsZT0ibGluZS1oZWlnaHQ6MTQwJTsiPjx0cj48dGQ+PGZvbnQgc2l6ZT0iMiI+PGJyPqXHpbilv6Xr0rvR29PD0rq+p7Gj12+l1aWjpeul4KTO0MKZQ91TobhaRVJPpdel7KXfpaKl4KG5pbel6qlgpbqho6WspemluaTIieSk76TppMqkpNOytsg5SKTIpdWlo6XrpeCkzqS3pMqk5KSrpLWk8oFJwaKkuaTrpc+lpKXWpeqlw6XJy9iyxDxicj6h9qWspemluaTLxqWUs6S5pOvTsrbIpMeC+6TEpK2ky6SvpKS439Oytsg5SKWzqWClxqWjpfOlsIRJwO08YnI+ofbGpNasP9a4vHmkrLi2pK2ky6SvpKSzrJPcy64/k9zTzYRJwO08YnI+ofal2algpbmkz6S3pMqk5KSrpMf1cqTkpKukyrutw+ak8r5Ts9akuaTrueLRp6XVpaOl66XgoaKxodDNu6+kx6W/pcOlwdDUpKyk6KTqz/LJzzxicj6h9tK7tqikztBuk8TO/IWn0NSky6TopOql1aWjpeul4KTOuO6k7KTyt8DWuaS5pOvM2Mripbel6qWzpfOM0zxicj6h9prdxd2krMjrpOqky6SvpK/X1Mi7pMua3cXdpKySaaSxpOulqKWiqWCl7KW5pb+lpKXXPGJyPqH21K2yxMHPpM7J+q5iP7zTuaSkz8irpMbQxe5tpM7I1bG+0XU8YnI+PC9mb250PjwvdGQ+PC90cj48L3RhYmxlPjx0YWJsZSBjZWxsc3BhY2luZz0iMCIgY2VsbHBhZGRpbmc9IjQiIGJvcmRlcj0iMSIgd2lkdGg9IjcxMCIgYm9yZGVyY29sb3I9IiNjY2NjY2MiPjx0cj48dGQgd2lkdGg9IjE4MCIgYmdjb2xvcj0iI2VmZWZlZiI+PGZvbnQgc2l6ZT0iMiI+jJ2P6qWrpeGl6TwvZm9udD48L3RkPjx0ZCB3aWR0aD0iNTMwIj48Zm9udCBzaXplPSIyIj6lraXkpc6l8yBFT1MgODAwMESMn9PDPC9mb250PjwvdGQ+PC90cj48L3RhYmxlPjxzdHlsZSB0eXBlPSJ0ZXh0L2NzcyI+CjwhLS0KLnJha3V0ZW4tY2FtcCB7Cgl3aWR0aDogNzI1cHg7Cglib3JkZXI6IDJweCBzb2xpZCAjMzM5OUZGOwoJcGFkZGluZy10b3A6IDVweDsKCS1tb3otYm9yZGVyLXJhZGl1czo0cHg7IC8qRmlyZWZveCovCgktd2Via2l0LWJvcmRlci1yYWRpdXM6IDRweDsgLypTYWZhcmksQ2hyb21lKi8KCWJvcmRlci1yYWRpdXM6NHB4OyAvKk9wZXJhLENocm9tZSovCgltYXJnaW46MCAxMHB4IDEwcHggMDsKfQoKLyoggf248aTLlpi+gKSspMSkryAqLwp0YWJsZSNyYWt1dGVuTGltaXRlZElkX2NhcnQgewogICAgYmFja2dyb3VuZC1jb2xvcjogI2Y4ZjhmODsKICAgIGJvcmRlcjogMXB4IHNvbGlkICNkZGQ7CiAgICBwYWRkaW5nOiA4cHg7CiAgICBtYXJnaW46IDE2cHggMDsKfQoKc3Bhbi5wcmljZTEgewogICAgY29sb3I6ICMzMzMgIWltcG9ydGFudDsKICAgIGZvbnQtd2VpZ2h0OiBib2xkOwogICAgZm9udC1zaXplOiA4MCUgIWltcG9ydGFudDsKICAgIGxpbmUtaGVpZ2h0OiAzMHB4OwogICAgZGlzcGxheTogaW5saW5lLWJsb2NrOwogICAgbWFyZ2luLXJpZ2h0OiAxNnB4Owp9CgotLT4KPC9zdHlsZT4KCjwhLS2l0KXKqWClqKXqpaItLT4KCjwhLS2hvs/7pLmkyqOhob+h76Hvoe8gaGVpZ2h0PSIzODAiIKTH1E+2qKS3pMakr6TApLWkpKGjoe+h76HvLS0+CjwhLS2l0KXKqWClqKXqpaKks6SzpN6kxy0tPgoKPCEtLZhTzOylraXjpfOl2qlgpfMtLT4KCjxoMiBzdHlsZT0ibWFyZ2luOjIwcHggMCAxMHB4IDA7Ij48aW1nIHNyYz0iaHR0cHM6Ly93d3cucmFrdXRlbi5uZS5qcC9nb2xkL2FraWJhbWFjL2ZyYW1lL2ltYWdlcy9yYWt1dGVuX3RpdGxlMi5naWYiIGFsdD0imFPM7MrQiPakzqSqtcOkyqWtpeOl86XaqWCl8yIgd2lkdGg9IjczMCIgaGVpZ2h0PSI0MiIgYm9yZGVyPSIwIj48L2gyPgo8ZGl2IGNsYXNzPSJyYWt1dGVuLWNhbXAiIHN0eWxlPSJtYXJnaW46MCAwIDAgMDsiPgoKCjwhLS2YU8zspa2l46XzpdqpYKXzQKSzpLOk3qTHLS0+,pailxKXf0rq+p7Gj12+l1aWjpeul4CBaRVJPpdel7KXfpaKl4KOopa2l5KXOpfMgRU9TIDgwMDBEjJ/Tw6OpIEUtNzUwNKO6pb2l1aXepcOl16GhpceluKW/peuls6Xspa+lt6XnpfM=,pb2l1aXepcOl1yClx6W4pb+l66Wzpeylr6W3peel81NvZm1hcCBEaWdpdGFsIENvbGxlY3Rpb26l0aW9pbOl86W/pdal7KXDpchQQ0hERKWipbul86XWpeql0algpcSl0aW9pbOl86XRqWClxKXGpeyl06WyqWCl4KXWpeupYKXspaSlvaXVpchEVkSlvaXVpcjSur6npcal7KXTpdal66lgpeylpKXHpaOluaWvpeyls6lgpcCpYKXHpbilv6Xr0rvR26XspdWlq6Xhpemlx6W4pb+l66WrpeGl6bzS64qVctOL1tC5xaGhpb2l1aXIpaKlpqXIpeylw6XI1tC5xaXOqWClyKXRpb2ls6Xz1tC5xaXRpb2ls6XzpailxKXf0rq+p7Gj12+l1aWjpeul4CBaRVJPpdel7KXfpaKl4KOopa2l5KXOpfMgRU9TIDgwMDBEjJ/Tw6OpIEUtNzUwNA==,pailxKXf0rq+p7Gj12+l1aWjpeul4CBaRVJPpdel7KXfpaKl4KOopa2l5KXOpfMgRU9TIDgwMDBEjJ/Tw6OpIEUtNzUwNA==[rn]
33-14357,aHR0cDovL3RzaG9wLnIxMHMuanAvYWtpYmFtYWMvY2FiaW5ldC8wNTQyODM2OC80OTc3MTg3MzQzOTg0LmpwZz9maXRpbj03MDA6NzAw,NTU5LjIwMDA=,,VFY/paqpYKXHpaOlqj+lq6XhpekgPiCloqWvpbultaXqqWA/sr/GtyA+IKWrpeGl6T+l06XHpaqlq6Xhpek/ueLRp5lDxvfTw6Wipa+lu6W1peqpYCA+IKXHpbilv6Xrpaul4aXp08OloqWvpbultaXqqWAgPiCkvaTOy/s=,pc+lr6XQ0LTV5q5imEnSur6nsaPXb6XVpaOl66XgIKOoQ0FTSU8gRVhJTElNIFpTMjQwjJ/Tw6OpIEJLREdGQ0VaUzI0MA==,,PHRhYmxlIHdpZHRoPSI3MTAiPjx0cj48dGQ+0rq+p7Gj12+l1aWjpeul4CCjqENBU0lPIEVYSUxJTSBaUzI0MIyf08OjqTwvdGQ+PC90cj48L3RhYmxlPjx0YWJsZSBib3JkZXI9IjAiIGNlbGxwYWRkaW5nPSIwIiBjZWxsc3BhY2luZz0iMCIgd2lkdGg9IjcxMCIgc3R5bGU9ImxpbmUtaGVpZ2h0OjE0MCU7Ij48dHI+PHRkPjxmb250IHNpemU9IjIiPjxicj7Sur6nsaPXb6XVpaOl66XgIKOoQ0FTSU8gRVhJTElNIFpTMjQwjJ/Tw6OpPGJyPjwvZm9udD48L3RkPjwvdHI+PC90YWJsZT48c3R5bGUgdHlwZT0idGV4dC9jc3MiPgo8IS0tCi5yYWt1dGVuLWNhbXAgewoJd2lkdGg6IDcyNXB4OwoJYm9yZGVyOiAycHggc29saWQgIzMzOTlGRjsKCXBhZGRpbmctdG9wOiA1cHg7CgktbW96LWJvcmRlci1yYWRpdXM6NHB4OyAvKkZpcmVmb3gqLwoJLXdlYmtpdC1ib3JkZXItcmFkaXVzOiA0cHg7IC8qU2FmYXJpLENocm9tZSovCglib3JkZXItcmFkaXVzOjRweDsgLypPcGVyYSxDaHJvbWUqLwoJbWFyZ2luOjAgMTBweCAxMHB4IDA7Cn0KCi8qIIH9uPGky5aYvoCkrKTEpK8gKi8KdGFibGUjcmFrdXRlbkxpbWl0ZWRJZF9jYXJ0IHsKICAgIGJhY2tncm91bmQtY29sb3I6ICNmOGY4Zjg7CiAgICBib3JkZXI6IDFweCBzb2xpZCAjZGRkOwogICAgcGFkZGluZzogOHB4OwogICAgbWFyZ2luOiAxNnB4IDA7Cn0KCnNwYW4ucHJpY2UxIHsKICAgIGNvbG9yOiAjMzMzICFpbXBvcnRhbnQ7CiAgICBmb250LXdlaWdodDogYm9sZDsKICAgIGZvbnQtc2l6ZTogODAlICFpbXBvcnRhbnQ7CiAgICBsaW5lLWhlaWdodDogMzBweDsKICAgIGRpc3BsYXk6IGlubGluZS1ibG9jazsKICAgIG1hcmdpbi1yaWdodDogMTZweDsKfQoKLS0+Cjwvc3R5bGU+Cgo8IS0tpdClyqlgpail6qWiLS0+Cgo8IS0tob7P+6S5pMqjoaG/oe+h76HvIGhlaWdodD0iMzgwIiCkx9RPtqikt6TGpK+kwKS1pKSho6Hvoe+h7y0tPgo8IS0tpdClyqlgpail6qWipLOks6TepMctLT4KCjwhLS2YU8zspa2l46XzpdqpYKXzLS0+Cgo8aDIgc3R5bGU9Im1hcmdpbjoyMHB4IDAgMTBweCAwOyI+PGltZyBzcmM9Imh0dHBzOi8vd3d3LnJha3V0ZW4ubmUuanAvZ29sZC9ha2liYW1hYy9mcmFtZS9pbWFnZXMvcmFrdXRlbl90aXRsZTIuZ2lmIiBhbHQ9IphTzOzK0Ij2pM6kqrXDpMqlraXjpfOl2qlgpfMiIHdpZHRoPSI3MzAiIGhlaWdodD0iNDIiIGJvcmRlcj0iMCI+PC9oMj4KPGRpdiBjbGFzcz0icmFrdXRlbi1jYW1wIiBzdHlsZT0ibWFyZ2luOjAgMCAwIDA7Ij4KCgo8IS0tmFPM7KWtpeOl86XaqWCl80Cks6SzpN6kxy0tPg==,pc+lr6XQ0LTV5q5imEnSur6nsaPXb6XVpaOl66XgIKOoQ0FTSU8gRVhJTElNIFpTMjQwjJ/Tw6OpIEJLREdGQ0VaUzI0MKO6pb2l1aXepcOl16GhpceluKW/peuls6Xspa+lt6XnpfM=,pb2l1aXepcOl1yClx6W4pb+l66Wzpeylr6W3peel81NvZm1hcCBEaWdpdGFsIENvbGxlY3Rpb26l0aW9pbOl86W/pdal7KXDpchQQ0hERKWipbul86XWpeql0algpcSl0aW9pbOl86XRqWClxKXGpeyl06WyqWCl4KXWpeupYKXspaSlvaXVpchEVkSlvaXVpcjSur6npcal7KXTpdal66lgpeylpKXHpaOluaWvpeyls6lgpcCpYKXHpbilv6Xr0rvR26XspdWlq6Xhpemlx6W4pb+l66WrpeGl6bzS64qVctOL1tC5xaGhpb2l1aXIpaKlpqXIpeylw6XI1tC5xaXOqWClyKXRpb2ls6Xz1tC5xaXRpb2ls6Xzpc+lr6XQ0LTV5q5imEnSur6nsaPXb6XVpaOl66XgIKOoQ0FTSU8gRVhJTElNIFpTMjQwjJ/Tw6OpIEJLREdGQ0VaUzI0MA==,pc+lr6XQ0LTV5q5imEnSur6nsaPXb6XVpaOl66XgIKOoQ0FTSU8gRVhJTElNIFpTMjQwjJ/Tw6OpIEJLREdGQ0VaUzI0MA==[rn]
33-14358,aHR0cDovL3RzaG9wLnIxMHMuanAvYWtpYmFtYWMvY2FiaW5ldC8wNTQyODM2OC80OTc3MTg3MzM5NTY3LmpwZz9maXRpbj03MDA6NzAw,MTQ1MS4yMDAw,,VFY/paqpYKXHpaOlqj+lq6XhpekgPiCloqWvpbultaXqqWA/sr/GtyA+IKWrpeGl6T+l06XHpaqlq6Xhpek/ueLRp5lDxvfTw6Wipa+lu6W1peqpYCA+IKXHpbilv6Xrpaul4aXp08OloqWvpbultaXqqWAgPiCkvaTOy/s=,pc+lr6XQ0rq+p7Gj12+l1aWjpeul4CBFWC1HVUFSRKOopculs6XzIENPT0xQSVggQjcwMCAvIFA5MDCMn9PDo6kgRVhHRi1OQ0I3MDA=,,PHRhYmxlIHdpZHRoPSI3MTAiPjx0cj48dGQ+pailr6W5pcil6aXPqWClyaWzqWClyKTLpOik6qWspemluYFLpN+kzrjf07K2yDlIpMjNuMP3tsik8oxnrEaho6XLpbOl86G+Q09PTFBJWCBCNzAwIC8gUDkwMIyf08Ohv6TO0rq+p7Gj12+l1aWjpeul4KTHpLmhowo8L3RkPjwvdHI+PC90YWJsZT48dGFibGUgYm9yZGVyPSIwIiBjZWxscGFkZGluZz0iMCIgY2VsbHNwYWNpbmc9IjAiIHdpZHRoPSI3MTAiIHN0eWxlPSJsaW5lLWhlaWdodDoxNDAlOyI+PHRyPjx0ZD48Zm9udCBzaXplPSIyIj48YnI+gvukrLi2pK2ky6SvpKSlqKWvpbmlyKXppc+pYKXJpbOpYKXIo6i439Oytsg5SKOpoaLIq7nivoDNuN9ewso5M6OlpM6436SkzbjD97bIpPKMZ6xGpLekv6Gipculs6XzIENPT0xQSVggQjcwMKGiQ09PTFBJWCBQOTAwjJ/Tw6TO0rq+p7Gj12+l1aWjpeul4KTHpLmhozxicj6h9oL7pKy4tqStpMukr6Skpailr6W5pcil6aXPqWClyaWzqWClyKOouN/TsrbIOUijqTxicj6lqKWvpbmlyKXppc+pYKXJpbOpYKXIpMuk6KTqpayl6aW5gUuk36TOuN/TsrbIOUik8oxnrEaho+SEwPukyqTipM6krLWxpL+kw6TGpOKC+6SsuLakraTLpK+kr6XVpaOl66XgpPLDwKS3pKTXtJFCpM6k3qTesaOkwaTepLmhozxicj6h9qWtpeylpKTL0oqkqKTruN/NuMP3tsg8YnI+yKu54r6AzbjfXsLKOTOjpaTOuN+kpM24w/e2yKTH1f20X6TKyavVe6TIw/ewtaTO60HVe6TypbmlyKXsqWClyKTL07Okt7P2pLek3qS5oaM8YnI+ofbH+qSypMuPiqSvuO6k7KTLpK+kpDxicj7H+qSypMuPiqSvuO6k7KTLpK+kpKS/pOHZTqTqpOSkuaSvoaKwstDEpLekxqS0yrnTw6SkpL+kwKSxpN6kuaGjPGJyPqH2mt3F3aSsz/ukqKTrpdCl1qXrpeyluaW/paSl16OozNjK4s7818Wlt6XqpbOl84zTo6k8YnI+2U6kw6S/lXKky8jrpMOkxqS3pN6kw6S/mt3F3aSs19TIu6TLz/ukqKTrpdCl1qXrpeyluaW/paSl16GjzqK8mqTKpduls6XqpMekoqTspNClt6XqpbOl89Wz18WM06SsyKGk6t56pN+a3cXdpPKwa8n6pLWku6TepLuk86GjPGJyPqH5pbSl36TKpMmkrMjrpMOkxqSkpOuI9rrPpM+hoprdxd2kz5JppLGk3qS7pPOhozxicj6h9ta4vHmk5MuupPKkz6S4pK+l1aXDy9ils6lgpcg8YnI+082k5MuupPKkz6S4pK+l1aXDy9ils6lgpciEScDtpMuk6KTqoaKl1aWjpeul4KTLuLakpKS/1ri8eZtBpOykyqTJpPK6hoVnpMvKw6StyKGk66SzpMikrKTHpK2k3qS5oaM8YnI+ofbWuLx5pKy4tqStpMukr6Skt8DWuLx5vNO5pDxicj7WuLx5t8DWubzTuaSky6TopOrWuLx5pKy4tqStpMukr6SvoaKlv6XDpcGy2df3pPKkt6TGpOLWuLx5pKzEv8GipMGky6SvpK+kyqTDpMakpKTepLmhozxicj6h9tlOpOqk5KS5pKTX1Ly6zvzXxdDUPGJyPqW3peqls6Xz1bPXxYzTpM7X1Ly6zvzXxdDUpMuk6KTqoaKl1aWjpeul4KTyu63D5qTL1sOkr6TApLGkx9fUyLuky9lOpOq4tqSvpL+k4dlOpOq4tqSxpKy6hoVnpMekuaGjPGJyPqH2yqeUoaS3pMak4tlOpOrWsaS3v8nE3Dxicj6lt6XqpbOl89Wz18WM06TLpOik6qGi2U6k6ri2pLGky8qnlKGkt6TGpOLO/NfFwaakz5NwpM2kuqTL2U6k6taxpLmks6TIpKykx6StpN6kuaGjPGJyPqH2pNSkw6S/pOqMn9PDpbWlpKW6PGJyPrj3mUO3TqTLus+k76S7pL+Mn9PDpbWlpKW6pMqkzqTHoaKl0aXDpbGpYKW4pKuk6cihpOqz9qS3pMakvaTOpN6k3tlOpOq4tqSxpKy/ycTcpMekuaGjPGJyPqH20MXubaTOyNWxvtF1PGJyPrjfxrfZfKTKyNWxvtF1pM6l1aWjpeul4KTykvHTw6S3pMakpKTrpL+k4bCy0MSkt6TGpKrKuaSkpKSkv6TApLGk3qS5oaM8YnI+PGJyPjwvZm9udD48L3RkPjwvdHI+PC90YWJsZT48dGFibGUgY2VsbHNwYWNpbmc9IjAiIGNlbGxwYWRkaW5nPSI0IiBib3JkZXI9IjEiIHdpZHRoPSI3MTAiIGJvcmRlcmNvbG9yPSIjY2NjY2NjIj48dHI+PHRkIHdpZHRoPSIxODAiIGJnY29sb3I9IiNlZmVmZWYiPjxmb250IHNpemU9IjIiPqW3peqpYKW6w/svkNuzxjwvZm9udD48L3RkPjx0ZCB3aWR0aD0iNTMwIj48Zm9udCBzaXplPSIyIj5FWC1HVUFSRDwvZm9udD48L3RkPjwvdHI+PHRyPjx0ZCB3aWR0aD0iMTgwIiBiZ2NvbG9yPSIjZWZlZmVmIj48Zm9udCBzaXplPSIyIj6MnY/qpaul4aXpPC9mb250PjwvdGQ+PHRkIHdpZHRoPSI1MzAiPjxmb250IHNpemU9IjIiPqXLpbOl8yBDT09MUElYIEI3MDCholA5MDCMn9PDPC9mb250PjwvdGQ+PC90cj48L3RhYmxlPjxzdHlsZSB0eXBlPSJ0ZXh0L2NzcyI+CjwhLS0KLnJha3V0ZW4tY2FtcCB7Cgl3aWR0aDogNzI1cHg7Cglib3JkZXI6IDJweCBzb2xpZCAjMzM5OUZGOwoJcGFkZGluZy10b3A6IDVweDsKCS1tb3otYm9yZGVyLXJhZGl1czo0cHg7IC8qRmlyZWZveCovCgktd2Via2l0LWJvcmRlci1yYWRpdXM6IDRweDsgLypTYWZhcmksQ2hyb21lKi8KCWJvcmRlci1yYWRpdXM6NHB4OyAvKk9wZXJhLENocm9tZSovCgltYXJnaW46MCAxMHB4IDEwcHggMDsKfQoKLyoggf248aTLlpi+gKSspMSkryAqLwp0YWJsZSNyYWt1dGVuTGltaXRlZElkX2NhcnQgewogICAgYmFja2dyb3VuZC1jb2xvcjogI2Y4ZjhmODsKICAgIGJvcmRlcjogMXB4IHNvbGlkICNkZGQ7CiAgICBwYWRkaW5nOiA4cHg7CiAgICBtYXJnaW46IDE2cHggMDsKfQoKc3Bhbi5wcmljZTEgewogICAgY29sb3I6ICMzMzMgIWltcG9ydGFudDsKICAgIGZvbnQtd2VpZ2h0OiBib2xkOwogICAgZm9udC1zaXplOiA4MCUgIWltcG9ydGFudDsKICAgIGxpbmUtaGVpZ2h0OiAzMHB4OwogICAgZGlzcGxheTogaW5saW5lLWJsb2NrOwogICAgbWFyZ2luLXJpZ2h0OiAxNnB4Owp9CgotLT4KPC9zdHlsZT4KCjwhLS2l0KXKqWClqKXqpaItLT4KCjwhLS2hvs/7pLmkyqOhob+h76Hvoe8gaGVpZ2h0PSIzODAiIKTH1E+2qKS3pMakr6TApLWkpKGjoe+h76HvLS0+CjwhLS2l0KXKqWClqKXqpaKks6SzpN6kxy0tPgoKPCEtLZhTzOylraXjpfOl2qlgpfMtLT4KCjxoMiBzdHlsZT0ibWFyZ2luOjIwcHggMCAxMHB4IDA7Ij48aW1nIHNyYz0iaHR0cHM6Ly93d3cucmFrdXRlbi5uZS5qcC9nb2xkL2FraWJhbWFjL2ZyYW1lL2ltYWdlcy9yYWt1dGVuX3RpdGxlMi5naWYiIGFsdD0imFPM7MrQiPakzqSqtcOkyqWtpeOl86XaqWCl8yIgd2lkdGg9IjczMCIgaGVpZ2h0PSI0MiIgYm9yZGVyPSIwIj48L2gyPgo8ZGl2IGNsYXNzPSJyYWt1dGVuLWNhbXAiIHN0eWxlPSJtYXJnaW46MCAwIDAgMDsiPgoKCjwhLS2YU8zspa2l46XzpdqpYKXzQKSzpLOk3qTHLS0+,pc+lr6XQ0rq+p7Gj12+l1aWjpeul4CBFWC1HVUFSRKOopculs6XzIENPT0xQSVggQjcwMCAvIFA5MDCMn9PDo6kgRVhHRi1OQ0I3MDCjuqW9pdWl3qXDpdehoaXHpbilv6XrpbOl7KWvpbel56Xz,pb2l1aXepcOl1yClx6W4pb+l66Wzpeylr6W3peel81NvZm1hcCBEaWdpdGFsIENvbGxlY3Rpb26l0aW9pbOl86W/pdal7KXDpchQQ0hERKWipbul86XWpeql0algpcSl0aW9pbOl86XRqWClxKXGpeyl06WyqWCl4KXWpeupYKXspaSlvaXVpchEVkSlvaXVpcjSur6npcal7KXTpdal66lgpeylpKXHpaOluaWvpeyls6lgpcCpYKXHpbilv6Xr0rvR26XspdWlq6Xhpemlx6W4pb+l66WrpeGl6bzS64qVctOL1tC5xaGhpb2l1aXIpaKlpqXIpeylw6XI1tC5xaXOqWClyKXRpb2ls6Xz1tC5xaXRpb2ls6Xzpc+lr6XQ0rq+p7Gj12+l1aWjpeul4CBFWC1HVUFSRKOopculs6XzIENPT0xQSVggQjcwMCAvIFA5MDCMn9PDo6kgRVhHRi1OQ0I3MDA=,pc+lr6XQ0rq+p7Gj12+l1aWjpeul4CBFWC1HVUFSRKOopculs6XzIENPT0xQSVggQjcwMCAvIFA5MDCMn9PDo6kgRVhHRi1OQ0I3MDA=[rn]
33-14359,aHR0cDovL3RzaG9wLnIxMHMuanAvYWtpYmFtYWMvY2FiaW5ldC8wNTQyODM2OC80OTc3MTg3MzM5MzY5LmpwZz9maXRpbj03MDA6NzAw,MTM0Ny4yMDAw,,VFY/paqpYKXHpaOlqj+lq6XhpekgPiCloqWvpbultaXqqWA/sr/GtyA+IKWrpeGl6T+l06XHpaqlq6Xhpek/ueLRp5lDxvfTw6Wipa+lu6W1peqpYCA+IKXHpbilv6Xrpaul4aXp08OloqWvpbultaXqqWAgPiCkvaTOy/s=,pc+lr6XQ0rq+p7Gj12+l1aWjpeul4CBFWC1HVUFSRKOopculs6XzIEQ3NTCMn9PDo6kgRVhHRi1ORDc1MA==,,PHRhYmxlIHdpZHRoPSI3MTAiPjx0cj48dGQ+pailr6W5pcil6aXPqWClyaWzqWClyKTLpOik6qWspemluYFLpN+kzrjf07K2yDlIpMjNuMP3tsik8oxnrEaho6XLpbOl86G+RDc1MIyf08Ohv6TO0rq+p7Gj12+l1aWjpeul4KTHpLmhowo8L3RkPjwvdHI+PC90YWJsZT48dGFibGUgYm9yZGVyPSIwIiBjZWxscGFkZGluZz0iMCIgY2VsbHNwYWNpbmc9IjAiIHdpZHRoPSI3MTAiIHN0eWxlPSJsaW5lLWhlaWdodDoxNDAlOyI+PHRyPjx0ZD48Zm9udCBzaXplPSIyIj48YnI+gvukrLi2pK2ky6SvpKSlqKWvpbmlyKXppc+pYKXJpbOpYKXIo6i439Oytsg5SKOpoaLIq7nivoDNuN9ewso5M6OlpM6436SkzbjD97bIpPKMZ6xGpLekv6Gipculs6XzIEQ3NTCMn9PDpM7Sur6nsaPXb6XVpaOl66XgpMekuaGjPGJyPqH2gvukrLi2pK2ky6SvpKSlqKWvpbmlyKXppc+pYKXJpbOpYKXIo6i439Oytsg5SKOpPGJyPqWopa+luaXIpemlz6lgpcmls6lgpciky6TopOqlrKXppbmBS6TfpM6439Oytsg5SKTyjGesRqGj5ITA+6TKpOKkzqSstbGkv6TDpMak4oL7pKy4tqStpMukr6SvpdWlo6XrpeCk8sPApLekpNe0kUKkzqTepN6xo6TBpN6kuaGjPGJyPqH2pa2l7KWkpMvSiqSopOu43824w/e2yDxicj7Iq7nivoDNuN9ewso5M6OlpM6436SkzbjD97bIpMfV/bRfpMrJq9V7pMjD97C1pM7rQdV7pPKluaXIpeypYKXIpMvTs6S3s/akt6TepLmhozxicj6h9sf6pLKky4+KpK+47qTspMukr6SkPGJyPsf6pLKky4+KpK+47qTspMukr6SkpL+k4dlOpOqk5KS5pK+horCy0MSkt6TGpLTKudPDpKSkv6TApLGk3qS5oaM8YnI+ofaa3cXdpKzP+6SopOul0KXWpeul7KW5pb+lpKXXo6jM2MrizvzXxaW3peqls6XzjNOjqTxicj7ZTqTDpL+VcqTLyOukw6TGpLek3qTDpL+a3cXdpKzX1Mi7pMvP+6SopOul0KXWpeul7KW5pb+lpKXXoaPOoryapMql26Wzpeqkx6SipOyk0KW3peqls6Xz1bPXxYzTpKzIoaTq3nqk35rdxd2k8rBryfqktaS7pN6ku6TzoaM8YnI+ofmltKXfpMqkyaSsyOukw6TGpKSk64j2us+kz6Gimt3F3aTPkmmksaTepLuk86GjPGJyPqH21ri8eaTky66k8qTPpLikr6XVpcPL2KWzqWClyDxicj7TzaTky66k8qTPpLikr6XVpcPL2KWzqWClyIRJwO2ky6TopOqhoqXVpaOl66XgpMu4tqSkpL/WuLx5m0Gk7KTKpMmk8rqGhWeky8rDpK3IoaTrpLOkyKSspMekraTepLmhozxicj6h9ta4vHmkrLi2pK2ky6SvpKS3wNa4vHm807mkPGJyPta4vHm3wNa5vNO5pKTLpOik6ta4vHmkrLi2pK2ky6SvpK+hoqW/pcOlwbLZ1/ek8qS3pMak4ta4vHmkrMS/waKkwaTLpK+kr6TKpMOkxqSkpN6kuaGjPGJyPqH22U6k6qTkpLmkpNfUvLrO/NfF0NQ8YnI+pbel6qWzpfPVs9fFjNOkztfUvLrO/NfF0NSky6TopOqhoqXVpaOl66XgpPK7rcPmpMvWw6SvpMCksaTH19TIu6TL2U6k6ri2pK+kv6Th2U6k6ri2pLGkrLqGhWekx6S5oaM8YnI+ofbKp5ShpLekxqTi2U6k6taxpLe/ycTcPGJyPqW3peqls6Xz1bPXxYzTpMuk6KTqoaLZTqTquLaksaTLyqeUoaS3pMak4s7818XBpqTPk3CkzaS6pMvZTqTq1rGkuaSzpMikrKTHpK2k3qS5oaM8YnI+ofak1KTDpL+k6oyf08OltaWkpbo8YnI+uPeZQ7dOpMu6z6TvpLukv4yf08OltaWkpbqkyqTOpMehoqXRpcOlsalgpbikq6TpyKGk6rP2pLekxqS9pM6k3qTe2U6k6ri2pLGkrL/JxNykx6S5oaM8YnI+ofbQxe5tpM7I1bG+0XU8YnI+uN/Gt9l8pMrI1bG+0XWkzqXVpaOl66XgpPKS8dPDpLekxqSkpOukv6ThsLLQxKS3pMakqsq5pKSkpKS/pMCksaTepLmhozxicj48YnI+PC9mb250PjwvdGQ+PC90cj48L3RhYmxlPjx0YWJsZSBjZWxsc3BhY2luZz0iMCIgY2VsbHBhZGRpbmc9IjQiIGJvcmRlcj0iMSIgd2lkdGg9IjcxMCIgYm9yZGVyY29sb3I9IiNjY2NjY2MiPjx0cj48dGQgd2lkdGg9IjE4MCIgYmdjb2xvcj0iI2VmZWZlZiI+PGZvbnQgc2l6ZT0iMiI+pbel6qlgpbrD+y+Q27PGPC9mb250PjwvdGQ+PHRkIHdpZHRoPSI1MzAiPjxmb250IHNpemU9IjIiPkVYLUdVQVJEPC9mb250PjwvdGQ+PC90cj48dHI+PHRkIHdpZHRoPSIxODAiIGJnY29sb3I9IiNlZmVmZWYiPjxmb250IHNpemU9IjIiPoydj+qlq6Xhpek8L2ZvbnQ+PC90ZD48dGQgd2lkdGg9IjUzMCI+PGZvbnQgc2l6ZT0iMiI+pculs6XzIEQ3NTCMn9PDPC9mb250PjwvdGQ+PC90cj48L3RhYmxlPjxzdHlsZSB0eXBlPSJ0ZXh0L2NzcyI+CjwhLS0KLnJha3V0ZW4tY2FtcCB7Cgl3aWR0aDogNzI1cHg7Cglib3JkZXI6IDJweCBzb2xpZCAjMzM5OUZGOwoJcGFkZGluZy10b3A6IDVweDsKCS1tb3otYm9yZGVyLXJhZGl1czo0cHg7IC8qRmlyZWZveCovCgktd2Via2l0LWJvcmRlci1yYWRpdXM6IDRweDsgLypTYWZhcmksQ2hyb21lKi8KCWJvcmRlci1yYWRpdXM6NHB4OyAvKk9wZXJhLENocm9tZSovCgltYXJnaW46MCAxMHB4IDEwcHggMDsKfQoKLyoggf248aTLlpi+gKSspMSkryAqLwp0YWJsZSNyYWt1dGVuTGltaXRlZElkX2NhcnQgewogICAgYmFja2dyb3VuZC1jb2xvcjogI2Y4ZjhmODsKICAgIGJvcmRlcjogMXB4IHNvbGlkICNkZGQ7CiAgICBwYWRkaW5nOiA4cHg7CiAgICBtYXJnaW46IDE2cHggMDsKfQoKc3Bhbi5wcmljZTEgewogICAgY29sb3I6ICMzMzMgIWltcG9ydGFudDsKICAgIGZvbnQtd2VpZ2h0OiBib2xkOwogICAgZm9udC1zaXplOiA4MCUgIWltcG9ydGFudDsKICAgIGxpbmUtaGVpZ2h0OiAzMHB4OwogICAgZGlzcGxheTogaW5saW5lLWJsb2NrOwogICAgbWFyZ2luLXJpZ2h0OiAxNnB4Owp9CgotLT4KPC9zdHlsZT4KCjwhLS2l0KXKqWClqKXqpaItLT4KCjwhLS2hvs/7pLmkyqOhob+h76Hvoe8gaGVpZ2h0PSIzODAiIKTH1E+2qKS3pMakr6TApLWkpKGjoe+h76HvLS0+CjwhLS2l0KXKqWClqKXqpaKks6SzpN6kxy0tPgoKPCEtLZhTzOylraXjpfOl2qlgpfMtLT4KCjxoMiBzdHlsZT0ibWFyZ2luOjIwcHggMCAxMHB4IDA7Ij48aW1nIHNyYz0iaHR0cHM6Ly93d3cucmFrdXRlbi5uZS5qcC9nb2xkL2FraWJhbWFjL2ZyYW1lL2ltYWdlcy9yYWt1dGVuX3RpdGxlMi5naWYiIGFsdD0imFPM7MrQiPakzqSqtcOkyqWtpeOl86XaqWCl8yIgd2lkdGg9IjczMCIgaGVpZ2h0PSI0MiIgYm9yZGVyPSIwIj48L2gyPgo8ZGl2IGNsYXNzPSJyYWt1dGVuLWNhbXAiIHN0eWxlPSJtYXJnaW46MCAwIDAgMDsiPgoKCjwhLS2YU8zspa2l46XzpdqpYKXzQKSzpLOk3qTHLS0+,pc+lr6XQ0rq+p7Gj12+l1aWjpeul4CBFWC1HVUFSRKOopculs6XzIEQ3NTCMn9PDo6kgRVhHRi1ORDc1MKO6pb2l1aXepcOl16GhpceluKW/peuls6Xspa+lt6XnpfM=,pb2l1aXepcOl1yClx6W4pb+l66Wzpeylr6W3peel81NvZm1hcCBEaWdpdGFsIENvbGxlY3Rpb26l0aW9pbOl86W/pdal7KXDpchQQ0hERKWipbul86XWpeql0algpcSl0aW9pbOl86XRqWClxKXGpeyl06WyqWCl4KXWpeupYKXspaSlvaXVpchEVkSlvaXVpcjSur6npcal7KXTpdal66lgpeylpKXHpaOluaWvpeyls6lgpcCpYKXHpbilv6Xr0rvR26XspdWlq6Xhpemlx6W4pb+l66WrpeGl6bzS64qVctOL1tC5xaGhpb2l1aXIpaKlpqXIpeylw6XI1tC5xaXOqWClyKXRpb2ls6Xz1tC5xaXRpb2ls6Xzpc+lr6XQ0rq+p7Gj12+l1aWjpeul4CBFWC1HVUFSRKOopculs6XzIEQ3NTCMn9PDo6kgRVhHRi1ORDc1MA==,pc+lr6XQ0rq+p7Gj12+l1aWjpeul4CBFWC1HVUFSRKOopculs6XzIEQ3NTCMn9PDo6kgRVhHRi1ORDc1MA==[rn]
33-14360,aHR0cDovL3RzaG9wLnIxMHMuanAvYWtpYmFtYWMvY2FiaW5ldC8wNTQyODM2OC80OTc3MTg3MzM5MjM5LmpwZz9maXRpbj03MDA6NzAw,MTM0NC4wMDAw,,VFY/paqpYKXHpaOlqj+lq6XhpekgPiCloqWvpbultaXqqWA/sr/GtyA+IKWrpeGl6T+l06XHpaqlq6Xhpek/ueLRp5lDxvfTw6Wipa+lu6W1peqpYCA+IKXHpbilv6Xrpaul4aXp08OloqWvpbultaXqqWAgPiCkvaTOy/s=,pc+lr6XQ0rq+p7Gj12+l1aWjpeul4CBFWC1HVUFSRKOopa2l5KXOpfMgRU9TIDgwRIyf08OjqSBFWEdGLUNFODBE,,PHRhYmxlIHdpZHRoPSI3MTAiPjx0cj48dGQ+pailr6W5pcil6aXPqWClyaWzqWClyKTLpOik6qWspemluYFLpN+kzrjf07K2yDlIpMjNuMP3tsik8oxnrEaho6WtpeSlzqXzob5FT1MgODBEjJ/Tw6G/pM7Sur6nsaPXb6XVpaOl66XgpMekuaGjCjwvdGQ+PC90cj48L3RhYmxlPjx0YWJsZSBib3JkZXI9IjAiIGNlbGxwYWRkaW5nPSIwIiBjZWxsc3BhY2luZz0iMCIgd2lkdGg9IjcxMCIgc3R5bGU9ImxpbmUtaGVpZ2h0OjE0MCU7Ij48dHI+PHRkPjxmb250IHNpemU9IjIiPjxicj6C+6SsuLakraTLpK+kpKWopa+luaXIpemlz6lgpcmls6lgpcijqLjf07K2yDlIo6mhosirueK+gM24317Cyjkzo6WkzrjfpKTNuMP3tsik8oxnrEakt6S/oaKlraXkpc6l8yBFT1MgODBEo6hFT1M4MESjqYyf08OkztK6vqexo9dvpdWlo6XrpeCkx6S5oaM8YnI+ofaC+6SsuLakraTLpK+kpKWopa+luaXIpemlz6lgpcmls6lgpcijqLjf07K2yDlIo6k8YnI+pailr6W5pcil6aXPqWClyaWzqWClyKTLpOik6qWspemluYFLpN+kzrjf07K2yDlIpPKMZ6xGoaPkhMD7pMqk4qTOpKy1saS/pMOkxqTigvukrLi2pK2ky6SvpK+l1aWjpeul4KTyw8Ckt6Sk17SRQqTOpN6k3rGjpMGk3qS5oaM8YnI+ofalraXspaSky9KKpKik67jfzbjD97bIPGJyPsirueK+gM24317Cyjkzo6WkzrjfpKTNuMP3tsikx9X9tF+kysmr1XukyMP3sLWkzutB1Xuk8qW5pcil7Klgpciky9OzpLez9qS3pN6kuaGjPGJyPqH2x/qksqTLj4qkr7jupOyky6SvpKQ8YnI+x/qksqTLj4qkr7jupOyky6SvpKSkv6Th2U6k6qTkpLmkr6GisLLQxKS3pMaktMq508OkpKS/pMCksaTepLmhozxicj6h9prdxd2krM/7pKik66XQpdal66Xspbmlv6WkpdejqMzYyuLO/NfFpbel6qWzpfOM06OpPGJyPtlOpMOkv5VypMvI66TDpMakt6TepMOkv5rdxd2krNfUyLuky8/7pKik66XQpdal66Xspbmlv6Wkpdeho86ivJqkyqXbpbOl6qTHpKKk7KTQpbel6qWzpfPVs9fFjNOkrMihpOreeqTfmt3F3aTysGvJ+qS1pLuk3qS7pPOhozxicj6h+aW0pd+kyqTJpKzI66TDpMakpKTriPa6z6TPoaKa3cXdpM+SaaSxpN6ku6TzoaM8YnI+ofbWuLx5pOTLrqTypM+kuKSvpdWlw8vYpbOpYKXIPGJyPtPNpOTLrqTypM+kuKSvpdWlw8vYpbOpYKXIhEnA7aTLpOik6qGipdWlo6XrpeCky7i2pKSkv9a4vHmbQaTspMqkyaTyuoaFZ6TLysOkrcihpOuks6TIpKykx6StpN6kuaGjPGJyPqH21ri8eaSsuLakraTLpK+kpLfA1ri8ebzTuaQ8YnI+1ri8ebfA1rm807mkpMuk6KTq1ri8eaSsuLakraTLpK+kr6Gipb+lw6XBstnX96TypLekxqTi1ri8eaSsxL/BoqTBpMukr6SvpMqkw6TGpKSk3qS5oaM8YnI+ofbZTqTqpOSkuaSk19S8us7818XQ1Dxicj6lt6XqpbOl89Wz18WM06TO19S8us7818XQ1KTLpOik6qGipdWlo6XrpeCk8rutw+aky9bDpK+kwKSxpMfX1Mi7pMvZTqTquLakr6S/pOHZTqTquLaksaSsuoaFZ6THpLmhozxicj6h9sqnlKGkt6TGpOLZTqTq1rGkt7/JxNw8YnI+pbel6qWzpfPVs9fFjNOky6TopOqhotlOpOq4tqSxpMvKp5ShpLekxqTizvzXxcGmpM+TcKTNpLqky9lOpOrWsaS5pLOkyKSspMekraTepLmhozxicj6h9qTUpMOkv6TqjJ/Tw6W1paSlujxicj6495lDt06ky7rPpO+ku6S/jJ/Tw6W1paSluqTKpM6kx6GipdGlw6WxqWCluKSrpOnIoaTqs/akt6TGpL2kzqTepN7ZTqTquLaksaSsv8nE3KTHpLmhozxicj6h9tDF7m2kzsjVsb7RdTxicj6438a32XykysjVsb7RdaTOpdWlo6XrpeCk8pLx08Okt6TGpKSk66S/pOGwstDEpLekxqSqyrmkpKSkpL+kwKSxpN6kuaGjPGJyPjxicj48L2ZvbnQ+PC90ZD48L3RyPjwvdGFibGU+PHRhYmxlIGNlbGxzcGFjaW5nPSIwIiBjZWxscGFkZGluZz0iNCIgYm9yZGVyPSIxIiB3aWR0aD0iNzEwIiBib3JkZXJjb2xvcj0iI2NjY2NjYyI+PHRyPjx0ZCB3aWR0aD0iMTgwIiBiZ2NvbG9yPSIjZWZlZmVmIj48Zm9udCBzaXplPSIyIj6lt6XqqWClusP7L5Dbs8Y8L2ZvbnQ+PC90ZD48dGQgd2lkdGg9IjUzMCI+PGZvbnQgc2l6ZT0iMiI+RVgtR1VBUkQ8L2ZvbnQ+PC90ZD48L3RyPjx0cj48dGQgd2lkdGg9IjE4MCIgYmdjb2xvcj0iI2VmZWZlZiI+PGZvbnQgc2l6ZT0iMiI+jJ2P6qWrpeGl6TwvZm9udD48L3RkPjx0ZCB3aWR0aD0iNTMwIj48Zm9udCBzaXplPSIyIj6lraXkpc6l8yBFT1MgODBEjJ/TwzwvZm9udD48L3RkPjwvdHI+PC90YWJsZT48c3R5bGUgdHlwZT0idGV4dC9jc3MiPgo8IS0tCi5yYWt1dGVuLWNhbXAgewoJd2lkdGg6IDcyNXB4OwoJYm9yZGVyOiAycHggc29saWQgIzMzOTlGRjsKCXBhZGRpbmctdG9wOiA1cHg7CgktbW96LWJvcmRlci1yYWRpdXM6NHB4OyAvKkZpcmVmb3gqLwoJLXdlYmtpdC1ib3JkZXItcmFkaXVzOiA0cHg7IC8qU2FmYXJpLENocm9tZSovCglib3JkZXItcmFkaXVzOjRweDsgLypPcGVyYSxDaHJvbWUqLwoJbWFyZ2luOjAgMTBweCAxMHB4IDA7Cn0KCi8qIIH9uPGky5aYvoCkrKTEpK8gKi8KdGFibGUjcmFrdXRlbkxpbWl0ZWRJZF9jYXJ0IHsKICAgIGJhY2tncm91bmQtY29sb3I6ICNmOGY4Zjg7CiAgICBib3JkZXI6IDFweCBzb2xpZCAjZGRkOwogICAgcGFkZGluZzogOHB4OwogICAgbWFyZ2luOiAxNnB4IDA7Cn0KCnNwYW4ucHJpY2UxIHsKICAgIGNvbG9yOiAjMzMzICFpbXBvcnRhbnQ7CiAgICBmb250LXdlaWdodDogYm9sZDsKICAgIGZvbnQtc2l6ZTogODAlICFpbXBvcnRhbnQ7CiAgICBsaW5lLWhlaWdodDogMzBweDsKICAgIGRpc3BsYXk6IGlubGluZS1ibG9jazsKICAgIG1hcmdpbi1yaWdodDogMTZweDsKfQoKLS0+Cjwvc3R5bGU+Cgo8IS0tpdClyqlgpail6qWiLS0+Cgo8IS0tob7P+6S5pMqjoaG/oe+h76HvIGhlaWdodD0iMzgwIiCkx9RPtqikt6TGpK+kwKS1pKSho6Hvoe+h7y0tPgo8IS0tpdClyqlgpail6qWipLOks6TepMctLT4KCjwhLS2YU8zspa2l46XzpdqpYKXzLS0+Cgo8aDIgc3R5bGU9Im1hcmdpbjoyMHB4IDAgMTBweCAwOyI+PGltZyBzcmM9Imh0dHBzOi8vd3d3LnJha3V0ZW4ubmUuanAvZ29sZC9ha2liYW1hYy9mcmFtZS9pbWFnZXMvcmFrdXRlbl90aXRsZTIuZ2lmIiBhbHQ9IphTzOzK0Ij2pM6kqrXDpMqlraXjpfOl2qlgpfMiIHdpZHRoPSI3MzAiIGhlaWdodD0iNDIiIGJvcmRlcj0iMCI+PC9oMj4KPGRpdiBjbGFzcz0icmFrdXRlbi1jYW1wIiBzdHlsZT0ibWFyZ2luOjAgMCAwIDA7Ij4KCgo8IS0tmFPM7KWtpeOl86XaqWCl80Cks6SzpN6kxy0tPg==,pc+lr6XQ0rq+p7Gj12+l1aWjpeul4CBFWC1HVUFSRKOopa2l5KXOpfMgRU9TIDgwRIyf08OjqSBFWEdGLUNFODBEo7qlvaXVpd6lw6XXoaGlx6W4pb+l66Wzpeylr6W3peel8w==,pb2l1aXepcOl1yClx6W4pb+l66Wzpeylr6W3peel81NvZm1hcCBEaWdpdGFsIENvbGxlY3Rpb26l0aW9pbOl86W/pdal7KXDpchQQ0hERKWipbul86XWpeql0algpcSl0aW9pbOl86XRqWClxKXGpeyl06WyqWCl4KXWpeupYKXspaSlvaXVpchEVkSlvaXVpcjSur6npcal7KXTpdal66lgpeylpKXHpaOluaWvpeyls6lgpcCpYKXHpbilv6Xr0rvR26XspdWlq6Xhpemlx6W4pb+l66WrpeGl6bzS64qVctOL1tC5xaGhpb2l1aXIpaKlpqXIpeylw6XI1tC5xaXOqWClyKXRpb2ls6Xz1tC5xaXRpb2ls6Xzpc+lr6XQ0rq+p7Gj12+l1aWjpeul4CBFWC1HVUFSRKOopa2l5KXOpfMgRU9TIDgwRIyf08OjqSBFWEdGLUNFODBE,pc+lr6XQ0rq+p7Gj12+l1aWjpeul4CBFWC1HVUFSRKOopa2l5KXOpfMgRU9TIDgwRIyf08OjqSBFWEdGLUNFODBE[rn]
33-14361,aHR0cDovL3RzaG9wLnIxMHMuanAvYWtpYmFtYWMvY2FiaW5ldC8wNTQyODM2OC80OTc3MTg3MzM5MjIyLmpwZz9maXRpbj03MDA6NzAw,MTYyNC4wMDAw,,VFY/paqpYKXHpaOlqj+lq6XhpekgPiCloqWvpbultaXqqWA/sr/GtyA+IKWrpeGl6T+l06XHpaqlq6Xhpek/ueLRp5lDxvfTw6Wipa+lu6W1peqpYCA+IKXHpbilv6Xrpaul4aXp08OloqWvpbultaXqqWAgPiCkvaTOy/s=,pc+lr6XQ0rq+p7Gj12+l1aWjpeul4CBFWC1HVUFSRKOopa2l5KXOpfMgRU9TIDgwMDBEjJ/Tw6OpIEVYR0YtQ0U4MDAwRA==,,PHRhYmxlIHdpZHRoPSI3MTAiPjx0cj48dGQ+pailr6W5pcil6aXPqWClyaWzqWClyKTLpOik6qWspemluYFLpN+kzrjf07K2yDlIpMjNuMP3tsik8oxnrEaho6WtpeSlzqXzob5FT1MgODAwMESMn9PDob+kztK6vqexo9dvpdWlo6XrpeCkx6S5oaMKPC90ZD48L3RyPjwvdGFibGU+PHRhYmxlIGJvcmRlcj0iMCIgY2VsbHBhZGRpbmc9IjAiIGNlbGxzcGFjaW5nPSIwIiB3aWR0aD0iNzEwIiBzdHlsZT0ibGluZS1oZWlnaHQ6MTQwJTsiPjx0cj48dGQ+PGZvbnQgc2l6ZT0iMiI+PGJyPoL7pKy4tqStpMukr6Skpailr6W5pcil6aXPqWClyaWzqWClyKOouN/TsrbIOUijqaGiyKu54r6AzbjfXsLKOTOjpaTOuN+kpM24w/e2yKTyjGesRqS3pL+hoqWtpeSlzqXzIEVPUyA4MDAwRKOoRU9TODAwMESjqYyf08OkztK6vqexo9dvpdWlo6XrpeCkx6S5oaM8YnI+ofaC+6SsuLakraTLpK+kpKWopa+luaXIpemlz6lgpcmls6lgpcijqLjf07K2yDlIo6k8YnI+pailr6W5pcil6aXPqWClyaWzqWClyKTLpOik6qWspemluYFLpN+kzrjf07K2yDlIpPKMZ6xGoaPkhMD7pMqk4qTOpKy1saS/pMOkxqTigvukrLi2pK2ky6SvpK+l1aWjpeul4KTyw8Ckt6Sk17SRQqTOpN6k3rGjpMGk3qS5oaM8YnI+ofalraXspaSky9KKpKik67jfzbjD97bIPGJyPsirueK+gM24317Cyjkzo6WkzrjfpKTNuMP3tsikx9X9tF+kysmr1XukyMP3sLWkzutB1Xuk8qW5pcil7Klgpciky9OzpLez9qS3pN6kuaGjPGJyPqH2x/qksqTLj4qkr7jupOyky6SvpKQ8YnI+x/qksqTLj4qkr7jupOyky6SvpKSkv6Th2U6k6qTkpLmkr6GisLLQxKS3pMaktMq508OkpKS/pMCksaTepLmhozxicj6h9prdxd2krM/7pKik66XQpdal66Xspbmlv6WkpdejqMzYyuLO/NfFpbel6qWzpfOM06OpPGJyPtlOpMOkv5VypMvI66TDpMakt6TepMOkv5rdxd2krNfUyLuky8/7pKik66XQpdal66Xspbmlv6Wkpdeho86ivJqkyqXbpbOl6qTHpKKk7KTQpbel6qWzpfPVs9fFjNOkrMihpOreeqTfmt3F3aTysGvJ+qS1pLuk3qS7pPOhozxicj6h+aW0pd+kyqTJpKzI66TDpMakpKTriPa6z6TPoaKa3cXdpM+SaaSxpN6ku6TzoaM8YnI+ofbWuLx5pOTLrqTypM+kuKSvpdWlw8vYpbOpYKXIPGJyPtPNpOTLrqTypM+kuKSvpdWlw8vYpbOpYKXIhEnA7aTLpOik6qGipdWlo6XrpeCky7i2pKSkv9a4vHmbQaTspMqkyaTyuoaFZ6TLysOkrcihpOuks6TIpKykx6StpN6kuaGjPGJyPqH21ri8eaSsuLakraTLpK+kpLfA1ri8ebzTuaQ8YnI+1ri8ebfA1rm807mkpMuk6KTq1ri8eaSsuLakraTLpK+kr6Gipb+lw6XBstnX96TypLekxqTi1ri8eaSsxL/BoqTBpMukr6SvpMqkw6TGpKSk3qS5oaM8YnI+ofbZTqTqpOSkuaSk19S8us7818XQ1Dxicj6lt6XqpbOl89Wz18WM06TO19S8us7818XQ1KTLpOik6qGipdWlo6XrpeCk8rutw+aky9bDpK+kwKSxpMfX1Mi7pMvZTqTquLakr6S/pOHZTqTquLaksaSsuoaFZ6THpLmhozxicj6h9sqnlKGkt6TGpOLZTqTq1rGkt7/JxNw8YnI+pbel6qWzpfPVs9fFjNOky6TopOqhotlOpOq4tqSxpMvKp5ShpLekxqTizvzXxcGmpM+TcKTNpLqky9lOpOrWsaS5pLOkyKSspMekraTepLmhozxicj6h9qTUpMOkv6TqjJ/Tw6W1paSlujxicj6495lDt06ky7rPpO+ku6S/jJ/Tw6W1paSluqTKpM6kx6GipdGlw6WxqWCluKSrpOnIoaTqs/akt6TGpL2kzqTepN7ZTqTquLaksaSsv8nE3KTHpLmhozxicj6h9tDF7m2kzsjVsb7RdTxicj6438a32XykysjVsb7RdaTOpdWlo6XrpeCk8pLx08Okt6TGpKSk66S/pOGwstDEpLekxqSqyrmkpKSkpL+kwKSxpN6kuaGjPGJyPjxicj48L2ZvbnQ+PC90ZD48L3RyPjwvdGFibGU+PHRhYmxlIGNlbGxzcGFjaW5nPSIwIiBjZWxscGFkZGluZz0iNCIgYm9yZGVyPSIxIiB3aWR0aD0iNzEwIiBib3JkZXJjb2xvcj0iI2NjY2NjYyI+PHRyPjx0ZCB3aWR0aD0iMTgwIiBiZ2NvbG9yPSIjZWZlZmVmIj48Zm9udCBzaXplPSIyIj6lt6XqqWClusP7L5Dbs8Y8L2ZvbnQ+PC90ZD48dGQgd2lkdGg9IjUzMCI+PGZvbnQgc2l6ZT0iMiI+RVgtR1VBUkQ8L2ZvbnQ+PC90ZD48L3RyPjx0cj48dGQgd2lkdGg9IjE4MCIgYmdjb2xvcj0iI2VmZWZlZiI+PGZvbnQgc2l6ZT0iMiI+jJ2P6qWrpeGl6TwvZm9udD48L3RkPjx0ZCB3aWR0aD0iNTMwIj48Zm9udCBzaXplPSIyIj6lraXkpc6l8yBFT1MgODAwMESMn9PDPC9mb250PjwvdGQ+PC90cj48L3RhYmxlPjxzdHlsZSB0eXBlPSJ0ZXh0L2NzcyI+CjwhLS0KLnJha3V0ZW4tY2FtcCB7Cgl3aWR0aDogNzI1cHg7Cglib3JkZXI6IDJweCBzb2xpZCAjMzM5OUZGOwoJcGFkZGluZy10b3A6IDVweDsKCS1tb3otYm9yZGVyLXJhZGl1czo0cHg7IC8qRmlyZWZveCovCgktd2Via2l0LWJvcmRlci1yYWRpdXM6IDRweDsgLypTYWZhcmksQ2hyb21lKi8KCWJvcmRlci1yYWRpdXM6NHB4OyAvKk9wZXJhLENocm9tZSovCgltYXJnaW46MCAxMHB4IDEwcHggMDsKfQoKLyoggf248aTLlpi+gKSspMSkryAqLwp0YWJsZSNyYWt1dGVuTGltaXRlZElkX2NhcnQgewogICAgYmFja2dyb3VuZC1jb2xvcjogI2Y4ZjhmODsKICAgIGJvcmRlcjogMXB4IHNvbGlkICNkZGQ7CiAgICBwYWRkaW5nOiA4cHg7CiAgICBtYXJnaW46IDE2cHggMDsKfQoKc3Bhbi5wcmljZTEgewogICAgY29sb3I6ICMzMzMgIWltcG9ydGFudDsKICAgIGZvbnQtd2VpZ2h0OiBib2xkOwogICAgZm9udC1zaXplOiA4MCUgIWltcG9ydGFudDsKICAgIGxpbmUtaGVpZ2h0OiAzMHB4OwogICAgZGlzcGxheTogaW5saW5lLWJsb2NrOwogICAgbWFyZ2luLXJpZ2h0OiAxNnB4Owp9CgotLT4KPC9zdHlsZT4KCjwhLS2l0KXKqWClqKXqpaItLT4KCjwhLS2hvs/7pLmkyqOhob+h76Hvoe8gaGVpZ2h0PSIzODAiIKTH1E+2qKS3pMakr6TApLWkpKGjoe+h76HvLS0+CjwhLS2l0KXKqWClqKXqpaKks6SzpN6kxy0tPgoKPCEtLZhTzOylraXjpfOl2qlgpfMtLT4KCjxoMiBzdHlsZT0ibWFyZ2luOjIwcHggMCAxMHB4IDA7Ij48aW1nIHNyYz0iaHR0cHM6Ly93d3cucmFrdXRlbi5uZS5qcC9nb2xkL2FraWJhbWFjL2ZyYW1lL2ltYWdlcy9yYWt1dGVuX3RpdGxlMi5naWYiIGFsdD0imFPM7MrQiPakzqSqtcOkyqWtpeOl86XaqWCl8yIgd2lkdGg9IjczMCIgaGVpZ2h0PSI0MiIgYm9yZGVyPSIwIj48L2gyPgo8ZGl2IGNsYXNzPSJyYWt1dGVuLWNhbXAiIHN0eWxlPSJtYXJnaW46MCAwIDAgMDsiPgoKCjwhLS2YU8zspa2l46XzpdqpYKXzQKSzpLOk3qTHLS0+,pc+lr6XQ0rq+p7Gj12+l1aWjpeul4CBFWC1HVUFSRKOopa2l5KXOpfMgRU9TIDgwMDBEjJ/Tw6OpIEVYR0YtQ0U4MDAwRKO6pb2l1aXepcOl16GhpceluKW/peuls6Xspa+lt6XnpfM=,pb2l1aXepcOl1yClx6W4pb+l66Wzpeylr6W3peel81NvZm1hcCBEaWdpdGFsIENvbGxlY3Rpb26l0aW9pbOl86W/pdal7KXDpchQQ0hERKWipbul86XWpeql0algpcSl0aW9pbOl86XRqWClxKXGpeyl06WyqWCl4KXWpeupYKXspaSlvaXVpchEVkSlvaXVpcjSur6npcal7KXTpdal66lgpeylpKXHpaOluaWvpeyls6lgpcCpYKXHpbilv6Xr0rvR26XspdWlq6Xhpemlx6W4pb+l66WrpeGl6bzS64qVctOL1tC5xaGhpb2l1aXIpaKlpqXIpeylw6XI1tC5xaXOqWClyKXRpb2ls6Xz1tC5xaXRpb2ls6Xzpc+lr6XQ0rq+p7Gj12+l1aWjpeul4CBFWC1HVUFSRKOopa2l5KXOpfMgRU9TIDgwMDBEjJ/Tw6OpIEVYR0YtQ0U4MDAwRA==,pc+lr6XQ0rq+p7Gj12+l1aWjpeul4CBFWC1HVUFSRKOopa2l5KXOpfMgRU9TIDgwMDBEjJ/Tw6OpIEVYR0YtQ0U4MDAwRA==[rn]
33-14362,aHR0cDovL3RzaG9wLnIxMHMuanAvYWtpYmFtYWMvY2FiaW5ldC8wNTQyODM2OC80OTc3MTg3MzM5OTMyLmpwZz9maXRpbj03MDA6NzAw,NjQ4LjAwMDA=,,VFY/paqpYKXHpaOlqj+lq6XhpekgPiCloqWvpbultaXqqWA/sr/GtyA+IKWrpeGl6T+l06XHpaqlq6Xhpek/ueLRp5lDxvfTw6Wipa+lu6W1peqpYCA+IKXHpbilv6Xrpaul4aXp08OloqWvpbultaXqqWAgPiCkvaTOy/s=,pc+lr6XQ0LTV5q5imEnSur6nsaPXb6XVpaOl66XgIE1hcmtJSaOopault6WqIFpSMzIwMIyf08OjqSBER0YyQ0VaUjMyMDA=,,PHRhYmxlIHdpZHRoPSI3MTAiPjx0cj48dGQ+0rq+p7Gj12+l1aWjpeul4CBNYXJrSUmjqKWrpbelqiBaUjMyMDCMn9PDo6k8L3RkPjwvdHI+PC90YWJsZT48dGFibGUgYm9yZGVyPSIwIiBjZWxscGFkZGluZz0iMCIgY2VsbHNwYWNpbmc9IjAiIHdpZHRoPSI3MTAiIHN0eWxlPSJsaW5lLWhlaWdodDoxNDAlOyI+PHRyPjx0ZD48Zm9udCBzaXplPSIyIj48YnI+ofbSur6npeKly6W/qWDTw6XVpaOl66Xgo7oxw7Y8YnI+ofbSur6npa+l6qlgpcul86WwpdqpYKXRqWCjujHDtjxicj6h9qXVpaOl66XgpbWlpKW6o7o3MC40ocE0Ni42bW08YnI+ofaMnY/qmUO3TqO6Q0FTSU8gRVhJTElNIEZSMTAwTKGiQ0FTSU8gRVhJTElNIEZSMjAwoaJDQVNJTyBFWElMSU0gRlIxMTBIoaJDQVNJTyBFWElMSU0gRlIxMDA8YnI+PC9mb250PjwvdGQ+PC90cj48L3RhYmxlPjxzdHlsZSB0eXBlPSJ0ZXh0L2NzcyI+CjwhLS0KLnJha3V0ZW4tY2FtcCB7Cgl3aWR0aDogNzI1cHg7Cglib3JkZXI6IDJweCBzb2xpZCAjMzM5OUZGOwoJcGFkZGluZy10b3A6IDVweDsKCS1tb3otYm9yZGVyLXJhZGl1czo0cHg7IC8qRmlyZWZveCovCgktd2Via2l0LWJvcmRlci1yYWRpdXM6IDRweDsgLypTYWZhcmksQ2hyb21lKi8KCWJvcmRlci1yYWRpdXM6NHB4OyAvKk9wZXJhLENocm9tZSovCgltYXJnaW46MCAxMHB4IDEwcHggMDsKfQoKLyoggf248aTLlpi+gKSspMSkryAqLwp0YWJsZSNyYWt1dGVuTGltaXRlZElkX2NhcnQgewogICAgYmFja2dyb3VuZC1jb2xvcjogI2Y4ZjhmODsKICAgIGJvcmRlcjogMXB4IHNvbGlkICNkZGQ7CiAgICBwYWRkaW5nOiA4cHg7CiAgICBtYXJnaW46IDE2cHggMDsKfQoKc3Bhbi5wcmljZTEgewogICAgY29sb3I6ICMzMzMgIWltcG9ydGFudDsKICAgIGZvbnQtd2VpZ2h0OiBib2xkOwogICAgZm9udC1zaXplOiA4MCUgIWltcG9ydGFudDsKICAgIGxpbmUtaGVpZ2h0OiAzMHB4OwogICAgZGlzcGxheTogaW5saW5lLWJsb2NrOwogICAgbWFyZ2luLXJpZ2h0OiAxNnB4Owp9CgotLT4KPC9zdHlsZT4KCjwhLS2l0KXKqWClqKXqpaItLT4KCjwhLS2hvs/7pLmkyqOhob+h76Hvoe8gaGVpZ2h0PSIzODAiIKTH1E+2qKS3pMakr6TApLWkpKGjoe+h76HvLS0+CjwhLS2l0KXKqWClqKXqpaKks6SzpN6kxy0tPgoKPCEtLZhTzOylraXjpfOl2qlgpfMtLT4KCjxoMiBzdHlsZT0ibWFyZ2luOjIwcHggMCAxMHB4IDA7Ij48aW1nIHNyYz0iaHR0cHM6Ly93d3cucmFrdXRlbi5uZS5qcC9nb2xkL2FraWJhbWFjL2ZyYW1lL2ltYWdlcy9yYWt1dGVuX3RpdGxlMi5naWYiIGFsdD0imFPM7MrQiPakzqSqtcOkyqWtpeOl86XaqWCl8yIgd2lkdGg9IjczMCIgaGVpZ2h0PSI0MiIgYm9yZGVyPSIwIj48L2gyPgo8ZGl2IGNsYXNzPSJyYWt1dGVuLWNhbXAiIHN0eWxlPSJtYXJnaW46MCAwIDAgMDsiPgoKCjwhLS2YU8zspa2l46XzpdqpYKXzQKSzpLOk3qTHLS0+,pc+lr6XQ0LTV5q5imEnSur6nsaPXb6XVpaOl66XgIE1hcmtJSaOopault6WqIFpSMzIwMIyf08OjqSBER0YyQ0VaUjMyMDCjuqW9pdWl3qXDpdehoaXHpbilv6XrpbOl7KWvpbel56Xz,pb2l1aXepcOl1yClx6W4pb+l66Wzpeylr6W3peel81NvZm1hcCBEaWdpdGFsIENvbGxlY3Rpb26l0aW9pbOl86W/pdal7KXDpchQQ0hERKWipbul86XWpeql0algpcSl0aW9pbOl86XRqWClxKXGpeyl06WyqWCl4KXWpeupYKXspaSlvaXVpchEVkSlvaXVpcjSur6npcal7KXTpdal66lgpeylpKXHpaOluaWvpeyls6lgpcCpYKXHpbilv6Xr0rvR26XspdWlq6Xhpemlx6W4pb+l66WrpeGl6bzS64qVctOL1tC5xaGhpb2l1aXIpaKlpqXIpeylw6XI1tC5xaXOqWClyKXRpb2ls6Xz1tC5xaXRpb2ls6Xzpc+lr6XQ0LTV5q5imEnSur6nsaPXb6XVpaOl66XgIE1hcmtJSaOopault6WqIFpSMzIwMIyf08OjqSBER0YyQ0VaUjMyMDA=,pc+lr6XQ0LTV5q5imEnSur6nsaPXb6XVpaOl66XgIE1hcmtJSaOopault6WqIFpSMzIwMIyf08OjqSBER0YyQ0VaUjMyMDA=[rn]
33-14363,aHR0cDovL3RzaG9wLnIxMHMuanAvYWtpYmFtYWMvY2FiaW5ldC8wNTQyODM2OC80OTc1OTgxNzUwOTkxLmpwZz9maXRpbj03MDA6NzAw,MjE2OC4wMDAw,,VFY/paqpYKXHpaOlqj+lq6XhpekgPiCloqWvpbultaXqqWA/sr/GtyA+IKWrpeGl6T+l06XHpaqlq6Xhpek/ueLRp5lDxvfTw6Wipa+lu6W1peqpYCA+IKXHpbilv6Xrpaul4aXp08OloqWvpbultaXqqWAgPiCkvaTOy/s=,pailxKXf0rq+p7Gj12+l1aWjpeul4CBaRVJPpdel7KXfpaKl4KOopculs6XzIEQ3MjAwjJ/Tw6OpIEUtNzUwOQ==,,PHRhYmxlIHdpZHRoPSI3MTAiPjx0cj48dGQ+pceluKW/pevSu9Hb08PSur6nsaPXb6XVpaOl66XgpM7QwplD3VOhuFpFUk+l16Xspd+loqXgobmlt6XqqWCluqGjpayl6aW5pMiJ5KTvpOmkyqSk07K2yDlIpMil1aWjpeul4KTOpLekyqTkpKuktaTygUnBoqS5pOulz6Wkpdal6qXDpcnL2LLEPC90ZD48L3RyPjwvdGFibGU+PHRhYmxlIGJvcmRlcj0iMCIgY2VsbHBhZGRpbmc9IjAiIGNlbGxzcGFjaW5nPSIwIiB3aWR0aD0iNzEwIiBzdHlsZT0ibGluZS1oZWlnaHQ6MTQwJTsiPjx0cj48dGQ+PGZvbnQgc2l6ZT0iMiI+PGJyPqXHpbilv6Xr0rvR29PD0rq+p7Gj12+l1aWjpeul4KTO0MKZQ91TobhaRVJPpdel7KXfpaKl4KG5pbel6qlgpbqho6WspemluaTIieSk76TppMqkpNOytsg5SKTIpdWlo6XrpeCkzqS3pMqk5KSrpLWk8oFJwaKkuaTrpc+lpKXWpeqlw6XJy9iyxDxicj6h9qWspemluaTLxqWUs6S5pOvTsrbIpMeC+6TEpK2ky6SvpKS439Oytsg5SKWzqWClxqWjpfOlsIRJwO08YnI+ofbGpNasP9a4vHmkrLi2pK2ky6SvpKSzrJPcy64/k9zTzYRJwO08YnI+ofal2algpbmkz6S3pMqk5KSrpMf1cqTkpKukyrutw+ak8r5Ts9akuaTrueLRp6XVpaOl66XgoaKxodDNu6+kx6W/pcOlwdDUpKyk6KTqz/LJzzxicj6h9tK7tqikztBuk8TO/IWn0NSky6TopOql1aWjpeul4KTOuO6k7KTyt8DWuaS5pOvM2Mripbel6qWzpfOM0zxicj6h9prdxd2krMjrpOqky6SvpK/X1Mi7pMua3cXdpKySaaSxpOulqKWiqWCl7KW5pb+lpKXXPGJyPqH21K2yxMHPpM7J+q5iP7zTuaSkz8irpMbQxe5tpM7I1bG+0XU8YnI+PC9mb250PjwvdGQ+PC90cj48L3RhYmxlPjx0YWJsZSBjZWxsc3BhY2luZz0iMCIgY2VsbHBhZGRpbmc9IjQiIGJvcmRlcj0iMSIgd2lkdGg9IjcxMCIgYm9yZGVyY29sb3I9IiNjY2NjY2MiPjx0cj48dGQgd2lkdGg9IjE4MCIgYmdjb2xvcj0iI2VmZWZlZiI+PGZvbnQgc2l6ZT0iMiI+jJ2P6qWrpeGl6TwvZm9udD48L3RkPjx0ZCB3aWR0aD0iNTMwIj48Zm9udCBzaXplPSIyIj6ly6WzpfMgRDcyMDCMn9PDPC9mb250PjwvdGQ+PC90cj48L3RhYmxlPjxzdHlsZSB0eXBlPSJ0ZXh0L2NzcyI+CjwhLS0KLnJha3V0ZW4tY2FtcCB7Cgl3aWR0aDogNzI1cHg7Cglib3JkZXI6IDJweCBzb2xpZCAjMzM5OUZGOwoJcGFkZGluZy10b3A6IDVweDsKCS1tb3otYm9yZGVyLXJhZGl1czo0cHg7IC8qRmlyZWZveCovCgktd2Via2l0LWJvcmRlci1yYWRpdXM6IDRweDsgLypTYWZhcmksQ2hyb21lKi8KCWJvcmRlci1yYWRpdXM6NHB4OyAvKk9wZXJhLENocm9tZSovCgltYXJnaW46MCAxMHB4IDEwcHggMDsKfQoKLyoggf248aTLlpi+gKSspMSkryAqLwp0YWJsZSNyYWt1dGVuTGltaXRlZElkX2NhcnQgewogICAgYmFja2dyb3VuZC1jb2xvcjogI2Y4ZjhmODsKICAgIGJvcmRlcjogMXB4IHNvbGlkICNkZGQ7CiAgICBwYWRkaW5nOiA4cHg7CiAgICBtYXJnaW46IDE2cHggMDsKfQoKc3Bhbi5wcmljZTEgewogICAgY29sb3I6ICMzMzMgIWltcG9ydGFudDsKICAgIGZvbnQtd2VpZ2h0OiBib2xkOwogICAgZm9udC1zaXplOiA4MCUgIWltcG9ydGFudDsKICAgIGxpbmUtaGVpZ2h0OiAzMHB4OwogICAgZGlzcGxheTogaW5saW5lLWJsb2NrOwogICAgbWFyZ2luLXJpZ2h0OiAxNnB4Owp9CgotLT4KPC9zdHlsZT4KCjwhLS2l0KXKqWClqKXqpaItLT4KCjwhLS2hvs/7pLmkyqOhob+h76Hvoe8gaGVpZ2h0PSIzODAiIKTH1E+2qKS3pMakr6TApLWkpKGjoe+h76HvLS0+CjwhLS2l0KXKqWClqKXqpaKks6SzpN6kxy0tPgoKPCEtLZhTzOylraXjpfOl2qlgpfMtLT4KCjxoMiBzdHlsZT0ibWFyZ2luOjIwcHggMCAxMHB4IDA7Ij48aW1nIHNyYz0iaHR0cHM6Ly93d3cucmFrdXRlbi5uZS5qcC9nb2xkL2FraWJhbWFjL2ZyYW1lL2ltYWdlcy9yYWt1dGVuX3RpdGxlMi5naWYiIGFsdD0imFPM7MrQiPakzqSqtcOkyqWtpeOl86XaqWCl8yIgd2lkdGg9IjczMCIgaGVpZ2h0PSI0MiIgYm9yZGVyPSIwIj48L2gyPgo8ZGl2IGNsYXNzPSJyYWt1dGVuLWNhbXAiIHN0eWxlPSJtYXJnaW46MCAwIDAgMDsiPgoKCjwhLS2YU8zspa2l46XzpdqpYKXzQKSzpLOk3qTHLS0+,pailxKXf0rq+p7Gj12+l1aWjpeul4CBaRVJPpdel7KXfpaKl4KOopculs6XzIEQ3MjAwjJ/Tw6OpIEUtNzUwOaO6pb2l1aXepcOl16GhpceluKW/peuls6Xspa+lt6XnpfM=,pb2l1aXepcOl1yClx6W4pb+l66Wzpeylr6W3peel81NvZm1hcCBEaWdpdGFsIENvbGxlY3Rpb26l0aW9pbOl86W/pdal7KXDpchQQ0hERKWipbul86XWpeql0algpcSl0aW9pbOl86XRqWClxKXGpeyl06WyqWCl4KXWpeupYKXspaSlvaXVpchEVkSlvaXVpcjSur6npcal7KXTpdal66lgpeylpKXHpaOluaWvpeyls6lgpcCpYKXHpbilv6Xr0rvR26XspdWlq6Xhpemlx6W4pb+l66WrpeGl6bzS64qVctOL1tC5xaGhpb2l1aXIpaKlpqXIpeylw6XI1tC5xaXOqWClyKXRpb2ls6Xz1tC5xaXRpb2ls6XzpailxKXf0rq+p7Gj12+l1aWjpeul4CBaRVJPpdel7KXfpaKl4KOopculs6XzIEQ3MjAwjJ/Tw6OpIEUtNzUwOQ==,pailxKXf0rq+p7Gj12+l1aWjpeul4CBaRVJPpdel7KXfpaKl4KOopculs6XzIEQ3MjAwjJ/Tw6OpIEUtNzUwOQ==[rn]
33-14364,aHR0cDovL3RzaG9wLnIxMHMuanAvYWtpYmFtYWMvY2FiaW5ldC8wNTQyODM2OC80OTc1OTgxNzUwMTk5LmpwZz9maXRpbj03MDA6NzAw,MjE2OC4wMDAw,,VFY/paqpYKXHpaOlqj+lq6XhpekgPiCloqWvpbultaXqqWA/sr/GtyA+IKWrpeGl6T+l06XHpaqlq6Xhpek/ueLRp5lDxvfTw6Wipa+lu6W1peqpYCA+IKXHpbilv6Xrpaul4aXp08OloqWvpbultaXqqWAgPiCkvaTOy/s=,pailxKXf0rq+p7Gj12+l1aWjpeul4CBaRVJPpdel7KXfpaKl4KOopa2l5KXOpfMgRU9TIDFEIFggTWFya0lJjJ/Tw6OpIEUtNzUwMQ==,,PHRhYmxlIHdpZHRoPSI3MTAiPjx0cj48dGQ+pceluKW/pevSu9Hb08PSur6nsaPXb6XVpaOl66XgpM7QwplD3VOhuFpFUk+l16Xspd+loqXgobmlt6XqqWCluqGjpayl6aW5pMiJ5KTvpOmkyqSk07K2yDlIpMil1aWjpeul4KTOpLekyqTkpKuktaTygUnBoqS5pOulz6Wkpdal6qXDpcnL2LLEPC90ZD48L3RyPjwvdGFibGU+PHRhYmxlIGJvcmRlcj0iMCIgY2VsbHBhZGRpbmc9IjAiIGNlbGxzcGFjaW5nPSIwIiB3aWR0aD0iNzEwIiBzdHlsZT0ibGluZS1oZWlnaHQ6MTQwJTsiPjx0cj48dGQ+PGZvbnQgc2l6ZT0iMiI+PGJyPqXHpbilv6Xr0rvR29PD0rq+p7Gj12+l1aWjpeul4KTO0MKZQ91TobhaRVJPpdel7KXfpaKl4KG5pbel6qlgpbqho6WspemluaTIieSk76TppMqkpNOytsg5SKTIpdWlo6XrpeCkzqS3pMqk5KSrpLWk8oFJwaKkuaTrpc+lpKXWpeqlw6XJy9iyxDxicj6h9qWspemluaTLxqWUs6S5pOvTsrbIpMeC+6TEpK2ky6SvpKS439Oytsg5SKWzqWClxqWjpfOlsIRJwO08YnI+ofbGpNasP9a4vHmkrLi2pK2ky6SvpKSzrJPcy64/k9zTzYRJwO08YnI+ofal2algpbmkz6S3pMqk5KSrpMf1cqTkpKukyrutw+ak8r5Ts9akuaTrueLRp6XVpaOl66XgoaKxodDNu6+kx6W/pcOlwdDUpKyk6KTqz/LJzzxicj6h9tK7tqikztBuk8TO/IWn0NSky6TopOql1aWjpeul4KTOuO6k7KTyt8DWuaS5pOvM2Mripbel6qWzpfOM0zxicj6h9prdxd2krMjrpOqky6SvpK/X1Mi7pMua3cXdpKySaaSxpOulqKWiqWCl7KW5pb+lpKXXPGJyPqH21K2yxMHPpM7J+q5iP7zTuaSkz8irpMbQxe5tpM7I1bG+0XU8YnI+PC9mb250PjwvdGQ+PC90cj48L3RhYmxlPjx0YWJsZSBjZWxsc3BhY2luZz0iMCIgY2VsbHBhZGRpbmc9IjQiIGJvcmRlcj0iMSIgd2lkdGg9IjcxMCIgYm9yZGVyY29sb3I9IiNjY2NjY2MiPjx0cj48dGQgd2lkdGg9IjE4MCIgYmdjb2xvcj0iI2VmZWZlZiI+PGZvbnQgc2l6ZT0iMiI+jJ2P6qWrpeGl6TwvZm9udD48L3RkPjx0ZCB3aWR0aD0iNTMwIj48Zm9udCBzaXplPSIyIj6lraXkpc6l8yBFT1MgMUQgWCBNYXJrSUmMn9PDPC9mb250PjwvdGQ+PC90cj48L3RhYmxlPjxzdHlsZSB0eXBlPSJ0ZXh0L2NzcyI+CjwhLS0KLnJha3V0ZW4tY2FtcCB7Cgl3aWR0aDogNzI1cHg7Cglib3JkZXI6IDJweCBzb2xpZCAjMzM5OUZGOwoJcGFkZGluZy10b3A6IDVweDsKCS1tb3otYm9yZGVyLXJhZGl1czo0cHg7IC8qRmlyZWZveCovCgktd2Via2l0LWJvcmRlci1yYWRpdXM6IDRweDsgLypTYWZhcmksQ2hyb21lKi8KCWJvcmRlci1yYWRpdXM6NHB4OyAvKk9wZXJhLENocm9tZSovCgltYXJnaW46MCAxMHB4IDEwcHggMDsKfQoKLyoggf248aTLlpi+gKSspMSkryAqLwp0YWJsZSNyYWt1dGVuTGltaXRlZElkX2NhcnQgewogICAgYmFja2dyb3VuZC1jb2xvcjogI2Y4ZjhmODsKICAgIGJvcmRlcjogMXB4IHNvbGlkICNkZGQ7CiAgICBwYWRkaW5nOiA4cHg7CiAgICBtYXJnaW46IDE2cHggMDsKfQoKc3Bhbi5wcmljZTEgewogICAgY29sb3I6ICMzMzMgIWltcG9ydGFudDsKICAgIGZvbnQtd2VpZ2h0OiBib2xkOwogICAgZm9udC1zaXplOiA4MCUgIWltcG9ydGFudDsKICAgIGxpbmUtaGVpZ2h0OiAzMHB4OwogICAgZGlzcGxheTogaW5saW5lLWJsb2NrOwogICAgbWFyZ2luLXJpZ2h0OiAxNnB4Owp9CgotLT4KPC9zdHlsZT4KCjwhLS2l0KXKqWClqKXqpaItLT4KCjwhLS2hvs/7pLmkyqOhob+h76Hvoe8gaGVpZ2h0PSIzODAiIKTH1E+2qKS3pMakr6TApLWkpKGjoe+h76HvLS0+CjwhLS2l0KXKqWClqKXqpaKks6SzpN6kxy0tPgoKPCEtLZhTzOylraXjpfOl2qlgpfMtLT4KCjxoMiBzdHlsZT0ibWFyZ2luOjIwcHggMCAxMHB4IDA7Ij48aW1nIHNyYz0iaHR0cHM6Ly93d3cucmFrdXRlbi5uZS5qcC9nb2xkL2FraWJhbWFjL2ZyYW1lL2ltYWdlcy9yYWt1dGVuX3RpdGxlMi5naWYiIGFsdD0imFPM7MrQiPakzqSqtcOkyqWtpeOl86XaqWCl8yIgd2lkdGg9IjczMCIgaGVpZ2h0PSI0MiIgYm9yZGVyPSIwIj48L2gyPgo8ZGl2IGNsYXNzPSJyYWt1dGVuLWNhbXAiIHN0eWxlPSJtYXJnaW46MCAwIDAgMDsiPgoKCjwhLS2YU8zspa2l46XzpdqpYKXzQKSzpLOk3qTHLS0+,pailxKXf0rq+p7Gj12+l1aWjpeul4CBaRVJPpdel7KXfpaKl4KOopa2l5KXOpfMgRU9TIDFEIFggTWFya0lJjJ/Tw6OpIEUtNzUwMaO6pb2l1aXepcOl16GhpceluKW/peuls6Xspa+lt6XnpfM=,pb2l1aXepcOl1yClx6W4pb+l66Wzpeylr6W3peel81NvZm1hcCBEaWdpdGFsIENvbGxlY3Rpb26l0aW9pbOl86W/pdal7KXDpchQQ0hERKWipbul86XWpeql0algpcSl0aW9pbOl86XRqWClxKXGpeyl06WyqWCl4KXWpeupYKXspaSlvaXVpchEVkSlvaXVpcjSur6npcal7KXTpdal66lgpeylpKXHpaOluaWvpeyls6lgpcCpYKXHpbilv6Xr0rvR26XspdWlq6Xhpemlx6W4pb+l66WrpeGl6bzS64qVctOL1tC5xaGhpb2l1aXIpaKlpqXIpeylw6XI1tC5xaXOqWClyKXRpb2ls6Xz1tC5xaXRpb2ls6XzpailxKXf0rq+p7Gj12+l1aWjpeul4CBaRVJPpdel7KXfpaKl4KOopa2l5KXOpfMgRU9TIDFEIFggTWFya0lJjJ/Tw6OpIEUtNzUwMQ==,pailxKXf0rq+p7Gj12+l1aWjpeul4CBaRVJPpdel7KXfpaKl4KOopa2l5KXOpfMgRU9TIDFEIFggTWFya0lJjJ/Tw6OpIEUtNzUwMQ==[rn]
33-14365,aHR0cDovL3RzaG9wLnIxMHMuanAvYWtpYmFtYWMvY2FiaW5ldC8wNTQyODM2OC80OTc3MTg3MzM5Mzc2LmpwZz9maXRpbj03MDA6NzAw,MTYyNC4wMDAw,,VFY/paqpYKXHpaOlqj+lq6XhpekgPiCloqWvpbultaXqqWA/sr/GtyA+IKWrpeGl6T+l06XHpaqlq6Xhpek/ueLRp5lDxvfTw6Wipa+lu6W1peqpYCA+IKXHpbilv6Xrpaul4aXp08OloqWvpbultaXqqWAgPiCkvaTOy/s=,pc+lr6XQ0rq+p7Gj12+l1aWjpeul4CBFWC1HVUFSRKOopculs6XzIEQ3MjAwjJ/Tw6OpIEVYR0YtTkQ3MjAw,,PHRhYmxlIHdpZHRoPSI3MTAiPjx0cj48dGQ+pailr6W5pcil6aXPqWClyaWzqWClyKTLpOik6qWspemluYFLpN+kzrjf07K2yDlIpMjNuMP3tsik8oxnrEaho6XLpbOl86G+RDcyMDCMn9PDob+kztK6vqexo9dvpdWlo6XrpeCkx6S5oaMKPC90ZD48L3RyPjwvdGFibGU+PHRhYmxlIGJvcmRlcj0iMCIgY2VsbHBhZGRpbmc9IjAiIGNlbGxzcGFjaW5nPSIwIiB3aWR0aD0iNzEwIiBzdHlsZT0ibGluZS1oZWlnaHQ6MTQwJTsiPjx0cj48dGQ+PGZvbnQgc2l6ZT0iMiI+PGJyPoL7pKy4tqStpMukr6Skpailr6W5pcil6aXPqWClyaWzqWClyKOouN/TsrbIOUijqaGiyKu54r6AzbjfXsLKOTOjpaTOuN+kpM24w/e2yKTyjGesRqS3pL+hoqXLpbOl8yBENzIwMIyf08OkztK6vqexo9dvpdWlo6XrpeCkx6S5oaM8YnI+ofaC+6SsuLakraTLpK+kpKWopa+luaXIpemlz6lgpcmls6lgpcijqLjf07K2yDlIo6k8YnI+pailr6W5pcil6aXPqWClyaWzqWClyKTLpOik6qWspemluYFLpN+kzrjf07K2yDlIpPKMZ6xGoaPkhMD7pMqk4qTOpKy1saS/pMOkxqTigvukrLi2pK2ky6SvpK+l1aWjpeul4KTyw8Ckt6Sk17SRQqTOpN6k3rGjpMGk3qS5oaM8YnI+ofalraXspaSky9KKpKik67jfzbjD97bIPGJyPsirueK+gM24317Cyjkzo6WkzrjfpKTNuMP3tsikx9X9tF+kysmr1XukyMP3sLWkzutB1Xuk8qW5pcil7Klgpciky9OzpLez9qS3pN6kuaGjPGJyPqH2x/qksqTLj4qkr7jupOyky6SvpKQ8YnI+x/qksqTLj4qkr7jupOyky6SvpKSkv6Th2U6k6qTkpLmkr6GisLLQxKS3pMaktMq508OkpKS/pMCksaTepLmhozxicj6h9prdxd2krM/7pKik66XQpdal66Xspbmlv6WkpdejqMzYyuLO/NfFpbel6qWzpfOM06OpPGJyPtlOpMOkv5VypMvI66TDpMakt6TepMOkv5rdxd2krNfUyLuky8/7pKik66XQpdal66Xspbmlv6Wkpdeho86ivJqkyqXbpbOl6qTHpKKk7KTQpbel6qWzpfPVs9fFjNOkrMihpOreeqTfmt3F3aTysGvJ+qS1pLuk3qS7pPOhozxicj6h+aW0pd+kyqTJpKzI66TDpMakpKTriPa6z6TPoaKa3cXdpM+SaaSxpN6ku6TzoaM8YnI+ofbWuLx5pOTLrqTypM+kuKSvpdWlw8vYpbOpYKXIPGJyPtPNpOTLrqTypM+kuKSvpdWlw8vYpbOpYKXIhEnA7aTLpOik6qGipdWlo6XrpeCky7i2pKSkv9a4vHmbQaTspMqkyaTyuoaFZ6TLysOkrcihpOuks6TIpKykx6StpN6kuaGjPGJyPqH21ri8eaSsuLakraTLpK+kpLfA1ri8ebzTuaQ8YnI+1ri8ebfA1rm807mkpMuk6KTq1ri8eaSsuLakraTLpK+kr6Gipb+lw6XBstnX96TypLekxqTi1ri8eaSsxL/BoqTBpMukr6SvpMqkw6TGpKSk3qS5oaM8YnI+ofbZTqTqpOSkuaSk19S8us7818XQ1Dxicj6lt6XqpbOl89Wz18WM06TO19S8us7818XQ1KTLpOik6qGipdWlo6XrpeCk8rutw+aky9bDpK+kwKSxpMfX1Mi7pMvZTqTquLakr6S/pOHZTqTquLaksaSsuoaFZ6THpLmhozxicj6h9sqnlKGkt6TGpOLZTqTq1rGkt7/JxNw8YnI+pbel6qWzpfPVs9fFjNOky6TopOqhotlOpOq4tqSxpMvKp5ShpLekxqTizvzXxcGmpM+TcKTNpLqky9lOpOrWsaS5pLOkyKSspMekraTepLmhozxicj6h9qTUpMOkv6TqjJ/Tw6W1paSlujxicj6495lDt06ky7rPpO+ku6S/jJ/Tw6W1paSluqTKpM6kx6GipdGlw6WxqWCluKSrpOnIoaTqs/akt6TGpL2kzqTepN7ZTqTquLaksaSsv8nE3KTHpLmhozxicj6h9tDF7m2kzsjVsb7RdTxicj6438a32XykysjVsb7RdaTOpdWlo6XrpeCk8pLx08Okt6TGpKSk66S/pOGwstDEpLekxqSqyrmkpKSkpL+kwKSxpN6kuaGjPGJyPjxicj48L2ZvbnQ+PC90ZD48L3RyPjwvdGFibGU+PHRhYmxlIGNlbGxzcGFjaW5nPSIwIiBjZWxscGFkZGluZz0iNCIgYm9yZGVyPSIxIiB3aWR0aD0iNzEwIiBib3JkZXJjb2xvcj0iI2NjY2NjYyI+PHRyPjx0ZCB3aWR0aD0iMTgwIiBiZ2NvbG9yPSIjZWZlZmVmIj48Zm9udCBzaXplPSIyIj6lt6XqqWClusP7L5Dbs8Y8L2ZvbnQ+PC90ZD48dGQgd2lkdGg9IjUzMCI+PGZvbnQgc2l6ZT0iMiI+RVgtR1VBUkQ8L2ZvbnQ+PC90ZD48L3RyPjx0cj48dGQgd2lkdGg9IjE4MCIgYmdjb2xvcj0iI2VmZWZlZiI+PGZvbnQgc2l6ZT0iMiI+jJ2P6qWrpeGl6TwvZm9udD48L3RkPjx0ZCB3aWR0aD0iNTMwIj48Zm9udCBzaXplPSIyIj6ly6WzpfMgRDcyMDCMn9PDPC9mb250PjwvdGQ+PC90cj48L3RhYmxlPjxzdHlsZSB0eXBlPSJ0ZXh0L2NzcyI+CjwhLS0KLnJha3V0ZW4tY2FtcCB7Cgl3aWR0aDogNzI1cHg7Cglib3JkZXI6IDJweCBzb2xpZCAjMzM5OUZGOwoJcGFkZGluZy10b3A6IDVweDsKCS1tb3otYm9yZGVyLXJhZGl1czo0cHg7IC8qRmlyZWZveCovCgktd2Via2l0LWJvcmRlci1yYWRpdXM6IDRweDsgLypTYWZhcmksQ2hyb21lKi8KCWJvcmRlci1yYWRpdXM6NHB4OyAvKk9wZXJhLENocm9tZSovCgltYXJnaW46MCAxMHB4IDEwcHggMDsKfQoKLyoggf248aTLlpi+gKSspMSkryAqLwp0YWJsZSNyYWt1dGVuTGltaXRlZElkX2NhcnQgewogICAgYmFja2dyb3VuZC1jb2xvcjogI2Y4ZjhmODsKICAgIGJvcmRlcjogMXB4IHNvbGlkICNkZGQ7CiAgICBwYWRkaW5nOiA4cHg7CiAgICBtYXJnaW46IDE2cHggMDsKfQoKc3Bhbi5wcmljZTEgewogICAgY29sb3I6ICMzMzMgIWltcG9ydGFudDsKICAgIGZvbnQtd2VpZ2h0OiBib2xkOwogICAgZm9udC1zaXplOiA4MCUgIWltcG9ydGFudDsKICAgIGxpbmUtaGVpZ2h0OiAzMHB4OwogICAgZGlzcGxheTogaW5saW5lLWJsb2NrOwogICAgbWFyZ2luLXJpZ2h0OiAxNnB4Owp9CgotLT4KPC9zdHlsZT4KCjwhLS2l0KXKqWClqKXqpaItLT4KCjwhLS2hvs/7pLmkyqOhob+h76Hvoe8gaGVpZ2h0PSIzODAiIKTH1E+2qKS3pMakr6TApLWkpKGjoe+h76HvLS0+CjwhLS2l0KXKqWClqKXqpaKks6SzpN6kxy0tPgoKPCEtLZhTzOylraXjpfOl2qlgpfMtLT4KCjxoMiBzdHlsZT0ibWFyZ2luOjIwcHggMCAxMHB4IDA7Ij48aW1nIHNyYz0iaHR0cHM6Ly93d3cucmFrdXRlbi5uZS5qcC9nb2xkL2FraWJhbWFjL2ZyYW1lL2ltYWdlcy9yYWt1dGVuX3RpdGxlMi5naWYiIGFsdD0imFPM7MrQiPakzqSqtcOkyqWtpeOl86XaqWCl8yIgd2lkdGg9IjczMCIgaGVpZ2h0PSI0MiIgYm9yZGVyPSIwIj48L2gyPgo8ZGl2IGNsYXNzPSJyYWt1dGVuLWNhbXAiIHN0eWxlPSJtYXJnaW46MCAwIDAgMDsiPgoKCjwhLS2YU8zspa2l46XzpdqpYKXzQKSzpLOk3qTHLS0+,pc+lr6XQ0rq+p7Gj12+l1aWjpeul4CBFWC1HVUFSRKOopculs6XzIEQ3MjAwjJ/Tw6OpIEVYR0YtTkQ3MjAwo7qlvaXVpd6lw6XXoaGlx6W4pb+l66Wzpeylr6W3peel8w==,pb2l1aXepcOl1yClx6W4pb+l66Wzpeylr6W3peel81NvZm1hcCBEaWdpdGFsIENvbGxlY3Rpb26l0aW9pbOl86W/pdal7KXDpchQQ0hERKWipbul86XWpeql0algpcSl0aW9pbOl86XRqWClxKXGpeyl06WyqWCl4KXWpeupYKXspaSlvaXVpchEVkSlvaXVpcjSur6npcal7KXTpdal66lgpeylpKXHpaOluaWvpeyls6lgpcCpYKXHpbilv6Xr0rvR26XspdWlq6Xhpemlx6W4pb+l66WrpeGl6bzS64qVctOL1tC5xaGhpb2l1aXIpaKlpqXIpeylw6XI1tC5xaXOqWClyKXRpb2ls6Xz1tC5xaXRpb2ls6Xzpc+lr6XQ0rq+p7Gj12+l1aWjpeul4CBFWC1HVUFSRKOopculs6XzIEQ3MjAwjJ/Tw6OpIEVYR0YtTkQ3MjAw,pc+lr6XQ0rq+p7Gj12+l1aWjpeul4CBFWC1HVUFSRKOopculs6XzIEQ3MjAwjJ/Tw6OpIEVYR0YtTkQ3MjAw[rn]
33-14366,aHR0cDovL3RzaG9wLnIxMHMuanAvYWtpYmFtYWMvY2FiaW5ldC8wNTQyODM2OC80OTc1OTgxNzM1MTk2LmpwZz9maXRpbj03MDA6NzAw,MTE0MC4wMDAw,,VFY/paqpYKXHpaOlqj+lq6XhpekgPiCloqWvpbultaXqqWA/sr/GtyA+IKWrpeGl6T+l06XHpaqlq6Xhpek/ueLRp5lDxvfTw6Wipa+lu6W1peqpYCA+IKXHpbilv6Xrpaul4aXp08OloqWvpbultaXqqWAgPiCkvaTOy/s=,pailxKXf0rq+p7Gj12+l1aWjpeul4FpFUk+jqKW9pcupYCCmwTk5SUmMn9PDo6kgRS03MzUx,,PHRhYmxlIHdpZHRoPSI3MTAiPjx0cj48dGQ+mt3F3aSspbyl7aTLpMqk68zYyuLO/NfFjNOk8pLx08Okt6S/objSur6nsaPXb6XVpaOl66Xgpbyl7aG5pbel6qlgpbqho6W9pcupYKG+psE5OUlJjJ/Tw6G/pM7Sur6nsaPXb6XVpaOl66XgpMekuaGjCjwvdGQ+PC90cj48L3RhYmxlPjx0YWJsZSBib3JkZXI9IjAiIGNlbGxwYWRkaW5nPSIwIiBjZWxsc3BhY2luZz0iMCIgd2lkdGg9IjcxMCIgc3R5bGU9ImxpbmUtaGVpZ2h0OjE0MCU7Ij48dHI+PHRkPjxmb250IHNpemU9IjIiPjxicj6a3cXdpKylvKXtpMukyqTrzNjK4s7818WM06TykvHTw6S3pL+huNK6vqexo9dvpdWlo6XrpeClvKXtobmlt6XqqWCluqGjpb2ly6lgIKbBOTlJSaOopsE5OSBJSaGiSUxDQS05OU0yo6mMn9PDpM7Sur6nsaPXb6XVpaOl66XgpMekuaGjPGJyPqH2lXLpZ6TOvVXfXqTIpMik4qTL0KGktaTKmt3F3aSspbyl7aTLpMqk68zYyuLO/NfFjNOk8pLx08Okt6S/oaKlvaXLqWCmwTk5SUmMnY/q0rq+p7Gj12+l1aWjpeul4Dxicj6h9rGj12+l1aWjpeul4KTopOrSu7vYpOq086StpKSw/ut4pbepYKXIpPKS8dPDpLc2uXfL+aTOx9Ck6t56pN+kzqSmpMGhoqTJpLOkq6TppMek4rD+pKykt6TGsP7reKW3qWClyKTypaulw6XIpMekraTepLmho9K7sr+31qTysP6krKS3pMaBosH0pOGkrLP2wLSk66TOpMfZTqTquLaksZVypM7Ou9bDm1Gk4aSsuoaFZzxicj6h9szYyuLO/NfFjNOky6TopOrQoaS1pMqa3cXdpMekoqTspNCVculnpM69Vd9epMikyKTipMua3cXdpKylvKXtpMs8YnI+ofbKwsewpMvSur6nu63D5qTOm0Gk7KTywuSkyKS5pM6ky7HjwPukyqWvpeqpYKXzpa+l7aW5McO2uLbK9Dxicj6h9snPw+ax7cq+pdGlzaXroaKxs8Pmse3KvqXRpc2l69PDuPcxw7YgPGJyPqH2yNWxvtF1PGJyPjxicj48L2ZvbnQ+PC90ZD48L3RyPjwvdGFibGU+PHN0eWxlIHR5cGU9InRleHQvY3NzIj4KPCEtLQoucmFrdXRlbi1jYW1wIHsKCXdpZHRoOiA3MjVweDsKCWJvcmRlcjogMnB4IHNvbGlkICMzMzk5RkY7CglwYWRkaW5nLXRvcDogNXB4OwoJLW1vei1ib3JkZXItcmFkaXVzOjRweDsgLypGaXJlZm94Ki8KCS13ZWJraXQtYm9yZGVyLXJhZGl1czogNHB4OyAvKlNhZmFyaSxDaHJvbWUqLwoJYm9yZGVyLXJhZGl1czo0cHg7IC8qT3BlcmEsQ2hyb21lKi8KCW1hcmdpbjowIDEwcHggMTBweCAwOwp9CgovKiCB/bjxpMuWmL6ApKykxKSvICovCnRhYmxlI3Jha3V0ZW5MaW1pdGVkSWRfY2FydCB7CiAgICBiYWNrZ3JvdW5kLWNvbG9yOiAjZjhmOGY4OwogICAgYm9yZGVyOiAxcHggc29saWQgI2RkZDsKICAgIHBhZGRpbmc6IDhweDsKICAgIG1hcmdpbjogMTZweCAwOwp9CgpzcGFuLnByaWNlMSB7CiAgICBjb2xvcjogIzMzMyAhaW1wb3J0YW50OwogICAgZm9udC13ZWlnaHQ6IGJvbGQ7CiAgICBmb250LXNpemU6IDgwJSAhaW1wb3J0YW50OwogICAgbGluZS1oZWlnaHQ6IDMwcHg7CiAgICBkaXNwbGF5OiBpbmxpbmUtYmxvY2s7CiAgICBtYXJnaW4tcmlnaHQ6IDE2cHg7Cn0KCi0tPgo8L3N0eWxlPgoKPCEtLaXQpcqpYKWopeqloi0tPgoKPCEtLaG+z/ukuaTKo6Ghv6Hvoe+h7yBoZWlnaHQ9IjM4MCIgpMfUT7aopLekxqSvpMCktaSkoaOh76Hvoe8tLT4KPCEtLaXQpcqpYKWopeqloqSzpLOk3qTHLS0+Cgo8IS0tmFPM7KWtpeOl86XaqWCl8y0tPgoKPGgyIHN0eWxlPSJtYXJnaW46MjBweCAwIDEwcHggMDsiPjxpbWcgc3JjPSJodHRwczovL3d3dy5yYWt1dGVuLm5lLmpwL2dvbGQvYWtpYmFtYWMvZnJhbWUvaW1hZ2VzL3Jha3V0ZW5fdGl0bGUyLmdpZiIgYWx0PSKYU8zsytCI9qTOpKq1w6TKpa2l46XzpdqpYKXzIiB3aWR0aD0iNzMwIiBoZWlnaHQ9IjQyIiBib3JkZXI9IjAiPjwvaDI+CjxkaXYgY2xhc3M9InJha3V0ZW4tY2FtcCIgc3R5bGU9Im1hcmdpbjowIDAgMCAwOyI+CgoKPCEtLZhTzOylraXjpfOl2qlgpfNApLOks6TepMctLT4=,pailxKXf0rq+p7Gj12+l1aWjpeul4FpFUk+jqKW9pcupYCCmwTk5SUmMn9PDo6kgRS03MzUxo7qlvaXVpd6lw6XXoaGlx6W4pb+l66Wzpeylr6W3peel8w==,pb2l1aXepcOl1yClx6W4pb+l66Wzpeylr6W3peel81NvZm1hcCBEaWdpdGFsIENvbGxlY3Rpb26l0aW9pbOl86W/pdal7KXDpchQQ0hERKWipbul86XWpeql0algpcSl0aW9pbOl86XRqWClxKXGpeyl06WyqWCl4KXWpeupYKXspaSlvaXVpchEVkSlvaXVpcjSur6npcal7KXTpdal66lgpeylpKXHpaOluaWvpeyls6lgpcCpYKXHpbilv6Xr0rvR26XspdWlq6Xhpemlx6W4pb+l66WrpeGl6bzS64qVctOL1tC5xaGhpb2l1aXIpaKlpqXIpeylw6XI1tC5xaXOqWClyKXRpb2ls6Xz1tC5xaXRpb2ls6XzpailxKXf0rq+p7Gj12+l1aWjpeul4FpFUk+jqKW9pcupYCCmwTk5SUmMn9PDo6kgRS03MzUx,pailxKXf0rq+p7Gj12+l1aWjpeul4FpFUk+jqKW9pcupYCCmwTk5SUmMn9PDo6kgRS03MzUx[rn]
33-14367,aHR0cDovL3RzaG9wLnIxMHMuanAvYWtpYmFtYWMvY2FiaW5ldC8wNTQyODM2OC80OTc3MTg3MzM5MjQ2LmpwZz9maXRpbj03MDA6NzAw,MTQ0OC4wMDAw,,VFY/paqpYKXHpaOlqj+lq6XhpekgPiCloqWvpbultaXqqWA/sr/GtyA+IKWrpeGl6T+l06XHpaqlq6Xhpek/ueLRp5lDxvfTw6Wipa+lu6W1peqpYCA+IKXHpbilv6Xrpaul4aXp08OloqWvpbultaXqqWAgPiCkvaTOy/s=,pc+lr6XQ0rq+p7Gj12+l1aWjpeul4CBFWC1HVUFSRKOopa2l5KXOpfMgRU9TIEtpc3MgWDhpIC8gWDdpjJ/Tw6OpIEVYR0YtQ0VLWDhJ,,PHRhYmxlIHdpZHRoPSI3MTAiPjx0cj48dGQ+pailr6W5pcil6aXPqWClyaWzqWClyKTLpOik6qWspemluYFLpN+kzrjf07K2yDlIpMjNuMP3tsik8oxnrEaho6WtpeSlzqXzob5FT1MgS2lzcyBYOGkgLyBYN2mMn9PDob+kztK6vqexo9dvpdWlo6XrpeCkx6S5oaMKPC90ZD48L3RyPjwvdGFibGU+PHRhYmxlIGJvcmRlcj0iMCIgY2VsbHBhZGRpbmc9IjAiIGNlbGxzcGFjaW5nPSIwIiB3aWR0aD0iNzEwIiBzdHlsZT0ibGluZS1oZWlnaHQ6MTQwJTsiPjx0cj48dGQ+PGZvbnQgc2l6ZT0iMiI+PGJyPoL7pKy4tqStpMukr6Skpailr6W5pcil6aXPqWClyaWzqWClyKOouN/TsrbIOUijqaGiyKu54r6AzbjfXsLKOTOjpaTOuN+kpM24w/e2yKTyjGesRqS3pL+hoqWtpeSlzqXzIEVPUyBLaXNzIFg4aaGiRU9TIEtpc3MgWDdpjJ/Tw6TO0rq+p7Gj12+l1aWjpeul4KTHpLmhozxicj6h9oL7pKy4tqStpMukr6Skpailr6W5pcil6aXPqWClyaWzqWClyKOouN/TsrbIOUijqTxicj6lqKWvpbmlyKXppc+pYKXJpbOpYKXIpMuk6KTqpayl6aW5gUuk36TOuN/TsrbIOUik8oxnrEaho+SEwPukyqTipM6krLWxpL+kw6TGpOKC+6SsuLakraTLpK+kr6XVpaOl66XgpPLDwKS3pKTXtJFCpM6k3qTesaOkwaTepLmhozxicj6h9qWtpeylpKTL0oqkqKTruN/NuMP3tsg8YnI+yKu54r6AzbjfXsLKOTOjpaTOuN+kpM24w/e2yKTH1f20X6TKyavVe6TIw/ewtaTO60HVe6TypbmlyKXsqWClyKTL07Okt7P2pLek3qS5oaM8YnI+ofbH+qSypMuPiqSvuO6k7KTLpK+kpDxicj7H+qSypMuPiqSvuO6k7KTLpK+kpKS/pOHZTqTqpOSkuaSvoaKwstDEpLekxqS0yrnTw6SkpL+kwKSxpN6kuaGjPGJyPqH2mt3F3aSsz/ukqKTrpdCl1qXrpeyluaW/paSl16OozNjK4s7818Wlt6XqpbOl84zTo6k8YnI+2U6kw6S/lXKky8jrpMOkxqS3pN6kw6S/mt3F3aSs19TIu6TLz/ukqKTrpdCl1qXrpeyluaW/paSl16GjzqK8mqTKpduls6XqpMekoqTspNClt6XqpbOl89Wz18WM06SsyKGk6t56pN+a3cXdpPKwa8n6pLWku6TepLuk86GjPGJyPqH5pbSl36TKpMmkrMjrpMOkxqSkpOuI9rrPpM+hoprdxd2kz5JppLGk3qS7pPOhozxicj6h9ta4vHmk5MuupPKkz6S4pK+l1aXDy9ils6lgpcg8YnI+082k5MuupPKkz6S4pK+l1aXDy9ils6lgpciEScDtpMuk6KTqoaKl1aWjpeul4KTLuLakpKS/1ri8eZtBpOykyqTJpPK6hoVnpMvKw6StyKGk66SzpMikrKTHpK2k3qS5oaM8YnI+ofbWuLx5pKy4tqStpMukr6Skt8DWuLx5vNO5pDxicj7WuLx5t8DWubzTuaSky6TopOrWuLx5pKy4tqStpMukr6SvoaKlv6XDpcGy2df3pPKkt6TGpOLWuLx5pKzEv8GipMGky6SvpK+kyqTDpMakpKTepLmhozxicj6h9tlOpOqk5KS5pKTX1Ly6zvzXxdDUPGJyPqW3peqls6Xz1bPXxYzTpM7X1Ly6zvzXxdDUpMuk6KTqoaKl1aWjpeul4KTyu63D5qTL1sOkr6TApLGkx9fUyLuky9lOpOq4tqSvpL+k4dlOpOq4tqSxpKy6hoVnpMekuaGjPGJyPqH2yqeUoaS3pMak4tlOpOrWsaS3v8nE3Dxicj6lt6XqpbOl89Wz18WM06TLpOik6qGi2U6k6ri2pLGky8qnlKGkt6TGpOLO/NfFwaakz5NwpM2kuqTL2U6k6taxpLmks6TIpKykx6StpN6kuaGjPGJyPqH2pNSkw6S/pOqMn9PDpbWlpKW6PGJyPrj3mUO3TqTLus+k76S7pL+Mn9PDpbWlpKW6pMqkzqTHoaKl0aXDpbGpYKW4pKuk6cihpOqz9qS3pMakvaTOpN6k3tlOpOq4tqSxpKy/ycTcpMekuaGjPGJyPqH20MXubaTOyNWxvtF1PGJyPrjfxrfZfKTKyNWxvtF1pM6l1aWjpeul4KTykvHTw6S3pMakpKTrpL+k4bCy0MSkt6TGpKrKuaSkpKSkv6TApLGk3qS5oaM8YnI+PGJyPjwvZm9udD48L3RkPjwvdHI+PC90YWJsZT48dGFibGUgY2VsbHNwYWNpbmc9IjAiIGNlbGxwYWRkaW5nPSI0IiBib3JkZXI9IjEiIHdpZHRoPSI3MTAiIGJvcmRlcmNvbG9yPSIjY2NjY2NjIj48dHI+PHRkIHdpZHRoPSIxODAiIGJnY29sb3I9IiNlZmVmZWYiPjxmb250IHNpemU9IjIiPqW3peqpYKW6w/svkNuzxjwvZm9udD48L3RkPjx0ZCB3aWR0aD0iNTMwIj48Zm9udCBzaXplPSIyIj5FWC1HVUFSRDwvZm9udD48L3RkPjwvdHI+PHRyPjx0ZCB3aWR0aD0iMTgwIiBiZ2NvbG9yPSIjZWZlZmVmIj48Zm9udCBzaXplPSIyIj6MnY/qpaul4aXpPC9mb250PjwvdGQ+PHRkIHdpZHRoPSI1MzAiPjxmb250IHNpemU9IjIiPqWtpeSlzqXzIEVPUyBLaXNzIFg4aaGiWDdpjJ/TwzwvZm9udD48L3RkPjwvdHI+PC90YWJsZT48c3R5bGUgdHlwZT0idGV4dC9jc3MiPgo8IS0tCi5yYWt1dGVuLWNhbXAgewoJd2lkdGg6IDcyNXB4OwoJYm9yZGVyOiAycHggc29saWQgIzMzOTlGRjsKCXBhZGRpbmctdG9wOiA1cHg7CgktbW96LWJvcmRlci1yYWRpdXM6NHB4OyAvKkZpcmVmb3gqLwoJLXdlYmtpdC1ib3JkZXItcmFkaXVzOiA0cHg7IC8qU2FmYXJpLENocm9tZSovCglib3JkZXItcmFkaXVzOjRweDsgLypPcGVyYSxDaHJvbWUqLwoJbWFyZ2luOjAgMTBweCAxMHB4IDA7Cn0KCi8qIIH9uPGky5aYvoCkrKTEpK8gKi8KdGFibGUjcmFrdXRlbkxpbWl0ZWRJZF9jYXJ0IHsKICAgIGJhY2tncm91bmQtY29sb3I6ICNmOGY4Zjg7CiAgICBib3JkZXI6IDFweCBzb2xpZCAjZGRkOwogICAgcGFkZGluZzogOHB4OwogICAgbWFyZ2luOiAxNnB4IDA7Cn0KCnNwYW4ucHJpY2UxIHsKICAgIGNvbG9yOiAjMzMzICFpbXBvcnRhbnQ7CiAgICBmb250LXdlaWdodDogYm9sZDsKICAgIGZvbnQtc2l6ZTogODAlICFpbXBvcnRhbnQ7CiAgICBsaW5lLWhlaWdodDogMzBweDsKICAgIGRpc3BsYXk6IGlubGluZS1ibG9jazsKICAgIG1hcmdpbi1yaWdodDogMTZweDsKfQoKLS0+Cjwvc3R5bGU+Cgo8IS0tpdClyqlgpail6qWiLS0+Cgo8IS0tob7P+6S5pMqjoaG/oe+h76HvIGhlaWdodD0iMzgwIiCkx9RPtqikt6TGpK+kwKS1pKSho6Hvoe+h7y0tPgo8IS0tpdClyqlgpail6qWipLOks6TepMctLT4KCjwhLS2YU8zspa2l46XzpdqpYKXzLS0+Cgo8aDIgc3R5bGU9Im1hcmdpbjoyMHB4IDAgMTBweCAwOyI+PGltZyBzcmM9Imh0dHBzOi8vd3d3LnJha3V0ZW4ubmUuanAvZ29sZC9ha2liYW1hYy9mcmFtZS9pbWFnZXMvcmFrdXRlbl90aXRsZTIuZ2lmIiBhbHQ9IphTzOzK0Ij2pM6kqrXDpMqlraXjpfOl2qlgpfMiIHdpZHRoPSI3MzAiIGhlaWdodD0iNDIiIGJvcmRlcj0iMCI+PC9oMj4KPGRpdiBjbGFzcz0icmFrdXRlbi1jYW1wIiBzdHlsZT0ibWFyZ2luOjAgMCAwIDA7Ij4KCgo8IS0tmFPM7KWtpeOl86XaqWCl80Cks6SzpN6kxy0tPg==,pc+lr6XQ0rq+p7Gj12+l1aWjpeul4CBFWC1HVUFSRKOopa2l5KXOpfMgRU9TIEtpc3MgWDhpIC8gWDdpjJ/Tw6OpIEVYR0YtQ0VLWDhJo7qlvaXVpd6lw6XXoaGlx6W4pb+l66Wzpeylr6W3peel8w==,pb2l1aXepcOl1yClx6W4pb+l66Wzpeylr6W3peel81NvZm1hcCBEaWdpdGFsIENvbGxlY3Rpb26l0aW9pbOl86W/pdal7KXDpchQQ0hERKWipbul86XWpeql0algpcSl0aW9pbOl86XRqWClxKXGpeyl06WyqWCl4KXWpeupYKXspaSlvaXVpchEVkSlvaXVpcjSur6npcal7KXTpdal66lgpeylpKXHpaOluaWvpeyls6lgpcCpYKXHpbilv6Xr0rvR26XspdWlq6Xhpemlx6W4pb+l66WrpeGl6bzS64qVctOL1tC5xaGhpb2l1aXIpaKlpqXIpeylw6XI1tC5xaXOqWClyKXRpb2ls6Xz1tC5xaXRpb2ls6Xzpc+lr6XQ0rq+p7Gj12+l1aWjpeul4CBFWC1HVUFSRKOopa2l5KXOpfMgRU9TIEtpc3MgWDhpIC8gWDdpjJ/Tw6OpIEVYR0YtQ0VLWDhJ,pc+lr6XQ0rq+p7Gj12+l1aWjpeul4CBFWC1HVUFSRKOopa2l5KXOpfMgRU9TIEtpc3MgWDhpIC8gWDdpjJ/Tw6OpIEVYR0YtQ0VLWDhJ[rn]
33-14368,aHR0cDovL3RzaG9wLnIxMHMuanAvc2lkZWNhci9jYWJpbmV0LzU3Lzk3NjI1XzEuanBnP2ZpdGluPTcwMDo3MDA=,MjMzMi44MDAw,,VFY/paqpYKXHpaOlqj+lq6XhpekgPiCloqWvpbultaXqqWA/sr/GtyA+IKWrpeGl6T+l06XHpaqlq6Xhpek/ueLRp5lDxvfTw6Wipa+lu6W1peqpYCA+IKXHpbilv6Xrpaul4aXp08OloqWvpbultaXqqWAgPiCkvaTOy/s=,R09QUk8gpbSpYKXXpe0gR09QT0xFIKWrpeGl6aWwpeqlw6XXIDpYUyBIRVJPMy9IRVJPMi9IRCCMnY/qIKG+1f3Sjsa3ob8gR08gUFJP,ob7V/dKOxrcgob8gR08gUFJP,oaE8Zm9udCBzaXplPSItMiI+peGpYKWrqWDPo8370KGJ04H9uPGkz6XhqWClq6lgpaulv6XtpbCky7v5pMWkpKTGkvfdZKS3pMakpKTepLk8L2ZvbnQ+PGJyPjxUQUJMRSBib3JkZXI9IjAiIHdpZHRoPSIyMzQiIGNlbGxwYWRkaW5nPSI1IiBjZWxsc3BhY2luZz0iMSIgc3R5bGU9ImJvcmRlci1zdHlsZTpkYXNoZWQ7IGJvcmRlci13aWR0aDoxcHg7IGJvcmRlci1jb2xvcjojMDAwMDAwOyBiYWNrZ3JvdW5kOiNmMmYwZjAiPgo8VEJPRFk+CjxUUj4KPFREIHdpZHRoPSIyNTAiPgo8VEFCTEUgYm9yZGVyPSIwIiB3aWR0aD0iMjMxIiBjZWxscGFkZGluZz0iNSIgY2VsbHNwYWNpbmc9IjAiIGJnY29sb3I9IiNjOWMzYzMiPgo8VEJPRFk+CjxUUj4KPFREIHdpZHRoPSIyMjEiIGFsaWduPSJjZW50ZXIiPsnMxrfVaMP3PC9URD4KPC9UUj4KPC9UQk9EWT4KPC9UQUJMRT4KPHA+CqG+R09QT0xFIKWrpeGl6aWwpeqlw6XXob88QlI+CjxCUj4Kpdel7aSrpOmloqXepN6kx7bgpK+kzkdPUFJPyrnTw9XfpKuk6dKqzfukrLbgpKukw6S/oaLK1qTHs9akw6TGpM606dOwpKy/ycTcpMukuaTrpaul4aXppbCl6qXDpdehozxCUj4KpbCl6qXDpdeky6TPu6yk6ta5pOG3wNa5pM6lx6W2paSl86THwuTPwrfA1rnTw6TOpbmlyKXppcOl16TiuLbK9KGjPEJSPgqls6XzpdGlr6XIpMqkzqTHpd2lsaXDpciky6Tihae8e7/JxNyhozxCUj4KPC9wPgo8VEFCTEUgYm9yZGVyPSIwIiB3aWR0aD0iMjM2IiBjZWxscGFkZGluZz0iNSIgY2VsbHNwYWNpbmc9IjEiIGJnY29sb3I9IiMwMDAwMDAiPgogIDxUQk9EWT4KPFRSPgo8VEQgd2lkdGg9IjIyNCIgYmdjb2xvcj0iI2ZmZmZmZiI+CjxDRU5URVI+yczGt8rLmJQ8L0NFTlRFUj4KICAgICAgICAgICAgICAgIDxocj4Kofal4algpaupYMa3t6w6R1BHLTEyPEJSPgqh9qW1paSluqO6WFMopbCl6qXDpdfpTDEzY20vpbCl6qXDpde+tjIuNWNtKTxCUj4KofbW2KS1o7q8czg1ZzxCUj4Kofa4tsr0xrejusihuLaksaXNpbgspbmlyKXppcOl1yylq6XppdOlyjxCUj4KofbfbbrPOkhFUk+lqqXqpbilyqXroaJIRVJPMixIRVJPMyxIRVJPMys8QlI+CqH5R29Qcm+xvszloaKlz6Wmpbil86WwpM+6rKTepOyk3qS7pPOhozxCUj4Kofml4algpaupYNTajuy5stPQxrekzqS/pOGhotTajuykrLHtyr6ktaTspMakpKTriPa6z6THpOKhorXq7l6ky9TajuykrJ9vpKSI9rrPpMukz6SqyKGk6rzEpLuky6TKpOqk3qS5oaO6ztfkpLTBy7PQz8KktaSkoaMgCjwvVEQ+CjwvVFI+CjwvVEJPRFk+CjwvVEFCTEU+CjwvVEQ+CjwvVFI+CjwvVEJPRFk+CjwvVEFCTEU+CjxCUj48VEFCTEUgYm9yZGVyPSIwIiB3aWR0aD0iNzMwIiBjZWxscGFkZGluZz0iNSIgY2VsbHNwYWNpbmc9IjEiIHN0eWxlPSJib3JkZXItc3R5bGU6c29saWQ7IGJvcmRlci13aWR0aDoxcHg7IGJvcmRlci1jb2xvcjojMDAwMDAwOyBiYWNrZ3JvdW5kOiNmZmZmZmYiPgo8VEJPRFk+CjxUUj4KICAgICAgPFREIHdpZHRoPSI3MjAiPiAKICAgICAgICA8VEFCTEUgYm9yZGVyPSIwIiB3aWR0aD0iNzI2IiBjZWxscGFkZGluZz0iNSIgY2VsbHNwYWNpbmc9IjAiIGJnY29sb3I9IiMwMDAwMzMiPgo8VEJPRFk+CjxUUj4KPFREIHdpZHRoPSI3MjYiIGFsaWduPSJjZW50ZXIiPjxzcGFuIGNsYXNzPSJzdHlsZTEiPjxmb250IGNvbG9yPSJ3aGl0ZSI+o6GktNeizsTHsKTLsdikuqSq1Wmk38/CpLWkpKOhPC9mb250Pjwvc3Bhbj48L1REPgo8L1RSPgo8L1RCT0RZPgo8L1RBQkxFPgoKPFRBQkxFIGJvcmRlcj0iMSIgd2lkdGg9IjcyMCIgY2VsbHBhZGRpbmc9IjAiIGNlbGxzcGFjaW5nPSIwIj4KICAgICAgICAgIDxUQk9EWT4KICAgICAgICAgICAgPFRSPiAKICAgICAgICAgICAgIAoKICAgICAgICAgICAgICA8VEQgYWxpZ249ImNlbnRlciI+CiAgICAgICAgICAgICAgPHA+PEI+ofaxsbqjtcA/m1+/SaTys/2kraGiPEZPTlQgY29sb3I9IiNmZjAwMDAiIHNpemU9IjQiPqOkNjQ4LTwvRk9OVD4o1/S0qLyxseMpCiAgICAgICAgICAgICAgICAgIDwvQj48QlI+CiAgICAgICAgICAgICAgICAgIKH2yczGt7T6vfC6z9OLo6QxMDgwMC3S1MnP09akz8vNwc/eetRPtqikzsnMxrekzzxGT05UIGNvbG9yPSIjZmYwMDAwIiBzaXplPSI0Ij7LzcHPn2/Bz6OhPC9GT05UPjwvQj48QlI+PEJSPgogICAgICAgICAgICAgICAgICCjqqXhqWCl67HjxeTLzYydz/PJzMa30tTN4qTHpeGpYKXrsePF5MvNpPLfeJJrpLWk7KS/iPa6z6TPzaizo8Xky82ky4nkuPyktaS7pMbtlKStpN6kuaTOpMektNei0uLPwqS1pKSjqjxCUj4KPEJSPjxGT05UIHNpemU9IjIiPqH2pL+kwKS3oaKxsbqjtcA/m1+/SaTYpM6kqr3spLGkz8vNwc+fb8HPse3Kvj+6z9OLvfDufqTL6Xak76TppLqjpDEwODChoqTepL/reI11pNikzqSqveyksaTP1tC+QMHPpKyEZc2+pKukq6TqpN6kuaGjPEJSPqOopLTXos7EtF/VSuHhoaLLzcHPpPK808vjpLekv73w7n6k8qS030K9atbCpLek3qS5o6k8L0ZPTlQ+PGJyPgogICAgICAgICAgICAgICAgICA8Qj48Rk9OVCBjb2xvcj0iI2ZmMDAwMCIgc2l6ZT0iMiI+ofHreI11P9K7sr+12NPypNikzoRlzb7W0L5Awc+kz4xn2U231qSqv82YlKTOpLTYk7WjpMiktaS7pMbtlKStpN6kuaGjpKKk6aSrpLik4aS0wcuz0M/CpLWkpKTepLuhozxCUj4Kofa0+tL9pK2kzoj2us+kz4Rlzb7K1sr9wc+krKSrpKuk6qTepLmhozwvRk9OVD48L0I+PGJyPjxicj4KICAgICAgICA8L1REPjwvVFI+CiAgICAgICAgICAgICAKICAgICAgICAgICAgPFREIGNvbHNwYW49IjEiIGFsaWduPSJjZW50ZXIiPjxwPqH2pLTXos7EtF/VSuHhMqGrM4bTmEnI1dLUxNqky7Bry82ktaS7pMbtlKStpN6kuaGjPGJyPgogICAgICAgICAgICAgICAgPGJyPgogICAgICAgICAgICAgICAgofakv6TApLehotF9yv216sVupMekztTajuy5stPQ2JyJ06TOpL+k4aS016LOxMrcuLbh4aTLzeqJ06TIpMqkw6TGpKSkv4j2us+kzzxicj6l4algpaupYMihpOq8xKS7pMukxqS008PS4qS1pLukxu2UpK+/ycTc0NSk4qS0pLakpKTepLmhozxicj4KPEJSPjxGT05UIHNpemU9IjIiPqH2yczGt6SspLTTw9LipMekraTKpKSI9rrPoaKktNeizsSk8qWtpeOl86W7peukyKS1pLukxu2UpK+ks6TIpOKktKS2pKSk3qS5pLTBy7PQz8KktaSkoaM8L0ZPTlQ+PC9wPjwvVEQ+CiAgICAgICAgICAgIDwvVFI+CiAgICAgICAgICAKICAgICAgICA8L1RBQkxFPiAgICAgIAogICAgICAgICAgICA8VFI+IAogICAgICAgICAgICAgIDxURCBjb2xzcGFuPSIyIiBhbGlnbj0iY2VudGVyIj48cD6h9rutw+bJz6TIjGfO76THpM+24MnZyau+37rPpKyukKTKpMOkxtKKpKik3qS5pM6kx9PopOGktMHLs9CkzsnPpLTXos7Ez8KktaSkoaM8QlI+CiAgICAgICAgICAgICAgPEJSPgogICAgICAgICAgICAgICAgICA8Zm9udCBzaXplPSItMSI+1NqO7KTO09Cfb6Giy83Bz7XIpM+ktNeizsS0X9VK4eGhoqS030K9atbCpLek3qS5oaM8L2ZvbnQ+PC9wPjwvVEQ+CiAgICAgICAgICAgIDwvVFI+CiAgICAgICAgICAKICAgICAgICA8L1RBQkxFPiAgICAgIAogICAgICA8L1REPgo8L1RSPgo8L1RCT0RZPgo8L1RBQkxFPgo8VEFCTEUgYm9yZGVyPSIwIiB3aWR0aD0iNzMwIiBjZWxscGFkZGluZz0iNSIgY2VsbHNwYWNpbmc9IjEiIHN0eWxlPSJib3JkZXItc3R5bGU6c29saWQ7IGJvcmRlci13aWR0aDowcHg7IGJvcmRlci1jb2xvcjojMDAwMDAwOyBiYWNrZ3JvdW5kOiNmZmZmZmYiPgo8VEJPRFk+CjxUUj4KICAgCiAgICAgICAgICAgICAgCiAgICAgICAgICAgICAgPFREPjxocj48aW1nIHNyYz0iaHR0cDovL2ltYWdlLnJha3V0ZW4uY28uanAvc2lkZWNhci9jYWJpbmV0L2NhdGVnb3J5cGFnZS9zdG9wMS5qcGciIHdpZHRoPSI2MzAiIGhzcGFjZT0iNTAiIGJvcmRlcj0iMCIgYWx0PSJhdHRlbnRpb24iPiAgICAgICAgICAgICAgICAgICAKICAgICAgIDxocj4gPGltZyBzcmM9Imh0dHA6Ly9pbWFnZS5yYWt1dGVuLmNvLmpwL3NpZGVjYXIvY2FiaW5ldC9jYXRlZ29yeXBhZ2Uvc2ltcGxlcGFja2FnZS5qcGciIHdpZHRoPSI2MzAiIGhzcGFjZT0iNTAiIGJvcmRlcj0iMCIgYWx0PSJhdHRlbnRpb24iPiA8aHI+CiAgICAgIDwvVEQ+CjwvVFI+CjwvVEJPRFk+CjwvVEFCTEU+Cgo8IS0tqIul7KXTpeWpYKTyvUK96S0tPgogICAgICAgIDxpbWcgc3JjPSJodHRwOi8vd3d3LnJha3V0ZW4ubmUuanAvZ29sZC9zaWRlY2FyL2ltZy9jb250ZW50L3Jldmlldy5naWYiIHdpZHRoPSI3MzAiIGhlaWdodD0iMzMiIGNsYXNzPSJtYjEwIiAvPgogICAgICAgIAogICAgICAJPCEtLaH3peyl06XlqWCk8r1CvektLT4KICAgICAgICAKICAgICAgICA8IS0tqIu98O5+pKuk6cy9pLktLT4KICAgICAgICA8aW1nIHNyYz0iaHR0cDovL3d3dy5yYWt1dGVuLm5lLmpwL2dvbGQvc2lkZWNhci9pbWcvY29udGVudC9mcmVlc2hpcHBpbmcuZ2lmIiB3aWR0aD0iNzMwIiBoZWlnaHQ9IjUwIiBjbGFzcz0ibWIxMCIgLz4KICAgICAgICA8ZGl2IGNsYXNzPSJtYjI1Ij4KICAgICAgICAJPGltZyBzcmM9Imh0dHA6Ly93d3cucmFrdXRlbi5uZS5qcC9nb2xkL3NpZGVjYXIvaW1nL2NvbnRlbnQvc2VhcmNoX2FsbC5naWYiIGFsdD0iyKukxqTOyczGt6TyzL2kuSIgLz4KICAgICAgICAgICAgPGltZyBzcmM9Imh0dHA6Ly93d3cucmFrdXRlbi5uZS5qcC9nb2xkL3NpZGVjYXIvaW1nL2NvbnRlbnQvc2VhcmNoXzEwMDAuZ2lmIiBhbHQ9IqGrMTAwMIPSpM7JzMa3pPLMvaS5IiAvPgogICAgICAgICAgICA8aW1nIHNyYz0iaHR0cDovL3d3dy5yYWt1dGVuLm5lLmpwL2dvbGQvc2lkZWNhci9pbWcvY29udGVudC9zZWFyY2hfMjAwMC5naWYiIGFsdD0ioasyMDAwg9KkzsnMxrek8sy9pLkiIC8+CiAgICAgICAgICAgIDxpbWcgc3JjPSJodHRwOi8vd3d3LnJha3V0ZW4ubmUuanAvZ29sZC9zaWRlY2FyL2ltZy9jb250ZW50L3NlYXJjaF8zMDAwLmdpZiIgYWx0PSKhqzMwMDCD0qTOyczGt6TyzL2kuSIgLz4KICAgICAgICAgICAgPGltZyBzcmM9Imh0dHA6Ly93d3cucmFrdXRlbi5uZS5qcC9nb2xkL3NpZGVjYXIvaW1nL2NvbnRlbnQvc2VhcmNoXzUwMDAuZ2lmIiBhbHQ9IqGrNTAwMIPSpM7JzMa3pPLMvaS5IiAvPgogICAgICAgICAgICA8aW1nIHNyYz0iaHR0cDovL3d3dy5yYWt1dGVuLm5lLmpwL2dvbGQvc2lkZWNhci9pbWcvY29udGVudC9zZWFyY2hfbW9yZS5naWYiIGFsdD0iNTAwMYPSoaukzsnMxrek8sy9pLkiIC8+CiAgICAgICAgPC9kaXY+CiAgICAgIAk8IS0tofe98O5+pKuk6cy9pLktLT4=,R09QUk8gpbSpYKXXpe0gR09QT0xFIKWrpeGl6aWwpeqlw6XXIDpYUyBIRVJPMy9IRVJPMi9IRCCMnY/qIKG+1f3Sjsa3ob8gR08gUFJPo7qhvlNJREVDQVKhv1NVUkajplNOT1c=,pbmlzqlgpdypYKXJpbWpYKXVpaOl86W5pbGpYKXIpdypYKXJ19TcntyHpbWpYKXVpbmlsalgpb+pYKW1qWCl1aXRpfOlxKXRpb+ltKXLpaKl0Klgpcil81ZBTlOlsqXzpcal86W5pcalo6XDpa+lzqlgpdml86XQqWAwMTGl1qXsqWClq6lgpaKlpqXIpdOl6aXcpfOl3KXrpbOl4Muu18WlpqWnpcOlyKW5qWClxKXTpfOlx6WjpfOlsEdPUFJPIKW0qWCl16XtIEdPUE9MRSClq6XhpemlsKXqpcOl1yA6WFMgSEVSTzMvSEVSTzIvSEQgjJ2P6iChvtX90o7Gt6G/IEdPIFBSTw==,ob7V/dKOxrcgob8gR08gUFJPoaNHT1BSTyCltKlgpdel7SBHT1BPTEUgpaul4aXppbCl6qXDpdcgOlhTIEhFUk8zL0hFUk8yL0hEIIydj+ogob7V/dKOxrehvyBHTyBQUk8=[rn]
33-14369,aHR0cDovL3RzaG9wLnIxMHMuanAvYmF0dGVyeWdpbm5rb3UvY2FiaW5ldC9zaG9oaW4wMS8wNDUwNDI4NC8wNDU0ODA4MS9pbWdyYzAwNjk5NjQ1MTMuanBnP2ZpdGluPTcwMDo3MDA=,NDI2MC4wMDAw,,VFY/paqpYKXHpaOlqj+lq6XhpekgPiCloqWvpbultaXqqWA/sr/GtyA+IKWrpeGl6T+l06XHpaqlq6Xhpek/ueLRp5lDxvfTw6Wipa+lu6W1peqpYCA+IKXHpbilv6Xrpaul4aXp08OloqWvpbultaXqqWAgPiCkvaTOy/s=,ob6koqS5mFOMnY/qob/I1bG+pdOlr6W/qWAgSlZDIEJOLVZHMTM4L0JOLVZHMTI5IKXQpcOlxqXqqWCl0aXDpa/rirPYo6al16Xspd+loqXgs+Trisb3pcGl46lgpbil46lgQUEtVkcxIKW7pcOlyCC088jdwb8gpdOlr6W/qWAgzerIq7ulk1Gl0KXDpcal6qlgIFZJQ1RPUiBHWi1NUzIxMCAvR1otRTExNyBFdmVyaW+l06XHpaqlq6XhpenTw6XQpcOlxqXqqWCkyKXBpeOpYKW4peOpYA==,zerIq7ulk1Gl0KXDpcal6qlgs+Trisb3ob6jtqX21MKxo9Reob8=,ofHXtJFCo7qhodDCxrehotDOyr2juqGhpeqlwaWmpeClpKWqpfOz5OuKs9ihouuKiFKjuqGhMy42ViChosjdwb+juqGhNTcwMG1BaCChorTnt6ijuqGhvHNENC4zY214VzMuMWNteEg0LjI1Y22hotl8wb+juqGhvHMxMTBnPGJyPgqh8Yydj+qZQ7dOo7ql06Wvpb+pYFZJQ1RPUqOoSlZDKaXHpbilv6XrpdOlx6Wqpaul4aXpIEdaLU1TMjEwoaJHWi1NRzk4MKGiR1otSEQ2MjChokdaLUhNMzUwoaJHWi1ITTQ1MKGiR1otSE01NzChokdaLUhNNjcwoaJHWi1ITTY5MKGiR1otSE04ODChokdaLUhNODkwoaJHWi1ITTk5MKGiR1otTVMyMzChokdaLUUyNjWhokdaLUUyMjWhokdaLUUyMjChokdaLUc1oaJHWi1FWDI3MKGiR1otRVgyNTChokdaLUUyODChokdaLUUzMjChokdaLUUzMjWhokdaLUUzNDWhokdaLUVYMzUwoaJHWi1FWDM3MKGiR1otRTU2NaGiR1YtTFMxoaJHVi1MUzKhoqXIqWClq8zDR1otRTE4MKGiR1otSE0zOTChokdaLUhNMzM8YnI+CqHxsaPXb7vYwrejurG+0XXGt6TLpM/fXuuKwfexo9dvoaLfXrPk64q3wNa5oaLfXrfF64q3wNa5pM6xo9dvu9jCt6SsxNrKaaS1pOykxqSkpN6kuaTOpMfKudPDmUPG96TLpcCl4algpbik8tPrpKik66SzpMikyqSvsLLQxKS3pMaktMD708OkpKS/pMCksaTepLmho4++wLSkzqXQpcOlxqXqqWCl0aXDpa+kzsjdwb+ky4ydpLcsNTYwMG1BaKTOtPPI3cG/PGJyPgqh8byD1f2kzrPk64rG96TIpaul4aXpsb7M5aTHs+Trir/JxNyho7yD1f3Gt6TIzaykuKTopKaky8q508OkrL/JxNykzs3qyKu7pZNRxreho6WrpeGl6bG+zOWky6TPpdClw6XGpeqpYLLQwb+x7cq+pKy/ycTcoaM8YnI+CqHxpbulw6XIxNrI3To8QlI+CjEu3IekzkRDpaKlwKXXpb88QlI+CjIupcGl46lgpbil46lgKLPk64rG97G+zOUpyOvBpuuKiFIgQUMgMTAwLTI0MFakx7qjzeKkx6TOyrnTw6Tiv8nE3KTHpLmhozxCUj4KM6Gi64rUtKWzqWClyaGjPEJSPgqjtKGiuqPN4tPDieSTUaXXpemlsDxCUj4KofHI68Gm64qIUiBBQyAxMDAtMjQwVqTHuqPN4qTHpM7KudPDpOK/ycTcpMekuaGjPEJSPgqh8bG+zOWkzrPk64rW0KTPTEVEpKyz4KTIpMqk6qTepLmho7Pk64qkrM3qwcukt6TepLmkyExFRKSsvnakyKTKpOqk3qS5oaM8QlI+,ob6koqS5mFOMnY/qob/I1bG+pdOlr6W/qWAgSlZDIEJOLVZHMTM4L0JOLVZHMTI5IKXQpcOlxqXqqWCl0aXDpa/rirPYo6al16Xspd+loqXgs+Trisb3pcGl46lgpbil46lgQUEtVkcxIKW7pcOlyCC088jdwb8gpdOlr6W/qWAgzerIq7ulk1Gl0KXDpcal6qlgIFZJQ1RPUiBHWi1NUzIxMCAvR1otRTExNyBFdmVyaW+l06XHpaqlq6XhpenTw6XQpcOlxqXqqWCkyKXBpeOpYKW4peOpYKO6pdClw6XGpeqpYON50NA=,paul4aXppdClw6XGpeqpYKWrpeGl6bPk64rG96XTpcelqqXQpcOlxqXqqWCl06XHpaqz5OuKxvelq6XhpemlsKXqpcOl19fusLKCjrPk64rG96XQpcOlxqXqqWClraXjpc6l86XLpbOl86XRpcqlvaXLpcOlr6W9pcupYKG+pKKkuZhTjJ2P6qG/yNWxvqXTpa+lv6lgIEpWQyBCTi1WRzEzOC9CTi1WRzEyOSCl0KXDpcal6qlgpdGlw6Wv64qz2KOmpdel7KXfpaKl4LPk64rG96XBpeOpYKW4peOpYEFBLVZHMSClu6XDpcggtPPI3cG/IKXTpa+lv6lgIM3qyKu7pZNRpdClw6XGpeqpYCBWSUNUT1IgR1otTVMyMTAgL0daLUUxMTcgRXZlcmlvpdOlx6Wqpaul4aXp08Ol0KXDpcal6qlgpMilwaXjqWCluKXjqWA=,zerIq7ulk1Gl0KXDpcal6qlgs+Trisb3ob6jtqX21MKxo9Reob+ho6G+pKKkuZhTjJ2P6qG/yNWxvqXTpa+lv6lgIEpWQyBCTi1WRzEzOC9CTi1WRzEyOSCl0KXDpcal6qlgpdGlw6Wv64qz2KOmpdel7KXfpaKl4LPk64rG96XBpeOpYKW4peOpYEFBLVZHMSClu6XDpcggtPPI3cG/IKXTpa+lv6lgIM3qyKu7pZNRpdClw6XGpeqpYCBWSUNUT1IgR1otTVMyMTAgL0daLUUxMTcgRXZlcmlvpdOlx6Wqpaul4aXp08Ol0KXDpcal6qlgpMilwaXjqWCluKXjqWA=[rn]
33-14370,aHR0cDovL3RzaG9wLnIxMHMuanAvYmF0dGVyeWdpbm5rb3UvY2FiaW5ldC9zaG9oaW4wMS8wNDUwNDI3Ny8wNDU0ODAzNy9pbWdyYzAwNjcwMjIyMzUuanBnP2ZpdGluPTcwMDo3MDA=,MTI1Mi44MDAw,,VFY/paqpYKXHpaOlqj+lq6XhpekgPiCloqWvpbultaXqqWA/sr/GtyA+IKWrpeGl6T+l06XHpaqlq6Xhpek/ueLRp5lDxvfTw6Wipa+lu6W1peqpYCA+IKXHpbilv6Xrpaul4aXp08OloqWvpbultaXqqWAgPiCkvaTOy/s=,ob6koqS5mFOMnY/qob9Hb1BybyBBSERCVC0zMDEvMzAyILTzyN3BvzEyNTBtYWjN6siru6WTUaXQpcOlxqXqqWCkyLulk1G8scvZs+Trisb3pM6lu6XDpcggSEVSTzMvSEVSTzMr,zerIq7ulk1Gl0KXDpcal6qlgs+Trisb3ob6jtqX21MKxo9Reob8=,ofHriohSo7ozLjcgVqGhyN3Bv6O6MTI1MCBtQWihoaWwpeypYKXJo8Glu6XryrnTwzxCUj4KofGz5OuKo7q8g9X9s+Trisb3pMez5OuKv8mhobLQwb+x7cq+o7qx7cq+v8nE3DxCUj4KofGxo9dvu9jCt6O6317risH3saPXb6Gi316z5OuKt8DWuaGi3163xeuKt8DWuaTOsaPXb7vYwrekrMTaymk8QlI+CqHxsaPUXqO6o7al9tTCo6hQTLGj6pOjqMn6rmLO79lyg5TYn8jOsaPqk6OpvNPI65xnpN88QlI+CqHx1UrUXqO6UFNFpd6pYKWvo6jriprd08PGt7CyyKu3qKOppKqk6KTTIENFpd6pYKWvo6jFt9bd30K6z7CyyKvSjtbGo6nIobXD0XXGtzxCUj4=,ob6koqS5mFOMnY/qob9Hb1BybyBBSERCVC0zMDEvMzAyILTzyN3BvzEyNTBtYWjN6siru6WTUaXQpcOlxqXqqWCkyLulk1G8scvZs+Trisb3pM6lu6XDpcggSEVSTzMvSEVSTzMro7ql0KXDpcal6qlg43nQ0A==,paul4aXppdClw6XGpeqpYKWrpeGl6bPk64rG96XTpcelqqXQpcOlxqXqqWCl06XHpaqz5OuKxvelq6XhpemlsKXqpcOl19fusLKCjrPk64rG96XQpcOlxqXqqWClraXjpc6l86XLpbOl86XRpcqlvaXLpcOlr6W9pcupYKG+pKKkuZhTjJ2P6qG/R29Qcm8gQUhEQlQtMzAxLzMwMiC088jdwb8xMjUwbWFozerIq7ulk1Gl0KXDpcal6qlgpMi7pZNRvLHL2bPk64rG96TOpbulw6XIIEhFUk8zL0hFUk8zKw==,zerIq7ulk1Gl0KXDpcal6qlgs+Trisb3ob6jtqX21MKxo9Reob+ho6G+pKKkuZhTjJ2P6qG/R29Qcm8gQUhEQlQtMzAxLzMwMiC088jdwb8xMjUwbWFozerIq7ulk1Gl0KXDpcal6qlgpMi7pZNRvLHL2bPk64rG96TOpbulw6XIIEhFUk8zL0hFUk8zKw==[rn]
33-14371,aHR0cDovL3RzaG9wLnIxMHMuanAvYmF0dGVyeWdpbm5rb3UvY2FiaW5ldC9zaG9oaW4wMS8wNDUwNDI4NC8wNDU0ODA4MS9pbWdyYzAwNjc0NjcxNTEuanBnP2ZpdGluPTcwMDo3MDA=,Njk4MS42MDAw,,VFY/paqpYKXHpaOlqj+lq6XhpekgPiCloqWvpbultaXqqWA/sr/GtyA+IKWrpeGl6T+l06XHpaqlq6Xhpek/ueLRp5lDxvfTw6Wipa+lu6W1peqpYCA+IKXHpbilv6Xrpaul4aXp08OloqWvpbultaXqqWAgPiCkvaTOy/s=,stDBv7Htyr6/ycTcyNWxvqXTpa+lv6lgSlZDIEJOLVZHMTM4IKXQpcOlxqXqqWCjsoKAo6az5OuKxvel0KXDpcal6qlgpcGl46lgpbil46lgQUEtVkcxIDO146W7pcOlyCC088jdwb+jtTejsKOwo+1BaCAgpdOlr6W/qWAgzerIq7ulk1Gl0KXDpcal6qlgIFZJQ1RPUiBHWi1NUzIxMKGiR1otTUc5ODChokdaLUhENjIwILXIjJ2P6g==,zerIq7ulk1Gl0KXDpcal6qlgs+Trisb3ob6jtqX21MKxo9Reob8=,ofGMnY/qmUO3Tjxicj4KpdOlr6W/qWAgVmljdG9yPGJyPgpCTi1WRzEwNy9CTi1WRzEwOC9CTi1WRzExNC88YnI+CkJOLVZHMTE5L0JOLVZHMTIxL0JOLVZHMTI5L0JOLVZHMTM4LyA8YnI+CkFBLVZHMVZJQ1RPUiBHWi1NUzIxMKGiR1otTUc5ODChojxicj4KR1otSEQ2MjChokdaLUhNMzUwoaJHWi1ITTQ1MKGiPGJyPgpHWi1ITTU3MKGiR1otSE02NzChokdaLUhNNjkwoaI8YnI+CkdaLUhNODgwoaJHWi1ITTg5MKGiR1otSE05OTChojxicj4KR1otTVMyMzChokdaLUUyNjWhokdaLUUyMjWhojxicj4KR1otRTIyMKGiR1otRzWhokdaLUVYMjcwoaI8YnI+CkdaLUVYMjUwoaJHWi1FMjgwoaJHWi1FMzIwoaI8YnI+CkdaLUUzMjWhokdaLUUzNDWhokdaLUVYMzUwoaI8YnI+CkdaLUVYMzcwoaJHWi1FNTY1oaJHVi1MUzGhokdWLUxTMqGhPGJyPgqlyKlgpavMw0daLUUxODChokdaLUhNMzkwoaJHWi1ITTMzPGJyPgqluKXjpdGlzaXDpcikv6SrpL+lqKXWpeqlqiBHWi1FMTE3PGJyPgqh8dDOyr2juqGhpeqlwaWmpeClpKWqpfOz5OuKs9g8YnI+CqHx64qIUqO6oaEzLjZWIDxicj4KofHI3cG/o7qhoTU3MDBtQWggPGJyPgqh8bTnt6ijuqGhvHNENC4zY214VzMuMWNteEg0LjI1Y208YnI+CqHx2XzBv6O6oaG8czExMGc8YnI+CqHxo7GhotfUhNPch6TOpbelrKlgpemlpKW/qWClvaWxpcOlyKTLvdO+QaS3oaJBQ6WipcCl16W/qWCkrKTEpKSkxqSkpN6kuSzch6THpM7KudPDpOK/ycTcIDxicj4Ko7Khot1Ywb+kx9CvjqGky7TzieSx48D7IDxicj4Ko7OhosW31t3fQrrPsLLIq9KO1sbfbbrPxrekztReobijw6PFpd6pYKWtpfOlsKG5yKG1w9F1xrc8YnI+CqHxs+TrirP2waakrNfutPM2MDBtQWikzryxy9mz5OuKpb+lpKXXpMekuaGjPGJyPgqh8aW7pcOlyMTayN06PGJyPgoxLtyHpM5EQ6WipcCl16W/PGJyPiAKMi6lwaXjqWCluKXjqWAos+Trisb3sb7M5SnI68Gm64qIUiBBQyAxMDAtMjQwVqTHuqPN4qTHpM7KudPDpOK/ycTcpMekuaGjPGJyPgozoaLritS0pbOpYKXJoaM8YnI+CqO0oaK6o83i08OJ5JNRpdel6aWwPGJyPgqh8cjrwabriohSIEFDIDEwMC0yNDBWpMe6o83ipMekzsq508Ok4r/JxNykx6S5oaM8YnI+CqHxsb7M5aTOs+TritbQpM9MRUSkrLPgpMikyqTqpN6kuaGjs+TriqSszerBy6S3pN6kuaTITEVEpKy+dqTIpMqk6qTepLmhozxicj4KofGxo9Reo7qjtqX21MKjqFBMsaPqk6OoyfquYs7v2XKDlNifyM6xo+qTo6m808jrnGek3zxicj4KUFNFoaJKRVSl3qlgpa+jqOuKmt3Tw8a3sLLIq7eoufrE2tVK1F6cZ6OppKqk6KTTIENFpd6pYKWvo6jFt9bd30K6z7CyyKvSjtbGo6nRdca3IDxicj4KofGxo9dvu9jCt6O6sb7Rdca3pMukz99e64rB97Gj12+hot9es+TrirfA1rmhot9et8XrirfA1rmkzrGj12+72MK3pKzE2spppLWk7KTGpKSk3qS5pM6kx8q508OZQ8b3pMulwKXhqWCluKTy0+ukqKTrpLOkyKTKpK+wstDEpLekxqS0wPvTw6SkpL+kwKSxpN6kuaGjPGJyPg==,stDBv7Htyr6/ycTcyNWxvqXTpa+lv6lgSlZDIEJOLVZHMTM4IKXQpcOlxqXqqWCjsoKAo6az5OuKxvel0KXDpcal6qlgpcGl46lgpbil46lgQUEtVkcxIDO146W7pcOlyCC088jdwb+jtTejsKOwo+1BaCAgpdOlr6W/qWAgzerIq7ulk1Gl0KXDpcal6qlgIFZJQ1RPUiBHWi1NUzIxMKGiR1otTUc5ODChokdaLUhENjIwILXIjJ2P6qO6pdClw6XGpeqpYON50NA=,paul4aXppdClw6XGpeqpYKWrpeGl6bPk64rG96XTpcelqqXQpcOlxqXqqWCl06XHpaqz5OuKxvelq6XhpemlsKXqpcOl19fusLKCjrPk64rG96XQpcOlxqXqqWClraXjpc6l86XLpbOl86XRpcqlvaXLpcOlr6W9pcupYLLQwb+x7cq+v8nE3MjVsb6l06Wvpb+pYEpWQyBCTi1WRzEzOCCl0KXDpcal6qlgo7KCgKOms+Trisb3pdClw6XGpeqpYKXBpeOpYKW4peOpYEFBLVZHMSAzteOlu6XDpcggtPPI3cG/o7U3o7CjsKPtQWggIKXTpa+lv6lgIM3qyKu7pZNRpdClw6XGpeqpYCBWSUNUT1IgR1otTVMyMTChokdaLU1HOTgwoaJHWi1IRDYyMCC1yIydj+o=,zerIq7ulk1Gl0KXDpcal6qlgs+Trisb3ob6jtqX21MKxo9Reob+ho7LQwb+x7cq+v8nE3MjVsb6l06Wvpb+pYEpWQyBCTi1WRzEzOCCl0KXDpcal6qlgo7KCgKOms+Trisb3pdClw6XGpeqpYKXBpeOpYKW4peOpYEFBLVZHMSAzteOlu6XDpcggtPPI3cG/o7U3o7CjsKPtQWggIKXTpa+lv6lgIM3qyKu7pZNRpdClw6XGpeqpYCBWSUNUT1IgR1otTVMyMTChokdaLU1HOTgwoaJHWi1IRDYyMCC1yIydj+o=[rn]
33-14372,aHR0cDovL3RzaG9wLnIxMHMuanAvYmF0dGVyeWdpbm5rb3UvY2FiaW5ldC9zaG9oaW4wMS8wNDUwNDI4NC8wNDU0Nzk1Mi9pbWdyYzAwNjc0NzQ4ODMuanBnP2ZpdGluPTcwMDo3MDA=,Mjc0OC4wMDAw,,VFY/paqpYKXHpaOlqj+lq6XhpekgPiCloqWvpbultaXqqWA/sr/GtyA+IKWrpeGl6T+l06XHpaqlq6Xhpek/ueLRp5lDxvfTw6Wipa+lu6W1peqpYCA+IKXHpbilv6Xrpaul4aXp08OloqWvpbultaXqqWAgPiCkvaTOy/s=,ob6koqS5mFOMnY/qob+y0MG/se3Kvr/JxNwgT0xZTVBVUyClqqXqpfOl0aW5IExJLTkwQiC7pZNRpdClw6XGpeqpYKXRpcOlr7Pk64rrirPYo7KCgKTIs+Trisb3pdel7KXfpaKl4KXBpeOpYKW4peOpYFVDLTkwIKTOo7O146W7pcOlyCBYWi0yIC8gU0gtNjAgLyBTSC01MC9URy0yIFRvdWdoIC8gVEctMSClq6XhpenTww==,zerIq7ulk1Gl0KXDpcal6qlgs+Trisb3ob6jtqX21MKxo9Reob8=,ofHriohSo7qhoTMuNlYgPGJyPgqh8cjdwb+juqGhMTU1MG1BaDxicj4KofGMnY/qmUO3Tjxicj4KU1RZTFVTIFhaLTIgIFNUWUxVUyBTSC02MCAgPGJyPgpTVFlMVVMgU0gtNTAgU1RZTFVTIFRHLTIgVG91Z2ggPGJyPgpURy0xIFRvdWdoIFRvdWdoIFRHLTEgSGlzPGJyPgpUb3VnaCBURy0xIGlIUzxicj4KofG7pZNRv8nE3LPk64rG96O7T0xZTVBVU6GhVUMtOTChozxicj4KofGxo9Reo7qjtqX21MKjqFBMsaPqk6OoyfquYs7v2XKDlNifyM6xo+qTo6m808jrnGek36GiUFNFoaJKRVSl3qlgpa+jqOuKmt3Tw8a3sLLIq7eoufrE2tVK1F6cZ6OppKqk6KTTIENFpd6pYKWvo6jFt9bd30K6z7CyyKvSjtbGo6nRdca3IDxicj4KofGxo9dvu9jCt6O6sb7Rdca3pMukz99e64rB97Gj12+hot9es+TrirfA1rmhot9et8XrirfA1rmkzrGj12+72MK3pKzE2spppLWk7KTGpKSk3qS5pM6kx8q508OZQ8b3pMulwKXhqWCluKTy0+ukqKTrpLOkyKTKpK+wstDEpLekxqS0wPvTw6SkpL+kwKSxpN6kuaGjPGJyPgqh8aOxoaLX1ITT3IekzqW3paypYKXppaSlv6lgpb2lsaXDpciky73TvkGkt6GiQUOloqXApdelv6lgpKykxKSkpMakpKTepLks3Iekx6TOyrnTw6Tiv8nE3CA8YnI+CqOyoaLdWMG/pMfQr46hpMu084nksePA+yA8YnI+CqOzoaLFt9bd30K6z7CyyKvSjtbG3226z8a3pM7UXqG4o8OjxaXeqWClraXzpbChucihtcPRdca3PGJyPgqh8bPk64qz9sGmpKzX7rTzNjAwbUFopM68scvZs+TriqW/paSl16THpLmhozxicj4KofGlu6XDpcjE2sjdOjxicj4KMS7ch6TOREOloqXApdelvyA8YnI+CjIupcGl46lgpbil46lgKLPk64rG97G+zOUpyOvBpuuKiFIgQUMgMTAwLTI0MFakx7qjzeKkx6TOyrnTw6Tiv8nE3KTHpLmhozxicj4KM6Gi64rUtKWzqWClyaGjPGJyPgqjtKGiuqPN4tPDieSTUaXXpemlsDxicj4KofHI68Gm64qIUiBBQyAxMDAtMjQwVqTHuqPN4qTHpM7KudPDpOK/ycTcpMekuaGjILG+zOWkzrPk64rW0KTPTEVEpKyz4KTIpMqk6qTepLmho7Pk64qkrM3qwcukt6TepLmkyExFRKSsvnakyKTKpOqk3qS5oaM8YnI+,ob6koqS5mFOMnY/qob+y0MG/se3Kvr/JxNwgT0xZTVBVUyClqqXqpfOl0aW5IExJLTkwQiC7pZNRpdClw6XGpeqpYKXRpcOlr7Pk64rrirPYo7KCgKTIs+Trisb3pdel7KXfpaKl4KXBpeOpYKW4peOpYFVDLTkwIKTOo7O146W7pcOlyCBYWi0yIC8gU0gtNjAgLyBTSC01MC9URy0yIFRvdWdoIC8gVEctMSClq6XhpenTw6O6pdClw6XGpeqpYON50NA=,paul4aXppdClw6XGpeqpYKWrpeGl6bPk64rG96XTpcelqqXQpcOlxqXqqWCl06XHpaqz5OuKxvelq6XhpemlsKXqpcOl19fusLKCjrPk64rG96XQpcOlxqXqqWClraXjpc6l86XLpbOl86XRpcqlvaXLpcOlr6W9pcupYKG+pKKkuZhTjJ2P6qG/stDBv7Htyr6/ycTcIE9MWU1QVVMgpaql6qXzpdGluSBMSS05MEIgu6WTUaXQpcOlxqXqqWCl0aXDpa+z5OuK64qz2KOygoCkyLPk64rG96XXpeyl36WipeClwaXjqWCluKXjqWBVQy05MCCkzqOzteOlu6XDpcggWFotMiAvIFNILTYwIC8gU0gtNTAvVEctMiBUb3VnaCAvIFRHLTEgpaul4aXp08M=,zerIq7ulk1Gl0KXDpcal6qlgs+Trisb3ob6jtqX21MKxo9Reob+ho6G+pKKkuZhTjJ2P6qG/stDBv7Htyr6/ycTcIE9MWU1QVVMgpaql6qXzpdGluSBMSS05MEIgu6WTUaXQpcOlxqXqqWCl0aXDpa+z5OuK64qz2KOygoCkyLPk64rG96XXpeyl36WipeClwaXjqWCluKXjqWBVQy05MCCkzqOzteOlu6XDpcggWFotMiAvIFNILTYwIC8gU0gtNTAvVEctMiBUb3VnaCAvIFRHLTEgpaul4aXp08M=[rn]
33-14373,aHR0cDovL3RzaG9wLnIxMHMuanAvYmF0dGVyeWdpbm5rb3UvY2FiaW5ldC9zaG9oaW4wMS8wNDUwNDI4NC8wNDU0ODAzOC9pbWdyYzAwNjg4MTg4NjguanBnP2ZpdGluPTcwMDo3MDA=,MjQwMi40MDAw,,VFY/paqpYKXHpaOlqj+lq6XhpekgPiCloqWvpbultaXqqWA/sr/GtyA+IKWrpeGl6T+l06XHpaqlq6Xhpek/ueLRp5lDxvfTw6Wipa+lu6W1peqpYCA+IKXHpbilv6Xrpaul4aXp08OloqWvpbultaXqqWAgPiCkvaTOy/s=,ob6koqS5mFOMnY/qob+y0MG/se3Kvr/JxNwgR29Qcm8gpbSpYKXXpe0gQUhEQlQtNDAxIM3qyKu7pZNRpdClw6XGpeqpYOuKs9gygoCjqKXhqWClq6lgvIPV/bPk64rG94ydj+qjqaTIIKWrpeGl6aXQpcOlxqXqqWAgVVNCpcGl46lgpbil46lgo6i8g9X9u6WTUaTIpOKky7Pk64q/ycTco6mkzjO146W7pcOlyCBHb1BybyBIRVJPNCClq6XhpekgjJ2P6g==,u6WTUaXQpcOlxqXqqWCz5OuKxvehvqO2pfbUwrGj1F6hvw==,ofHriohSo7ozLjggVqGhyN3Bv6O6MTY2MCBtQWihoaWwpeypYKXJo8Glu6XryrnTwzxicj4KofGz5OuKo7q8g9X9s+Trisb3pMez5OuKv8mhobLQwb+x7cq+o7qx7cq+v8nE3Dxicj4KofHI68Gmo7ptaWNybyBVU0IgREM1VqHANSUgoaKz9sGmo7pEQyA0LjJWocA1JSA1MDBtQaGiVVNCtsvX06SspKKk65lDxveky73TvkGkt6GipMmks6THpOKz5OuKv8nE3CA/s6zdWMG/pMfQr46hpMu084nksePA+6GjPGJyPgqh8bGj12+72MK3o7qxvtF1xreky6TP317risH3saPXb6Gi316z5OuKt8DWuaGi3163xeuKt8DWuaTOsaPXb7vYwrekrMTaymmktaTspMakpKTepLmkzqTHyrnTw5lDxveky6XApeGpYKW4pPLT66SopOuks6TIpMqkr7Cy0MSkt6TGpLTA+9PDpKSkv6TApLGk3qS5oaMgxbfW3d9Cus+wssir0o7Wxt9tus/Gt6TO1F6huKPDo8Wl3qlgpa2l86WwobnIobXD0XXGt6GipLTZj8jryNWk6KTqo7al9tTCsaPUXqGjPGJyPgqh8bPk64rW0KTPs+Cl6aXzpdehorPk64rN6sHL4eGkz752peml86XXpMekqtaqpOmku6GjPGJyPg==,ob6koqS5mFOMnY/qob+y0MG/se3Kvr/JxNwgR29Qcm8gpbSpYKXXpe0gQUhEQlQtNDAxIM3qyKu7pZNRpdClw6XGpeqpYOuKs9gygoCjqKXhqWClq6lgvIPV/bPk64rG94ydj+qjqaTIIKWrpeGl6aXQpcOlxqXqqWAgVVNCpcGl46lgpbil46lgo6i8g9X9u6WTUaTIpOKky7Pk64q/ycTco6mkzjO146W7pcOlyCBHb1BybyBIRVJPNCClq6XhpekgjJ2P6qO6pdClw6XGpeqpYON50NA=,paul4aXppdClw6XGpeqpYKWrpeGl6bPk64rG96XTpcelqqXQpcOlxqXqqWCl06XHpaqz5OuKxvelq6XhpemlsKXqpcOl19fusLKCjrPk64rG96XQpcOlxqXqqWClraXjpc6l86XLpbOl86XRpcqlvaXLpcOlr6W9pcupYKG+pKKkuZhTjJ2P6qG/stDBv7Htyr6/ycTcIEdvUHJvIKW0qWCl16XtIEFIREJULTQwMSDN6siru6WTUaXQpcOlxqXqqWDrirPYMoKAo6il4algpaupYLyD1f2z5OuKxveMnY/qo6mkyCClq6Xhpeml0KXDpcal6qlgIFVTQqXBpeOpYKW4peOpYKOovIPV/bulk1GkyKTipMuz5OuKv8nE3KOppM4zteOlu6XDpcggR29Qcm8gSEVSTzQgpaul4aXpIIydj+o=,u6WTUaXQpcOlxqXqqWCz5OuKxvehvqO2pfbUwrGj1F6hv6Gjob6koqS5mFOMnY/qob+y0MG/se3Kvr/JxNwgR29Qcm8gpbSpYKXXpe0gQUhEQlQtNDAxIM3qyKu7pZNRpdClw6XGpeqpYOuKs9gygoCjqKXhqWClq6lgvIPV/bPk64rG94ydj+qjqaTIIKWrpeGl6aXQpcOlxqXqqWAgVVNCpcGl46lgpbil46lgo6i8g9X9u6WTUaTIpOKky7Pk64q/ycTco6mkzjO146W7pcOlyCBHb1BybyBIRVJPNCClq6XhpekgjJ2P6g==[rn]
33-14374,aHR0cDovL3RzaG9wLnIxMHMuanAvYmF0dGVyeWdpbm5rb3UvY2FiaW5ldC9zaG9oaW4wMS8wNDUwNDI4Ni8wNDUzOTczNS9pbWdyYzAwNzAyMDY2ODQuanBnP2ZpdGluPTcwMDo3MDA=,NjM1OS4yMDAw,,VFY/paqpYKXHpaOlqj+lq6XhpekgPiCloqWvpbultaXqqWA/sr/GtyA+IKWrpeGl6T+l06XHpaqlq6Xhpek/ueLRp5lDxvfTw6Wipa+lu6W1peqpYCA+IKXHpbilv6Xrpaul4aXp08OloqWvpbultaXqqWAgPiCkvaTOy/s=,ob6koqS5mFOMnY/qob/N6sirvbuTUca3Q2Fub24gQkctRTE0IIydj+ql3qXrpcGl0aXvqWCl0KXDpcal6qlgpbCl6qXDpdekyExQLUU2pdClw6XGpeqpYDGCgKTOpbulw6XIILyD1f27pZNRxrdFT1MgNzBEIKGhpa2l46XOpfOhobyD1f2z5OuKxvelwaXjqWCluKXjqWCMnY/qoaFDYW5vbiBFT1MgNzBE,zerIq7ulk1Gl0KXDpcal6qlgpbCl6qXDpdehvqO2pfbUwrGj1F6hvw==,ofGMnY/qmUO3TjpDYW5vbiBFT1MgNzBEoaOMnY/qpdClw6XGpeqpYDpDYW5vbiBMUC1FNngyoaKFZzPrirPYeDaho7T6zOa/ycTcpdClw6XGpeqpYKWwpeqlw6XXo7pDYW5vbiBCRy1FMTQ8QlI+CqHxpdClw6XGpeqpYKXRpcOlr0xQLUU2o6ijsYKApN6kv6TPo7KCgKOp17DXxaS5pOuks6TIpKykx6StoaK/a8671sO06dOwpM6kt6TkpLmkpIyf08Ol0KXDpcal6qlgpbCl6qXDpdekx6S5oaOFZ6Oz0M7rirPYo6iloqXrpaul6ses64qz2KOppOLKudPDpMekraTepLmhozxCUj4KofEoMSmlt6XjpcOlv6lgpdylv6XzoaIoMiml4aWkpfPritfTpcClpKXkpeuhoigzKaXepeulwaWzpfOlyKXtqWCl6algoaIoNClBRqXVpeypYKXg33iSa6Xcpb+l86GiKDUpQUWl7aXDpa8vRkWl7aXDpa+l3KW/pfOhoig2KUFGpbmlv6lgpcil3KW/pfOhoig3KaXepeulwaXVpaGl86Wvpbel56Xzpdylv6XzpPLXsILkoaO/a8671sOy2df3sr+yxKW5paSlw6XBpM+hor9rzrvWw7Tp07AvuuHOu9bDtOnTsKTOx9DM5qSo08OluaWkpcOlwaTHIE9OIKTLpLmk66TIoaKl0KXDpcal6qlgpbCl6qXDpdekzqXcpb+l86TkpcClpKXkpeukrKGipaul4aXpsb7M5aTOpOKkzqTIzayYlKTLmUPE3KS5pOuhozxCUj4KofFMUC1FNiCjsoKAoaKk3qS/pM+FZzPrirPYo7axvqTyyrnTw7/JxNyho9OizsTIoZJR1WjD95X4pOK4tqSkpMakqqTqpN6kuaGjPEJSPgqh8cW31t3fQrrPsLLIq9KO1sbfbbrPxrekztReobijw6PFpd6pYKWtpfOlsKG5yKG1w9F1xrehor3wyvS2y9fTsaPXb6WtpeOlw6XXuLakraGjPEJSPjxCUj4KCqHyvbuTUaXQpcOlxqXqqWA8QlI+CqHx64qIUqO6Ny40IFahocjdwb+jujIzMDAgbUFooaGlsKXsqWClyaPBpbul68q508M8QlI+CqHxs+TriqO6vIPV/bPk64rG96THs+Trir/JoaGy0MG/se3KvqO6se3Kvr/JxNw8QlI+CqHxsaPXb7vYwrejut9e64rB97Gj12+hot9es+TrirfA1rmhot9et8XrirfA1rmkzrGj12+72MK3pKzE2sppPEJSPgqh8bGj1F6juqO2pfbUwqOoUEyxo+qTo6jJ+q5izu/ZcoOU2J/IzrGj6pOjqbzTyOucZ6TfPEJSPgqh8dVK1F6julBTRaXeqWClr6Oo64qa3dPDxrewssirt6ijqaSqpOik0yBDRaXeqWClr6OoxbfW3d9Cus+wssir0o7WxqOpyKG1w9F1xrcgPEJSPg==,ob6koqS5mFOMnY/qob/N6sirvbuTUca3Q2Fub24gQkctRTE0IIydj+ql3qXrpcGl0aXvqWCl0KXDpcal6qlgpbCl6qXDpdekyExQLUU2pdClw6XGpeqpYDGCgKTOpbulw6XIILyD1f27pZNRxrdFT1MgNzBEIKGhpa2l46XOpfOhobyD1f2z5OuKxvelwaXjqWCluKXjqWCMnY/qoaFDYW5vbiBFT1MgNzBEo7ql0KXDpcal6qlg43nQ0A==,paul4aXppdClw6XGpeqpYKWrpeGl6bPk64rG96XTpcelqqXQpcOlxqXqqWCl06XHpaqz5OuKxvelq6XhpemlsKXqpcOl19fusLKCjrPk64rG96XQpcOlxqXqqWClraXjpc6l86XLpbOl86XRpcqlvaXLpcOlr6W9pcupYKG+pKKkuZhTjJ2P6qG/zerIq727k1HGt0Nhbm9uIEJHLUUxNCCMnY/qpd6l66XBpdGl76lgpdClw6XGpeqpYKWwpeqlw6XXpMhMUC1FNqXQpcOlxqXqqWAxgoCkzqW7pcOlyCC8g9X9u6WTUca3RU9TIDcwRCChoaWtpeOlzqXzoaG8g9X9s+Trisb3pcGl46lgpbil46lgjJ2P6qGhQ2Fub24gRU9TIDcwRA==,zerIq7ulk1Gl0KXDpcal6qlgpbCl6qXDpdehvqO2pfbUwrGj1F6hv6Gjob6koqS5mFOMnY/qob/N6sirvbuTUca3Q2Fub24gQkctRTE0IIydj+ql3qXrpcGl0aXvqWCl0KXDpcal6qlgpbCl6qXDpdekyExQLUU2pdClw6XGpeqpYDGCgKTOpbulw6XIILyD1f27pZNRxrdFT1MgNzBEIKGhpa2l46XOpfOhobyD1f2z5OuKxvelwaXjqWCluKXjqWCMnY/qoaFDYW5vbiBFT1MgNzBE[rn]
33-14375,aHR0cDovL3RzaG9wLnIxMHMuanAvYmF0dGVyeWdpbm5rb3UvY2FiaW5ldC9zaG9oaW4wMS8wNDUwNDI4Ni8wNDUzOTg4NS9pbWdyYzAwNzAyMTAxMDUuanBnP2ZpdGluPTcwMDo3MDA=,NjgwOC44MDAw,,VFY/paqpYKXHpaOlqj+lq6XhpekgPiCloqWvpbultaXqqWA/sr/GtyA+IKWrpeGl6T+l06XHpaqlq6Xhpek/ueLRp5lDxvfTw6Wipa+lu6W1peqpYCA+IKXHpbilv6Xrpaul4aXp08OloqWvpbultaXqqWAgPiCkvaTOy/s=,ob6koqS5mFOMnY/qob+l2qXzpb+lw6WvpbkgRC1CRzUgpd6l66XBpdGl76lgpdClw6XGpeqpYKWwpeqlw6XXpMhELUxJOTCl0KXDpcal6qlgpM6lu6XDpcggRC1MaTkwUCBELUxJOTCl0KXDpcal6qlgpMiFZzPrirPY08MvIEstM6Ghpaul4aXpjJ2P6qGhUGVudGF4IKGhvIPV/ca3u6WTUca3,zerIq7ulk1GlsKXqpcOl16G+o7al9tTCsaPUXqG/,ofEgjJ2P6plDt04gUGVudGF4OiBLLTMgjJ2P6qXQpcOlxqXqqWA6UGVudGF4IEQtTGk5MC9ELUxpOTBQeDGhooVnyP3rirPYeDYgtPrM5r/JxNyl0KXDpcal6qlgpbCl6qXDpdejulBlbnRheCBELUJHNTxCUj4KofEgv2vOu9bDtOnTsKTLsePA+6TKoaK/a8671sOlt6XjpcOlv6lgpdylv6XzP6XepeulwaW7peylr6W/qWA/peGlpKXzpbOl3qXzpcmlwKWkpeSl6z+ltaXWpbOl3qXzpcmlwKWkpeSl6z9BRtf3hNOl3KW/pfOk8tewguSkt6TGpKSk3qS5oaM8QlI+CqHxILGj1F6juqO2pfbUwqOoUEyxo+qTo6jJ+q5izu/ZcoOU2J/IzrGj6pOjqbzTyOucZ6TfoaIgQ0Wl3qlgpa+jqMW31t3fQrrPsLLIq9KO1sajqdF1xrcgsaPXb7vYwrejurG+0XXGt6TLpM/fXuuKwfexo9dvoaLfXrPk64q3wNa5oaLfXrfF64q3wNa5pM6xo9dvu9jCt6SsxNrKaaS1pOykxqSkpN6kuaTOpMfKudPDmUPG96TLpcCl4algpbik8tPrpKik66SzpMikyqSvsLLQxKS3pMaktMD708OkpKS/pMCksaTepLmhozxCUj48QlI+Cgqh8qXQpcOlxqXqqWA8QlI+CqHxjJ2P6plDt048QlI+CqXapfOlv6XDpa+luSClx6W4pb+l69K70dul7KXVpaul4aXpPEJSPgpLLTcvNjQ1RC9LLTUvNjQ1L0stMDEvSy01IElJIC8gSy01IElJcy9LLTM8QlI+CqXQpcOlxqXqqWClsKXqpcOl16O6RC1CRzQgLyBELUJHNTxCUj4KobhQZW50YXggRC1MSTkwL0QtTGk5MFChuaSsyrnTw7/JxNykyplDxvekx6SipOyk0KSzpOzS1M3ipMuk4oydj+qkt6TepLmhozxCUj4KofG7pZNRv8nE3KXQpcOlxqXqqWCjuqXapfOlv6XDpa+luSBELUxpOTAgLyBELUxpOTBQIDxCUj4KofGxo9dvu9jCt6O6sb7Rdca3pMukz99e64rB97Gj12+hot9es+TrirfA1rmhot9et8XrirfA1rmkzrGj12+72MK3pKzE2spppLWk7KTGpKSk3qS5pM6kx8q508OZQ8b3pMulwKXhqWCluKTy0+ukqKTrpLOkyKTKpK+wstDEpLekxqS0wPvTw6SkpL+kwKSxpN6kuaGjPEJSPgqh8byD1f2kzrPk64rG96TIpaul4aXpsb7M5aTHs+Trir/JxNwgPEJSPgqh8cW31t3fQrrPsLLIq9KO1sbfbbrPxrekztReobijw6PFpd6pYKWtpfOlsKG5pMjI1bG+obhQU0WhucihtcPRdca3IDxCUj4KofHQzsq9o7qhoaXqpcGlpqXgpaSlqqXzs+TrirPYIDxCUj4KofHriohSo7qhoTcuNFY8QlI+CqHxyN3Bv6O6oaEyMTUwbUFoPEJSPgqh8bTzpK2ktaO6oaG8czM5LjBtbaHBNTYuMW1tocEyMC45bW08QlI+CqHx2XzBv6O6oaG8czc2ZzxCUj4KofHJq6O6oaH8XDxCUj4=,ob6koqS5mFOMnY/qob+l2qXzpb+lw6WvpbkgRC1CRzUgpd6l66XBpdGl76lgpdClw6XGpeqpYKWwpeqlw6XXpMhELUxJOTCl0KXDpcal6qlgpM6lu6XDpcggRC1MaTkwUCBELUxJOTCl0KXDpcal6qlgpMiFZzPrirPY08MvIEstM6Ghpaul4aXpjJ2P6qGhUGVudGF4IKGhvIPV/ca3u6WTUca3o7ql0KXDpcal6qlg43nQ0A==,paul4aXppdClw6XGpeqpYKWrpeGl6bPk64rG96XTpcelqqXQpcOlxqXqqWCl06XHpaqz5OuKxvelq6XhpemlsKXqpcOl19fusLKCjrPk64rG96XQpcOlxqXqqWClraXjpc6l86XLpbOl86XRpcqlvaXLpcOlr6W9pcupYKG+pKKkuZhTjJ2P6qG/pdql86W/pcOlr6W5IEQtQkc1IKXepeulwaXRpe+pYKXQpcOlxqXqqWClsKXqpcOl16TIRC1MSTkwpdClw6XGpeqpYKTOpbulw6XIIEQtTGk5MFAgRC1MSTkwpdClw6XGpeqpYKTIhWcz64qz2NPDLyBLLTOhoaWrpeGl6Yydj+qhoVBlbnRheCChobyD1f3Gt7ulk1HGtw==,zerIq7ulk1GlsKXqpcOl16G+o7al9tTCsaPUXqG/oaOhvqSipLmYU4ydj+qhv6XapfOlv6XDpa+luSBELUJHNSCl3qXrpcGl0aXvqWCl0KXDpcal6qlgpbCl6qXDpdekyEQtTEk5MKXQpcOlxqXqqWCkzqW7pcOlyCBELUxpOTBQIEQtTEk5MKXQpcOlxqXqqWCkyIVnM+uKs9jTwy8gSy0zoaGlq6XhpemMnY/qoaFQZW50YXggoaG8g9X9xre7pZNRxrc=[rn]
33-14376,aHR0cDovL3RzaG9wLnIxMHMuanAva2Vua29jb20vY2FiaW5ldC9lNDcyMy9lNDcyMzA1aF9sLmpwZz9maXRpbj03MDA6NzAw,NjM5LjIwMDA=,,VFY/paqpYKXHpaOlqj+lq6XhpekgPiCloqWvpbultaXqqWA/sr/GtyA+IKWrpeGl6T+l06XHpaqlq6Xhpek/ueLRp5lDxvfTw6Wipa+lu6W1peqpYCA+IKXHpbilv6Xrpaul4aXp08OloqWvpbultaXqqWAgPiCkvaTOy/s=,pbWl86XvpbWl16XppaQgpbOl86XRpa+lyKXHpbilq6Xh08OlzaXDpa+luaXIpemlw6XXIMuu0/Egpeylw6XJIERHLVNUMzRSW6W1pfOl76W1pdel6aWkIKWrpeGl6dPDpbmlyKXppcOl110=,pbWl86XvpbWl16XppaQvy7CSaTE5MDCD0tLUyc/LzcHPn2/Bzw==,PGJyPjxkaXYgY2xhc3M9InJldmlld0JuciI+PGRpdj48Zm9udCBzaXplID0gMz48c3BhbiBzdHlsZT0ibGluZS1oZWlnaHQ6MTMwJSI+pLOkwaTppM7JzMa3PC9zcGFuPtK7t6yBXKTqpa2l46XzpdqpYKXzjJ3P88nMxrejoaOhPGJyPjxzcGFuIHN0eWxlPSJsaW5lLWhlaWdodDoxMzAlIj6ks6TOyczGt6TOPHNwYW4+yczGt6XspdOl5algpPI8c3Ryb25nPjG3rKTLPC9zdHJvbmc+zba45aS3pMbtlKSkpL+3vTwvc3Bhbj6kyzwvc3Bhbj48YnI+IDxzdHJvbmc+MzAwg9JPRkalr6lgpd2l8zwvc3Ryb25nPqTypdel7KW8pfOlyKOhPGJyPjwvZGl2PjwvZGl2PqH5P6XspdOl5algzba45ZVypMult6XnpcOl16TY16LOxLesusWk8taqpOmku6TroaOkzqXBpaelw6WvpPLI66TspMakr6TApLWkpKGjPGJyPj/h4cjVpeGpYKXrpMukxqWvqWCl3aXzVVJMpPKkqsvNpOqkt6TepLmhozxhIGhyZWY9Imh0dHA6Ly93d3cucmFrdXRlbi5uZS5qcC9nb2xkL2tlbmtvY29tL2ZlYXR1cmVsaW5rL3Jldmlldy9pbmRleC5odG1sIj6h9qH11JSkt6SvpM+ks6TBpOmh9aH2PC9hPjxicj4/y/ukzre9pKzPyKTLzba45aS3pL+I9rrPpM+lr6lgpd2l899Ns8qkzoydz/PN4qTIpMqk6qTepLmkzqTHpLTXotLipK+kwKS1pKSho6XspdOl5algzba45aTPz8Kyv6TL05vdZKS3pMakpKTepLmhozxicj4/peyl06XlqWDNtrjlpKuk6be007Ok3qTHlXKy7qSspKKk66S/pOGhosnMxre7rcPmyc+kzqXspdOl5algvP7K/aTIjGfrSKTOzba45bz+yv2krK6QpMqk64j2us+krKSipOqk3qS5pM6kx9PopOGktMHLs9Ckr6TApLWkpKGjPGJyPjxicj48YnI+PHNtYWxsPqH5pdGlw6WxqWCluKXHpbalpKXztcikz9PouOakyqSvieS4/KS1pOyk66SzpMikrKSipOqk3qS5oaM8L3NtYWxsPjxicj48YnI+PHRhYmxlPjx0cj48dGQgd2lkdGg9IjEwMCUiPjxwIGNsYXNzPSJwZGVzYyI+PGRpdiBjbGFzcz0icGRlc2N0aXRsZSI+yczGt9Vow/c8L2Rpdj48ZGl2IGNsYXNzPSJwZGVzY2hvbmJ1biI+obiltaXzpe+ltaXXpemlpCCls6XzpdGlr6XIpceluKWrpeHTw6XNpcOlr6W5pcil6aXDpdcgy67T8SCl7KXDpckgREctU1QzNFKhuaTPoaLIoaTquLaksbqGhWekyqTBpOekpqTJpKSkpOlMpLWkzqXNpcOlr6W5pcil6aXDpdekx6S5oaOlq6W4peWloqXrpMelraXlqWClyKTKy67T8cSjmJSho6XspcOlyaGjPC9kaXY+PGRpdiBjbGFzcz0icGRlc2N0aXRsZSI+pLTXotLiPC9kaXY+PGRpdiBjbGFzcz0icGRlc2Nob25idW4iPqHxzqPqk6THpLmkzqTHoaLK16TkytbK16TLpbmlyKXppcOl16TypKuksaS/pN6k3o+KpK/S/aSrpMqkpKTopKaky6S3pMakr6TApLWkpKGjPGJyPqHxpaul4aXppMqkyaTypMSksaS/pN6k3tXxpOq72KS3pL+k6o+KpK/S/aTDj4ikw6S/pOqkt6TKpKSkx6SvpMCktaSkoaPH0KTspL+k6s3ipOykv6TqpLmk66SzpMikrKSipOqk3qS5oaM8L2Rpdj48ZGl2IGNsYXNzPSJwZGVzY3RpdGxlIj7Rdca3ysuYlDwvZGl2PjxkaXYgY2xhc3M9InBkZXNjaG9uYnVuIj6h8aWrpempYKO6y67T8T+l7KXDpck8YnI+ofGltaWkpbo8YnI+pbmlyKXppcOl17f5LzEwbW08YnI+yKvpTC+8czUyNW1tKKW5pcil6aXDpdeyv7fWLzQ1MG1toaK98L7fsr+31i8yNW1toaLLych+vH4vNTBtbSk8YnI+ofnpTKS11XvV+6TPpMekraTepLuk86GjPGJyPqH5z8i2y6TPyKGk6s3ipLuk3qS5oaM8YnI+ofm/cNF1xrekzqS/pOGhoqW1paSluqTPpKKkr6TepMek4rv5nMqCjqTHpLmho8r9bW2kztVgsu6krMn6pLik66SzpMikrKSipOqk3qS5oaM8YnI+ofGyxNl8o7q+ZKGipd2l6qWopbmlxqXrPGJyPqHxxM26ydbYo7o1MDBnPC9kaXY+PC9wPjwvdGQ+PC90cj48L3RhYmxlPjxicj6l1qXppfOlyaO6pbWl86XvpbWl16XppaQ8YnI+pbGl86WzqWCls6XgVE9Qo7680uuKo7654tGnmUPG96O+paul4aXpP6XTpcelqqWrpeGl6aO+paul4aXp08OluaXIpemlw6XXo76ltaXzpe+ltaXXpemlpCCls6XzpdGlr6XIpceluKWrpeHTw6XNpcOlr6W5pcil6aXDpdcgy67T8SCl7KXDpckgREctU1QzNFI8YnI+0XXU7NicidPUqqO6pbWl86XvpbWl16XppaQ8YnI+PGJyPjxicj48YnI+PGJyPjxicj5KQU6ls6lgpcmjuqGhNDk2OTg4NzM1MTg5NTxicj48YnI+PHRhYmxlIHdpZHRoPSIxMDAlIiBib3JkZXI9MCBjZWxsc3BhY2luZz0wIGNlbGxwYWRkaW5nPTU+PHRyPjx0ZD48cCBjbGFzcz0ic2VpZGVzYyI+PC9wPjwvdGQ+PHRyPjx0ZD48L3RkPjwvdHI+PC90YWJsZT48YnI+PGJyPjxicj6O2rjmzsTYn6O6pbGl86WzqWCls6Xg1urKvbvhyec8YnI+VEVMo7owNTAtNTU3Ny01MDQyPGJyPjxicj5bpbWl86XvpbWl16XppaRdPGJyPrni0aeZQ8b3L6WrpeGl6T+l06XHpaqlq6Xhpekvpaul4aXp08OluaXIpemlw6XXPGJyPjxicj6lxqXspdO9Qr3po7oKCqXIpd6lyKW4peWpYKW5IC8gCqXepaulx6XfpaKlyqXDpcSlqqWkpesgLyAK64qE06XWpeylw6XJpaulw6W/qWAgLyAKpeulpKXcpbmlxqWjqWAgLyAKpOqk86S09aEgLyAKtqi3rMnMxrcgLyAKPGJyPjxicj4KCjxkaXYgc3R5bGU9Im1hcmdpbi1ib3R0b206MTBweDsiPgoKPGltZyBzcmM9Imh0dHBzOi8vaW1hZ2UucmFrdXRlbi5jby5qcC9yYWt1dGVuMjQvY2FiaW5ldC9jb3Vwb24vYm5yXzEwMF83MDBfNjAuanBnIiBhbHQ9IrP1pOGkxqTOt73P3raoMTAwg9JPRkajoSIgd2lkdGg9IjcwMCIgaGVpZ2h0PSI2MCIgCgpib3JkZXI9IjAiPgo8L2Rpdj4KCgo8IS0tZGl2IHN0eWxlPSJtYXJnaW4tYm90dG9tOjEwcHg7Ij4KCjxpbWcgc3JjPSJodHRwOi8vaW1hZ2UucmFrdXRlbi5jby5qcC9yYWt1dGVuMjQvY2FiaW5ldC9jb3Vwb24vYm5yXzcwMF82MF80LmpwZyIgYWx0PSI0LDAwMIPS0tTJz9mPyOukxzEwJU9GRqOhIiB3aWR0aD0iNzAwIiAKCmhlaWdodD0iNjAiIGJvcmRlcj0iMCI+CjwvZGl2LS0+CgoKPGRpdiBzdHlsZT0ibWFyZ2luLWJvdHRvbToxMHB4OyI+Cgo8aW1nIHNyYz0iaHR0cDovL2ltYWdlLnJha3V0ZW4uY28uanAva2Vua29jb20vY2FiaW5ldC9ibnJfNzAwXzYwXzUwMDAuanBnIiBhbHQ9IjUsMDAwg9LS1MnP2Y/I66THMTAlT0ZGo6EiIHdpZHRoPSI3MDAiIGhlaWdodD0iNjAiIAoKYm9yZGVyPSIwIj4KPC9kaXY+CgoKPCEtLWRpdiBzdHlsZT0ibWFyZ2luLWJvdHRvbToxMHB4OyI+Cgo8aW1nIHNyYz0iaHR0cDovL2ltYWdlLnJha3V0ZW4uY28uanAva2Vua29jb20vY2FiaW5ldC9ibnJfNzAwXzYwXzEyLmpwZyIgYWx0PSIxMCwwMDCD0tLUyc/Zj8jrpMcxMiVPRkajoSIgd2lkdGg9IjcwMCIgaGVpZ2h0PSI2MCIgCgpib3JkZXI9IjAiPgo8L2Rpdi0tPgoKCgoKPCEtLWRpdiBzdHlsZT0ibWFyZ2luLWJvdHRvbToxMHB4OyI+Cgo8aW1nIHNyYz0iaHR0cDovL2ltYWdlLnJha3V0ZW4uY28uanAvcmFrdXRlbjI0L2NhYmluZXQvY2FtcGFpZ24vYXN1cmFrdS9ibnJfNzAwXzYwLmpwZyIgYWx0PSKkoqS5mFPJzMa3pd2lpKXzpcgzsbajoSIgd2lkdGg9IjcwMCIgCgpoZWlnaHQ9IjYwIiBib3JkZXI9IjAiPgo8L2Rpdi0tPgoKPGRpdiBzdHlsZT0ibWFyZ2luLWJvdHRvbToxMHB4OyI+Cgo8aW1nIHNyYz0iaHR0cHM6Ly9pbWFnZS5yYWt1dGVuLmNvLmpwL3Jha3V0ZW4yNC9jYWJpbmV0L3NwZWNpYWwvMjAxNl9lY2FtcGFpZ24uanBnIiBhbHQ9IqWkqWClsKXrpbmhoaX0paOlw6W7peuE2aTDpL+k6VAysbYiICAKCndpZHRoPSI0NjgiIGhlaWdodD0iNjAiIGJvcmRlcj0iMCI+CjwvZGl2PgoKPCEtLWRpdiBzdHlsZT0ibWFyZ2luLWJvdHRvbToxMHB4OyI+Cjx0YWJsZT4KPHRkPgo8aW1nIHNyYz0iaHR0cDovL2ltYWdlLnJha3V0ZW4uY28uanAva2Vua29jb20vY2FiaW5ldC9zcGVjaWFsL3g1MjAxNjFoLmpwZyIgYWx0PSKl1aXrpbCl6SIgd2lkdGg9IjE4MCIgaGVpZ2h0PSIxODAiIGJvcmRlcj0iMCI+PC90ZD4KCjx0ZD4KPGltZyBzcmM9Imh0dHA6Ly9pbWFnZS5yYWt1dGVuLmNvLmpwL2tlbmtvY29tL2NhYmluZXQvc3BlY2lhbC9lMTE0Njc3aC5qcGciIGFsdD0ipa+l6qW5pb+l66WspaSltqlgIiB3aWR0aD0iMTgwIiBoZWlnaHQ9IjE4MCIgCgpib3JkZXI9IjAiPjwvdGQ+Cgo8dGQ+CjxpbWcgc3JjPSJodHRwOi8vaW1hZ2UucmFrdXRlbi5jby5qcC9rZW5rb2NvbS9jYWJpbmV0L3NwZWNpYWwvZTExMDg1M2guanBnIiBhbHQ9IqXPpe2pYCClxqWjpcOlt6XlIiB3aWR0aD0iMTgwIiBoZWlnaHQ9IjE4MCIgCgpib3JkZXI9IjAiPjwvdGQ+Cgo8dGQ+CjxpbWcgc3JjPSJodHRwOi8vaW1hZ2UucmFrdXRlbi5jby5qcC9rZW5rb2NvbS9jYWJpbmV0L3NwZWNpYWwvZTM3MjA4MmguanBnIiBhbHQ9IqWipb+lw6WvTkVPIiB3aWR0aD0iMTgwIiBoZWlnaHQ9IjE4MCIgCgpib3JkZXI9IjAiPjwvdGQ+Cgo8L3RhYmxlPgo8L2Rpdi0tPgoKCgoKCgo8IS0tZGl2IHN0eWxlPSJtYXJnaW4tYm90dG9tOjEwcHg7Ij4KCjxpbWcgc3JjPSJodHRwOi8vaW1hZ2UucmFrdXRlbi5jby5qcC9yYWt1dGVuMjQvY2FiaW5ldC9jb3Vwb24vYm5yXzcwMF82MF8xMDAwMC5qcGciIGFsdD0iMTAsMDAwg9LS1MnP2Y/I66THMTUlT0ZGo6EiIHdpZHRoPSI3MDAiIAoKaGVpZ2h0PSI2MCIgYm9yZGVyPSIwIj4KPC9kaXYtLT4KCgo8IS0tZGl2IHN0eWxlPSJtYXJnaW4tYm90dG9tOjEwcHg7Ij4KCjxpbWcgc3JjPSJodHRwOi8vaW1hZ2UucmFrdXRlbi5jby5qcC9yYWt1dGVuMjQvY2FiaW5ldC9jYW1wYWlnbi9wb2ludHVwL2hvdXNlaG9sZC9ibnJfcHQ0X3R1ZV83MDBfOTAuZ2lmIiBhbHQ9IsiryczGt6XdpaSl86XI1+608zSxtqOhIiAKCndpZHRoPSI0NjgiIGhlaWdodD0iNjAiIGJvcmRlcj0iMCI+CjwvZGl2LS0+CgoKCgo8IS0tZGl2IHN0eWxlPSJtYXJnaW4tYm90dG9tOjEwcHg7Ij4KCjxpbWcgc3JjPSJodHRwOi8vaW1hZ2UucmFrdXRlbi5jby5qcC9rZW5rb2NvbS9jYWJpbmV0L2ltZy8yMDE2X2VjYW1wYWlnbi5qcGciIGFsdD0iyKvJzMa3pd2lpKXzpcgysbajoSIgd2lkdGg9IjQ2OCIgaGVpZ2h0PSI2MCIgCgpib3JkZXI9IjAiPgo8L2Rpdi0tPgoKPCEtLWRpdiBzdHlsZT0ibWFyZ2luLWJvdHRvbToxMHB4OyI+Cgo8aW1nIHNyYz0iaHR0cDovL2ltYWdlLnJha3V0ZW4uY28uanAva2Vua29jb20vY2FiaW5ldC9pbWcvMjAxNl92Y2FtcGFpZ24uanBnIiBhbHQ9IqX0paOlw6W7pevJ8ZH1hNnA+9ObxO6l3aWkpfOlyDKxtqOhIiB3aWR0aD0iNDY4IiAKCmhlaWdodD0iNjAiIGJvcmRlcj0iMCI+CjwvZGl2LS0+CgoKPCEtLWRpdiBzdHlsZT0ibWFyZ2luLWJvdHRvbToxMHB4OyI+Cgo8aW1nIHNyYz0iaHR0cDovL2ltYWdlLnJha3V0ZW4uY28uanAva2Vua29jb20vY2FiaW5ldC9pbWcvMjAxNl9ldmNhbXBhaWduLmpwZyIgYWx0PSKYU8zspaSpYKWwpeujpqX0paOlw6W7pevJ8ZH1hNnA+9ObxO6l3aWkpfOlyDOxtqOhIiAKCndpZHRoPSI0NjgiIGhlaWdodD0iNjAiIGJvcmRlcj0iMCI+CjwvZGl2LS0+,pbWl86XvpbWl16XppaQgpbOl86XRpa+lyKXHpbilq6Xh08OlzaXDpa+luaXIpemlw6XXIMuu0/Egpeylw6XJIERHLVNUMzRSW6W1pfOl76W1pdel6aWkIKWrpeGl6dPDpbmlyKXppcOl112juqWxpfOls6lgpbOl4A==,pbGl86WzqWCls6XgpbGl86WzqWCls6Xg1qe16qWvpeqluaW/peulrKWkpbapYKXfpc2l6aXrpaalqalgpb+pYKXqpaKlw6XXpeqloqXDpdd4NaXApaaly6lgpbOl86XJqWCl4KXapeqlqKW1qWCl4qW5pbOl86XIpeylw6WvpbnI1Z+GpLHWuaThpbOls6XKpcOlxKWqpaSl66SopLSk3qSzpOHTzaW1pfOl2qXspbCl6qXOycjvTJlDpa+l6qW5pb+l66WspaSltqlgIDUwMG1sIDQ4sb6+dqTOxKfFrrjKvsaltaXzpe+ltaXXpemlpCCls6XzpdGlr6XIpceluKWrpeHTw6XNpcOlr6W5pcil6aXDpdcgy67T8SCl7KXDpckgREctU1QzNFJbpbWl86XvpbWl16XppaQgpaul4aXp08OluaXIpemlw6XXXQ==,pbWl86XvpbWl16XppaQvy7CSaTE5MDCD0tLUyc/LzcHPn2/Bz6GjpbWl86XvpbWl16XppaQgpbOl86XRpa+lyKXHpbilq6Xh08OlzaXDpa+luaXIpemlw6XXIMuu0/Egpeylw6XJIERHLVNUMzRSW6W1pfOl76W1pdel6aWkIKWrpeGl6dPDpbmlyKXppcOl110=[rn]
33-14377,aHR0cDovL3RzaG9wLnIxMHMuanAva2Vua29jb20vY2FiaW5ldC9lNDcyMi9lNDcyMjg2aF9sLmpwZz9maXRpbj03MDA6NzAw,MTAyMy4yMDAw,,VFY/paqpYKXHpaOlqj+lq6XhpekgPiCloqWvpbultaXqqWA/sr/GtyA+IKWrpeGl6T+l06XHpaqlq6Xhpek/ueLRp5lDxvfTw6Wipa+lu6W1peqpYCA+IKXHpbilv6Xrpaul4aXp08OloqWvpbultaXqqWAgPiCkvaTOy/s=,pbWl86XvpbWl16XppaQgpceluKW/pevSu9Hb08OluaXIpemlw6XXIKXsqWCluSCBSbX1pOogMrXjwfSk4SCl1qXppaal8yBERy1TU1QzQlJbpbWl86XvpbWl16XppaQgpaul4aXp08OluaXIpemlw6XXXQ==,pbWl86XvpbWl16XppaQvy7CSaTE5MDCD0tLUyc/LzcHPn2/Bzw==,PGJyPjxkaXYgY2xhc3M9InJldmlld0JuciI+PGRpdj48Zm9udCBzaXplID0gMz48c3BhbiBzdHlsZT0ibGluZS1oZWlnaHQ6MTMwJSI+pLOkwaTppM7JzMa3PC9zcGFuPtK7t6yBXKTqpa2l46XzpdqpYKXzjJ3P88nMxrejoaOhPGJyPjxzcGFuIHN0eWxlPSJsaW5lLWhlaWdodDoxMzAlIj6ks6TOyczGt6TOPHNwYW4+yczGt6XspdOl5algpPI8c3Ryb25nPjG3rKTLPC9zdHJvbmc+zba45aS3pMbtlKSkpL+3vTwvc3Bhbj6kyzwvc3Bhbj48YnI+IDxzdHJvbmc+MzAwg9JPRkalr6lgpd2l8zwvc3Ryb25nPqTypdel7KW8pfOlyKOhPGJyPjwvZGl2PjwvZGl2PqH5P6XspdOl5algzba45ZVypMult6XnpcOl16TY16LOxLesusWk8taqpOmku6TroaOkzqXBpaelw6WvpPLI66TspMakr6TApLWkpKGjPGJyPj/h4cjVpeGpYKXrpMukxqWvqWCl3aXzVVJMpPKkqsvNpOqkt6TepLmhozxhIGhyZWY9Imh0dHA6Ly93d3cucmFrdXRlbi5uZS5qcC9nb2xkL2tlbmtvY29tL2ZlYXR1cmVsaW5rL3Jldmlldy9pbmRleC5odG1sIj6h9qH11JSkt6SvpM+ks6TBpOmh9aH2PC9hPjxicj4/y/ukzre9pKzPyKTLzba45aS3pL+I9rrPpM+lr6lgpd2l899Ns8qkzoydz/PN4qTIpMqk6qTepLmkzqTHpLTXotLipK+kwKS1pKSho6XspdOl5algzba45aTPz8Kyv6TL05vdZKS3pMakpKTepLmhozxicj4/peyl06XlqWDNtrjlpKuk6be007Ok3qTHlXKy7qSspKKk66S/pOGhosnMxre7rcPmyc+kzqXspdOl5algvP7K/aTIjGfrSKTOzba45bz+yv2krK6QpMqk64j2us+krKSipOqk3qS5pM6kx9PopOGktMHLs9Ckr6TApLWkpKGjPGJyPjxicj48YnI+PHNtYWxsPqH5pdGlw6WxqWCluKXHpbalpKXztcikz9PouOakyqSvieS4/KS1pOyk66SzpMikrKSipOqk3qS5oaM8L3NtYWxsPjxicj48YnI+PHRhYmxlPjx0cj48dGQgd2lkdGg9IjEwMCUiPjxwIGNsYXNzPSJwZGVzYyI+PGRpdiBjbGFzcz0icGRlc2N0aXRsZSI+yczGt9Vow/c8L2Rpdj48ZGl2IGNsYXNzPSJwZGVzY2hvbmJ1biI+obiltaXzpe+ltaXXpemlpCClx6W4pb+l69K70dvTw6W5pcil6aXDpdcgpeypYKW5IIFJtfWk6iAytePB9KThIKXWpemlpqXzIERHLVNTVDNCUqG5pM+horf5zKukzqW5pcil6aXDpdeky6WtpeWpYKXIpMql7KlgpbmkrKXdpaSl86XIpM6lx6W4pb+l69K70dvTw6W5pcil6aXDpdekx6S5oaOkyqTKpOGkrKSxpMekraTroaLpTKThpbmlyKXppcOl16Gjpdal6aWmpfOhozwvZGl2PjxkaXYgY2xhc3M9InBkZXNjdGl0bGUiPqS016LS4jwvZGl2PjxkaXYgY2xhc3M9InBkZXNjaG9uYnVuIj6h8c6j6pOkx6S5pM6kx6Giytek5LznpMuluaXIpemlw6XXpPKkq6SxpL+k3qTej4qkr9L9pKukyqSkpOikpqTLpLekxqSvpMCktaSkoaM8YnI+ofGlq6XhpemkyqTJpPKkxKSxpL+k3qTe1fGk6rvYpLekv6Tqj4qkr9L9pMOPiKTDpL+k6qS3pMqkpKTHpK+kwKS1pKSho8fQpOykv6TqzeKk7KS/pOqkuaTrpLOkyKSspKKk6qTepLmhozxicj6h8bG+0XXGt6TP5aak7KS/pOrEprLBpLekv6TqpLmk66TIyavC5KTBpLmk67/WpOykrKSipOqk3qS5oaOkqsihpOqSUaSkpMukz8qut9aktNei0uKkr6TApLWkpKGjPGJyPqHxsb7Rdca3pPLKudPD1tCky7Bryfqkt6S/mUPG96TOxsaTcKTkpcil6aXWpeukyqTJpMukxKSkpMakz6GipbWl86XvpbWl16XppaSkx6TP0rvH0KTO2J/IzqTy2JOkpKSrpM2k3qS5oaOktMHLs9Ckr6TApLWkpKGjPC9kaXY+PGRpdiBjbGFzcz0icGRlc2N0aXRsZSI+0XXGt8rLmJQ8L2Rpdj48ZGl2IGNsYXNzPSJwZGVzY2hvbmJ1biI+ofGlq6XpqWCjuqXWpemlpqXzPGJyPqHxpbWlpKW6PGJyPqW5pcil6aXDpde3+S8zMG1tPGJyPsir6UwvvHMxNTMwbW0opbmlyKXppcOl17K/t9YvODcwbW2hos/IpNKk4i/pTKS1vHMzMzBtbT+3+TEwbW0pPGJyPqH5pbWlpKW6pM+7+ZzKgo6kx6S5oaO/cNF1xrekzqS/pOGhosr9bW2kztVgsu6krMn6pLik66SzpMikrKSipOqk3qS5oaM8YnI+ofGyxNl8o7ql3aXqpailuaXGpeuholBVPGJyPqHxxM26ydbYo7q8czIuNWtnPGJyPqHxjJ2P6plDt06juqW5pcil6aXDpdfIoaTquLaksdGot/mkrDEwbW3S1MnPpKKk65lDt04oUGFuYXNvbmljIEdIMS9HMi9HRjEvRzEwoaKlvaXLqWAgTkVYLTMvNaW3peqpYKW6oaKlqqXqpfOl0aW5IFBFTqW3peqpYKW6oaKlraXkpc6l8yBFT1MgS2lzc6W3peqpYKW6oaJOaWtvbqGiUEVOVEFYoaKkvaTOy/ulx6W4pb+l69K70dulq6XhpekpPGJyPqH5paql6qXzpdGluSBQRU6lt6XqqWCluqTORS1QMS9FLVAypM+hoqWrpeGl6cztuLakzsj9vcfIoaTquLaksaXqpfOlsKTyyrnTw6S3pMbIoaTquLaksaTrsdjSqqSspKKk6qTepLmhozxicj6h+dfu0MKkzoydj+qZQ7dOpM+ltaXzpe+ltaXXpemlpKTOpdupYKXgpdqpYKW4pMektLRf1Uqkr6TApLWkpKGjPC9kaXY+PC9wPjwvdGQ+PC90cj48L3RhYmxlPjxicj6l1qXppfOlyaO6pbWl86XvpbWl16XppaQ8YnI+pbGl86WzqWCls6XgVE9Qo7680uuKo7654tGnmUPG96O+paul4aXpP6XTpcelqqWrpeGl6aO+paul4aXp08OluaXIpemlw6XXo76ltaXzpe+ltaXXpemlpCClx6W4pb+l69K70dvTw6W5pcil6aXDpdcgpeypYKW5IIFJtfWk6iAytePB9KThIKXWpemlpqXzIERHLVNTVDNCUjxicj7RddTs2JyJ09Sqo7qltaXzpe+ltaXXpemlpDxicj48YnI+PGJyPjxicj48YnI+PGJyPkpBTqWzqWClyaO6oaE0OTY5ODg3MzUxMTMwPGJyPjxicj48dGFibGUgd2lkdGg9IjEwMCUiIGJvcmRlcj0wIGNlbGxzcGFjaW5nPTAgY2VsbHBhZGRpbmc9NT48dHI+PHRkPjxwIGNsYXNzPSJzZWlkZXNjIj48L3A+PC90ZD48dHI+PHRkPjwvdGQ+PC90cj48L3RhYmxlPjxicj48YnI+PGJyPo7auObOxNifo7qlsaXzpbOpYKWzpeDW6sq9u+HJ5zxicj5URUyjujA1MC01NTc3LTUwNDI8YnI+PGJyPlultaXzpe+ltaXXpemlpF08YnI+ueLRp5lDxvcvpaul4aXpP6XTpcelqqWrpeGl6S+lq6XhpenTw6W5pcil6aXDpdc8YnI+PGJyPqXGpeyl071CvemjugoKpcil3qXIpbil5algpbkgLyAKpd6lq6XHpd+loqXKpcOlxKWqpaSl6yAvIArrioTTpdal7KXDpcmlq6XDpb+pYCAvIAql66WkpdyluaXGpaOpYCAvIAqk6qTzpLT1oSAvIAq2qLesyczGtyAvIAo8YnI+PGJyPgoKPGRpdiBzdHlsZT0ibWFyZ2luLWJvdHRvbToxMHB4OyI+Cgo8aW1nIHNyYz0iaHR0cHM6Ly9pbWFnZS5yYWt1dGVuLmNvLmpwL3Jha3V0ZW4yNC9jYWJpbmV0L2NvdXBvbi9ibnJfMTAwXzcwMF82MC5qcGciIGFsdD0is/Wk4aTGpM63vc/etqgxMDCD0k9GRqOhIiB3aWR0aD0iNzAwIiBoZWlnaHQ9IjYwIiAKCmJvcmRlcj0iMCI+CjwvZGl2PgoKCjwhLS1kaXYgc3R5bGU9Im1hcmdpbi1ib3R0b206MTBweDsiPgoKPGltZyBzcmM9Imh0dHA6Ly9pbWFnZS5yYWt1dGVuLmNvLmpwL3Jha3V0ZW4yNC9jYWJpbmV0L2NvdXBvbi9ibnJfNzAwXzYwXzQuanBnIiBhbHQ9IjQsMDAwg9LS1MnP2Y/I66THMTAlT0ZGo6EiIHdpZHRoPSI3MDAiIAoKaGVpZ2h0PSI2MCIgYm9yZGVyPSIwIj4KPC9kaXYtLT4KCgo8ZGl2IHN0eWxlPSJtYXJnaW4tYm90dG9tOjEwcHg7Ij4KCjxpbWcgc3JjPSJodHRwOi8vaW1hZ2UucmFrdXRlbi5jby5qcC9rZW5rb2NvbS9jYWJpbmV0L2Jucl83MDBfNjBfNTAwMC5qcGciIGFsdD0iNSwwMDCD0tLUyc/Zj8jrpMcxMCVPRkajoSIgd2lkdGg9IjcwMCIgaGVpZ2h0PSI2MCIgCgpib3JkZXI9IjAiPgo8L2Rpdj4KCgo8IS0tZGl2IHN0eWxlPSJtYXJnaW4tYm90dG9tOjEwcHg7Ij4KCjxpbWcgc3JjPSJodHRwOi8vaW1hZ2UucmFrdXRlbi5jby5qcC9rZW5rb2NvbS9jYWJpbmV0L2Jucl83MDBfNjBfMTIuanBnIiBhbHQ9IjEwLDAwMIPS0tTJz9mPyOukxzEyJU9GRqOhIiB3aWR0aD0iNzAwIiBoZWlnaHQ9IjYwIiAKCmJvcmRlcj0iMCI+CjwvZGl2LS0+CgoKCgo8IS0tZGl2IHN0eWxlPSJtYXJnaW4tYm90dG9tOjEwcHg7Ij4KCjxpbWcgc3JjPSJodHRwOi8vaW1hZ2UucmFrdXRlbi5jby5qcC9yYWt1dGVuMjQvY2FiaW5ldC9jYW1wYWlnbi9hc3VyYWt1L2Jucl83MDBfNjAuanBnIiBhbHQ9IqSipLmYU8nMxrel3aWkpfOlyDOxtqOhIiB3aWR0aD0iNzAwIiAKCmhlaWdodD0iNjAiIGJvcmRlcj0iMCI+CjwvZGl2LS0+Cgo8ZGl2IHN0eWxlPSJtYXJnaW4tYm90dG9tOjEwcHg7Ij4KCjxpbWcgc3JjPSJodHRwczovL2ltYWdlLnJha3V0ZW4uY28uanAvcmFrdXRlbjI0L2NhYmluZXQvc3BlY2lhbC8yMDE2X2VjYW1wYWlnbi5qcGciIGFsdD0ipaSpYKWwpeuluaGhpfSlo6XDpbul64TZpMOkv6TpUDKxtiIgIAoKd2lkdGg9IjQ2OCIgaGVpZ2h0PSI2MCIgYm9yZGVyPSIwIj4KPC9kaXY+Cgo8IS0tZGl2IHN0eWxlPSJtYXJnaW4tYm90dG9tOjEwcHg7Ij4KPHRhYmxlPgo8dGQ+CjxpbWcgc3JjPSJodHRwOi8vaW1hZ2UucmFrdXRlbi5jby5qcC9rZW5rb2NvbS9jYWJpbmV0L3NwZWNpYWwveDUyMDE2MWguanBnIiBhbHQ9IqXVpeulsKXpIiB3aWR0aD0iMTgwIiBoZWlnaHQ9IjE4MCIgYm9yZGVyPSIwIj48L3RkPgoKPHRkPgo8aW1nIHNyYz0iaHR0cDovL2ltYWdlLnJha3V0ZW4uY28uanAva2Vua29jb20vY2FiaW5ldC9zcGVjaWFsL2UxMTQ2NzdoLmpwZyIgYWx0PSKlr6Xqpbmlv6XrpaylpKW2qWAiIHdpZHRoPSIxODAiIGhlaWdodD0iMTgwIiAKCmJvcmRlcj0iMCI+PC90ZD4KCjx0ZD4KPGltZyBzcmM9Imh0dHA6Ly9pbWFnZS5yYWt1dGVuLmNvLmpwL2tlbmtvY29tL2NhYmluZXQvc3BlY2lhbC9lMTEwODUzaC5qcGciIGFsdD0ipc+l7algIKXGpaOlw6W3peUiIHdpZHRoPSIxODAiIGhlaWdodD0iMTgwIiAKCmJvcmRlcj0iMCI+PC90ZD4KCjx0ZD4KPGltZyBzcmM9Imh0dHA6Ly9pbWFnZS5yYWt1dGVuLmNvLmpwL2tlbmtvY29tL2NhYmluZXQvc3BlY2lhbC9lMzcyMDgyaC5qcGciIGFsdD0ipaKlv6XDpa9ORU8iIHdpZHRoPSIxODAiIGhlaWdodD0iMTgwIiAKCmJvcmRlcj0iMCI+PC90ZD4KCjwvdGFibGU+CjwvZGl2LS0+CgoKCgoKCjwhLS1kaXYgc3R5bGU9Im1hcmdpbi1ib3R0b206MTBweDsiPgoKPGltZyBzcmM9Imh0dHA6Ly9pbWFnZS5yYWt1dGVuLmNvLmpwL3Jha3V0ZW4yNC9jYWJpbmV0L2NvdXBvbi9ibnJfNzAwXzYwXzEwMDAwLmpwZyIgYWx0PSIxMCwwMDCD0tLUyc/Zj8jrpMcxNSVPRkajoSIgd2lkdGg9IjcwMCIgCgpoZWlnaHQ9IjYwIiBib3JkZXI9IjAiPgo8L2Rpdi0tPgoKCjwhLS1kaXYgc3R5bGU9Im1hcmdpbi1ib3R0b206MTBweDsiPgoKPGltZyBzcmM9Imh0dHA6Ly9pbWFnZS5yYWt1dGVuLmNvLmpwL3Jha3V0ZW4yNC9jYWJpbmV0L2NhbXBhaWduL3BvaW50dXAvaG91c2Vob2xkL2Jucl9wdDRfdHVlXzcwMF85MC5naWYiIGFsdD0iyKvJzMa3pd2lpKXzpcjX7rTzNLG2o6EiIAoKd2lkdGg9IjQ2OCIgaGVpZ2h0PSI2MCIgYm9yZGVyPSIwIj4KPC9kaXYtLT4KCgoKCjwhLS1kaXYgc3R5bGU9Im1hcmdpbi1ib3R0b206MTBweDsiPgoKPGltZyBzcmM9Imh0dHA6Ly9pbWFnZS5yYWt1dGVuLmNvLmpwL2tlbmtvY29tL2NhYmluZXQvaW1nLzIwMTZfZWNhbXBhaWduLmpwZyIgYWx0PSLIq8nMxrel3aWkpfOlyDKxtqOhIiB3aWR0aD0iNDY4IiBoZWlnaHQ9IjYwIiAKCmJvcmRlcj0iMCI+CjwvZGl2LS0+Cgo8IS0tZGl2IHN0eWxlPSJtYXJnaW4tYm90dG9tOjEwcHg7Ij4KCjxpbWcgc3JjPSJodHRwOi8vaW1hZ2UucmFrdXRlbi5jby5qcC9rZW5rb2NvbS9jYWJpbmV0L2ltZy8yMDE2X3ZjYW1wYWlnbi5qcGciIGFsdD0ipfSlo6XDpbul68nxkfWE2cD705vE7qXdpaSl86XIMrG2o6EiIHdpZHRoPSI0NjgiIAoKaGVpZ2h0PSI2MCIgYm9yZGVyPSIwIj4KPC9kaXYtLT4KCgo8IS0tZGl2IHN0eWxlPSJtYXJnaW4tYm90dG9tOjEwcHg7Ij4KCjxpbWcgc3JjPSJodHRwOi8vaW1hZ2UucmFrdXRlbi5jby5qcC9rZW5rb2NvbS9jYWJpbmV0L2ltZy8yMDE2X2V2Y2FtcGFpZ24uanBnIiBhbHQ9IphTzOylpKlgpbCl66OmpfSlo6XDpbul68nxkfWE2cD705vE7qXdpaSl86XIM7G2o6EiIAoKd2lkdGg9IjQ2OCIgaGVpZ2h0PSI2MCIgYm9yZGVyPSIwIj4KPC9kaXYtLT4=,pbWl86XvpbWl16XppaQgpceluKW/pevSu9Hb08OluaXIpemlw6XXIKXsqWCluSCBSbX1pOogMrXjwfSk4SCl1qXppaal8yBERy1TU1QzQlJbpbWl86XvpbWl16XppaQgpaul4aXp08OluaXIpemlw6XXXaO6pbGl86WzqWCls6Xg,pbGl86WzqWCls6XgpbGl86WzqWCls6Xg1qe16qWvpeqluaW/peulrKWkpbapYKXfpc2l6aXrpaalqalgpb+pYKXqpaKlw6XXpeqloqXDpdd4NaXApaaly6lgpbOl86XJqWCl4KXapeqlqKW1qWCl4qW5pbOl86XIpeylw6WvpbnI1Z+GpLHWuaThpbOls6XKpcOlxKWqpaSl66SopLSk3qSzpOHTzaW1pfOl2qXspbCl6qXOycjvTJlDpa+l6qW5pb+l66WspaSltqlgIDUwMG1sIDQ4sb6+dqTOxKfFrrjKvsaltaXzpe+ltaXXpemlpCClx6W4pb+l69K70dvTw6W5pcil6aXDpdcgpeypYKW5IIFJtfWk6iAytePB9KThIKXWpemlpqXzIERHLVNTVDNCUlultaXzpe+ltaXXpemlpCClq6XhpenTw6W5pcil6aXDpddd,pbWl86XvpbWl16XppaQvy7CSaTE5MDCD0tLUyc/LzcHPn2/Bz6GjpbWl86XvpbWl16XppaQgpceluKW/pevSu9Hb08OluaXIpemlw6XXIKXsqWCluSCBSbX1pOogMrXjwfSk4SCl1qXppaal8yBERy1TU1QzQlJbpbWl86XvpbWl16XppaQgpaul4aXp08OluaXIpemlw6XXXQ==[rn]
33-14378,aHR0cDovL3RzaG9wLnIxMHMuanAva2Vua29jb20vY2FiaW5ldC9lNDcyMy9lNDcyMzE3aF9sLmpwZz9maXRpbj03MDA6NzAw,NTUxLjIwMDA=,,VFY/paqpYKXHpaOlqj+lq6XhpekgPiCloqWvpbultaXqqWA/sr/GtyA+IKWrpeGl6T+l06XHpaqlq6Xhpek/ueLRp5lDxvfTw6Wipa+lu6W1peqpYCA+IKXHpbilv6Xrpaul4aXp08OloqWvpbultaXqqWAgPiCkvaTOy/s=,pbWl86XvpbWl16XppaQgpc2lw6WvpbmlyKXppcOl1yDN6Lx+IKWwpeypYCBERy1TVDhHWVultaXzpe+ltaXXpemlpCClq6XhpenTw6W5pcil6aXDpddd,pbWl86XvpbWl16XppaQvy7CSaTE5MDCD0tLUyc/LzcHPn2/Bzw==,PGJyPjxkaXYgY2xhc3M9InJldmlld0JuciI+PGRpdj48Zm9udCBzaXplID0gMz48c3BhbiBzdHlsZT0ibGluZS1oZWlnaHQ6MTMwJSI+pLOkwaTppM7JzMa3PC9zcGFuPtK7t6yBXKTqpa2l46XzpdqpYKXzjJ3P88nMxrejoaOhPGJyPjxzcGFuIHN0eWxlPSJsaW5lLWhlaWdodDoxMzAlIj6ks6TOyczGt6TOPHNwYW4+yczGt6XspdOl5algpPI8c3Ryb25nPjG3rKTLPC9zdHJvbmc+zba45aS3pMbtlKSkpL+3vTwvc3Bhbj6kyzwvc3Bhbj48YnI+IDxzdHJvbmc+MzAwg9JPRkalr6lgpd2l8zwvc3Ryb25nPqTypdel7KW8pfOlyKOhPGJyPjwvZGl2PjwvZGl2PqH5P6XspdOl5algzba45ZVypMult6XnpcOl16TY16LOxLesusWk8taqpOmku6TroaOkzqXBpaelw6WvpPLI66TspMakr6TApLWkpKGjPGJyPj/h4cjVpeGpYKXrpMukxqWvqWCl3aXzVVJMpPKkqsvNpOqkt6TepLmhozxhIGhyZWY9Imh0dHA6Ly93d3cucmFrdXRlbi5uZS5qcC9nb2xkL2tlbmtvY29tL2ZlYXR1cmVsaW5rL3Jldmlldy9pbmRleC5odG1sIj6h9qH11JSkt6SvpM+ks6TBpOmh9aH2PC9hPjxicj4/y/ukzre9pKzPyKTLzba45aS3pL+I9rrPpM+lr6lgpd2l899Ns8qkzoydz/PN4qTIpMqk6qTepLmkzqTHpLTXotLipK+kwKS1pKSho6XspdOl5algzba45aTPz8Kyv6TL05vdZKS3pMakpKTepLmhozxicj4/peyl06XlqWDNtrjlpKuk6be007Ok3qTHlXKy7qSspKKk66S/pOGhosnMxre7rcPmyc+kzqXspdOl5algvP7K/aTIjGfrSKTOzba45bz+yv2krK6QpMqk64j2us+krKSipOqk3qS5pM6kx9PopOGktMHLs9Ckr6TApLWkpKGjPGJyPjxicj48YnI+PHNtYWxsPqH5pdGlw6WxqWCluKXHpbalpKXztcikz9PouOakyqSvieS4/KS1pOyk66SzpMikrKSipOqk3qS5oaM8L3NtYWxsPjxicj48YnI+PHRhYmxlPjx0cj48dGQgd2lkdGg9IjEwMCUiPjxwIGNsYXNzPSJwZGVzYyI+PGRpdiBjbGFzcz0icGRlc2N0aXRsZSI+yczGt9Vow/c8L2Rpdj48ZGl2IGNsYXNzPSJwZGVzY2hvbmJ1biI+obiltaXzpe+ltaXXpemlpCClzaXDpa+luaXIpemlw6XXIM3ovH4gpbCl7KlgIERHLVNUOEdZobmkz6Gipbel86XXpeukys3ovH6lv6WkpdekzqXHpbilq6XhP9CvjqHritSS08OluaXIpemlw6XXpMekuaGjpbCl7KlgoaM8L2Rpdj48ZGl2IGNsYXNzPSJwZGVzY3RpdGxlIj6ktNei0uI8L2Rpdj48ZGl2IGNsYXNzPSJwZGVzY2hvbmJ1biI+pa+l6qlgpcul86WwpdGlw6XJpOS7rcPmpMvTsqSkpbSl36TKpMmkrKTEpKSkv9e0kUKkx8rDpK+kyKGiu63D5rHtw+ak8oL7pMSksaTrv9ak7KSspKKk6qTepLmho6SipOmkq6S4pOHIoaTqs/2kpKTGpKuk6aS0yrnTw6SvpMCktaSkoaM8L2Rpdj48ZGl2IGNsYXNzPSJwZGVzY3RpdGxlIj7Rdca3ysuYlDwvZGl2PjxkaXYgY2xhc3M9InBkZXNjaG9uYnVuIj6h8aWrpempYKO6pbCl7KlgPGJyPqHxssTZfKO6pd2l6qWopbmlxqXrPGJyPqHxpbWlpKW6o7rIq+lMvHM1NGNtPGJyPqHxxM26ydbYo7oxa2c8L2Rpdj48L3A+PC90ZD48L3RyPjwvdGFibGU+PGJyPqXWpeml86XJo7qltaXzpe+ltaXXpemlpDxicj6lsaXzpbOpYKWzpeBUT1CjvrzS64qjvrni0aeZQ8b3o76lq6Xhpek/pdOlx6Wqpaul4aXpo76lq6XhpenTw6W5pcil6aXDpdejvqW1pfOl76W1pdel6aWkIKXNpcOlr6W5pcil6aXDpdcgzei8fiClsKXsqWAgREctU1Q4R1k8YnI+0XXU7NicidPUqqO6pbWl86XvpbWl16XppaQ8YnI+PGJyPjxicj48YnI+PGJyPjxicj5KQU6ls6lgpcmjuqGhNDk2OTg4NzI2NjU1Nzxicj48YnI+PHRhYmxlIHdpZHRoPSIxMDAlIiBib3JkZXI9MCBjZWxsc3BhY2luZz0wIGNlbGxwYWRkaW5nPTU+PHRyPjx0ZD48cCBjbGFzcz0ic2VpZGVzYyI+PC9wPjwvdGQ+PHRyPjx0ZD48L3RkPjwvdHI+PC90YWJsZT48YnI+PGJyPjxicj6O2rjmzsTYn6O6pbGl86WzqWCls6Xg1urKvbvhyec8YnI+VEVMo7owNTAtNTU3Ny01MDQyPGJyPjxicj5bpbWl86XvpbWl16XppaRdPGJyPrni0aeZQ8b3L6WrpeGl6T+l06XHpaqlq6Xhpekvpaul4aXp08OluaXIpemlw6XXPGJyPjxicj6lxqXspdO9Qr3po7oKCqXIpd6lyKW4peWpYKW5IC8gCqXepaulx6XfpaKlyqXDpcSlqqWkpesgLyAK64qE06XWpeylw6XJpaulw6W/qWAgLyAKpeulpKXcpbmlxqWjqWAgLyAKpOqk86S09aEgLyAKtqi3rMnMxrcgLyAKPGJyPjxicj4KCjxkaXYgc3R5bGU9Im1hcmdpbi1ib3R0b206MTBweDsiPgoKPGltZyBzcmM9Imh0dHBzOi8vaW1hZ2UucmFrdXRlbi5jby5qcC9yYWt1dGVuMjQvY2FiaW5ldC9jb3Vwb24vYm5yXzEwMF83MDBfNjAuanBnIiBhbHQ9IrP1pOGkxqTOt73P3raoMTAwg9JPRkajoSIgd2lkdGg9IjcwMCIgaGVpZ2h0PSI2MCIgCgpib3JkZXI9IjAiPgo8L2Rpdj4KCgo8IS0tZGl2IHN0eWxlPSJtYXJnaW4tYm90dG9tOjEwcHg7Ij4KCjxpbWcgc3JjPSJodHRwOi8vaW1hZ2UucmFrdXRlbi5jby5qcC9yYWt1dGVuMjQvY2FiaW5ldC9jb3Vwb24vYm5yXzcwMF82MF80LmpwZyIgYWx0PSI0LDAwMIPS0tTJz9mPyOukxzEwJU9GRqOhIiB3aWR0aD0iNzAwIiAKCmhlaWdodD0iNjAiIGJvcmRlcj0iMCI+CjwvZGl2LS0+CgoKPGRpdiBzdHlsZT0ibWFyZ2luLWJvdHRvbToxMHB4OyI+Cgo8aW1nIHNyYz0iaHR0cDovL2ltYWdlLnJha3V0ZW4uY28uanAva2Vua29jb20vY2FiaW5ldC9ibnJfNzAwXzYwXzUwMDAuanBnIiBhbHQ9IjUsMDAwg9LS1MnP2Y/I66THMTAlT0ZGo6EiIHdpZHRoPSI3MDAiIGhlaWdodD0iNjAiIAoKYm9yZGVyPSIwIj4KPC9kaXY+CgoKPCEtLWRpdiBzdHlsZT0ibWFyZ2luLWJvdHRvbToxMHB4OyI+Cgo8aW1nIHNyYz0iaHR0cDovL2ltYWdlLnJha3V0ZW4uY28uanAva2Vua29jb20vY2FiaW5ldC9ibnJfNzAwXzYwXzEyLmpwZyIgYWx0PSIxMCwwMDCD0tLUyc/Zj8jrpMcxMiVPRkajoSIgd2lkdGg9IjcwMCIgaGVpZ2h0PSI2MCIgCgpib3JkZXI9IjAiPgo8L2Rpdi0tPgoKCgoKPCEtLWRpdiBzdHlsZT0ibWFyZ2luLWJvdHRvbToxMHB4OyI+Cgo8aW1nIHNyYz0iaHR0cDovL2ltYWdlLnJha3V0ZW4uY28uanAvcmFrdXRlbjI0L2NhYmluZXQvY2FtcGFpZ24vYXN1cmFrdS9ibnJfNzAwXzYwLmpwZyIgYWx0PSKkoqS5mFPJzMa3pd2lpKXzpcgzsbajoSIgd2lkdGg9IjcwMCIgCgpoZWlnaHQ9IjYwIiBib3JkZXI9IjAiPgo8L2Rpdi0tPgoKPGRpdiBzdHlsZT0ibWFyZ2luLWJvdHRvbToxMHB4OyI+Cgo8aW1nIHNyYz0iaHR0cHM6Ly9pbWFnZS5yYWt1dGVuLmNvLmpwL3Jha3V0ZW4yNC9jYWJpbmV0L3NwZWNpYWwvMjAxNl9lY2FtcGFpZ24uanBnIiBhbHQ9IqWkqWClsKXrpbmhoaX0paOlw6W7peuE2aTDpL+k6VAysbYiICAKCndpZHRoPSI0NjgiIGhlaWdodD0iNjAiIGJvcmRlcj0iMCI+CjwvZGl2PgoKPCEtLWRpdiBzdHlsZT0ibWFyZ2luLWJvdHRvbToxMHB4OyI+Cjx0YWJsZT4KPHRkPgo8aW1nIHNyYz0iaHR0cDovL2ltYWdlLnJha3V0ZW4uY28uanAva2Vua29jb20vY2FiaW5ldC9zcGVjaWFsL3g1MjAxNjFoLmpwZyIgYWx0PSKl1aXrpbCl6SIgd2lkdGg9IjE4MCIgaGVpZ2h0PSIxODAiIGJvcmRlcj0iMCI+PC90ZD4KCjx0ZD4KPGltZyBzcmM9Imh0dHA6Ly9pbWFnZS5yYWt1dGVuLmNvLmpwL2tlbmtvY29tL2NhYmluZXQvc3BlY2lhbC9lMTE0Njc3aC5qcGciIGFsdD0ipa+l6qW5pb+l66WspaSltqlgIiB3aWR0aD0iMTgwIiBoZWlnaHQ9IjE4MCIgCgpib3JkZXI9IjAiPjwvdGQ+Cgo8dGQ+CjxpbWcgc3JjPSJodHRwOi8vaW1hZ2UucmFrdXRlbi5jby5qcC9rZW5rb2NvbS9jYWJpbmV0L3NwZWNpYWwvZTExMDg1M2guanBnIiBhbHQ9IqXPpe2pYCClxqWjpcOlt6XlIiB3aWR0aD0iMTgwIiBoZWlnaHQ9IjE4MCIgCgpib3JkZXI9IjAiPjwvdGQ+Cgo8dGQ+CjxpbWcgc3JjPSJodHRwOi8vaW1hZ2UucmFrdXRlbi5jby5qcC9rZW5rb2NvbS9jYWJpbmV0L3NwZWNpYWwvZTM3MjA4MmguanBnIiBhbHQ9IqWipb+lw6WvTkVPIiB3aWR0aD0iMTgwIiBoZWlnaHQ9IjE4MCIgCgpib3JkZXI9IjAiPjwvdGQ+Cgo8L3RhYmxlPgo8L2Rpdi0tPgoKCgoKCgo8IS0tZGl2IHN0eWxlPSJtYXJnaW4tYm90dG9tOjEwcHg7Ij4KCjxpbWcgc3JjPSJodHRwOi8vaW1hZ2UucmFrdXRlbi5jby5qcC9yYWt1dGVuMjQvY2FiaW5ldC9jb3Vwb24vYm5yXzcwMF82MF8xMDAwMC5qcGciIGFsdD0iMTAsMDAwg9LS1MnP2Y/I66THMTUlT0ZGo6EiIHdpZHRoPSI3MDAiIAoKaGVpZ2h0PSI2MCIgYm9yZGVyPSIwIj4KPC9kaXYtLT4KCgo8IS0tZGl2IHN0eWxlPSJtYXJnaW4tYm90dG9tOjEwcHg7Ij4KCjxpbWcgc3JjPSJodHRwOi8vaW1hZ2UucmFrdXRlbi5jby5qcC9yYWt1dGVuMjQvY2FiaW5ldC9jYW1wYWlnbi9wb2ludHVwL2hvdXNlaG9sZC9ibnJfcHQ0X3R1ZV83MDBfOTAuZ2lmIiBhbHQ9IsiryczGt6XdpaSl86XI1+608zSxtqOhIiAKCndpZHRoPSI0NjgiIGhlaWdodD0iNjAiIGJvcmRlcj0iMCI+CjwvZGl2LS0+CgoKCgo8IS0tZGl2IHN0eWxlPSJtYXJnaW4tYm90dG9tOjEwcHg7Ij4KCjxpbWcgc3JjPSJodHRwOi8vaW1hZ2UucmFrdXRlbi5jby5qcC9rZW5rb2NvbS9jYWJpbmV0L2ltZy8yMDE2X2VjYW1wYWlnbi5qcGciIGFsdD0iyKvJzMa3pd2lpKXzpcgysbajoSIgd2lkdGg9IjQ2OCIgaGVpZ2h0PSI2MCIgCgpib3JkZXI9IjAiPgo8L2Rpdi0tPgoKPCEtLWRpdiBzdHlsZT0ibWFyZ2luLWJvdHRvbToxMHB4OyI+Cgo8aW1nIHNyYz0iaHR0cDovL2ltYWdlLnJha3V0ZW4uY28uanAva2Vua29jb20vY2FiaW5ldC9pbWcvMjAxNl92Y2FtcGFpZ24uanBnIiBhbHQ9IqX0paOlw6W7pevJ8ZH1hNnA+9ObxO6l3aWkpfOlyDKxtqOhIiB3aWR0aD0iNDY4IiAKCmhlaWdodD0iNjAiIGJvcmRlcj0iMCI+CjwvZGl2LS0+CgoKPCEtLWRpdiBzdHlsZT0ibWFyZ2luLWJvdHRvbToxMHB4OyI+Cgo8aW1nIHNyYz0iaHR0cDovL2ltYWdlLnJha3V0ZW4uY28uanAva2Vua29jb20vY2FiaW5ldC9pbWcvMjAxNl9ldmNhbXBhaWduLmpwZyIgYWx0PSKYU8zspaSpYKWwpeujpqX0paOlw6W7pevJ8ZH1hNnA+9ObxO6l3aWkpfOlyDOxtqOhIiAKCndpZHRoPSI0NjgiIGhlaWdodD0iNjAiIGJvcmRlcj0iMCI+CjwvZGl2LS0+,pbWl86XvpbWl16XppaQgpc2lw6WvpbmlyKXppcOl1yDN6Lx+IKWwpeypYCBERy1TVDhHWVultaXzpe+ltaXXpemlpCClq6XhpenTw6W5pcil6aXDpdddo7qlsaXzpbOpYKWzpeA=,pbGl86WzqWCls6XgpbGl86WzqWCls6Xg1qe16qWvpeqluaW/peulrKWkpbapYKXfpc2l6aXrpaalqalgpb+pYKXqpaKlw6XXpeqloqXDpdd4NaXApaaly6lgpbOl86XJqWCl4KXapeqlqKW1qWCl4qW5pbOl86XIpeylw6WvpbnI1Z+GpLHWuaThpbOls6XKpcOlxKWqpaSl66SopLSk3qSzpOHTzaW1pfOl2qXspbCl6qXOycjvTJlDpa+l6qW5pb+l66WspaSltqlgIDUwMG1sIDQ4sb6+dqTOxKfFrrjKvsaltaXzpe+ltaXXpemlpCClzaXDpa+luaXIpemlw6XXIM3ovH4gpbCl7KlgIERHLVNUOEdZW6W1pfOl76W1pdel6aWkIKWrpeGl6dPDpbmlyKXppcOl110=,pbWl86XvpbWl16XppaQvy7CSaTE5MDCD0tLUyc/LzcHPn2/Bz6GjpbWl86XvpbWl16XppaQgpc2lw6WvpbmlyKXppcOl1yDN6Lx+IKWwpeypYCBERy1TVDhHWVultaXzpe+ltaXXpemlpCClq6XhpenTw6W5pcil6aXDpddd[rn]
33-14379,aHR0cDovL3RzaG9wLnIxMHMuanAva2Vua29jb20vY2FiaW5ldC9lNDcyMy9lNDcyMzIwaF9sLmpwZz9maXRpbj03MDA6NzAw,ODg3LjIwMDA=,,VFY/paqpYKXHpaOlqj+lq6XhpekgPiCloqWvpbultaXqqWA/sr/GtyA+IKWrpeGl6T+l06XHpaqlq6Xhpek/ueLRp5lDxvfTw6Wipa+lu6W1peqpYCA+IKXHpbilv6Xrpaul4aXp08OloqWvpbultaXqqWAgPiCkvaTOy/s=,pbWl86XvpbWl16XppaQgpeqpYKXruLalzaXDpa+luaXIpemlw6XXIKW9pdWlyKW/paSl10lEpbGpYKW5uLYgREctU1RSMlultaXzpe+ltaXXpemlpCClq6XhpenTw6W5pcil6aXDpddd,pbWl86XvpbWl16XppaQvy7CSaTE5MDCD0tLUyc/LzcHPn2/Bzw==,PGJyPjxkaXYgY2xhc3M9InJldmlld0JuciI+PGRpdj48Zm9udCBzaXplID0gMz48c3BhbiBzdHlsZT0ibGluZS1oZWlnaHQ6MTMwJSI+pLOkwaTppM7JzMa3PC9zcGFuPtK7t6yBXKTqpa2l46XzpdqpYKXzjJ3P88nMxrejoaOhPGJyPjxzcGFuIHN0eWxlPSJsaW5lLWhlaWdodDoxMzAlIj6ks6TOyczGt6TOPHNwYW4+yczGt6XspdOl5algpPI8c3Ryb25nPjG3rKTLPC9zdHJvbmc+zba45aS3pMbtlKSkpL+3vTwvc3Bhbj6kyzwvc3Bhbj48YnI+IDxzdHJvbmc+MzAwg9JPRkalr6lgpd2l8zwvc3Ryb25nPqTypdel7KW8pfOlyKOhPGJyPjwvZGl2PjwvZGl2PqH5P6XspdOl5algzba45ZVypMult6XnpcOl16TY16LOxLesusWk8taqpOmku6TroaOkzqXBpaelw6WvpPLI66TspMakr6TApLWkpKGjPGJyPj/h4cjVpeGpYKXrpMukxqWvqWCl3aXzVVJMpPKkqsvNpOqkt6TepLmhozxhIGhyZWY9Imh0dHA6Ly93d3cucmFrdXRlbi5uZS5qcC9nb2xkL2tlbmtvY29tL2ZlYXR1cmVsaW5rL3Jldmlldy9pbmRleC5odG1sIj6h9qH11JSkt6SvpM+ks6TBpOmh9aH2PC9hPjxicj4/y/ukzre9pKzPyKTLzba45aS3pL+I9rrPpM+lr6lgpd2l899Ns8qkzoydz/PN4qTIpMqk6qTepLmkzqTHpLTXotLipK+kwKS1pKSho6XspdOl5algzba45aTPz8Kyv6TL05vdZKS3pMakpKTepLmhozxicj4/peyl06XlqWDNtrjlpKuk6be007Ok3qTHlXKy7qSspKKk66S/pOGhosnMxre7rcPmyc+kzqXspdOl5algvP7K/aTIjGfrSKTOzba45bz+yv2krK6QpMqk64j2us+krKSipOqk3qS5pM6kx9PopOGktMHLs9Ckr6TApLWkpKGjPGJyPjxicj48YnI+PHNtYWxsPqH5pdGlw6WxqWCluKXHpbalpKXztcikz9PouOakyqSvieS4/KS1pOyk66SzpMikrKSipOqk3qS5oaM8L3NtYWxsPjxicj48YnI+PHRhYmxlPjx0cj48dGQgd2lkdGg9IjEwMCUiPjxwIGNsYXNzPSJwZGVzYyI+PGRpdiBjbGFzcz0icGRlc2N0aXRsZSI+yczGt9Vow/c8L2Rpdj48ZGl2IGNsYXNzPSJwZGVzY2hvbmJ1biI+obiltaXzpe+ltaXXpemlpCCl6qlgpeu4tqXNpcOlr6W5pcil6aXDpdcgpb2l1aXIpb+lpKXXSUSlsalgpbm4tiBERy1TVFIyobmkz6GipeqpYKXrpKykxKSkpL+x48D7pMqluaXIpemlw6XXpMekuaGjpb2l1aXIpb+lpKXXpM5JRKWxqWCluaTEpK2hozwvZGl2PjxkaXYgY2xhc3M9InBkZXNjdGl0bGUiPtF1xrfKy5iUPC9kaXY+PGRpdiBjbGFzcz0icGRlc2Nob25idW4iPqHxssTZfDxicj6luaXIpemlw6XXsr8opNKk4ikvpd2l6qWopbmlxqXrPGJyPqXqqWCl6z+lr6XqpcOl1y+l3aXqpaupYKXcpc2pYKXIP6XdpeqloqW7pb+pYKXrPGJyPqXZpeulyC+l3aXqpailwaXspfM8YnI+sLLIq6XRqWClxD/pTKS11XvV+7K/xrcvpd2l6qXXpe2l1KXspfM8YnI+SUSlq6lgpcmlsalgpbmyvy+l3aXqiWO7r6XTpcul6zxicj6h8cir6UyjurxzNTEuNS02Mi41Y20opbmlyKXppcOl17K/t9akzqTfL7xzMzYtNDVjbSk8YnI+ofGk0qTit/mjurxzMWNtPGJyPqHxSUSlq6lgpcmlsalgpbmltaWkpbo8YnI+zeK05y9XOTehwUg2OW1tPGJyPsTatOcvVzkxocFINTZtbTxicj6h+dK7sOO1xKTKSUSlq6lgpcmlsalgpbkoVzg2ocFINTRtbSmkqqTopNPSu7DjtcSkysP7tMwoVzkwocFINTVtbSmkz8q508Okx6StpN6kuaGjPGJyPqHxxM26ydbYo7q8czFrZzxicj48YnI+KKS016LS4ik8YnI+ofnJz9ObpbWlpKW6pM+0+rHtgo6kx6S5oaO/jb5T0XXGt6TOpL+k4bbgydmkztVgsu6krKSipOqk3qS5oaM8L2Rpdj48L3A+PC90ZD48L3RyPjwvdGFibGU+PGJyPqXWpeml86XJo7qltaXzpe+ltaXXpemlpDxicj6lsaXzpbOpYKWzpeBUT1CjvrzS64qjvrni0aeZQ8b3o76lq6Xhpek/pdOlx6Wqpaul4aXpo76lq6XhpenTw6W5pcil6aXDpdejvqW1pfOl76W1pdel6aWkIKXqqWCl67i2pc2lw6WvpbmlyKXppcOl1yClvaXVpcilv6WkpddJRKWxqWClubi2IERHLVNUUjI8YnI+0XXU7NicidPUqqO6pbWl86XvpbWl16XppaQ8YnI+PGJyPjxicj48YnI+PGJyPjxicj5KQU6ls6lgpcmjuqGhNDk2OTg4NzM1MTM3Njxicj48YnI+PHRhYmxlIHdpZHRoPSIxMDAlIiBib3JkZXI9MCBjZWxsc3BhY2luZz0wIGNlbGxwYWRkaW5nPTU+PHRyPjx0ZD48cCBjbGFzcz0ic2VpZGVzYyI+PC9wPjwvdGQ+PHRyPjx0ZD48L3RkPjwvdHI+PC90YWJsZT48YnI+PGJyPjxicj6O2rjmzsTYn6O6pbGl86WzqWCls6Xg1urKvbvhyec8YnI+VEVMo7owNTAtNTU3Ny01MDQyPGJyPjxicj5bpbWl86XvpbWl16XppaRdPGJyPrni0aeZQ8b3L6WrpeGl6T+l06XHpaqlq6Xhpekvpaul4aXp08OluaXIpemlw6XXPGJyPjxicj6lxqXspdO9Qr3po7oKCqXIpd6lyKW4peWpYKW5IC8gCqXepaulx6XfpaKlyqXDpcSlqqWkpesgLyAK64qE06XWpeylw6XJpaulw6W/qWAgLyAKpeulpKXcpbmlxqWjqWAgLyAKpOqk86S09aEgLyAKtqi3rMnMxrcgLyAKPGJyPjxicj4KCjxkaXYgc3R5bGU9Im1hcmdpbi1ib3R0b206MTBweDsiPgoKPGltZyBzcmM9Imh0dHBzOi8vaW1hZ2UucmFrdXRlbi5jby5qcC9yYWt1dGVuMjQvY2FiaW5ldC9jb3Vwb24vYm5yXzEwMF83MDBfNjAuanBnIiBhbHQ9IrP1pOGkxqTOt73P3raoMTAwg9JPRkajoSIgd2lkdGg9IjcwMCIgaGVpZ2h0PSI2MCIgCgpib3JkZXI9IjAiPgo8L2Rpdj4KCgo8IS0tZGl2IHN0eWxlPSJtYXJnaW4tYm90dG9tOjEwcHg7Ij4KCjxpbWcgc3JjPSJodHRwOi8vaW1hZ2UucmFrdXRlbi5jby5qcC9yYWt1dGVuMjQvY2FiaW5ldC9jb3Vwb24vYm5yXzcwMF82MF80LmpwZyIgYWx0PSI0LDAwMIPS0tTJz9mPyOukxzEwJU9GRqOhIiB3aWR0aD0iNzAwIiAKCmhlaWdodD0iNjAiIGJvcmRlcj0iMCI+CjwvZGl2LS0+CgoKPGRpdiBzdHlsZT0ibWFyZ2luLWJvdHRvbToxMHB4OyI+Cgo8aW1nIHNyYz0iaHR0cDovL2ltYWdlLnJha3V0ZW4uY28uanAva2Vua29jb20vY2FiaW5ldC9ibnJfNzAwXzYwXzUwMDAuanBnIiBhbHQ9IjUsMDAwg9LS1MnP2Y/I66THMTAlT0ZGo6EiIHdpZHRoPSI3MDAiIGhlaWdodD0iNjAiIAoKYm9yZGVyPSIwIj4KPC9kaXY+CgoKPCEtLWRpdiBzdHlsZT0ibWFyZ2luLWJvdHRvbToxMHB4OyI+Cgo8aW1nIHNyYz0iaHR0cDovL2ltYWdlLnJha3V0ZW4uY28uanAva2Vua29jb20vY2FiaW5ldC9ibnJfNzAwXzYwXzEyLmpwZyIgYWx0PSIxMCwwMDCD0tLUyc/Zj8jrpMcxMiVPRkajoSIgd2lkdGg9IjcwMCIgaGVpZ2h0PSI2MCIgCgpib3JkZXI9IjAiPgo8L2Rpdi0tPgoKCgoKPCEtLWRpdiBzdHlsZT0ibWFyZ2luLWJvdHRvbToxMHB4OyI+Cgo8aW1nIHNyYz0iaHR0cDovL2ltYWdlLnJha3V0ZW4uY28uanAvcmFrdXRlbjI0L2NhYmluZXQvY2FtcGFpZ24vYXN1cmFrdS9ibnJfNzAwXzYwLmpwZyIgYWx0PSKkoqS5mFPJzMa3pd2lpKXzpcgzsbajoSIgd2lkdGg9IjcwMCIgCgpoZWlnaHQ9IjYwIiBib3JkZXI9IjAiPgo8L2Rpdi0tPgoKPGRpdiBzdHlsZT0ibWFyZ2luLWJvdHRvbToxMHB4OyI+Cgo8aW1nIHNyYz0iaHR0cHM6Ly9pbWFnZS5yYWt1dGVuLmNvLmpwL3Jha3V0ZW4yNC9jYWJpbmV0L3NwZWNpYWwvMjAxNl9lY2FtcGFpZ24uanBnIiBhbHQ9IqWkqWClsKXrpbmhoaX0paOlw6W7peuE2aTDpL+k6VAysbYiICAKCndpZHRoPSI0NjgiIGhlaWdodD0iNjAiIGJvcmRlcj0iMCI+CjwvZGl2PgoKPCEtLWRpdiBzdHlsZT0ibWFyZ2luLWJvdHRvbToxMHB4OyI+Cjx0YWJsZT4KPHRkPgo8aW1nIHNyYz0iaHR0cDovL2ltYWdlLnJha3V0ZW4uY28uanAva2Vua29jb20vY2FiaW5ldC9zcGVjaWFsL3g1MjAxNjFoLmpwZyIgYWx0PSKl1aXrpbCl6SIgd2lkdGg9IjE4MCIgaGVpZ2h0PSIxODAiIGJvcmRlcj0iMCI+PC90ZD4KCjx0ZD4KPGltZyBzcmM9Imh0dHA6Ly9pbWFnZS5yYWt1dGVuLmNvLmpwL2tlbmtvY29tL2NhYmluZXQvc3BlY2lhbC9lMTE0Njc3aC5qcGciIGFsdD0ipa+l6qW5pb+l66WspaSltqlgIiB3aWR0aD0iMTgwIiBoZWlnaHQ9IjE4MCIgCgpib3JkZXI9IjAiPjwvdGQ+Cgo8dGQ+CjxpbWcgc3JjPSJodHRwOi8vaW1hZ2UucmFrdXRlbi5jby5qcC9rZW5rb2NvbS9jYWJpbmV0L3NwZWNpYWwvZTExMDg1M2guanBnIiBhbHQ9IqXPpe2pYCClxqWjpcOlt6XlIiB3aWR0aD0iMTgwIiBoZWlnaHQ9IjE4MCIgCgpib3JkZXI9IjAiPjwvdGQ+Cgo8dGQ+CjxpbWcgc3JjPSJodHRwOi8vaW1hZ2UucmFrdXRlbi5jby5qcC9rZW5rb2NvbS9jYWJpbmV0L3NwZWNpYWwvZTM3MjA4MmguanBnIiBhbHQ9IqWipb+lw6WvTkVPIiB3aWR0aD0iMTgwIiBoZWlnaHQ9IjE4MCIgCgpib3JkZXI9IjAiPjwvdGQ+Cgo8L3RhYmxlPgo8L2Rpdi0tPgoKCgoKCgo8IS0tZGl2IHN0eWxlPSJtYXJnaW4tYm90dG9tOjEwcHg7Ij4KCjxpbWcgc3JjPSJodHRwOi8vaW1hZ2UucmFrdXRlbi5jby5qcC9yYWt1dGVuMjQvY2FiaW5ldC9jb3Vwb24vYm5yXzcwMF82MF8xMDAwMC5qcGciIGFsdD0iMTAsMDAwg9LS1MnP2Y/I66THMTUlT0ZGo6EiIHdpZHRoPSI3MDAiIAoKaGVpZ2h0PSI2MCIgYm9yZGVyPSIwIj4KPC9kaXYtLT4KCgo8IS0tZGl2IHN0eWxlPSJtYXJnaW4tYm90dG9tOjEwcHg7Ij4KCjxpbWcgc3JjPSJodHRwOi8vaW1hZ2UucmFrdXRlbi5jby5qcC9yYWt1dGVuMjQvY2FiaW5ldC9jYW1wYWlnbi9wb2ludHVwL2hvdXNlaG9sZC9ibnJfcHQ0X3R1ZV83MDBfOTAuZ2lmIiBhbHQ9IsiryczGt6XdpaSl86XI1+608zSxtqOhIiAKCndpZHRoPSI0NjgiIGhlaWdodD0iNjAiIGJvcmRlcj0iMCI+CjwvZGl2LS0+CgoKCgo8IS0tZGl2IHN0eWxlPSJtYXJnaW4tYm90dG9tOjEwcHg7Ij4KCjxpbWcgc3JjPSJodHRwOi8vaW1hZ2UucmFrdXRlbi5jby5qcC9rZW5rb2NvbS9jYWJpbmV0L2ltZy8yMDE2X2VjYW1wYWlnbi5qcGciIGFsdD0iyKvJzMa3pd2lpKXzpcgysbajoSIgd2lkdGg9IjQ2OCIgaGVpZ2h0PSI2MCIgCgpib3JkZXI9IjAiPgo8L2Rpdi0tPgoKPCEtLWRpdiBzdHlsZT0ibWFyZ2luLWJvdHRvbToxMHB4OyI+Cgo8aW1nIHNyYz0iaHR0cDovL2ltYWdlLnJha3V0ZW4uY28uanAva2Vua29jb20vY2FiaW5ldC9pbWcvMjAxNl92Y2FtcGFpZ24uanBnIiBhbHQ9IqX0paOlw6W7pevJ8ZH1hNnA+9ObxO6l3aWkpfOlyDKxtqOhIiB3aWR0aD0iNDY4IiAKCmhlaWdodD0iNjAiIGJvcmRlcj0iMCI+CjwvZGl2LS0+CgoKPCEtLWRpdiBzdHlsZT0ibWFyZ2luLWJvdHRvbToxMHB4OyI+Cgo8aW1nIHNyYz0iaHR0cDovL2ltYWdlLnJha3V0ZW4uY28uanAva2Vua29jb20vY2FiaW5ldC9pbWcvMjAxNl9ldmNhbXBhaWduLmpwZyIgYWx0PSKYU8zspaSpYKWwpeujpqX0paOlw6W7pevJ8ZH1hNnA+9ObxO6l3aWkpfOlyDOxtqOhIiAKCndpZHRoPSI0NjgiIGhlaWdodD0iNjAiIGJvcmRlcj0iMCI+CjwvZGl2LS0+,pbWl86XvpbWl16XppaQgpeqpYKXruLalzaXDpa+luaXIpemlw6XXIKW9pdWlyKW/paSl10lEpbGpYKW5uLYgREctU1RSMlultaXzpe+ltaXXpemlpCClq6XhpenTw6W5pcil6aXDpdddo7qlsaXzpbOpYKWzpeA=,pbGl86WzqWCls6XgpbGl86WzqWCls6Xg1qe16qWvpeqluaW/peulrKWkpbapYKXfpc2l6aXrpaalqalgpb+pYKXqpaKlw6XXpeqloqXDpdd4NaXApaaly6lgpbOl86XJqWCl4KXapeqlqKW1qWCl4qW5pbOl86XIpeylw6WvpbnI1Z+GpLHWuaThpbOls6XKpcOlxKWqpaSl66SopLSk3qSzpOHTzaW1pfOl2qXspbCl6qXOycjvTJlDpa+l6qW5pb+l66WspaSltqlgIDUwMG1sIDQ4sb6+dqTOxKfFrrjKvsaltaXzpe+ltaXXpemlpCCl6qlgpeu4tqXNpcOlr6W5pcil6aXDpdcgpb2l1aXIpb+lpKXXSUSlsalgpbm4tiBERy1TVFIyW6W1pfOl76W1pdel6aWkIKWrpeGl6dPDpbmlyKXppcOl110=,pbWl86XvpbWl16XppaQvy7CSaTE5MDCD0tLUyc/LzcHPn2/Bz6GjpbWl86XvpbWl16XppaQgpeqpYKXruLalzaXDpa+luaXIpemlw6XXIKW9pdWlyKW/paSl10lEpbGpYKW5uLYgREctU1RSMlultaXzpe+ltaXXpemlpCClq6XhpenTw6W5pcil6aXDpddd[rn]
33-14380,aHR0cDovL3RzaG9wLnIxMHMuanAva2Vua29jb20vY2FiaW5ldC9lNDcyMy9lNDcyMzAzaF9sLmpwZz9maXRpbj03MDA6NzAw,MTA0Ni40MDAw,,VFY/paqpYKXHpaOlqj+lq6XhpekgPiCloqWvpbultaXqqWA/sr/GtyA+IKWrpeGl6T+l06XHpaqlq6Xhpek/ueLRp5lDxvfTw6Wipa+lu6W1peqpYCA+IKXHpbilv6Xrpaul4aXp08OloqWvpbultaXqqWAgPiCkvaTOy/s=,pbWl86XvpbWl16XppaQgpbOl86XRpa+lyKXHpbilq6Xh08OlzaXDpa+luaXIpemlw6XXILersrwgpdSl86WvIERHLVNUMzNQW6W1pfOl76W1pdel6aWkIKWrpeGl6dPDpbmlyKXppcOl110=,pbWl86XvpbWl16XppaQvy7CSaTE5MDCD0tLUyc/LzcHPn2/Bzw==,PGJyPjxkaXYgY2xhc3M9InJldmlld0JuciI+PGRpdj48Zm9udCBzaXplID0gMz48c3BhbiBzdHlsZT0ibGluZS1oZWlnaHQ6MTMwJSI+pLOkwaTppM7JzMa3PC9zcGFuPtK7t6yBXKTqpa2l46XzpdqpYKXzjJ3P88nMxrejoaOhPGJyPjxzcGFuIHN0eWxlPSJsaW5lLWhlaWdodDoxMzAlIj6ks6TOyczGt6TOPHNwYW4+yczGt6XspdOl5algpPI8c3Ryb25nPjG3rKTLPC9zdHJvbmc+zba45aS3pMbtlKSkpL+3vTwvc3Bhbj6kyzwvc3Bhbj48YnI+IDxzdHJvbmc+MzAwg9JPRkalr6lgpd2l8zwvc3Ryb25nPqTypdel7KW8pfOlyKOhPGJyPjwvZGl2PjwvZGl2PqH5P6XspdOl5algzba45ZVypMult6XnpcOl16TY16LOxLesusWk8taqpOmku6TroaOkzqXBpaelw6WvpPLI66TspMakr6TApLWkpKGjPGJyPj/h4cjVpeGpYKXrpMukxqWvqWCl3aXzVVJMpPKkqsvNpOqkt6TepLmhozxhIGhyZWY9Imh0dHA6Ly93d3cucmFrdXRlbi5uZS5qcC9nb2xkL2tlbmtvY29tL2ZlYXR1cmVsaW5rL3Jldmlldy9pbmRleC5odG1sIj6h9qH11JSkt6SvpM+ks6TBpOmh9aH2PC9hPjxicj4/y/ukzre9pKzPyKTLzba45aS3pL+I9rrPpM+lr6lgpd2l899Ns8qkzoydz/PN4qTIpMqk6qTepLmkzqTHpLTXotLipK+kwKS1pKSho6XspdOl5algzba45aTPz8Kyv6TL05vdZKS3pMakpKTepLmhozxicj4/peyl06XlqWDNtrjlpKuk6be007Ok3qTHlXKy7qSspKKk66S/pOGhosnMxre7rcPmyc+kzqXspdOl5algvP7K/aTIjGfrSKTOzba45bz+yv2krK6QpMqk64j2us+krKSipOqk3qS5pM6kx9PopOGktMHLs9Ckr6TApLWkpKGjPGJyPjxicj48YnI+PHNtYWxsPqH5pdGlw6WxqWCluKXHpbalpKXztcikz9PouOakyqSvieS4/KS1pOyk66SzpMikrKSipOqk3qS5oaM8L3NtYWxsPjxicj48YnI+PHRhYmxlPjx0cj48dGQgd2lkdGg9IjEwMCUiPjxwIGNsYXNzPSJwZGVzYyI+PGRpdiBjbGFzcz0icGRlc2N0aXRsZSI+yczGt9Vow/c8L2Rpdj48ZGl2IGNsYXNzPSJwZGVzY2hvbmJ1biI+obiltaXzpe+ltaXXpemlpCCls6XzpdGlr6XIpceluKWrpeHTw6XNpcOlr6W5pcil6aXDpdcgt6uyvCCl1KXzpa8gREctU1QzM1ChuaTPoaLFrtDUpMvpTKS5pK6kyqSkpc2lw6WvpbmlyKXppcOl16THpLmho6S1pO+k5KSrpMrKuaSk0MS12KTOt6uyvKTyyrnTw6GjpdSl86WvoaM8L2Rpdj48ZGl2IGNsYXNzPSJwZGVzY3RpdGxlIj6ktNei0uI8L2Rpdj48ZGl2IGNsYXNzPSJwZGVzY2hvbmJ1biI+ofHOo+qTpMekuaTOpMehosrXpOTK1srXpMuluaXIpemlw6XXpPKkq6SxpL+k3qTej4qkr9L9pKukyqSkpOikpqTLpLekxqSvpMCktaSkoaM8YnI+ofGlq6XhpemkyqTJpPKkxKSxpL+k3qTe1fGk6rvYpLekv6Tqj4qkr9L9pMOPiKTDpL+k6qS3pMqkpKTHpK+kwKS1pKSho8fQpOykv6TqzeKk7KS/pOqkuaTrpLOkyKSspKKk6qTepLmhozxicj6h8bG+0XXGt6TP5aak7KS/pOrEprLBpLekv6TqpLmk66TIyavC5KTBpLmk67/WpOykrKSipOqk3qS5oaOkqsihpOqSUaSkpMukz8qut9aktNei0uKkr6TApLWkpKGjPGJyPqHxsb7Rdca3pPLKudPD1tCky7Bryfqkt6S/mUPG96TOxsaTcKTkpcil6aXWpeukyqTJpMukxKSkpMakz6GipbWl86XvpbWl16XppaSkx6TP0rvH0KTO2J/IzqTy2JOkpKSrpM2k3qS5oaOktMHLs9Ckr6TApLWkpKGjPC9kaXY+PGRpdiBjbGFzcz0icGRlc2N0aXRsZSI+0XXGt8rLmJQ8L2Rpdj48ZGl2IGNsYXNzPSJwZGVzY2hvbmJ1biI+ofGlq6XpqWCjurersrw/pdSl86WvPGJyPqHxpbWlpKW6PGJyPqW5pcil6aXDpde3+S8xMG1tPGJyPsir6UwvvHM1MjVtbSi3q7K8pbmlyKXppcOl17K/t9YvNDUwbW2hor3wvt+yv7fWLzI1bW2hosvJyH68fi81MG1tKTxicj6h+aW1paSluqTPu/mcyoKOpMekuaGjv3DRdca3pM6kv6ThoaLK/W1tpM7VYLLupKzJ+qS4pOuks6TIpKykoqTqpN6kuaGjPGJyPqH5z8i2y8ihpOrN4qS3pMekraTepLmhozxicj6h8bLE2XyjurersrwopbOlw6XIpfMpPGJyPqHxxM26ydbYo7o1MDBnPC9kaXY+PC9wPjwvdGQ+PC90cj48L3RhYmxlPjxicj6l1qXppfOlyaO6pbWl86XvpbWl16XppaQ8YnI+pbGl86WzqWCls6XgVE9Qo7680uuKo7654tGnmUPG96O+paul4aXpP6XTpcelqqWrpeGl6aO+paul4aXp08OluaXIpemlw6XXo76ltaXzpe+ltaXXpemlpCCls6XzpdGlr6XIpceluKWrpeHTw6XNpcOlr6W5pcil6aXDpdcgt6uyvCCl1KXzpa8gREctU1QzM1A8YnI+0XXU7NicidPUqqO6pbWl86XvpbWl16XppaQ8YnI+PGJyPjxicj48YnI+PGJyPjxicj5KQU6ls6lgpcmjuqGhNDk2OTg4NzM1MTM1Mjxicj48YnI+PHRhYmxlIHdpZHRoPSIxMDAlIiBib3JkZXI9MCBjZWxsc3BhY2luZz0wIGNlbGxwYWRkaW5nPTU+PHRyPjx0ZD48cCBjbGFzcz0ic2VpZGVzYyI+PC9wPjwvdGQ+PHRyPjx0ZD48L3RkPjwvdHI+PC90YWJsZT48YnI+PGJyPjxicj6O2rjmzsTYn6O6pbGl86WzqWCls6Xg1urKvbvhyec8YnI+VEVMo7owNTAtNTU3Ny01MDQyPGJyPjxicj5bpbWl86XvpbWl16XppaRdPGJyPrni0aeZQ8b3L6WrpeGl6T+l06XHpaqlq6Xhpekvpaul4aXp08OluaXIpemlw6XXPGJyPjxicj6lxqXspdO9Qr3po7oKCqXIpd6lyKW4peWpYKW5IC8gCqXepaulx6XfpaKlyqXDpcSlqqWkpesgLyAK64qE06XWpeylw6XJpaulw6W/qWAgLyAKpeulpKXcpbmlxqWjqWAgLyAKpOqk86S09aEgLyAKtqi3rMnMxrcgLyAKPGJyPjxicj4KCjxkaXYgc3R5bGU9Im1hcmdpbi1ib3R0b206MTBweDsiPgoKPGltZyBzcmM9Imh0dHBzOi8vaW1hZ2UucmFrdXRlbi5jby5qcC9yYWt1dGVuMjQvY2FiaW5ldC9jb3Vwb24vYm5yXzEwMF83MDBfNjAuanBnIiBhbHQ9IrP1pOGkxqTOt73P3raoMTAwg9JPRkajoSIgd2lkdGg9IjcwMCIgaGVpZ2h0PSI2MCIgCgpib3JkZXI9IjAiPgo8L2Rpdj4KCgo8IS0tZGl2IHN0eWxlPSJtYXJnaW4tYm90dG9tOjEwcHg7Ij4KCjxpbWcgc3JjPSJodHRwOi8vaW1hZ2UucmFrdXRlbi5jby5qcC9yYWt1dGVuMjQvY2FiaW5ldC9jb3Vwb24vYm5yXzcwMF82MF80LmpwZyIgYWx0PSI0LDAwMIPS0tTJz9mPyOukxzEwJU9GRqOhIiB3aWR0aD0iNzAwIiAKCmhlaWdodD0iNjAiIGJvcmRlcj0iMCI+CjwvZGl2LS0+CgoKPGRpdiBzdHlsZT0ibWFyZ2luLWJvdHRvbToxMHB4OyI+Cgo8aW1nIHNyYz0iaHR0cDovL2ltYWdlLnJha3V0ZW4uY28uanAva2Vua29jb20vY2FiaW5ldC9ibnJfNzAwXzYwXzUwMDAuanBnIiBhbHQ9IjUsMDAwg9LS1MnP2Y/I66THMTAlT0ZGo6EiIHdpZHRoPSI3MDAiIGhlaWdodD0iNjAiIAoKYm9yZGVyPSIwIj4KPC9kaXY+CgoKPCEtLWRpdiBzdHlsZT0ibWFyZ2luLWJvdHRvbToxMHB4OyI+Cgo8aW1nIHNyYz0iaHR0cDovL2ltYWdlLnJha3V0ZW4uY28uanAva2Vua29jb20vY2FiaW5ldC9ibnJfNzAwXzYwXzEyLmpwZyIgYWx0PSIxMCwwMDCD0tLUyc/Zj8jrpMcxMiVPRkajoSIgd2lkdGg9IjcwMCIgaGVpZ2h0PSI2MCIgCgpib3JkZXI9IjAiPgo8L2Rpdi0tPgoKCgoKPCEtLWRpdiBzdHlsZT0ibWFyZ2luLWJvdHRvbToxMHB4OyI+Cgo8aW1nIHNyYz0iaHR0cDovL2ltYWdlLnJha3V0ZW4uY28uanAvcmFrdXRlbjI0L2NhYmluZXQvY2FtcGFpZ24vYXN1cmFrdS9ibnJfNzAwXzYwLmpwZyIgYWx0PSKkoqS5mFPJzMa3pd2lpKXzpcgzsbajoSIgd2lkdGg9IjcwMCIgCgpoZWlnaHQ9IjYwIiBib3JkZXI9IjAiPgo8L2Rpdi0tPgoKPGRpdiBzdHlsZT0ibWFyZ2luLWJvdHRvbToxMHB4OyI+Cgo8aW1nIHNyYz0iaHR0cHM6Ly9pbWFnZS5yYWt1dGVuLmNvLmpwL3Jha3V0ZW4yNC9jYWJpbmV0L3NwZWNpYWwvMjAxNl9lY2FtcGFpZ24uanBnIiBhbHQ9IqWkqWClsKXrpbmhoaX0paOlw6W7peuE2aTDpL+k6VAysbYiICAKCndpZHRoPSI0NjgiIGhlaWdodD0iNjAiIGJvcmRlcj0iMCI+CjwvZGl2PgoKPCEtLWRpdiBzdHlsZT0ibWFyZ2luLWJvdHRvbToxMHB4OyI+Cjx0YWJsZT4KPHRkPgo8aW1nIHNyYz0iaHR0cDovL2ltYWdlLnJha3V0ZW4uY28uanAva2Vua29jb20vY2FiaW5ldC9zcGVjaWFsL3g1MjAxNjFoLmpwZyIgYWx0PSKl1aXrpbCl6SIgd2lkdGg9IjE4MCIgaGVpZ2h0PSIxODAiIGJvcmRlcj0iMCI+PC90ZD4KCjx0ZD4KPGltZyBzcmM9Imh0dHA6Ly9pbWFnZS5yYWt1dGVuLmNvLmpwL2tlbmtvY29tL2NhYmluZXQvc3BlY2lhbC9lMTE0Njc3aC5qcGciIGFsdD0ipa+l6qW5pb+l66WspaSltqlgIiB3aWR0aD0iMTgwIiBoZWlnaHQ9IjE4MCIgCgpib3JkZXI9IjAiPjwvdGQ+Cgo8dGQ+CjxpbWcgc3JjPSJodHRwOi8vaW1hZ2UucmFrdXRlbi5jby5qcC9rZW5rb2NvbS9jYWJpbmV0L3NwZWNpYWwvZTExMDg1M2guanBnIiBhbHQ9IqXPpe2pYCClxqWjpcOlt6XlIiB3aWR0aD0iMTgwIiBoZWlnaHQ9IjE4MCIgCgpib3JkZXI9IjAiPjwvdGQ+Cgo8dGQ+CjxpbWcgc3JjPSJodHRwOi8vaW1hZ2UucmFrdXRlbi5jby5qcC9rZW5rb2NvbS9jYWJpbmV0L3NwZWNpYWwvZTM3MjA4MmguanBnIiBhbHQ9IqWipb+lw6WvTkVPIiB3aWR0aD0iMTgwIiBoZWlnaHQ9IjE4MCIgCgpib3JkZXI9IjAiPjwvdGQ+Cgo8L3RhYmxlPgo8L2Rpdi0tPgoKCgoKCgo8IS0tZGl2IHN0eWxlPSJtYXJnaW4tYm90dG9tOjEwcHg7Ij4KCjxpbWcgc3JjPSJodHRwOi8vaW1hZ2UucmFrdXRlbi5jby5qcC9yYWt1dGVuMjQvY2FiaW5ldC9jb3Vwb24vYm5yXzcwMF82MF8xMDAwMC5qcGciIGFsdD0iMTAsMDAwg9LS1MnP2Y/I66THMTUlT0ZGo6EiIHdpZHRoPSI3MDAiIAoKaGVpZ2h0PSI2MCIgYm9yZGVyPSIwIj4KPC9kaXYtLT4KCgo8IS0tZGl2IHN0eWxlPSJtYXJnaW4tYm90dG9tOjEwcHg7Ij4KCjxpbWcgc3JjPSJodHRwOi8vaW1hZ2UucmFrdXRlbi5jby5qcC9yYWt1dGVuMjQvY2FiaW5ldC9jYW1wYWlnbi9wb2ludHVwL2hvdXNlaG9sZC9ibnJfcHQ0X3R1ZV83MDBfOTAuZ2lmIiBhbHQ9IsiryczGt6XdpaSl86XI1+608zSxtqOhIiAKCndpZHRoPSI0NjgiIGhlaWdodD0iNjAiIGJvcmRlcj0iMCI+CjwvZGl2LS0+CgoKCgo8IS0tZGl2IHN0eWxlPSJtYXJnaW4tYm90dG9tOjEwcHg7Ij4KCjxpbWcgc3JjPSJodHRwOi8vaW1hZ2UucmFrdXRlbi5jby5qcC9rZW5rb2NvbS9jYWJpbmV0L2ltZy8yMDE2X2VjYW1wYWlnbi5qcGciIGFsdD0iyKvJzMa3pd2lpKXzpcgysbajoSIgd2lkdGg9IjQ2OCIgaGVpZ2h0PSI2MCIgCgpib3JkZXI9IjAiPgo8L2Rpdi0tPgoKPCEtLWRpdiBzdHlsZT0ibWFyZ2luLWJvdHRvbToxMHB4OyI+Cgo8aW1nIHNyYz0iaHR0cDovL2ltYWdlLnJha3V0ZW4uY28uanAva2Vua29jb20vY2FiaW5ldC9pbWcvMjAxNl92Y2FtcGFpZ24uanBnIiBhbHQ9IqX0paOlw6W7pevJ8ZH1hNnA+9ObxO6l3aWkpfOlyDKxtqOhIiB3aWR0aD0iNDY4IiAKCmhlaWdodD0iNjAiIGJvcmRlcj0iMCI+CjwvZGl2LS0+CgoKPCEtLWRpdiBzdHlsZT0ibWFyZ2luLWJvdHRvbToxMHB4OyI+Cgo8aW1nIHNyYz0iaHR0cDovL2ltYWdlLnJha3V0ZW4uY28uanAva2Vua29jb20vY2FiaW5ldC9pbWcvMjAxNl9ldmNhbXBhaWduLmpwZyIgYWx0PSKYU8zspaSpYKWwpeujpqX0paOlw6W7pevJ8ZH1hNnA+9ObxO6l3aWkpfOlyDOxtqOhIiAKCndpZHRoPSI0NjgiIGhlaWdodD0iNjAiIGJvcmRlcj0iMCI+CjwvZGl2LS0+,pbWl86XvpbWl16XppaQgpbOl86XRpa+lyKXHpbilq6Xh08OlzaXDpa+luaXIpemlw6XXILersrwgpdSl86WvIERHLVNUMzNQW6W1pfOl76W1pdel6aWkIKWrpeGl6dPDpbmlyKXppcOl112juqWxpfOls6lgpbOl4A==,pbGl86WzqWCls6XgpbGl86WzqWCls6Xg1qe16qWvpeqluaW/peulrKWkpbapYKXfpc2l6aXrpaalqalgpb+pYKXqpaKlw6XXpeqloqXDpdd4NaXApaaly6lgpbOl86XJqWCl4KXapeqlqKW1qWCl4qW5pbOl86XIpeylw6WvpbnI1Z+GpLHWuaThpbOls6XKpcOlxKWqpaSl66SopLSk3qSzpOHTzaW1pfOl2qXspbCl6qXOycjvTJlDpa+l6qW5pb+l66WspaSltqlgIDUwMG1sIDQ4sb6+dqTOxKfFrrjKvsaltaXzpe+ltaXXpemlpCCls6XzpdGlr6XIpceluKWrpeHTw6XNpcOlr6W5pcil6aXDpdcgt6uyvCCl1KXzpa8gREctU1QzM1BbpbWl86XvpbWl16XppaQgpaul4aXp08OluaXIpemlw6XXXQ==,pbWl86XvpbWl16XppaQvy7CSaTE5MDCD0tLUyc/LzcHPn2/Bz6GjpbWl86XvpbWl16XppaQgpbOl86XRpa+lyKXHpbilq6Xh08OlzaXDpa+luaXIpemlw6XXILersrwgpdSl86WvIERHLVNUMzNQW6W1pfOl76W1pdel6aWkIKWrpeGl6dPDpbmlyKXppcOl110=[rn]
33-14381,aHR0cDovL3RzaG9wLnIxMHMuanAva2Vua29jb20vY2FiaW5ldC9lNDcyMy9lNDcyMzE5aF9sLmpwZz9maXRpbj03MDA6NzAw,MTA0Ni40MDAw,,VFY/paqpYKXHpaOlqj+lq6XhpekgPiCloqWvpbultaXqqWA/sr/GtyA+IKWrpeGl6T+l06XHpaqlq6Xhpek/ueLRp5lDxvfTw6Wipa+lu6W1peqpYCA+IKXHpbilv6Xrpaul4aXp08OloqWvpbultaXqqWAgPiCkvaTOy/s=,pbWl86XvpbWl16XppaQgpeqpYKXruLalzaXDpa+luaXIpemlw6XXIKXPqWClyaW/paSl10lEpbGpYKW5uLYgREctU1RSMVultaXzpe+ltaXXpemlpCClq6XhpenTw6W5pcil6aXDpddd,pbWl86XvpbWl16XppaQvy7CSaTE5MDCD0tLUyc/LzcHPn2/Bzw==,PGJyPjxkaXYgY2xhc3M9InJldmlld0JuciI+PGRpdj48Zm9udCBzaXplID0gMz48c3BhbiBzdHlsZT0ibGluZS1oZWlnaHQ6MTMwJSI+pLOkwaTppM7JzMa3PC9zcGFuPtK7t6yBXKTqpa2l46XzpdqpYKXzjJ3P88nMxrejoaOhPGJyPjxzcGFuIHN0eWxlPSJsaW5lLWhlaWdodDoxMzAlIj6ks6TOyczGt6TOPHNwYW4+yczGt6XspdOl5algpPI8c3Ryb25nPjG3rKTLPC9zdHJvbmc+zba45aS3pMbtlKSkpL+3vTwvc3Bhbj6kyzwvc3Bhbj48YnI+IDxzdHJvbmc+MzAwg9JPRkalr6lgpd2l8zwvc3Ryb25nPqTypdel7KW8pfOlyKOhPGJyPjwvZGl2PjwvZGl2PqH5P6XspdOl5algzba45ZVypMult6XnpcOl16TY16LOxLesusWk8taqpOmku6TroaOkzqXBpaelw6WvpPLI66TspMakr6TApLWkpKGjPGJyPj/h4cjVpeGpYKXrpMukxqWvqWCl3aXzVVJMpPKkqsvNpOqkt6TepLmhozxhIGhyZWY9Imh0dHA6Ly93d3cucmFrdXRlbi5uZS5qcC9nb2xkL2tlbmtvY29tL2ZlYXR1cmVsaW5rL3Jldmlldy9pbmRleC5odG1sIj6h9qH11JSkt6SvpM+ks6TBpOmh9aH2PC9hPjxicj4/y/ukzre9pKzPyKTLzba45aS3pL+I9rrPpM+lr6lgpd2l899Ns8qkzoydz/PN4qTIpMqk6qTepLmkzqTHpLTXotLipK+kwKS1pKSho6XspdOl5algzba45aTPz8Kyv6TL05vdZKS3pMakpKTepLmhozxicj4/peyl06XlqWDNtrjlpKuk6be007Ok3qTHlXKy7qSspKKk66S/pOGhosnMxre7rcPmyc+kzqXspdOl5algvP7K/aTIjGfrSKTOzba45bz+yv2krK6QpMqk64j2us+krKSipOqk3qS5pM6kx9PopOGktMHLs9Ckr6TApLWkpKGjPGJyPjxicj48YnI+PHNtYWxsPqH5pdGlw6WxqWCluKXHpbalpKXztcikz9PouOakyqSvieS4/KS1pOyk66SzpMikrKSipOqk3qS5oaM8L3NtYWxsPjxicj48YnI+PHRhYmxlPjx0cj48dGQgd2lkdGg9IjEwMCUiPjxwIGNsYXNzPSJwZGVzYyI+PGRpdiBjbGFzcz0icGRlc2N0aXRsZSI+yczGt9Vow/c8L2Rpdj48ZGl2IGNsYXNzPSJwZGVzY2hvbmJ1biI+obiltaXzpe+ltaXXpemlpCCl6qlgpeu4tqXNpcOlr6W5pcil6aXDpdcgpc+pYKXJpb+lpKXXSUSlsalgpbm4tiBERy1TVFIxobmkz6GipeqpYKXrpKykxKSkpL+x48D7pMqluaXIpemlw6XXpMekuaGjpc+pYKXJpb+lpKXXpM5JRKWxqWClubi2pK2hozwvZGl2PjxkaXYgY2xhc3M9InBkZXNjdGl0bGUiPtF1xrfKy5iUPC9kaXY+PGRpdiBjbGFzcz0icGRlc2Nob25idW4iPqHxssTZfDxicj6luaXIpemlw6XXsr8opNKk4ikvpd2l6qWopbmlxqXrPGJyPqXqqWCl6z+lr6XqpcOl1y+l3aXqpaupYKXcpc2pYKXIP6XdpeqloqW7pb+pYKXrPGJyPqXZpeulyC+l3aXqpailwaXspfM8YnI+sLLIq6XRqWClxD/pTKS11XvV+7K/xrcvpd2l6qXXpe2l1KXspfM8YnI+SUSlq6lgpcmlsalgpbmyvy+l3aXqpaupYKXcpc2pYKXIPGJyPqHxyKvpTKO6vHM1MS41LTYyLjVjbSiluaXIpemlw6XXsr+31qTOpN8vvHMzNi00NWNtKTxicj6h8aTSpOK3+aO6vHMxY208YnI+ofFJRKWrqWClyaWxqWCluaW1paSlujxicj7N4rTnL1c5MaHBSDcybW08YnI+xNq05y9XODahwUg1NG1tPGJyPqH50ruw47XEpMpJRKWrqWClyaWxqWCluShXODahwUg1NG1tKaTyyrnTw6THpK2k3qS5oaM8YnI+ofnSu7DjtcSkysP7tMwoVzkwocFINTVtbSmkz8q508Okx6StpN6ku6TzoaM8YnI+ofHEzbrJ1tijurxzMWtnPGJyPjxicj4opLTXotLiKTxicj6h+cnP05ultaWkpbqkz7T6se2CjqTHpLmho7+NvlPRdca3pM6kv6ThtuDJ2aTO1WCy7qSspKKk6qTepLmhozwvZGl2PjwvcD48L3RkPjwvdHI+PC90YWJsZT48YnI+pdal6aXzpcmjuqW1pfOl76W1pdel6aWkPGJyPqWxpfOls6lgpbOl4FRPUKO+vNLriqO+ueLRp5lDxvejvqWrpeGl6T+l06XHpaqlq6XhpemjvqWrpeGl6dPDpbmlyKXppcOl16O+pbWl86XvpbWl16XppaQgpeqpYKXruLalzaXDpa+luaXIpemlw6XXIKXPqWClyaW/paSl10lEpbGpYKW5uLYgREctU1RSMTxicj7RddTs2JyJ09Sqo7qltaXzpe+ltaXXpemlpDxicj48YnI+PGJyPjxicj48YnI+PGJyPkpBTqWzqWClyaO6oaE0OTY5ODg3MzUxMzY5PGJyPjxicj48dGFibGUgd2lkdGg9IjEwMCUiIGJvcmRlcj0wIGNlbGxzcGFjaW5nPTAgY2VsbHBhZGRpbmc9NT48dHI+PHRkPjxwIGNsYXNzPSJzZWlkZXNjIj48L3A+PC90ZD48dHI+PHRkPjwvdGQ+PC90cj48L3RhYmxlPjxicj48YnI+PGJyPo7auObOxNifo7qlsaXzpbOpYKWzpeDW6sq9u+HJ5zxicj5URUyjujA1MC01NTc3LTUwNDI8YnI+PGJyPlultaXzpe+ltaXXpemlpF08YnI+ueLRp5lDxvcvpaul4aXpP6XTpcelqqWrpeGl6S+lq6XhpenTw6W5pcil6aXDpdc8YnI+PGJyPqXGpeyl071CvemjugoKpcil3qXIpbil5algpbkgLyAKpd6lq6XHpd+loqXKpcOlxKWqpaSl6yAvIArrioTTpdal7KXDpcmlq6XDpb+pYCAvIAql66WkpdyluaXGpaOpYCAvIAqk6qTzpLT1oSAvIAq2qLesyczGtyAvIAo8YnI+PGJyPgoKPGRpdiBzdHlsZT0ibWFyZ2luLWJvdHRvbToxMHB4OyI+Cgo8aW1nIHNyYz0iaHR0cHM6Ly9pbWFnZS5yYWt1dGVuLmNvLmpwL3Jha3V0ZW4yNC9jYWJpbmV0L2NvdXBvbi9ibnJfMTAwXzcwMF82MC5qcGciIGFsdD0is/Wk4aTGpM63vc/etqgxMDCD0k9GRqOhIiB3aWR0aD0iNzAwIiBoZWlnaHQ9IjYwIiAKCmJvcmRlcj0iMCI+CjwvZGl2PgoKCjwhLS1kaXYgc3R5bGU9Im1hcmdpbi1ib3R0b206MTBweDsiPgoKPGltZyBzcmM9Imh0dHA6Ly9pbWFnZS5yYWt1dGVuLmNvLmpwL3Jha3V0ZW4yNC9jYWJpbmV0L2NvdXBvbi9ibnJfNzAwXzYwXzQuanBnIiBhbHQ9IjQsMDAwg9LS1MnP2Y/I66THMTAlT0ZGo6EiIHdpZHRoPSI3MDAiIAoKaGVpZ2h0PSI2MCIgYm9yZGVyPSIwIj4KPC9kaXYtLT4KCgo8ZGl2IHN0eWxlPSJtYXJnaW4tYm90dG9tOjEwcHg7Ij4KCjxpbWcgc3JjPSJodHRwOi8vaW1hZ2UucmFrdXRlbi5jby5qcC9rZW5rb2NvbS9jYWJpbmV0L2Jucl83MDBfNjBfNTAwMC5qcGciIGFsdD0iNSwwMDCD0tLUyc/Zj8jrpMcxMCVPRkajoSIgd2lkdGg9IjcwMCIgaGVpZ2h0PSI2MCIgCgpib3JkZXI9IjAiPgo8L2Rpdj4KCgo8IS0tZGl2IHN0eWxlPSJtYXJnaW4tYm90dG9tOjEwcHg7Ij4KCjxpbWcgc3JjPSJodHRwOi8vaW1hZ2UucmFrdXRlbi5jby5qcC9rZW5rb2NvbS9jYWJpbmV0L2Jucl83MDBfNjBfMTIuanBnIiBhbHQ9IjEwLDAwMIPS0tTJz9mPyOukxzEyJU9GRqOhIiB3aWR0aD0iNzAwIiBoZWlnaHQ9IjYwIiAKCmJvcmRlcj0iMCI+CjwvZGl2LS0+CgoKCgo8IS0tZGl2IHN0eWxlPSJtYXJnaW4tYm90dG9tOjEwcHg7Ij4KCjxpbWcgc3JjPSJodHRwOi8vaW1hZ2UucmFrdXRlbi5jby5qcC9yYWt1dGVuMjQvY2FiaW5ldC9jYW1wYWlnbi9hc3VyYWt1L2Jucl83MDBfNjAuanBnIiBhbHQ9IqSipLmYU8nMxrel3aWkpfOlyDOxtqOhIiB3aWR0aD0iNzAwIiAKCmhlaWdodD0iNjAiIGJvcmRlcj0iMCI+CjwvZGl2LS0+Cgo8ZGl2IHN0eWxlPSJtYXJnaW4tYm90dG9tOjEwcHg7Ij4KCjxpbWcgc3JjPSJodHRwczovL2ltYWdlLnJha3V0ZW4uY28uanAvcmFrdXRlbjI0L2NhYmluZXQvc3BlY2lhbC8yMDE2X2VjYW1wYWlnbi5qcGciIGFsdD0ipaSpYKWwpeuluaGhpfSlo6XDpbul64TZpMOkv6TpUDKxtiIgIAoKd2lkdGg9IjQ2OCIgaGVpZ2h0PSI2MCIgYm9yZGVyPSIwIj4KPC9kaXY+Cgo8IS0tZGl2IHN0eWxlPSJtYXJnaW4tYm90dG9tOjEwcHg7Ij4KPHRhYmxlPgo8dGQ+CjxpbWcgc3JjPSJodHRwOi8vaW1hZ2UucmFrdXRlbi5jby5qcC9rZW5rb2NvbS9jYWJpbmV0L3NwZWNpYWwveDUyMDE2MWguanBnIiBhbHQ9IqXVpeulsKXpIiB3aWR0aD0iMTgwIiBoZWlnaHQ9IjE4MCIgYm9yZGVyPSIwIj48L3RkPgoKPHRkPgo8aW1nIHNyYz0iaHR0cDovL2ltYWdlLnJha3V0ZW4uY28uanAva2Vua29jb20vY2FiaW5ldC9zcGVjaWFsL2UxMTQ2NzdoLmpwZyIgYWx0PSKlr6Xqpbmlv6XrpaylpKW2qWAiIHdpZHRoPSIxODAiIGhlaWdodD0iMTgwIiAKCmJvcmRlcj0iMCI+PC90ZD4KCjx0ZD4KPGltZyBzcmM9Imh0dHA6Ly9pbWFnZS5yYWt1dGVuLmNvLmpwL2tlbmtvY29tL2NhYmluZXQvc3BlY2lhbC9lMTEwODUzaC5qcGciIGFsdD0ipc+l7algIKXGpaOlw6W3peUiIHdpZHRoPSIxODAiIGhlaWdodD0iMTgwIiAKCmJvcmRlcj0iMCI+PC90ZD4KCjx0ZD4KPGltZyBzcmM9Imh0dHA6Ly9pbWFnZS5yYWt1dGVuLmNvLmpwL2tlbmtvY29tL2NhYmluZXQvc3BlY2lhbC9lMzcyMDgyaC5qcGciIGFsdD0ipaKlv6XDpa9ORU8iIHdpZHRoPSIxODAiIGhlaWdodD0iMTgwIiAKCmJvcmRlcj0iMCI+PC90ZD4KCjwvdGFibGU+CjwvZGl2LS0+CgoKCgoKCjwhLS1kaXYgc3R5bGU9Im1hcmdpbi1ib3R0b206MTBweDsiPgoKPGltZyBzcmM9Imh0dHA6Ly9pbWFnZS5yYWt1dGVuLmNvLmpwL3Jha3V0ZW4yNC9jYWJpbmV0L2NvdXBvbi9ibnJfNzAwXzYwXzEwMDAwLmpwZyIgYWx0PSIxMCwwMDCD0tLUyc/Zj8jrpMcxNSVPRkajoSIgd2lkdGg9IjcwMCIgCgpoZWlnaHQ9IjYwIiBib3JkZXI9IjAiPgo8L2Rpdi0tPgoKCjwhLS1kaXYgc3R5bGU9Im1hcmdpbi1ib3R0b206MTBweDsiPgoKPGltZyBzcmM9Imh0dHA6Ly9pbWFnZS5yYWt1dGVuLmNvLmpwL3Jha3V0ZW4yNC9jYWJpbmV0L2NhbXBhaWduL3BvaW50dXAvaG91c2Vob2xkL2Jucl9wdDRfdHVlXzcwMF85MC5naWYiIGFsdD0iyKvJzMa3pd2lpKXzpcjX7rTzNLG2o6EiIAoKd2lkdGg9IjQ2OCIgaGVpZ2h0PSI2MCIgYm9yZGVyPSIwIj4KPC9kaXYtLT4KCgoKCjwhLS1kaXYgc3R5bGU9Im1hcmdpbi1ib3R0b206MTBweDsiPgoKPGltZyBzcmM9Imh0dHA6Ly9pbWFnZS5yYWt1dGVuLmNvLmpwL2tlbmtvY29tL2NhYmluZXQvaW1nLzIwMTZfZWNhbXBhaWduLmpwZyIgYWx0PSLIq8nMxrel3aWkpfOlyDKxtqOhIiB3aWR0aD0iNDY4IiBoZWlnaHQ9IjYwIiAKCmJvcmRlcj0iMCI+CjwvZGl2LS0+Cgo8IS0tZGl2IHN0eWxlPSJtYXJnaW4tYm90dG9tOjEwcHg7Ij4KCjxpbWcgc3JjPSJodHRwOi8vaW1hZ2UucmFrdXRlbi5jby5qcC9rZW5rb2NvbS9jYWJpbmV0L2ltZy8yMDE2X3ZjYW1wYWlnbi5qcGciIGFsdD0ipfSlo6XDpbul68nxkfWE2cD705vE7qXdpaSl86XIMrG2o6EiIHdpZHRoPSI0NjgiIAoKaGVpZ2h0PSI2MCIgYm9yZGVyPSIwIj4KPC9kaXYtLT4KCgo8IS0tZGl2IHN0eWxlPSJtYXJnaW4tYm90dG9tOjEwcHg7Ij4KCjxpbWcgc3JjPSJodHRwOi8vaW1hZ2UucmFrdXRlbi5jby5qcC9rZW5rb2NvbS9jYWJpbmV0L2ltZy8yMDE2X2V2Y2FtcGFpZ24uanBnIiBhbHQ9IphTzOylpKlgpbCl66OmpfSlo6XDpbul68nxkfWE2cD705vE7qXdpaSl86XIM7G2o6EiIAoKd2lkdGg9IjQ2OCIgaGVpZ2h0PSI2MCIgYm9yZGVyPSIwIj4KPC9kaXYtLT4=,pbWl86XvpbWl16XppaQgpeqpYKXruLalzaXDpa+luaXIpemlw6XXIKXPqWClyaW/paSl10lEpbGpYKW5uLYgREctU1RSMVultaXzpe+ltaXXpemlpCClq6XhpenTw6W5pcil6aXDpdddo7qlsaXzpbOpYKWzpeA=,pbGl86WzqWCls6XgpbGl86WzqWCls6Xg1qe16qWvpeqluaW/peulrKWkpbapYKXfpc2l6aXrpaalqalgpb+pYKXqpaKlw6XXpeqloqXDpdd4NaXApaaly6lgpbOl86XJqWCl4KXapeqlqKW1qWCl4qW5pbOl86XIpeylw6WvpbnI1Z+GpLHWuaThpbOls6XKpcOlxKWqpaSl66SopLSk3qSzpOHTzaW1pfOl2qXspbCl6qXOycjvTJlDpa+l6qW5pb+l66WspaSltqlgIDUwMG1sIDQ4sb6+dqTOxKfFrrjKvsaltaXzpe+ltaXXpemlpCCl6qlgpeu4tqXNpcOlr6W5pcil6aXDpdcgpc+pYKXJpb+lpKXXSUSlsalgpbm4tiBERy1TVFIxW6W1pfOl76W1pdel6aWkIKWrpeGl6dPDpbmlyKXppcOl110=,pbWl86XvpbWl16XppaQvy7CSaTE5MDCD0tLUyc/LzcHPn2/Bz6GjpbWl86XvpbWl16XppaQgpeqpYKXruLalzaXDpa+luaXIpemlw6XXIKXPqWClyaW/paSl10lEpbGpYKW5uLYgREctU1RSMVultaXzpe+ltaXXpemlpCClq6XhpenTw6W5pcil6aXDpddd[rn]
33-14382,aHR0cDovL3RzaG9wLnIxMHMuanAva2Vua29jb20vY2FiaW5ldC9lNDcyMi9lNDcyMjk4aF9sLmpwZz9maXRpbj03MDA6NzAw,Nzk5LjIwMDA=,,VFY/paqpYKXHpaOlqj+lq6XhpekgPiCloqWvpbultaXqqWA/sr/GtyA+IKWrpeGl6T+l06XHpaqlq6Xhpek/ueLRp5lDxvfTw6Wipa+lu6W1peqpYCA+IKXHpbilv6Xrpaul4aXp08OloqWvpbultaXqqWAgPiCkvaTOy/s=,pbWl86XvpbWl16XppaQgpbOl86XRpa+lyKXHpbilq6Xh08Olz6XzpcmluaXIpemlw6XXILersrwgpd6l66XBpaul6algIERHLVNUMzJbpbWl86XvpbWl16XppaQgpaul4aXp08OluaXIpemlw6XXXQ==,pbWl86XvpbWl16XppaQvy7CSaTE5MDCD0tLUyc/LzcHPn2/Bzw==,PGJyPjxkaXYgY2xhc3M9InJldmlld0JuciI+PGRpdj48Zm9udCBzaXplID0gMz48c3BhbiBzdHlsZT0ibGluZS1oZWlnaHQ6MTMwJSI+pLOkwaTppM7JzMa3PC9zcGFuPtK7t6yBXKTqpa2l46XzpdqpYKXzjJ3P88nMxrejoaOhPGJyPjxzcGFuIHN0eWxlPSJsaW5lLWhlaWdodDoxMzAlIj6ks6TOyczGt6TOPHNwYW4+yczGt6XspdOl5algpPI8c3Ryb25nPjG3rKTLPC9zdHJvbmc+zba45aS3pMbtlKSkpL+3vTwvc3Bhbj6kyzwvc3Bhbj48YnI+IDxzdHJvbmc+MzAwg9JPRkalr6lgpd2l8zwvc3Ryb25nPqTypdel7KW8pfOlyKOhPGJyPjwvZGl2PjwvZGl2PqH5P6XspdOl5algzba45ZVypMult6XnpcOl16TY16LOxLesusWk8taqpOmku6TroaOkzqXBpaelw6WvpPLI66TspMakr6TApLWkpKGjPGJyPj/h4cjVpeGpYKXrpMukxqWvqWCl3aXzVVJMpPKkqsvNpOqkt6TepLmhozxhIGhyZWY9Imh0dHA6Ly93d3cucmFrdXRlbi5uZS5qcC9nb2xkL2tlbmtvY29tL2ZlYXR1cmVsaW5rL3Jldmlldy9pbmRleC5odG1sIj6h9qH11JSkt6SvpM+ks6TBpOmh9aH2PC9hPjxicj4/y/ukzre9pKzPyKTLzba45aS3pL+I9rrPpM+lr6lgpd2l899Ns8qkzoydz/PN4qTIpMqk6qTepLmkzqTHpLTXotLipK+kwKS1pKSho6XspdOl5algzba45aTPz8Kyv6TL05vdZKS3pMakpKTepLmhozxicj4/peyl06XlqWDNtrjlpKuk6be007Ok3qTHlXKy7qSspKKk66S/pOGhosnMxre7rcPmyc+kzqXspdOl5algvP7K/aTIjGfrSKTOzba45bz+yv2krK6QpMqk64j2us+krKSipOqk3qS5pM6kx9PopOGktMHLs9Ckr6TApLWkpKGjPGJyPjxicj48YnI+PHNtYWxsPqH5pdGlw6WxqWCluKXHpbalpKXztcikz9PouOakyqSvieS4/KS1pOyk66SzpMikrKSipOqk3qS5oaM8L3NtYWxsPjxicj48YnI+PHRhYmxlPjx0cj48dGQgd2lkdGg9IjEwMCUiPjxwIGNsYXNzPSJwZGVzYyI+PGRpdiBjbGFzcz0icGRlc2N0aXRsZSI+yczGt9Vow/c8L2Rpdj48ZGl2IGNsYXNzPSJwZGVzY2hvbmJ1biI+obiltaXzpe+ltaXXpemlpCCls6XzpdGlr6XIpceluKWrpeHTw6XPpfOlyaW5pcil6aXDpdcgt6uyvCCl3qXrpcGlq6XpqWAgREctU1QzMqG5pM+hosWu0NSkrMrWytek8s2opLuk6+lMpLWkzqXPpfOlyaW5pcil6aXDpdekx6S5oaOlq6W4peWloqXrpMq3q7K8pPLKudPDoaOl3qXrpcGlq6XpqWChozwvZGl2PjxkaXYgY2xhc3M9InBkZXNjdGl0bGUiPqS016LS4jwvZGl2PjxkaXYgY2xhc3M9InBkZXNjaG9uYnVuIj6h8c6j6pOkx6S5pM6kx6GiytbK16TLpbmlyKXppcOl16TypKuksaS/pN6k3o+KpK/S/aSrpMqkpKTopKaky6S3pMakr6TApLWkpKGjPGJyPqHxpaul4aXppMqkyaTypMSksaS/pN6k3tXxpOq72KS3pL+k6o+KpK/S/aTDj4ikw6S/pOqkt6TKpKSkx6SvpMCktaSkoaPH0KTspL+k6s3ipOykv6TqpLmk66SzpMikrKSipOqk3qS5oaM8YnI+ofGxvtF1xrekz+WmpOykv6TqxKaywaS3pL+k6qS5pOukyMmrwuSkwaS5pOu/1qTspKykoqTqpN6kuaGjpKrIoaTqklGkpKTLpM/KrrfWpLTXotLipK+kwKS1pKShozxicj6h8bG+0XXGt6TyyrnTw9bQpMuwa8n6pLekv5lDxvekzsbGk3Ck5KXIpeml1qXrpMqkyaTLpMSkpKTGpM+hoqW1pfOl76W1pdel6aWkpMekz9K7x9CkztifyM6k8tiTpKSkq6TNpN6kuaGjpLTBy7PQpK+kwKS1pKShozwvZGl2PjxkaXYgY2xhc3M9InBkZXNjdGl0bGUiPtF1xrfKy5iUPC9kaXY+PGRpdiBjbGFzcz0icGRlc2Nob25idW4iPqHxpaul6algo7q3q7K8P6XepeulwaWrpempYDxicj6h8aW1paSlujxicj6luaXIpemlw6XXt/kvMTBtbTxicj7Iq+lML7xzMTg1bW0ot6uyvKW5pcil6aXDpdeyv7fWLzEyOG1toaK98L7fsr+31i83bW2hosvJyH68fi81MG1tKTxicj7K1srXpPLNqKS7pOuyv7fWpM7E2rTnLzIyMG1tPGJyPqH5pbWlpKW6pM+7+ZzKgo6kx6S5oaO/cNF1xrekzqS/pOGhosr9bW2kztVgsu6krMn6pLik66SzpMikrKSipOqk3qS5oaM8YnI+ofnPyLbLyKGk6s3ipLekz6THpK2k3qS7pPOhozxicj6h8bLE2XyjurersrwopbOlw6XIpfMpPGJyPqHxxM26ydbYo7o1MDBnPC9kaXY+PC9wPjwvdGQ+PC90cj48L3RhYmxlPjxicj6l1qXppfOlyaO6pbWl86XvpbWl16XppaQ8YnI+pbGl86WzqWCls6XgVE9Qo7680uuKo7654tGnmUPG96O+paul4aXpP6XTpcelqqWrpeGl6aO+paul4aXp08OluaXIpemlw6XXo76ltaXzpe+ltaXXpemlpCCls6XzpdGlr6XIpceluKWrpeHTw6XPpfOlyaW5pcil6aXDpdcgt6uyvCCl3qXrpcGlq6XpqWAgREctU1QzMjxicj7RddTs2JyJ09Sqo7qltaXzpe+ltaXXpemlpDxicj48YnI+PGJyPjxicj48YnI+PGJyPkpBTqWzqWClyaO6oaE0OTY5ODg3MzUxMzA3PGJyPjxicj48dGFibGUgd2lkdGg9IjEwMCUiIGJvcmRlcj0wIGNlbGxzcGFjaW5nPTAgY2VsbHBhZGRpbmc9NT48dHI+PHRkPjxwIGNsYXNzPSJzZWlkZXNjIj48L3A+PC90ZD48dHI+PHRkPjwvdGQ+PC90cj48L3RhYmxlPjxicj48YnI+PGJyPo7auObOxNifo7qlsaXzpbOpYKWzpeDW6sq9u+HJ5zxicj5URUyjujA1MC01NTc3LTUwNDI8YnI+PGJyPlultaXzpe+ltaXXpemlpF08YnI+ueLRp5lDxvcvpaul4aXpP6XTpcelqqWrpeGl6S+lq6XhpenTw6W5pcil6aXDpdc8YnI+PGJyPqXGpeyl071CvemjugoKpcil3qXIpbil5algpbkgLyAKpd6lq6XHpd+loqXKpcOlxKWqpaSl6yAvIArrioTTpdal7KXDpcmlq6XDpb+pYCAvIAql66WkpdyluaXGpaOpYCAvIAqk6qTzpLT1oSAvIAq2qLesyczGtyAvIAo8YnI+PGJyPgoKPGRpdiBzdHlsZT0ibWFyZ2luLWJvdHRvbToxMHB4OyI+Cgo8aW1nIHNyYz0iaHR0cHM6Ly9pbWFnZS5yYWt1dGVuLmNvLmpwL3Jha3V0ZW4yNC9jYWJpbmV0L2NvdXBvbi9ibnJfMTAwXzcwMF82MC5qcGciIGFsdD0is/Wk4aTGpM63vc/etqgxMDCD0k9GRqOhIiB3aWR0aD0iNzAwIiBoZWlnaHQ9IjYwIiAKCmJvcmRlcj0iMCI+CjwvZGl2PgoKCjwhLS1kaXYgc3R5bGU9Im1hcmdpbi1ib3R0b206MTBweDsiPgoKPGltZyBzcmM9Imh0dHA6Ly9pbWFnZS5yYWt1dGVuLmNvLmpwL3Jha3V0ZW4yNC9jYWJpbmV0L2NvdXBvbi9ibnJfNzAwXzYwXzQuanBnIiBhbHQ9IjQsMDAwg9LS1MnP2Y/I66THMTAlT0ZGo6EiIHdpZHRoPSI3MDAiIAoKaGVpZ2h0PSI2MCIgYm9yZGVyPSIwIj4KPC9kaXYtLT4KCgo8ZGl2IHN0eWxlPSJtYXJnaW4tYm90dG9tOjEwcHg7Ij4KCjxpbWcgc3JjPSJodHRwOi8vaW1hZ2UucmFrdXRlbi5jby5qcC9rZW5rb2NvbS9jYWJpbmV0L2Jucl83MDBfNjBfNTAwMC5qcGciIGFsdD0iNSwwMDCD0tLUyc/Zj8jrpMcxMCVPRkajoSIgd2lkdGg9IjcwMCIgaGVpZ2h0PSI2MCIgCgpib3JkZXI9IjAiPgo8L2Rpdj4KCgo8IS0tZGl2IHN0eWxlPSJtYXJnaW4tYm90dG9tOjEwcHg7Ij4KCjxpbWcgc3JjPSJodHRwOi8vaW1hZ2UucmFrdXRlbi5jby5qcC9rZW5rb2NvbS9jYWJpbmV0L2Jucl83MDBfNjBfMTIuanBnIiBhbHQ9IjEwLDAwMIPS0tTJz9mPyOukxzEyJU9GRqOhIiB3aWR0aD0iNzAwIiBoZWlnaHQ9IjYwIiAKCmJvcmRlcj0iMCI+CjwvZGl2LS0+CgoKCgo8IS0tZGl2IHN0eWxlPSJtYXJnaW4tYm90dG9tOjEwcHg7Ij4KCjxpbWcgc3JjPSJodHRwOi8vaW1hZ2UucmFrdXRlbi5jby5qcC9yYWt1dGVuMjQvY2FiaW5ldC9jYW1wYWlnbi9hc3VyYWt1L2Jucl83MDBfNjAuanBnIiBhbHQ9IqSipLmYU8nMxrel3aWkpfOlyDOxtqOhIiB3aWR0aD0iNzAwIiAKCmhlaWdodD0iNjAiIGJvcmRlcj0iMCI+CjwvZGl2LS0+Cgo8ZGl2IHN0eWxlPSJtYXJnaW4tYm90dG9tOjEwcHg7Ij4KCjxpbWcgc3JjPSJodHRwczovL2ltYWdlLnJha3V0ZW4uY28uanAvcmFrdXRlbjI0L2NhYmluZXQvc3BlY2lhbC8yMDE2X2VjYW1wYWlnbi5qcGciIGFsdD0ipaSpYKWwpeuluaGhpfSlo6XDpbul64TZpMOkv6TpUDKxtiIgIAoKd2lkdGg9IjQ2OCIgaGVpZ2h0PSI2MCIgYm9yZGVyPSIwIj4KPC9kaXY+Cgo8IS0tZGl2IHN0eWxlPSJtYXJnaW4tYm90dG9tOjEwcHg7Ij4KPHRhYmxlPgo8dGQ+CjxpbWcgc3JjPSJodHRwOi8vaW1hZ2UucmFrdXRlbi5jby5qcC9rZW5rb2NvbS9jYWJpbmV0L3NwZWNpYWwveDUyMDE2MWguanBnIiBhbHQ9IqXVpeulsKXpIiB3aWR0aD0iMTgwIiBoZWlnaHQ9IjE4MCIgYm9yZGVyPSIwIj48L3RkPgoKPHRkPgo8aW1nIHNyYz0iaHR0cDovL2ltYWdlLnJha3V0ZW4uY28uanAva2Vua29jb20vY2FiaW5ldC9zcGVjaWFsL2UxMTQ2NzdoLmpwZyIgYWx0PSKlr6Xqpbmlv6XrpaylpKW2qWAiIHdpZHRoPSIxODAiIGhlaWdodD0iMTgwIiAKCmJvcmRlcj0iMCI+PC90ZD4KCjx0ZD4KPGltZyBzcmM9Imh0dHA6Ly9pbWFnZS5yYWt1dGVuLmNvLmpwL2tlbmtvY29tL2NhYmluZXQvc3BlY2lhbC9lMTEwODUzaC5qcGciIGFsdD0ipc+l7algIKXGpaOlw6W3peUiIHdpZHRoPSIxODAiIGhlaWdodD0iMTgwIiAKCmJvcmRlcj0iMCI+PC90ZD4KCjx0ZD4KPGltZyBzcmM9Imh0dHA6Ly9pbWFnZS5yYWt1dGVuLmNvLmpwL2tlbmtvY29tL2NhYmluZXQvc3BlY2lhbC9lMzcyMDgyaC5qcGciIGFsdD0ipaKlv6XDpa9ORU8iIHdpZHRoPSIxODAiIGhlaWdodD0iMTgwIiAKCmJvcmRlcj0iMCI+PC90ZD4KCjwvdGFibGU+CjwvZGl2LS0+CgoKCgoKCjwhLS1kaXYgc3R5bGU9Im1hcmdpbi1ib3R0b206MTBweDsiPgoKPGltZyBzcmM9Imh0dHA6Ly9pbWFnZS5yYWt1dGVuLmNvLmpwL3Jha3V0ZW4yNC9jYWJpbmV0L2NvdXBvbi9ibnJfNzAwXzYwXzEwMDAwLmpwZyIgYWx0PSIxMCwwMDCD0tLUyc/Zj8jrpMcxNSVPRkajoSIgd2lkdGg9IjcwMCIgCgpoZWlnaHQ9IjYwIiBib3JkZXI9IjAiPgo8L2Rpdi0tPgoKCjwhLS1kaXYgc3R5bGU9Im1hcmdpbi1ib3R0b206MTBweDsiPgoKPGltZyBzcmM9Imh0dHA6Ly9pbWFnZS5yYWt1dGVuLmNvLmpwL3Jha3V0ZW4yNC9jYWJpbmV0L2NhbXBhaWduL3BvaW50dXAvaG91c2Vob2xkL2Jucl9wdDRfdHVlXzcwMF85MC5naWYiIGFsdD0iyKvJzMa3pd2lpKXzpcjX7rTzNLG2o6EiIAoKd2lkdGg9IjQ2OCIgaGVpZ2h0PSI2MCIgYm9yZGVyPSIwIj4KPC9kaXYtLT4KCgoKCjwhLS1kaXYgc3R5bGU9Im1hcmdpbi1ib3R0b206MTBweDsiPgoKPGltZyBzcmM9Imh0dHA6Ly9pbWFnZS5yYWt1dGVuLmNvLmpwL2tlbmtvY29tL2NhYmluZXQvaW1nLzIwMTZfZWNhbXBhaWduLmpwZyIgYWx0PSLIq8nMxrel3aWkpfOlyDKxtqOhIiB3aWR0aD0iNDY4IiBoZWlnaHQ9IjYwIiAKCmJvcmRlcj0iMCI+CjwvZGl2LS0+Cgo8IS0tZGl2IHN0eWxlPSJtYXJnaW4tYm90dG9tOjEwcHg7Ij4KCjxpbWcgc3JjPSJodHRwOi8vaW1hZ2UucmFrdXRlbi5jby5qcC9rZW5rb2NvbS9jYWJpbmV0L2ltZy8yMDE2X3ZjYW1wYWlnbi5qcGciIGFsdD0ipfSlo6XDpbul68nxkfWE2cD705vE7qXdpaSl86XIMrG2o6EiIHdpZHRoPSI0NjgiIAoKaGVpZ2h0PSI2MCIgYm9yZGVyPSIwIj4KPC9kaXYtLT4KCgo8IS0tZGl2IHN0eWxlPSJtYXJnaW4tYm90dG9tOjEwcHg7Ij4KCjxpbWcgc3JjPSJodHRwOi8vaW1hZ2UucmFrdXRlbi5jby5qcC9rZW5rb2NvbS9jYWJpbmV0L2ltZy8yMDE2X2V2Y2FtcGFpZ24uanBnIiBhbHQ9IphTzOylpKlgpbCl66OmpfSlo6XDpbul68nxkfWE2cD705vE7qXdpaSl86XIM7G2o6EiIAoKd2lkdGg9IjQ2OCIgaGVpZ2h0PSI2MCIgYm9yZGVyPSIwIj4KPC9kaXYtLT4=,pbWl86XvpbWl16XppaQgpbOl86XRpa+lyKXHpbilq6Xh08Olz6XzpcmluaXIpemlw6XXILersrwgpd6l66XBpaul6algIERHLVNUMzJbpbWl86XvpbWl16XppaQgpaul4aXp08OluaXIpemlw6XXXaO6pbGl86WzqWCls6Xg,pbGl86WzqWCls6XgpbGl86WzqWCls6Xg1qe16qWvpeqluaW/peulrKWkpbapYKXfpc2l6aXrpaalqalgpb+pYKXqpaKlw6XXpeqloqXDpdd4NaXApaaly6lgpbOl86XJqWCl4KXapeqlqKW1qWCl4qW5pbOl86XIpeylw6WvpbnI1Z+GpLHWuaThpbOls6XKpcOlxKWqpaSl66SopLSk3qSzpOHTzaW1pfOl2qXspbCl6qXOycjvTJlDpa+l6qW5pb+l66WspaSltqlgIDUwMG1sIDQ4sb6+dqTOxKfFrrjKvsaltaXzpe+ltaXXpemlpCCls6XzpdGlr6XIpceluKWrpeHTw6XPpfOlyaW5pcil6aXDpdcgt6uyvCCl3qXrpcGlq6XpqWAgREctU1QzMlultaXzpe+ltaXXpemlpCClq6XhpenTw6W5pcil6aXDpddd,pbWl86XvpbWl16XppaQvy7CSaTE5MDCD0tLUyc/LzcHPn2/Bz6GjpbWl86XvpbWl16XppaQgpbOl86XRpa+lyKXHpbilq6Xh08Olz6XzpcmluaXIpemlw6XXILersrwgpd6l66XBpaul6algIERHLVNUMzJbpbWl86XvpbWl16XppaQgpaul4aXp08OluaXIpemlw6XXXQ==[rn]
33-14383,aHR0cDovL3RzaG9wLnIxMHMuanAva2Vua29jb20vY2FiaW5ldC9lNDcyMi9lNDcyMjk1aF9sLmpwZz9maXRpbj03MDA6NzAw,NzU5LjIwMDA=,,VFY/paqpYKXHpaOlqj+lq6XhpekgPiCloqWvpbultaXqqWA/sr/GtyA+IKWrpeGl6T+l06XHpaqlq6Xhpek/ueLRp5lDxvfTw6Wipa+lu6W1peqpYCA+IKXHpbilv6Xrpaul4aXp08OloqWvpbultaXqqWAgPiCkvaTOy/s=,pbWl86XvpbWl16XppaQgpc2lw6WvpbmlyKXppcOl1yAxMG1tt/kgpdal66lgIERHLVNUMTZCTFultaXzpe+ltaXXpemlpCClq6XhpenTw6W5pcil6aXDpddd,pbWl86XvpbWl16XppaQvy7CSaTE5MDCD0tLUyc/LzcHPn2/Bzw==,PGJyPjxkaXYgY2xhc3M9InJldmlld0JuciI+PGRpdj48Zm9udCBzaXplID0gMz48c3BhbiBzdHlsZT0ibGluZS1oZWlnaHQ6MTMwJSI+pLOkwaTppM7JzMa3PC9zcGFuPtK7t6yBXKTqpa2l46XzpdqpYKXzjJ3P88nMxrejoaOhPGJyPjxzcGFuIHN0eWxlPSJsaW5lLWhlaWdodDoxMzAlIj6ks6TOyczGt6TOPHNwYW4+yczGt6XspdOl5algpPI8c3Ryb25nPjG3rKTLPC9zdHJvbmc+zba45aS3pMbtlKSkpL+3vTwvc3Bhbj6kyzwvc3Bhbj48YnI+IDxzdHJvbmc+MzAwg9JPRkalr6lgpd2l8zwvc3Ryb25nPqTypdel7KW8pfOlyKOhPGJyPjwvZGl2PjwvZGl2PqH5P6XspdOl5algzba45ZVypMult6XnpcOl16TY16LOxLesusWk8taqpOmku6TroaOkzqXBpaelw6WvpPLI66TspMakr6TApLWkpKGjPGJyPj/h4cjVpeGpYKXrpMukxqWvqWCl3aXzVVJMpPKkqsvNpOqkt6TepLmhozxhIGhyZWY9Imh0dHA6Ly93d3cucmFrdXRlbi5uZS5qcC9nb2xkL2tlbmtvY29tL2ZlYXR1cmVsaW5rL3Jldmlldy9pbmRleC5odG1sIj6h9qH11JSkt6SvpM+ks6TBpOmh9aH2PC9hPjxicj4/y/ukzre9pKzPyKTLzba45aS3pL+I9rrPpM+lr6lgpd2l899Ns8qkzoydz/PN4qTIpMqk6qTepLmkzqTHpLTXotLipK+kwKS1pKSho6XspdOl5algzba45aTPz8Kyv6TL05vdZKS3pMakpKTepLmhozxicj4/peyl06XlqWDNtrjlpKuk6be007Ok3qTHlXKy7qSspKKk66S/pOGhosnMxre7rcPmyc+kzqXspdOl5algvP7K/aTIjGfrSKTOzba45bz+yv2krK6QpMqk64j2us+krKSipOqk3qS5pM6kx9PopOGktMHLs9Ckr6TApLWkpKGjPGJyPjxicj48YnI+PHNtYWxsPqH5pdGlw6WxqWCluKXHpbalpKXztcikz9PouOakyqSvieS4/KS1pOyk66SzpMikrKSipOqk3qS5oaM8L3NtYWxsPjxicj48YnI+PHRhYmxlPjx0cj48dGQgd2lkdGg9IjEwMCUiPjxwIGNsYXNzPSJwZGVzYyI+PGRpdiBjbGFzcz0icGRlc2N0aXRsZSI+yczGt9Vow/c8L2Rpdj48ZGl2IGNsYXNzPSJwZGVzY2hvbmJ1biI+obiltaXzpe+ltaXXpemlpCClzaXDpa+luaXIpemlw6XXIDEwbW23+SCl1qXrqWAgREctU1QxNkJMobmkz6GivKG0paTqpM7BvKSky9iyxKTyyrnTw6S3pL+luaXepds/pceluKW/peulq6XhpenTw6XNpcOlr6W5pcil6aXDpdekx6S5oaMxMG1tt/mho6XWpeupYKGjPC9kaXY+PGRpdiBjbGFzcz0icGRlc2N0aXRsZSI+pLTXotLiPC9kaXY+PGRpdiBjbGFzcz0icGRlc2Nob25idW4iPqHxpb+l1qXspcOlyKGipd+l6algpeyludK70dulq6Xhpemky6TPyrnTw6THpK2k3qS7pPOhozxicj6h8bG+0XXGt6Tyyteky6SrpLGkv6TIpK2hoqXtpbSkrNX9w+ak8s/ypK+k6KSmpMuluaXIpemlw6XXpPLSu7vYpNKkzaTDpMakpKTepLmhozwvZGl2PjxkaXYgY2xhc3M9InBkZXNjdGl0bGUiPtF1xrfKy5iUPC9kaXY+PGRpdiBjbGFzcz0icGRlc2Nob25idW4iPqHxpaul6algo7ql1qXrqWA8YnI+ofGltaWkpbo8YnI+yKvpTC81NjBtbTxicj63+S8xMG1tPGJyPqHx1tjBv6O6MTZnPGJyPqHxssTZfKO6pd2l6qWopbmlxqXrPGJyPqHxxM26ydbYo7oxa2c8L2Rpdj48L3A+PC90ZD48L3RyPjwvdGFibGU+PGJyPqXWpeml86XJo7qltaXzpe+ltaXXpemlpDxicj6lsaXzpbOpYKWzpeBUT1CjvrzS64qjvrni0aeZQ8b3o76lq6Xhpek/pdOlx6Wqpaul4aXpo76lq6XhpenTw6W5pcil6aXDpdejvqW1pfOl76W1pdel6aWkIKXNpcOlr6W5pcil6aXDpdcgMTBtbbf5IKXWpeupYCBERy1TVDE2Qkw8YnI+0XXU7NicidPUqqO6pbWl86XvpbWl16XppaQ8YnI+PGJyPjxicj48YnI+PGJyPjxicj5KQU6ls6lgpcmjuqGhNDk2OTg4NzM1MzUwOTxicj48YnI+PHRhYmxlIHdpZHRoPSIxMDAlIiBib3JkZXI9MCBjZWxsc3BhY2luZz0wIGNlbGxwYWRkaW5nPTU+PHRyPjx0ZD48cCBjbGFzcz0ic2VpZGVzYyI+PC9wPjwvdGQ+PHRyPjx0ZD48L3RkPjwvdHI+PC90YWJsZT48YnI+PGJyPjxicj6O2rjmzsTYn6O6pbGl86WzqWCls6Xg1urKvbvhyec8YnI+VEVMo7owNTAtNTU3Ny01MDQyPGJyPjxicj5bpbWl86XvpbWl16XppaRdPGJyPrni0aeZQ8b3L6WrpeGl6T+l06XHpaqlq6Xhpekvpaul4aXp08OluaXIpemlw6XXPGJyPjxicj6lxqXspdO9Qr3po7oKCqXIpd6lyKW4peWpYKW5IC8gCqXepaulx6XfpaKlyqXDpcSlqqWkpesgLyAK64qE06XWpeylw6XJpaulw6W/qWAgLyAKpeulpKXcpbmlxqWjqWAgLyAKpOqk86S09aEgLyAKtqi3rMnMxrcgLyAKPGJyPjxicj4KCjxkaXYgc3R5bGU9Im1hcmdpbi1ib3R0b206MTBweDsiPgoKPGltZyBzcmM9Imh0dHBzOi8vaW1hZ2UucmFrdXRlbi5jby5qcC9yYWt1dGVuMjQvY2FiaW5ldC9jb3Vwb24vYm5yXzEwMF83MDBfNjAuanBnIiBhbHQ9IrP1pOGkxqTOt73P3raoMTAwg9JPRkajoSIgd2lkdGg9IjcwMCIgaGVpZ2h0PSI2MCIgCgpib3JkZXI9IjAiPgo8L2Rpdj4KCgo8IS0tZGl2IHN0eWxlPSJtYXJnaW4tYm90dG9tOjEwcHg7Ij4KCjxpbWcgc3JjPSJodHRwOi8vaW1hZ2UucmFrdXRlbi5jby5qcC9yYWt1dGVuMjQvY2FiaW5ldC9jb3Vwb24vYm5yXzcwMF82MF80LmpwZyIgYWx0PSI0LDAwMIPS0tTJz9mPyOukxzEwJU9GRqOhIiB3aWR0aD0iNzAwIiAKCmhlaWdodD0iNjAiIGJvcmRlcj0iMCI+CjwvZGl2LS0+CgoKPGRpdiBzdHlsZT0ibWFyZ2luLWJvdHRvbToxMHB4OyI+Cgo8aW1nIHNyYz0iaHR0cDovL2ltYWdlLnJha3V0ZW4uY28uanAva2Vua29jb20vY2FiaW5ldC9ibnJfNzAwXzYwXzUwMDAuanBnIiBhbHQ9IjUsMDAwg9LS1MnP2Y/I66THMTAlT0ZGo6EiIHdpZHRoPSI3MDAiIGhlaWdodD0iNjAiIAoKYm9yZGVyPSIwIj4KPC9kaXY+CgoKPCEtLWRpdiBzdHlsZT0ibWFyZ2luLWJvdHRvbToxMHB4OyI+Cgo8aW1nIHNyYz0iaHR0cDovL2ltYWdlLnJha3V0ZW4uY28uanAva2Vua29jb20vY2FiaW5ldC9ibnJfNzAwXzYwXzEyLmpwZyIgYWx0PSIxMCwwMDCD0tLUyc/Zj8jrpMcxMiVPRkajoSIgd2lkdGg9IjcwMCIgaGVpZ2h0PSI2MCIgCgpib3JkZXI9IjAiPgo8L2Rpdi0tPgoKCgoKPCEtLWRpdiBzdHlsZT0ibWFyZ2luLWJvdHRvbToxMHB4OyI+Cgo8aW1nIHNyYz0iaHR0cDovL2ltYWdlLnJha3V0ZW4uY28uanAvcmFrdXRlbjI0L2NhYmluZXQvY2FtcGFpZ24vYXN1cmFrdS9ibnJfNzAwXzYwLmpwZyIgYWx0PSKkoqS5mFPJzMa3pd2lpKXzpcgzsbajoSIgd2lkdGg9IjcwMCIgCgpoZWlnaHQ9IjYwIiBib3JkZXI9IjAiPgo8L2Rpdi0tPgoKPGRpdiBzdHlsZT0ibWFyZ2luLWJvdHRvbToxMHB4OyI+Cgo8aW1nIHNyYz0iaHR0cHM6Ly9pbWFnZS5yYWt1dGVuLmNvLmpwL3Jha3V0ZW4yNC9jYWJpbmV0L3NwZWNpYWwvMjAxNl9lY2FtcGFpZ24uanBnIiBhbHQ9IqWkqWClsKXrpbmhoaX0paOlw6W7peuE2aTDpL+k6VAysbYiICAKCndpZHRoPSI0NjgiIGhlaWdodD0iNjAiIGJvcmRlcj0iMCI+CjwvZGl2PgoKPCEtLWRpdiBzdHlsZT0ibWFyZ2luLWJvdHRvbToxMHB4OyI+Cjx0YWJsZT4KPHRkPgo8aW1nIHNyYz0iaHR0cDovL2ltYWdlLnJha3V0ZW4uY28uanAva2Vua29jb20vY2FiaW5ldC9zcGVjaWFsL3g1MjAxNjFoLmpwZyIgYWx0PSKl1aXrpbCl6SIgd2lkdGg9IjE4MCIgaGVpZ2h0PSIxODAiIGJvcmRlcj0iMCI+PC90ZD4KCjx0ZD4KPGltZyBzcmM9Imh0dHA6Ly9pbWFnZS5yYWt1dGVuLmNvLmpwL2tlbmtvY29tL2NhYmluZXQvc3BlY2lhbC9lMTE0Njc3aC5qcGciIGFsdD0ipa+l6qW5pb+l66WspaSltqlgIiB3aWR0aD0iMTgwIiBoZWlnaHQ9IjE4MCIgCgpib3JkZXI9IjAiPjwvdGQ+Cgo8dGQ+CjxpbWcgc3JjPSJodHRwOi8vaW1hZ2UucmFrdXRlbi5jby5qcC9rZW5rb2NvbS9jYWJpbmV0L3NwZWNpYWwvZTExMDg1M2guanBnIiBhbHQ9IqXPpe2pYCClxqWjpcOlt6XlIiB3aWR0aD0iMTgwIiBoZWlnaHQ9IjE4MCIgCgpib3JkZXI9IjAiPjwvdGQ+Cgo8dGQ+CjxpbWcgc3JjPSJodHRwOi8vaW1hZ2UucmFrdXRlbi5jby5qcC9rZW5rb2NvbS9jYWJpbmV0L3NwZWNpYWwvZTM3MjA4MmguanBnIiBhbHQ9IqWipb+lw6WvTkVPIiB3aWR0aD0iMTgwIiBoZWlnaHQ9IjE4MCIgCgpib3JkZXI9IjAiPjwvdGQ+Cgo8L3RhYmxlPgo8L2Rpdi0tPgoKCgoKCgo8IS0tZGl2IHN0eWxlPSJtYXJnaW4tYm90dG9tOjEwcHg7Ij4KCjxpbWcgc3JjPSJodHRwOi8vaW1hZ2UucmFrdXRlbi5jby5qcC9yYWt1dGVuMjQvY2FiaW5ldC9jb3Vwb24vYm5yXzcwMF82MF8xMDAwMC5qcGciIGFsdD0iMTAsMDAwg9LS1MnP2Y/I66THMTUlT0ZGo6EiIHdpZHRoPSI3MDAiIAoKaGVpZ2h0PSI2MCIgYm9yZGVyPSIwIj4KPC9kaXYtLT4KCgo8IS0tZGl2IHN0eWxlPSJtYXJnaW4tYm90dG9tOjEwcHg7Ij4KCjxpbWcgc3JjPSJodHRwOi8vaW1hZ2UucmFrdXRlbi5jby5qcC9yYWt1dGVuMjQvY2FiaW5ldC9jYW1wYWlnbi9wb2ludHVwL2hvdXNlaG9sZC9ibnJfcHQ0X3R1ZV83MDBfOTAuZ2lmIiBhbHQ9IsiryczGt6XdpaSl86XI1+608zSxtqOhIiAKCndpZHRoPSI0NjgiIGhlaWdodD0iNjAiIGJvcmRlcj0iMCI+CjwvZGl2LS0+CgoKCgo8IS0tZGl2IHN0eWxlPSJtYXJnaW4tYm90dG9tOjEwcHg7Ij4KCjxpbWcgc3JjPSJodHRwOi8vaW1hZ2UucmFrdXRlbi5jby5qcC9rZW5rb2NvbS9jYWJpbmV0L2ltZy8yMDE2X2VjYW1wYWlnbi5qcGciIGFsdD0iyKvJzMa3pd2lpKXzpcgysbajoSIgd2lkdGg9IjQ2OCIgaGVpZ2h0PSI2MCIgCgpib3JkZXI9IjAiPgo8L2Rpdi0tPgoKPCEtLWRpdiBzdHlsZT0ibWFyZ2luLWJvdHRvbToxMHB4OyI+Cgo8aW1nIHNyYz0iaHR0cDovL2ltYWdlLnJha3V0ZW4uY28uanAva2Vua29jb20vY2FiaW5ldC9pbWcvMjAxNl92Y2FtcGFpZ24uanBnIiBhbHQ9IqX0paOlw6W7pevJ8ZH1hNnA+9ObxO6l3aWkpfOlyDKxtqOhIiB3aWR0aD0iNDY4IiAKCmhlaWdodD0iNjAiIGJvcmRlcj0iMCI+CjwvZGl2LS0+CgoKPCEtLWRpdiBzdHlsZT0ibWFyZ2luLWJvdHRvbToxMHB4OyI+Cgo8aW1nIHNyYz0iaHR0cDovL2ltYWdlLnJha3V0ZW4uY28uanAva2Vua29jb20vY2FiaW5ldC9pbWcvMjAxNl9ldmNhbXBhaWduLmpwZyIgYWx0PSKYU8zspaSpYKWwpeujpqX0paOlw6W7pevJ8ZH1hNnA+9ObxO6l3aWkpfOlyDOxtqOhIiAKCndpZHRoPSI0NjgiIGhlaWdodD0iNjAiIGJvcmRlcj0iMCI+CjwvZGl2LS0+,pbWl86XvpbWl16XppaQgpc2lw6WvpbmlyKXppcOl1yAxMG1tt/kgpdal66lgIERHLVNUMTZCTFultaXzpe+ltaXXpemlpCClq6XhpenTw6W5pcil6aXDpdddo7qlsaXzpbOpYKWzpeA=,pbGl86WzqWCls6XgpbGl86WzqWCls6Xg1qe16qWvpeqluaW/peulrKWkpbapYKXfpc2l6aXrpaalqalgpb+pYKXqpaKlw6XXpeqloqXDpdd4NaXApaaly6lgpbOl86XJqWCl4KXapeqlqKW1qWCl4qW5pbOl86XIpeylw6WvpbnI1Z+GpLHWuaThpbOls6XKpcOlxKWqpaSl66SopLSk3qSzpOHTzaW1pfOl2qXspbCl6qXOycjvTJlDpa+l6qW5pb+l66WspaSltqlgIDUwMG1sIDQ4sb6+dqTOxKfFrrjKvsaltaXzpe+ltaXXpemlpCClzaXDpa+luaXIpemlw6XXIDEwbW23+SCl1qXrqWAgREctU1QxNkJMW6W1pfOl76W1pdel6aWkIKWrpeGl6dPDpbmlyKXppcOl110=,pbWl86XvpbWl16XppaQvy7CSaTE5MDCD0tLUyc/LzcHPn2/Bz6GjpbWl86XvpbWl16XppaQgpc2lw6WvpbmlyKXppcOl1yAxMG1tt/kgpdal66lgIERHLVNUMTZCTFultaXzpe+ltaXXpemlpCClq6XhpenTw6W5pcil6aXDpddd[rn]
33-14384,aHR0cDovL3RzaG9wLnIxMHMuanAva2Vua29jb20vY2FiaW5ldC9lNDcyMi9lNDcyMjg1aF9sLmpwZz9maXRpbj03MDA6NzAw,MTAyMy4yMDAw,,VFY/paqpYKXHpaOlqj+lq6XhpekgPiCloqWvpbultaXqqWA/sr/GtyA+IKWrpeGl6T+l06XHpaqlq6Xhpek/ueLRp5lDxvfTw6Wipa+lu6W1peqpYCA+IKXHpbilv6Xrpaul4aXp08OloqWvpbultaXqqWAgPiCkvaTOy/s=,pbWl86XvpbWl16XppaQgpceluKW/pevSu9Hb08OluaXIpemlw6XXIKXsqWCluSCBSbX1pOogMrXjwfSk4SCl2algpbil5SBERy1TU1QzQkdbpbWl86XvpbWl16XppaQgpaul4aXp08OluaXIpemlw6XXXQ==,pbWl86XvpbWl16XppaQvy7CSaTE5MDCD0tLUyc/LzcHPn2/Bzw==,PGJyPjxkaXYgY2xhc3M9InJldmlld0JuciI+PGRpdj48Zm9udCBzaXplID0gMz48c3BhbiBzdHlsZT0ibGluZS1oZWlnaHQ6MTMwJSI+pLOkwaTppM7JzMa3PC9zcGFuPtK7t6yBXKTqpa2l46XzpdqpYKXzjJ3P88nMxrejoaOhPGJyPjxzcGFuIHN0eWxlPSJsaW5lLWhlaWdodDoxMzAlIj6ks6TOyczGt6TOPHNwYW4+yczGt6XspdOl5algpPI8c3Ryb25nPjG3rKTLPC9zdHJvbmc+zba45aS3pMbtlKSkpL+3vTwvc3Bhbj6kyzwvc3Bhbj48YnI+IDxzdHJvbmc+MzAwg9JPRkalr6lgpd2l8zwvc3Ryb25nPqTypdel7KW8pfOlyKOhPGJyPjwvZGl2PjwvZGl2PqH5P6XspdOl5algzba45ZVypMult6XnpcOl16TY16LOxLesusWk8taqpOmku6TroaOkzqXBpaelw6WvpPLI66TspMakr6TApLWkpKGjPGJyPj/h4cjVpeGpYKXrpMukxqWvqWCl3aXzVVJMpPKkqsvNpOqkt6TepLmhozxhIGhyZWY9Imh0dHA6Ly93d3cucmFrdXRlbi5uZS5qcC9nb2xkL2tlbmtvY29tL2ZlYXR1cmVsaW5rL3Jldmlldy9pbmRleC5odG1sIj6h9qH11JSkt6SvpM+ks6TBpOmh9aH2PC9hPjxicj4/y/ukzre9pKzPyKTLzba45aS3pL+I9rrPpM+lr6lgpd2l899Ns8qkzoydz/PN4qTIpMqk6qTepLmkzqTHpLTXotLipK+kwKS1pKSho6XspdOl5algzba45aTPz8Kyv6TL05vdZKS3pMakpKTepLmhozxicj4/peyl06XlqWDNtrjlpKuk6be007Ok3qTHlXKy7qSspKKk66S/pOGhosnMxre7rcPmyc+kzqXspdOl5algvP7K/aTIjGfrSKTOzba45bz+yv2krK6QpMqk64j2us+krKSipOqk3qS5pM6kx9PopOGktMHLs9Ckr6TApLWkpKGjPGJyPjxicj48YnI+PHNtYWxsPqH5pdGlw6WxqWCluKXHpbalpKXztcikz9PouOakyqSvieS4/KS1pOyk66SzpMikrKSipOqk3qS5oaM8L3NtYWxsPjxicj48YnI+PHRhYmxlPjx0cj48dGQgd2lkdGg9IjEwMCUiPjxwIGNsYXNzPSJwZGVzYyI+PGRpdiBjbGFzcz0icGRlc2N0aXRsZSI+yczGt9Vow/c8L2Rpdj48ZGl2IGNsYXNzPSJwZGVzY2hvbmJ1biI+obiltaXzpe+ltaXXpemlpCClx6W4pb+l69K70dvTw6W5pcil6aXDpdcgpeypYKW5IIFJtfWk6iAytePB9KThIKXZqWCluKXlIERHLVNTVDNCR6G5pM+horf5zKukzqW5pcil6aXDpdeky6WtpeWpYKXIpMql7KlgpbmkrKXdpaSl86XIpM6lx6W4pb+l69K70dvTw6W5pcil6aXDpdekx6S5oaOkyqTKpOGkrKSxpMekraTroaLpTKThpbmlyKXppcOl16GjpdmpYKW4peWhozwvZGl2PjxkaXYgY2xhc3M9InBkZXNjdGl0bGUiPqS016LS4jwvZGl2PjxkaXYgY2xhc3M9InBkZXNjaG9uYnVuIj6h8c6j6pOkx6S5pM6kx6Giytek5LznpMuluaXIpemlw6XXpPKkq6SxpL+k3qTej4qkr9L9pKukyqSkpOikpqTLpLekxqSvpMCktaSkoaM8YnI+ofGlq6XhpemkyqTJpPKkxKSxpL+k3qTe1fGk6rvYpLekv6Tqj4qkr9L9pMOPiKTDpL+k6qS3pMqkpKTHpK+kwKS1pKSho8fQpOykv6TqzeKk7KS/pOqkuaTrpLOkyKSspKKk6qTepLmhozxicj6h8bG+0XXGt6TP5aak7KS/pOrEprLBpLekv6TqpLmk66TIyavC5KTBpLmk67/WpOykrKSipOqk3qS5oaOkqsihpOqSUaSkpMukz8qut9aktNei0uKkr6TApLWkpKGjPGJyPqHxsb7Rdca3pPLKudPD1tCky7Bryfqkt6S/mUPG96TOxsaTcKTkpcil6aXWpeukyqTJpMukxKSkpMakz6GipbWl86XvpbWl16XppaSkx6TP0rvH0KTO2J/IzqTy2JOkpKSrpM2k3qS5oaOktMHLs9Ckr6TApLWkpKGjPC9kaXY+PGRpdiBjbGFzcz0icGRlc2N0aXRsZSI+0XXGt8rLmJQ8L2Rpdj48ZGl2IGNsYXNzPSJwZGVzY2hvbmJ1biI+ofGlq6XpqWCjuqXZqWCluKXlPGJyPqHxpbWlpKW6PGJyPqW5pcil6aXDpde3+S8zMG1tPGJyPsir6UwvvHMxNTMwbW0opbmlyKXppcOl17K/t9YvODcwbW2hos/IpNKk4i/pTKS1vHMzMzBtbT+3+TEwbW0pPGJyPqH5pbWlpKW6pM+7+ZzKgo6kx6S5oaO/cNF1xrekzqS/pOGhosr9bW2kztVgsu6krMn6pLik66SzpMikrKSipOqk3qS5oaM8YnI+ofGyxNl8o7ql3aXqpailuaXGpeuholBVPGJyPqHxxM26ydbYo7q8czIuNWtnPGJyPqHxjJ2P6plDt06juqW5pcil6aXDpdfIoaTquLaksdGot/mkrDEwbW3S1MnPpKKk65lDt04oUGFuYXNvbmljIEdIMS9HMi9HRjEvRzEwoaKlvaXLqWAgTkVYLTMvNaW3peqpYKW6oaKlqqXqpfOl0aW5IFBFTqW3peqpYKW6oaKlraXkpc6l8yBFT1MgS2lzc6W3peqpYKW6oaJOaWtvbqGiUEVOVEFYoaKkvaTOy/ulx6W4pb+l69K70dulq6XhpekpPGJyPqH5paql6qXzpdGluSBQRU6lt6XqqWCluqTORS1QMS9FLVAypM+hoqWrpeGl6cztuLakzsj9vcfIoaTquLaksaXqpfOlsKTyyrnTw6S3pMbIoaTquLaksaTrsdjSqqSspKKk6qTepLmhozxicj6h+dfu0MKkzoydj+qZQ7dOpM+ltaXzpe+ltaXXpemlpKTOpdupYKXgpdqpYKW4pMektLRf1Uqkr6TApLWkpKGjPC9kaXY+PC9wPjwvdGQ+PC90cj48L3RhYmxlPjxicj6l1qXppfOlyaO6pbWl86XvpbWl16XppaQ8YnI+pbGl86WzqWCls6XgVE9Qo7680uuKo7654tGnmUPG96O+paul4aXpP6XTpcelqqWrpeGl6aO+paul4aXp08OluaXIpemlw6XXo76ltaXzpe+ltaXXpemlpCClx6W4pb+l69K70dvTw6W5pcil6aXDpdcgpeypYKW5IIFJtfWk6iAytePB9KThIKXZqWCluKXlIERHLVNTVDNCRzxicj7RddTs2JyJ09Sqo7qltaXzpe+ltaXXpemlpDxicj48YnI+PGJyPjxicj48YnI+PGJyPkpBTqWzqWClyaO6oaE0OTY5ODg3MzUxMTIzPGJyPjxicj48dGFibGUgd2lkdGg9IjEwMCUiIGJvcmRlcj0wIGNlbGxzcGFjaW5nPTAgY2VsbHBhZGRpbmc9NT48dHI+PHRkPjxwIGNsYXNzPSJzZWlkZXNjIj48L3A+PC90ZD48dHI+PHRkPjwvdGQ+PC90cj48L3RhYmxlPjxicj48YnI+PGJyPo7auObOxNifo7qlsaXzpbOpYKWzpeDW6sq9u+HJ5zxicj5URUyjujA1MC01NTc3LTUwNDI8YnI+PGJyPlultaXzpe+ltaXXpemlpF08YnI+ueLRp5lDxvcvpaul4aXpP6XTpcelqqWrpeGl6S+lq6XhpenTw6W5pcil6aXDpdc8YnI+PGJyPqXGpeyl071CvemjugoKpcil3qXIpbil5algpbkgLyAKpd6lq6XHpd+loqXKpcOlxKWqpaSl6yAvIArrioTTpdal7KXDpcmlq6XDpb+pYCAvIAql66WkpdyluaXGpaOpYCAvIAqk6qTzpLT1oSAvIAq2qLesyczGtyAvIAo8YnI+PGJyPgoKPGRpdiBzdHlsZT0ibWFyZ2luLWJvdHRvbToxMHB4OyI+Cgo8aW1nIHNyYz0iaHR0cHM6Ly9pbWFnZS5yYWt1dGVuLmNvLmpwL3Jha3V0ZW4yNC9jYWJpbmV0L2NvdXBvbi9ibnJfMTAwXzcwMF82MC5qcGciIGFsdD0is/Wk4aTGpM63vc/etqgxMDCD0k9GRqOhIiB3aWR0aD0iNzAwIiBoZWlnaHQ9IjYwIiAKCmJvcmRlcj0iMCI+CjwvZGl2PgoKCjwhLS1kaXYgc3R5bGU9Im1hcmdpbi1ib3R0b206MTBweDsiPgoKPGltZyBzcmM9Imh0dHA6Ly9pbWFnZS5yYWt1dGVuLmNvLmpwL3Jha3V0ZW4yNC9jYWJpbmV0L2NvdXBvbi9ibnJfNzAwXzYwXzQuanBnIiBhbHQ9IjQsMDAwg9LS1MnP2Y/I66THMTAlT0ZGo6EiIHdpZHRoPSI3MDAiIAoKaGVpZ2h0PSI2MCIgYm9yZGVyPSIwIj4KPC9kaXYtLT4KCgo8ZGl2IHN0eWxlPSJtYXJnaW4tYm90dG9tOjEwcHg7Ij4KCjxpbWcgc3JjPSJodHRwOi8vaW1hZ2UucmFrdXRlbi5jby5qcC9rZW5rb2NvbS9jYWJpbmV0L2Jucl83MDBfNjBfNTAwMC5qcGciIGFsdD0iNSwwMDCD0tLUyc/Zj8jrpMcxMCVPRkajoSIgd2lkdGg9IjcwMCIgaGVpZ2h0PSI2MCIgCgpib3JkZXI9IjAiPgo8L2Rpdj4KCgo8IS0tZGl2IHN0eWxlPSJtYXJnaW4tYm90dG9tOjEwcHg7Ij4KCjxpbWcgc3JjPSJodHRwOi8vaW1hZ2UucmFrdXRlbi5jby5qcC9rZW5rb2NvbS9jYWJpbmV0L2Jucl83MDBfNjBfMTIuanBnIiBhbHQ9IjEwLDAwMIPS0tTJz9mPyOukxzEyJU9GRqOhIiB3aWR0aD0iNzAwIiBoZWlnaHQ9IjYwIiAKCmJvcmRlcj0iMCI+CjwvZGl2LS0+CgoKCgo8IS0tZGl2IHN0eWxlPSJtYXJnaW4tYm90dG9tOjEwcHg7Ij4KCjxpbWcgc3JjPSJodHRwOi8vaW1hZ2UucmFrdXRlbi5jby5qcC9yYWt1dGVuMjQvY2FiaW5ldC9jYW1wYWlnbi9hc3VyYWt1L2Jucl83MDBfNjAuanBnIiBhbHQ9IqSipLmYU8nMxrel3aWkpfOlyDOxtqOhIiB3aWR0aD0iNzAwIiAKCmhlaWdodD0iNjAiIGJvcmRlcj0iMCI+CjwvZGl2LS0+Cgo8ZGl2IHN0eWxlPSJtYXJnaW4tYm90dG9tOjEwcHg7Ij4KCjxpbWcgc3JjPSJodHRwczovL2ltYWdlLnJha3V0ZW4uY28uanAvcmFrdXRlbjI0L2NhYmluZXQvc3BlY2lhbC8yMDE2X2VjYW1wYWlnbi5qcGciIGFsdD0ipaSpYKWwpeuluaGhpfSlo6XDpbul64TZpMOkv6TpUDKxtiIgIAoKd2lkdGg9IjQ2OCIgaGVpZ2h0PSI2MCIgYm9yZGVyPSIwIj4KPC9kaXY+Cgo8IS0tZGl2IHN0eWxlPSJtYXJnaW4tYm90dG9tOjEwcHg7Ij4KPHRhYmxlPgo8dGQ+CjxpbWcgc3JjPSJodHRwOi8vaW1hZ2UucmFrdXRlbi5jby5qcC9rZW5rb2NvbS9jYWJpbmV0L3NwZWNpYWwveDUyMDE2MWguanBnIiBhbHQ9IqXVpeulsKXpIiB3aWR0aD0iMTgwIiBoZWlnaHQ9IjE4MCIgYm9yZGVyPSIwIj48L3RkPgoKPHRkPgo8aW1nIHNyYz0iaHR0cDovL2ltYWdlLnJha3V0ZW4uY28uanAva2Vua29jb20vY2FiaW5ldC9zcGVjaWFsL2UxMTQ2NzdoLmpwZyIgYWx0PSKlr6Xqpbmlv6XrpaylpKW2qWAiIHdpZHRoPSIxODAiIGhlaWdodD0iMTgwIiAKCmJvcmRlcj0iMCI+PC90ZD4KCjx0ZD4KPGltZyBzcmM9Imh0dHA6Ly9pbWFnZS5yYWt1dGVuLmNvLmpwL2tlbmtvY29tL2NhYmluZXQvc3BlY2lhbC9lMTEwODUzaC5qcGciIGFsdD0ipc+l7algIKXGpaOlw6W3peUiIHdpZHRoPSIxODAiIGhlaWdodD0iMTgwIiAKCmJvcmRlcj0iMCI+PC90ZD4KCjx0ZD4KPGltZyBzcmM9Imh0dHA6Ly9pbWFnZS5yYWt1dGVuLmNvLmpwL2tlbmtvY29tL2NhYmluZXQvc3BlY2lhbC9lMzcyMDgyaC5qcGciIGFsdD0ipaKlv6XDpa9ORU8iIHdpZHRoPSIxODAiIGhlaWdodD0iMTgwIiAKCmJvcmRlcj0iMCI+PC90ZD4KCjwvdGFibGU+CjwvZGl2LS0+CgoKCgoKCjwhLS1kaXYgc3R5bGU9Im1hcmdpbi1ib3R0b206MTBweDsiPgoKPGltZyBzcmM9Imh0dHA6Ly9pbWFnZS5yYWt1dGVuLmNvLmpwL3Jha3V0ZW4yNC9jYWJpbmV0L2NvdXBvbi9ibnJfNzAwXzYwXzEwMDAwLmpwZyIgYWx0PSIxMCwwMDCD0tLUyc/Zj8jrpMcxNSVPRkajoSIgd2lkdGg9IjcwMCIgCgpoZWlnaHQ9IjYwIiBib3JkZXI9IjAiPgo8L2Rpdi0tPgoKCjwhLS1kaXYgc3R5bGU9Im1hcmdpbi1ib3R0b206MTBweDsiPgoKPGltZyBzcmM9Imh0dHA6Ly9pbWFnZS5yYWt1dGVuLmNvLmpwL3Jha3V0ZW4yNC9jYWJpbmV0L2NhbXBhaWduL3BvaW50dXAvaG91c2Vob2xkL2Jucl9wdDRfdHVlXzcwMF85MC5naWYiIGFsdD0iyKvJzMa3pd2lpKXzpcjX7rTzNLG2o6EiIAoKd2lkdGg9IjQ2OCIgaGVpZ2h0PSI2MCIgYm9yZGVyPSIwIj4KPC9kaXYtLT4KCgoKCjwhLS1kaXYgc3R5bGU9Im1hcmdpbi1ib3R0b206MTBweDsiPgoKPGltZyBzcmM9Imh0dHA6Ly9pbWFnZS5yYWt1dGVuLmNvLmpwL2tlbmtvY29tL2NhYmluZXQvaW1nLzIwMTZfZWNhbXBhaWduLmpwZyIgYWx0PSLIq8nMxrel3aWkpfOlyDKxtqOhIiB3aWR0aD0iNDY4IiBoZWlnaHQ9IjYwIiAKCmJvcmRlcj0iMCI+CjwvZGl2LS0+Cgo8IS0tZGl2IHN0eWxlPSJtYXJnaW4tYm90dG9tOjEwcHg7Ij4KCjxpbWcgc3JjPSJodHRwOi8vaW1hZ2UucmFrdXRlbi5jby5qcC9rZW5rb2NvbS9jYWJpbmV0L2ltZy8yMDE2X3ZjYW1wYWlnbi5qcGciIGFsdD0ipfSlo6XDpbul68nxkfWE2cD705vE7qXdpaSl86XIMrG2o6EiIHdpZHRoPSI0NjgiIAoKaGVpZ2h0PSI2MCIgYm9yZGVyPSIwIj4KPC9kaXYtLT4KCgo8IS0tZGl2IHN0eWxlPSJtYXJnaW4tYm90dG9tOjEwcHg7Ij4KCjxpbWcgc3JjPSJodHRwOi8vaW1hZ2UucmFrdXRlbi5jby5qcC9rZW5rb2NvbS9jYWJpbmV0L2ltZy8yMDE2X2V2Y2FtcGFpZ24uanBnIiBhbHQ9IphTzOylpKlgpbCl66OmpfSlo6XDpbul68nxkfWE2cD705vE7qXdpaSl86XIM7G2o6EiIAoKd2lkdGg9IjQ2OCIgaGVpZ2h0PSI2MCIgYm9yZGVyPSIwIj4KPC9kaXYtLT4=,pbWl86XvpbWl16XppaQgpceluKW/pevSu9Hb08OluaXIpemlw6XXIKXsqWCluSCBSbX1pOogMrXjwfSk4SCl2algpbil5SBERy1TU1QzQkdbpbWl86XvpbWl16XppaQgpaul4aXp08OluaXIpemlw6XXXaO6pbGl86WzqWCls6Xg,pbGl86WzqWCls6XgpbGl86WzqWCls6Xg1qe16qWvpeqluaW/peulrKWkpbapYKXfpc2l6aXrpaalqalgpb+pYKXqpaKlw6XXpeqloqXDpdd4NaXApaaly6lgpbOl86XJqWCl4KXapeqlqKW1qWCl4qW5pbOl86XIpeylw6WvpbnI1Z+GpLHWuaThpbOls6XKpcOlxKWqpaSl66SopLSk3qSzpOHTzaW1pfOl2qXspbCl6qXOycjvTJlDpa+l6qW5pb+l66WspaSltqlgIDUwMG1sIDQ4sb6+dqTOxKfFrrjKvsaltaXzpe+ltaXXpemlpCClx6W4pb+l69K70dvTw6W5pcil6aXDpdcgpeypYKW5IIFJtfWk6iAytePB9KThIKXZqWCluKXlIERHLVNTVDNCR1ultaXzpe+ltaXXpemlpCClq6XhpenTw6W5pcil6aXDpddd,pbWl86XvpbWl16XppaQvy7CSaTE5MDCD0tLUyc/LzcHPn2/Bz6GjpbWl86XvpbWl16XppaQgpceluKW/pevSu9Hb08OluaXIpemlw6XXIKXsqWCluSCBSbX1pOogMrXjwfSk4SCl2algpbil5SBERy1TU1QzQkdbpbWl86XvpbWl16XppaQgpaul4aXp08OluaXIpemlw6XXXQ==[rn]
33-14385,aHR0cDovL3RzaG9wLnIxMHMuanAva2Vua29jb20vY2FiaW5ldC9lNDcyMi9lNDcyMjk5aF9sLmpwZz9maXRpbj03MDA6NzAw,Nzk5LjIwMDA=,,VFY/paqpYKXHpaOlqj+lq6XhpekgPiCloqWvpbultaXqqWA/sr/GtyA+IKWrpeGl6T+l06XHpaqlq6Xhpek/ueLRp5lDxvfTw6Wipa+lu6W1peqpYCA+IKXHpbilv6Xrpaul4aXp08OloqWvpbultaXqqWAgPiCkvaTOy/s=,pbWl86XvpbWl16XppaQgpbOl86XRpa+lyKXHpbilq6Xh08Olz6XzpcmluaXIpemlw6XXILersrwgpdal66lgIERHLVNUMzJCTFultaXzpe+ltaXXpemlpCClq6XhpenTw6W5pcil6aXDpddd,pbWl86XvpbWl16XppaQvy7CSaTE5MDCD0tLUyc/LzcHPn2/Bzw==,PGJyPjxkaXYgY2xhc3M9InJldmlld0JuciI+PGRpdj48Zm9udCBzaXplID0gMz48c3BhbiBzdHlsZT0ibGluZS1oZWlnaHQ6MTMwJSI+pLOkwaTppM7JzMa3PC9zcGFuPtK7t6yBXKTqpa2l46XzpdqpYKXzjJ3P88nMxrejoaOhPGJyPjxzcGFuIHN0eWxlPSJsaW5lLWhlaWdodDoxMzAlIj6ks6TOyczGt6TOPHNwYW4+yczGt6XspdOl5algpPI8c3Ryb25nPjG3rKTLPC9zdHJvbmc+zba45aS3pMbtlKSkpL+3vTwvc3Bhbj6kyzwvc3Bhbj48YnI+IDxzdHJvbmc+MzAwg9JPRkalr6lgpd2l8zwvc3Ryb25nPqTypdel7KW8pfOlyKOhPGJyPjwvZGl2PjwvZGl2PqH5P6XspdOl5algzba45ZVypMult6XnpcOl16TY16LOxLesusWk8taqpOmku6TroaOkzqXBpaelw6WvpPLI66TspMakr6TApLWkpKGjPGJyPj/h4cjVpeGpYKXrpMukxqWvqWCl3aXzVVJMpPKkqsvNpOqkt6TepLmhozxhIGhyZWY9Imh0dHA6Ly93d3cucmFrdXRlbi5uZS5qcC9nb2xkL2tlbmtvY29tL2ZlYXR1cmVsaW5rL3Jldmlldy9pbmRleC5odG1sIj6h9qH11JSkt6SvpM+ks6TBpOmh9aH2PC9hPjxicj4/y/ukzre9pKzPyKTLzba45aS3pL+I9rrPpM+lr6lgpd2l899Ns8qkzoydz/PN4qTIpMqk6qTepLmkzqTHpLTXotLipK+kwKS1pKSho6XspdOl5algzba45aTPz8Kyv6TL05vdZKS3pMakpKTepLmhozxicj4/peyl06XlqWDNtrjlpKuk6be007Ok3qTHlXKy7qSspKKk66S/pOGhosnMxre7rcPmyc+kzqXspdOl5algvP7K/aTIjGfrSKTOzba45bz+yv2krK6QpMqk64j2us+krKSipOqk3qS5pM6kx9PopOGktMHLs9Ckr6TApLWkpKGjPGJyPjxicj48YnI+PHNtYWxsPqH5pdGlw6WxqWCluKXHpbalpKXztcikz9PouOakyqSvieS4/KS1pOyk66SzpMikrKSipOqk3qS5oaM8L3NtYWxsPjxicj48YnI+PHRhYmxlPjx0cj48dGQgd2lkdGg9IjEwMCUiPjxwIGNsYXNzPSJwZGVzYyI+PGRpdiBjbGFzcz0icGRlc2N0aXRsZSI+yczGt9Vow/c8L2Rpdj48ZGl2IGNsYXNzPSJwZGVzY2hvbmJ1biI+obiltaXzpe+ltaXXpemlpCCls6XzpdGlr6XIpceluKWrpeHTw6XPpfOlyaW5pcil6aXDpdcgt6uyvCCl1qXrqWAgREctU1QzMkJMobmkz6Gixa7Q1KSsytbK16Tyzaiku6Tr6UyktaTOpc+l86XJpbmlyKXppcOl16THpLmho6Wrpbil5aWipeukyrersryk8sq508Oho6XWpeupYKGjPC9kaXY+PGRpdiBjbGFzcz0icGRlc2N0aXRsZSI+pLTXotLiPC9kaXY+PGRpdiBjbGFzcz0icGRlc2Nob25idW4iPqHxzqPqk6THpLmkzqTHoaLK1srXpMuluaXIpemlw6XXpPKkq6SxpL+k3qTej4qkr9L9pKukyqSkpOikpqTLpLekxqSvpMCktaSkoaM8YnI+ofGlq6XhpemkyqTJpPKkxKSxpL+k3qTe1fGk6rvYpLekv6Tqj4qkr9L9pMOPiKTDpL+k6qS3pMqkpKTHpK+kwKS1pKSho8fQpOykv6TqzeKk7KS/pOqkuaTrpLOkyKSspKKk6qTepLmhozxicj6h8bG+0XXGt6TP5aak7KS/pOrEprLBpLekv6TqpLmk66TIyavC5KTBpLmk67/WpOykrKSipOqk3qS5oaOkqsihpOqSUaSkpMukz8qut9aktNei0uKkr6TApLWkpKGjPGJyPqHxsb7Rdca3pPLKudPD1tCky7Bryfqkt6S/mUPG96TOxsaTcKTkpcil6aXWpeukyqTJpMukxKSkpMakz6GipbWl86XvpbWl16XppaSkx6TP0rvH0KTO2J/IzqTy2JOkpKSrpM2k3qS5oaOktMHLs9Ckr6TApLWkpKGjPC9kaXY+PGRpdiBjbGFzcz0icGRlc2N0aXRsZSI+0XXGt8rLmJQ8L2Rpdj48ZGl2IGNsYXNzPSJwZGVzY2hvbmJ1biI+ofGlq6XpqWCjurersrw/pdal66lgPGJyPqHxpbWlpKW6PGJyPqW5pcil6aXDpde3+S8xMG1tPGJyPsir6UwvvHMxODVtbSiluaXIpemlw6XXsr+31i8xMjhtbaGivfC+37K/t9YvN21toaLLych+vH4vNTBtbSk8YnI+ytbK16Tyzaiku6Trsr+31qTOxNq05y8yMjBtbTxicj6h+aW1paSluqTPu/mcyoKOpMekuaGjv3DRdca3pM6kv6ThoaLK/W1tpM7VYLLupKzJ+qS4pOuks6TIpKykoqTqpN6kuaGjPGJyPqH5z8i2y8ihpOrN4qS3pM+kx6StpN6ku6TzoaM8YnI+ofGyxNl8o7q3q7K8KKWzpcOlyKXzKTxicj6h8cTNusnW2KO6NTAwZzwvZGl2PjwvcD48L3RkPjwvdHI+PC90YWJsZT48YnI+pdal6aXzpcmjuqW1pfOl76W1pdel6aWkPGJyPqWxpfOls6lgpbOl4FRPUKO+vNLriqO+ueLRp5lDxvejvqWrpeGl6T+l06XHpaqlq6XhpemjvqWrpeGl6dPDpbmlyKXppcOl16O+pbWl86XvpbWl16XppaQgpbOl86XRpa+lyKXHpbilq6Xh08Olz6XzpcmluaXIpemlw6XXILersrwgpdal66lgIERHLVNUMzJCTDxicj7RddTs2JyJ09Sqo7qltaXzpe+ltaXXpemlpDxicj48YnI+PGJyPjxicj48YnI+PGJyPkpBTqWzqWClyaO6oaE0OTY5ODg3MzUxMzE0PGJyPjxicj48dGFibGUgd2lkdGg9IjEwMCUiIGJvcmRlcj0wIGNlbGxzcGFjaW5nPTAgY2VsbHBhZGRpbmc9NT48dHI+PHRkPjxwIGNsYXNzPSJzZWlkZXNjIj48L3A+PC90ZD48dHI+PHRkPjwvdGQ+PC90cj48L3RhYmxlPjxicj48YnI+PGJyPo7auObOxNifo7qlsaXzpbOpYKWzpeDW6sq9u+HJ5zxicj5URUyjujA1MC01NTc3LTUwNDI8YnI+PGJyPlultaXzpe+ltaXXpemlpF08YnI+ueLRp5lDxvcvpaul4aXpP6XTpcelqqWrpeGl6S+lq6XhpenTw6W5pcil6aXDpdc8YnI+PGJyPqXGpeyl071CvemjugoKpcil3qXIpbil5algpbkgLyAKpd6lq6XHpd+loqXKpcOlxKWqpaSl6yAvIArrioTTpdal7KXDpcmlq6XDpb+pYCAvIAql66WkpdyluaXGpaOpYCAvIAqk6qTzpLT1oSAvIAq2qLesyczGtyAvIAo8YnI+PGJyPgoKPGRpdiBzdHlsZT0ibWFyZ2luLWJvdHRvbToxMHB4OyI+Cgo8aW1nIHNyYz0iaHR0cHM6Ly9pbWFnZS5yYWt1dGVuLmNvLmpwL3Jha3V0ZW4yNC9jYWJpbmV0L2NvdXBvbi9ibnJfMTAwXzcwMF82MC5qcGciIGFsdD0is/Wk4aTGpM63vc/etqgxMDCD0k9GRqOhIiB3aWR0aD0iNzAwIiBoZWlnaHQ9IjYwIiAKCmJvcmRlcj0iMCI+CjwvZGl2PgoKCjwhLS1kaXYgc3R5bGU9Im1hcmdpbi1ib3R0b206MTBweDsiPgoKPGltZyBzcmM9Imh0dHA6Ly9pbWFnZS5yYWt1dGVuLmNvLmpwL3Jha3V0ZW4yNC9jYWJpbmV0L2NvdXBvbi9ibnJfNzAwXzYwXzQuanBnIiBhbHQ9IjQsMDAwg9LS1MnP2Y/I66THMTAlT0ZGo6EiIHdpZHRoPSI3MDAiIAoKaGVpZ2h0PSI2MCIgYm9yZGVyPSIwIj4KPC9kaXYtLT4KCgo8ZGl2IHN0eWxlPSJtYXJnaW4tYm90dG9tOjEwcHg7Ij4KCjxpbWcgc3JjPSJodHRwOi8vaW1hZ2UucmFrdXRlbi5jby5qcC9rZW5rb2NvbS9jYWJpbmV0L2Jucl83MDBfNjBfNTAwMC5qcGciIGFsdD0iNSwwMDCD0tLUyc/Zj8jrpMcxMCVPRkajoSIgd2lkdGg9IjcwMCIgaGVpZ2h0PSI2MCIgCgpib3JkZXI9IjAiPgo8L2Rpdj4KCgo8IS0tZGl2IHN0eWxlPSJtYXJnaW4tYm90dG9tOjEwcHg7Ij4KCjxpbWcgc3JjPSJodHRwOi8vaW1hZ2UucmFrdXRlbi5jby5qcC9rZW5rb2NvbS9jYWJpbmV0L2Jucl83MDBfNjBfMTIuanBnIiBhbHQ9IjEwLDAwMIPS0tTJz9mPyOukxzEyJU9GRqOhIiB3aWR0aD0iNzAwIiBoZWlnaHQ9IjYwIiAKCmJvcmRlcj0iMCI+CjwvZGl2LS0+CgoKCgo8IS0tZGl2IHN0eWxlPSJtYXJnaW4tYm90dG9tOjEwcHg7Ij4KCjxpbWcgc3JjPSJodHRwOi8vaW1hZ2UucmFrdXRlbi5jby5qcC9yYWt1dGVuMjQvY2FiaW5ldC9jYW1wYWlnbi9hc3VyYWt1L2Jucl83MDBfNjAuanBnIiBhbHQ9IqSipLmYU8nMxrel3aWkpfOlyDOxtqOhIiB3aWR0aD0iNzAwIiAKCmhlaWdodD0iNjAiIGJvcmRlcj0iMCI+CjwvZGl2LS0+Cgo8ZGl2IHN0eWxlPSJtYXJnaW4tYm90dG9tOjEwcHg7Ij4KCjxpbWcgc3JjPSJodHRwczovL2ltYWdlLnJha3V0ZW4uY28uanAvcmFrdXRlbjI0L2NhYmluZXQvc3BlY2lhbC8yMDE2X2VjYW1wYWlnbi5qcGciIGFsdD0ipaSpYKWwpeuluaGhpfSlo6XDpbul64TZpMOkv6TpUDKxtiIgIAoKd2lkdGg9IjQ2OCIgaGVpZ2h0PSI2MCIgYm9yZGVyPSIwIj4KPC9kaXY+Cgo8IS0tZGl2IHN0eWxlPSJtYXJnaW4tYm90dG9tOjEwcHg7Ij4KPHRhYmxlPgo8dGQ+CjxpbWcgc3JjPSJodHRwOi8vaW1hZ2UucmFrdXRlbi5jby5qcC9rZW5rb2NvbS9jYWJpbmV0L3NwZWNpYWwveDUyMDE2MWguanBnIiBhbHQ9IqXVpeulsKXpIiB3aWR0aD0iMTgwIiBoZWlnaHQ9IjE4MCIgYm9yZGVyPSIwIj48L3RkPgoKPHRkPgo8aW1nIHNyYz0iaHR0cDovL2ltYWdlLnJha3V0ZW4uY28uanAva2Vua29jb20vY2FiaW5ldC9zcGVjaWFsL2UxMTQ2NzdoLmpwZyIgYWx0PSKlr6Xqpbmlv6XrpaylpKW2qWAiIHdpZHRoPSIxODAiIGhlaWdodD0iMTgwIiAKCmJvcmRlcj0iMCI+PC90ZD4KCjx0ZD4KPGltZyBzcmM9Imh0dHA6Ly9pbWFnZS5yYWt1dGVuLmNvLmpwL2tlbmtvY29tL2NhYmluZXQvc3BlY2lhbC9lMTEwODUzaC5qcGciIGFsdD0ipc+l7algIKXGpaOlw6W3peUiIHdpZHRoPSIxODAiIGhlaWdodD0iMTgwIiAKCmJvcmRlcj0iMCI+PC90ZD4KCjx0ZD4KPGltZyBzcmM9Imh0dHA6Ly9pbWFnZS5yYWt1dGVuLmNvLmpwL2tlbmtvY29tL2NhYmluZXQvc3BlY2lhbC9lMzcyMDgyaC5qcGciIGFsdD0ipaKlv6XDpa9ORU8iIHdpZHRoPSIxODAiIGhlaWdodD0iMTgwIiAKCmJvcmRlcj0iMCI+PC90ZD4KCjwvdGFibGU+CjwvZGl2LS0+CgoKCgoKCjwhLS1kaXYgc3R5bGU9Im1hcmdpbi1ib3R0b206MTBweDsiPgoKPGltZyBzcmM9Imh0dHA6Ly9pbWFnZS5yYWt1dGVuLmNvLmpwL3Jha3V0ZW4yNC9jYWJpbmV0L2NvdXBvbi9ibnJfNzAwXzYwXzEwMDAwLmpwZyIgYWx0PSIxMCwwMDCD0tLUyc/Zj8jrpMcxNSVPRkajoSIgd2lkdGg9IjcwMCIgCgpoZWlnaHQ9IjYwIiBib3JkZXI9IjAiPgo8L2Rpdi0tPgoKCjwhLS1kaXYgc3R5bGU9Im1hcmdpbi1ib3R0b206MTBweDsiPgoKPGltZyBzcmM9Imh0dHA6Ly9pbWFnZS5yYWt1dGVuLmNvLmpwL3Jha3V0ZW4yNC9jYWJpbmV0L2NhbXBhaWduL3BvaW50dXAvaG91c2Vob2xkL2Jucl9wdDRfdHVlXzcwMF85MC5naWYiIGFsdD0iyKvJzMa3pd2lpKXzpcjX7rTzNLG2o6EiIAoKd2lkdGg9IjQ2OCIgaGVpZ2h0PSI2MCIgYm9yZGVyPSIwIj4KPC9kaXYtLT4KCgoKCjwhLS1kaXYgc3R5bGU9Im1hcmdpbi1ib3R0b206MTBweDsiPgoKPGltZyBzcmM9Imh0dHA6Ly9pbWFnZS5yYWt1dGVuLmNvLmpwL2tlbmtvY29tL2NhYmluZXQvaW1nLzIwMTZfZWNhbXBhaWduLmpwZyIgYWx0PSLIq8nMxrel3aWkpfOlyDKxtqOhIiB3aWR0aD0iNDY4IiBoZWlnaHQ9IjYwIiAKCmJvcmRlcj0iMCI+CjwvZGl2LS0+Cgo8IS0tZGl2IHN0eWxlPSJtYXJnaW4tYm90dG9tOjEwcHg7Ij4KCjxpbWcgc3JjPSJodHRwOi8vaW1hZ2UucmFrdXRlbi5jby5qcC9rZW5rb2NvbS9jYWJpbmV0L2ltZy8yMDE2X3ZjYW1wYWlnbi5qcGciIGFsdD0ipfSlo6XDpbul68nxkfWE2cD705vE7qXdpaSl86XIMrG2o6EiIHdpZHRoPSI0NjgiIAoKaGVpZ2h0PSI2MCIgYm9yZGVyPSIwIj4KPC9kaXYtLT4KCgo8IS0tZGl2IHN0eWxlPSJtYXJnaW4tYm90dG9tOjEwcHg7Ij4KCjxpbWcgc3JjPSJodHRwOi8vaW1hZ2UucmFrdXRlbi5jby5qcC9rZW5rb2NvbS9jYWJpbmV0L2ltZy8yMDE2X2V2Y2FtcGFpZ24uanBnIiBhbHQ9IphTzOylpKlgpbCl66OmpfSlo6XDpbul68nxkfWE2cD705vE7qXdpaSl86XIM7G2o6EiIAoKd2lkdGg9IjQ2OCIgaGVpZ2h0PSI2MCIgYm9yZGVyPSIwIj4KPC9kaXYtLT4=,pbWl86XvpbWl16XppaQgpbOl86XRpa+lyKXHpbilq6Xh08Olz6XzpcmluaXIpemlw6XXILersrwgpdal66lgIERHLVNUMzJCTFultaXzpe+ltaXXpemlpCClq6XhpenTw6W5pcil6aXDpdddo7qlsaXzpbOpYKWzpeA=,pbGl86WzqWCls6XgpbGl86WzqWCls6Xg1qe16qWvpeqluaW/peulrKWkpbapYKXfpc2l6aXrpaalqalgpb+pYKXqpaKlw6XXpeqloqXDpdd4NaXApaaly6lgpbOl86XJqWCl4KXapeqlqKW1qWCl4qW5pbOl86XIpeylw6WvpbnI1Z+GpLHWuaThpbOls6XKpcOlxKWqpaSl66SopLSk3qSzpOHTzaW1pfOl2qXspbCl6qXOycjvTJlDpa+l6qW5pb+l66WspaSltqlgIDUwMG1sIDQ4sb6+dqTOxKfFrrjKvsaltaXzpe+ltaXXpemlpCCls6XzpdGlr6XIpceluKWrpeHTw6XPpfOlyaW5pcil6aXDpdcgt6uyvCCl1qXrqWAgREctU1QzMkJMW6W1pfOl76W1pdel6aWkIKWrpeGl6dPDpbmlyKXppcOl110=,pbWl86XvpbWl16XppaQvy7CSaTE5MDCD0tLUyc/LzcHPn2/Bz6GjpbWl86XvpbWl16XppaQgpbOl86XRpa+lyKXHpbilq6Xh08Olz6XzpcmluaXIpemlw6XXILersrwgpdal66lgIERHLVNUMzJCTFultaXzpe+ltaXXpemlpCClq6XhpenTw6W5pcil6aXDpddd[rn]
33-14386,aHR0cDovL3RzaG9wLnIxMHMuanAva2Vua29jb20vY2FiaW5ldC9lNDcyMy9lNDcyMzE2aF9sLmpwZz9maXRpbj03MDA6NzAw,NTUxLjIwMDA=,,VFY/paqpYKXHpaOlqj+lq6XhpekgPiCloqWvpbultaXqqWA/sr/GtyA+IKWrpeGl6T+l06XHpaqlq6Xhpek/ueLRp5lDxvfTw6Wipa+lu6W1peqpYCA+IKXHpbilv6Xrpaul4aXp08OloqWvpbultaXqqWAgPiCkvaTOy/s=,pbWl86XvpbWl16XppaQgpc2lw6WvpbmlyKXppcOl1yDN6Lx+IKXWpeupYCBERy1TVDhCTFultaXzpe+ltaXXpemlpCClq6XhpenTw6W5pcil6aXDpddd,pbWl86XvpbWl16XppaQvy7CSaTE5MDCD0tLUyc/LzcHPn2/Bzw==,PGJyPjxkaXYgY2xhc3M9InJldmlld0JuciI+PGRpdj48Zm9udCBzaXplID0gMz48c3BhbiBzdHlsZT0ibGluZS1oZWlnaHQ6MTMwJSI+pLOkwaTppM7JzMa3PC9zcGFuPtK7t6yBXKTqpa2l46XzpdqpYKXzjJ3P88nMxrejoaOhPGJyPjxzcGFuIHN0eWxlPSJsaW5lLWhlaWdodDoxMzAlIj6ks6TOyczGt6TOPHNwYW4+yczGt6XspdOl5algpPI8c3Ryb25nPjG3rKTLPC9zdHJvbmc+zba45aS3pMbtlKSkpL+3vTwvc3Bhbj6kyzwvc3Bhbj48YnI+IDxzdHJvbmc+MzAwg9JPRkalr6lgpd2l8zwvc3Ryb25nPqTypdel7KW8pfOlyKOhPGJyPjwvZGl2PjwvZGl2PqH5P6XspdOl5algzba45ZVypMult6XnpcOl16TY16LOxLesusWk8taqpOmku6TroaOkzqXBpaelw6WvpPLI66TspMakr6TApLWkpKGjPGJyPj/h4cjVpeGpYKXrpMukxqWvqWCl3aXzVVJMpPKkqsvNpOqkt6TepLmhozxhIGhyZWY9Imh0dHA6Ly93d3cucmFrdXRlbi5uZS5qcC9nb2xkL2tlbmtvY29tL2ZlYXR1cmVsaW5rL3Jldmlldy9pbmRleC5odG1sIj6h9qH11JSkt6SvpM+ks6TBpOmh9aH2PC9hPjxicj4/y/ukzre9pKzPyKTLzba45aS3pL+I9rrPpM+lr6lgpd2l899Ns8qkzoydz/PN4qTIpMqk6qTepLmkzqTHpLTXotLipK+kwKS1pKSho6XspdOl5algzba45aTPz8Kyv6TL05vdZKS3pMakpKTepLmhozxicj4/peyl06XlqWDNtrjlpKuk6be007Ok3qTHlXKy7qSspKKk66S/pOGhosnMxre7rcPmyc+kzqXspdOl5algvP7K/aTIjGfrSKTOzba45bz+yv2krK6QpMqk64j2us+krKSipOqk3qS5pM6kx9PopOGktMHLs9Ckr6TApLWkpKGjPGJyPjxicj48YnI+PHNtYWxsPqH5pdGlw6WxqWCluKXHpbalpKXztcikz9PouOakyqSvieS4/KS1pOyk66SzpMikrKSipOqk3qS5oaM8L3NtYWxsPjxicj48YnI+PHRhYmxlPjx0cj48dGQgd2lkdGg9IjEwMCUiPjxwIGNsYXNzPSJwZGVzYyI+PGRpdiBjbGFzcz0icGRlc2N0aXRsZSI+yczGt9Vow/c8L2Rpdj48ZGl2IGNsYXNzPSJwZGVzY2hvbmJ1biI+obiltaXzpe+ltaXXpemlpCClzaXDpa+luaXIpemlw6XXIM3ovH4gpdal66lgIERHLVNUOEJMobmkz6Gipbel86XXpeukys3ovH6lv6WkpdekzqXHpbilq6XhP9CvjqHritSS08OluaXIpemlw6XXpMekuaGjpdal66lgoaM8L2Rpdj48ZGl2IGNsYXNzPSJwZGVzY3RpdGxlIj6ktNei0uI8L2Rpdj48ZGl2IGNsYXNzPSJwZGVzY2hvbmJ1biI+pa+l6qlgpcul86WwpdGlw6XJpOS7rcPmpMvTsqSkpbSl36TKpMmkrKTEpKSkv9e0kUKkx8rDpK+kyKGiu63D5rHtw+ak8oL7pMSksaTrv9ak7KSspKKk6qTepLmho6SipOmkq6S4pOHIoaTqs/2kpKTGpKuk6aS0yrnTw6SvpMCktaSkoaM8L2Rpdj48ZGl2IGNsYXNzPSJwZGVzY3RpdGxlIj7Rdca3ysuYlDwvZGl2PjxkaXYgY2xhc3M9InBkZXNjaG9uYnVuIj6h8aWrpempYKO6pdal66lgPGJyPqHxssTZfKO6pd2l6qWopbmlxqXrPGJyPqHxpbWlpKW6o7rIq+lMvHM1NGNtPGJyPqHxxM26ydbYo7oxa2c8L2Rpdj48L3A+PC90ZD48L3RyPjwvdGFibGU+PGJyPqXWpeml86XJo7qltaXzpe+ltaXXpemlpDxicj6lsaXzpbOpYKWzpeBUT1CjvrzS64qjvrni0aeZQ8b3o76lq6Xhpek/pdOlx6Wqpaul4aXpo76lq6XhpenTw6W5pcil6aXDpdejvqW1pfOl76W1pdel6aWkIKXNpcOlr6W5pcil6aXDpdcgzei8fiCl1qXrqWAgREctU1Q4Qkw8YnI+0XXU7NicidPUqqO6pbWl86XvpbWl16XppaQ8YnI+PGJyPjxicj48YnI+PGJyPjxicj5KQU6ls6lgpcmjuqGhNDk2OTg4NzI2NjU0MDxicj48YnI+PHRhYmxlIHdpZHRoPSIxMDAlIiBib3JkZXI9MCBjZWxsc3BhY2luZz0wIGNlbGxwYWRkaW5nPTU+PHRyPjx0ZD48cCBjbGFzcz0ic2VpZGVzYyI+PC9wPjwvdGQ+PHRyPjx0ZD48L3RkPjwvdHI+PC90YWJsZT48YnI+PGJyPjxicj6O2rjmzsTYn6O6pbGl86WzqWCls6Xg1urKvbvhyec8YnI+VEVMo7owNTAtNTU3Ny01MDQyPGJyPjxicj5bpbWl86XvpbWl16XppaRdPGJyPrni0aeZQ8b3L6WrpeGl6T+l06XHpaqlq6Xhpekvpaul4aXp08OluaXIpemlw6XXPGJyPjxicj6lxqXspdO9Qr3po7oKCqXIpd6lyKW4peWpYKW5IC8gCqXepaulx6XfpaKlyqXDpcSlqqWkpesgLyAK64qE06XWpeylw6XJpaulw6W/qWAgLyAKpeulpKXcpbmlxqWjqWAgLyAKpOqk86S09aEgLyAKtqi3rMnMxrcgLyAKPGJyPjxicj4KCjxkaXYgc3R5bGU9Im1hcmdpbi1ib3R0b206MTBweDsiPgoKPGltZyBzcmM9Imh0dHBzOi8vaW1hZ2UucmFrdXRlbi5jby5qcC9yYWt1dGVuMjQvY2FiaW5ldC9jb3Vwb24vYm5yXzEwMF83MDBfNjAuanBnIiBhbHQ9IrP1pOGkxqTOt73P3raoMTAwg9JPRkajoSIgd2lkdGg9IjcwMCIgaGVpZ2h0PSI2MCIgCgpib3JkZXI9IjAiPgo8L2Rpdj4KCgo8IS0tZGl2IHN0eWxlPSJtYXJnaW4tYm90dG9tOjEwcHg7Ij4KCjxpbWcgc3JjPSJodHRwOi8vaW1hZ2UucmFrdXRlbi5jby5qcC9yYWt1dGVuMjQvY2FiaW5ldC9jb3Vwb24vYm5yXzcwMF82MF80LmpwZyIgYWx0PSI0LDAwMIPS0tTJz9mPyOukxzEwJU9GRqOhIiB3aWR0aD0iNzAwIiAKCmhlaWdodD0iNjAiIGJvcmRlcj0iMCI+CjwvZGl2LS0+CgoKPGRpdiBzdHlsZT0ibWFyZ2luLWJvdHRvbToxMHB4OyI+Cgo8aW1nIHNyYz0iaHR0cDovL2ltYWdlLnJha3V0ZW4uY28uanAva2Vua29jb20vY2FiaW5ldC9ibnJfNzAwXzYwXzUwMDAuanBnIiBhbHQ9IjUsMDAwg9LS1MnP2Y/I66THMTAlT0ZGo6EiIHdpZHRoPSI3MDAiIGhlaWdodD0iNjAiIAoKYm9yZGVyPSIwIj4KPC9kaXY+CgoKPCEtLWRpdiBzdHlsZT0ibWFyZ2luLWJvdHRvbToxMHB4OyI+Cgo8aW1nIHNyYz0iaHR0cDovL2ltYWdlLnJha3V0ZW4uY28uanAva2Vua29jb20vY2FiaW5ldC9ibnJfNzAwXzYwXzEyLmpwZyIgYWx0PSIxMCwwMDCD0tLUyc/Zj8jrpMcxMiVPRkajoSIgd2lkdGg9IjcwMCIgaGVpZ2h0PSI2MCIgCgpib3JkZXI9IjAiPgo8L2Rpdi0tPgoKCgoKPCEtLWRpdiBzdHlsZT0ibWFyZ2luLWJvdHRvbToxMHB4OyI+Cgo8aW1nIHNyYz0iaHR0cDovL2ltYWdlLnJha3V0ZW4uY28uanAvcmFrdXRlbjI0L2NhYmluZXQvY2FtcGFpZ24vYXN1cmFrdS9ibnJfNzAwXzYwLmpwZyIgYWx0PSKkoqS5mFPJzMa3pd2lpKXzpcgzsbajoSIgd2lkdGg9IjcwMCIgCgpoZWlnaHQ9IjYwIiBib3JkZXI9IjAiPgo8L2Rpdi0tPgoKPGRpdiBzdHlsZT0ibWFyZ2luLWJvdHRvbToxMHB4OyI+Cgo8aW1nIHNyYz0iaHR0cHM6Ly9pbWFnZS5yYWt1dGVuLmNvLmpwL3Jha3V0ZW4yNC9jYWJpbmV0L3NwZWNpYWwvMjAxNl9lY2FtcGFpZ24uanBnIiBhbHQ9IqWkqWClsKXrpbmhoaX0paOlw6W7peuE2aTDpL+k6VAysbYiICAKCndpZHRoPSI0NjgiIGhlaWdodD0iNjAiIGJvcmRlcj0iMCI+CjwvZGl2PgoKPCEtLWRpdiBzdHlsZT0ibWFyZ2luLWJvdHRvbToxMHB4OyI+Cjx0YWJsZT4KPHRkPgo8aW1nIHNyYz0iaHR0cDovL2ltYWdlLnJha3V0ZW4uY28uanAva2Vua29jb20vY2FiaW5ldC9zcGVjaWFsL3g1MjAxNjFoLmpwZyIgYWx0PSKl1aXrpbCl6SIgd2lkdGg9IjE4MCIgaGVpZ2h0PSIxODAiIGJvcmRlcj0iMCI+PC90ZD4KCjx0ZD4KPGltZyBzcmM9Imh0dHA6Ly9pbWFnZS5yYWt1dGVuLmNvLmpwL2tlbmtvY29tL2NhYmluZXQvc3BlY2lhbC9lMTE0Njc3aC5qcGciIGFsdD0ipa+l6qW5pb+l66WspaSltqlgIiB3aWR0aD0iMTgwIiBoZWlnaHQ9IjE4MCIgCgpib3JkZXI9IjAiPjwvdGQ+Cgo8dGQ+CjxpbWcgc3JjPSJodHRwOi8vaW1hZ2UucmFrdXRlbi5jby5qcC9rZW5rb2NvbS9jYWJpbmV0L3NwZWNpYWwvZTExMDg1M2guanBnIiBhbHQ9IqXPpe2pYCClxqWjpcOlt6XlIiB3aWR0aD0iMTgwIiBoZWlnaHQ9IjE4MCIgCgpib3JkZXI9IjAiPjwvdGQ+Cgo8dGQ+CjxpbWcgc3JjPSJodHRwOi8vaW1hZ2UucmFrdXRlbi5jby5qcC9rZW5rb2NvbS9jYWJpbmV0L3NwZWNpYWwvZTM3MjA4MmguanBnIiBhbHQ9IqWipb+lw6WvTkVPIiB3aWR0aD0iMTgwIiBoZWlnaHQ9IjE4MCIgCgpib3JkZXI9IjAiPjwvdGQ+Cgo8L3RhYmxlPgo8L2Rpdi0tPgoKCgoKCgo8IS0tZGl2IHN0eWxlPSJtYXJnaW4tYm90dG9tOjEwcHg7Ij4KCjxpbWcgc3JjPSJodHRwOi8vaW1hZ2UucmFrdXRlbi5jby5qcC9yYWt1dGVuMjQvY2FiaW5ldC9jb3Vwb24vYm5yXzcwMF82MF8xMDAwMC5qcGciIGFsdD0iMTAsMDAwg9LS1MnP2Y/I66THMTUlT0ZGo6EiIHdpZHRoPSI3MDAiIAoKaGVpZ2h0PSI2MCIgYm9yZGVyPSIwIj4KPC9kaXYtLT4KCgo8IS0tZGl2IHN0eWxlPSJtYXJnaW4tYm90dG9tOjEwcHg7Ij4KCjxpbWcgc3JjPSJodHRwOi8vaW1hZ2UucmFrdXRlbi5jby5qcC9yYWt1dGVuMjQvY2FiaW5ldC9jYW1wYWlnbi9wb2ludHVwL2hvdXNlaG9sZC9ibnJfcHQ0X3R1ZV83MDBfOTAuZ2lmIiBhbHQ9IsiryczGt6XdpaSl86XI1+608zSxtqOhIiAKCndpZHRoPSI0NjgiIGhlaWdodD0iNjAiIGJvcmRlcj0iMCI+CjwvZGl2LS0+CgoKCgo8IS0tZGl2IHN0eWxlPSJtYXJnaW4tYm90dG9tOjEwcHg7Ij4KCjxpbWcgc3JjPSJodHRwOi8vaW1hZ2UucmFrdXRlbi5jby5qcC9rZW5rb2NvbS9jYWJpbmV0L2ltZy8yMDE2X2VjYW1wYWlnbi5qcGciIGFsdD0iyKvJzMa3pd2lpKXzpcgysbajoSIgd2lkdGg9IjQ2OCIgaGVpZ2h0PSI2MCIgCgpib3JkZXI9IjAiPgo8L2Rpdi0tPgoKPCEtLWRpdiBzdHlsZT0ibWFyZ2luLWJvdHRvbToxMHB4OyI+Cgo8aW1nIHNyYz0iaHR0cDovL2ltYWdlLnJha3V0ZW4uY28uanAva2Vua29jb20vY2FiaW5ldC9pbWcvMjAxNl92Y2FtcGFpZ24uanBnIiBhbHQ9IqX0paOlw6W7pevJ8ZH1hNnA+9ObxO6l3aWkpfOlyDKxtqOhIiB3aWR0aD0iNDY4IiAKCmhlaWdodD0iNjAiIGJvcmRlcj0iMCI+CjwvZGl2LS0+CgoKPCEtLWRpdiBzdHlsZT0ibWFyZ2luLWJvdHRvbToxMHB4OyI+Cgo8aW1nIHNyYz0iaHR0cDovL2ltYWdlLnJha3V0ZW4uY28uanAva2Vua29jb20vY2FiaW5ldC9pbWcvMjAxNl9ldmNhbXBhaWduLmpwZyIgYWx0PSKYU8zspaSpYKWwpeujpqX0paOlw6W7pevJ8ZH1hNnA+9ObxO6l3aWkpfOlyDOxtqOhIiAKCndpZHRoPSI0NjgiIGhlaWdodD0iNjAiIGJvcmRlcj0iMCI+CjwvZGl2LS0+,pbWl86XvpbWl16XppaQgpc2lw6WvpbmlyKXppcOl1yDN6Lx+IKXWpeupYCBERy1TVDhCTFultaXzpe+ltaXXpemlpCClq6XhpenTw6W5pcil6aXDpdddo7qlsaXzpbOpYKWzpeA=,pbGl86WzqWCls6XgpbGl86WzqWCls6Xg1qe16qWvpeqluaW/peulrKWkpbapYKXfpc2l6aXrpaalqalgpb+pYKXqpaKlw6XXpeqloqXDpdd4NaXApaaly6lgpbOl86XJqWCl4KXapeqlqKW1qWCl4qW5pbOl86XIpeylw6WvpbnI1Z+GpLHWuaThpbOls6XKpcOlxKWqpaSl66SopLSk3qSzpOHTzaW1pfOl2qXspbCl6qXOycjvTJlDpa+l6qW5pb+l66WspaSltqlgIDUwMG1sIDQ4sb6+dqTOxKfFrrjKvsaltaXzpe+ltaXXpemlpCClzaXDpa+luaXIpemlw6XXIM3ovH4gpdal66lgIERHLVNUOEJMW6W1pfOl76W1pdel6aWkIKWrpeGl6dPDpbmlyKXppcOl110=,pbWl86XvpbWl16XppaQvy7CSaTE5MDCD0tLUyc/LzcHPn2/Bz6GjpbWl86XvpbWl16XppaQgpc2lw6WvpbmlyKXppcOl1yDN6Lx+IKXWpeupYCBERy1TVDhCTFultaXzpe+ltaXXpemlpCClq6XhpenTw6W5pcil6aXDpddd[rn]
33-14387,aHR0cDovL3RzaG9wLnIxMHMuanAva2Vua29jb20vY2FiaW5ldC9lNDcyMy9lNDcyMzIxaF9sLmpwZz9maXRpbj03MDA6NzAw,Nzk5LjIwMDA=,,VFY/paqpYKXHpaOlqj+lq6XhpekgPiCloqWvpbultaXqqWA/sr/GtyA+IKWrpeGl6T+l06XHpaqlq6Xhpek/ueLRp5lDxvfTw6Wipa+lu6W1peqpYCA+IKXHpbilv6Xrpaul4aXp08OloqWvpbultaXqqWAgPiCkvaTOy/s=,pbWl86XvpbWl16XppaQgpeqpYKXruLalzaXDpa+luaXIpemlw6XXIERHLVNUUjNbpbWl86XvpbWl16XppaQgpaul4aXp08OluaXIpemlw6XXXQ==,pbWl86XvpbWl16XppaQvy7CSaTE5MDCD0tLUyc/LzcHPn2/Bzw==,PGJyPjxkaXYgY2xhc3M9InJldmlld0JuciI+PGRpdj48Zm9udCBzaXplID0gMz48c3BhbiBzdHlsZT0ibGluZS1oZWlnaHQ6MTMwJSI+pLOkwaTppM7JzMa3PC9zcGFuPtK7t6yBXKTqpa2l46XzpdqpYKXzjJ3P88nMxrejoaOhPGJyPjxzcGFuIHN0eWxlPSJsaW5lLWhlaWdodDoxMzAlIj6ks6TOyczGt6TOPHNwYW4+yczGt6XspdOl5algpPI8c3Ryb25nPjG3rKTLPC9zdHJvbmc+zba45aS3pMbtlKSkpL+3vTwvc3Bhbj6kyzwvc3Bhbj48YnI+IDxzdHJvbmc+MzAwg9JPRkalr6lgpd2l8zwvc3Ryb25nPqTypdel7KW8pfOlyKOhPGJyPjwvZGl2PjwvZGl2PqH5P6XspdOl5algzba45ZVypMult6XnpcOl16TY16LOxLesusWk8taqpOmku6TroaOkzqXBpaelw6WvpPLI66TspMakr6TApLWkpKGjPGJyPj/h4cjVpeGpYKXrpMukxqWvqWCl3aXzVVJMpPKkqsvNpOqkt6TepLmhozxhIGhyZWY9Imh0dHA6Ly93d3cucmFrdXRlbi5uZS5qcC9nb2xkL2tlbmtvY29tL2ZlYXR1cmVsaW5rL3Jldmlldy9pbmRleC5odG1sIj6h9qH11JSkt6SvpM+ks6TBpOmh9aH2PC9hPjxicj4/y/ukzre9pKzPyKTLzba45aS3pL+I9rrPpM+lr6lgpd2l899Ns8qkzoydz/PN4qTIpMqk6qTepLmkzqTHpLTXotLipK+kwKS1pKSho6XspdOl5algzba45aTPz8Kyv6TL05vdZKS3pMakpKTepLmhozxicj4/peyl06XlqWDNtrjlpKuk6be007Ok3qTHlXKy7qSspKKk66S/pOGhosnMxre7rcPmyc+kzqXspdOl5algvP7K/aTIjGfrSKTOzba45bz+yv2krK6QpMqk64j2us+krKSipOqk3qS5pM6kx9PopOGktMHLs9Ckr6TApLWkpKGjPGJyPjxicj48YnI+PHNtYWxsPqH5pdGlw6WxqWCluKXHpbalpKXztcikz9PouOakyqSvieS4/KS1pOyk66SzpMikrKSipOqk3qS5oaM8L3NtYWxsPjxicj48YnI+PHRhYmxlPjx0cj48dGQgd2lkdGg9IjEwMCUiPjxwIGNsYXNzPSJwZGVzYyI+PGRpdiBjbGFzcz0icGRlc2N0aXRsZSI+yczGt9Vow/c8L2Rpdj48ZGl2IGNsYXNzPSJwZGVzY2hvbmJ1biI+obiltaXzpe+ltaXXpemlpCCl6qlgpeu4tqXNpcOlr6W5pcil6aXDpdcgREctU1RSM6G5pM+hoqXqqWCl66SspMSkpKS/sePA+6TKpbmlyKXppcOl16THpLmhozwvZGl2PjxkaXYgY2xhc3M9InBkZXNjdGl0bGUiPtF1xrfKy5iUPC9kaXY+PGRpdiBjbGFzcz0icGRlc2Nob25idW4iPqHxssTZfDxicj6luaXIpemlw6XXsr8opNKk4ikvpd2l6qWopbmlxqXrPGJyPqXqqWCl6z+lr6XqpcOl1y+l3aXqpaupYKXcpc2pYKXIP6XdpeqloqW7pb+pYKXrPGJyPqXZpeulyC+l3aXqpailwaXspfM8YnI+sLLIq6XRqWClxD/pTKS11XvV+7K/xrcvpd2l6qXXpe2l1KXspfM8YnI+ofHIq+lMo7q8czUxLjUtNjIuNWNtKKW5pcil6aXDpdeyv7fWpM6k3y+8czM2LTQ1Y20pPGJyPqHxpNKk4rf5o7q8czFjbTxicj6h8cTNusnW2KO6vHMxa2c8YnI+PGJyPiiktNei0uIpPGJyPqH5yc/Tm6W1paSluqTPtPqx7YKOpMekuaGjv42+U9F1xrekzqS/pOG24MnZpM7VYLLupKykoqTqpN6kuaGjPC9kaXY+PC9wPjwvdGQ+PC90cj48L3RhYmxlPjxicj6l1qXppfOlyaO6pbWl86XvpbWl16XppaQ8YnI+pbGl86WzqWCls6XgVE9Qo7680uuKo7654tGnmUPG96O+paul4aXpP6XTpcelqqWrpeGl6aO+paul4aXp08OluaXIpemlw6XXo76ltaXzpe+ltaXXpemlpCCl6qlgpeu4tqXNpcOlr6W5pcil6aXDpdcgREctU1RSMzxicj7RddTs2JyJ09Sqo7qltaXzpe+ltaXXpemlpDxicj48YnI+PGJyPjxicj48YnI+PGJyPkpBTqWzqWClyaO6oaE0OTY5ODg3MzUxMzgzPGJyPjxicj48dGFibGUgd2lkdGg9IjEwMCUiIGJvcmRlcj0wIGNlbGxzcGFjaW5nPTAgY2VsbHBhZGRpbmc9NT48dHI+PHRkPjxwIGNsYXNzPSJzZWlkZXNjIj48L3A+PC90ZD48dHI+PHRkPjwvdGQ+PC90cj48L3RhYmxlPjxicj48YnI+PGJyPo7auObOxNifo7qlsaXzpbOpYKWzpeDW6sq9u+HJ5zxicj5URUyjujA1MC01NTc3LTUwNDI8YnI+PGJyPlultaXzpe+ltaXXpemlpF08YnI+ueLRp5lDxvcvpaul4aXpP6XTpcelqqWrpeGl6S+lq6XhpenTw6W5pcil6aXDpdc8YnI+PGJyPqXGpeyl071CvemjugoKpcil3qXIpbil5algpbkgLyAKpd6lq6XHpd+loqXKpcOlxKWqpaSl6yAvIArrioTTpdal7KXDpcmlq6XDpb+pYCAvIAql66WkpdyluaXGpaOpYCAvIAqk6qTzpLT1oSAvIAq2qLesyczGtyAvIAo8YnI+PGJyPgoKPGRpdiBzdHlsZT0ibWFyZ2luLWJvdHRvbToxMHB4OyI+Cgo8aW1nIHNyYz0iaHR0cHM6Ly9pbWFnZS5yYWt1dGVuLmNvLmpwL3Jha3V0ZW4yNC9jYWJpbmV0L2NvdXBvbi9ibnJfMTAwXzcwMF82MC5qcGciIGFsdD0is/Wk4aTGpM63vc/etqgxMDCD0k9GRqOhIiB3aWR0aD0iNzAwIiBoZWlnaHQ9IjYwIiAKCmJvcmRlcj0iMCI+CjwvZGl2PgoKCjwhLS1kaXYgc3R5bGU9Im1hcmdpbi1ib3R0b206MTBweDsiPgoKPGltZyBzcmM9Imh0dHA6Ly9pbWFnZS5yYWt1dGVuLmNvLmpwL3Jha3V0ZW4yNC9jYWJpbmV0L2NvdXBvbi9ibnJfNzAwXzYwXzQuanBnIiBhbHQ9IjQsMDAwg9LS1MnP2Y/I66THMTAlT0ZGo6EiIHdpZHRoPSI3MDAiIAoKaGVpZ2h0PSI2MCIgYm9yZGVyPSIwIj4KPC9kaXYtLT4KCgo8ZGl2IHN0eWxlPSJtYXJnaW4tYm90dG9tOjEwcHg7Ij4KCjxpbWcgc3JjPSJodHRwOi8vaW1hZ2UucmFrdXRlbi5jby5qcC9rZW5rb2NvbS9jYWJpbmV0L2Jucl83MDBfNjBfNTAwMC5qcGciIGFsdD0iNSwwMDCD0tLUyc/Zj8jrpMcxMCVPRkajoSIgd2lkdGg9IjcwMCIgaGVpZ2h0PSI2MCIgCgpib3JkZXI9IjAiPgo8L2Rpdj4KCgo8IS0tZGl2IHN0eWxlPSJtYXJnaW4tYm90dG9tOjEwcHg7Ij4KCjxpbWcgc3JjPSJodHRwOi8vaW1hZ2UucmFrdXRlbi5jby5qcC9rZW5rb2NvbS9jYWJpbmV0L2Jucl83MDBfNjBfMTIuanBnIiBhbHQ9IjEwLDAwMIPS0tTJz9mPyOukxzEyJU9GRqOhIiB3aWR0aD0iNzAwIiBoZWlnaHQ9IjYwIiAKCmJvcmRlcj0iMCI+CjwvZGl2LS0+CgoKCgo8IS0tZGl2IHN0eWxlPSJtYXJnaW4tYm90dG9tOjEwcHg7Ij4KCjxpbWcgc3JjPSJodHRwOi8vaW1hZ2UucmFrdXRlbi5jby5qcC9yYWt1dGVuMjQvY2FiaW5ldC9jYW1wYWlnbi9hc3VyYWt1L2Jucl83MDBfNjAuanBnIiBhbHQ9IqSipLmYU8nMxrel3aWkpfOlyDOxtqOhIiB3aWR0aD0iNzAwIiAKCmhlaWdodD0iNjAiIGJvcmRlcj0iMCI+CjwvZGl2LS0+Cgo8ZGl2IHN0eWxlPSJtYXJnaW4tYm90dG9tOjEwcHg7Ij4KCjxpbWcgc3JjPSJodHRwczovL2ltYWdlLnJha3V0ZW4uY28uanAvcmFrdXRlbjI0L2NhYmluZXQvc3BlY2lhbC8yMDE2X2VjYW1wYWlnbi5qcGciIGFsdD0ipaSpYKWwpeuluaGhpfSlo6XDpbul64TZpMOkv6TpUDKxtiIgIAoKd2lkdGg9IjQ2OCIgaGVpZ2h0PSI2MCIgYm9yZGVyPSIwIj4KPC9kaXY+Cgo8IS0tZGl2IHN0eWxlPSJtYXJnaW4tYm90dG9tOjEwcHg7Ij4KPHRhYmxlPgo8dGQ+CjxpbWcgc3JjPSJodHRwOi8vaW1hZ2UucmFrdXRlbi5jby5qcC9rZW5rb2NvbS9jYWJpbmV0L3NwZWNpYWwveDUyMDE2MWguanBnIiBhbHQ9IqXVpeulsKXpIiB3aWR0aD0iMTgwIiBoZWlnaHQ9IjE4MCIgYm9yZGVyPSIwIj48L3RkPgoKPHRkPgo8aW1nIHNyYz0iaHR0cDovL2ltYWdlLnJha3V0ZW4uY28uanAva2Vua29jb20vY2FiaW5ldC9zcGVjaWFsL2UxMTQ2NzdoLmpwZyIgYWx0PSKlr6Xqpbmlv6XrpaylpKW2qWAiIHdpZHRoPSIxODAiIGhlaWdodD0iMTgwIiAKCmJvcmRlcj0iMCI+PC90ZD4KCjx0ZD4KPGltZyBzcmM9Imh0dHA6Ly9pbWFnZS5yYWt1dGVuLmNvLmpwL2tlbmtvY29tL2NhYmluZXQvc3BlY2lhbC9lMTEwODUzaC5qcGciIGFsdD0ipc+l7algIKXGpaOlw6W3peUiIHdpZHRoPSIxODAiIGhlaWdodD0iMTgwIiAKCmJvcmRlcj0iMCI+PC90ZD4KCjx0ZD4KPGltZyBzcmM9Imh0dHA6Ly9pbWFnZS5yYWt1dGVuLmNvLmpwL2tlbmtvY29tL2NhYmluZXQvc3BlY2lhbC9lMzcyMDgyaC5qcGciIGFsdD0ipaKlv6XDpa9ORU8iIHdpZHRoPSIxODAiIGhlaWdodD0iMTgwIiAKCmJvcmRlcj0iMCI+PC90ZD4KCjwvdGFibGU+CjwvZGl2LS0+CgoKCgoKCjwhLS1kaXYgc3R5bGU9Im1hcmdpbi1ib3R0b206MTBweDsiPgoKPGltZyBzcmM9Imh0dHA6Ly9pbWFnZS5yYWt1dGVuLmNvLmpwL3Jha3V0ZW4yNC9jYWJpbmV0L2NvdXBvbi9ibnJfNzAwXzYwXzEwMDAwLmpwZyIgYWx0PSIxMCwwMDCD0tLUyc/Zj8jrpMcxNSVPRkajoSIgd2lkdGg9IjcwMCIgCgpoZWlnaHQ9IjYwIiBib3JkZXI9IjAiPgo8L2Rpdi0tPgoKCjwhLS1kaXYgc3R5bGU9Im1hcmdpbi1ib3R0b206MTBweDsiPgoKPGltZyBzcmM9Imh0dHA6Ly9pbWFnZS5yYWt1dGVuLmNvLmpwL3Jha3V0ZW4yNC9jYWJpbmV0L2NhbXBhaWduL3BvaW50dXAvaG91c2Vob2xkL2Jucl9wdDRfdHVlXzcwMF85MC5naWYiIGFsdD0iyKvJzMa3pd2lpKXzpcjX7rTzNLG2o6EiIAoKd2lkdGg9IjQ2OCIgaGVpZ2h0PSI2MCIgYm9yZGVyPSIwIj4KPC9kaXYtLT4KCgoKCjwhLS1kaXYgc3R5bGU9Im1hcmdpbi1ib3R0b206MTBweDsiPgoKPGltZyBzcmM9Imh0dHA6Ly9pbWFnZS5yYWt1dGVuLmNvLmpwL2tlbmtvY29tL2NhYmluZXQvaW1nLzIwMTZfZWNhbXBhaWduLmpwZyIgYWx0PSLIq8nMxrel3aWkpfOlyDKxtqOhIiB3aWR0aD0iNDY4IiBoZWlnaHQ9IjYwIiAKCmJvcmRlcj0iMCI+CjwvZGl2LS0+Cgo8IS0tZGl2IHN0eWxlPSJtYXJnaW4tYm90dG9tOjEwcHg7Ij4KCjxpbWcgc3JjPSJodHRwOi8vaW1hZ2UucmFrdXRlbi5jby5qcC9rZW5rb2NvbS9jYWJpbmV0L2ltZy8yMDE2X3ZjYW1wYWlnbi5qcGciIGFsdD0ipfSlo6XDpbul68nxkfWE2cD705vE7qXdpaSl86XIMrG2o6EiIHdpZHRoPSI0NjgiIAoKaGVpZ2h0PSI2MCIgYm9yZGVyPSIwIj4KPC9kaXYtLT4KCgo8IS0tZGl2IHN0eWxlPSJtYXJnaW4tYm90dG9tOjEwcHg7Ij4KCjxpbWcgc3JjPSJodHRwOi8vaW1hZ2UucmFrdXRlbi5jby5qcC9rZW5rb2NvbS9jYWJpbmV0L2ltZy8yMDE2X2V2Y2FtcGFpZ24uanBnIiBhbHQ9IphTzOylpKlgpbCl66OmpfSlo6XDpbul68nxkfWE2cD705vE7qXdpaSl86XIM7G2o6EiIAoKd2lkdGg9IjQ2OCIgaGVpZ2h0PSI2MCIgYm9yZGVyPSIwIj4KPC9kaXYtLT4=,pbWl86XvpbWl16XppaQgpeqpYKXruLalzaXDpa+luaXIpemlw6XXIERHLVNUUjNbpbWl86XvpbWl16XppaQgpaul4aXp08OluaXIpemlw6XXXaO6pbGl86WzqWCls6Xg,pbGl86WzqWCls6XgpbGl86WzqWCls6Xg1qe16qWvpeqluaW/peulrKWkpbapYKXfpc2l6aXrpaalqalgpb+pYKXqpaKlw6XXpeqloqXDpdd4NaXApaaly6lgpbOl86XJqWCl4KXapeqlqKW1qWCl4qW5pbOl86XIpeylw6WvpbnI1Z+GpLHWuaThpbOls6XKpcOlxKWqpaSl66SopLSk3qSzpOHTzaW1pfOl2qXspbCl6qXOycjvTJlDpa+l6qW5pb+l66WspaSltqlgIDUwMG1sIDQ4sb6+dqTOxKfFrrjKvsaltaXzpe+ltaXXpemlpCCl6qlgpeu4tqXNpcOlr6W5pcil6aXDpdcgREctU1RSM1ultaXzpe+ltaXXpemlpCClq6XhpenTw6W5pcil6aXDpddd,pbWl86XvpbWl16XppaQvy7CSaTE5MDCD0tLUyc/LzcHPn2/Bz6GjpbWl86XvpbWl16XppaQgpeqpYKXruLalzaXDpa+luaXIpemlw6XXIERHLVNUUjNbpbWl86XvpbWl16XppaQgpaul4aXp08OluaXIpemlw6XXXQ==[rn]
33-14388,aHR0cDovL3RzaG9wLnIxMHMuanAva2Vua29jb20vY2FiaW5ldC9lNDcyMy9lNDcyMzA5aF9sLmpwZz9maXRpbj03MDA6NzAw,NDcxLjIwMDA=,,VFY/paqpYKXHpaOlqj+lq6XhpekgPiCloqWvpbultaXqqWA/sr/GtyA+IKWrpeGl6T+l06XHpaqlq6Xhpek/ueLRp5lDxvfTw6Wipa+lu6W1peqpYCA+IKXHpbilv6Xrpaul4aXp08OloqWvpbultaXqqWAgPiCkvaTOy/s=,pbWl86XvpbWl16XppaQgpdWlo6XzpaypYKW5pcil6aXDpdcgpdal6aXDpa8gREctU1QzN0JLW6W1pfOl76W1pdel6aWkIKWrpeGl6dPDpbmlyKXppcOl110=,pbWl86XvpbWl16XppaQvy7CSaTE5MDCD0tLUyc/LzcHPn2/Bzw==,PGJyPjxkaXYgY2xhc3M9InJldmlld0JuciI+PGRpdj48Zm9udCBzaXplID0gMz48c3BhbiBzdHlsZT0ibGluZS1oZWlnaHQ6MTMwJSI+pLOkwaTppM7JzMa3PC9zcGFuPtK7t6yBXKTqpa2l46XzpdqpYKXzjJ3P88nMxrejoaOhPGJyPjxzcGFuIHN0eWxlPSJsaW5lLWhlaWdodDoxMzAlIj6ks6TOyczGt6TOPHNwYW4+yczGt6XspdOl5algpPI8c3Ryb25nPjG3rKTLPC9zdHJvbmc+zba45aS3pMbtlKSkpL+3vTwvc3Bhbj6kyzwvc3Bhbj48YnI+IDxzdHJvbmc+MzAwg9JPRkalr6lgpd2l8zwvc3Ryb25nPqTypdel7KW8pfOlyKOhPGJyPjwvZGl2PjwvZGl2PqH5P6XspdOl5algzba45ZVypMult6XnpcOl16TY16LOxLesusWk8taqpOmku6TroaOkzqXBpaelw6WvpPLI66TspMakr6TApLWkpKGjPGJyPj/h4cjVpeGpYKXrpMukxqWvqWCl3aXzVVJMpPKkqsvNpOqkt6TepLmhozxhIGhyZWY9Imh0dHA6Ly93d3cucmFrdXRlbi5uZS5qcC9nb2xkL2tlbmtvY29tL2ZlYXR1cmVsaW5rL3Jldmlldy9pbmRleC5odG1sIj6h9qH11JSkt6SvpM+ks6TBpOmh9aH2PC9hPjxicj4/y/ukzre9pKzPyKTLzba45aS3pL+I9rrPpM+lr6lgpd2l899Ns8qkzoydz/PN4qTIpMqk6qTepLmkzqTHpLTXotLipK+kwKS1pKSho6XspdOl5algzba45aTPz8Kyv6TL05vdZKS3pMakpKTepLmhozxicj4/peyl06XlqWDNtrjlpKuk6be007Ok3qTHlXKy7qSspKKk66S/pOGhosnMxre7rcPmyc+kzqXspdOl5algvP7K/aTIjGfrSKTOzba45bz+yv2krK6QpMqk64j2us+krKSipOqk3qS5pM6kx9PopOGktMHLs9Ckr6TApLWkpKGjPGJyPjxicj48YnI+PHNtYWxsPqH5pdGlw6WxqWCluKXHpbalpKXztcikz9PouOakyqSvieS4/KS1pOyk66SzpMikrKSipOqk3qS5oaM8L3NtYWxsPjxicj48YnI+PHRhYmxlPjx0cj48dGQgd2lkdGg9IjEwMCUiPjxwIGNsYXNzPSJwZGVzYyI+PGRpdiBjbGFzcz0icGRlc2N0aXRsZSI+yczGt9Vow/c8L2Rpdj48ZGl2IGNsYXNzPSJwZGVzY2hvbmJ1biI+obiltaXzpe+ltaXXpemlpCCl1aWjpfOlrKlgpbmlyKXppcOl1yCl1qXppcOlryBERy1TVDM3QkuhuaTPoaKlz6lgpcmk8oL7pMSksaTLpK+kpKGi3VikpJjk1qzL2LLEpM6l1aWjpfOlrKlgpbmlyKXppcOl16THpLmho9a4pPLNqKS3pMbC5M/Ct8DWuaTLoaOl1qXppcOlr6GjPC9kaXY+PGRpdiBjbGFzcz0icGRlc2N0aXRsZSI+pLTXotLiPC9kaXY+PGRpdiBjbGFzcz0icGRlc2Nob25idW4iPqHxpbmlyKXppcOl16TOz8i2y6TPyKGk6s3ipLuk3qS7pPOhozxicj6h8aWrpeGl6aTkpbml3qlgpcil1aWppfOkyqTJpPKkxKSxpL+k3qTeoaLV8aTqu9ikt6S/pOqPiqSv0v2kw4+IpMOkv6TqpLekyqSkpMekr6TApLWkpKGjx9Ck7KS/pOrN4qTspL+k6qS5pOuks6TIpKykoqTqpN6kuaGjPC9kaXY+PGRpdiBjbGFzcz0icGRlc2N0aXRsZSI+0XXGt8rLmJQ8L2Rpdj48ZGl2IGNsYXNzPSJwZGVzY2hvbmJ1biI+ofGlq6XpqWCjuqXWpemlw6WvPGJyPqHxpbWlpKW6PGJyPsir6UwvvHMxMDVtbTxicj7Lych+vH4vvHM2Mm1tPGJyPqXVpaOl86WsqWCl6qXzpbCyv7fWL1czMaHBRDahwUg0M21tPGJyPqXqpfOlsLK/t9bE2r62L7xzMjNtbTxicj6h8cTNusnW2KO6NTAwZzxicj6h8bLE2XyjulBPTSil3aXqpaKlu6W/qWCl6ymholBDKKXdpeqlq6lgpdylzalgpcgpoaKlyqWkpe2l8yjLych+vH6yv7fWKTwvZGl2PjwvcD48L3RkPjwvdHI+PC90YWJsZT48YnI+pdal6aXzpcmjuqW1pfOl76W1pdel6aWkPGJyPqWxpfOls6lgpbOl4FRPUKO+vNLriqO+ueLRp5lDxvejvqWrpeGl6T+l06XHpaqlq6XhpemjvqWrpeGl6dPDpbmlyKXppcOl16O+pbWl86XvpbWl16XppaQgpdWlo6XzpaypYKW5pcil6aXDpdcgpdal6aXDpa8gREctU1QzN0JLPGJyPtF11OzYnInT1KqjuqW1pfOl76W1pdel6aWkPGJyPjxicj48YnI+PGJyPjxicj48YnI+SkFOpbOpYKXJo7qhoTQ5Njk4ODc4ODIyMzg8YnI+PGJyPjx0YWJsZSB3aWR0aD0iMTAwJSIgYm9yZGVyPTAgY2VsbHNwYWNpbmc9MCBjZWxscGFkZGluZz01Pjx0cj48dGQ+PHAgY2xhc3M9InNlaWRlc2MiPjwvcD48L3RkPjx0cj48dGQ+PC90ZD48L3RyPjwvdGFibGU+PGJyPjxicj48YnI+jtq45s7E2J+juqWxpfOls6lgpbOl4Nbqyr274cnnPGJyPlRFTKO6MDUwLTU1NzctNTA0Mjxicj48YnI+W6W1pfOl76W1pdel6aWkXTxicj654tGnmUPG9y+lq6Xhpek/pdOlx6Wqpaul4aXpL6WrpeGl6dPDpbmlyKXppcOl1zxicj48YnI+pcal7KXTvUK96aO6CgqlyKXepciluKXlqWCluSAvIAql3qWrpcel36Wipcqlw6XEpaqlpKXrIC8gCuuKhNOl1qXspcOlyaWrpcOlv6lgIC8gCqXrpaSl3KW5pcalo6lgIC8gCqTqpPOktPWhIC8gCraot6zJzMa3IC8gCjxicj48YnI+Cgo8ZGl2IHN0eWxlPSJtYXJnaW4tYm90dG9tOjEwcHg7Ij4KCjxpbWcgc3JjPSJodHRwczovL2ltYWdlLnJha3V0ZW4uY28uanAvcmFrdXRlbjI0L2NhYmluZXQvY291cG9uL2Jucl8xMDBfNzAwXzYwLmpwZyIgYWx0PSKz9aThpMakzre9z962qDEwMIPST0ZGo6EiIHdpZHRoPSI3MDAiIGhlaWdodD0iNjAiIAoKYm9yZGVyPSIwIj4KPC9kaXY+CgoKPCEtLWRpdiBzdHlsZT0ibWFyZ2luLWJvdHRvbToxMHB4OyI+Cgo8aW1nIHNyYz0iaHR0cDovL2ltYWdlLnJha3V0ZW4uY28uanAvcmFrdXRlbjI0L2NhYmluZXQvY291cG9uL2Jucl83MDBfNjBfNC5qcGciIGFsdD0iNCwwMDCD0tLUyc/Zj8jrpMcxMCVPRkajoSIgd2lkdGg9IjcwMCIgCgpoZWlnaHQ9IjYwIiBib3JkZXI9IjAiPgo8L2Rpdi0tPgoKCjxkaXYgc3R5bGU9Im1hcmdpbi1ib3R0b206MTBweDsiPgoKPGltZyBzcmM9Imh0dHA6Ly9pbWFnZS5yYWt1dGVuLmNvLmpwL2tlbmtvY29tL2NhYmluZXQvYm5yXzcwMF82MF81MDAwLmpwZyIgYWx0PSI1LDAwMIPS0tTJz9mPyOukxzEwJU9GRqOhIiB3aWR0aD0iNzAwIiBoZWlnaHQ9IjYwIiAKCmJvcmRlcj0iMCI+CjwvZGl2PgoKCjwhLS1kaXYgc3R5bGU9Im1hcmdpbi1ib3R0b206MTBweDsiPgoKPGltZyBzcmM9Imh0dHA6Ly9pbWFnZS5yYWt1dGVuLmNvLmpwL2tlbmtvY29tL2NhYmluZXQvYm5yXzcwMF82MF8xMi5qcGciIGFsdD0iMTAsMDAwg9LS1MnP2Y/I66THMTIlT0ZGo6EiIHdpZHRoPSI3MDAiIGhlaWdodD0iNjAiIAoKYm9yZGVyPSIwIj4KPC9kaXYtLT4KCgoKCjwhLS1kaXYgc3R5bGU9Im1hcmdpbi1ib3R0b206MTBweDsiPgoKPGltZyBzcmM9Imh0dHA6Ly9pbWFnZS5yYWt1dGVuLmNvLmpwL3Jha3V0ZW4yNC9jYWJpbmV0L2NhbXBhaWduL2FzdXJha3UvYm5yXzcwMF82MC5qcGciIGFsdD0ipKKkuZhTyczGt6XdpaSl86XIM7G2o6EiIHdpZHRoPSI3MDAiIAoKaGVpZ2h0PSI2MCIgYm9yZGVyPSIwIj4KPC9kaXYtLT4KCjxkaXYgc3R5bGU9Im1hcmdpbi1ib3R0b206MTBweDsiPgoKPGltZyBzcmM9Imh0dHBzOi8vaW1hZ2UucmFrdXRlbi5jby5qcC9yYWt1dGVuMjQvY2FiaW5ldC9zcGVjaWFsLzIwMTZfZWNhbXBhaWduLmpwZyIgYWx0PSKlpKlgpbCl66W5oaGl9KWjpcOlu6XrhNmkw6S/pOlQMrG2IiAgCgp3aWR0aD0iNDY4IiBoZWlnaHQ9IjYwIiBib3JkZXI9IjAiPgo8L2Rpdj4KCjwhLS1kaXYgc3R5bGU9Im1hcmdpbi1ib3R0b206MTBweDsiPgo8dGFibGU+Cjx0ZD4KPGltZyBzcmM9Imh0dHA6Ly9pbWFnZS5yYWt1dGVuLmNvLmpwL2tlbmtvY29tL2NhYmluZXQvc3BlY2lhbC94NTIwMTYxaC5qcGciIGFsdD0ipdWl66WwpekiIHdpZHRoPSIxODAiIGhlaWdodD0iMTgwIiBib3JkZXI9IjAiPjwvdGQ+Cgo8dGQ+CjxpbWcgc3JjPSJodHRwOi8vaW1hZ2UucmFrdXRlbi5jby5qcC9rZW5rb2NvbS9jYWJpbmV0L3NwZWNpYWwvZTExNDY3N2guanBnIiBhbHQ9IqWvpeqluaW/peulrKWkpbapYCIgd2lkdGg9IjE4MCIgaGVpZ2h0PSIxODAiIAoKYm9yZGVyPSIwIj48L3RkPgoKPHRkPgo8aW1nIHNyYz0iaHR0cDovL2ltYWdlLnJha3V0ZW4uY28uanAva2Vua29jb20vY2FiaW5ldC9zcGVjaWFsL2UxMTA4NTNoLmpwZyIgYWx0PSKlz6XtqWAgpcalo6XDpbel5SIgd2lkdGg9IjE4MCIgaGVpZ2h0PSIxODAiIAoKYm9yZGVyPSIwIj48L3RkPgoKPHRkPgo8aW1nIHNyYz0iaHR0cDovL2ltYWdlLnJha3V0ZW4uY28uanAva2Vua29jb20vY2FiaW5ldC9zcGVjaWFsL2UzNzIwODJoLmpwZyIgYWx0PSKloqW/pcOlr05FTyIgd2lkdGg9IjE4MCIgaGVpZ2h0PSIxODAiIAoKYm9yZGVyPSIwIj48L3RkPgoKPC90YWJsZT4KPC9kaXYtLT4KCgoKCgoKPCEtLWRpdiBzdHlsZT0ibWFyZ2luLWJvdHRvbToxMHB4OyI+Cgo8aW1nIHNyYz0iaHR0cDovL2ltYWdlLnJha3V0ZW4uY28uanAvcmFrdXRlbjI0L2NhYmluZXQvY291cG9uL2Jucl83MDBfNjBfMTAwMDAuanBnIiBhbHQ9IjEwLDAwMIPS0tTJz9mPyOukxzE1JU9GRqOhIiB3aWR0aD0iNzAwIiAKCmhlaWdodD0iNjAiIGJvcmRlcj0iMCI+CjwvZGl2LS0+CgoKPCEtLWRpdiBzdHlsZT0ibWFyZ2luLWJvdHRvbToxMHB4OyI+Cgo8aW1nIHNyYz0iaHR0cDovL2ltYWdlLnJha3V0ZW4uY28uanAvcmFrdXRlbjI0L2NhYmluZXQvY2FtcGFpZ24vcG9pbnR1cC9ob3VzZWhvbGQvYm5yX3B0NF90dWVfNzAwXzkwLmdpZiIgYWx0PSLIq8nMxrel3aWkpfOlyNfutPM0sbajoSIgCgp3aWR0aD0iNDY4IiBoZWlnaHQ9IjYwIiBib3JkZXI9IjAiPgo8L2Rpdi0tPgoKCgoKPCEtLWRpdiBzdHlsZT0ibWFyZ2luLWJvdHRvbToxMHB4OyI+Cgo8aW1nIHNyYz0iaHR0cDovL2ltYWdlLnJha3V0ZW4uY28uanAva2Vua29jb20vY2FiaW5ldC9pbWcvMjAxNl9lY2FtcGFpZ24uanBnIiBhbHQ9IsiryczGt6XdpaSl86XIMrG2o6EiIHdpZHRoPSI0NjgiIGhlaWdodD0iNjAiIAoKYm9yZGVyPSIwIj4KPC9kaXYtLT4KCjwhLS1kaXYgc3R5bGU9Im1hcmdpbi1ib3R0b206MTBweDsiPgoKPGltZyBzcmM9Imh0dHA6Ly9pbWFnZS5yYWt1dGVuLmNvLmpwL2tlbmtvY29tL2NhYmluZXQvaW1nLzIwMTZfdmNhbXBhaWduLmpwZyIgYWx0PSKl9KWjpcOlu6XryfGR9YTZwPvTm8Tupd2lpKXzpcgysbajoSIgd2lkdGg9IjQ2OCIgCgpoZWlnaHQ9IjYwIiBib3JkZXI9IjAiPgo8L2Rpdi0tPgoKCjwhLS1kaXYgc3R5bGU9Im1hcmdpbi1ib3R0b206MTBweDsiPgoKPGltZyBzcmM9Imh0dHA6Ly9pbWFnZS5yYWt1dGVuLmNvLmpwL2tlbmtvY29tL2NhYmluZXQvaW1nLzIwMTZfZXZjYW1wYWlnbi5qcGciIGFsdD0imFPM7KWkqWClsKXro6al9KWjpcOlu6XryfGR9YTZwPvTm8Tupd2lpKXzpcgzsbajoSIgCgp3aWR0aD0iNDY4IiBoZWlnaHQ9IjYwIiBib3JkZXI9IjAiPgo8L2Rpdi0tPg==,pbWl86XvpbWl16XppaQgpdWlo6XzpaypYKW5pcil6aXDpdcgpdal6aXDpa8gREctU1QzN0JLW6W1pfOl76W1pdel6aWkIKWrpeGl6dPDpbmlyKXppcOl112juqWxpfOls6lgpbOl4A==,pbGl86WzqWCls6XgpbGl86WzqWCls6Xg1qe16qWvpeqluaW/peulrKWkpbapYKXfpc2l6aXrpaalqalgpb+pYKXqpaKlw6XXpeqloqXDpdd4NaXApaaly6lgpbOl86XJqWCl4KXapeqlqKW1qWCl4qW5pbOl86XIpeylw6WvpbnI1Z+GpLHWuaThpbOls6XKpcOlxKWqpaSl66SopLSk3qSzpOHTzaW1pfOl2qXspbCl6qXOycjvTJlDpa+l6qW5pb+l66WspaSltqlgIDUwMG1sIDQ4sb6+dqTOxKfFrrjKvsaltaXzpe+ltaXXpemlpCCl1aWjpfOlrKlgpbmlyKXppcOl1yCl1qXppcOlryBERy1TVDM3QktbpbWl86XvpbWl16XppaQgpaul4aXp08OluaXIpemlw6XXXQ==,pbWl86XvpbWl16XppaQvy7CSaTE5MDCD0tLUyc/LzcHPn2/Bz6GjpbWl86XvpbWl16XppaQgpdWlo6XzpaypYKW5pcil6aXDpdcgpdal6aXDpa8gREctU1QzN0JLW6W1pfOl76W1pdel6aWkIKWrpeGl6dPDpbmlyKXppcOl110=[rn]
33-14389,aHR0cDovL3RzaG9wLnIxMHMuanAva2Vua29jb20vY2FiaW5ldC9lNDcyMy9lNDcyMzEyaF9sLmpwZz9maXRpbj03MDA6NzAw,NDcxLjIwMDA=,,VFY/paqpYKXHpaOlqj+lq6XhpekgPiCloqWvpbultaXqqWA/sr/GtyA+IKWrpeGl6T+l06XHpaqlq6Xhpek/ueLRp5lDxvfTw6Wipa+lu6W1peqpYCA+IKXHpbilv6Xrpaul4aXp08OloqWvpbultaXqqWAgPiCkvaTOy/s=,pbWl86XvpbWl16XppaQgpdWlo6XzpaypYKW5pcil6aXDpdcgpdSl86WvIERHLVNUMzdQW6W1pfOl76W1pdel6aWkIKWrpeGl6dPDpbmlyKXppcOl110=,pbWl86XvpbWl16XppaQvy7CSaTE5MDCD0tLUyc/LzcHPn2/Bzw==,PGJyPjxkaXYgY2xhc3M9InJldmlld0JuciI+PGRpdj48Zm9udCBzaXplID0gMz48c3BhbiBzdHlsZT0ibGluZS1oZWlnaHQ6MTMwJSI+pLOkwaTppM7JzMa3PC9zcGFuPtK7t6yBXKTqpa2l46XzpdqpYKXzjJ3P88nMxrejoaOhPGJyPjxzcGFuIHN0eWxlPSJsaW5lLWhlaWdodDoxMzAlIj6ks6TOyczGt6TOPHNwYW4+yczGt6XspdOl5algpPI8c3Ryb25nPjG3rKTLPC9zdHJvbmc+zba45aS3pMbtlKSkpL+3vTwvc3Bhbj6kyzwvc3Bhbj48YnI+IDxzdHJvbmc+MzAwg9JPRkalr6lgpd2l8zwvc3Ryb25nPqTypdel7KW8pfOlyKOhPGJyPjwvZGl2PjwvZGl2PqH5P6XspdOl5algzba45ZVypMult6XnpcOl16TY16LOxLesusWk8taqpOmku6TroaOkzqXBpaelw6WvpPLI66TspMakr6TApLWkpKGjPGJyPj/h4cjVpeGpYKXrpMukxqWvqWCl3aXzVVJMpPKkqsvNpOqkt6TepLmhozxhIGhyZWY9Imh0dHA6Ly93d3cucmFrdXRlbi5uZS5qcC9nb2xkL2tlbmtvY29tL2ZlYXR1cmVsaW5rL3Jldmlldy9pbmRleC5odG1sIj6h9qH11JSkt6SvpM+ks6TBpOmh9aH2PC9hPjxicj4/y/ukzre9pKzPyKTLzba45aS3pL+I9rrPpM+lr6lgpd2l899Ns8qkzoydz/PN4qTIpMqk6qTepLmkzqTHpLTXotLipK+kwKS1pKSho6XspdOl5algzba45aTPz8Kyv6TL05vdZKS3pMakpKTepLmhozxicj4/peyl06XlqWDNtrjlpKuk6be007Ok3qTHlXKy7qSspKKk66S/pOGhosnMxre7rcPmyc+kzqXspdOl5algvP7K/aTIjGfrSKTOzba45bz+yv2krK6QpMqk64j2us+krKSipOqk3qS5pM6kx9PopOGktMHLs9Ckr6TApLWkpKGjPGJyPjxicj48YnI+PHNtYWxsPqH5pdGlw6WxqWCluKXHpbalpKXztcikz9PouOakyqSvieS4/KS1pOyk66SzpMikrKSipOqk3qS5oaM8L3NtYWxsPjxicj48YnI+PHRhYmxlPjx0cj48dGQgd2lkdGg9IjEwMCUiPjxwIGNsYXNzPSJwZGVzYyI+PGRpdiBjbGFzcz0icGRlc2N0aXRsZSI+yczGt9Vow/c8L2Rpdj48ZGl2IGNsYXNzPSJwZGVzY2hvbmJ1biI+obiltaXzpe+ltaXXpemlpCCl1aWjpfOlrKlgpbmlyKXppcOl1yCl1KXzpa8gREctU1QzN1ChuaTPoaKlz6lgpcmk8oL7pMSksaTLpK+kpKGi3VikpJjk1qzL2LLEpM6l1aWjpfOlrKlgpbmlyKXppcOl16THpLmho9a4pPLNqKS3pMbC5M/Ct8DWuaTLoaOl1KXzpa+hozwvZGl2PjxkaXYgY2xhc3M9InBkZXNjdGl0bGUiPqS016LS4jwvZGl2PjxkaXYgY2xhc3M9InBkZXNjaG9uYnVuIj6h8aW5pcil6aXDpdekzs/Itsukz8ihpOrN4qS7pN6ku6TzoaM8YnI+ofGlq6Xhpemk5KW5pd6pYKXIpdWlqaXzpMqkyaTypMSksaS/pN6k3qGi1fGk6rvYpLekv6Tqj4qkr9L9pMOPiKTDpL+k6qS3pMqkpKTHpK+kwKS1pKSho8fQpOykv6TqzeKk7KS/pOqkuaTrpLOkyKSspKKk6qTepLmhozwvZGl2PjxkaXYgY2xhc3M9InBkZXNjdGl0bGUiPtF1xrfKy5iUPC9kaXY+PGRpdiBjbGFzcz0icGRlc2Nob25idW4iPqHxpaul6algo7ql1KXzpa88YnI+ofGltaWkpbo8YnI+yKvpTC+8czEwNW1tPGJyPsvJyH68fi+8czYybW08YnI+pdWlo6XzpaypYKXqpfOlsLK/t9YvVzMxocFENqHBSDQzbW08YnI+peql86Wwsr+31sTavrYvvHMyM21tPGJyPqHxxM26ydbYo7o1MDBnPGJyPqHxssTZfKO6UE9NKKXdpeqloqW7pb+pYKXrKaGiUEMopd2l6qWrqWCl3KXNqWClyCmhoqXKpaSl7aXzKMvJyH68frK/t9YpPC9kaXY+PC9wPjwvdGQ+PC90cj48L3RhYmxlPjxicj6l1qXppfOlyaO6pbWl86XvpbWl16XppaQ8YnI+pbGl86WzqWCls6XgVE9Qo7680uuKo7654tGnmUPG96O+paul4aXpP6XTpcelqqWrpeGl6aO+paul4aXp08OluaXIpemlw6XXo76ltaXzpe+ltaXXpemlpCCl1aWjpfOlrKlgpbmlyKXppcOl1yCl1KXzpa8gREctU1QzN1A8YnI+0XXU7NicidPUqqO6pbWl86XvpbWl16XppaQ8YnI+PGJyPjxicj48YnI+PGJyPjxicj5KQU6ls6lgpcmjuqGhNDk2OTg4Nzg4MjI1Mjxicj48YnI+PHRhYmxlIHdpZHRoPSIxMDAlIiBib3JkZXI9MCBjZWxsc3BhY2luZz0wIGNlbGxwYWRkaW5nPTU+PHRyPjx0ZD48cCBjbGFzcz0ic2VpZGVzYyI+PC9wPjwvdGQ+PHRyPjx0ZD48L3RkPjwvdHI+PC90YWJsZT48YnI+PGJyPjxicj6O2rjmzsTYn6O6pbGl86WzqWCls6Xg1urKvbvhyec8YnI+VEVMo7owNTAtNTU3Ny01MDQyPGJyPjxicj5bpbWl86XvpbWl16XppaRdPGJyPrni0aeZQ8b3L6WrpeGl6T+l06XHpaqlq6Xhpekvpaul4aXp08OluaXIpemlw6XXPGJyPjxicj6lxqXspdO9Qr3po7oKCqXIpd6lyKW4peWpYKW5IC8gCqXepaulx6XfpaKlyqXDpcSlqqWkpesgLyAK64qE06XWpeylw6XJpaulw6W/qWAgLyAKpeulpKXcpbmlxqWjqWAgLyAKpOqk86S09aEgLyAKtqi3rMnMxrcgLyAKPGJyPjxicj4KCjxkaXYgc3R5bGU9Im1hcmdpbi1ib3R0b206MTBweDsiPgoKPGltZyBzcmM9Imh0dHBzOi8vaW1hZ2UucmFrdXRlbi5jby5qcC9yYWt1dGVuMjQvY2FiaW5ldC9jb3Vwb24vYm5yXzEwMF83MDBfNjAuanBnIiBhbHQ9IrP1pOGkxqTOt73P3raoMTAwg9JPRkajoSIgd2lkdGg9IjcwMCIgaGVpZ2h0PSI2MCIgCgpib3JkZXI9IjAiPgo8L2Rpdj4KCgo8IS0tZGl2IHN0eWxlPSJtYXJnaW4tYm90dG9tOjEwcHg7Ij4KCjxpbWcgc3JjPSJodHRwOi8vaW1hZ2UucmFrdXRlbi5jby5qcC9yYWt1dGVuMjQvY2FiaW5ldC9jb3Vwb24vYm5yXzcwMF82MF80LmpwZyIgYWx0PSI0LDAwMIPS0tTJz9mPyOukxzEwJU9GRqOhIiB3aWR0aD0iNzAwIiAKCmhlaWdodD0iNjAiIGJvcmRlcj0iMCI+CjwvZGl2LS0+CgoKPGRpdiBzdHlsZT0ibWFyZ2luLWJvdHRvbToxMHB4OyI+Cgo8aW1nIHNyYz0iaHR0cDovL2ltYWdlLnJha3V0ZW4uY28uanAva2Vua29jb20vY2FiaW5ldC9ibnJfNzAwXzYwXzUwMDAuanBnIiBhbHQ9IjUsMDAwg9LS1MnP2Y/I66THMTAlT0ZGo6EiIHdpZHRoPSI3MDAiIGhlaWdodD0iNjAiIAoKYm9yZGVyPSIwIj4KPC9kaXY+CgoKPCEtLWRpdiBzdHlsZT0ibWFyZ2luLWJvdHRvbToxMHB4OyI+Cgo8aW1nIHNyYz0iaHR0cDovL2ltYWdlLnJha3V0ZW4uY28uanAva2Vua29jb20vY2FiaW5ldC9ibnJfNzAwXzYwXzEyLmpwZyIgYWx0PSIxMCwwMDCD0tLUyc/Zj8jrpMcxMiVPRkajoSIgd2lkdGg9IjcwMCIgaGVpZ2h0PSI2MCIgCgpib3JkZXI9IjAiPgo8L2Rpdi0tPgoKCgoKPCEtLWRpdiBzdHlsZT0ibWFyZ2luLWJvdHRvbToxMHB4OyI+Cgo8aW1nIHNyYz0iaHR0cDovL2ltYWdlLnJha3V0ZW4uY28uanAvcmFrdXRlbjI0L2NhYmluZXQvY2FtcGFpZ24vYXN1cmFrdS9ibnJfNzAwXzYwLmpwZyIgYWx0PSKkoqS5mFPJzMa3pd2lpKXzpcgzsbajoSIgd2lkdGg9IjcwMCIgCgpoZWlnaHQ9IjYwIiBib3JkZXI9IjAiPgo8L2Rpdi0tPgoKPGRpdiBzdHlsZT0ibWFyZ2luLWJvdHRvbToxMHB4OyI+Cgo8aW1nIHNyYz0iaHR0cHM6Ly9pbWFnZS5yYWt1dGVuLmNvLmpwL3Jha3V0ZW4yNC9jYWJpbmV0L3NwZWNpYWwvMjAxNl9lY2FtcGFpZ24uanBnIiBhbHQ9IqWkqWClsKXrpbmhoaX0paOlw6W7peuE2aTDpL+k6VAysbYiICAKCndpZHRoPSI0NjgiIGhlaWdodD0iNjAiIGJvcmRlcj0iMCI+CjwvZGl2PgoKPCEtLWRpdiBzdHlsZT0ibWFyZ2luLWJvdHRvbToxMHB4OyI+Cjx0YWJsZT4KPHRkPgo8aW1nIHNyYz0iaHR0cDovL2ltYWdlLnJha3V0ZW4uY28uanAva2Vua29jb20vY2FiaW5ldC9zcGVjaWFsL3g1MjAxNjFoLmpwZyIgYWx0PSKl1aXrpbCl6SIgd2lkdGg9IjE4MCIgaGVpZ2h0PSIxODAiIGJvcmRlcj0iMCI+PC90ZD4KCjx0ZD4KPGltZyBzcmM9Imh0dHA6Ly9pbWFnZS5yYWt1dGVuLmNvLmpwL2tlbmtvY29tL2NhYmluZXQvc3BlY2lhbC9lMTE0Njc3aC5qcGciIGFsdD0ipa+l6qW5pb+l66WspaSltqlgIiB3aWR0aD0iMTgwIiBoZWlnaHQ9IjE4MCIgCgpib3JkZXI9IjAiPjwvdGQ+Cgo8dGQ+CjxpbWcgc3JjPSJodHRwOi8vaW1hZ2UucmFrdXRlbi5jby5qcC9rZW5rb2NvbS9jYWJpbmV0L3NwZWNpYWwvZTExMDg1M2guanBnIiBhbHQ9IqXPpe2pYCClxqWjpcOlt6XlIiB3aWR0aD0iMTgwIiBoZWlnaHQ9IjE4MCIgCgpib3JkZXI9IjAiPjwvdGQ+Cgo8dGQ+CjxpbWcgc3JjPSJodHRwOi8vaW1hZ2UucmFrdXRlbi5jby5qcC9rZW5rb2NvbS9jYWJpbmV0L3NwZWNpYWwvZTM3MjA4MmguanBnIiBhbHQ9IqWipb+lw6WvTkVPIiB3aWR0aD0iMTgwIiBoZWlnaHQ9IjE4MCIgCgpib3JkZXI9IjAiPjwvdGQ+Cgo8L3RhYmxlPgo8L2Rpdi0tPgoKCgoKCgo8IS0tZGl2IHN0eWxlPSJtYXJnaW4tYm90dG9tOjEwcHg7Ij4KCjxpbWcgc3JjPSJodHRwOi8vaW1hZ2UucmFrdXRlbi5jby5qcC9yYWt1dGVuMjQvY2FiaW5ldC9jb3Vwb24vYm5yXzcwMF82MF8xMDAwMC5qcGciIGFsdD0iMTAsMDAwg9LS1MnP2Y/I66THMTUlT0ZGo6EiIHdpZHRoPSI3MDAiIAoKaGVpZ2h0PSI2MCIgYm9yZGVyPSIwIj4KPC9kaXYtLT4KCgo8IS0tZGl2IHN0eWxlPSJtYXJnaW4tYm90dG9tOjEwcHg7Ij4KCjxpbWcgc3JjPSJodHRwOi8vaW1hZ2UucmFrdXRlbi5jby5qcC9yYWt1dGVuMjQvY2FiaW5ldC9jYW1wYWlnbi9wb2ludHVwL2hvdXNlaG9sZC9ibnJfcHQ0X3R1ZV83MDBfOTAuZ2lmIiBhbHQ9IsiryczGt6XdpaSl86XI1+608zSxtqOhIiAKCndpZHRoPSI0NjgiIGhlaWdodD0iNjAiIGJvcmRlcj0iMCI+CjwvZGl2LS0+CgoKCgo8IS0tZGl2IHN0eWxlPSJtYXJnaW4tYm90dG9tOjEwcHg7Ij4KCjxpbWcgc3JjPSJodHRwOi8vaW1hZ2UucmFrdXRlbi5jby5qcC9rZW5rb2NvbS9jYWJpbmV0L2ltZy8yMDE2X2VjYW1wYWlnbi5qcGciIGFsdD0iyKvJzMa3pd2lpKXzpcgysbajoSIgd2lkdGg9IjQ2OCIgaGVpZ2h0PSI2MCIgCgpib3JkZXI9IjAiPgo8L2Rpdi0tPgoKPCEtLWRpdiBzdHlsZT0ibWFyZ2luLWJvdHRvbToxMHB4OyI+Cgo8aW1nIHNyYz0iaHR0cDovL2ltYWdlLnJha3V0ZW4uY28uanAva2Vua29jb20vY2FiaW5ldC9pbWcvMjAxNl92Y2FtcGFpZ24uanBnIiBhbHQ9IqX0paOlw6W7pevJ8ZH1hNnA+9ObxO6l3aWkpfOlyDKxtqOhIiB3aWR0aD0iNDY4IiAKCmhlaWdodD0iNjAiIGJvcmRlcj0iMCI+CjwvZGl2LS0+CgoKPCEtLWRpdiBzdHlsZT0ibWFyZ2luLWJvdHRvbToxMHB4OyI+Cgo8aW1nIHNyYz0iaHR0cDovL2ltYWdlLnJha3V0ZW4uY28uanAva2Vua29jb20vY2FiaW5ldC9pbWcvMjAxNl9ldmNhbXBhaWduLmpwZyIgYWx0PSKYU8zspaSpYKWwpeujpqX0paOlw6W7pevJ8ZH1hNnA+9ObxO6l3aWkpfOlyDOxtqOhIiAKCndpZHRoPSI0NjgiIGhlaWdodD0iNjAiIGJvcmRlcj0iMCI+CjwvZGl2LS0+,pbWl86XvpbWl16XppaQgpdWlo6XzpaypYKW5pcil6aXDpdcgpdSl86WvIERHLVNUMzdQW6W1pfOl76W1pdel6aWkIKWrpeGl6dPDpbmlyKXppcOl112juqWxpfOls6lgpbOl4A==,pbGl86WzqWCls6XgpbGl86WzqWCls6Xg1qe16qWvpeqluaW/peulrKWkpbapYKXfpc2l6aXrpaalqalgpb+pYKXqpaKlw6XXpeqloqXDpdd4NaXApaaly6lgpbOl86XJqWCl4KXapeqlqKW1qWCl4qW5pbOl86XIpeylw6WvpbnI1Z+GpLHWuaThpbOls6XKpcOlxKWqpaSl66SopLSk3qSzpOHTzaW1pfOl2qXspbCl6qXOycjvTJlDpa+l6qW5pb+l66WspaSltqlgIDUwMG1sIDQ4sb6+dqTOxKfFrrjKvsaltaXzpe+ltaXXpemlpCCl1aWjpfOlrKlgpbmlyKXppcOl1yCl1KXzpa8gREctU1QzN1BbpbWl86XvpbWl16XppaQgpaul4aXp08OluaXIpemlw6XXXQ==,pbWl86XvpbWl16XppaQvy7CSaTE5MDCD0tLUyc/LzcHPn2/Bz6GjpbWl86XvpbWl16XppaQgpdWlo6XzpaypYKW5pcil6aXDpdcgpdSl86WvIERHLVNUMzdQW6W1pfOl76W1pdel6aWkIKWrpeGl6dPDpbmlyKXppcOl110=[rn]
33-14390,aHR0cDovL3RzaG9wLnIxMHMuanAva2Vua29jb20vY2FiaW5ldC9lNDcyMi9lNDcyMjk2aF9sLmpwZz9maXRpbj03MDA6NzAw,NzU5LjIwMDA=,,VFY/paqpYKXHpaOlqj+lq6XhpekgPiCloqWvpbultaXqqWA/sr/GtyA+IKWrpeGl6T+l06XHpaqlq6Xhpek/ueLRp5lDxvfTw6Wipa+lu6W1peqpYCA+IKXHpbilv6Xrpaul4aXp08OloqWvpbultaXqqWAgPiCkvaTOy/s=,pbWl86XvpbWl16XppaQgpc2lw6WvpbmlyKXppcOl1yAxMG1tt/kgpeylw6XJIERHLVNUMTZSW6W1pfOl76W1pdel6aWkIKWrpeGl6dPDpbmlyKXppcOl110=,pbWl86XvpbWl16XppaQvy7CSaTE5MDCD0tLUyc/LzcHPn2/Bzw==,PGJyPjxkaXYgY2xhc3M9InJldmlld0JuciI+PGRpdj48Zm9udCBzaXplID0gMz48c3BhbiBzdHlsZT0ibGluZS1oZWlnaHQ6MTMwJSI+pLOkwaTppM7JzMa3PC9zcGFuPtK7t6yBXKTqpa2l46XzpdqpYKXzjJ3P88nMxrejoaOhPGJyPjxzcGFuIHN0eWxlPSJsaW5lLWhlaWdodDoxMzAlIj6ks6TOyczGt6TOPHNwYW4+yczGt6XspdOl5algpPI8c3Ryb25nPjG3rKTLPC9zdHJvbmc+zba45aS3pMbtlKSkpL+3vTwvc3Bhbj6kyzwvc3Bhbj48YnI+IDxzdHJvbmc+MzAwg9JPRkalr6lgpd2l8zwvc3Ryb25nPqTypdel7KW8pfOlyKOhPGJyPjwvZGl2PjwvZGl2PqH5P6XspdOl5algzba45ZVypMult6XnpcOl16TY16LOxLesusWk8taqpOmku6TroaOkzqXBpaelw6WvpPLI66TspMakr6TApLWkpKGjPGJyPj/h4cjVpeGpYKXrpMukxqWvqWCl3aXzVVJMpPKkqsvNpOqkt6TepLmhozxhIGhyZWY9Imh0dHA6Ly93d3cucmFrdXRlbi5uZS5qcC9nb2xkL2tlbmtvY29tL2ZlYXR1cmVsaW5rL3Jldmlldy9pbmRleC5odG1sIj6h9qH11JSkt6SvpM+ks6TBpOmh9aH2PC9hPjxicj4/y/ukzre9pKzPyKTLzba45aS3pL+I9rrPpM+lr6lgpd2l899Ns8qkzoydz/PN4qTIpMqk6qTepLmkzqTHpLTXotLipK+kwKS1pKSho6XspdOl5algzba45aTPz8Kyv6TL05vdZKS3pMakpKTepLmhozxicj4/peyl06XlqWDNtrjlpKuk6be007Ok3qTHlXKy7qSspKKk66S/pOGhosnMxre7rcPmyc+kzqXspdOl5algvP7K/aTIjGfrSKTOzba45bz+yv2krK6QpMqk64j2us+krKSipOqk3qS5pM6kx9PopOGktMHLs9Ckr6TApLWkpKGjPGJyPjxicj48YnI+PHNtYWxsPqH5pdGlw6WxqWCluKXHpbalpKXztcikz9PouOakyqSvieS4/KS1pOyk66SzpMikrKSipOqk3qS5oaM8L3NtYWxsPjxicj48YnI+PHRhYmxlPjx0cj48dGQgd2lkdGg9IjEwMCUiPjxwIGNsYXNzPSJwZGVzYyI+PGRpdiBjbGFzcz0icGRlc2N0aXRsZSI+yczGt9Vow/c8L2Rpdj48ZGl2IGNsYXNzPSJwZGVzY2hvbmJ1biI+obiltaXzpe+ltaXXpemlpCClzaXDpa+luaXIpemlw6XXIDEwbW23+SCl7KXDpckgREctU1QxNlKhuaTPoaK8obSlpOqkzsG8pKTL2LLEpPLKudPDpLekv6W5pd6l2z+lx6W4pb+l66WrpeGl6dPDpc2lw6WvpbmlyKXppcOl16THpLmhozEwbW23+aGjpeylw6XJoaM8L2Rpdj48ZGl2IGNsYXNzPSJwZGVzY3RpdGxlIj6ktNei0uI8L2Rpdj48ZGl2IGNsYXNzPSJwZGVzY2hvbmJ1biI+ofGlv6XWpeylw6XIoaKl36XpqWCl7KW50rvR26WrpeGl6aTLpM/KudPDpMekraTepLuk86GjPGJyPqHxsb7Rdca3pPLK16TLpKuksaS/pMikraGipe2ltKSs1f3D5qTyz/Kkr6TopKaky6W5pcil6aXDpdek8tK7u9ik0qTNpMOkxqSkpN6kuaGjPC9kaXY+PGRpdiBjbGFzcz0icGRlc2N0aXRsZSI+0XXGt8rLmJQ8L2Rpdj48ZGl2IGNsYXNzPSJwZGVzY2hvbmJ1biI+ofGlq6XpqWCjuqXspcOlyTxicj6h8aW1paSlujxicj7Iq+lMLzU2MG1tPGJyPrf5LzEwbW08YnI+ofHW2MG/o7oxNmc8YnI+ofGyxNl8o7ql3aXqpailuaXGpes8YnI+ofHEzbrJ1tijujFrZzwvZGl2PjwvcD48L3RkPjwvdHI+PC90YWJsZT48YnI+pdal6aXzpcmjuqW1pfOl76W1pdel6aWkPGJyPqWxpfOls6lgpbOl4FRPUKO+vNLriqO+ueLRp5lDxvejvqWrpeGl6T+l06XHpaqlq6XhpemjvqWrpeGl6dPDpbmlyKXppcOl16O+pbWl86XvpbWl16XppaQgpc2lw6WvpbmlyKXppcOl1yAxMG1tt/kgpeylw6XJIERHLVNUMTZSPGJyPtF11OzYnInT1KqjuqW1pfOl76W1pdel6aWkPGJyPjxicj48YnI+PGJyPjxicj48YnI+SkFOpbOpYKXJo7qhoTQ5Njk4ODczNTM0OTM8YnI+PGJyPjx0YWJsZSB3aWR0aD0iMTAwJSIgYm9yZGVyPTAgY2VsbHNwYWNpbmc9MCBjZWxscGFkZGluZz01Pjx0cj48dGQ+PHAgY2xhc3M9InNlaWRlc2MiPjwvcD48L3RkPjx0cj48dGQ+PC90ZD48L3RyPjwvdGFibGU+PGJyPjxicj48YnI+jtq45s7E2J+juqWxpfOls6lgpbOl4Nbqyr274cnnPGJyPlRFTKO6MDUwLTU1NzctNTA0Mjxicj48YnI+W6W1pfOl76W1pdel6aWkXTxicj654tGnmUPG9y+lq6Xhpek/pdOlx6Wqpaul4aXpL6WrpeGl6dPDpbmlyKXppcOl1zxicj48YnI+pcal7KXTvUK96aO6CgqlyKXepciluKXlqWCluSAvIAql3qWrpcel36Wipcqlw6XEpaqlpKXrIC8gCuuKhNOl1qXspcOlyaWrpcOlv6lgIC8gCqXrpaSl3KW5pcalo6lgIC8gCqTqpPOktPWhIC8gCraot6zJzMa3IC8gCjxicj48YnI+Cgo8ZGl2IHN0eWxlPSJtYXJnaW4tYm90dG9tOjEwcHg7Ij4KCjxpbWcgc3JjPSJodHRwczovL2ltYWdlLnJha3V0ZW4uY28uanAvcmFrdXRlbjI0L2NhYmluZXQvY291cG9uL2Jucl8xMDBfNzAwXzYwLmpwZyIgYWx0PSKz9aThpMakzre9z962qDEwMIPST0ZGo6EiIHdpZHRoPSI3MDAiIGhlaWdodD0iNjAiIAoKYm9yZGVyPSIwIj4KPC9kaXY+CgoKPCEtLWRpdiBzdHlsZT0ibWFyZ2luLWJvdHRvbToxMHB4OyI+Cgo8aW1nIHNyYz0iaHR0cDovL2ltYWdlLnJha3V0ZW4uY28uanAvcmFrdXRlbjI0L2NhYmluZXQvY291cG9uL2Jucl83MDBfNjBfNC5qcGciIGFsdD0iNCwwMDCD0tLUyc/Zj8jrpMcxMCVPRkajoSIgd2lkdGg9IjcwMCIgCgpoZWlnaHQ9IjYwIiBib3JkZXI9IjAiPgo8L2Rpdi0tPgoKCjxkaXYgc3R5bGU9Im1hcmdpbi1ib3R0b206MTBweDsiPgoKPGltZyBzcmM9Imh0dHA6Ly9pbWFnZS5yYWt1dGVuLmNvLmpwL2tlbmtvY29tL2NhYmluZXQvYm5yXzcwMF82MF81MDAwLmpwZyIgYWx0PSI1LDAwMIPS0tTJz9mPyOukxzEwJU9GRqOhIiB3aWR0aD0iNzAwIiBoZWlnaHQ9IjYwIiAKCmJvcmRlcj0iMCI+CjwvZGl2PgoKCjwhLS1kaXYgc3R5bGU9Im1hcmdpbi1ib3R0b206MTBweDsiPgoKPGltZyBzcmM9Imh0dHA6Ly9pbWFnZS5yYWt1dGVuLmNvLmpwL2tlbmtvY29tL2NhYmluZXQvYm5yXzcwMF82MF8xMi5qcGciIGFsdD0iMTAsMDAwg9LS1MnP2Y/I66THMTIlT0ZGo6EiIHdpZHRoPSI3MDAiIGhlaWdodD0iNjAiIAoKYm9yZGVyPSIwIj4KPC9kaXYtLT4KCgoKCjwhLS1kaXYgc3R5bGU9Im1hcmdpbi1ib3R0b206MTBweDsiPgoKPGltZyBzcmM9Imh0dHA6Ly9pbWFnZS5yYWt1dGVuLmNvLmpwL3Jha3V0ZW4yNC9jYWJpbmV0L2NhbXBhaWduL2FzdXJha3UvYm5yXzcwMF82MC5qcGciIGFsdD0ipKKkuZhTyczGt6XdpaSl86XIM7G2o6EiIHdpZHRoPSI3MDAiIAoKaGVpZ2h0PSI2MCIgYm9yZGVyPSIwIj4KPC9kaXYtLT4KCjxkaXYgc3R5bGU9Im1hcmdpbi1ib3R0b206MTBweDsiPgoKPGltZyBzcmM9Imh0dHBzOi8vaW1hZ2UucmFrdXRlbi5jby5qcC9yYWt1dGVuMjQvY2FiaW5ldC9zcGVjaWFsLzIwMTZfZWNhbXBhaWduLmpwZyIgYWx0PSKlpKlgpbCl66W5oaGl9KWjpcOlu6XrhNmkw6S/pOlQMrG2IiAgCgp3aWR0aD0iNDY4IiBoZWlnaHQ9IjYwIiBib3JkZXI9IjAiPgo8L2Rpdj4KCjwhLS1kaXYgc3R5bGU9Im1hcmdpbi1ib3R0b206MTBweDsiPgo8dGFibGU+Cjx0ZD4KPGltZyBzcmM9Imh0dHA6Ly9pbWFnZS5yYWt1dGVuLmNvLmpwL2tlbmtvY29tL2NhYmluZXQvc3BlY2lhbC94NTIwMTYxaC5qcGciIGFsdD0ipdWl66WwpekiIHdpZHRoPSIxODAiIGhlaWdodD0iMTgwIiBib3JkZXI9IjAiPjwvdGQ+Cgo8dGQ+CjxpbWcgc3JjPSJodHRwOi8vaW1hZ2UucmFrdXRlbi5jby5qcC9rZW5rb2NvbS9jYWJpbmV0L3NwZWNpYWwvZTExNDY3N2guanBnIiBhbHQ9IqWvpeqluaW/peulrKWkpbapYCIgd2lkdGg9IjE4MCIgaGVpZ2h0PSIxODAiIAoKYm9yZGVyPSIwIj48L3RkPgoKPHRkPgo8aW1nIHNyYz0iaHR0cDovL2ltYWdlLnJha3V0ZW4uY28uanAva2Vua29jb20vY2FiaW5ldC9zcGVjaWFsL2UxMTA4NTNoLmpwZyIgYWx0PSKlz6XtqWAgpcalo6XDpbel5SIgd2lkdGg9IjE4MCIgaGVpZ2h0PSIxODAiIAoKYm9yZGVyPSIwIj48L3RkPgoKPHRkPgo8aW1nIHNyYz0iaHR0cDovL2ltYWdlLnJha3V0ZW4uY28uanAva2Vua29jb20vY2FiaW5ldC9zcGVjaWFsL2UzNzIwODJoLmpwZyIgYWx0PSKloqW/pcOlr05FTyIgd2lkdGg9IjE4MCIgaGVpZ2h0PSIxODAiIAoKYm9yZGVyPSIwIj48L3RkPgoKPC90YWJsZT4KPC9kaXYtLT4KCgoKCgoKPCEtLWRpdiBzdHlsZT0ibWFyZ2luLWJvdHRvbToxMHB4OyI+Cgo8aW1nIHNyYz0iaHR0cDovL2ltYWdlLnJha3V0ZW4uY28uanAvcmFrdXRlbjI0L2NhYmluZXQvY291cG9uL2Jucl83MDBfNjBfMTAwMDAuanBnIiBhbHQ9IjEwLDAwMIPS0tTJz9mPyOukxzE1JU9GRqOhIiB3aWR0aD0iNzAwIiAKCmhlaWdodD0iNjAiIGJvcmRlcj0iMCI+CjwvZGl2LS0+CgoKPCEtLWRpdiBzdHlsZT0ibWFyZ2luLWJvdHRvbToxMHB4OyI+Cgo8aW1nIHNyYz0iaHR0cDovL2ltYWdlLnJha3V0ZW4uY28uanAvcmFrdXRlbjI0L2NhYmluZXQvY2FtcGFpZ24vcG9pbnR1cC9ob3VzZWhvbGQvYm5yX3B0NF90dWVfNzAwXzkwLmdpZiIgYWx0PSLIq8nMxrel3aWkpfOlyNfutPM0sbajoSIgCgp3aWR0aD0iNDY4IiBoZWlnaHQ9IjYwIiBib3JkZXI9IjAiPgo8L2Rpdi0tPgoKCgoKPCEtLWRpdiBzdHlsZT0ibWFyZ2luLWJvdHRvbToxMHB4OyI+Cgo8aW1nIHNyYz0iaHR0cDovL2ltYWdlLnJha3V0ZW4uY28uanAva2Vua29jb20vY2FiaW5ldC9pbWcvMjAxNl9lY2FtcGFpZ24uanBnIiBhbHQ9IsiryczGt6XdpaSl86XIMrG2o6EiIHdpZHRoPSI0NjgiIGhlaWdodD0iNjAiIAoKYm9yZGVyPSIwIj4KPC9kaXYtLT4KCjwhLS1kaXYgc3R5bGU9Im1hcmdpbi1ib3R0b206MTBweDsiPgoKPGltZyBzcmM9Imh0dHA6Ly9pbWFnZS5yYWt1dGVuLmNvLmpwL2tlbmtvY29tL2NhYmluZXQvaW1nLzIwMTZfdmNhbXBhaWduLmpwZyIgYWx0PSKl9KWjpcOlu6XryfGR9YTZwPvTm8Tupd2lpKXzpcgysbajoSIgd2lkdGg9IjQ2OCIgCgpoZWlnaHQ9IjYwIiBib3JkZXI9IjAiPgo8L2Rpdi0tPgoKCjwhLS1kaXYgc3R5bGU9Im1hcmdpbi1ib3R0b206MTBweDsiPgoKPGltZyBzcmM9Imh0dHA6Ly9pbWFnZS5yYWt1dGVuLmNvLmpwL2tlbmtvY29tL2NhYmluZXQvaW1nLzIwMTZfZXZjYW1wYWlnbi5qcGciIGFsdD0imFPM7KWkqWClsKXro6al9KWjpcOlu6XryfGR9YTZwPvTm8Tupd2lpKXzpcgzsbajoSIgCgp3aWR0aD0iNDY4IiBoZWlnaHQ9IjYwIiBib3JkZXI9IjAiPgo8L2Rpdi0tPg==,pbWl86XvpbWl16XppaQgpc2lw6WvpbmlyKXppcOl1yAxMG1tt/kgpeylw6XJIERHLVNUMTZSW6W1pfOl76W1pdel6aWkIKWrpeGl6dPDpbmlyKXppcOl112juqWxpfOls6lgpbOl4A==,pbGl86WzqWCls6XgpbGl86WzqWCls6Xg1qe16qWvpeqluaW/peulrKWkpbapYKXfpc2l6aXrpaalqalgpb+pYKXqpaKlw6XXpeqloqXDpdd4NaXApaaly6lgpbOl86XJqWCl4KXapeqlqKW1qWCl4qW5pbOl86XIpeylw6WvpbnI1Z+GpLHWuaThpbOls6XKpcOlxKWqpaSl66SopLSk3qSzpOHTzaW1pfOl2qXspbCl6qXOycjvTJlDpa+l6qW5pb+l66WspaSltqlgIDUwMG1sIDQ4sb6+dqTOxKfFrrjKvsaltaXzpe+ltaXXpemlpCClzaXDpa+luaXIpemlw6XXIDEwbW23+SCl7KXDpckgREctU1QxNlJbpbWl86XvpbWl16XppaQgpaul4aXp08OluaXIpemlw6XXXQ==,pbWl86XvpbWl16XppaQvy7CSaTE5MDCD0tLUyc/LzcHPn2/Bz6GjpbWl86XvpbWl16XppaQgpc2lw6WvpbmlyKXppcOl1yAxMG1tt/kgpeylw6XJIERHLVNUMTZSW6W1pfOl76W1pdel6aWkIKWrpeGl6dPDpbmlyKXppcOl110=[rn]
33-14391,aHR0cDovL3RzaG9wLnIxMHMuanAva2Vua29jb20vY2FiaW5ldC9lNDcyMi9lNDcyMjg5aF9sLmpwZz9maXRpbj03MDA6NzAw,ODI4LjAwMDA=,,VFY/paqpYKXHpaOlqj+lq6XhpekgPiCloqWvpbultaXqqWA/sr/GtyA+IKWrpeGl6T+l06XHpaqlq6Xhpek/ueLRp5lDxvfTw6Wipa+lu6W1peqpYCA+IKXHpbilv6Xrpaul4aXp08OloqWvpbultaXqqWAgPiCkvaTOy/s=,pbWl86XvpbWl16XppaQgpc2lw6WvpbmlyKXppcOl1yClyKXqpdel66WzqWClySCl1qXppcOlryBERy1TVDE0QktbpbWl86XvpbWl16XppaQgpaul4aXp08OluaXIpemlw6XXXQ==,pbWl86XvpbWl16XppaQvy7CSaTE5MDCD0tLUyc/LzcHPn2/Bzw==,PGJyPjxkaXYgY2xhc3M9InJldmlld0JuciI+PGRpdj48Zm9udCBzaXplID0gMz48c3BhbiBzdHlsZT0ibGluZS1oZWlnaHQ6MTMwJSI+pLOkwaTppM7JzMa3PC9zcGFuPtK7t6yBXKTqpa2l46XzpdqpYKXzjJ3P88nMxrejoaOhPGJyPjxzcGFuIHN0eWxlPSJsaW5lLWhlaWdodDoxMzAlIj6ks6TOyczGt6TOPHNwYW4+yczGt6XspdOl5algpPI8c3Ryb25nPjG3rKTLPC9zdHJvbmc+zba45aS3pMbtlKSkpL+3vTwvc3Bhbj6kyzwvc3Bhbj48YnI+IDxzdHJvbmc+MzAwg9JPRkalr6lgpd2l8zwvc3Ryb25nPqTypdel7KW8pfOlyKOhPGJyPjwvZGl2PjwvZGl2PqH5P6XspdOl5algzba45ZVypMult6XnpcOl16TY16LOxLesusWk8taqpOmku6TroaOkzqXBpaelw6WvpPLI66TspMakr6TApLWkpKGjPGJyPj/h4cjVpeGpYKXrpMukxqWvqWCl3aXzVVJMpPKkqsvNpOqkt6TepLmhozxhIGhyZWY9Imh0dHA6Ly93d3cucmFrdXRlbi5uZS5qcC9nb2xkL2tlbmtvY29tL2ZlYXR1cmVsaW5rL3Jldmlldy9pbmRleC5odG1sIj6h9qH11JSkt6SvpM+ks6TBpOmh9aH2PC9hPjxicj4/y/ukzre9pKzPyKTLzba45aS3pL+I9rrPpM+lr6lgpd2l899Ns8qkzoydz/PN4qTIpMqk6qTepLmkzqTHpLTXotLipK+kwKS1pKSho6XspdOl5algzba45aTPz8Kyv6TL05vdZKS3pMakpKTepLmhozxicj4/peyl06XlqWDNtrjlpKuk6be007Ok3qTHlXKy7qSspKKk66S/pOGhosnMxre7rcPmyc+kzqXspdOl5algvP7K/aTIjGfrSKTOzba45bz+yv2krK6QpMqk64j2us+krKSipOqk3qS5pM6kx9PopOGktMHLs9Ckr6TApLWkpKGjPGJyPjxicj48YnI+PHNtYWxsPqH5pdGlw6WxqWCluKXHpbalpKXztcikz9PouOakyqSvieS4/KS1pOyk66SzpMikrKSipOqk3qS5oaM8L3NtYWxsPjxicj48YnI+PHRhYmxlPjx0cj48dGQgd2lkdGg9IjEwMCUiPjxwIGNsYXNzPSJwZGVzYyI+PGRpdiBjbGFzcz0icGRlc2N0aXRsZSI+yczGt9Vow/c8L2Rpdj48ZGl2IGNsYXNzPSJwZGVzY2hvbmJ1biI+obiltaXzpe+ltaXXpemlpCClzaXDpa+luaXIpemlw6XXIKXIpeql16XrpbOpYKXJIKXWpemlw6WvIERHLVNUMTRCS6G5pM+hoqSqyPfC5KTHpaul6aXVpeukyqXHpbilq6XhP9CvjqHritSS08OlzaXDpa+luaXIpemlw6XXpMekuaGjs8yk6KSkt/mkx8rXpMvYk7WjpPKkq6SxpMukr6Skpcil6qXXpeuls6lgpcmlv6Wkpdeho6XWpemlw6WvoaM8L2Rpdj48ZGl2IGNsYXNzPSJwZGVzY3RpdGxlIj6ktNei0uI8L2Rpdj48ZGl2IGNsYXNzPSJwZGVzY2hvbmJ1biI+pa+l6qlgpcul86WwpdGlw6XJpOS7rcPmpMvTsqSkpbSl36TKpMmkrKTEpKSkv9e0kUKkx8rDpK+kyKGiu63D5rHtw+ak8oL7pMSksaTrv9ak7KSspKKk6qTepLmho6SipOmkq6S4pOHIoaTqs/2kpKTGpKuk6aS0yrnTw6SvpMCktaSkoaM8L2Rpdj48ZGl2IGNsYXNzPSJwZGVzY3RpdGxlIj7Rdca3ysuYlDwvZGl2PjxkaXYgY2xhc3M9InBkZXNjaG9uYnVuIj6h8aWrpempYKO6pdal6aXDpa88YnI+ofGyxNl8o7ql3aXqpailuaXGpesgPGJyPqHxpbWlpKW6o7rIq+lMvHM1NGNtoaK3+bxzOW1tPGJyPqHxxM26ydbYo7oxa2c8YnI+ofG4tsr0xrejuqWvpeqpYKXKqWChoqXVpcOlrzwvZGl2PjwvcD48L3RkPjwvdHI+PC90YWJsZT48YnI+pdal6aXzpcmjuqW1pfOl76W1pdel6aWkPGJyPqWxpfOls6lgpbOl4FRPUKO+vNLriqO+ueLRp5lDxvejvqWrpeGl6T+l06XHpaqlq6XhpemjvqWrpeGl6dPDpbmlyKXppcOl16O+pbWl86XvpbWl16XppaQgpc2lw6WvpbmlyKXppcOl1yClyKXqpdel66WzqWClySCl1qXppcOlryBERy1TVDE0Qks8YnI+0XXU7NicidPUqqO6pbWl86XvpbWl16XppaQ8YnI+PGJyPjxicj48YnI+PGJyPjxicj5KQU6ls6lgpcmjuqGhNDk2OTg4NzM1MDA5Njxicj48YnI+PHRhYmxlIHdpZHRoPSIxMDAlIiBib3JkZXI9MCBjZWxsc3BhY2luZz0wIGNlbGxwYWRkaW5nPTU+PHRyPjx0ZD48cCBjbGFzcz0ic2VpZGVzYyI+PC9wPjwvdGQ+PHRyPjx0ZD48L3RkPjwvdHI+PC90YWJsZT48YnI+PGJyPjxicj6O2rjmzsTYn6O6pbGl86WzqWCls6Xg1urKvbvhyec8YnI+VEVMo7owNTAtNTU3Ny01MDQyPGJyPjxicj5bpbWl86XvpbWl16XppaRdPGJyPrni0aeZQ8b3L6WrpeGl6T+l06XHpaqlq6Xhpekvpaul4aXp08OluaXIpemlw6XXPGJyPjxicj6lxqXspdO9Qr3po7oKCqXIpd6lyKW4peWpYKW5IC8gCqXepaulx6XfpaKlyqXDpcSlqqWkpesgLyAK64qE06XWpeylw6XJpaulw6W/qWAgLyAKpeulpKXcpbmlxqWjqWAgLyAKpOqk86S09aEgLyAKtqi3rMnMxrcgLyAKPGJyPjxicj4KCjxkaXYgc3R5bGU9Im1hcmdpbi1ib3R0b206MTBweDsiPgoKPGltZyBzcmM9Imh0dHBzOi8vaW1hZ2UucmFrdXRlbi5jby5qcC9yYWt1dGVuMjQvY2FiaW5ldC9jb3Vwb24vYm5yXzEwMF83MDBfNjAuanBnIiBhbHQ9IrP1pOGkxqTOt73P3raoMTAwg9JPRkajoSIgd2lkdGg9IjcwMCIgaGVpZ2h0PSI2MCIgCgpib3JkZXI9IjAiPgo8L2Rpdj4KCgo8IS0tZGl2IHN0eWxlPSJtYXJnaW4tYm90dG9tOjEwcHg7Ij4KCjxpbWcgc3JjPSJodHRwOi8vaW1hZ2UucmFrdXRlbi5jby5qcC9yYWt1dGVuMjQvY2FiaW5ldC9jb3Vwb24vYm5yXzcwMF82MF80LmpwZyIgYWx0PSI0LDAwMIPS0tTJz9mPyOukxzEwJU9GRqOhIiB3aWR0aD0iNzAwIiAKCmhlaWdodD0iNjAiIGJvcmRlcj0iMCI+CjwvZGl2LS0+CgoKPGRpdiBzdHlsZT0ibWFyZ2luLWJvdHRvbToxMHB4OyI+Cgo8aW1nIHNyYz0iaHR0cDovL2ltYWdlLnJha3V0ZW4uY28uanAva2Vua29jb20vY2FiaW5ldC9ibnJfNzAwXzYwXzUwMDAuanBnIiBhbHQ9IjUsMDAwg9LS1MnP2Y/I66THMTAlT0ZGo6EiIHdpZHRoPSI3MDAiIGhlaWdodD0iNjAiIAoKYm9yZGVyPSIwIj4KPC9kaXY+CgoKPCEtLWRpdiBzdHlsZT0ibWFyZ2luLWJvdHRvbToxMHB4OyI+Cgo8aW1nIHNyYz0iaHR0cDovL2ltYWdlLnJha3V0ZW4uY28uanAva2Vua29jb20vY2FiaW5ldC9ibnJfNzAwXzYwXzEyLmpwZyIgYWx0PSIxMCwwMDCD0tLUyc/Zj8jrpMcxMiVPRkajoSIgd2lkdGg9IjcwMCIgaGVpZ2h0PSI2MCIgCgpib3JkZXI9IjAiPgo8L2Rpdi0tPgoKCgoKPCEtLWRpdiBzdHlsZT0ibWFyZ2luLWJvdHRvbToxMHB4OyI+Cgo8aW1nIHNyYz0iaHR0cDovL2ltYWdlLnJha3V0ZW4uY28uanAvcmFrdXRlbjI0L2NhYmluZXQvY2FtcGFpZ24vYXN1cmFrdS9ibnJfNzAwXzYwLmpwZyIgYWx0PSKkoqS5mFPJzMa3pd2lpKXzpcgzsbajoSIgd2lkdGg9IjcwMCIgCgpoZWlnaHQ9IjYwIiBib3JkZXI9IjAiPgo8L2Rpdi0tPgoKPGRpdiBzdHlsZT0ibWFyZ2luLWJvdHRvbToxMHB4OyI+Cgo8aW1nIHNyYz0iaHR0cHM6Ly9pbWFnZS5yYWt1dGVuLmNvLmpwL3Jha3V0ZW4yNC9jYWJpbmV0L3NwZWNpYWwvMjAxNl9lY2FtcGFpZ24uanBnIiBhbHQ9IqWkqWClsKXrpbmhoaX0paOlw6W7peuE2aTDpL+k6VAysbYiICAKCndpZHRoPSI0NjgiIGhlaWdodD0iNjAiIGJvcmRlcj0iMCI+CjwvZGl2PgoKPCEtLWRpdiBzdHlsZT0ibWFyZ2luLWJvdHRvbToxMHB4OyI+Cjx0YWJsZT4KPHRkPgo8aW1nIHNyYz0iaHR0cDovL2ltYWdlLnJha3V0ZW4uY28uanAva2Vua29jb20vY2FiaW5ldC9zcGVjaWFsL3g1MjAxNjFoLmpwZyIgYWx0PSKl1aXrpbCl6SIgd2lkdGg9IjE4MCIgaGVpZ2h0PSIxODAiIGJvcmRlcj0iMCI+PC90ZD4KCjx0ZD4KPGltZyBzcmM9Imh0dHA6Ly9pbWFnZS5yYWt1dGVuLmNvLmpwL2tlbmtvY29tL2NhYmluZXQvc3BlY2lhbC9lMTE0Njc3aC5qcGciIGFsdD0ipa+l6qW5pb+l66WspaSltqlgIiB3aWR0aD0iMTgwIiBoZWlnaHQ9IjE4MCIgCgpib3JkZXI9IjAiPjwvdGQ+Cgo8dGQ+CjxpbWcgc3JjPSJodHRwOi8vaW1hZ2UucmFrdXRlbi5jby5qcC9rZW5rb2NvbS9jYWJpbmV0L3NwZWNpYWwvZTExMDg1M2guanBnIiBhbHQ9IqXPpe2pYCClxqWjpcOlt6XlIiB3aWR0aD0iMTgwIiBoZWlnaHQ9IjE4MCIgCgpib3JkZXI9IjAiPjwvdGQ+Cgo8dGQ+CjxpbWcgc3JjPSJodHRwOi8vaW1hZ2UucmFrdXRlbi5jby5qcC9rZW5rb2NvbS9jYWJpbmV0L3NwZWNpYWwvZTM3MjA4MmguanBnIiBhbHQ9IqWipb+lw6WvTkVPIiB3aWR0aD0iMTgwIiBoZWlnaHQ9IjE4MCIgCgpib3JkZXI9IjAiPjwvdGQ+Cgo8L3RhYmxlPgo8L2Rpdi0tPgoKCgoKCgo8IS0tZGl2IHN0eWxlPSJtYXJnaW4tYm90dG9tOjEwcHg7Ij4KCjxpbWcgc3JjPSJodHRwOi8vaW1hZ2UucmFrdXRlbi5jby5qcC9yYWt1dGVuMjQvY2FiaW5ldC9jb3Vwb24vYm5yXzcwMF82MF8xMDAwMC5qcGciIGFsdD0iMTAsMDAwg9LS1MnP2Y/I66THMTUlT0ZGo6EiIHdpZHRoPSI3MDAiIAoKaGVpZ2h0PSI2MCIgYm9yZGVyPSIwIj4KPC9kaXYtLT4KCgo8IS0tZGl2IHN0eWxlPSJtYXJnaW4tYm90dG9tOjEwcHg7Ij4KCjxpbWcgc3JjPSJodHRwOi8vaW1hZ2UucmFrdXRlbi5jby5qcC9yYWt1dGVuMjQvY2FiaW5ldC9jYW1wYWlnbi9wb2ludHVwL2hvdXNlaG9sZC9ibnJfcHQ0X3R1ZV83MDBfOTAuZ2lmIiBhbHQ9IsiryczGt6XdpaSl86XI1+608zSxtqOhIiAKCndpZHRoPSI0NjgiIGhlaWdodD0iNjAiIGJvcmRlcj0iMCI+CjwvZGl2LS0+CgoKCgo8IS0tZGl2IHN0eWxlPSJtYXJnaW4tYm90dG9tOjEwcHg7Ij4KCjxpbWcgc3JjPSJodHRwOi8vaW1hZ2UucmFrdXRlbi5jby5qcC9rZW5rb2NvbS9jYWJpbmV0L2ltZy8yMDE2X2VjYW1wYWlnbi5qcGciIGFsdD0iyKvJzMa3pd2lpKXzpcgysbajoSIgd2lkdGg9IjQ2OCIgaGVpZ2h0PSI2MCIgCgpib3JkZXI9IjAiPgo8L2Rpdi0tPgoKPCEtLWRpdiBzdHlsZT0ibWFyZ2luLWJvdHRvbToxMHB4OyI+Cgo8aW1nIHNyYz0iaHR0cDovL2ltYWdlLnJha3V0ZW4uY28uanAva2Vua29jb20vY2FiaW5ldC9pbWcvMjAxNl92Y2FtcGFpZ24uanBnIiBhbHQ9IqX0paOlw6W7pevJ8ZH1hNnA+9ObxO6l3aWkpfOlyDKxtqOhIiB3aWR0aD0iNDY4IiAKCmhlaWdodD0iNjAiIGJvcmRlcj0iMCI+CjwvZGl2LS0+CgoKPCEtLWRpdiBzdHlsZT0ibWFyZ2luLWJvdHRvbToxMHB4OyI+Cgo8aW1nIHNyYz0iaHR0cDovL2ltYWdlLnJha3V0ZW4uY28uanAva2Vua29jb20vY2FiaW5ldC9pbWcvMjAxNl9ldmNhbXBhaWduLmpwZyIgYWx0PSKYU8zspaSpYKWwpeujpqX0paOlw6W7pevJ8ZH1hNnA+9ObxO6l3aWkpfOlyDOxtqOhIiAKCndpZHRoPSI0NjgiIGhlaWdodD0iNjAiIGJvcmRlcj0iMCI+CjwvZGl2LS0+,pbWl86XvpbWl16XppaQgpc2lw6WvpbmlyKXppcOl1yClyKXqpdel66WzqWClySCl1qXppcOlryBERy1TVDE0QktbpbWl86XvpbWl16XppaQgpaul4aXp08OluaXIpemlw6XXXaO6pbGl86WzqWCls6Xg,pbGl86WzqWCls6XgpbGl86WzqWCls6Xg1qe16qWvpeqluaW/peulrKWkpbapYKXfpc2l6aXrpaalqalgpb+pYKXqpaKlw6XXpeqloqXDpdd4NaXApaaly6lgpbOl86XJqWCl4KXapeqlqKW1qWCl4qW5pbOl86XIpeylw6WvpbnI1Z+GpLHWuaThpbOls6XKpcOlxKWqpaSl66SopLSk3qSzpOHTzaW1pfOl2qXspbCl6qXOycjvTJlDpa+l6qW5pb+l66WspaSltqlgIDUwMG1sIDQ4sb6+dqTOxKfFrrjKvsaltaXzpe+ltaXXpemlpCClzaXDpa+luaXIpemlw6XXIKXIpeql16XrpbOpYKXJIKXWpemlw6WvIERHLVNUMTRCS1ultaXzpe+ltaXXpemlpCClq6XhpenTw6W5pcil6aXDpddd,pbWl86XvpbWl16XppaQvy7CSaTE5MDCD0tLUyc/LzcHPn2/Bz6GjpbWl86XvpbWl16XppaQgpc2lw6WvpbmlyKXppcOl1yClyKXqpdel66WzqWClySCl1qXppcOlryBERy1TVDE0QktbpbWl86XvpbWl16XppaQgpaul4aXp08OluaXIpemlw6XXXQ==[rn]
33-14392,aHR0cDovL3RzaG9wLnIxMHMuanAvYmF0dGVyeWdpbm5rb3UvY2FiaW5ldC9zaG9oaW4wMS8wNDUwNDI3Ny8wNDU0NDcwNC9pbWdyYzAwNjcwNTczNDMuanBnP2ZpdGluPTcwMDo3MDA=,NTA2My4yMDAw,,VFY/paqpYKXHpaOlqj+lq6XhpekgPiClq6Xhpek/pdOlx6Wqpaul4aXpP7ni0aeZQ8b3ID4gpdOlx6Wqpaul4aXp,tPPI3cG/U09OWSClvaXLqWDI/dHzpbul67jf0NTE3CAgTlAtRjMzMCAvIE5QLUY1MzAgLyBOUC1GNTUwIC8gTlAtRjU3MC9GVVRBQkEgTFQyRjIyMDCMnY/qzerIq7ulk1Gl0KXDpcal6qlgpdGlw6Wvs+TrirPYpM4ygoClu6XDpciy0MG/se3Kvr/JxNxDQ0QtU0M1oaJDQ0QtU0M1L0WhokNDRC1TQzahokNDRC1TQzcvRQ==,zerIq7ulk1Gl0KXDpcal6qlgob6jtqX21MKxo9Reob8=,ofGMnY/qmUO3Tjxicj4KofFTb255IEluZm9MaXRoaXVtIEwgpbel6qlgpbogPGJyPgpTb255IEJDLVY2MTU8YnI+ClNvbnkgRENNLU0xPGJyPgpTb255IERDUi1UUlU0N0U8YnI+ClNvbnkgSERSLUZYMTxicj4KU29ueSBIVlItWjFVPGJyPgpTb255IE1WQy1DRDEwMDA8YnI+ClNvbnkgUExNLTEwMCA8YnI+ClNvbnkgVkNMLUVTMDZBPGJyPgpTb255IFEwMDItSERSMSA8YnI+CqHxU29ueSBDQ0QtVFIgKEhpOCkgpbel6qlgpbo8YnI+CkNDRC1UUjGhokNDRC1UUjFFoaJDQ0QtVFIzoaI8YnI+CkNDRC1UUjE4oaJDQ0QtVFIxOEWhokNDRC1UUjU3oaI8YnI+CkNDRC1UUjY3oaJDQ0QtVFI3NqGiQ0NELVRSODehojxicj4KQ0NELVRSMjAwoaJDQ0QtVFIyMDWhokNDRC1UUjIxNaGiPGJyPgpDQ0QtVFIzMDChokNDRC1UUjMxMUWhokNDRC1UUjMxN6GiPGJyPgpDQ0QtVFI0MTFFoaJDQ0QtVFI0MTOhokNDRC1UUjQxNKGiPGJyPgpDQ0QtVFI0MTahokNDRC1UUjQxN6GiQ0NELVRSNDI1RaGiPGJyPgpDQ0QtVFI0MjehokNDRC1UUjUwMKGiQ0NELVRSNTExRaGiPGJyPgpDQ0QtVFI1MTVFoaJDQ0QtVFI1MTahokNDRC1UUjUxN6GiPGJyPgpDQ0QtVFI1NTWhokNDRC1UUjYxMKGiQ0NELVRSNjE3oaI8YnI+CkNDRC1UUjcxMKGiQ0NELVRSNzEzRaGiQ0NELVRSNzE2oaI8YnI+CkNDRC1UUjgxOKGiQ0NELVRSOTEwoaJDQ0QtVFI5MTehojxicj4KQ0NELVRSOTMwoaJDQ0QtVFI5NDChokNDRC1UUjExMDBFoaI8YnI+CkNDRC1UUjIyMDBFoaJDQ0QtVFIyMzAwoaJDQ0QtVFIzMDAwoaI8YnI+CkNDRC1UUjMwMDBFoaJDQ0QtVFIzMTAwRaGiQ0NELVRSMzIwMEWhojxicj4KQ0NELVRSMzMwMKGiQ0NELVRSVDk3IDxicj4KofFTb255IENDRC1UUlYgKE1pbmlEVikgpbel6qlgpbo8YnI+CkNDRC1UUlY0oaJDQ0QtVFJWMTWhokNDRC1UUlYxNqGiPGJyPgpDQ0QtVFJWMjWhokNDRC1UUlYzNaGiIENDRC1UUlYzNqGiPGJyPgpDQ0QtVFJWMzehoiBDQ0QtVFJWNDGhokNDRC1UUlY0M6GiPGJyPgpDQ0QtVFJWNDahokNDRC1UUlY1MaGiQ0NELVRSVjU0RaGiPGJyPiAKQ0NELVRSVjU3oaJDQ0QtVFJWNTihoiBDQ0QtVFJWNjKhojxicj4KQ0NELVRSVjY1oaJDQ0QtVFJWNjahoiBDQ0QtVFJWNjehojxicj4KQ0NELVRSVjY4oaIgQ0NELVRSVjcyoaIgQ0NELVRSVjc1oaI8YnI+CkNDRC1UUlY3OEWhokNDRC1UUlY4MaGiIENDRC1UUlY4MqGiPGJyPgpDQ0QtVFJWODWhokNDRC1UUlY4N6GiQ0NELVRSVjg4oaI8YnI+CkNDRC1UUlY5MaGiIENDRC1UUlY5M6GiPGJyPgpDQ0QtVFJWOTRFoaJDQ0QtVFJWOTWhokNDRC1UUlY5NUWhojxicj4gCkNDRC1UUlY5OKGiIENDRC1UUlY5OaGiQ0NELVRSVjEwMaGiPGJyPgpDQ0QtVFJWMTE5oaIgQ0NELVRSVjIxNaGiQ0NELVRSVjMxNaGiPGJyPgpDQ0QtVFJWNTE3oaJDQ0QtVFJWOTMwoaJDQ0QtVFJWNjE1oaI8YnI+CkNDRC1UUlY3MTWhoiBDQ0QtVFJWNzE2oaIgQ0NELVRSVjcyMKGiPGJyPgpDQ0QtVFJWODE1oaJDQ0QtVFJWOTQwoaJDQ0QtVFJWMzAwMCA8YnI+CqHxU29ueSBDQ0QtU0MgKEhpOCkgpbel6qlgpboKPGJyPgpDQ0QtU0M1oaJDQ0QtU0M1L0WhokNDRC1TQzahojxicj4KQ0NELVNDNy9FoaJDQ0QtU0M4L0WhokNDRC1TQzU1oaI8YnI+CkNDRC1TQzY1IDxicj4KofFTb255IERDUi1UUjcgpbel6qlgpbogRENSLVRSNzAwMCA8YnI+CqHxU29ueSBEQ1ItVFJWIChNaW5pRFYpIKW3peqpYKW6PGJyPgpEQ1ItVFJWMTAzoaJEQ1ItVFJWMTEwoaJEQ1ItVFJWMTIwoaI8YnI+CkRDUi1UUlYxMzChokRDUi1UUlYyMTChokRDUi1UUlYzMTChojxicj4KRENSLVRSVjMxNaGiRENSLVRSVjMyMKGiRENSLVRSVjWhojxicj4KRENSLVRSVjUxMKGiRENSLVRSVjUyMKGiRENSLVRSVjUyNaGiPGJyPgpEQ1ItVFJWN6GiRENSLVRSVjcyMKGiRENSLVRSVjgyMKGiPGJyPgpEQ1ItVFJWOaGiRENSLVRSVjkyLERDUi1UUlY5MDAgPGJyPgqh8VNvbnkgRENSLVRWIKW3peqpYKW6PGJyPgpEQ1ItVFY5MDChokRDUi1UVjkwMEUgPGJyPgqh8VNvbnkgRENSLVZYIChNaW5pRFYpIKW3peqpYKW6PGJyPgpEQ1ItVlgyMDAwoaIgRENSLVZYMjEwMKGiIERDUi1WWDIxMDBFoaI8YnI+CkRDUi1WWDcwMKGiIERDUi1WWDkgpbel6qlgpbogPGJyPgqh8VNvbnkgRFNSIKW3peqpYKW6PGJyPgpEU1ItMjAwoaJEU1ItMzAwoaJEU1ItUEQxMDBBIDxicj4KofFTb255IEdWIChWaWRlbyBXYWxrbWFuKSClt6XqqWClujxicj4KR1YtQTUwMKGiR1YtQTUwMEWhokdWLUE3MDChojxicj4KR1YtRDIwMKGiR1YtRDgwMDxicj4KofGlz6WkpdOluKXnpfOlz6Xzpcelo6WrpeAgPGJyPgpIRFItQVgyMDAwL0hEUi1GWDcvSERSLUZYMTAwMC9IRFItRlgxPGJyPgoKofFGVVRBQkE8YnI+CsvN0MWZQ6O6MTRNWkFQLzE0TVpIUC8xMlpBLzEyWkg8YnI+Cgqh8bulk1G/ycTcpdClw6XGpeqpYDxicj4KU09OWTogTlAtRjUzMKGiTlAtRjU3MKGiTlAtRjUwMKGiTlAtRjU1MDxicj4KRlVUQUJBOiBMVDJGMjIwMAo8YnI+CqHxsaPXb7vYwrejurG+0XXGt6TLpM/fXuuKwfexo9dvoaLfXrPk64q3wNa5oaLfXrfF64q3wNa5pM6xo9dvu9jCt6SsxNrKaaS1pOykxqSkpN6kuaTOpMfKudPDmUPG96TLpcCl4algpbik8tPrpKik66SzpMikyqSvsLLQxKS3pMaktMD708OkpKS/pMCksaTepLmhozxicj4KCqHxvIPV/aTOs+Trisb3pMez5OuKv8nE3Dxicj4KCqHxobClpKXzpdWlqaXqpcGlpqXgobFMpbel6qlgpbqkzqXqpcGl46lgpbil46XWpeul0KXDpcal6qlgpdGlw6WvPGJyPgoKofG31oVnzrukx6TOpdClw6XGpeqpYLLQwb+x7cq+pKy/ycTcpMqhsKWkpfOl1aWppeqlwaWmpeChsZlDxNy07t1kIDxicj4KCqHxxbfW3d9Cus+wssir0o7Wxt9tus/Gt6TO1F6huKPDo8Wl3qlgpa2l86WwobmkyMjVsb6huFBTRaG5yKG1w9F1xrehozxicj4KCqHxxNrKaaW7peujukNFTExTIE1BREUgSU4gSkFQQU4gU0FOWU8g0XU8YnI+CgoKofG7pZNRs+Trisb3QkMtVk0xMKTi2JyJ06S3pMakqqTqpN6kuaGjPGJyPgqh8dDOyr2juqGhpeqlwaWmpeClpKWqpfOz5OuKs9ggPGJyPgqh8euKiFKjuqGhNy4yViA8YnI+CqHxyN3Bv6O6oaEzMDAwo+1BaCA8YnI+CqHxtPOkraS1o7q3+TM4LjShwbjfpLUyMC42ocGwwtDQNzAuOG1tPGJyPgqh8dl8wb+jurxzMTA1Zzxicj4KofHJq6O6/Fw8YnI+,tPPI3cG/U09OWSClvaXLqWDI/dHzpbul67jf0NTE3CAgTlAtRjMzMCAvIE5QLUY1MzAgLyBOUC1GNTUwIC8gTlAtRjU3MC9GVVRBQkEgTFQyRjIyMDCMnY/qzerIq7ulk1Gl0KXDpcal6qlgpdGlw6Wvs+TrirPYpM4ygoClu6XDpciy0MG/se3Kvr/JxNxDQ0QtU0M1oaJDQ0QtU0M1L0WhokNDRC1TQzahokNDRC1TQzcvRaO6pdClw6XGpeqpYON50NA=,paul4aXppdClw6XGpeqpYKWrpeGl6bPk64rG96XTpcelqqXQpcOlxqXqqWCl06XHpaqz5OuKxvelq6XhpemlsKXqpcOl19fusLKCjrPk64rG96XQpcOlxqXqqWClraXjpc6l86XLpbOl86XRpcqlvaXLpcOlr6W9pcupYLTzyN3Bv1NPTlkgpb2ly6lgyP3R86W7peu439DUxNwgIE5QLUYzMzAgLyBOUC1GNTMwIC8gTlAtRjU1MCAvIE5QLUY1NzAvRlVUQUJBIExUMkYyMjAwjJ2P6s3qyKu7pZNRpdClw6XGpeqpYKXRpcOlr7Pk64qz2KTOMoKApbulw6XIstDBv7Htyr6/ycTcQ0NELVNDNaGiQ0NELVNDNS9FoaJDQ0QtU0M2oaJDQ0QtU0M3L0U=,zerIq7ulk1Gl0KXDpcal6qlgob6jtqX21MKxo9Reob+ho7TzyN3Bv1NPTlkgpb2ly6lgyP3R86W7peu439DUxNwgIE5QLUYzMzAgLyBOUC1GNTMwIC8gTlAtRjU1MCAvIE5QLUY1NzAvRlVUQUJBIExUMkYyMjAwjJ2P6s3qyKu7pZNRpdClw6XGpeqpYKXRpcOlr7Pk64qz2KTOMoKApbulw6XIstDBv7Htyr6/ycTcQ0NELVNDNaGiQ0NELVNDNS9FoaJDQ0QtU0M2oaJDQ0QtU0M3L0U=[rn]
33-14393,aHR0cDovL3RzaG9wLnIxMHMuanAvYmF0dGVyeWdpbm5rb3UvY2FiaW5ldC9zaG9oaW4wMS8wNDUwNDI3Ny8wNDU0ODA4MC9pbWdyYzAwNjcwMTUyODkuanBnP2ZpdGluPTcwMDo3MDA=,Mjk4MC44MDAw,,VFY/paqpYKXHpaOlqj+lq6XhpekgPiClq6Xhpek/pdOlx6Wqpaul4aXpP7ni0aeZQ8b3ID4gpdOlx6Wqpaul4aXp,ob6koqS5mFOMnY/qob9WSUNUT1IgQk4tVkcxMzgvQk4tVkcxMjEgu6WTUaXQpcOlxqXqqWAvpdOlr6W/qWBWSUNUT1KjqEpWQymlx6W4pb+l66XTpcelqqWrpeGl6S9HWi1FWDI1MKGiR1otRTI4MKGiR1otRTMyMKGiR1otRTMyNaGiR1otRTM0NaGiR1otRVgzNTAvR1otTjGhokdaLU41oaJHWi1FWDM3MKGiR1otRTU2NaGiR1YtTFMxoaJHVi1MUzK1yKGhR1otSE0xNTU=,zerIq7ulk1Gl0KXDpcal6qlgob6jtqX21MKxo9Reob8=,ofHQzsq9o7qhoaXqpcGlpqXgpaSlqqXzs+TrirPYoaLriohSo7qhoTMuNlYgoaLI3cG/o7qhoTU3MDBtQWggoaK057eoo7qhobxzRDQuM2NteFczLjFjbXhINC4yNWNtoaLZfMG/o7qhobxzMTEwZzxicj4KofGMnY/qmUO3TqO6pdOlr6W/qWBWSUNUT1KjqEpWQymlx6W4pb+l66XTpcelqqWrpeGl6SBHWi1NUzIxMKGiR1otTUc5ODChokdaLUhENjIwoaJHWi1ITTM1MKGiR1otSE00NTChokdaLUhNNTcwoaJHWi1ITTY3MKGiR1otSE02OTChokdaLUhNODgwoaJHWi1ITTg5MKGiR1otSE05OTChokdaLU1TMjMwoaJHWi1FMjY1oaJHWi1FMjI1oaJHWi1FMjIwoaJHWi1HNaGiR1otRVgyNzChokdaLUVYMjUwoaJHWi1FMjgwoaJHWi1FMzIwoaJHWi1FMzI1oaJHWi1FMzQ1oaJHWi1FWDM1MKGiR1otRVgzNzChokdaLUU1NjWhokdWLUxTMaGiR1YtTFMyoaKlyKlgpavMw0daLUUxODChokdaLUhNMzkwoaJHWi1ITTMzPGJyPgqh8bGj12+72MK3o7qxvtF1xreky6TP317risH3saPXb6Gi316z5OuKt8DWuaGi3163xeuKt8DWuaTOsaPXb7vYwrekrMTaymmktaTspMakpKTepLmkzqTHyrnTw5lDxveky6XApeGpYKW4pPLT66SopOuks6TIpMqkr7Cy0MSkt6TGpLTA+9PDpKSkv6TApLGk3qS5oaM8YnI+ofGPvsC0pM6l0KXDpcal6qlgpdGlw6WvpM7I3cG/pMuMnaS3LDU2MDBtQWikzrTzyN3BvyEhPGJyPgqh8byD1f2kzrPk64rG96TIpaul4aXpsb7M5aTHs+Trir/JxNyho7yD1f3Gt6TIzaykuKTopKaky8q508OkrL/JxNykzs3qyKu7pZNRxreho6WrpeGl6bG+zOWky6TPpdClw6XGpeqpYLLQwb+x7cq+pKy/ycTcoaM8YnI+CqHxjJ2P6rulk1G8scvZs+Trisb3QUEtVkcxpOKz9sa3pLekxqSqpOqk3qS5oaLNrJd5v8nE3KGjPGJyPjxCUj4KPGZvbnQgY29sb3I9IiNEQzE0M0MiPqHxpLOkwaTppM6l0KXDpcal6qlgpMuMnY/qpLekv7ulk1Gz5OuKxvekzqS0sLjE2qHxPC9mb250Pjxicj4KPGZvbnQgY29sb3I9IiMwMDgwMDAiPjxicj6h7zwvZm9udD4gPGZvbnQgY29sb3I9IiMwMDgwMDAiPqW3paypYKW9pbGlw6XIpMuk4oydj+qjodK7sOOz5OuKxvdBQS1WRzE8L2ZvbnQ+Cjxmb250IGNvbG9yPSIjMDA4MDAwIj48YnI+oe88L2ZvbnQ+PGZvbnQgY29sb3I9IiMwMDgwMDAiPrPWpMHfXKTTpemlr6Xppa+zrN1Ywb9VU0Kz5OuKxvdBQS1WRzE8L2ZvbnQ+Cjxmb250IGNvbG9yPSIjMDA4MDAwIj48YnI+oe88L2ZvbnQ+PGZvbnQgY29sb3I9IiMwMDgwMDAiPqXvpfOl6aXzpa/Jz6TOsLLQxNRP04ul16Xspd+loqXgs+Trisb3QUEtVkcxPC9mb250Pg==,ob6koqS5mFOMnY/qob9WSUNUT1IgQk4tVkcxMzgvQk4tVkcxMjEgu6WTUaXQpcOlxqXqqWAvpdOlr6W/qWBWSUNUT1KjqEpWQymlx6W4pb+l66XTpcelqqWrpeGl6S9HWi1FWDI1MKGiR1otRTI4MKGiR1otRTMyMKGiR1otRTMyNaGiR1otRTM0NaGiR1otRVgzNTAvR1otTjGhokdaLU41oaJHWi1FWDM3MKGiR1otRTU2NaGiR1YtTFMxoaJHVi1MUzK1yKGhR1otSE0xNTWjuqXQpcOlxqXqqWDjedDQ,paul4aXppdClw6XGpeqpYKWrpeGl6bPk64rG96XTpcelqqXQpcOlxqXqqWCl06XHpaqz5OuKxvelq6XhpemlsKXqpcOl19fusLKCjrPk64rG96XQpcOlxqXqqWClraXjpc6l86XLpbOl86XRpcqlvaXLpcOlr6W9pcupYKG+pKKkuZhTjJ2P6qG/VklDVE9SIEJOLVZHMTM4L0JOLVZHMTIxILulk1Gl0KXDpcal6qlgL6XTpa+lv6lgVklDVE9So6hKVkMppceluKW/peul06XHpaqlq6XhpekvR1otRVgyNTChokdaLUUyODChokdaLUUzMjChokdaLUUzMjWhokdaLUUzNDWhokdaLUVYMzUwL0daLU4xoaJHWi1ONaGiR1otRVgzNzChokdaLUU1NjWhokdWLUxTMaGiR1YtTFMytcihoUdaLUhNMTU1,zerIq7ulk1Gl0KXDpcal6qlgob6jtqX21MKxo9Reob+ho6G+pKKkuZhTjJ2P6qG/VklDVE9SIEJOLVZHMTM4L0JOLVZHMTIxILulk1Gl0KXDpcal6qlgL6XTpa+lv6lgVklDVE9So6hKVkMppceluKW/peul06XHpaqlq6XhpekvR1otRVgyNTChokdaLUUyODChokdaLUUzMjChokdaLUUzMjWhokdaLUUzNDWhokdaLUVYMzUwL0daLU4xoaJHWi1ONaGiR1otRVgzNzChokdaLUU1NjWhokdWLUxTMaGiR1YtTFMytcihoUdaLUhNMTU1[rn]
33-14394,aHR0cDovL3RzaG9wLnIxMHMuanAvYmF0dGVyeWdpbm5rb3UvY2FiaW5ldC9zaG9oaW4wMS8wNDUwNDI4NC8wNDU0ODA4MS9pbWdyYzAwNjc0NjcxNTAuanBnP2ZpdGluPTcwMDo3MDA=,NDI2MC4wMDAw,,VFY/paqpYKXHpaOlqj+lq6XhpekgPiClq6Xhpek/pdOlx6Wqpaul4aXpP7ni0aeZQ8b3ID4gpdOlx6Wqpaul4aXp,ob6koqS5mFOMnY/qob8gpdOlr6W/qWBKVkMgQk4tVkcxMzgvQk4tVkcxMjkgpdClw6XGpeqpYKXRpcOlr+uKs9ijpqXXpeyl36WipeCz5OuKxvelwaXjqWCluKXjqWBBQS1WRzEgpbulw6XIILTzyN3Bv6O1N6Owo7Cj7UFoICDI1bG+pdOlr6W/qWBHWi1FMjgwoaJHWi1FMzIwoaJHWi1FMzI1oaJHWi1FMzQ1oaJHWi1FWDM1MKGiR1otRVgzNzChoaWrpeGl6Yydj+o=,zerIq7ulk1Gl0KXDpcal6qlgs+Trisb3ob6jtqX21MKxo9Reob8=,ofGMnY/qmUO3Tjxicj4KpdOlr6W/qWAgVmljdG9yPGJyPgpCTi1WRzEwNy9CTi1WRzEwOC9CTi1WRzExNC88YnI+CkJOLVZHMTE5L0JOLVZHMTIxL0JOLVZHMTI5L0JOLVZHMTM4LyA8YnI+CkFBLVZHMVZJQ1RPUiBHWi1NUzIxMKGiR1otTUc5ODChojxicj4KR1otSEQ2MjChokdaLUhNMzUwoaJHWi1ITTQ1MKGiPGJyPgpHWi1ITTU3MKGiR1otSE02NzChokdaLUhNNjkwoaI8YnI+CkdaLUhNODgwoaJHWi1ITTg5MKGiR1otSE05OTChojxicj4KR1otTVMyMzChokdaLUUyNjWhokdaLUUyMjWhojxicj4KR1otRTIyMKGiR1otRzWhokdaLUVYMjcwoaI8YnI+CkdaLUVYMjUwoaJHWi1FMjgwoaJHWi1FMzIwoaI8YnI+CkdaLUUzMjWhokdaLUUzNDWhokdaLUVYMzUwoaI8YnI+CkdaLUVYMzcwoaJHWi1FNTY1oaJHVi1MUzGhokdWLUxTMqGhPGJyPgqlyKlgpavMw0daLUUxODChokdaLUhNMzkwoaJHWi1ITTMzPGJyPgqluKXjpdGlzaXDpcikv6SrpL+lqKXWpeqlqiBHWi1FMTE3PGJyPgqh8dDOyr2juqGhpeqlwaWmpeClpKWqpfOz5OuKs9g8YnI+CqHx64qIUqO6oaEzLjZWIDxicj4KofHI3cG/o7qhoTU3MDBtQWggPGJyPgqh8bTnt6ijuqGhvHNENC4zY214VzMuMWNteEg0LjI1Y208YnI+CqHx2XzBv6O6oaG8czExMGc8YnI+CqHxo7GhotfUhNPch6TOpbelrKlgpemlpKW/qWClvaWxpcOlyKTLvdO+QaS3oaJBQ6WipcCl16W/qWCkrKTEpKSkxqSkpN6kuSzch6THpM7KudPDpOK/ycTcIDxicj4Ko7Khot1Ywb+kx9CvjqGky7TzieSx48D7IDxicj4Ko7OhosW31t3fQrrPsLLIq9KO1sbfbbrPxrekztReobijw6PFpd6pYKWtpfOlsKG5yKG1w9F1xrc8YnI+CqHxs+TrirP2waakrNfutPM2MDBtQWikzryxy9mz5OuKpb+lpKXXpMekuaGjPGJyPgqh8aW7pcOlyMTayN06PGJyPgoxLtyHpM5EQ6WipcCl16W/PGJyPiAKMi6lwaXjqWCluKXjqWAos+Trisb3sb7M5SnI68Gm64qIUiBBQyAxMDAtMjQwVqTHuqPN4qTHpM7KudPDpOK/ycTcpMekuaGjPGJyPgozoaLritS0pbOpYKXJoaM8YnI+CqO0oaK6o83i08OJ5JNRpdel6aWwPGJyPgqh8cjrwabriohSIEFDIDEwMC0yNDBWpMe6o83ipMekzsq508Ok4r/JxNykx6S5oaM8YnI+CqHxsb7M5aTOs+TritbQpM9MRUSkrLPgpMikyqTqpN6kuaGjs+TriqSszerBy6S3pN6kuaTITEVEpKy+dqTIpMqk6qTepLmhozxicj4KofGxo9Reo7qjtqX21MKjqFBMsaPqk6OoyfquYs7v2XKDlNifyM6xo+qTo6m808jrnGek3zxicj4KUFNFoaJKRVSl3qlgpa+jqOuKmt3Tw8a3sLLIq7eoufrE2tVK1F6cZ6OppKqk6KTTIENFpd6pYKWvo6jFt9bd30K6z7CyyKvSjtbGo6nRdca3IDxicj4KofGxo9dvu9jCt6O6sb7Rdca3pMukz99e64rB97Gj12+hot9es+TrirfA1rmhot9et8XrirfA1rmkzrGj12+72MK3pKzE2spppLWk7KTGpKSk3qS5pM6kx8q508OZQ8b3pMulwKXhqWCluKTy0+ukqKTrpLOkyKTKpK+wstDEpLekxqS0wPvTw6SkpL+kwKSxpN6kuaGjPGJyPg==,ob6koqS5mFOMnY/qob8gpdOlr6W/qWBKVkMgQk4tVkcxMzgvQk4tVkcxMjkgpdClw6XGpeqpYKXRpcOlr+uKs9ijpqXXpeyl36WipeCz5OuKxvelwaXjqWCluKXjqWBBQS1WRzEgpbulw6XIILTzyN3Bv6O1N6Owo7Cj7UFoICDI1bG+pdOlr6W/qWBHWi1FMjgwoaJHWi1FMzIwoaJHWi1FMzI1oaJHWi1FMzQ1oaJHWi1FWDM1MKGiR1otRVgzNzChoaWrpeGl6Yydj+qjuqXQpcOlxqXqqWDjedDQ,paul4aXppdClw6XGpeqpYKWrpeGl6bPk64rG96XTpcelqqXQpcOlxqXqqWCl06XHpaqz5OuKxvelq6XhpemlsKXqpcOl19fusLKCjrPk64rG96XQpcOlxqXqqWClraXjpc6l86XLpbOl86XRpcqlvaXLpcOlr6W9pcupYKG+pKKkuZhTjJ2P6qG/IKXTpa+lv6lgSlZDIEJOLVZHMTM4L0JOLVZHMTI5IKXQpcOlxqXqqWCl0aXDpa/rirPYo6al16Xspd+loqXgs+Trisb3pcGl46lgpbil46lgQUEtVkcxIKW7pcOlyCC088jdwb+jtTejsKOwo+1BaCAgyNWxvqXTpa+lv6lgR1otRTI4MKGiR1otRTMyMKGiR1otRTMyNaGiR1otRTM0NaGiR1otRVgzNTChokdaLUVYMzcwoaGlq6XhpemMnY/q,zerIq7ulk1Gl0KXDpcal6qlgs+Trisb3ob6jtqX21MKxo9Reob+ho6G+pKKkuZhTjJ2P6qG/IKXTpa+lv6lgSlZDIEJOLVZHMTM4L0JOLVZHMTI5IKXQpcOlxqXqqWCl0aXDpa/rirPYo6al16Xspd+loqXgs+Trisb3pcGl46lgpbil46lgQUEtVkcxIKW7pcOlyCC088jdwb+jtTejsKOwo+1BaCAgyNWxvqXTpa+lv6lgR1otRTI4MKGiR1otRTMyMKGiR1otRTMyNaGiR1otRTM0NaGiR1otRVgzNTChokdaLUVYMzcwoaGlq6XhpemMnY/q[rn]
33-14395,aHR0cDovL3RzaG9wLnIxMHMuanAvYmF0dGVyeWdpbm5rb3UvY2FiaW5ldC9zaG9oaW4wMS8wNDUwNDI3Ny8wNDU0NDcwNC9pbWdyYzAwNjcxMTc1NTkuanBnP2ZpdGluPTcwMDo3MDA=,ODcyNi40MDAw,,VFY/paqpYKXHpaOlqj+lq6XhpekgPiClq6Xhpek/pdOlx6Wqpaul4aXpP7ni0aeZQ8b3ID4gpdOlx6Wqpaul4aXp,MoKApbulw6XIoaHLzcHPn2/Bz8j90fOlu6XrILTzyN3Bvzc1MDBtQWihobLQwb+x7cq+TlAtRjk3MC9OUC1GOTUwLyBIRFItQVgyMDAwL0hEUi1GWDcvSERSLUZYMTAwMC9IWFItTlg1Si9IVkwtTEJQL0hWUi1aNUovSFZSLVYxSi9IVlItWjdKL0hWUi1BMUovSFZSLUhEMTAwMEovSFZSLTE1MDBBL0hWUi1NMzVKL0hWUi1NMjVBSi9IVlItTTE1QUogpaul4aXpjJ2P6g==,zerIq7ulk1Gl0KXDpcal6qlgob6jtqX21MKxo9Reob8=,ofHQzsq9o7ql6qXBpaal4KWkpaql87Pk64qz2CA8YnI+CqHx64qIUqO6oaE3LjJWIDxicj4KofHI3cG/o7qhoTc1MDBtQWggPGJyPgqh8bTzpK2ktaO6t/kzOC40ocG436S1NjAuMKHBsMLQ0DcwLjhtbTxicj4KofHZfMG/o7q8czMwMGc8YnI+CqHxyaujuvxcPGJyPgqh8bGj12+72MK3o7qxvtF1xreky6TP317risH3saPXb6Gi316z5OuKt8DWuaGi3163xeuKt8DWuaTOsaPXb7vYwrekrMTaymmktaTspMakpKTepLmkzqTHyrnTw5lDxveky6XApeGpYKW4pPLT66SopOuks6TIpMqkr7Cy0MSkt6TGpLTA+9PDpKSkv6TApLGk3qS5oaM8YnI+CqHxvIPV/aTOs+Trisb3pMez5OuKv8nE3Dxicj4KofGhsKWkpfOl1aWppeqlwaWmpeChsUylt6XqqWCluqTOpeqlwaXjqWCluKXjpdal66XQpcOlxqXqqWCl0aXDpa88YnI+CqHxt9aFZ867pMekzqXQpcOlxqXqqWCy0MG/se3KvqSsv8nE3KTKobClpKXzpdWlqaXqpcGlpqXgobGZQ8TctO7dZCA8YnI+CqHxxbfW3d9Cus+wssir0o7Wxt9tus/Gt6TO1F6huKPDo8Wl3qlgpa2l86WwobmkyMjVsb6huFBTRaG5yKG1w9F1xrehozxicj4KofGMnY/qmUO3TqO6PGJyPgqh8VNvbnkgSW5mb0xpdGhpdW0gTCClt6XqqWCluiA8YnI+ClNvbnkgQkMtVjYxNQpTb255IERDTS1NMQpTb255IERDUi1UUlU0N0UKU29ueSBIRFItRlgxClNvbnkgSFZSLVoxVQpTb255IE1WQy1DRDEwMDAKU29ueSBQTE0tMTAwIApTb255IFZDTC1FUzA2QQpTb255IFEwMDItSERSMSAKU29ueSBIVlItVjFKPGJyPgqh8VNvbnkgQ0NELVRSIChIaTgpIKW3peqpYKW6PGJyPgpDQ0QtVFIxoaJDQ0QtVFIxRaGiQ0NELVRSM6GiCkNDRC1UUjE4oaJDQ0QtVFIxOEWhokNDRC1UUjU3oaIKQ0NELVRSNjehokNDRC1UUjc2oaJDQ0QtVFI4N6GiCkNDRC1UUjIwMKGiQ0NELVRSMjA1oaJDQ0QtVFIyMTWhogpDQ0QtVFIzMDChokNDRC1UUjMxMUWhokNDRC1UUjMxN6GiCkNDRC1UUjQxMUWhokNDRC1UUjQxM6GiQ0NELVRSNDE0oaIKQ0NELVRSNDE2oaJDQ0QtVFI0MTehokNDRC1UUjQyNUWhogpDQ0QtVFI0MjehokNDRC1UUjUwMKGiQ0NELVRSNTExRaGiCkNDRC1UUjUxNUWhokNDRC1UUjUxNqGiQ0NELVRSNTE3oaIKQ0NELVRSNTU1oaJDQ0QtVFI2MTChokNDRC1UUjYxN6GiCkNDRC1UUjcxMKGiQ0NELVRSNzEzRaGiQ0NELVRSNzE2oaIKQ0NELVRSODE4oaJDQ0QtVFI5MTChokNDRC1UUjkxN6GiCkNDRC1UUjkzMKGiQ0NELVRSOTQwoaJDQ0QtVFIxMTAwRaGiCkNDRC1UUjIyMDBFoaJDQ0QtVFIyMzAwoaJDQ0QtVFIzMDAwoaIKQ0NELVRSMzAwMEWhokNDRC1UUjMxMDBFoaJDQ0QtVFIzMjAwRaGiCkNDRC1UUjMzMDChokNDRC1UUlQ5NyA8YnI+CqHxU29ueSBDQ0QtVFJWIChNaW5pRFYpIKW3peqpYKW6PGJyPgpDQ0QtVFJWNKGiQ0NELVRSVjE1oaJDQ0QtVFJWMTahogpDQ0QtVFJWMjWhokNDRC1UUlYzNaGiIENDRC1UUlYzNqGiCkNDRC1UUlYzN6GiIENDRC1UUlY0MaGiQ0NELVRSVjQzoaIKQ0NELVRSVjQ2oaJDQ0QtVFJWNTGhokNDRC1UUlY1NEWhoiAKQ0NELVRSVjU3oaJDQ0QtVFJWNTihoiBDQ0QtVFJWNjKhogpDQ0QtVFJWNjWhokNDRC1UUlY2NqGiIENDRC1UUlY2N6GiCkNDRC1UUlY2OKGiIENDRC1UUlY3MqGiIENDRC1UUlY3NaGiCkNDRC1UUlY3OEWhokNDRC1UUlY4MaGiIENDRC1UUlY4MqGiCkNDRC1UUlY4NaGiQ0NELVRSVjg3oaJDQ0QtVFJWODihogpDQ0QtVFJWOTGhoiBDQ0QtVFJWOTOhogpDQ0QtVFJWOTRFoaJDQ0QtVFJWOTWhokNDRC1UUlY5NUWhoiAKQ0NELVRSVjk4oaIgQ0NELVRSVjk5oaJDQ0QtVFJWMTAxoaIKQ0NELVRSVjExOaGiIENDRC1UUlYyMTWhokNDRC1UUlYzMTWhogpDQ0QtVFJWNTE3oaJDQ0QtVFJWOTMwoaJDQ0QtVFJWNjE1oaIKQ0NELVRSVjcxNaGiIENDRC1UUlY3MTahoiBDQ0QtVFJWNzIwoaIKQ0NELVRSVjgxNaGiQ0NELVRSVjk0MKGiQ0NELVRSVjMwMDAgPGJyPgqh8VNvbnkgQ0NELVNDIChIaTgpIKW3peqpYKW6PGJyPgpDQ0QtU0M1oaJDQ0QtU0M1L0WhokNDRC1TQzahogpDQ0QtU0M3L0WhokNDRC1TQzgvRaGiQ0NELVNDNTWhogpDQ0QtU0M2NSA8YnI+CqHxU29ueSBEQ1ItVFI3IKW3peqpYKW6IERDUi1UUjcwMDAgPGJyPgqh8VNvbnkgRENSLVRSViAoTWluaURWKSClt6XqqWClujxicj4KRENSLVRSVjEwM6GiRENSLVRSVjExMKGiRENSLVRSVjEyMKGiCkRDUi1UUlYxMzChokRDUi1UUlYyMTChokRDUi1UUlYzMTChogpEQ1ItVFJWMzE1oaJEQ1ItVFJWMzIwoaJEQ1ItVFJWNaGiCkRDUi1UUlY1MTChokRDUi1UUlY1MjChokRDUi1UUlY1MjWhogpEQ1ItVFJWN6GiRENSLVRSVjcyMKGiRENSLVRSVjgyMKGiCkRDUi1UUlY5oaJEQ1ItVFJWOTIsRENSLVRSVjkwMCA8YnI+CqHxU29ueSBEQ1ItVFYgpbel6qlgpbo8YnI+CkRDUi1UVjkwMKGiRENSLVRWOTAwRSA8YnI+CqHxU29ueSBEQ1ItVlggKE1pbmlEVikgpbel6qlgpbo8YnI+CkRDUi1WWDIwMDChoiBEQ1ItVlgyMTAwoaIgRENSLVZYMjEwMEWhogpEQ1ItVlg3MDChoiBEQ1ItVlg5IKW3peqpYKW6IDxicj4KofFTb255IERTUiClt6XqqWClujxicj4KRFNSLTIwMKGiRFNSLTMwMKGiRFNSLVBEMTAwQSA8YnI+CqHxU29ueSBHViAoVmlkZW8gV2Fsa21hbikgpbel6qlgpbo8YnI+CkdWLUE1MDChokdWLUE1MDBFoaJHVi1BNzAwoaIKR1YtRDIwMKGiR1YtRDgwMDxicj4KofGlz6WkpdOluKXnpfOlz6Xzpcelo6WrpeAgPGJyPgpIRFItRlgxL0hWUi1aN0ovSFZSLVo1Si9IVlItVjFKL0hWUi1IRDEwMDBKL0hYUi1OWDVKIDxicj4=,MoKApbulw6XIoaHLzcHPn2/Bz8j90fOlu6XrILTzyN3Bvzc1MDBtQWihobLQwb+x7cq+TlAtRjk3MC9OUC1GOTUwLyBIRFItQVgyMDAwL0hEUi1GWDcvSERSLUZYMTAwMC9IWFItTlg1Si9IVkwtTEJQL0hWUi1aNUovSFZSLVYxSi9IVlItWjdKL0hWUi1BMUovSFZSLUhEMTAwMEovSFZSLTE1MDBBL0hWUi1NMzVKL0hWUi1NMjVBSi9IVlItTTE1QUogpaul4aXpjJ2P6qO6pdClw6XGpeqpYON50NA=,paul4aXppdClw6XGpeqpYKWrpeGl6bPk64rG96XTpcelqqXQpcOlxqXqqWCl06XHpaqz5OuKxvelq6XhpemlsKXqpcOl19fusLKCjrPk64rG96XQpcOlxqXqqWClraXjpc6l86XLpbOl86XRpcqlvaXLpcOlr6W9pcupYDKCgKW7pcOlyKGhy83Bz59vwc/I/dHzpbul6yC088jdwb83NTAwbUFooaGy0MG/se3Kvk5QLUY5NzAvTlAtRjk1MC8gSERSLUFYMjAwMC9IRFItRlg3L0hEUi1GWDEwMDAvSFhSLU5YNUovSFZMLUxCUC9IVlItWjVKL0hWUi1WMUovSFZSLVo3Si9IVlItQTFKL0hWUi1IRDEwMDBKL0hWUi0xNTAwQS9IVlItTTM1Si9IVlItTTI1QUovSFZSLU0xNUFKIKWrpeGl6Yydj+o=,zerIq7ulk1Gl0KXDpcal6qlgob6jtqX21MKxo9Reob+hozKCgKW7pcOlyKGhy83Bz59vwc/I/dHzpbul6yC088jdwb83NTAwbUFooaGy0MG/se3Kvk5QLUY5NzAvTlAtRjk1MC8gSERSLUFYMjAwMC9IRFItRlg3L0hEUi1GWDEwMDAvSFhSLU5YNUovSFZMLUxCUC9IVlItWjVKL0hWUi1WMUovSFZSLVo3Si9IVlItQTFKL0hWUi1IRDEwMDBKL0hWUi0xNTAwQS9IVlItTTM1Si9IVlItTTI1QUovSFZSLU0xNUFKIKWrpeGl6Yydj+o=[rn]
33-14396,aHR0cDovL3RzaG9wLnIxMHMuanAvYmF0dGVyeWdpbm5rb3UvY2FiaW5ldC9zaG9oaW4wMS8wNDUwNDI3Ny8wNDU0ODA4MC9pbWdyYzAwNjcwMTUyOTAuanBnP2ZpdGluPTcwMDo3MDA=,NTE2Ny4yMDAw,,VFY/paqpYKXHpaOlqj+lq6XhpekgPiClq6Xhpek/pdOlx6Wqpaul4aXpP7ni0aeZQ8b3ID4gpdOlx6Wqpaul4aXp,ob6koqS5mFOMnY/qob+jsoKApbulw6XItPPI3cG/ICBWSUNUT1IgQk4tVkcxMzggQk4tVkcxMjkgQk4tVkcxMjEgQk4tVkcxMDcgQk4tVkcxMDggQk4tVkcxMDkgu6WTUaXQpcOlxqXqqWAvpdOlr6W/qWBWSUNUT1KjqEpWQymlx6W4pb+l66XTpcelqqWrpeGl6S9HWi1FWDI1MKGiR1otRTI4MKGiR1otRTMyMKGiR1otRTMyNaGiR1otRTM0NaGiR1otRVgzNTAvR1otTjGhokdaLU41oaJHWi1FWDM3MKGiR1otRTU2NaGiR1YtTFMxoaJHVi1MUzK1yA==,zerIq7ulk1Gl0KXDpcal6qlgob6jtqX21MKxo9Reob8=,ofHXtJFCo7qhodDCxrehotDOyr2juqGhpeqlwaWmpeClpKWqpfOz5OuKs9ihouuKiFKjuqGhMy42ViChosjdwb+juqGhNTcwMG1BaCChorTnt6ijuqGhvHNENC4zY214VzMuMWNteEg0LjI1Y22hotl8wb+juqGhvHMxMTBnPGJyPgqh8Yydj+qZQ7dOo7ql06Wvpb+pYFZJQ1RPUqOoSlZDKaXHpbilv6XrpdOlx6Wqpaul4aXpIEdaLU1TMjEwoaJHWi1NRzk4MKGiR1otSEQ2MjChokdaLUhNMzUwoaJHWi1ITTQ1MKGiR1otSE01NzChokdaLUhNNjcwoaJHWi1ITTY5MKGiR1otSE04ODChokdaLUhNODkwoaJHWi1ITTk5MKGiR1otTVMyMzChokdaLUUyNjWhokdaLUUyMjWhokdaLUUyMjChokdaLUc1oaJHWi1FWDI3MKGiR1otRVgyNTChokdaLUUyODChokdaLUUzMjChokdaLUUzMjWhokdaLUUzNDWhokdaLUVYMzUwoaJHWi1FWDM3MKGiR1otRTU2NaGiR1YtTFMxoaJHVi1MUzKhoqXIqWClq8zDR1otRTE4MKGiR1otSE0zOTChokdaLUhNMzM8YnI+CqHxsaPXb7vYwrejurG+0XXGt6TLpM/fXuuKwfexo9dvoaLfXrPk64q3wNa5oaLfXrfF64q3wNa5pM6xo9dvu9jCt6SsxNrKaaS1pOykxqSkpN6kuaTOpMfKudPDmUPG96TLpcCl4algpbik8tPrpKik66SzpMikyqSvsLLQxKS3pMaktMD708OkpKS/pMCksaTepLmhozxicj6h8Y++wLSkzqXQpcOlxqXqqWCl0aXDpa+kzsjdwb+ky4ydpLcsNTYwMG1BaKTOtPPI3cG/ISE8YnI+CqHxvIPV/aTOs+Trisb3pMilq6XhpemxvszlpMez5OuKv8nE3KGjvIPV/ca3pMjNrKS4pOikpqTLyrnTw6Ssv8nE3KTOzerIq7ulk1HGt6Gjpaul4aXpsb7M5aTLpM+l0KXDpcal6qlgstDBv7Htyr6krL/JxNyhozxicj4KofGMnY/qu6WTUbyxy9mz5OuKxvdBQS1WRzGk4rP2xrekt6TGpKqk6qTepLmhos2sl3m/ycTcoaM8YnI+,ob6koqS5mFOMnY/qob+jsoKApbulw6XItPPI3cG/ICBWSUNUT1IgQk4tVkcxMzggQk4tVkcxMjkgQk4tVkcxMjEgQk4tVkcxMDcgQk4tVkcxMDggQk4tVkcxMDkgu6WTUaXQpcOlxqXqqWAvpdOlr6W/qWBWSUNUT1KjqEpWQymlx6W4pb+l66XTpcelqqWrpeGl6S9HWi1FWDI1MKGiR1otRTI4MKGiR1otRTMyMKGiR1otRTMyNaGiR1otRTM0NaGiR1otRVgzNTAvR1otTjGhokdaLU41oaJHWi1FWDM3MKGiR1otRTU2NaGiR1YtTFMxoaJHVi1MUzK1yKO6pdClw6XGpeqpYON50NA=,paul4aXppdClw6XGpeqpYKWrpeGl6bPk64rG96XTpcelqqXQpcOlxqXqqWCl06XHpaqz5OuKxvelq6XhpemlsKXqpcOl19fusLKCjrPk64rG96XQpcOlxqXqqWClraXjpc6l86XLpbOl86XRpcqlvaXLpcOlr6W9pcupYKG+pKKkuZhTjJ2P6qG/o7KCgKW7pcOlyLTzyN3BvyAgVklDVE9SIEJOLVZHMTM4IEJOLVZHMTI5IEJOLVZHMTIxIEJOLVZHMTA3IEJOLVZHMTA4IEJOLVZHMTA5ILulk1Gl0KXDpcal6qlgL6XTpa+lv6lgVklDVE9So6hKVkMppceluKW/peul06XHpaqlq6XhpekvR1otRVgyNTChokdaLUUyODChokdaLUUzMjChokdaLUUzMjWhokdaLUUzNDWhokdaLUVYMzUwL0daLU4xoaJHWi1ONaGiR1otRVgzNzChokdaLUU1NjWhokdWLUxTMaGiR1YtTFMytcg=,zerIq7ulk1Gl0KXDpcal6qlgob6jtqX21MKxo9Reob+ho6G+pKKkuZhTjJ2P6qG/o7KCgKW7pcOlyLTzyN3BvyAgVklDVE9SIEJOLVZHMTM4IEJOLVZHMTI5IEJOLVZHMTIxIEJOLVZHMTA3IEJOLVZHMTA4IEJOLVZHMTA5ILulk1Gl0KXDpcal6qlgL6XTpa+lv6lgVklDVE9So6hKVkMppceluKW/peul06XHpaqlq6XhpekvR1otRVgyNTChokdaLUUyODChokdaLUUzMjChokdaLUUzMjWhokdaLUUzNDWhokdaLUVYMzUwL0daLU4xoaJHWi1ONaGiR1otRVgzNzChokdaLUU1NjWhokdWLUxTMaGiR1YtTFMytcg=[rn]
33-14397,aHR0cDovL3RzaG9wLnIxMHMuanAvYmF0dGVyeWdpbm5rb3UvY2FiaW5ldC9zaG9oaW4wMS8wNDUwNDI3Ny8wNDU0NDcwNC9pbWdyYzAwNjcxMTc1NTguanBnP2ZpdGluPTcwMDo3MDA=,NDQ3Ni4wMDAw,,VFY/paqpYKXHpaOlqj+lq6XhpekgPiClq6Xhpek/pdOlx6Wqpaul4aXpP7ni0aeZQ8b3ID4gpdOlx6Wqpaul4aXp,yP3R86W7pesgtPPI3cG/NzUwMG1BaKGhstDBv7Htyr6/ycTcoaK8g9X9s+Trisb3pMilq6XhpemxvszlpMez5OuKv8nE3KGhTlAtRjk3MC9OUC1GOTUwpdClw6XGpeqpYKXRpcOlry8gSERSLUFYMjAwMC9IRFItRlg3L0hEUi1GWDEwMDAvSFhSLU5YNUovSFZMLUxCUC9IVlItWjVKL0hWUi1WMUovSFZSLVo3Si9IVlItQTFKL0hWUi1IRDEwMDBKL0hWUi0xNTAwQS9IVlItTTM1Si9IVlItTTI1QUovSFZSLU0xNUFKjJ2P6g==,zerIq7ulk1Gl0KXDpcal6qlgob6jtqX21MKxo9Reob8=,ofHQzsq9o7ql6qXBpaal4KWkpaql87Pk64qz2CA8YnI+CqHx64qIUqO6oaE3LjJWIDxicj4KofHI3cG/o7qhoTc1MDBtQWggPGJyPgqh8bTzpK2ktaO6t/kzOC40ocG436S1NjAuMKHBsMLQ0DcwLjhtbTxicj4KofHZfMG/o7q8czMwMGc8YnI+CqHxyaujuvxcPGJyPgqh8bGj12+72MK3o7qxvtF1xreky6TP317risH3saPXb6Gi316z5OuKt8DWuaGi3163xeuKt8DWuaTOsaPXb7vYwrekrMTaymmktaTspMakpKTepLmkzqTHyrnTw5lDxveky6XApeGpYKW4pPLT66SopOuks6TIpMqkr7Cy0MSkt6TGpLTA+9PDpKSkv6TApLGk3qS5oaM8YnI+CqHxvIPV/aTOs+Trisb3pMez5OuKv8nE3Dxicj4KofGhsKWkpfOl1aWppeqlwaWmpeChsUylt6XqqWCluqTOpeqlwaXjqWCluKXjpdal66XQpcOlxqXqqWCl0aXDpa88YnI+CqHxt9aFZ867pMekzqXQpcOlxqXqqWCy0MG/se3KvqSsv8nE3KTKobClpKXzpdWlqaXqpcGlpqXgobGZQ8TctO7dZCA8YnI+CqHxxbfW3d9Cus+wssir0o7Wxt9tus/Gt6TO1F6huKPDo8Wl3qlgpa2l86WwobmkyMjVsb6huFBTRaG5yKG1w9F1xrehozxicj4KofGMnY/qmUO3TqO6PGJyPgqh8VNvbnkgSW5mb0xpdGhpdW0gTCClt6XqqWCluiA8YnI+ClNvbnkgQkMtVjYxNQpTb255IERDTS1NMQpTb255IERDUi1UUlU0N0UKU29ueSBIRFItRlgxClNvbnkgSFZSLVoxVQpTb255IE1WQy1DRDEwMDAKU29ueSBQTE0tMTAwIApTb255IFZDTC1FUzA2QQpTb255IFEwMDItSERSMSAKU29ueSBIVlItVjFKPGJyPgqh8VNvbnkgQ0NELVRSIChIaTgpIKW3peqpYKW6PGJyPgpDQ0QtVFIxoaJDQ0QtVFIxRaGiQ0NELVRSM6GiCkNDRC1UUjE4oaJDQ0QtVFIxOEWhokNDRC1UUjU3oaIKQ0NELVRSNjehokNDRC1UUjc2oaJDQ0QtVFI4N6GiCkNDRC1UUjIwMKGiQ0NELVRSMjA1oaJDQ0QtVFIyMTWhogpDQ0QtVFIzMDChokNDRC1UUjMxMUWhokNDRC1UUjMxN6GiCkNDRC1UUjQxMUWhokNDRC1UUjQxM6GiQ0NELVRSNDE0oaIKQ0NELVRSNDE2oaJDQ0QtVFI0MTehokNDRC1UUjQyNUWhogpDQ0QtVFI0MjehokNDRC1UUjUwMKGiQ0NELVRSNTExRaGiCkNDRC1UUjUxNUWhokNDRC1UUjUxNqGiQ0NELVRSNTE3oaIKQ0NELVRSNTU1oaJDQ0QtVFI2MTChokNDRC1UUjYxN6GiCkNDRC1UUjcxMKGiQ0NELVRSNzEzRaGiQ0NELVRSNzE2oaIKQ0NELVRSODE4oaJDQ0QtVFI5MTChokNDRC1UUjkxN6GiCkNDRC1UUjkzMKGiQ0NELVRSOTQwoaJDQ0QtVFIxMTAwRaGiCkNDRC1UUjIyMDBFoaJDQ0QtVFIyMzAwoaJDQ0QtVFIzMDAwoaIKQ0NELVRSMzAwMEWhokNDRC1UUjMxMDBFoaJDQ0QtVFIzMjAwRaGiCkNDRC1UUjMzMDChokNDRC1UUlQ5NyA8YnI+CqHxU29ueSBDQ0QtVFJWIChNaW5pRFYpIKW3peqpYKW6PGJyPgpDQ0QtVFJWNKGiQ0NELVRSVjE1oaJDQ0QtVFJWMTahogpDQ0QtVFJWMjWhokNDRC1UUlYzNaGiIENDRC1UUlYzNqGiCkNDRC1UUlYzN6GiIENDRC1UUlY0MaGiQ0NELVRSVjQzoaIKQ0NELVRSVjQ2oaJDQ0QtVFJWNTGhokNDRC1UUlY1NEWhoiAKQ0NELVRSVjU3oaJDQ0QtVFJWNTihoiBDQ0QtVFJWNjKhogpDQ0QtVFJWNjWhokNDRC1UUlY2NqGiIENDRC1UUlY2N6GiCkNDRC1UUlY2OKGiIENDRC1UUlY3MqGiIENDRC1UUlY3NaGiCkNDRC1UUlY3OEWhokNDRC1UUlY4MaGiIENDRC1UUlY4MqGiCkNDRC1UUlY4NaGiQ0NELVRSVjg3oaJDQ0QtVFJWODihogpDQ0QtVFJWOTGhoiBDQ0QtVFJWOTOhogpDQ0QtVFJWOTRFoaJDQ0QtVFJWOTWhokNDRC1UUlY5NUWhoiAKQ0NELVRSVjk4oaIgQ0NELVRSVjk5oaJDQ0QtVFJWMTAxoaIKQ0NELVRSVjExOaGiIENDRC1UUlYyMTWhokNDRC1UUlYzMTWhogpDQ0QtVFJWNTE3oaJDQ0QtVFJWOTMwoaJDQ0QtVFJWNjE1oaIKQ0NELVRSVjcxNaGiIENDRC1UUlY3MTahoiBDQ0QtVFJWNzIwoaIKQ0NELVRSVjgxNaGiQ0NELVRSVjk0MKGiQ0NELVRSVjMwMDAgPGJyPgqh8VNvbnkgQ0NELVNDIChIaTgpIKW3peqpYKW6PGJyPgpDQ0QtU0M1oaJDQ0QtU0M1L0WhokNDRC1TQzahogpDQ0QtU0M3L0WhokNDRC1TQzgvRaGiQ0NELVNDNTWhogpDQ0QtU0M2NSA8YnI+CqHxU29ueSBEQ1ItVFI3IKW3peqpYKW6IERDUi1UUjcwMDAgPGJyPgqh8VNvbnkgRENSLVRSViAoTWluaURWKSClt6XqqWClujxicj4KRENSLVRSVjEwM6GiRENSLVRSVjExMKGiRENSLVRSVjEyMKGiCkRDUi1UUlYxMzChokRDUi1UUlYyMTChokRDUi1UUlYzMTChogpEQ1ItVFJWMzE1oaJEQ1ItVFJWMzIwoaJEQ1ItVFJWNaGiCkRDUi1UUlY1MTChokRDUi1UUlY1MjChokRDUi1UUlY1MjWhogpEQ1ItVFJWN6GiRENSLVRSVjcyMKGiRENSLVRSVjgyMKGiCkRDUi1UUlY5oaJEQ1ItVFJWOTIsRENSLVRSVjkwMCA8YnI+CqHxU29ueSBEQ1ItVFYgpbel6qlgpbo8YnI+CkRDUi1UVjkwMKGiRENSLVRWOTAwRSA8YnI+CqHxU29ueSBEQ1ItVlggKE1pbmlEVikgpbel6qlgpbo8YnI+CkRDUi1WWDIwMDChoiBEQ1ItVlgyMTAwoaIgRENSLVZYMjEwMEWhogpEQ1ItVlg3MDChoiBEQ1ItVlg5IKW3peqpYKW6IDxicj4KofFTb255IERTUiClt6XqqWClujxicj4KRFNSLTIwMKGiRFNSLTMwMKGiRFNSLVBEMTAwQSA8YnI+CqHxU29ueSBHViAoVmlkZW8gV2Fsa21hbikgpbel6qlgpbo8YnI+CkdWLUE1MDChokdWLUE1MDBFoaJHVi1BNzAwoaIKR1YtRDIwMKGiR1YtRDgwMDxicj4KofGlz6WkpdOluKXnpfOlz6Xzpcelo6WrpeAgPGJyPgpIRFItRlgxL0hWUi1aN0ovSFZSLVo1Si9IVlItVjFKL0hWUi1IRDEwMDBKL0hYUi1OWDVKIDxicj4=,yP3R86W7pesgtPPI3cG/NzUwMG1BaKGhstDBv7Htyr6/ycTcoaK8g9X9s+Trisb3pMilq6XhpemxvszlpMez5OuKv8nE3KGhTlAtRjk3MC9OUC1GOTUwpdClw6XGpeqpYKXRpcOlry8gSERSLUFYMjAwMC9IRFItRlg3L0hEUi1GWDEwMDAvSFhSLU5YNUovSFZMLUxCUC9IVlItWjVKL0hWUi1WMUovSFZSLVo3Si9IVlItQTFKL0hWUi1IRDEwMDBKL0hWUi0xNTAwQS9IVlItTTM1Si9IVlItTTI1QUovSFZSLU0xNUFKjJ2P6qO6pdClw6XGpeqpYON50NA=,paul4aXppdClw6XGpeqpYKWrpeGl6bPk64rG96XTpcelqqXQpcOlxqXqqWCl06XHpaqz5OuKxvelq6XhpemlsKXqpcOl19fusLKCjrPk64rG96XQpcOlxqXqqWClraXjpc6l86XLpbOl86XRpcqlvaXLpcOlr6W9pcupYMj90fOlu6XrILTzyN3Bvzc1MDBtQWihobLQwb+x7cq+v8nE3KGivIPV/bPk64rG96TIpaul4aXpsb7M5aTHs+Trir/JxNyhoU5QLUY5NzAvTlAtRjk1MKXQpcOlxqXqqWCl0aXDpa8vIEhEUi1BWDIwMDAvSERSLUZYNy9IRFItRlgxMDAwL0hYUi1OWDVKL0hWTC1MQlAvSFZSLVo1Si9IVlItVjFKL0hWUi1aN0ovSFZSLUExSi9IVlItSEQxMDAwSi9IVlItMTUwMEEvSFZSLU0zNUovSFZSLU0yNUFKL0hWUi1NMTVBSoydj+o=,zerIq7ulk1Gl0KXDpcal6qlgob6jtqX21MKxo9Reob+ho8j90fOlu6XrILTzyN3Bvzc1MDBtQWihobLQwb+x7cq+v8nE3KGivIPV/bPk64rG96TIpaul4aXpsb7M5aTHs+Trir/JxNyhoU5QLUY5NzAvTlAtRjk1MKXQpcOlxqXqqWCl0aXDpa8vIEhEUi1BWDIwMDAvSERSLUZYNy9IRFItRlgxMDAwL0hYUi1OWDVKL0hWTC1MQlAvSFZSLVo1Si9IVlItVjFKL0hWUi1aN0ovSFZSLUExSi9IVlItSEQxMDAwSi9IVlItMTUwMEEvSFZSLU0zNUovSFZSLU0yNUFKL0hWUi1NMTVBSoydj+o=[rn]
33-14398,aHR0cDovL3RzaG9wLnIxMHMuanAvYmF0dGVyeWdpbm5rb3UvY2FiaW5ldC9zaG9oaW4wMS8wNDUwNDI3Ny8wNDU0NTUwNS9pbWdyYzAwNjcwMzM5NDAuanBnP2ZpdGluPTcwMDo3MDA=,MTk4Ny4yMDAw,,VFY/paqpYKXHpaOlqj+lq6XhpekgPiClq6Xhpek/pdOlx6Wqpaul4aXpP7ni0aeZQ8b3ID4gpdOlx6Wqpaul4aXp,ob6koqS5mFOMnY/qob8ygoClu6XDpcggvIPV/ca3pMjNrKS4pOikpqTLyrnTw6Ssv8nE3CAgUGFuYXNvbmljIKXRpcqlvaXLpcOlr6Ghpeul36XDpa+luYydj+qhoc3qyKu088jdwb+7pZNRpdClw6XGpeqpYERNVy1CTEQxMKGhMTQwMG1haCBQYW5hc29uaWMgTFVNSVihoURNQy1HWDFYLy9ETUMtR1gxVy9ETUMtR1gxL0RNQy1HM1cgQ1ilt6XqqWCluoydj+ogvIPV/aTOs+Trisb3pMez5OuKv8nE3A==,zerIq7ulk1Gl0KXDpcal6qlgob6jtqX21MKxo9Reob8=,ofGMnY/qmUO3Tjxicj4KUGFuYXNvbmljOiDSu9Hbpeyl1Txicj4KCkRNQy1HRjIvRE1DLUczL0RNQy1HWDGhoTxicj4KCqHxu6WTUb/JxNyl0KXDpcal6qlgo7ogUGFuYXNvbmljOiBETVctQkxEMTAgPGJyPgqh8byD1f2kzrPk64rG96THs+Trir/JxNw8YnI+Cgqh8bGj12+72MK3o7qxvtF1xreky6TP317risH3saPXb6Gi316z5OuKt8DWuaGi3163xeuKt8DWuaTOsaPXb7vYwrekrMTaymmktaTspMakpKTepLmkzqTHyrnTw5lDxveky6XApeGpYKW4pPLT66SopOuks6TIpMqkr7Cy0MSkt6TGpLTA+9PDpKSkv6TApLGk3qS5oaM8YnI+Cgqh8cW31t3fQrrPsLLIq9KO1sbfbbrPxrekztReobijw6PFpd6pYKWtpfOlsKG5pMjI1bG+obhQU0WhucihtcPRdca3oaM8YnI+Cgqh8Yydj+qz5OuKxvdETVctQlRDN6Ti2JyJ06S3pMakqqTqpN6kuaGjPGJyPgoKofG8g9X9xrekyM2spLik6KSmpMvKudPDpKy/ycTcPGJyPgoKofGlq6XhpemxvszlpMukz6XQpcOlxqXqqWCy0MG/se3KviA8YnI+CqHx0M7KvaO6oaGl6qXBpaal4KWkpaql87Pk64qz2CAKPGJyPgqh8euKiFKjuqGhNy4yViA8YnI+CqHxyN3Bv6O6oaExNDAwbUFoIDxicj4KofG086StpLWjurxzNTEuNm1tocEzNi4ybW2hwTEzLjdtbTxicj4KofHW2MG/OiC8czUwZzxicj4KofHJq6O6/Fw8YnI+,ob6koqS5mFOMnY/qob8ygoClu6XDpcggvIPV/ca3pMjNrKS4pOikpqTLyrnTw6Ssv8nE3CAgUGFuYXNvbmljIKXRpcqlvaXLpcOlr6Ghpeul36XDpa+luYydj+qhoc3qyKu088jdwb+7pZNRpdClw6XGpeqpYERNVy1CTEQxMKGhMTQwMG1haCBQYW5hc29uaWMgTFVNSVihoURNQy1HWDFYLy9ETUMtR1gxVy9ETUMtR1gxL0RNQy1HM1cgQ1ilt6XqqWCluoydj+ogvIPV/aTOs+Trisb3pMez5OuKv8nE3KO6pdClw6XGpeqpYON50NA=,paul4aXppdClw6XGpeqpYKWrpeGl6bPk64rG96XTpcelqqXQpcOlxqXqqWCl06XHpaqz5OuKxvelq6XhpemlsKXqpcOl19fusLKCjrPk64rG96XQpcOlxqXqqWClraXjpc6l86XLpbOl86XRpcqlvaXLpcOlr6W9pcupYKG+pKKkuZhTjJ2P6qG/MoKApbulw6XIILyD1f3Gt6TIzaykuKTopKaky8q508OkrL/JxNwgIFBhbmFzb25pYyCl0aXKpb2ly6XDpa+hoaXrpd+lw6WvpbmMnY/qoaHN6sirtPPI3cG/u6WTUaXQpcOlxqXqqWBETVctQkxEMTChoTE0MDBtYWggUGFuYXNvbmljIExVTUlYoaFETUMtR1gxWC8vRE1DLUdYMVcvRE1DLUdYMS9ETUMtRzNXIENYpbel6qlgpbqMnY/qILyD1f2kzrPk64rG96THs+Trir/JxNw=,zerIq7ulk1Gl0KXDpcal6qlgob6jtqX21MKxo9Reob+ho6G+pKKkuZhTjJ2P6qG/MoKApbulw6XIILyD1f3Gt6TIzaykuKTopKaky8q508OkrL/JxNwgIFBhbmFzb25pYyCl0aXKpb2ly6XDpa+hoaXrpd+lw6WvpbmMnY/qoaHN6sirtPPI3cG/u6WTUaXQpcOlxqXqqWBETVctQkxEMTChoTE0MDBtYWggUGFuYXNvbmljIExVTUlYoaFETUMtR1gxWC8vRE1DLUdYMVcvRE1DLUdYMS9ETUMtRzNXIENYpbel6qlgpbqMnY/qILyD1f2kzrPk64rG96THs+Trir/JxNw=[rn]
33-14399,aHR0cDovL3RzaG9wLnIxMHMuanAvYmF0dGVyeWdpbm5rb3UvY2FiaW5ldC9zaG9oaW4wMS8wNDUwNDI3Ny8wNDU0ODAzNy9pbWdyYzAwNjcwMTQ5MTcuanBnP2ZpdGluPTcwMDo3MDA=,MjQ4OC44MDAw,,VFY/paqpYKXHpaOlqj+lq6XhpekgPiClq6Xhpek/pdOlx6Wqpaul4aXpP7ni0aeZQ8b3ID4gpdOlx6Wqpaul4aXp,ob6koqS5mFOMnY/qob+6o83ipMekzsq508Ok4r/JxNyhobyD1f27pZNRpMik4qTLs+Trir/JxNwgR29Qcm8gSEVSTzQgpaul4aXpIIydj+ogstDBv7Htyr6/ycTcIEdvUHJvIKW0qWCl16XtIEFIREJULTQwMSDN6siru6WTUaXQpcOlxqXqqWAygoCjqKXhqWClq6lgvIPV/bPk64rG94ydj+qjqaTIs+Trisb3pcGl46lgpbil46lgpM4zteOlu6XDpcg=,zerIq7ulk1Gl0KXDpcal6qlgs+Trisb3ob6jtqX21MKxo9Reob8=,ofKl0KXDpcal6qlgPGJyPgqh8Yydj+qZQ7dOPGJyPgpHb1BybyCltKlgpdel7TogSEVSTzQ8YnI+Cgqh8bulk1G/ycTcpdClw6XGpeqpYKO6IEdvUHJvIKW0qWCl16XtIEFIREJULTQ8YnI+Cgqh8byD1f2kzrPk64rG96THs+Trir/JxNw8YnI+Cgqh8bGj12+72MK3o7qxvtF1xreky6TP317risH3saPXb6Gi316z5OuKt8DWuaGi3163xeuKt8DWuaTOsaPXb7vYwrekrMTaymmktaTspMakpKTepLmkzqTHyrnTw5lDxveky6XApeGpYKW4pPLT66SopOuks6TIpMqkr7Cy0MSkt6TGpLTA+9PDpKSkv6TApLGk3qS5oaM8YnI+Cgqh8cW31t3fQrrPsLLIq9KO1sbfbbrPxrekztReobijw6PFpd6pYKWtpfOlsKG5pMjI1bG+obhQU0WhucihtcPRdca3oaM8YnI+CqHx0M7KvaO6oaGl6qXBpaal4KWkpaql87Pk64qz2CA8YnI+CqHx64qIUqO6oaEzLjhWIDxicj4KofHI3cG/o7qhoTE2NjBtQWggPGJyPjxicj48YnI+Cgqh8rPk64rG9zxicj4KofGMnY/qpdClw6XGpeqpYDxicj4KR29Qcm+l0KXDpcal6qlgo7ogQUhEQlQtNDAxoaE8YnI+Cgqh8czYj9U8YnI+CqOxoaLX1ITT3IekzqW3paypYKXppaSlv6lgpb2lsaXDpciky73TvkGkt6GiQUOloqXApdelv6lgpKykxKSkpMakpKTepLks3Iekx6TOyrnTw6Tiv8nE3CA8YnI+CgqjsqGi3VjBv6TH0K+OoaTLtPOJ5LHjwPsgPGJyPgoKo7OhosW31t3fQrrPsLLIq9KO1sbfbbrPxrekztReobijw6PFpd6pYKWtpfOlsKG5pMjI1bG+obhQU0WhucihtcPRdca3PGJyPgoKofGlu6XDpcjE2sjdIDxicj4KMS7ch6TOREOloqXApdelv6lgPGJyPgoyLqXipdClpKXrpcGl46lgpbil46lgKLPk64rG9yk8YnI+IAoKP0lOUFVUo7ogQUMgMTAwoasyNDBWoaE1MC82MEh6oaGjqMrAvee497n6jJ2P6qOpIERDIDEyLTI0ViA8YnI+Cgo/T1VUUFVUo7ogREMgNC4yViA2MDBtQSA8YnI+Cgqh8bPk64qz9sGmpKzX7rTzNjAwbUGkzryxy9mz5OuKpb+lpKXXpMekuaGjIDxicj4KCqHxyOvBpuuKiFIgQUMgMTAwLTI0MFakx7qjzeKkx6TOyrnTw6Tiv8nE3KTHpLmhoyAKKKH5pKqk3qSxpMikt6TGoaK6o83ipMfA+9PDpMekraTrpdel6aWwpOK4tsr0pLekxqSkpN6kuaGjKSA8YnI+CqHxs+Cl6aXzpdehvrPk64rW0KG/oaG+dqXppfOl16G+s+Tris3qwcuhvyA8YnI+,ob6koqS5mFOMnY/qob+6o83ipMekzsq508Ok4r/JxNyhobyD1f27pZNRpMik4qTLs+Trir/JxNwgR29Qcm8gSEVSTzQgpaul4aXpIIydj+ogstDBv7Htyr6/ycTcIEdvUHJvIKW0qWCl16XtIEFIREJULTQwMSDN6siru6WTUaXQpcOlxqXqqWAygoCjqKXhqWClq6lgvIPV/bPk64rG94ydj+qjqaTIs+Trisb3pcGl46lgpbil46lgpM4zteOlu6XDpcijuqXQpcOlxqXqqWDjedDQ,paul4aXppdClw6XGpeqpYKWrpeGl6bPk64rG96XTpcelqqXQpcOlxqXqqWCl06XHpaqz5OuKxvelq6XhpemlsKXqpcOl19fusLKCjrPk64rG96XQpcOlxqXqqWClraXjpc6l86XLpbOl86XRpcqlvaXLpcOlr6W9pcupYKG+pKKkuZhTjJ2P6qG/uqPN4qTHpM7KudPDpOK/ycTcoaG8g9X9u6WTUaTIpOKky7Pk64q/ycTcIEdvUHJvIEhFUk80IKWrpeGl6SCMnY/qILLQwb+x7cq+v8nE3CBHb1BybyCltKlgpdel7SBBSERCVC00MDEgzerIq7ulk1Gl0KXDpcal6qlgMoKAo6il4algpaupYLyD1f2z5OuKxveMnY/qo6mkyLPk64rG96XBpeOpYKW4peOpYKTOM7Xjpbulw6XI,zerIq7ulk1Gl0KXDpcal6qlgs+Trisb3ob6jtqX21MKxo9Reob+ho6G+pKKkuZhTjJ2P6qG/uqPN4qTHpM7KudPDpOK/ycTcoaG8g9X9u6WTUaTIpOKky7Pk64q/ycTcIEdvUHJvIEhFUk80IKWrpeGl6SCMnY/qILLQwb+x7cq+v8nE3CBHb1BybyCltKlgpdel7SBBSERCVC00MDEgzerIq7ulk1Gl0KXDpcal6qlgMoKAo6il4algpaupYLyD1f2z5OuKxveMnY/qo6mkyLPk64rG96XBpeOpYKW4peOpYKTOM7Xjpbulw6XI[rn]
33-14400,aHR0cDovL3RzaG9wLnIxMHMuanAvYmF0dGVyeWdpbm5rb3UvY2FiaW5ldC9zaG9oaW4wMS8wNDUwNDI4NC8wNDU0ODczMC9pbWdyYzAwNjc2MDIxMzcuanBnP2ZpdGluPTcwMDo3MDA=,ODQ3LjIwMDA=,,VFY/paqpYKXHpaOlqj+lq6XhpekgPiClq6Xhpek/pdOlx6Wqpaul4aXpP7ni0aeZQ8b3ID4gpdOlx6Wqpaul4aXp,ob6koqS5mFOMnY/qob+hoVNvbnlOUC1RTTkxRKGhTlAtRk01MC9OUC1GNTUwL0xUMkYyMjAwL05QLUY5NzAvTlAtRk01MC9OUC1GTTUwMEgvTlAtRjc1MC9OUC1GNzcwL05QLUY5NTAvTlAtRjk2MC9OUC1GOTcwpdClw6XGpeqpYLyxy9m7pZNRVVNCs+Trisb3QkMtVk0xMEhYUi1OWDVKSERSLUZYNzE0TVpBUDE0TVpIUDEyWkExMlpI,u6WTUbPk64rG96G+o7al9tTCsaPUXqG/,ofFTb255TlAtRk01MC9OUC1GNTUwL0xUMkYyMjAwL05QLUY5NzAvTlAtRk01MC9OUC1GTTUwMEgvTlAtRk01NUgvTlAtRk03MC9OUC1RTTcwL05QLVFNNzEvTlAtUU03MUQvTlAtRk05MC9OUC1GTTkxL05QLVFNOTEvTlAtUU05MUQvTlAtRjMzMC9OUC1GNTUwL05QLUY1NzAvTlAtRjczMC9OUC1GNzUwL05QLUY3NzAvTlAtRjk1MC9OUC1GOTYwL05QLUY5NzCl0KXDpcal6qlgvLHL2bulk1Gz5OuKxvdCQy1WTTEwSFhSLU5YNUpIRFItRlg3MTRNWkFQMTRNWkhQMTJaQTEyWkg8QlI+Cgqh8Yydj+ql0KXDpcal6qlgTlAtRk01MC9OUC1GTTUwMEgvTlAtRk01NUgvTlAtRk03MC9RTTcwL1FNNzEvUU03MUQvTlAtRk05MC9GTTkxL1FNOTEvUU05MUQvTlAtRjMzMC9GNTUwL0Y1NzAvTlAtRjczMC9GNzUwL0Y3NzAvTlAtRjk1MC9GOTYwL0Y5NzAvQk4tVjYwNy9CTi1WNjE1L0xUMkYyMjAwPEJSPgoKofFVU0K2y9fTpKykoqTrmUPG96TLvdO+QaS3oaKkyaSzpMek4rPk64q/ycTcID+zrN1Ywb+kx9CvjqGky7TzieSx48D7oaM8QlI+CqHxs+TritbQpM+z4KXppfOl16Gis+Tris3qwcvh4aTPvnal6aXzpdekx6Sq1qqk6aS7oaM8QlI+CqHxyOvBpqO6bWljcm8gVVNCIERDNVahwDUlIKGis/bBpqO6REMgOC40VqHANSUgNTAwbUE8QlI+,ob6koqS5mFOMnY/qob+hoVNvbnlOUC1RTTkxRKGhTlAtRk01MC9OUC1GNTUwL0xUMkYyMjAwL05QLUY5NzAvTlAtRk01MC9OUC1GTTUwMEgvTlAtRjc1MC9OUC1GNzcwL05QLUY5NTAvTlAtRjk2MC9OUC1GOTcwpdClw6XGpeqpYLyxy9m7pZNRVVNCs+Trisb3QkMtVk0xMEhYUi1OWDVKSERSLUZYNzE0TVpBUDE0TVpIUDEyWkExMlpIo7ql0KXDpcal6qlg43nQ0A==,paul4aXppdClw6XGpeqpYKWrpeGl6bPk64rG96XTpcelqqXQpcOlxqXqqWCl06XHpaqz5OuKxvelq6XhpemlsKXqpcOl19fusLKCjrPk64rG96XQpcOlxqXqqWClraXjpc6l86XLpbOl86XRpcqlvaXLpcOlr6W9pcupYKG+pKKkuZhTjJ2P6qG/oaFTb255TlAtUU05MUShoU5QLUZNNTAvTlAtRjU1MC9MVDJGMjIwMC9OUC1GOTcwL05QLUZNNTAvTlAtRk01MDBIL05QLUY3NTAvTlAtRjc3MC9OUC1GOTUwL05QLUY5NjAvTlAtRjk3MKXQpcOlxqXqqWC8scvZu6WTUVVTQrPk64rG90JDLVZNMTBIWFItTlg1SkhEUi1GWDcxNE1aQVAxNE1aSFAxMlpBMTJaSA==,u6WTUbPk64rG96G+o7al9tTCsaPUXqG/oaOhvqSipLmYU4ydj+qhv6GhU29ueU5QLVFNOTFEoaFOUC1GTTUwL05QLUY1NTAvTFQyRjIyMDAvTlAtRjk3MC9OUC1GTTUwL05QLUZNNTAwSC9OUC1GNzUwL05QLUY3NzAvTlAtRjk1MC9OUC1GOTYwL05QLUY5NzCl0KXDpcal6qlgvLHL2bulk1FVU0Kz5OuKxvdCQy1WTTEwSFhSLU5YNUpIRFItRlg3MTRNWkFQMTRNWkhQMTJaQTEyWkg=[rn]
33-14401,aHR0cDovL3RzaG9wLnIxMHMuanAvc2hvcHdvcmxkL2NhYmluZXQvZl9pbWFnZS9mX21haW4vMTAxMzQ5NjNfbS5qcGc/Zml0aW49NzAwOjcwMA==,NTc2MC4wMDAw,,VFY/paqpYKXHpaOlqj+lq6XhpekgPiClq6Xhpek/pdOlx6Wqpaul4aXpP7ni0aeZQ8b3ID4gpdOlx6Wqpaul4aXp,t8DLriCloqWvpbel56XzpceluKW/peulq6Xhpekgpdal6aXDpa8gpeylw6XJIMuuye4gMTBtILfAy66lsalgpbkg0G6TxLGj12+lq6XQqWC4tqStIKWipa+lt6XnpfOlq6Xhpekgpbml3algpcSl06XHpaqlq6Xhpekgpaul4aXpIKXHpbilv6Xrpaul4aXpIKW5pd2pYKXEINfU3J7chyCl3qWmpfOlxqXzpdClpKWvIKW5pa2l5algpdClwKWkpdOl86WwINyHIOVou60gtOnTsCBVU0Ig/Fwgs+A=,t8DLrqWrpdCpYLi2pK2kzqWipa+lt6XnpfOlq6Xhpek=,PENFTlRFUj4KPGltZyBzcmM9Imh0dHA6Ly9pbWFnZS5yYWt1dGVuLmNvLmpwL3Nob3B3b3JsZC9jYWJpbmV0L2ZfaW1hZ2UvdG9wMi8xMDEzNDk2M190LmpwZyI+PGJyPjxicj4KPGltZyBzcmM9Imh0dHA6Ly9pbWFnZS5yYWt1dGVuLmNvLmpwL3Nob3B3b3JsZC9jYWJpbmV0L2ZfaW1hZ2UvdG9wMi8xMDEzNDk2M18yLmpwZyI+PGJyPjxicj4KPGltZyBzcmM9Imh0dHA6Ly9pbWFnZS5yYWt1dGVuLmNvLmpwL3Nob3B3b3JsZC9jYWJpbmV0L2ZfaW1hZ2UvdG9wMi8xMDEzNDk2M19rLmpwZyI+Cgo8dGFibGUgd2lkdGg9IjYwMCIgYm9yZGVyPSIwIj4KPHRyPjx0ZD48aHI+IDwvdGQ+PC90cj4KPHRyPjx0ZD4KPGI+t8DLrqWipa+lt6XnpfOlx6W4pb+l66WrpeGl6SCl1qXppcOlryCl7KXDpck8L2I+PGJyPgo8Zm9udCBzaXplPSIyIiA+PGJyPjxCPrP10MTV36THpOKa3d1YpMuYU6S3pOGk66Wipa+lt6XnpfOlq6Xhpek8YnI+t8DLrqWxqWCluaTI0G6TxLGj12+lq6XQqWC4tqStpMeloqWmpcilyaWipMvX7t9tPC9CPjxCUj4KPGJyPgqluaXdqWClxKTkpaKlpqXIpcmloqTKpMmloqWvpcalo6XWpMqlt6lgpfOk8rTp07CkuaTrpL+k4aTOoaI8YnI+CtCh0M2kzqXHpbilv6Xrpaul4aXppKzIy5rdpPKyqaS3pMakpKTepLmhozxicj4Kpaul4aXppPLX1Nye3Iek5NfUhNPch6Gipdil66XhpcOlyLXIpMvIoaTquLaksaTGtOnTsKS5pOuks6TIpMehojxicj4Kpdel7aSstOnTsKS3pL+kq6TOpOikpqTKxVKI9rjQpKKk1aTspOvTs8/xpPK06aTrpLOkyKSspMekraTepLmhozxicj4KPGJyPgqxvtF1xrekz7P10MTV36THpOKa3d1YpMuhoqS1pOmky6TipMOkyLbgpK+kzre9pMuk4tDCpLekpNKVteOkx6TOtOnTsKTyPGJyPgrK1t1YpMuYU6ThpOuk6KSmpMvpX7BrpLWk7KS/paKlr6W3peel86WrpeGl6aTHpLmhozxicj4KPGJyPgql2KXrpeGlw6XIpOTX1Nye3Ieky8ihpOq4tqSxpMak4tew18W40KSsuNCkuKTppOykyqSkpK+k6aSk3VjBv6THoaI8YnI+CqXJpemlpKXWpOSltalgpdWlo6XzoaKltaWkpa+l6qXzpbCkyqTJpM6YlKGppMqlt6lgpfOkx6TOwPvTw6Tyz+u2qKS3oaI8YnI+Cs3qyKu3wMuupbGpYKW5pPK6rKTgN7dO7pCkzqWqpdelt6XnpfOl0algpcSjqLi2yvTGt6OppPKYy5zK17CC5KS3pMakpKTepLmhozxicj4K3IfE2rPk64rG96TiuLbK9KS3pMakpKTrpM6kx6Gipcml6aWkpdbW0KTL3IfE2qTHs+TriqS5pOuks6TIpOKkx6StpN6kuaGjPGJyPgo8YnI+CqXHpbilv6XrNLG2pbqpYKXgoaIyLjClpKXzpcHSur6npb+lw6XBpdGlzaXrpPK07t1kpLekxqSkpN6kuaGjPGJyPgqktaTppMuz9dDE1d+k5LK7kVSk7KTKt72kx6TiwPvTw6S3pOSkuaSkpOikpqGipbel86XXpeukq6TEuobS16TKstnX96Ty17fH86S3pL+k26SroaI8YnI+CqXZqWClt6XDpa+kyplDxNykyKS3pMalyaXppaSl1qXspbOpYKXAqWCl4qlgpcmk4tewguSkt6TGpKSk3qS5oaMKPGJyPgo8QlI+Cgo8Qj6hvsnMxrfUlLyaob88L0I+PEJSPgqltaWkpbqjuqOovHOjqTYuM6HBMi4yocE0LjJjbTxicj4K1tjBv6O6o6i8c6OpNDhnIDxicj4K64rUtKO6peqlwaWmpeClpKWqpfOl0KXDpcal6qlgIDMyMG1BSDxicj4Kt8DLrtDUxNyjusuuye4go6i8c6OpMTBtPGJyPgqlpKXhqWCluKW7pfOltalgo7oxLjOl4aWspdSlr6W7petDTU9Tpbul86W1qWA8YnI+CtOb5Wil4aXHpaOloqO6pd6lpKWvpe1TRKOoSEOjqaWrqWClySAzMkdCpN6kx4ydj+ogofml3qWkpa+l7VNEpaupYKXJhGWJ06TqPGJyPgq+sta5u62VctPQhL+7rc/xyv2juqOovHOjqTUwMM3yu63L2CAyNTkyocExOTQ0oaKjqLxzo6kzMDDN8ruty9ggMjA0OKHBMTUzNqGiPGJyPgqjqLxzo6kxMzDN8ruty9ggMTI4MKHBOTYwPGJyPgq+sta5u62l1aWhpaSl66XVpampYKXepcOlyKO6SlBFRzxicj4KhNO7raXVpampYKXepcOlyKO6QVZJPGJyPgqE07utveLP8bbIo7o3MjBQIDEyODChwTcyMKGiVkdBIDY0MKHBNDgwPGJyPgqE07uttOnTsJVypM7S9Mn5o7rT0Dxicj4KuLbK9Ma3o7q3wMuupbGpYKW5oaLQbpPEsaPXb6WrpdCpYKGizvzXxcq9pd6lpqXzpcihoqXPpfOlyaXrpdCpYMihuLal3qWmpfOlyKGiPGJyPgql2KXrpeGlw6XIyKG4tqXepaal86XIoaKl2KXrpeGlw6XIyKG4ttPDpdml66XIoaLch91k08Olt6WsqWCloqXApdelv6lgoaJVU0Klsalgpdal6zxicj4KPGJyPgo8IS0t16LS4srC7ZekrKSipOuI9rrPpM+hosnMxrfUlLyapM7PwqTLvNOkqKTrLS0+Cjxmb250IHNpemU9IjEiPjxiPqG+yrnTw8nPpM7XotLiob8gPC9iPjxicj4Kofm3wMuupbGpYKW517DXxZVypM+y2df3pMekraSrpM2k3qS5oaM8YnI+CqH5MrfW6WekzqW7pbCl4aXzpciasKTLtOnTsKS3pN6kuaGjMzJHQj+l3qWkpa+l7VNEpaupYKXJ17DXxZVypMfX7rTzMTUwt9akzrGjtOakrKTHpK2k3qS5oaM8YnI+ClNEpaupYKXJpM6y0MG/pKykyqSvpMqk66TIoaLX1ITTtcSky9fus/WkzrTp07Clu6WwpeGl86XIpKuk6c/7yKWktaTsoaI8YnI+CtDCpLekpLTp07Clu6WwpeGl86XIpMvJz5X4pK2ktaTspOuk6KSmpMukyqTDpMakpKTepLmhowo8L2ZvbnQ+Cgo8L2ZvbnQ+PC90ZD48L3RyPgo8dHI+PHRkPjxocj48L3RkPjwvdHI+Cjx0cj4KPHRkPgo8Rk9OVCBjb2xvcj0iIzAwMDAwMCIgc2l6ZT0iMiI+CqH5pLOkwaTppM88QSBocmVmPSJodHRwOi8vd3d3LnJha3V0ZW4uY28uanAvc2hvcHdvcmxkL2luZm8uaHRtbCI+3ZTI68nMxrc8L0E+pMikyqTqpN6kuaGjpLTZj8jrx7Cky7HYpLo8QSBocmVmPSJodHRwOi8vd3d3LnJha3V0ZW4uY28uanAvc2hvcHdvcmxkL2luZm8uaHRtbCI+16LS4srC7Zc8L0E+pPKktLRf1UrPwqS1pKShozwvRk9OVD48YnI+Cjxmb250IGNvbG9yPSIjMDAwMDAwIiBzaXplPSIyIj4Kofml4qXLpb+pYKTkrWi+s6TLpOik6qGiyaukztKKpKi3vaSsjGfrSKTOyczGt6TIrpCkyqTriPa6z6SspLSktqSkpN6kuaGjPGJyPgqh+aS016LOxKSsvK/W0KS3pL+I9rrPoaLO78H3gn2O7KTOu+zrarXIpMuk6KTqoaKwa8vNpKzfV6TspOuI9rrPpKyktKS2pKSk3qS5oaM8QlI+CqH5pLTPo837pM7F5N9fyNWVcqTLpKq97KSxs/bAtKTKpKSI9rrPpKyktKS2pKSk3qS5pM6kx6Gi0+ik4aS0wcuz0M/CpLWkpKGjPGJyPgqh+bK71f3Zj8jrpMjF0LbPpLekv4j2us+ky6TPpLTXos7EpPLIoaTqz/ukt6S1pLukxu2UpK+/ycTc0NSkrKS0pLakpKTepLmhowo8L2ZvbnQ+PC90ZD48L3RyPgo8IS0tpeql86Wv7pCkztDe1f2kz6SzpLMtLT4KPHRyPjx0ZD48YnI+PGEgaHJlZj0iaHR0cDovL2l0ZW0ucmFrdXRlbi5jby5qcC9zaG9wd29ybGQvYy8wMDAwMDAwMjA0Lz9zPTUmaT0xI3Jpc0ZpbCIgdGFyZ2V0PSJfdG9wIj4KzerIq7fAy66lq6XQqWC4tqStpcml6aWkpdal7KWzqWClwKlgpOQ8YnI+CrPWpMHfXKTTpKy6hoVnpMrI/b3FpMqkyaGipaul4aXp6XbfQqWipaSlxqXgpM+ks6TBpOmhoaO+o76lr6XqpcOlr6O8o7wKPC9hPjwvdGQ+PC90cj4KPC90YWJsZT48L0NFTlRFUj4KCjwhLS2XebD8pMukxKSkpMYtLT48YnI+PGNlbnRlcj48YSB0YXJnZXQ9Il9ibGFuayIgaHJlZj0iaHR0cDovL2l0ZW0ucmFrdXRlbi5jby5qcC9zaG9wd29ybGQvYy8wMDAwMDAwNzcyLyI+PGltZyBzcmM9Imh0dHA6Ly9pbWFnZS5yYWt1dGVuLmNvLmpwL3Nob3B3b3JsZC9jYWJpbmV0L3RfaW1nL2Jhbm5lci9lY282MDAuanBnIiBib3JkZXI9IjAiPjwvYT48YnI+PC9jZW50ZXI+pL2kzsv7IKWrpeGl6SCl4KlgpdOpYKWrpeGl6SCkz6SzpMGk6Txicj48YnI+CqXGpfOlyKGipaKlpqXIpcmloqXGqWCl1qXroaKl0KlgpdmlraXlqWDTw8a3oaKlr6lgpempYKXcpcOlr6W5oaKl6aXzpb+l86GiPGJyPqXppaSl1aW4peOlsaXDpcihouGepOrTw8a3IKGi19TcntyHoaKlraXDpa+l3KlgpcmkyqTJIKS9pM7L+yCluaXdqWClxD+loqWmpcilyaWi6XbfQsnMxrcgpM+ks6TBpOk8YnI+PGJyPgqkvaTOy/sgpaupYKWipa+lu6W1peogpM+ks6TBpOk8YnI+PGJyPgqkvaTOy/sgpdGlvaWzpfPW3N54mUPG9yCkz6SzpMGk6Txicj48YnI+Cgo8Zm9udCBzaXplPSIxIiBjb2xvcj0iI2NjY2NjYyI+MDAwMDAwMDg3NDE2IDg3NDE2IDAwMDAwMDA4NzQxOCA4NzQxOCA8YnI+pcml6aWkpdYgMTCl4algpcil6yClt6WsqWClvaWxpcOlyCCltalgpdWlo6XzIKW5pc6l3CCloqWvpbel56XzIKWipa+lxqWjpdalq6Xhpekg19TcntyHIKXepaal86XGpfOl0KWkpa8gpe2pYKXJpdClpKWvIEJNWKWqqWClyKXQpaQgpeKlyKWvpe2luSCluaWrpaSlwKWkpdOl86WwIKXRpemlt6XlqWClyCCluaWxpdypYCCluaWtqWAgpaul5KXDpa8gpbmlsalgpcil3KlgpckgpbmlzqlgpdypYKXJIKXppbils6XzIKW1qWCl1aWjpfMgpd6l6qXzpbml3algpcQgpaalo6Xzpb+pYKW5pd2pYKXEIOGepOogPC9mb250Pjxicj48YnI+CgoKCjwhLS2l7KXTpeWloqlgt6y4tqSzpLOkq6TpLS0+Cjxicj4KPCEtLaXspdOl5aWiqWC3rLi2pLOks6TepMctLT4KCgoKCgoKCgoKCgo8IS0tQ1NWvo68r9PDMjAxNjExMTCk3qTHLS0+PGJyPjxmb250IHNpemU9MSBjb2xvcj05OTk5OTk+IDEwUDAzRGVjMTYgPC9mb250PjwhLS2ks6SzpN6kxy0tPjwhLS0z1MIyNMjVoasz1MIyN8jVMTCVcqTepMctLQo8aW1nIGJvcmRlcj0iMCIgc3JjPSJodHRwOi8vaW1hZ2UucmFrdXRlbi5jby5qcC9zaG9wd29ybGQvY2FiaW5ldC9oLWkvYmFubmFyLzY1MGxlZC1zeW91aGluLmpwZyIgd2lkdGg9IjY1MCIgaGVpZ2h0PSIyNiI+PGJyPgo8aW1nIGJvcmRlcj0iMCIgc3JjPSJodHRwOi8vaW1hZ2UucmFrdXRlbi5jby5qcC9zaG9wd29ybGQvY2FiaW5ldC90X2ltZy9wYXJ0cy9zcGFjZXIuZ2lmIiB3aWR0aD0iMTAwIiBoZWlnaHQ9IjMiPjxicj4KCjx0YWJsZSBib3JkZXI9IjAiIGNlbGxwYWRkaW5nPSIwIiBjZWxsc3BhY2luZz0iMCIgd2lkdGg9IjY1MCI+Cjx0cj4KPHRkIHdpZHRoPSIxNjIiIGFsaWduPSJjZW50ZXIiIHZhbGlnbj0idG9wIj4KCjxpbWcgYm9yZGVyPSIwIiBzcmM9Imh0dHA6Ly9pbWFnZS5yYWt1dGVuLmNvLmpwL3Nob3B3b3JsZC9jYWJpbmV0L3RfaW1nL2l0ZW0yLzEwMTI5MjY1X21zMV9uLmpwZyIgd2lkdGg9IjE2MiIgaGVpZ2h0PSIxNjIiPjxicj4KPGZvbnQgc2l6ZT0iMiI+PGZvbnQgY29sb3I9IiNGRjAwMDAiPjxiPqXdpaSl86XIMTCxtjwvYj48L2ZvbnQ+PGJyPqXqpaKl66W/paSl4KXppfOlraXzpbA8YnI+vnS6z9K7zrvK3NlwPC9mb250Pjxicj4KPGZvbnQgc2l6ZT0iMiI+gf248TwvZm9udD48Yj48Zm9udCBzaXplPSI0IiBjb2xvcj0iI0ZGMDAwMCI+MSwwMDA8L2ZvbnQ+PC9iPjxmb250IHNpemU9IjIiPjxiPjxmb250IGNvbG9yPSIjRkYwMDAwIj6D0jwvZm9udD48L2I+y7DeejwvZm9udD48L3RkPgo8dGQgd2lkdGg9IjEiPjxpbWcgc3JjPSJodHRwOi8vaW1hZ2UucmFrdXRlbi5jby5qcC9zaG9wd29ybGQvY2FiaW5ldC90X2ltZy9wYXJ0cy9zcGFjZXIuanBnIiB3aWR0aD0iMSI+PC90ZD4KPHRkIHdpZHRoPSIxNjIiIGFsaWduPSJjZW50ZXIiIHZhbGlnbj0idG9wIj4KCjxpbWcgYm9yZGVyPSIwIiBzcmM9Imh0dHA6Ly9pbWFnZS5yYWt1dGVuLmNvLmpwL3Nob3B3b3JsZC9jYWJpbmV0L2gtaS9zaG9oaW4wMS8xMDEzNjI1NnMuanBnIiB3aWR0aD0iMTYyIiBoZWlnaHQ9IjE2MiI+PGJyPgo8Zm9udCBzaXplPSIyIj48Zm9udCBjb2xvcj0iI0ZGMDAwMCI+PGI+pd2lpKXzpcgxMLG2PC9iPjwvZm9udD48YnI+z8jQ0NicidMgw9SyyrH6PGJyPsTQ0MSk8qSvpLmksKTrPC9mb250Pjxicj4KPGZvbnQgc2l6ZT0iMiI+gf248TwvZm9udD48Yj48Zm9udCBzaXplPSI0IiBjb2xvcj0iI0ZGMDAwMCI+MSwwMDA8L2ZvbnQ+PC9iPjxmb250IHNpemU9IjIiPjxiPjxmb250IGNvbG9yPSIjRkYwMDAwIj6D0jwvZm9udD48L2I+y7DeejwvZm9udD48L3RkPgo8dGQgd2lkdGg9IjE2MiIgYWxpZ249ImNlbnRlciIgdmFsaWduPSJ0b3AiPgoKPGltZyBib3JkZXI9IjAiIHNyYz0iaHR0cDovL2ltYWdlLnJha3V0ZW4uY28uanAvc2hvcHdvcmxkL2NhYmluZXQvdF9pbWcvaXRlbTIvMTAxMzYwODBfbXMxLmpwZyIgd2lkdGg9IjE2MiIgaGVpZ2h0PSIxNjIiPjxicj4KPGZvbnQgc2l6ZT0iMiI+PGZvbnQgY29sb3I9IiNGRjAwMDAiPjxiPqXdpaSl86XIMTCxtjwvYj48L2ZvbnQ+PGJyPsDPyPTE0MWupMvKuaSopOs8YnI+peGlv6XqpcOlr6W3peul0KlgPC9mb250Pjxicj4KPGZvbnQgc2l6ZT0iMiI+gf248TwvZm9udD48Yj48Zm9udCBzaXplPSI0IiBjb2xvcj0iI0ZGMDAwMCI+MSwwMDA8L2ZvbnQ+PC9iPjxmb250IHNpemU9IjIiPjxiPjxmb250IGNvbG9yPSIjRkYwMDAwIj6D0jwvZm9udD48L2I+y7DeejwvZm9udD48L3RkPgo8dGQgd2lkdGg9IjEiPjxpbWcgc3JjPSJodHRwOi8vaW1hZ2UucmFrdXRlbi5jby5qcC9zaG9wd29ybGQvY2FiaW5ldC90X2ltZy9wYXJ0cy9zcGFjZXIuanBnIiB3aWR0aD0iMSI+PC90ZD4KPHRkIHdpZHRoPSIxNjIiIGFsaWduPSJjZW50ZXIiIHZhbGlnbj0idG9wIj4KCjxpbWcgYm9yZGVyPSIwIiBzcmM9Imh0dHA6Ly9pbWFnZS5yYWt1dGVuLmNvLmpwL3Nob3B3b3JsZC9jYWJpbmV0L3RfaW1nL2l0ZW0yLzEwMTM2MDgxX21zMS5qcGciIHdpZHRoPSIxNjIiIGhlaWdodD0iMTYyIj48YnI+Cjxmb250IHNpemU9IjIiPjxmb250IGNvbG9yPSIjRkYwMDAwIj48Yj6l3aWkpfOlyDEwsbY8L2I+PC9mb250Pjxicj7b046ipOqkzsWupM7X06TLpM88YnI+pdSl86WvpPKz1qS/pLukv6SkPC9mb250Pjxicj4KPGZvbnQgc2l6ZT0iMiI+gf248TwvZm9udD48Yj48Zm9udCBzaXplPSI0IiBjb2xvcj0iI0ZGMDAwMCI+MSwwMDA8L2ZvbnQ+PC9iPjxmb250IHNpemU9IjIiPjxiPjxmb250IGNvbG9yPSIjRkYwMDAwIj6D0jwvZm9udD48L2I+y7DeejwvZm9udD4=,t8DLriCloqWvpbel56XzpceluKW/peulq6Xhpekgpdal6aXDpa8gpeylw6XJIMuuye4gMTBtILfAy66lsalgpbkg0G6TxLGj12+lq6XQqWC4tqStIKWipa+lt6XnpfOlq6Xhpekgpbml3algpcSl06XHpaqlq6Xhpekgpaul4aXpIKXHpbilv6Xrpaul4aXpIKW5pd2pYKXEINfU3J7chyCl3qWmpfOlxqXzpdClpKWvIKW5pa2l5algpdClwKWkpdOl86WwINyHIOVou60gtOnTsCBVU0Ig/Fwgs+CjuqW3peelw6XXpe+pYKXrpck=,pbel56XDpdel76lgpeulyZLfs/2ZQ6XspbOpYKXJpdel7KlgpeSpYExFRKXppaSlyKW1paSlr6XtpfOS37P9mUNEVkSl16XsqWCl5Klgpe+lpKXzpcelo6XzpbCl3qW3pfOl76WkpfOlx6WjpfOlsKXepbepYKXzmm6krqS3pOrLzcHPn2/Bz8uuzbKltalgpeKlucDkymmO7KWtpcOlr6XcqWClyeuKhNOlyaXqpeulraXjpcOlyKW/pe+pYMDkymmO7KXGpfOlyKPMo8WjxKWkpeul36XNqWClt6XnpfO3wMuuIKWipa+lt6XnpfOlx6W4pb+l66WrpeGl6SCl1qXppcOlryCl7KXDpckgy67J7iAxMG0gt8DLrqWxqWCluSDQbpPEsaPXb6WrpdCpYLi2pK0gpaKlr6W3peel86WrpeGl6SCluaXdqWClxKXTpcelqqWrpeGl6SClq6XhpekgpceluKW/peulq6Xhpekgpbml3algpcQg19TcntyHIKXepaal86XGpfOl0KWkpa8gpbmlraXlqWCl0KXApaSl06XzpbAg3Icg5Wi7rSC06dOwIFVTQiD8XCCz4A==,t8DLrqWrpdCpYLi2pK2kzqWipa+lt6XnpfOlq6Xhpemho7fAy64gpaKlr6W3peel86XHpbilv6Xrpaul4aXpIKXWpemlw6WvIKXspcOlySDLrsnuIDEwbSC3wMuupbGpYKW5INBuk8Sxo9dvpaul0KlguLakrSCloqWvpbel56Xzpaul4aXpIKW5pd2pYKXEpdOlx6Wqpaul4aXpIKWrpeGl6SClx6W4pb+l66WrpeGl6SCluaXdqWClxCDX1Nye3Icgpd6lpqXzpcal86XQpaSlryCluaWtpeWpYKXQpcClpKXTpfOlsCDchyDlaLutILTp07AgVVNCIPxcILPg[rn]
33-14402,aHR0cDovL3RzaG9wLnIxMHMuanAvaGl0bGluZS9jYWJpbmV0L2ZzLzI1Mi80NTQ1MzUwMDQ3MjUyLmpwZz9maXRpbj03MDA6NzAw,NjQ1NDAuODAwMA==,,VFY/paqpYKXHpaOlqj+lq6XhpekgPiClq6Xhpek/pdOlx6Wqpaul4aXpP7ni0aeZQ8b3ID4gpdOlx6Wqpaul4aXp,paql6qXzpdGluSAoIE9MWU1QVVMgKSAgT0xZTVBVUyBQRU4gTGl0ZSBFLVBMNyBFWqXApdal66W6qWCl4KWtpcOlyCAopbel66XQqWApIEUtUEw3IEVaIFdaS0lUIFNM,y7DeeqTfP8vNwc+fb8HPo7rGvcjV1f3O56TepMektNeizsQmckFycjvD+7nFzt2k6KTqvLTI1bBry80=,oaE8ZGl2IHN0eWxlPSJ0ZXh0LWFsaWduOnJpZ2h0O2NvbG9yOiM5OTk5OTk7Ij6hvmtrOW4wZDE4cKG/aDNsMjwvZGl2PjxUQUJMRSBzdHlsZT0iIGJvcmRlcjogMnB4IGRhc2hlZCAjQ0YwMDAwOyBiYWNrZ3JvdW5kLWNvbG9yOiAjRkZFRUVFIj48dHI+PHRkIGFsaWduPWxlZnQ+PEJSPjxiPqGhob7JzMa3pM7VaMP3ob88L2I+PEJSPtfUt9a06aTqpMvM2LuvpLekv7/JhNPKvaXipculv6lgmUPE3KTItPPQzT+4376rvJqkzqW/pcOlwaXRpc2l66TytO7dZKGjPEJSPs/Ct73P8qTLMTgwtsi72NyepLmk66TIobjX1LfWtOmk6qXiqWClyaG5pKzG8ITTpLehotfUt9a06aTqpMvX7t9tpMqZQ8TcpKyl76Xzpb+lw6XBpMfUT7aov8nE3KTHpLmhozxCUj6k3qS/oaLE2sppV2ktRmmkyIyf08OluaXeqWClyKXVpaml86Wipdel6qG4T0kuU2hhcmWhuaTyyrmkpqSzpMikx6WrpeGl6aTIpbml3qlgpcil1aWppfOk8qXvpaSl5KXspbmkx6TEpMqksKSzpMikrKTHpK2hoqWrpeGl6aTHtOmkw6S/0LTV5qTypL2kzoj2pMekuaSwpMult6WnpaKkuaTrpLOkyKSspMekraTepLmhozxCUj6l6qXiqWClyLTp07CZQ8TcpMqkyaW5pd6pYKXIpdWlqaXzpMikzt9C0K+ZQ8TcpPKPiruvpLehoqGxpbml3qlgpcil1aWppfOkyNK7vneky8q5pKahsdDCpLekpKXfpempYKXspbnSu9Hbpaul4aXpoaM8QlI+kmnIuqTO0K+OodDUpPLVRqTrysC959fusaGkzuuKPEJSPjxCUj48Yj6hoaG+0XXGt8rLmJQ/0M7KvaG/PC9iPiA8Zm9udCBjb2xvcj1yZWQ+ofnKy5iUtcikz9PouOafb6SvieS4/KS1pOykxqSkpOuI9rrPpKykoqTqpN6kuaGjsdikuqXhqWClq6lgpdqpYKW4tcikx4Rlzb6ktLRf1UrPwqS1pKShozwvZm9udD48QlI+PHRhYmxlIHdpZHRoPTYwMCBib3JkZXI9MCBjZWxsc3BhY2luZz0xIGNlbGxwYWRkaW5nPTEgYm9yZGVyY29sb3I9I0MwQzBDMDs+PFRSPjxURCB3aWR0aD0xNTA+P9F1xrelv6Wkpdc8L1REPjxURD6l7KXzpbq9u5NR0M2lx6W4pb+l66WrpeGl6TwvVEQ+PC9UUj48VFI+PFREIHdpZHRoPTE1MD4/0XXGt6W/paSl1zwvVEQ+PFREPqXspfOlur27k1HQzaXHpbilv6Xrpaul4aXpPC9URD48L1RSPjxUUj48VEQgd2lkdGg9MTUwPj/Ky5iUPC9URD48VEQ+ofa06c/xpbul86W1qWA6NC8z0M1MaXZlIE1PUyClu6XzpbWpYKH2u63L2Mr9L6Wipbml2qWvpcixyDqlq6Xhpemyv9PQhL+7rcvYyv0gMTYwNc3yu63L2KGivnS7rcvYyv0gvHMxNzIwzfK7rcvYLzEuMzMoNDozKaH2t8CJbYydj+o6pbmpYKXRqWClvaXLpcOlr6WmpaepYKXWpdWlo6Xrpb+pYChTU1dGOrOs0vSyqLfAiW2l1aWjpeulv6lgKaH205vlaMO9zOU6U0Sl4aXipeqpYKWrqWClyShTREhDoaJTRFhDoaJVSFMtSYydj+qhokV5ZS1GaaWrqWClyYydj+opIKH2pdWloaWkpfOlwKlgOoRlidPritfTpdOl5algpdWloaWkpfOlwKlgIFZGLTKholZGLTOholZGLTSh9qXipculv6lgOjMuMNDNv8mE08q90rq+p6H2tPOkraS1OjExNC45bW0oVyl4NjdtbShIKXgzOC40bW0oRCkoQ0lQQZzKPC9URD48L1RSPjxUUj48VEQgd2lkdGg9MTUwPj/Ky5iUPC9URD48VEQ+ofa06c/xpbul86W1qWA6NC8z0M1MaXZlIE1PUyClu6XzpbWpYKH2u63L2Mr9L6Wipbml2qWvpcixyDqlq6Xhpemyv9PQhL+7rcvYyv0gMTYwNc3yu63L2KGivnS7rcvYyv0gvHMxNzIwzfK7rcvYLzEuMzMoNDozKaH2t8CJbYydj+o6pbmpYKXRqWClvaXLpcOlr6WmpaepYKXWpdWlo6Xrpb+pYChTU1dGOrOs0vSyqLfAiW2l1aWjpeulv6lgKaH205vlaMO9zOU6U0Sl4aXipeqpYKWrqWClyShTREhDoaJTRFhDoaJVSFMtSYydj+qhokV5ZS1GaaWrqWClyYydj+opIKH2pdWloaWkpfOlwKlgOoRlidPritfTpdOl5algpdWloaWkpfOlwKlgIFZGLTKholZGLTOholZGLTSh9qXipculv6lgOjMuMNDNv8mE08q90rq+p6H2tPOkraS1OjExNC45bW0oVyl4NjdtbShIKXgzOC40bW0oRCkoQ0lQQZzKPC9URD48L1RSPjwvVEFCTEU+PC90ZD48L3RyPjwvVEFCTEU+PEJSPjxzdHlsZSB0eXBlPSJ0ZXh0L2NzcyI+CjwhLS0KLyotLS0tLS0tLS0tLS0tLS0tLS0tLS0tLS0tLS0tLS0tLS0tLS0tLS0tLS0tLQrZSaSkzu+kq6S0pdylv6XzCi0tLS0tLS0tLS0tLS0tLS0tLS0tLS0tLS0tLS0tLS0tLS0tLS0tLS0tLS0tKi8KI3Jha3V0ZW5MaW1pdGVkSWRfYXJvdW5kQ2FydCB0Ym9keSB0ciB0ZCBpbnB1dCB7CgpiYWNrZ3JvdW5kOiB1cmwoaHR0cDovL2ltYWdlLnJha3V0ZW4uY28uanAvaGl0bGluZS9jYWJpbmV0L3RvcC9idG4tY2FydGluMi5qcGcpIG5vLXJlcGVhdDsKCndpZHRoOiAxODBweDsKaGVpZ2h0OiA2M3B4Owpib3JkZXI6IG5vbmU7CmN1cnNvcjpwb2ludGVyOwp0ZXh0LWluZGVudDotOTk5OXB4Owp9CiNyYWt1dGVuTGltaXRlZElkX2Fyb3VuZENhcnQgdGJvZHkgdHIgdGQgaW5wdXQ6aG92ZXIgewpiYWNrZ3JvdW5kOiB1cmwoaHR0cDovL2ltYWdlLnJha3V0ZW4uY28uanAvaGl0bGluZS9jYWJpbmV0L3RvcC9idG4tY2FydGluLWhvdmVyMy5qcGcpIG5vLXJlcGVhdDsKfQoKCgpmb250IGlucHV0ewoKYmFja2dyb3VuZDojZWVlICFpbXBvcnRhbnQ7Cgp3aWR0aDphdXRvICFpbXBvcnRhbnQ7CgpoZWlnaHQ6YXV0byAhaW1wb3J0YW50OwoKY3Vyc29yOnBvaW50ZXIgIWltcG9ydGFudDsKCnRleHQtaW5kZW50OjBweCAhaW1wb3J0YW50OwoKYm9yZGVyOjFweCAjY2NjIHNvbGlkICFpbXBvcnRhbnQ7Cgpmb250LXNpemU6MTJweDsKCmNvbG9yOiM2NjY7CgpwYWRkaW5nOiAzcHggMTBweCAhaW1wb3J0YW50OwoKYm9yZGVyLXJhZGl1czogNHB4OwoKfQoKaW5wdXQjdW5pdHN7CgpiYWNrZ3JvdW5kOm5vbmUgIWltcG9ydGFudDsKCndpZHRoOmF1dG8gIWltcG9ydGFudDsKCmhlaWdodDphdXRvICFpbXBvcnRhbnQ7CgpjdXJzb3I6YXV0byAhaW1wb3J0YW50OwoKdGV4dC1pbmRlbnQ6MHB4ICFpbXBvcnRhbnQ7Cgpib3JkZXI6MnB4ICNjY2Mgc29saWQgIWltcG9ydGFudDsKCmZvbnQtc2l6ZToxNnB4OwoKcGFkZGluZzogNXB4IDVweCA3cHggNXB4ICFpbXBvcnRhbnQ7Cgp0ZXh0LWFsaWduOiBjZW50ZXI7Cgp9CgoKI3Jha3V0ZW5MaW1pdGVkSWRfYXJvdW5kQ2FydCB0Ym9keSB0ciB0ZC5pbnZlbnRvcnkgaW5wdXR7Cgp3aWR0aDphdXRvICFpbXBvcnRhbnQ7CgpoZWlnaHQ6YXV0byAhaW1wb3J0YW50OwoKYmFja2dyb3VuZDpub25lICFpbXBvcnRhbnQ7Cgp0ZXh0LWluZGVudDowcHggIWltcG9ydGFudDsKCn0KLS0+CgoKPC9zdHlsZT4KCgo8IS0tpLOks6SrpOktLT4KPCEtLaSzpLOk3qTHLS0+,paql6qXzpdGluSAoIE9MWU1QVVMgKSAgT0xZTVBVUyBQRU4gTGl0ZSBFLVBMNyBFWqXApdal66W6qWCl4KWtpcOlyCAopbel66XQqWApIEUtUEw3IEVaIFdaS0lUIFNMo7ql0qXDpcil6aWkpfM=,paql6qXzpdGluSAoIE9MWU1QVVMgKSAgT0xZTVBVUyBQRU4gTGl0ZSBFLVBMNyBFWqXApdal66W6qWCl4KWtpcOlyCAopbel66XQqWApIEUtUEw3IEVaIFdaS0lUIFNM,y7DeeqTfP8vNwc+fb8HPo7rGvcjV1f3O56TepMektNeizsQmckFycjvD+7nFzt2k6KTqvLTI1bBry82ho6Wqpeql86XRpbkgKCBPTFlNUFVTICkgIE9MWU1QVVMgUEVOIExpdGUgRS1QTDcgRVqlwKXWpeuluqlgpeClraXDpcggKKW3peul0KlgKSBFLVBMNyBFWiBXWktJVCBTTA==[rn]
33-14403,aHR0cDovL3RzaG9wLnIxMHMuanAvaGl0bGluZS9jYWJpbmV0L2ZzLzg1MC80NTQ1MzUwMDQ5ODUwLmpwZz9maXRpbj03MDA6NzAw,Mjk3NzMuNjAwMA==,,VFY/paqpYKXHpaOlqj+lq6XhpekgPiClq6Xhpek/pdOlx6Wqpaul4aXpP7ni0aeZQ8b3ID4gpdOlx6Wqpaul4aXp,pdOlx6Wqpaul4aXpIFRHLVRyYWNrZXI=,y7DeeqTfP8vNwc+fb8HPo7rGvcjV1f3O56TepMektNeizsQmckFycjvD+7nFzt2k6KTqvLTI1bBry80=,PElNRyBTUkM9Imh0dHA6Ly93d3cucmFrdXRlbi5uZS5qcC9nb2xkL2hpdGxpbmUvaW1hZ2VzL3BpY183ODAwLmdpZiJib3JkZXI9MD48QlI+PGZvbnQgY29sb3I9I0ZGRkZGMD48Zm9udCBzaXplPTE+y83Bz59vwc+lraXjpfOl2qlgpfOls6lgpcmjuqG+c210Yi1US6G/PGJyPjwvZm9udD48Zm9udCBjb2xvcj0jRkYwMDAwPqS016LOxOHhpM+hoqG+sGvLzaTOpLSwuMTaob+h+qG+y82k6te0Tm/fQr1qob+h+qG+vHvGt5X4pMjuSYWnlfil4algpeuhv6TOuPel4algpeuk8qSqy82k6qS3pN6kuaGjPEJSPrx7xreV+D/uSYWnlfikz6GiUEOkzqXhqWCl66Wipcml7KW5pMukzqTfoaJQREakx6Sqy82k6qS3pN6kuaGjPEJSPiDD+8F4ieS4/KTKpMmkoqTspNChouHhpKuk6aTHpOLU2bBr0NCktaS7pMbtlKStpN6kuaGjPC9mb250PjxkaXYgc3R5bGU9InRleHQtYWxpZ246cmlnaHQ7Y29sb3I6Izk5OTk5OTsiPqG+a2s5bjBkMThwob9oNjIyPC9kaXY+PHN0eWxlIHR5cGU9InRleHQvY3NzIj4KPCEtLQovKi0tLS0tLS0tLS0tLS0tLS0tLS0tLS0tLS0tLS0tLS0tLS0tLS0tLS0tLS0tCtlJpKTO76SrpLSl3KW/pfMKLS0tLS0tLS0tLS0tLS0tLS0tLS0tLS0tLS0tLS0tLS0tLS0tLS0tLS0tLS0qLwojcmFrdXRlbkxpbWl0ZWRJZF9hcm91bmRDYXJ0IHRib2R5IHRyIHRkIGlucHV0IHsKCmJhY2tncm91bmQ6IHVybChodHRwOi8vaW1hZ2UucmFrdXRlbi5jby5qcC9oaXRsaW5lL2NhYmluZXQvdG9wL2J0bi1jYXJ0aW4yLmpwZykgbm8tcmVwZWF0OwoKd2lkdGg6IDE4MHB4OwpoZWlnaHQ6IDYzcHg7CmJvcmRlcjogbm9uZTsKY3Vyc29yOnBvaW50ZXI7CnRleHQtaW5kZW50Oi05OTk5cHg7Cn0KI3Jha3V0ZW5MaW1pdGVkSWRfYXJvdW5kQ2FydCB0Ym9keSB0ciB0ZCBpbnB1dDpob3ZlciB7CmJhY2tncm91bmQ6IHVybChodHRwOi8vaW1hZ2UucmFrdXRlbi5jby5qcC9oaXRsaW5lL2NhYmluZXQvdG9wL2J0bi1jYXJ0aW4taG92ZXIzLmpwZykgbm8tcmVwZWF0Owp9CgoKCmZvbnQgaW5wdXR7CgpiYWNrZ3JvdW5kOiNlZWUgIWltcG9ydGFudDsKCndpZHRoOmF1dG8gIWltcG9ydGFudDsKCmhlaWdodDphdXRvICFpbXBvcnRhbnQ7CgpjdXJzb3I6cG9pbnRlciAhaW1wb3J0YW50OwoKdGV4dC1pbmRlbnQ6MHB4ICFpbXBvcnRhbnQ7Cgpib3JkZXI6MXB4ICNjY2Mgc29saWQgIWltcG9ydGFudDsKCmZvbnQtc2l6ZToxMnB4OwoKY29sb3I6IzY2NjsKCnBhZGRpbmc6IDNweCAxMHB4ICFpbXBvcnRhbnQ7Cgpib3JkZXItcmFkaXVzOiA0cHg7Cgp9CgppbnB1dCN1bml0c3sKCmJhY2tncm91bmQ6bm9uZSAhaW1wb3J0YW50OwoKd2lkdGg6YXV0byAhaW1wb3J0YW50OwoKaGVpZ2h0OmF1dG8gIWltcG9ydGFudDsKCmN1cnNvcjphdXRvICFpbXBvcnRhbnQ7Cgp0ZXh0LWluZGVudDowcHggIWltcG9ydGFudDsKCmJvcmRlcjoycHggI2NjYyBzb2xpZCAhaW1wb3J0YW50OwoKZm9udC1zaXplOjE2cHg7CgpwYWRkaW5nOiA1cHggNXB4IDdweCA1cHggIWltcG9ydGFudDsKCnRleHQtYWxpZ246IGNlbnRlcjsKCn0KCgojcmFrdXRlbkxpbWl0ZWRJZF9hcm91bmRDYXJ0IHRib2R5IHRyIHRkLmludmVudG9yeSBpbnB1dHsKCndpZHRoOmF1dG8gIWltcG9ydGFudDsKCmhlaWdodDphdXRvICFpbXBvcnRhbnQ7CgpiYWNrZ3JvdW5kOm5vbmUgIWltcG9ydGFudDsKCnRleHQtaW5kZW50OjBweCAhaW1wb3J0YW50OwoKfQotLT4KCgo8L3N0eWxlPgoKCjwhLS2ks6SzpKuk6S0tPgo8IS0tpLOks6TepMctLT4=,pdOlx6Wqpaul4aXpIFRHLVRyYWNrZXKjuqXSpcOlyKXppaSl8w==,pdOlx6Wqpaul4aXpIFRHLVRyYWNrZXI=,y7DeeqTfP8vNwc+fb8HPo7rGvcjV1f3O56TepMektNeizsQmckFycjvD+7nFzt2k6KTqvLTI1bBry82ho6XTpcelqqWrpeGl6SBURy1UcmFja2Vy[rn]
33-14404,aHR0cDovL3RzaG9wLnIxMHMuanAvaGl0bGluZS9jYWJpbmV0L2ZzLzY1MS80NTQ5MDc3MTU0NjUxLmpwZz9maXRpbj03MDA6NzAw,MjMzNjYuNDAwMA==,,VFY/paqpYKXHpaOlqj+lq6XhpekgPiClq6Xhpek/pdOlx6Wqpaul4aXpP7ni0aeZQ8b3ID4gpdOlx6Wqpaul4aXp,pdGlyqW9pculw6WvICggUGFuYXNvbmljICkgIKWmpaeloqXppdal66WrpeGl6SBIWC1BNTAwICilqqXspfOluCkgSFgtQTUwMC1E,y7DeeqTfP8vNwc+fb8HPo7rGvcjVUE0ylXKk3qTHpaupYKXJ16LOxCZyQXJyO7y0yNWz9rrJ,oaE8ZGl2IHN0eWxlPSJ0ZXh0LWFsaWduOnJpZ2h0O2NvbG9yOiM5OTk5OTk7Ij6hvmtrOW4wZDE4cKG/aDYyMjwvZGl2PjxUQUJMRSBzdHlsZT0iIGJvcmRlcjogMnB4IGRhc2hlZCAjQ0YwMDAwOyBiYWNrZ3JvdW5kLWNvbG9yOiAjRkZFRUVFIj48dHI+PHRkIGFsaWduPWxlZnQ+PEJSPjxiPqGhob7JzMa3pM7VaMP3ob88L2I+PEJSPqHxNEszMHC06dOwjGesRqGixVKI9rjQ0uek7KTruN++q7yahNO7raSstOmk7KTrPGJyPqHx0rq+p6Xipculv6lgJqXYpcOlyaXepaal86XIpMey2df30NSk4tew18W40KTiz/LJzzxicj6h8aXWpezRYdX9JoNBpK3RYdX9pPK07t1kPGJyPjxicj6h9ls0SzMwXSDDwKS3pK/FUoj2uNDS56TspOvTs8/xIKHxpbul86W1qWChoqWopfOluKXzoaKl7KXzpbqk8tK70MKhosPApLekr7jfvqu8mqTKNEszMHCkzrjfu63ZfLTp07CMZ6xGICA/objQwj+089DNpbul6ybRWcPm1dXJ5NDNuN+40LbITU9Tpbul86W1qWChuaTykvHTw6Giw/ek66SvuN++q7yapMrTs8/xpPK06dOwv8nE3KGjPEJSPiAgP6G4pa+l6qW5pb+l66WopfOluKXzUFJPK6G5pPKS8dPDoaK438vZhEnA7aTHNEszMHCkzrutz/GEScDtpKy/ycTcoaM8QlI+ICA/NEu06dOwpMuMnY/qpMekraTr0MLpX7BrpM64373iz/Gl7KXzpbqlt6W5pcal4KTykvHTw6S3pN6kt6S/oaM8QlI+ofZbtv7M5dDNpbmlv6WkpetdILLZ1/fQ1KTi17DXxbjQpOLP8snPIKHxsb7M5bK/OtK6vqel4qXLpb+pYKTHytbUqqTHtF/VSqS3pMqkrKTpstnX96Gipbil56WkpbmlxqWjpcOlr6TytO7dZKGistnX99DUpKzP8snPoaKlq6XhpemyvzrQodDNP91Ywb+kyqTOpMel1qXspM7J2aTKpKTTs8/xpKylz6Xzpbql1aXqqWCkx7Tp07AgofHQwulfsGul2KXDpcml3qWmpfOlyDrpTJVy6We06dOwpM7Yk7Wj3ViccKGi17DXxbjQpKzP8snPPGJyPjxicj6h9lu06dOwpaKlt6W5pchdIKXWpezRYdX9JoNBpK3RYdX9pPK07t1kIKHxjtqkpNFh1f2lqKXqpaKkzqXWpezRYdX9pMulwaXlqWCl86WipcOl16GijGfrSKTOyrnTw6W3qWCl86THuN+kpIS/ufuk8rBrk12hooNBpK3RYdX9pM+huI+KL5jLnMovx9Chud94kmuh9lul4KlgpdOpYKW5pemlpKXJpbel56lgXSDSiqTJpLOk7aTOpbepYKXzpPLX1ITTpMe+jryvIKHx0X3K/aTOhNO7raSrpOnQwqWipeultKXqpbql4KTH19SE07XEpMvSiqTJpLOk7aTys+mz9qGi07PP8YS/ufuk5NL0mFOk8ri2pLG806SopMa2zKSkhNO7raTy1/ezySAgP6G4pcClpKXKpd+lw6WvpeKpYKXJobkgtOnTsJVypMvW2MGmpbul86W1qWCkrLykpLekpITTpK2k8pfK1qqkt6S/pbepYKXzpPKz6bP2oaKluaXdqWClxKTKpMmkztOzz/Gky6GjPEJSPiAgP6G4pcqlwaXlpeml66XiqWClyaG5IITTpK2kzsnZpMqkpKW3qWCl86TykmmkrbP2pLml4qlgpcmkx6GiwsPQ0KTKpMmkztOzz/Gky99tpLekxqSkpN6kuaGjPEJSPjxicj48YnI+ofakvaTOy/ukzszY6UwgofG3wMuuKEpJU7Gj12+1yLyJSVBYOM/gtbEpP7fAiW0oSklTsaPXb7XIvIlJUDVYz+C1sSmYi9TsOsuuye4zLjBtLzMwt9ak3qTHpM606dOwpKy/ycTcIKHxV2ktRmkoUinE2sppoaKluaXeqWClyKXVpaml86THpM7Ts8/xpM7U2cn6pOSl6qXiqWClyLLZ1/ekrL/JxNwgofFORkOMnY/qoaKMnY/qpM5BbmRyb2lkKFRNKaW5pd6pYKXIpdWlqaXzKIydj+q0X9VKsdjSqimkyqTpV2ktRmkoUim9075BpM+l76Xzpb+lw6XBIKHxtOnTsOlfyrykq6TpvHMzw+vh4aTL05vlaKTy6V/KvKS5pOtEZWxheSBSRUMgofGluaXtqWCl4qlgpbel56XzpeKpYKXJKINBpK3RYdX9P6XWpezRYdX9pM9PRkYptO7dZKXrqWCl19Ob5Wi07t1kIKHxpd6lpKWvpM6lqqXzL6WqpdWk8sfQpOrM5qSov8nE3KH2uLbK9Ma3OqWiqWCl4KXQpfOlyaWxqWCluaGipdilw6XJpd6lpqXzpcgopbSl4KXQpfOlybqspOApoaJVU0K9075BpbGpYKXWpes8YnI+PGJyPqH2ysuYlDxicj6xvszlpbWlpKW6o7oguN+ktTk0bW2hwbf5NTkuNW1tocGwwtDQMjYuN21tPGJyPrG+zOXZfMG/o7ogMTI4Zzxicj6h+bG+zOWyv6TOpN+hozxCUj4gpaul4aXpsr86uN+ktToyNi41ocG3+ToyNi41ocGwwtDQOjY4LjVtbSDZfMG/OjMxZ6GjPEJSPiDKudPDlXLZfMG/OjE4NWcgKKXepaSlr6XtU0Slq6lgpcm6rKTgKTxCUj48QlI+PGI+oaGhvtF1xrfKy5iUP9DOyr2hvzwvYj4gPGZvbnQgY29sb3I9cmVkPqH5ysuYlLXIpM/T6Ljmn2+kr4nkuPyktaTspMakpKTriPa6z6SspKKk6qTepLmho7HYpLql4algpaupYKXaqWCluLXIpMeEZc2+pLS0X9VKz8KktaSkoaM8L2ZvbnQ+PEJSPjx0YWJsZSB3aWR0aD02MDAgYm9yZGVyPTAgY2VsbHNwYWNpbmc9MSBjZWxscGFkZGluZz0xIGJvcmRlcmNvbG9yPSNDMEMwQzA7PjxUUj48VEQgd2lkdGg9MTUwPj/Rdca3pb+lpKXXPC9URD48VEQ+pL2kzsv7pceluKW/peul06XHpaqlq6Xhpek8L1REPjwvVFI+PFRSPjxURCB3aWR0aD0xNTA+P9F1xrelv6Wkpdc8L1REPjxURD6kvaTOy/ulx6W4pb+l66XTpcelqqWrpeGl6TwvVEQ+PC9UUj48VFI+PFREIHdpZHRoPTE1MD4/ysuYlDwvVEQ+PFREPqH2hNO7rdOb5Wil4aXHpaOlojptaWNyb1NESEOlq6lgpckoNEdCLzhHQi8xNkdCLzMyR0IpoaJtaWNyb1NEpaupYKXJKDUxMk1CLzFHQi8yR0IpKM3R18XKvSmh9oTTu63Tm+Vot73KvTpNUEVHLTQgQVZDpdWloaWkpevSjrjxnMqShyguTVA0KaH20vTJ+dOb5Wi3vcq9OqXipc6l6aXrofa06c/xy9jX0zoxLzIuM9DNIE1PU7nMzOW06c/xy9jX0yjRWcPm1dXJ5NDNKSC+dLuty9g6MTI3Ns3yofaE07utKDE2OjkpIDkwM83yKM2os6O06dOwpeKpYKXJoaK7rb3Hx9DM5jql76Wkpcmhoruty9jK/S+l1aXsqWCl4KXsqWClyDoxOTIweDEwODAvMzBwlXIpofa+sta5u60oMTY6OSkgODM0zfIo0LTV5rTp07Cl4qlgpckgu629x8fQzOY6pe+lpKXJKSCh9qXipculv6lgOjE8L1REPjwvVFI+PFRSPjxURCB3aWR0aD0xNTA+P8rLmJQ8L1REPjxURD6h9oTTu63Tm+VopeGlx6WjpaI6bWljcm9TREhDpaupYKXJKDRHQi84R0IvMTZHQi8zMkdCKaGibWljcm9TRKWrqWClySg1MTJNQi8xR0IvMkdCKSjN0dfFyr0pofaE07ut05vlaLe9yr06TVBFRy00IEFWQ6XVpaGlpKXr0o648ZzKkocoLk1QNCmh9tL0yfnTm+Vot73KvTql4qXOpeml66H2tOnP8cvY19M6MS8yLjPQzSBNT1O5zMzltOnP8cvY19Mo0VnD5tXVyeTQzSkgvnS7rcvYOjEyNzbN8qH2hNO7rSgxNjo5KSA5MDPN8ijNqLOjtOnTsKXiqWClyaGiu629x8fQzOY6pe+lpKXJoaK7rcvYyv0vpdWl7KlgpeCl7Klgpcg6MTkyMHgxMDgwLzMwcJVyKaH2vrLWubutKDE2OjkpIDgzNM3yKNC01ea06dOwpeKpYKXJILutvcfH0MzmOqXvpaSlySkgofal4qXLpb+pYDoxPC9URD48L1RSPjwvVEFCTEU+PC90ZD48L3RyPjwvVEFCTEU+PEJSPjxzdHlsZSB0eXBlPSJ0ZXh0L2NzcyI+CjwhLS0KLyotLS0tLS0tLS0tLS0tLS0tLS0tLS0tLS0tLS0tLS0tLS0tLS0tLS0tLS0tLQrZSaSkzu+kq6S0pdylv6XzCi0tLS0tLS0tLS0tLS0tLS0tLS0tLS0tLS0tLS0tLS0tLS0tLS0tLS0tLS0tKi8KI3Jha3V0ZW5MaW1pdGVkSWRfYXJvdW5kQ2FydCB0Ym9keSB0ciB0ZCBpbnB1dCB7CgpiYWNrZ3JvdW5kOiB1cmwoaHR0cDovL2ltYWdlLnJha3V0ZW4uY28uanAvaGl0bGluZS9jYWJpbmV0L3RvcC9idG4tY2FydGluMi5qcGcpIG5vLXJlcGVhdDsKCndpZHRoOiAxODBweDsKaGVpZ2h0OiA2M3B4Owpib3JkZXI6IG5vbmU7CmN1cnNvcjpwb2ludGVyOwp0ZXh0LWluZGVudDotOTk5OXB4Owp9CiNyYWt1dGVuTGltaXRlZElkX2Fyb3VuZENhcnQgdGJvZHkgdHIgdGQgaW5wdXQ6aG92ZXIgewpiYWNrZ3JvdW5kOiB1cmwoaHR0cDovL2ltYWdlLnJha3V0ZW4uY28uanAvaGl0bGluZS9jYWJpbmV0L3RvcC9idG4tY2FydGluLWhvdmVyMy5qcGcpIG5vLXJlcGVhdDsKfQoKCgpmb250IGlucHV0ewoKYmFja2dyb3VuZDojZWVlICFpbXBvcnRhbnQ7Cgp3aWR0aDphdXRvICFpbXBvcnRhbnQ7CgpoZWlnaHQ6YXV0byAhaW1wb3J0YW50OwoKY3Vyc29yOnBvaW50ZXIgIWltcG9ydGFudDsKCnRleHQtaW5kZW50OjBweCAhaW1wb3J0YW50OwoKYm9yZGVyOjFweCAjY2NjIHNvbGlkICFpbXBvcnRhbnQ7Cgpmb250LXNpemU6MTJweDsKCmNvbG9yOiM2NjY7CgpwYWRkaW5nOiAzcHggMTBweCAhaW1wb3J0YW50OwoKYm9yZGVyLXJhZGl1czogNHB4OwoKfQoKaW5wdXQjdW5pdHN7CgpiYWNrZ3JvdW5kOm5vbmUgIWltcG9ydGFudDsKCndpZHRoOmF1dG8gIWltcG9ydGFudDsKCmhlaWdodDphdXRvICFpbXBvcnRhbnQ7CgpjdXJzb3I6YXV0byAhaW1wb3J0YW50OwoKdGV4dC1pbmRlbnQ6MHB4ICFpbXBvcnRhbnQ7Cgpib3JkZXI6MnB4ICNjY2Mgc29saWQgIWltcG9ydGFudDsKCmZvbnQtc2l6ZToxNnB4OwoKcGFkZGluZzogNXB4IDVweCA3cHggNXB4ICFpbXBvcnRhbnQ7Cgp0ZXh0LWFsaWduOiBjZW50ZXI7Cgp9CgoKI3Jha3V0ZW5MaW1pdGVkSWRfYXJvdW5kQ2FydCB0Ym9keSB0ciB0ZC5pbnZlbnRvcnkgaW5wdXR7Cgp3aWR0aDphdXRvICFpbXBvcnRhbnQ7CgpoZWlnaHQ6YXV0byAhaW1wb3J0YW50OwoKYmFja2dyb3VuZDpub25lICFpbXBvcnRhbnQ7Cgp0ZXh0LWluZGVudDowcHggIWltcG9ydGFudDsKCn0KLS0+CgoKPC9zdHlsZT4KCgo8IS0tpLOks6SrpOktLT4KPCEtLaSzpLOk3qTHLS0+,pdGlyqW9pculw6WvICggUGFuYXNvbmljICkgIKWmpaeloqXppdal66WrpeGl6SBIWC1BNTAwICilqqXspfOluCkgSFgtQTUwMC1Eo7ql0qXDpcil6aWkpfM=,pdGlyqW9pculw6WvICggUGFuYXNvbmljICkgIKWmpaeloqXppdal66WrpeGl6SBIWC1BNTAwICilqqXspfOluCkgSFgtQTUwMC1E,y7DeeqTfP8vNwc+fb8HPo7rGvcjVUE0ylXKk3qTHpaupYKXJ16LOxCZyQXJyO7y0yNWz9rrJoaOl0aXKpb2ly6XDpa8gKCBQYW5hc29uaWMgKSAgpaalp6Wipeml1qXrpaul4aXpIEhYLUE1MDAgKKWqpeyl86W4KSBIWC1BNTAwLUQ=[rn]
33-14405,aHR0cDovL3RzaG9wLnIxMHMuanAvaGl0bGluZS9jYWJpbmV0L2ZzLzgyOS80NTQ5MDc3NjIzODI5LmpwZz9maXRpbj03MDA6NzAw,MzkxMDcuMjAwMA==,,VFY/paqpYKXHpaOlqj+lq6XhpekgPiClq6Xhpek/pdOlx6Wqpaul4aXpP7ni0aeZQ8b3ID4gpdOlx6Wqpaul4aXp,oe+l0aXKpb2ly6XDpa8gKCBQYW5hc29uaWMgKSAgpceluKW/peulz6WkpdOluKXnpfOl06XHpaqlq6XhpekgKKXWpemlpqXzKSBIQy1XNTgwTS1UIKG+pKKkuZhTKMa9yNWkzqTfs/a6ySkvtPrS/bP9pK+hvw==,y7DeeqTfP8vNwc+fb8HPo7rGvcjVUE0ylXKk3qTHpaupYKXJ16LOxCZyQXJyO7y0yNWz9rrJ,PGEgaHJlZj0iaHR0cDovL2V2ZW50LnJha3V0ZW4uY28uanAvYXN1cmFrdS9hYm91dC8iIHRhcmdldD0iX2JsYW5rIj48SU1HIFNSQz1odHRwOi8vaW1hZ2UucmFrdXRlbi5jby5qcC9jb20vaW1nL3Jtcy9jYWJpbmV0L3JlY29tbWVuZF9uZXcvaW1nMDAwMDA0MTIuanBnIEFMVD2koqS5mFMgYm9yZGVyPTA+PC9hPjxCUj48QlI+PElNRyBTUkM9Imh0dHA6Ly93d3cucmFrdXRlbi5uZS5qcC9nb2xkL2hpdGxpbmUvaW1hZ2VzL3BpY180MDkyLmdpZiJib3JkZXI9MD48QlI+PGZvbnQgY29sb3I9I0ZGRkZGMD48Zm9udCBzaXplPTE+y83Bz59vwc+lraXjpfOl2qlgpfOls6lgpcmjuqG+c210Yi1US6G/PGJyPjwvZm9udD48Zm9udCBjb2xvcj0jRkYwMDAwPqS016LOxOHhpM+hoqG+sGvLzaTOpLSwuMTaob+h+qG+y82k6te0Tm/fQr1qob+h+qG+vHvGt5X4pMjuSYWnlfil4algpeuhv6TOuPel4algpeuk8qSqy82k6qS3pN6kuaGjPEJSPrx7xreV+D/uSYWnlfikz6GiUEOkzqXhqWCl66Wipcml7KW5pMukzqTfoaJQREakx6Sqy82k6qS3pN6kuaGjPEJSPiDD+8F4ieS4/KTKpMmkoqTspNChouHhpKuk6aTHpOLU2bBr0NCktaS7pMbtlKStpN6kuaGjPC9mb250PjxkaXYgc3R5bGU9InRleHQtYWxpZ246cmlnaHQ7Y29sb3I6Izk5OTk5OTsiPqG+a2s5bjBkMThwob9oNjIyPC9kaXY+PFRBQkxFIHN0eWxlPSIgYm9yZGVyOiAycHggZGFzaGVkICNDRjAwMDA7IGJhY2tncm91bmQtY29sb3I6ICNGRkVFRUUiPjx0cj48dGQgYWxpZ249bGVmdD48QlI+PGI+oaGhvsnMxrekztVow/ehvzwvYj48QlI+ofShuEhEpc+lpKXXpeylt6W4peel86G5pMihuEhEUoTTu62l4qlgpcmhuaTOtO7dZKTHpbOl86XRpa+lyKTKpKyk6bjfxrfOu6TK07PP8aTystCku6TrofTfTbuvpLekv6G4pe+lpKXkpeyluaXvpaSl17TppOqhuaTH1+608zPMqKTOpbml3qXbpPKkxKTKpKSkx7Tp07Ckx6StpOuh9N9opK/reKTspL+xu9C0zOWk4qWipcOl16THtOmk7KTruN+xtsLKaUGluqlgpeA5MLG2PC90ZD48L3RyPjwvVEFCTEU+PEJSPjxzdHlsZSB0eXBlPSJ0ZXh0L2NzcyI+CjwhLS0KLyotLS0tLS0tLS0tLS0tLS0tLS0tLS0tLS0tLS0tLS0tLS0tLS0tLS0tLS0tLQrZSaSkzu+kq6S0pdylv6XzCi0tLS0tLS0tLS0tLS0tLS0tLS0tLS0tLS0tLS0tLS0tLS0tLS0tLS0tLS0tKi8KI3Jha3V0ZW5MaW1pdGVkSWRfYXJvdW5kQ2FydCB0Ym9keSB0ciB0ZCBpbnB1dCB7CgpiYWNrZ3JvdW5kOiB1cmwoaHR0cDovL2ltYWdlLnJha3V0ZW4uY28uanAvaGl0bGluZS9jYWJpbmV0L3RvcC9idG4tY2FydGluMi5qcGcpIG5vLXJlcGVhdDsKCndpZHRoOiAxODBweDsKaGVpZ2h0OiA2M3B4Owpib3JkZXI6IG5vbmU7CmN1cnNvcjpwb2ludGVyOwp0ZXh0LWluZGVudDotOTk5OXB4Owp9CiNyYWt1dGVuTGltaXRlZElkX2Fyb3VuZENhcnQgdGJvZHkgdHIgdGQgaW5wdXQ6aG92ZXIgewpiYWNrZ3JvdW5kOiB1cmwoaHR0cDovL2ltYWdlLnJha3V0ZW4uY28uanAvaGl0bGluZS9jYWJpbmV0L3RvcC9idG4tY2FydGluLWhvdmVyMy5qcGcpIG5vLXJlcGVhdDsKfQoKCgpmb250IGlucHV0ewoKYmFja2dyb3VuZDojZWVlICFpbXBvcnRhbnQ7Cgp3aWR0aDphdXRvICFpbXBvcnRhbnQ7CgpoZWlnaHQ6YXV0byAhaW1wb3J0YW50OwoKY3Vyc29yOnBvaW50ZXIgIWltcG9ydGFudDsKCnRleHQtaW5kZW50OjBweCAhaW1wb3J0YW50OwoKYm9yZGVyOjFweCAjY2NjIHNvbGlkICFpbXBvcnRhbnQ7Cgpmb250LXNpemU6MTJweDsKCmNvbG9yOiM2NjY7CgpwYWRkaW5nOiAzcHggMTBweCAhaW1wb3J0YW50OwoKYm9yZGVyLXJhZGl1czogNHB4OwoKfQoKaW5wdXQjdW5pdHN7CgpiYWNrZ3JvdW5kOm5vbmUgIWltcG9ydGFudDsKCndpZHRoOmF1dG8gIWltcG9ydGFudDsKCmhlaWdodDphdXRvICFpbXBvcnRhbnQ7CgpjdXJzb3I6YXV0byAhaW1wb3J0YW50OwoKdGV4dC1pbmRlbnQ6MHB4ICFpbXBvcnRhbnQ7Cgpib3JkZXI6MnB4ICNjY2Mgc29saWQgIWltcG9ydGFudDsKCmZvbnQtc2l6ZToxNnB4OwoKcGFkZGluZzogNXB4IDVweCA3cHggNXB4ICFpbXBvcnRhbnQ7Cgp0ZXh0LWFsaWduOiBjZW50ZXI7Cgp9CgoKI3Jha3V0ZW5MaW1pdGVkSWRfYXJvdW5kQ2FydCB0Ym9keSB0ciB0ZC5pbnZlbnRvcnkgaW5wdXR7Cgp3aWR0aDphdXRvICFpbXBvcnRhbnQ7CgpoZWlnaHQ6YXV0byAhaW1wb3J0YW50OwoKYmFja2dyb3VuZDpub25lICFpbXBvcnRhbnQ7Cgp0ZXh0LWluZGVudDowcHggIWltcG9ydGFudDsKCn0KLS0+CgoKPC9zdHlsZT4KCgo8IS0tpLOks6SrpOktLT4KPCEtLaSzpLOk3qTHLS0+,oe+l0aXKpb2ly6XDpa8gKCBQYW5hc29uaWMgKSAgpceluKW/peulz6WkpdOluKXnpfOl06XHpaqlq6XhpekgKKXWpemlpqXzKSBIQy1XNTgwTS1UIKG+pKKkuZhTKMa9yNWkzqTfs/a6ySkvtPrS/bP9pK+hv6O6pdKlw6XIpemlpKXz,oe+l0aXKpb2ly6XDpa8gKCBQYW5hc29uaWMgKSAgpceluKW/peulz6WkpdOluKXnpfOl06XHpaqlq6XhpekgKKXWpemlpqXzKSBIQy1XNTgwTS1UIKG+pKKkuZhTKMa9yNWkzqTfs/a6ySkvtPrS/bP9pK+hvw==,y7DeeqTfP8vNwc+fb8HPo7rGvcjVUE0ylXKk3qTHpaupYKXJ16LOxCZyQXJyO7y0yNWz9rrJoaOh76XRpcqlvaXLpcOlryAoIFBhbmFzb25pYyApICClx6W4pb+l66XPpaSl06W4peel86XTpcelqqWrpeGl6SAopdal6aWmpfMpIEhDLVc1ODBNLVQgob6koqS5mFMoxr3I1aTOpN+z9rrJKS+0+tL9s/2kr6G/[rn]
33-14406,aHR0cDovL3RzaG9wLnIxMHMuanAvaGl0bGluZS9jYWJpbmV0L2ZzLzg1MC80NTQ5MDc3NjIzODUwLmpwZz9maXRpbj03MDA6NzAw,NjQxNTIuMDAwMA==,,VFY/paqpYKXHpaOlqj+lq6XhpekgPiClq6Xhpek/pdOlx6Wqpaul4aXpP7ni0aeZQ8b3ID4gpdOlx6Wqpaul4aXp,pdGlyqW9pculw6WvICggUGFuYXNvbmljICkgIKXHpbilv6XrNEul06XHpaqlq6XhpekgKKXWpemlw6WvKSBIQy1XWDk5ME0tSw==,y7DeeqTfP8vNwc+fb8HPo7rGvcjV1f3O56TepMektNeizsQmckFycjvD+7nFzt2k6KTqvLTI1bBry80=,oaE8ZGl2IHN0eWxlPSJ0ZXh0LWFsaWduOnJpZ2h0O2NvbG9yOiM5OTk5OTk7Ij6hvmtrOW4wZDE4cKG/aDNlOTwvZGl2PjxUQUJMRSBzdHlsZT0iIGJvcmRlcjogMnB4IGRhc2hlZCAjQ0YwMDAwOyBiYWNrZ3JvdW5kLWNvbG9yOiAjRkZFRUVFIj48dHI+PHRkIGFsaWduPWxlZnQ+PEJSPjxiPqGhob7JzMa3pM7VaMP3ob88L2I+PEJSPqH0uN+7rdl8NEuMnY/qIKS1pOmky6Sqmt2ky8jrpOqkzqW3qWCl86TLpKKkyKSrpOnTs8/xhL+5+6TyvNOkqKTppOyk66G4pKKkyKSrpOnRYdX9obmk8tDCtO7dZKH0y9jU56SkpdSl86XIus+k76S7pMe438a3zrukytOzz/GkrLLQpLuk66G4NEulz6Wkpdel7KW3pbil56XzQUahuaTytO7dZKH01+608zPMqKTOpbml3qXbpPKkxKTKpLKk6yDfTbuvpLekv6G4pe+lpKXkpeyluaXvpaSl17TppOqhuTwvdGQ+PC90cj48L1RBQkxFPjxCUj48c3R5bGUgdHlwZT0idGV4dC9jc3MiPgo8IS0tCi8qLS0tLS0tLS0tLS0tLS0tLS0tLS0tLS0tLS0tLS0tLS0tLS0tLS0tLS0tLS0K2UmkpM7vpKuktKXcpb+l8wotLS0tLS0tLS0tLS0tLS0tLS0tLS0tLS0tLS0tLS0tLS0tLS0tLS0tLS0tLSovCiNyYWt1dGVuTGltaXRlZElkX2Fyb3VuZENhcnQgdGJvZHkgdHIgdGQgaW5wdXQgewoKYmFja2dyb3VuZDogdXJsKGh0dHA6Ly9pbWFnZS5yYWt1dGVuLmNvLmpwL2hpdGxpbmUvY2FiaW5ldC90b3AvYnRuLWNhcnRpbjIuanBnKSBuby1yZXBlYXQ7Cgp3aWR0aDogMTgwcHg7CmhlaWdodDogNjNweDsKYm9yZGVyOiBub25lOwpjdXJzb3I6cG9pbnRlcjsKdGV4dC1pbmRlbnQ6LTk5OTlweDsKfQojcmFrdXRlbkxpbWl0ZWRJZF9hcm91bmRDYXJ0IHRib2R5IHRyIHRkIGlucHV0OmhvdmVyIHsKYmFja2dyb3VuZDogdXJsKGh0dHA6Ly9pbWFnZS5yYWt1dGVuLmNvLmpwL2hpdGxpbmUvY2FiaW5ldC90b3AvYnRuLWNhcnRpbi1ob3ZlcjMuanBnKSBuby1yZXBlYXQ7Cn0KCgoKZm9udCBpbnB1dHsKCmJhY2tncm91bmQ6I2VlZSAhaW1wb3J0YW50OwoKd2lkdGg6YXV0byAhaW1wb3J0YW50OwoKaGVpZ2h0OmF1dG8gIWltcG9ydGFudDsKCmN1cnNvcjpwb2ludGVyICFpbXBvcnRhbnQ7Cgp0ZXh0LWluZGVudDowcHggIWltcG9ydGFudDsKCmJvcmRlcjoxcHggI2NjYyBzb2xpZCAhaW1wb3J0YW50OwoKZm9udC1zaXplOjEycHg7Cgpjb2xvcjojNjY2OwoKcGFkZGluZzogM3B4IDEwcHggIWltcG9ydGFudDsKCmJvcmRlci1yYWRpdXM6IDRweDsKCn0KCmlucHV0I3VuaXRzewoKYmFja2dyb3VuZDpub25lICFpbXBvcnRhbnQ7Cgp3aWR0aDphdXRvICFpbXBvcnRhbnQ7CgpoZWlnaHQ6YXV0byAhaW1wb3J0YW50OwoKY3Vyc29yOmF1dG8gIWltcG9ydGFudDsKCnRleHQtaW5kZW50OjBweCAhaW1wb3J0YW50OwoKYm9yZGVyOjJweCAjY2NjIHNvbGlkICFpbXBvcnRhbnQ7Cgpmb250LXNpemU6MTZweDsKCnBhZGRpbmc6IDVweCA1cHggN3B4IDVweCAhaW1wb3J0YW50OwoKdGV4dC1hbGlnbjogY2VudGVyOwoKfQoKCiNyYWt1dGVuTGltaXRlZElkX2Fyb3VuZENhcnQgdGJvZHkgdHIgdGQuaW52ZW50b3J5IGlucHV0ewoKd2lkdGg6YXV0byAhaW1wb3J0YW50OwoKaGVpZ2h0OmF1dG8gIWltcG9ydGFudDsKCmJhY2tncm91bmQ6bm9uZSAhaW1wb3J0YW50OwoKdGV4dC1pbmRlbnQ6MHB4ICFpbXBvcnRhbnQ7Cgp9Ci0tPgoKCjwvc3R5bGU+CgoKPCEtLaSzpLOkq6TpLS0+CjwhLS2ks6SzpN6kxy0tPg==,pdGlyqW9pculw6WvICggUGFuYXNvbmljICkgIKXHpbilv6XrNEul06XHpaqlq6XhpekgKKXWpemlw6WvKSBIQy1XWDk5ME0tS6O6pdKlw6XIpemlpKXz,pdGlyqW9pculw6WvICggUGFuYXNvbmljICkgIKXHpbilv6XrNEul06XHpaqlq6XhpekgKKXWpemlw6WvKSBIQy1XWDk5ME0tSw==,y7DeeqTfP8vNwc+fb8HPo7rGvcjV1f3O56TepMektNeizsQmckFycjvD+7nFzt2k6KTqvLTI1bBry82ho6XRpcqlvaXLpcOlryAoIFBhbmFzb25pYyApICClx6W4pb+l6zRLpdOlx6Wqpaul4aXpICil1qXppcOlrykgSEMtV1g5OTBNLUs=[rn]
33-14407,aHR0cDovL3RzaG9wLnIxMHMuanAvaGl0bGluZS9jYWJpbmV0L2ZzLzgzNi80NTQ1MzUwMDQ5ODM2LmpwZz9maXRpbj03MDA6NzAw,Mjk3NzMuNjAwMA==,,VFY/paqpYKXHpaOlqj+lq6XhpekgPiClq6Xhpek/pdOlx6Wqpaul4aXpP7ni0aeZQ8b3ID4gpdOlx6Wqpaul4aXp,paql6qXzpdGluSAoIE9MWU1QVVMgKSAgpdWlo6lgpeulyaXtpbClq6XhpekgU1RZTFVTIFRHLVRyYWNrZXIgKKXWpemlw6WvKSBURy1UcmFja2VyIEJMSw==,y7DeeqTfP8vNwc+fb8HPo7rGvcjV1f3O56TepMektNeizsQmckFycjvD+7nFzt2k6KTqvLTI1bBry80=,PElNRyBTUkM9Imh0dHA6Ly93d3cucmFrdXRlbi5uZS5qcC9nb2xkL2hpdGxpbmUvaW1hZ2VzL3BpY183ODAwLmdpZiJib3JkZXI9MD48QlI+PGZvbnQgY29sb3I9I0ZGRkZGMD48Zm9udCBzaXplPTE+y83Bz59vwc+lraXjpfOl2qlgpfOls6lgpcmjuqG+c210Yi1US6G/PGJyPjwvZm9udD48Zm9udCBjb2xvcj0jRkYwMDAwPqS016LOxOHhpM+hoqG+sGvLzaTOpLSwuMTaob+h+qG+y82k6te0Tm/fQr1qob+h+qG+vHvGt5X4pMjuSYWnlfil4algpeuhv6TOuPel4algpeuk8qSqy82k6qS3pN6kuaGjPEJSPrx7xreV+D/uSYWnlfikz6GiUEOkzqXhqWCl66Wipcml7KW5pMukzqTfoaJQREakx6Sqy82k6qS3pN6kuaGjPEJSPiDD+8F4ieS4/KTKpMmkoqTspNChouHhpKuk6aTHpOLU2bBr0NCktaS7pMbtlKStpN6kuaGjPC9mb250PjxkaXYgc3R5bGU9InRleHQtYWxpZ246cmlnaHQ7Y29sb3I6Izk5OTk5OTsiPqG+a2s5bjBkMThwob9oNjIyPC9kaXY+PHN0eWxlIHR5cGU9InRleHQvY3NzIj4KPCEtLQovKi0tLS0tLS0tLS0tLS0tLS0tLS0tLS0tLS0tLS0tLS0tLS0tLS0tLS0tLS0tCtlJpKTO76SrpLSl3KW/pfMKLS0tLS0tLS0tLS0tLS0tLS0tLS0tLS0tLS0tLS0tLS0tLS0tLS0tLS0tLS0qLwojcmFrdXRlbkxpbWl0ZWRJZF9hcm91bmRDYXJ0IHRib2R5IHRyIHRkIGlucHV0IHsKCmJhY2tncm91bmQ6IHVybChodHRwOi8vaW1hZ2UucmFrdXRlbi5jby5qcC9oaXRsaW5lL2NhYmluZXQvdG9wL2J0bi1jYXJ0aW4yLmpwZykgbm8tcmVwZWF0OwoKd2lkdGg6IDE4MHB4OwpoZWlnaHQ6IDYzcHg7CmJvcmRlcjogbm9uZTsKY3Vyc29yOnBvaW50ZXI7CnRleHQtaW5kZW50Oi05OTk5cHg7Cn0KI3Jha3V0ZW5MaW1pdGVkSWRfYXJvdW5kQ2FydCB0Ym9keSB0ciB0ZCBpbnB1dDpob3ZlciB7CmJhY2tncm91bmQ6IHVybChodHRwOi8vaW1hZ2UucmFrdXRlbi5jby5qcC9oaXRsaW5lL2NhYmluZXQvdG9wL2J0bi1jYXJ0aW4taG92ZXIzLmpwZykgbm8tcmVwZWF0Owp9CgoKCmZvbnQgaW5wdXR7CgpiYWNrZ3JvdW5kOiNlZWUgIWltcG9ydGFudDsKCndpZHRoOmF1dG8gIWltcG9ydGFudDsKCmhlaWdodDphdXRvICFpbXBvcnRhbnQ7CgpjdXJzb3I6cG9pbnRlciAhaW1wb3J0YW50OwoKdGV4dC1pbmRlbnQ6MHB4ICFpbXBvcnRhbnQ7Cgpib3JkZXI6MXB4ICNjY2Mgc29saWQgIWltcG9ydGFudDsKCmZvbnQtc2l6ZToxMnB4OwoKY29sb3I6IzY2NjsKCnBhZGRpbmc6IDNweCAxMHB4ICFpbXBvcnRhbnQ7Cgpib3JkZXItcmFkaXVzOiA0cHg7Cgp9CgppbnB1dCN1bml0c3sKCmJhY2tncm91bmQ6bm9uZSAhaW1wb3J0YW50OwoKd2lkdGg6YXV0byAhaW1wb3J0YW50OwoKaGVpZ2h0OmF1dG8gIWltcG9ydGFudDsKCmN1cnNvcjphdXRvICFpbXBvcnRhbnQ7Cgp0ZXh0LWluZGVudDowcHggIWltcG9ydGFudDsKCmJvcmRlcjoycHggI2NjYyBzb2xpZCAhaW1wb3J0YW50OwoKZm9udC1zaXplOjE2cHg7CgpwYWRkaW5nOiA1cHggNXB4IDdweCA1cHggIWltcG9ydGFudDsKCnRleHQtYWxpZ246IGNlbnRlcjsKCn0KCgojcmFrdXRlbkxpbWl0ZWRJZF9hcm91bmRDYXJ0IHRib2R5IHRyIHRkLmludmVudG9yeSBpbnB1dHsKCndpZHRoOmF1dG8gIWltcG9ydGFudDsKCmhlaWdodDphdXRvICFpbXBvcnRhbnQ7CgpiYWNrZ3JvdW5kOm5vbmUgIWltcG9ydGFudDsKCnRleHQtaW5kZW50OjBweCAhaW1wb3J0YW50OwoKfQotLT4KCgo8L3N0eWxlPgoKCjwhLS2ks6SzpKuk6S0tPgo8IS0tpLOks6TepMctLT4=,paql6qXzpdGluSAoIE9MWU1QVVMgKSAgpdWlo6lgpeulyaXtpbClq6XhpekgU1RZTFVTIFRHLVRyYWNrZXIgKKXWpemlw6WvKSBURy1UcmFja2VyIEJMS6O6pdKlw6XIpemlpKXz,paql6qXzpdGluSAoIE9MWU1QVVMgKSAgpdWlo6lgpeulyaXtpbClq6XhpekgU1RZTFVTIFRHLVRyYWNrZXIgKKXWpemlw6WvKSBURy1UcmFja2VyIEJMSw==,y7DeeqTfP8vNwc+fb8HPo7rGvcjV1f3O56TepMektNeizsQmckFycjvD+7nFzt2k6KTqvLTI1bBry82ho6Wqpeql86XRpbkgKCBPTFlNUFVTICkgIKXVpaOpYKXrpcml7aWwpaul4aXpIFNUWUxVUyBURy1UcmFja2VyICil1qXppcOlrykgVEctVHJhY2tlciBCTEs=[rn]
33-14408,aHR0cDovL3RzaG9wLnIxMHMuanAvaGl0bGluZS9jYWJpbmV0L2ZzLzgxMi80NTQ5MDc3NjIzODEyLmpwZz9maXRpbj03MDA6NzAw,MzkxMDcuMjAwMA==,,VFY/paqpYKXHpaOlqj+lq6XhpekgPiClq6Xhpek/pdOlx6Wqpaul4aXpP7ni0aeZQ8b3ID4gpdOlx6Wqpaul4aXp,pdGlyqW9pculw6WvICggUGFuYXNvbmljICkgIKXHpbilv6Xrpc+lpKXTpbil56XzpdOlx6Wqpaul4aXpICil26XvpaSlyCkgSEMtVzU4ME0tVw==,y7DeeqTfP8vNwc+fb8HPo7rGvcjVUE0ylXKk3qTHpaupYKXJ16LOxCZyQXJyO7y0yNWz9rrJ,oaE8ZGl2IHN0eWxlPSJ0ZXh0LWFsaWduOnJpZ2h0O2NvbG9yOiM5OTk5OTk7Ij6hvmtrOW4wZDE4cKG/aDYxaTwvZGl2PjxUQUJMRSBzdHlsZT0iIGJvcmRlcjogMnB4IGRhc2hlZCAjQ0YwMDAwOyBiYWNrZ3JvdW5kLWNvbG9yOiAjRkZFRUVFIj48dHI+PHRkIGFsaWduPWxlZnQ+PEJSPjxiPqGhob7JzMa3pM7VaMP3ob88L2I+PEJSPqH0obhIRKXPpaSl16XspbeluKXnpfOhuaTIobhIRFKE07utpeKpYKXJobmkzrTu3WSkx6WzpfOl0aWvpcikyqSspOm438a3zrukytOzz/Gk8rLQpLuk66H03027r6S3pL+huKXvpaSl5KXspbml76Wkpde06aTqobmkx9futPMzzKikzqW5pd6l26TypMSkyqSkpMe06dOwpMekraTrofTfaKSv63ik7KS/sbvQtMzlpOKloqXDpdekx7TppOyk67jfsbbCymlBpbqpYKXgOTCxtjwvdGQ+PC90cj48L1RBQkxFPjxCUj48c3R5bGUgdHlwZT0idGV4dC9jc3MiPgo8IS0tCi8qLS0tLS0tLS0tLS0tLS0tLS0tLS0tLS0tLS0tLS0tLS0tLS0tLS0tLS0tLS0K2UmkpM7vpKuktKXcpb+l8wotLS0tLS0tLS0tLS0tLS0tLS0tLS0tLS0tLS0tLS0tLS0tLS0tLS0tLS0tLSovCiNyYWt1dGVuTGltaXRlZElkX2Fyb3VuZENhcnQgdGJvZHkgdHIgdGQgaW5wdXQgewoKYmFja2dyb3VuZDogdXJsKGh0dHA6Ly9pbWFnZS5yYWt1dGVuLmNvLmpwL2hpdGxpbmUvY2FiaW5ldC90b3AvYnRuLWNhcnRpbjIuanBnKSBuby1yZXBlYXQ7Cgp3aWR0aDogMTgwcHg7CmhlaWdodDogNjNweDsKYm9yZGVyOiBub25lOwpjdXJzb3I6cG9pbnRlcjsKdGV4dC1pbmRlbnQ6LTk5OTlweDsKfQojcmFrdXRlbkxpbWl0ZWRJZF9hcm91bmRDYXJ0IHRib2R5IHRyIHRkIGlucHV0OmhvdmVyIHsKYmFja2dyb3VuZDogdXJsKGh0dHA6Ly9pbWFnZS5yYWt1dGVuLmNvLmpwL2hpdGxpbmUvY2FiaW5ldC90b3AvYnRuLWNhcnRpbi1ob3ZlcjMuanBnKSBuby1yZXBlYXQ7Cn0KCgoKZm9udCBpbnB1dHsKCmJhY2tncm91bmQ6I2VlZSAhaW1wb3J0YW50OwoKd2lkdGg6YXV0byAhaW1wb3J0YW50OwoKaGVpZ2h0OmF1dG8gIWltcG9ydGFudDsKCmN1cnNvcjpwb2ludGVyICFpbXBvcnRhbnQ7Cgp0ZXh0LWluZGVudDowcHggIWltcG9ydGFudDsKCmJvcmRlcjoxcHggI2NjYyBzb2xpZCAhaW1wb3J0YW50OwoKZm9udC1zaXplOjEycHg7Cgpjb2xvcjojNjY2OwoKcGFkZGluZzogM3B4IDEwcHggIWltcG9ydGFudDsKCmJvcmRlci1yYWRpdXM6IDRweDsKCn0KCmlucHV0I3VuaXRzewoKYmFja2dyb3VuZDpub25lICFpbXBvcnRhbnQ7Cgp3aWR0aDphdXRvICFpbXBvcnRhbnQ7CgpoZWlnaHQ6YXV0byAhaW1wb3J0YW50OwoKY3Vyc29yOmF1dG8gIWltcG9ydGFudDsKCnRleHQtaW5kZW50OjBweCAhaW1wb3J0YW50OwoKYm9yZGVyOjJweCAjY2NjIHNvbGlkICFpbXBvcnRhbnQ7Cgpmb250LXNpemU6MTZweDsKCnBhZGRpbmc6IDVweCA1cHggN3B4IDVweCAhaW1wb3J0YW50OwoKdGV4dC1hbGlnbjogY2VudGVyOwoKfQoKCiNyYWt1dGVuTGltaXRlZElkX2Fyb3VuZENhcnQgdGJvZHkgdHIgdGQuaW52ZW50b3J5IGlucHV0ewoKd2lkdGg6YXV0byAhaW1wb3J0YW50OwoKaGVpZ2h0OmF1dG8gIWltcG9ydGFudDsKCmJhY2tncm91bmQ6bm9uZSAhaW1wb3J0YW50OwoKdGV4dC1pbmRlbnQ6MHB4ICFpbXBvcnRhbnQ7Cgp9Ci0tPgoKCjwvc3R5bGU+CgoKPCEtLaSzpLOkq6TpLS0+CjwhLS2ks6SzpN6kxy0tPg==,pdGlyqW9pculw6WvICggUGFuYXNvbmljICkgIKXHpbilv6Xrpc+lpKXTpbil56XzpdOlx6Wqpaul4aXpICil26XvpaSlyCkgSEMtVzU4ME0tV6O6pdKlw6XIpemlpKXz,pdGlyqW9pculw6WvICggUGFuYXNvbmljICkgIKXHpbilv6Xrpc+lpKXTpbil56XzpdOlx6Wqpaul4aXpICil26XvpaSlyCkgSEMtVzU4ME0tVw==,y7DeeqTfP8vNwc+fb8HPo7rGvcjVUE0ylXKk3qTHpaupYKXJ16LOxCZyQXJyO7y0yNWz9rrJoaOl0aXKpb2ly6XDpa8gKCBQYW5hc29uaWMgKSAgpceluKW/peulz6WkpdOluKXnpfOl06XHpaqlq6XhpekgKKXbpe+lpKXIKSBIQy1XNTgwTS1X[rn]
33-14409,aHR0cDovL3RzaG9wLnIxMHMuanAvaGl0bGluZS9jYWJpbmV0L2ZzLzg2Ny80NTQ5MDc3NjIzODY3LmpwZz9maXRpbj03MDA6NzAw,NTc3NDcuMjAwMA==,,VFY/paqpYKXHpaOlqj+lq6XhpekgPiClq6Xhpek/pdOlx6Wqpaul4aXpP7ni0aeZQ8b3ID4gpdOlx6Wqpaul4aXp,pdGlyqW9pculw6WvICggUGFuYXNvbmljICkgIKXHpbilv6XrNEul06XHpaqlq6XhpekgKKXbpe+lpKXIKSBIQy1WWDk4ME0tVw==,y7DeeqTfP8vNwc+fb8HPo7rGvcjV1f3O56TepMektNeizsQmckFycjvD+7nFzt2k6KTqvLTI1bBry80=,oaE8ZGl2IHN0eWxlPSJ0ZXh0LWFsaWduOnJpZ2h0O2NvbG9yOiM5OTk5OTk7Ij6hvmtrOW4wZDE4cKG/aDNlOTwvZGl2PjxUQUJMRSBzdHlsZT0iIGJvcmRlcjogMnB4IGRhc2hlZCAjQ0YwMDAwOyBiYWNrZ3JvdW5kLWNvbG9yOiAjRkZFRUVFIj48dHI+PHRkIGFsaWduPWxlZnQ+PEJSPjxiPqGhob7JzMa3pM7VaMP3ob88L2I+PEJSPqH0uN+7rdl8NEuMnY/qIKS1pOmky6Sqmt2ky8jrpOqkzqW3qWCl86TLpKKkyKSrpOnTs8/xhL+5+6TyvNOkqKTppOyk66G4pKKkyKSrpOnRYdX9obmk8tDCtO7dZKH0y9jU56SkpdSl86XIus+k76S7pMe438a3zrukytOzz/GkrLLQpLuk66G4NEulz6Wkpdel7KW3pbil56XzQUahuaTytO7dZKH01+608zPMqKTOpbml3qXbpPKkxKTKpLKk6yDfTbuvpLekv6G4pe+lpKXkpeyluaXvpaSl17TppOqhuTwvdGQ+PC90cj48L1RBQkxFPjxCUj48c3R5bGUgdHlwZT0idGV4dC9jc3MiPgo8IS0tCi8qLS0tLS0tLS0tLS0tLS0tLS0tLS0tLS0tLS0tLS0tLS0tLS0tLS0tLS0tLS0K2UmkpM7vpKuktKXcpb+l8wotLS0tLS0tLS0tLS0tLS0tLS0tLS0tLS0tLS0tLS0tLS0tLS0tLS0tLS0tLSovCiNyYWt1dGVuTGltaXRlZElkX2Fyb3VuZENhcnQgdGJvZHkgdHIgdGQgaW5wdXQgewoKYmFja2dyb3VuZDogdXJsKGh0dHA6Ly9pbWFnZS5yYWt1dGVuLmNvLmpwL2hpdGxpbmUvY2FiaW5ldC90b3AvYnRuLWNhcnRpbjIuanBnKSBuby1yZXBlYXQ7Cgp3aWR0aDogMTgwcHg7CmhlaWdodDogNjNweDsKYm9yZGVyOiBub25lOwpjdXJzb3I6cG9pbnRlcjsKdGV4dC1pbmRlbnQ6LTk5OTlweDsKfQojcmFrdXRlbkxpbWl0ZWRJZF9hcm91bmRDYXJ0IHRib2R5IHRyIHRkIGlucHV0OmhvdmVyIHsKYmFja2dyb3VuZDogdXJsKGh0dHA6Ly9pbWFnZS5yYWt1dGVuLmNvLmpwL2hpdGxpbmUvY2FiaW5ldC90b3AvYnRuLWNhcnRpbi1ob3ZlcjMuanBnKSBuby1yZXBlYXQ7Cn0KCgoKZm9udCBpbnB1dHsKCmJhY2tncm91bmQ6I2VlZSAhaW1wb3J0YW50OwoKd2lkdGg6YXV0byAhaW1wb3J0YW50OwoKaGVpZ2h0OmF1dG8gIWltcG9ydGFudDsKCmN1cnNvcjpwb2ludGVyICFpbXBvcnRhbnQ7Cgp0ZXh0LWluZGVudDowcHggIWltcG9ydGFudDsKCmJvcmRlcjoxcHggI2NjYyBzb2xpZCAhaW1wb3J0YW50OwoKZm9udC1zaXplOjEycHg7Cgpjb2xvcjojNjY2OwoKcGFkZGluZzogM3B4IDEwcHggIWltcG9ydGFudDsKCmJvcmRlci1yYWRpdXM6IDRweDsKCn0KCmlucHV0I3VuaXRzewoKYmFja2dyb3VuZDpub25lICFpbXBvcnRhbnQ7Cgp3aWR0aDphdXRvICFpbXBvcnRhbnQ7CgpoZWlnaHQ6YXV0byAhaW1wb3J0YW50OwoKY3Vyc29yOmF1dG8gIWltcG9ydGFudDsKCnRleHQtaW5kZW50OjBweCAhaW1wb3J0YW50OwoKYm9yZGVyOjJweCAjY2NjIHNvbGlkICFpbXBvcnRhbnQ7Cgpmb250LXNpemU6MTZweDsKCnBhZGRpbmc6IDVweCA1cHggN3B4IDVweCAhaW1wb3J0YW50OwoKdGV4dC1hbGlnbjogY2VudGVyOwoKfQoKCiNyYWt1dGVuTGltaXRlZElkX2Fyb3VuZENhcnQgdGJvZHkgdHIgdGQuaW52ZW50b3J5IGlucHV0ewoKd2lkdGg6YXV0byAhaW1wb3J0YW50OwoKaGVpZ2h0OmF1dG8gIWltcG9ydGFudDsKCmJhY2tncm91bmQ6bm9uZSAhaW1wb3J0YW50OwoKdGV4dC1pbmRlbnQ6MHB4ICFpbXBvcnRhbnQ7Cgp9Ci0tPgoKCjwvc3R5bGU+CgoKPCEtLaSzpLOkq6TpLS0+CjwhLS2ks6SzpN6kxy0tPg==,pdGlyqW9pculw6WvICggUGFuYXNvbmljICkgIKXHpbilv6XrNEul06XHpaqlq6XhpekgKKXbpe+lpKXIKSBIQy1WWDk4ME0tV6O6pdKlw6XIpemlpKXz,pdGlyqW9pculw6WvICggUGFuYXNvbmljICkgIKXHpbilv6XrNEul06XHpaqlq6XhpekgKKXbpe+lpKXIKSBIQy1WWDk4ME0tVw==,y7DeeqTfP8vNwc+fb8HPo7rGvcjV1f3O56TepMektNeizsQmckFycjvD+7nFzt2k6KTqvLTI1bBry82ho6XRpcqlvaXLpcOlryAoIFBhbmFzb25pYyApICClx6W4pb+l6zRLpdOlx6Wqpaul4aXpICil26XvpaSlyCkgSEMtVlg5ODBNLVc=[rn]
33-14410,aHR0cDovL3RzaG9wLnIxMHMuanAvaGl0bGluZS9jYWJpbmV0L2ZzLzgzNi80NTQ5MDc3NjIzODM2LmpwZz9maXRpbj03MDA6NzAw,MzYxNzYuMDAwMA==,,VFY/paqpYKXHpaOlqj+lq6XhpekgPiClq6Xhpek/pdOlx6Wqpaul4aXpP7ni0aeZQ8b3ID4gpdOlx6Wqpaul4aXp,pdGlyqW9pculw6WvICggUGFuYXNvbmljICkgIEhEpdOlx6Wqpaul4aXpIFc1ODBNIDMyR0Igpe+lpKXXtOmk6iC437G2wso5MLG2pbqpYKXgIKXUpfOlryBIQy1XNTgwTS1Q,y7DeeqTfP8vNwc+fb8HPo7rGvcjV1f3O56TepMektNeizsQmckFycjvD+7nFzt2k6KTqvLTI1bBry80=,oaE8ZGl2IHN0eWxlPSJ0ZXh0LWFsaWduOnJpZ2h0O2NvbG9yOiM5OTk5OTk7Ij6hvmtrOW4wZDE4cKG/aDV2YzwvZGl2PjxUQUJMRSBzdHlsZT0iIGJvcmRlcjogMnB4IGRhc2hlZCAjQ0YwMDAwOyBiYWNrZ3JvdW5kLWNvbG9yOiAjRkZFRUVFIj48dHI+PHRkIGFsaWduPWxlZnQ+PEJSPjxiPqGhob7JzMa3pM7VaMP3ob88L2I+PEJSPqH0obhIRKXPpaSl16XspbeluKXnpfOhuaTIobhIRFKE07utpeKpYKXJobmkzrTu3WSkx6WzpfOl0aWvpcikyqSspOm438a3zrukytOzz/Gk8rLQpLuk66H03027r6S3pL+huKXvpaSl5KXspbml76Wkpde06aTqobmkx9futPMzzKikzqW5pd6l26TypMSkyqSkpMe06dOwpMekraTrofTfaKSv63ik7KS/sbvQtMzlpOKloqXDpdekx7TppOyk67jfsbbCymlBpbqpYKXgOTCxtjwvdGQ+PC90cj48L1RBQkxFPjxCUj48c3R5bGUgdHlwZT0idGV4dC9jc3MiPgo8IS0tCi8qLS0tLS0tLS0tLS0tLS0tLS0tLS0tLS0tLS0tLS0tLS0tLS0tLS0tLS0tLS0K2UmkpM7vpKuktKXcpb+l8wotLS0tLS0tLS0tLS0tLS0tLS0tLS0tLS0tLS0tLS0tLS0tLS0tLS0tLS0tLSovCiNyYWt1dGVuTGltaXRlZElkX2Fyb3VuZENhcnQgdGJvZHkgdHIgdGQgaW5wdXQgewoKYmFja2dyb3VuZDogdXJsKGh0dHA6Ly9pbWFnZS5yYWt1dGVuLmNvLmpwL2hpdGxpbmUvY2FiaW5ldC90b3AvYnRuLWNhcnRpbjIuanBnKSBuby1yZXBlYXQ7Cgp3aWR0aDogMTgwcHg7CmhlaWdodDogNjNweDsKYm9yZGVyOiBub25lOwpjdXJzb3I6cG9pbnRlcjsKdGV4dC1pbmRlbnQ6LTk5OTlweDsKfQojcmFrdXRlbkxpbWl0ZWRJZF9hcm91bmRDYXJ0IHRib2R5IHRyIHRkIGlucHV0OmhvdmVyIHsKYmFja2dyb3VuZDogdXJsKGh0dHA6Ly9pbWFnZS5yYWt1dGVuLmNvLmpwL2hpdGxpbmUvY2FiaW5ldC90b3AvYnRuLWNhcnRpbi1ob3ZlcjMuanBnKSBuby1yZXBlYXQ7Cn0KCgoKZm9udCBpbnB1dHsKCmJhY2tncm91bmQ6I2VlZSAhaW1wb3J0YW50OwoKd2lkdGg6YXV0byAhaW1wb3J0YW50OwoKaGVpZ2h0OmF1dG8gIWltcG9ydGFudDsKCmN1cnNvcjpwb2ludGVyICFpbXBvcnRhbnQ7Cgp0ZXh0LWluZGVudDowcHggIWltcG9ydGFudDsKCmJvcmRlcjoxcHggI2NjYyBzb2xpZCAhaW1wb3J0YW50OwoKZm9udC1zaXplOjEycHg7Cgpjb2xvcjojNjY2OwoKcGFkZGluZzogM3B4IDEwcHggIWltcG9ydGFudDsKCmJvcmRlci1yYWRpdXM6IDRweDsKCn0KCmlucHV0I3VuaXRzewoKYmFja2dyb3VuZDpub25lICFpbXBvcnRhbnQ7Cgp3aWR0aDphdXRvICFpbXBvcnRhbnQ7CgpoZWlnaHQ6YXV0byAhaW1wb3J0YW50OwoKY3Vyc29yOmF1dG8gIWltcG9ydGFudDsKCnRleHQtaW5kZW50OjBweCAhaW1wb3J0YW50OwoKYm9yZGVyOjJweCAjY2NjIHNvbGlkICFpbXBvcnRhbnQ7Cgpmb250LXNpemU6MTZweDsKCnBhZGRpbmc6IDVweCA1cHggN3B4IDVweCAhaW1wb3J0YW50OwoKdGV4dC1hbGlnbjogY2VudGVyOwoKfQoKCiNyYWt1dGVuTGltaXRlZElkX2Fyb3VuZENhcnQgdGJvZHkgdHIgdGQuaW52ZW50b3J5IGlucHV0ewoKd2lkdGg6YXV0byAhaW1wb3J0YW50OwoKaGVpZ2h0OmF1dG8gIWltcG9ydGFudDsKCmJhY2tncm91bmQ6bm9uZSAhaW1wb3J0YW50OwoKdGV4dC1pbmRlbnQ6MHB4ICFpbXBvcnRhbnQ7Cgp9Ci0tPgoKCjwvc3R5bGU+CgoKPCEtLaSzpLOkq6TpLS0+CjwhLS2ks6SzpN6kxy0tPg==,pdGlyqW9pculw6WvICggUGFuYXNvbmljICkgIEhEpdOlx6Wqpaul4aXpIFc1ODBNIDMyR0Igpe+lpKXXtOmk6iC437G2wso5MLG2pbqpYKXgIKXUpfOlryBIQy1XNTgwTS1Qo7ql0qXDpcil6aWkpfM=,pdGlyqW9pculw6WvICggUGFuYXNvbmljICkgIEhEpdOlx6Wqpaul4aXpIFc1ODBNIDMyR0Igpe+lpKXXtOmk6iC437G2wso5MLG2pbqpYKXgIKXUpfOlryBIQy1XNTgwTS1Q,y7DeeqTfP8vNwc+fb8HPo7rGvcjV1f3O56TepMektNeizsQmckFycjvD+7nFzt2k6KTqvLTI1bBry82ho6XRpcqlvaXLpcOlryAoIFBhbmFzb25pYyApICBIRKXTpcelqqWrpeGl6SBXNTgwTSAzMkdCIKXvpaSl17TppOoguN+xtsLKOTCxtqW6qWCl4CCl1KXzpa8gSEMtVzU4ME0tUA==[rn]
33-14411,aHR0cDovL3RzaG9wLnIxMHMuanAvaGl0bGluZS9jYWJpbmV0L2ZzLzY0NC80NTQ5MDc3MTU0NjQ0LmpwZz9maXRpbj03MDA6NzAw,MjMzNjYuNDAwMA==,,VFY/paqpYKXHpaOlqj+lq6XhpekgPiClq6Xhpek/pdOlx6Wqpaul4aXpP7ni0aeZQ8b3ID4gpdOlx6Wqpaul4aXp,pdGlyqW9pculw6WvICggUGFuYXNvbmljICkgIKWmpaeloqXppdal66WrpeGl6SBIWC1BNTAwICilsKXsqWApIEhYLUE1MDAtSA==,y7DeeqTfP8vNwc+fb8HPo7rGvcjVUE0ylXKk3qTHpaupYKXJ16LOxCZyQXJyO7y0yNWz9rrJ,oaE8ZGl2IHN0eWxlPSJ0ZXh0LWFsaWduOnJpZ2h0O2NvbG9yOiM5OTk5OTk7Ij6hvmtrOW4wZDE4cKG/aDYyMjwvZGl2PjxUQUJMRSBzdHlsZT0iIGJvcmRlcjogMnB4IGRhc2hlZCAjQ0YwMDAwOyBiYWNrZ3JvdW5kLWNvbG9yOiAjRkZFRUVFIj48dHI+PHRkIGFsaWduPWxlZnQ+PEJSPjxiPqGhob7JzMa3pM7VaMP3ob88L2I+PEJSPqHxNEszMHC06dOwjGesRqGixVKI9rjQ0uek7KTruN++q7yahNO7raSstOmk7KTrPGJyPqHx0rq+p6Xipculv6lgJqXYpcOlyaXepaal86XIpMey2df30NSk4tew18W40KTiz/LJzzxicj6h8aXWpezRYdX9JoNBpK3RYdX9pPK07t1kPGJyPjxicj6h9ls0SzMwXSDDwKS3pK/FUoj2uNDS56TspOvTs8/xIKHxpbul86W1qWChoqWopfOluKXzoaKl7KXzpbqk8tK70MKhosPApLekr7jfvqu8mqTKNEszMHCkzrjfu63ZfLTp07CMZ6xGICA/objQwj+089DNpbul6ybRWcPm1dXJ5NDNuN+40LbITU9Tpbul86W1qWChuaTykvHTw6Giw/ek66SvuN++q7yapMrTs8/xpPK06dOwv8nE3KGjPEJSPiAgP6G4pa+l6qW5pb+l66WopfOluKXzUFJPK6G5pPKS8dPDoaK438vZhEnA7aTHNEszMHCkzrutz/GEScDtpKy/ycTcoaM8QlI+ICA/NEu06dOwpMuMnY/qpMekraTr0MLpX7BrpM64373iz/Gl7KXzpbqlt6W5pcal4KTykvHTw6S3pN6kt6S/oaM8QlI+ofZbtv7M5dDNpbmlv6WkpetdILLZ1/fQ1KTi17DXxbjQpOLP8snPIKHxsb7M5bK/OtK6vqel4qXLpb+pYKTHytbUqqTHtF/VSqS3pMqkrKTpstnX96Gipbil56WkpbmlxqWjpcOlr6TytO7dZKGistnX99DUpKzP8snPoaKlq6XhpemyvzrQodDNP91Ywb+kyqTOpMel1qXspM7J2aTKpKTTs8/xpKylz6Xzpbql1aXqqWCkx7Tp07AgofHQwulfsGul2KXDpcml3qWmpfOlyDrpTJVy6We06dOwpM7Yk7Wj3ViccKGi17DXxbjQpKzP8snPPGJyPjxicj6h9lu06dOwpaKlt6W5pchdIKXWpezRYdX9JoNBpK3RYdX9pPK07t1kIKHxjtqkpNFh1f2lqKXqpaKkzqXWpezRYdX9pMulwaXlqWCl86WipcOl16GijGfrSKTOyrnTw6W3qWCl86THuN+kpIS/ufuk8rBrk12hooNBpK3RYdX9pM+huI+KL5jLnMovx9Chud94kmuh9lul4KlgpdOpYKW5pemlpKXJpbel56lgXSDSiqTJpLOk7aTOpbepYKXzpPLX1ITTpMe+jryvIKHx0X3K/aTOhNO7raSrpOnQwqWipeultKXqpbql4KTH19SE07XEpMvSiqTJpLOk7aTys+mz9qGi07PP8YS/ufuk5NL0mFOk8ri2pLG806SopMa2zKSkhNO7raTy1/ezySAgP6G4pcClpKXKpd+lw6WvpeKpYKXJobkgtOnTsJVypMvW2MGmpbul86W1qWCkrLykpLekpITTpK2k8pfK1qqkt6S/pbepYKXzpPKz6bP2oaKluaXdqWClxKTKpMmkztOzz/Gky6GjPEJSPiAgP6G4pcqlwaXlpeml66XiqWClyaG5IITTpK2kzsnZpMqkpKW3qWCl86TykmmkrbP2pLml4qlgpcmkx6GiwsPQ0KTKpMmkztOzz/Gky99tpLekxqSkpN6kuaGjPEJSPjxicj48YnI+ofakvaTOy/ukzszY6UwgofG3wMuuKEpJU7Gj12+1yLyJSVBYOM/gtbEpP7fAiW0oSklTsaPXb7XIvIlJUDVYz+C1sSmYi9TsOsuuye4zLjBtLzMwt9ak3qTHpM606dOwpKy/ycTcIKHxV2ktRmkoUinE2sppoaKluaXeqWClyKXVpaml86THpM7Ts8/xpM7U2cn6pOSl6qXiqWClyLLZ1/ekrL/JxNwgofFORkOMnY/qoaKMnY/qpM5BbmRyb2lkKFRNKaW5pd6pYKXIpdWlqaXzKIydj+q0X9VKsdjSqimkyqTpV2ktRmkoUim9075BpM+l76Xzpb+lw6XBIKHxtOnTsOlfyrykq6TpvHMzw+vh4aTL05vlaKTy6V/KvKS5pOtEZWxheSBSRUMgofGluaXtqWCl4qlgpbel56XzpeKpYKXJKINBpK3RYdX9P6XWpezRYdX9pM9PRkYptO7dZKXrqWCl19Ob5Wi07t1kIKHxpd6lpKWvpM6lqqXzL6WqpdWk8sfQpOrM5qSov8nE3KH2uLbK9Ma3OqWiqWCl4KXQpfOlyaWxqWCluaGipdilw6XJpd6lpqXzpcgopbSl4KXQpfOlybqspOApoaJVU0K9075BpbGpYKXWpes8YnI+PGJyPqH2ysuYlDxicj6xvszlpbWlpKW6o7oguN+ktTk0bW2hwbf5NTkuNW1tocGwwtDQMjYuN21tPGJyPrG+zOXZfMG/o7ogMTI4Zzxicj6h+bG+zOWyv6TOpN+hozxCUj4gpaul4aXpsr86uN+ktToyNi41ocG3+ToyNi41ocGwwtDQOjY4LjVtbSDZfMG/OjMxZ6GjPEJSPiDKudPDlXLZfMG/OjE4NWcgKKXepaSlr6XtU0Slq6lgpcm6rKTgKTxCUj48QlI+PGI+oaGhvtF1xrfKy5iUP9DOyr2hvzwvYj4gPGZvbnQgY29sb3I9cmVkPqH5ysuYlLXIpM/T6Ljmn2+kr4nkuPyktaTspMakpKTriPa6z6SspKKk6qTepLmho7HYpLql4algpaupYKXaqWCluLXIpMeEZc2+pLS0X9VKz8KktaSkoaM8L2ZvbnQ+PEJSPjx0YWJsZSB3aWR0aD02MDAgYm9yZGVyPTAgY2VsbHNwYWNpbmc9MSBjZWxscGFkZGluZz0xIGJvcmRlcmNvbG9yPSNDMEMwQzA7PjxUUj48VEQgd2lkdGg9MTUwPj/Rdca3pb+lpKXXPC9URD48VEQ+pL2kzsv7pceluKW/peul06XHpaqlq6Xhpek8L1REPjwvVFI+PFRSPjxURCB3aWR0aD0xNTA+P9F1xrelv6Wkpdc8L1REPjxURD6kvaTOy/ulx6W4pb+l66XTpcelqqWrpeGl6TwvVEQ+PC9UUj48VFI+PFREIHdpZHRoPTE1MD4/ysuYlDwvVEQ+PFREPqH2hNO7rdOb5Wil4aXHpaOlojptaWNyb1NESEOlq6lgpckoNEdCLzhHQi8xNkdCLzMyR0IpoaJtaWNyb1NEpaupYKXJKDUxMk1CLzFHQi8yR0IpKM3R18XKvSmh9oTTu63Tm+Vot73KvTpNUEVHLTQgQVZDpdWloaWkpevSjrjxnMqShyguTVA0KaH20vTJ+dOb5Wi3vcq9OqXipc6l6aXrofa06c/xy9jX0zoxLzIuM9DNIE1PU7nMzOW06c/xy9jX0yjRWcPm1dXJ5NDNKSC+dLuty9g6MTI3Ns3yofaE07utKDE2OjkpIDkwM83yKM2os6O06dOwpeKpYKXJoaK7rb3Hx9DM5jql76Wkpcmhoruty9jK/S+l1aXsqWCl4KXsqWClyDoxOTIweDEwODAvMzBwlXIpofa+sta5u60oMTY6OSkgODM0zfIo0LTV5rTp07Cl4qlgpckgu629x8fQzOY6pe+lpKXJKSCh9qXipculv6lgOjE8L1REPjwvVFI+PFRSPjxURCB3aWR0aD0xNTA+P8rLmJQ8L1REPjxURD6h9oTTu63Tm+VopeGlx6WjpaI6bWljcm9TREhDpaupYKXJKDRHQi84R0IvMTZHQi8zMkdCKaGibWljcm9TRKWrqWClySg1MTJNQi8xR0IvMkdCKSjN0dfFyr0pofaE07ut05vlaLe9yr06TVBFRy00IEFWQ6XVpaGlpKXr0o648ZzKkocoLk1QNCmh9tL0yfnTm+Vot73KvTql4qXOpeml66H2tOnP8cvY19M6MS8yLjPQzSBNT1O5zMzltOnP8cvY19Mo0VnD5tXVyeTQzSkgvnS7rcvYOjEyNzbN8qH2hNO7rSgxNjo5KSA5MDPN8ijNqLOjtOnTsKXiqWClyaGiu629x8fQzOY6pe+lpKXJoaK7rcvYyv0vpdWl7KlgpeCl7Klgpcg6MTkyMHgxMDgwLzMwcJVyKaH2vrLWubutKDE2OjkpIDgzNM3yKNC01ea06dOwpeKpYKXJILutvcfH0MzmOqXvpaSlySkgofal4qXLpb+pYDoxPC9URD48L1RSPjwvVEFCTEU+PC90ZD48L3RyPjwvVEFCTEU+PEJSPjxzdHlsZSB0eXBlPSJ0ZXh0L2NzcyI+CjwhLS0KLyotLS0tLS0tLS0tLS0tLS0tLS0tLS0tLS0tLS0tLS0tLS0tLS0tLS0tLS0tLQrZSaSkzu+kq6S0pdylv6XzCi0tLS0tLS0tLS0tLS0tLS0tLS0tLS0tLS0tLS0tLS0tLS0tLS0tLS0tLS0tKi8KI3Jha3V0ZW5MaW1pdGVkSWRfYXJvdW5kQ2FydCB0Ym9keSB0ciB0ZCBpbnB1dCB7CgpiYWNrZ3JvdW5kOiB1cmwoaHR0cDovL2ltYWdlLnJha3V0ZW4uY28uanAvaGl0bGluZS9jYWJpbmV0L3RvcC9idG4tY2FydGluMi5qcGcpIG5vLXJlcGVhdDsKCndpZHRoOiAxODBweDsKaGVpZ2h0OiA2M3B4Owpib3JkZXI6IG5vbmU7CmN1cnNvcjpwb2ludGVyOwp0ZXh0LWluZGVudDotOTk5OXB4Owp9CiNyYWt1dGVuTGltaXRlZElkX2Fyb3VuZENhcnQgdGJvZHkgdHIgdGQgaW5wdXQ6aG92ZXIgewpiYWNrZ3JvdW5kOiB1cmwoaHR0cDovL2ltYWdlLnJha3V0ZW4uY28uanAvaGl0bGluZS9jYWJpbmV0L3RvcC9idG4tY2FydGluLWhvdmVyMy5qcGcpIG5vLXJlcGVhdDsKfQoKCgpmb250IGlucHV0ewoKYmFja2dyb3VuZDojZWVlICFpbXBvcnRhbnQ7Cgp3aWR0aDphdXRvICFpbXBvcnRhbnQ7CgpoZWlnaHQ6YXV0byAhaW1wb3J0YW50OwoKY3Vyc29yOnBvaW50ZXIgIWltcG9ydGFudDsKCnRleHQtaW5kZW50OjBweCAhaW1wb3J0YW50OwoKYm9yZGVyOjFweCAjY2NjIHNvbGlkICFpbXBvcnRhbnQ7Cgpmb250LXNpemU6MTJweDsKCmNvbG9yOiM2NjY7CgpwYWRkaW5nOiAzcHggMTBweCAhaW1wb3J0YW50OwoKYm9yZGVyLXJhZGl1czogNHB4OwoKfQoKaW5wdXQjdW5pdHN7CgpiYWNrZ3JvdW5kOm5vbmUgIWltcG9ydGFudDsKCndpZHRoOmF1dG8gIWltcG9ydGFudDsKCmhlaWdodDphdXRvICFpbXBvcnRhbnQ7CgpjdXJzb3I6YXV0byAhaW1wb3J0YW50OwoKdGV4dC1pbmRlbnQ6MHB4ICFpbXBvcnRhbnQ7Cgpib3JkZXI6MnB4ICNjY2Mgc29saWQgIWltcG9ydGFudDsKCmZvbnQtc2l6ZToxNnB4OwoKcGFkZGluZzogNXB4IDVweCA3cHggNXB4ICFpbXBvcnRhbnQ7Cgp0ZXh0LWFsaWduOiBjZW50ZXI7Cgp9CgoKI3Jha3V0ZW5MaW1pdGVkSWRfYXJvdW5kQ2FydCB0Ym9keSB0ciB0ZC5pbnZlbnRvcnkgaW5wdXR7Cgp3aWR0aDphdXRvICFpbXBvcnRhbnQ7CgpoZWlnaHQ6YXV0byAhaW1wb3J0YW50OwoKYmFja2dyb3VuZDpub25lICFpbXBvcnRhbnQ7Cgp0ZXh0LWluZGVudDowcHggIWltcG9ydGFudDsKCn0KLS0+CgoKPC9zdHlsZT4KCgo8IS0tpLOks6SrpOktLT4KPCEtLaSzpLOk3qTHLS0+,pdGlyqW9pculw6WvICggUGFuYXNvbmljICkgIKWmpaeloqXppdal66WrpeGl6SBIWC1BNTAwICilsKXsqWApIEhYLUE1MDAtSKO6pdKlw6XIpemlpKXz,pdGlyqW9pculw6WvICggUGFuYXNvbmljICkgIKWmpaeloqXppdal66WrpeGl6SBIWC1BNTAwICilsKXsqWApIEhYLUE1MDAtSA==,y7DeeqTfP8vNwc+fb8HPo7rGvcjVUE0ylXKk3qTHpaupYKXJ16LOxCZyQXJyO7y0yNWz9rrJoaOl0aXKpb2ly6XDpa8gKCBQYW5hc29uaWMgKSAgpaalp6Wipeml1qXrpaul4aXpIEhYLUE1MDAgKKWwpeypYCkgSFgtQTUwMC1I[rn]
33-14412,aHR0cDovL3RzaG9wLnIxMHMuanAvaGl0bGluZS9jYWJpbmV0L2ZzLzEyMS80NTQ5MDc3MzQ3MTIxLmpwZz9maXRpbj03MDA6NzAw,Mjg3NzEuMjAwMA==,,VFY/paqpYKXHpaOlqj+lq6XhpekgPiClq6Xhpek/pdOlx6Wqpaul4aXpP7ni0aeZQ8b3ID4gpdOlx6Wqpaul4aXp,pdGlyqW9pculw6WvICggUGFuYXNvbmljICkgIKXHpbilv6Xrpc+lpKXTpbil56XzpdOlx6Wqpaul4aXpICil26XvpaSlyCkgSEMtVjM2ME0tVw==,y7DeeqTfP8vNwc+fb8HPo7rGvcjV1f3O56TepMektNeizsQmckFycjvD+7nFzt2k6KTqvLTI1bBry80=,oaE8ZGl2IHN0eWxlPSJ0ZXh0LWFsaWduOnJpZ2h0O2NvbG9yOiM5OTk5OTk7Ij6hvmtrOW4wZDE4cKG/aDNlOTwvZGl2PjxUQUJMRSBzdHlsZT0iIGJvcmRlcjogMnB4IGRhc2hlZCAjQ0YwMDAwOyBiYWNrZ3JvdW5kLWNvbG9yOiAjRkZFRUVFIj48dHI+PHRkIGFsaWduPWxlZnQ+PEJSPjxiPqGhob7JzMa3pM7VaMP3ob88L2I+PEJSPqHxuN+xtsLKaUGluqlgpeA5MLG2PGJyPqHxobiDQaSt0WHV/aG5JqG4Nd1Tpc+lpKXWpeqlw6XJytal1qXs0WHV/aG5PGJyPqHxxNrKaaXhpeKl6qlgMTZHQrTu3WQ8YnI+PGJyPqH232ikr+t4pOykv7G70LTM5aTipaKlw6XXpMe06aTspOu437G2wsppQaW6qWCl4DkwsbYgofG54tGnNTCxtqW6qWCl4KXspfOluqTytO7dZKGjPEJSPrOsveLP8by80Geky6TopOqhoqXPpaSl06W4peel87ut2Xyh+TGkzqTepN5pQaW6qWCl4Dkwsbak8oxnrEakt6TepLekv6GjPEJSPqH2obiDQaSt0WHV/aG5pMihuDXdU6XPpaSl1qXqpcOlycrWpdal7NFh1f2huaTHg0GkrT/K1qXWpeyk8rTzt/mky7XNnHAgofGaaaStpMqkrKTppM606dOwpMek4qG4Nd1Tobmkx8rWpdal7KTy0WHV/aS5pOulz6Wkpdal6qXDpcilt6W5pcal4KTykvHTw6GjPEJSPqS1pOmky6GiobiDQaSt0WHV/aG5pKzX1ITTpMfLrsa9pMq7rcPmpPKxo6TBpN6kuaGjPEJSPjxicj48YnI+ofbE2spppeGl4qXqqWAxNkdCILTu3WQgofHN8tK7oaJTRKWrqWClyaTyzfyk7KTGpOKhosTaymml4aXipeqpYKTL05vlaKTHpK2k3qS5oaM8QlI+ofkxIGlBpbqpYKXgOTCxtpVypMukqqSxpOulz6WkpdOluKXnpfO7rdl8pMikz73iz/G2yDUwMLG+0tTJz6THpM7Tm+VopPLWuKS3pN6kuaGjPEJSPjxicj48YnI+ofbKy5iUPGJyPrG+zOWltaWkpbqjuiC436S1NTltbaHBt/k1M21tocGwwtDQMTIxbW08YnI+sb7M5dl8wb+juiAyNTZnPGJyPqH5uLbK9KXQpcOlxqXqqWC6rKTgoaM8QlI+sb7M5aTOpN8yMTNnPC90ZD48L3RyPjwvVEFCTEU+PEJSPjxzdHlsZSB0eXBlPSJ0ZXh0L2NzcyI+CjwhLS0KLyotLS0tLS0tLS0tLS0tLS0tLS0tLS0tLS0tLS0tLS0tLS0tLS0tLS0tLS0tLQrZSaSkzu+kq6S0pdylv6XzCi0tLS0tLS0tLS0tLS0tLS0tLS0tLS0tLS0tLS0tLS0tLS0tLS0tLS0tLS0tKi8KI3Jha3V0ZW5MaW1pdGVkSWRfYXJvdW5kQ2FydCB0Ym9keSB0ciB0ZCBpbnB1dCB7CgpiYWNrZ3JvdW5kOiB1cmwoaHR0cDovL2ltYWdlLnJha3V0ZW4uY28uanAvaGl0bGluZS9jYWJpbmV0L3RvcC9idG4tY2FydGluMi5qcGcpIG5vLXJlcGVhdDsKCndpZHRoOiAxODBweDsKaGVpZ2h0OiA2M3B4Owpib3JkZXI6IG5vbmU7CmN1cnNvcjpwb2ludGVyOwp0ZXh0LWluZGVudDotOTk5OXB4Owp9CiNyYWt1dGVuTGltaXRlZElkX2Fyb3VuZENhcnQgdGJvZHkgdHIgdGQgaW5wdXQ6aG92ZXIgewpiYWNrZ3JvdW5kOiB1cmwoaHR0cDovL2ltYWdlLnJha3V0ZW4uY28uanAvaGl0bGluZS9jYWJpbmV0L3RvcC9idG4tY2FydGluLWhvdmVyMy5qcGcpIG5vLXJlcGVhdDsKfQoKCgpmb250IGlucHV0ewoKYmFja2dyb3VuZDojZWVlICFpbXBvcnRhbnQ7Cgp3aWR0aDphdXRvICFpbXBvcnRhbnQ7CgpoZWlnaHQ6YXV0byAhaW1wb3J0YW50OwoKY3Vyc29yOnBvaW50ZXIgIWltcG9ydGFudDsKCnRleHQtaW5kZW50OjBweCAhaW1wb3J0YW50OwoKYm9yZGVyOjFweCAjY2NjIHNvbGlkICFpbXBvcnRhbnQ7Cgpmb250LXNpemU6MTJweDsKCmNvbG9yOiM2NjY7CgpwYWRkaW5nOiAzcHggMTBweCAhaW1wb3J0YW50OwoKYm9yZGVyLXJhZGl1czogNHB4OwoKfQoKaW5wdXQjdW5pdHN7CgpiYWNrZ3JvdW5kOm5vbmUgIWltcG9ydGFudDsKCndpZHRoOmF1dG8gIWltcG9ydGFudDsKCmhlaWdodDphdXRvICFpbXBvcnRhbnQ7CgpjdXJzb3I6YXV0byAhaW1wb3J0YW50OwoKdGV4dC1pbmRlbnQ6MHB4ICFpbXBvcnRhbnQ7Cgpib3JkZXI6MnB4ICNjY2Mgc29saWQgIWltcG9ydGFudDsKCmZvbnQtc2l6ZToxNnB4OwoKcGFkZGluZzogNXB4IDVweCA3cHggNXB4ICFpbXBvcnRhbnQ7Cgp0ZXh0LWFsaWduOiBjZW50ZXI7Cgp9CgoKI3Jha3V0ZW5MaW1pdGVkSWRfYXJvdW5kQ2FydCB0Ym9keSB0ciB0ZC5pbnZlbnRvcnkgaW5wdXR7Cgp3aWR0aDphdXRvICFpbXBvcnRhbnQ7CgpoZWlnaHQ6YXV0byAhaW1wb3J0YW50OwoKYmFja2dyb3VuZDpub25lICFpbXBvcnRhbnQ7Cgp0ZXh0LWluZGVudDowcHggIWltcG9ydGFudDsKCn0KLS0+CgoKPC9zdHlsZT4KCgo8IS0tpLOks6SrpOktLT4KPCEtLaSzpLOk3qTHLS0+,pdGlyqW9pculw6WvICggUGFuYXNvbmljICkgIKXHpbilv6Xrpc+lpKXTpbil56XzpdOlx6Wqpaul4aXpICil26XvpaSlyCkgSEMtVjM2ME0tV6O6pdKlw6XIpemlpKXz,pdGlyqW9pculw6WvICggUGFuYXNvbmljICkgIKXHpbilv6Xrpc+lpKXTpbil56XzpdOlx6Wqpaul4aXpICil26XvpaSlyCkgSEMtVjM2ME0tVw==,y7DeeqTfP8vNwc+fb8HPo7rGvcjV1f3O56TepMektNeizsQmckFycjvD+7nFzt2k6KTqvLTI1bBry82ho6XRpcqlvaXLpcOlryAoIFBhbmFzb25pYyApICClx6W4pb+l66XPpaSl06W4peel86XTpcelqqWrpeGl6SAopdul76WkpcgpIEhDLVYzNjBNLVc=[rn]
33-14413,aHR0cDovL3RzaG9wLnIxMHMuanAvaGl0bGluZS9jYWJpbmV0L2ZzLzg0My80NTQ5MDc3NjIzODQzLmpwZz9maXRpbj03MDA6NzAw,OTcxNjcuMjAwMA==,,VFY/paqpYKXHpaOlqj+lq6XhpekgPiClq6Xhpek/pdOlx6Wqpaul4aXpP7ni0aeZQ8b3ID4gpdOlx6Wqpaul4aXp,pdGlyqW9pculw6WvICggUGFuYXNvbmljICkgIKXHpbilv6XrpdOlx6Wqpaul4aXpIEhDLVdYRjk5ME0tSw==,y7DeeqTfP8vNwc+fb8HPo7rGvcjV1f3O56TepMektNeizsQmckFycjvD+7nFzt2k6KTqvLTI1bBry80=,oaE8ZGl2IHN0eWxlPSJ0ZXh0LWFsaWduOnJpZ2h0O2NvbG9yOiM5OTk5OTk7Ij6hvmtrOW4wZDE4cKG/aDNlOTwvZGl2PjxUQUJMRSBzdHlsZT0iIGJvcmRlcjogMnB4IGRhc2hlZCAjQ0YwMDAwOyBiYWNrZ3JvdW5kLWNvbG9yOiAjRkZFRUVFIj48dHI+PHRkIGFsaWduPWxlZnQ+PEJSPjxiPqGhob7JzMa3pM7VaMP3ob88L2I+PEJSPqH0uN+7rdl8NEuMnY/qIKS1pOmky6Sqmt2ky8jrpOqkzqW3qWCl86TLpKKkyKSrpOnTs8/xhL+5+6TyvNOkqKTppOyk66G4pKKkyKSrpOnRYdX9obmk8tDCtO7dZKH0se2sRsGm2E6kq6TK1/fGt6TEpK+k6qSsytbdWKTLmFOkt6ThpOuhuKW3pc2l3qXppaSlr5lDxNyhuaTy0MK07t1kofTX7rTzM8yopM6luaXepduk8qTEpMqksqTrIN9Nu6+kt6S/obil76WkpeSl7KW5pe+lpKXXtOmk6qG5PC90ZD48L3RyPjwvVEFCTEU+PEJSPjxzdHlsZSB0eXBlPSJ0ZXh0L2NzcyI+CjwhLS0KLyotLS0tLS0tLS0tLS0tLS0tLS0tLS0tLS0tLS0tLS0tLS0tLS0tLS0tLS0tLQrZSaSkzu+kq6S0pdylv6XzCi0tLS0tLS0tLS0tLS0tLS0tLS0tLS0tLS0tLS0tLS0tLS0tLS0tLS0tLS0tKi8KI3Jha3V0ZW5MaW1pdGVkSWRfYXJvdW5kQ2FydCB0Ym9keSB0ciB0ZCBpbnB1dCB7CgpiYWNrZ3JvdW5kOiB1cmwoaHR0cDovL2ltYWdlLnJha3V0ZW4uY28uanAvaGl0bGluZS9jYWJpbmV0L3RvcC9idG4tY2FydGluMi5qcGcpIG5vLXJlcGVhdDsKCndpZHRoOiAxODBweDsKaGVpZ2h0OiA2M3B4Owpib3JkZXI6IG5vbmU7CmN1cnNvcjpwb2ludGVyOwp0ZXh0LWluZGVudDotOTk5OXB4Owp9CiNyYWt1dGVuTGltaXRlZElkX2Fyb3VuZENhcnQgdGJvZHkgdHIgdGQgaW5wdXQ6aG92ZXIgewpiYWNrZ3JvdW5kOiB1cmwoaHR0cDovL2ltYWdlLnJha3V0ZW4uY28uanAvaGl0bGluZS9jYWJpbmV0L3RvcC9idG4tY2FydGluLWhvdmVyMy5qcGcpIG5vLXJlcGVhdDsKfQoKCgpmb250IGlucHV0ewoKYmFja2dyb3VuZDojZWVlICFpbXBvcnRhbnQ7Cgp3aWR0aDphdXRvICFpbXBvcnRhbnQ7CgpoZWlnaHQ6YXV0byAhaW1wb3J0YW50OwoKY3Vyc29yOnBvaW50ZXIgIWltcG9ydGFudDsKCnRleHQtaW5kZW50OjBweCAhaW1wb3J0YW50OwoKYm9yZGVyOjFweCAjY2NjIHNvbGlkICFpbXBvcnRhbnQ7Cgpmb250LXNpemU6MTJweDsKCmNvbG9yOiM2NjY7CgpwYWRkaW5nOiAzcHggMTBweCAhaW1wb3J0YW50OwoKYm9yZGVyLXJhZGl1czogNHB4OwoKfQoKaW5wdXQjdW5pdHN7CgpiYWNrZ3JvdW5kOm5vbmUgIWltcG9ydGFudDsKCndpZHRoOmF1dG8gIWltcG9ydGFudDsKCmhlaWdodDphdXRvICFpbXBvcnRhbnQ7CgpjdXJzb3I6YXV0byAhaW1wb3J0YW50OwoKdGV4dC1pbmRlbnQ6MHB4ICFpbXBvcnRhbnQ7Cgpib3JkZXI6MnB4ICNjY2Mgc29saWQgIWltcG9ydGFudDsKCmZvbnQtc2l6ZToxNnB4OwoKcGFkZGluZzogNXB4IDVweCA3cHggNXB4ICFpbXBvcnRhbnQ7Cgp0ZXh0LWFsaWduOiBjZW50ZXI7Cgp9CgoKI3Jha3V0ZW5MaW1pdGVkSWRfYXJvdW5kQ2FydCB0Ym9keSB0ciB0ZC5pbnZlbnRvcnkgaW5wdXR7Cgp3aWR0aDphdXRvICFpbXBvcnRhbnQ7CgpoZWlnaHQ6YXV0byAhaW1wb3J0YW50OwoKYmFja2dyb3VuZDpub25lICFpbXBvcnRhbnQ7Cgp0ZXh0LWluZGVudDowcHggIWltcG9ydGFudDsKCn0KLS0+CgoKPC9zdHlsZT4KCgo8IS0tpLOks6SrpOktLT4KPCEtLaSzpLOk3qTHLS0+,pdGlyqW9pculw6WvICggUGFuYXNvbmljICkgIKXHpbilv6XrpdOlx6Wqpaul4aXpIEhDLVdYRjk5ME0tS6O6pdKlw6XIpemlpKXz,pdGlyqW9pculw6WvICggUGFuYXNvbmljICkgIKXHpbilv6XrpdOlx6Wqpaul4aXpIEhDLVdYRjk5ME0tSw==,y7DeeqTfP8vNwc+fb8HPo7rGvcjV1f3O56TepMektNeizsQmckFycjvD+7nFzt2k6KTqvLTI1bBry82ho6XRpcqlvaXLpcOlryAoIFBhbmFzb25pYyApICClx6W4pb+l66XTpcelqqWrpeGl6SBIQy1XWEY5OTBNLUs=[rn]
33-14414,aHR0cDovL3RzaG9wLnIxMHMuanAvaGl0bGluZS9jYWJpbmV0L2ZzLzExNC80NTQ5MDc3MzQ3MTE0LmpwZz9maXRpbj03MDA6NzAw,Mjg2NDAuMDAwMA==,,VFY/paqpYKXHpaOlqj+lq6XhpekgPiClq6Xhpek/pdOlx6Wqpaul4aXpP7ni0aeZQ8b3ID4gpdOlx6Wqpaul4aXp,pdGlyqW9pculw6WvICggUGFuYXNvbmljICkgIKXHpbilv6Xrpc+lpKXTpbil56XzpdOlx6Wqpaul4aXpIEhDLVYzNjBNICil1qXppcOlrykgSEMtVjM2ME0tSw==,y7DeeqTfP8vNwc+fb8HPo7rGvcjV1f3O56TepMektNeizsQmckFycjvD+7nFzt2k6KTqvLTI1bBry80=,oaE8ZGl2IHN0eWxlPSJ0ZXh0LWFsaWduOnJpZ2h0O2NvbG9yOiM5OTk5OTk7Ij6hvmtrOW4wZDE4cKG/aDNlOTwvZGl2PjxUQUJMRSBzdHlsZT0iIGJvcmRlcjogMnB4IGRhc2hlZCAjQ0YwMDAwOyBiYWNrZ3JvdW5kLWNvbG9yOiAjRkZFRUVFIj48dHI+PHRkIGFsaWduPWxlZnQ+PEJSPjxiPqGhob7JzMa3pM7VaMP3ob88L2I+PEJSPqHxuN+xtsLKaUGluqlgpeA5MLG2PGJyPqHxobiDQaSt0WHV/aG5JqG4Nd1Tpc+lpKXWpeqlw6XJytal1qXs0WHV/aG5PGJyPqHxxNrKaaXhpeKl6qlgMTZHQrTu3WQ8YnI+PGJyPqH232ikr+t4pOykv7G70LTM5aTipaKlw6XXpMe06aTspOu437G2wsppQaW6qWCl4DkwsbYgofG54tGnNTCxtqW6qWCl4KXspfOluqTytO7dZKGjPEJSPrOsveLP8by80Geky6TopOqhoqXPpaSl06W4peel87ut2Xyh+TGkzqTepN5pQaW6qWCl4Dkwsbak8oxnrEakt6TepLekv6GjPEJSPqH2obiDQaSt0WHV/aG5pMihuDXdU6XPpaSl1qXqpcOlycrWpdal7NFh1f2huaTHg0GkrT/K1qXWpeyk8rTzt/mky7XNnHAgofGaaaStpMqkrKTppM606dOwpMek4qG4Nd1Tobmkx8rWpdal7KTy0WHV/aS5pOulz6Wkpdal6qXDpcilt6W5pcal4KTykvHTw6GjPEJSPqS1pOmky6GiobiDQaSt0WHV/aG5pKzX1ITTpMfLrsa9pMq7rcPmpPKxo6TBpN6kuaGjPEJSPjxicj48YnI+ofbE2spppeGl4qXqqWAxNkdCILTu3WQgofHN8tK7oaJTRKWrqWClyaTyzfyk7KTGpOKhosTaymml4aXipeqpYKTL05vlaKTHpK2k3qS5oaM8QlI+ofkxIGlBpbqpYKXgOTCxtpVypMukqqSxpOulz6WkpdOluKXnpfO7rdl8pMikz73iz/G2yDUwMLG+0tTJz6THpM7Tm+VopPLWuKS3pN6kuaGjPEJSPjxicj48YnI+ofbKy5iUPGJyPrG+zOWltaWkpbqjuiC436S1NTltbaHBt/k1M21tocGwwtDQMTIxbW08YnI+sb7M5dl8wb+juiAyNTZnPGJyPqH5uLbK9KXQpcOlxqXqqWC6rKTgoaM8QlI+sb7M5aTOpN8yMTNnPC90ZD48L3RyPjwvVEFCTEU+PEJSPjxzdHlsZSB0eXBlPSJ0ZXh0L2NzcyI+CjwhLS0KLyotLS0tLS0tLS0tLS0tLS0tLS0tLS0tLS0tLS0tLS0tLS0tLS0tLS0tLS0tLQrZSaSkzu+kq6S0pdylv6XzCi0tLS0tLS0tLS0tLS0tLS0tLS0tLS0tLS0tLS0tLS0tLS0tLS0tLS0tLS0tKi8KI3Jha3V0ZW5MaW1pdGVkSWRfYXJvdW5kQ2FydCB0Ym9keSB0ciB0ZCBpbnB1dCB7CgpiYWNrZ3JvdW5kOiB1cmwoaHR0cDovL2ltYWdlLnJha3V0ZW4uY28uanAvaGl0bGluZS9jYWJpbmV0L3RvcC9idG4tY2FydGluMi5qcGcpIG5vLXJlcGVhdDsKCndpZHRoOiAxODBweDsKaGVpZ2h0OiA2M3B4Owpib3JkZXI6IG5vbmU7CmN1cnNvcjpwb2ludGVyOwp0ZXh0LWluZGVudDotOTk5OXB4Owp9CiNyYWt1dGVuTGltaXRlZElkX2Fyb3VuZENhcnQgdGJvZHkgdHIgdGQgaW5wdXQ6aG92ZXIgewpiYWNrZ3JvdW5kOiB1cmwoaHR0cDovL2ltYWdlLnJha3V0ZW4uY28uanAvaGl0bGluZS9jYWJpbmV0L3RvcC9idG4tY2FydGluLWhvdmVyMy5qcGcpIG5vLXJlcGVhdDsKfQoKCgpmb250IGlucHV0ewoKYmFja2dyb3VuZDojZWVlICFpbXBvcnRhbnQ7Cgp3aWR0aDphdXRvICFpbXBvcnRhbnQ7CgpoZWlnaHQ6YXV0byAhaW1wb3J0YW50OwoKY3Vyc29yOnBvaW50ZXIgIWltcG9ydGFudDsKCnRleHQtaW5kZW50OjBweCAhaW1wb3J0YW50OwoKYm9yZGVyOjFweCAjY2NjIHNvbGlkICFpbXBvcnRhbnQ7Cgpmb250LXNpemU6MTJweDsKCmNvbG9yOiM2NjY7CgpwYWRkaW5nOiAzcHggMTBweCAhaW1wb3J0YW50OwoKYm9yZGVyLXJhZGl1czogNHB4OwoKfQoKaW5wdXQjdW5pdHN7CgpiYWNrZ3JvdW5kOm5vbmUgIWltcG9ydGFudDsKCndpZHRoOmF1dG8gIWltcG9ydGFudDsKCmhlaWdodDphdXRvICFpbXBvcnRhbnQ7CgpjdXJzb3I6YXV0byAhaW1wb3J0YW50OwoKdGV4dC1pbmRlbnQ6MHB4ICFpbXBvcnRhbnQ7Cgpib3JkZXI6MnB4ICNjY2Mgc29saWQgIWltcG9ydGFudDsKCmZvbnQtc2l6ZToxNnB4OwoKcGFkZGluZzogNXB4IDVweCA3cHggNXB4ICFpbXBvcnRhbnQ7Cgp0ZXh0LWFsaWduOiBjZW50ZXI7Cgp9CgoKI3Jha3V0ZW5MaW1pdGVkSWRfYXJvdW5kQ2FydCB0Ym9keSB0ciB0ZC5pbnZlbnRvcnkgaW5wdXR7Cgp3aWR0aDphdXRvICFpbXBvcnRhbnQ7CgpoZWlnaHQ6YXV0byAhaW1wb3J0YW50OwoKYmFja2dyb3VuZDpub25lICFpbXBvcnRhbnQ7Cgp0ZXh0LWluZGVudDowcHggIWltcG9ydGFudDsKCn0KLS0+CgoKPC9zdHlsZT4KCgo8IS0tpLOks6SrpOktLT4KPCEtLaSzpLOk3qTHLS0+,pdGlyqW9pculw6WvICggUGFuYXNvbmljICkgIKXHpbilv6Xrpc+lpKXTpbil56XzpdOlx6Wqpaul4aXpIEhDLVYzNjBNICil1qXppcOlrykgSEMtVjM2ME0tS6O6pdKlw6XIpemlpKXz,pdGlyqW9pculw6WvICggUGFuYXNvbmljICkgIKXHpbilv6Xrpc+lpKXTpbil56XzpdOlx6Wqpaul4aXpIEhDLVYzNjBNICil1qXppcOlrykgSEMtVjM2ME0tSw==,y7DeeqTfP8vNwc+fb8HPo7rGvcjV1f3O56TepMektNeizsQmckFycjvD+7nFzt2k6KTqvLTI1bBry82ho6XRpcqlvaXLpcOlryAoIFBhbmFzb25pYyApICClx6W4pb+l66XPpaSl06W4peel86XTpcelqqWrpeGl6SBIQy1WMzYwTSAopdal6aXDpa8pIEhDLVYzNjBNLUs=[rn]
33-14415,aHR0cDovL3RzaG9wLnIxMHMuanAvaGl0bGluZS9jYWJpbmV0L2ZzLzc5OS80NTQ5MDc3NjIzNzk5LmpwZz9maXRpbj03MDA6NzAw,MzYzMjguODAwMA==,,VFY/paqpYKXHpaOlqj+lq6XhpekgPiClq6Xhpek/pdOlx6Wqpaul4aXpP7ni0aeZQ8b3ID4gpdOlx6Wqpaul4aXp,pdGlyqW9pculw6WvICggUGFuYXNvbmljICkgIKXHpbilv6Xrpc+lpKXTpbil56XzpdOlx6Wqpaul4aXpICil1qXppcOlrykgSEMtVjQ4ME0tSw==,y7DeeqTfP8vNwc+fb8HPo7rGvcjV1f3O56TepMektNeizsQmckFycjvD+7nFzt2k6KTqvLTI1bBry80=,oaE8ZGl2IHN0eWxlPSJ0ZXh0LWFsaWduOnJpZ2h0O2NvbG9yOiM5OTk5OTk7Ij6hvmtrOW4wZDE4cKG/aDNlOTwvZGl2PjxUQUJMRSBzdHlsZT0iIGJvcmRlcjogMnB4IGRhc2hlZCAjQ0YwMDAwOyBiYWNrZ3JvdW5kLWNvbG9yOiAjRkZFRUVFIj48dHI+PHRkIGFsaWduPWxlZnQ+PEJSPjxiPqGhob7JzMa3pM7VaMP3ob88L2I+PEJSPqH032ikr+t4pOykv7G70LTM5aTipaKlw6XXpMe06aTspOu437G2wsppQaW6qWCl4Dkwsbah9KG4g0GkrdFh1f2huaTIobg13VOlz6Wkpdal6qXDpcjK1qXWpezRYdX9obmkx4NBpK0/ytal1qXspPK087f5pMu1zZxwofTE2sSgpeGl4qXqqWAzMkdCtO7dZDwvdGQ+PC90cj48L1RBQkxFPjxCUj48c3R5bGUgdHlwZT0idGV4dC9jc3MiPgo8IS0tCi8qLS0tLS0tLS0tLS0tLS0tLS0tLS0tLS0tLS0tLS0tLS0tLS0tLS0tLS0tLS0K2UmkpM7vpKuktKXcpb+l8wotLS0tLS0tLS0tLS0tLS0tLS0tLS0tLS0tLS0tLS0tLS0tLS0tLS0tLS0tLSovCiNyYWt1dGVuTGltaXRlZElkX2Fyb3VuZENhcnQgdGJvZHkgdHIgdGQgaW5wdXQgewoKYmFja2dyb3VuZDogdXJsKGh0dHA6Ly9pbWFnZS5yYWt1dGVuLmNvLmpwL2hpdGxpbmUvY2FiaW5ldC90b3AvYnRuLWNhcnRpbjIuanBnKSBuby1yZXBlYXQ7Cgp3aWR0aDogMTgwcHg7CmhlaWdodDogNjNweDsKYm9yZGVyOiBub25lOwpjdXJzb3I6cG9pbnRlcjsKdGV4dC1pbmRlbnQ6LTk5OTlweDsKfQojcmFrdXRlbkxpbWl0ZWRJZF9hcm91bmRDYXJ0IHRib2R5IHRyIHRkIGlucHV0OmhvdmVyIHsKYmFja2dyb3VuZDogdXJsKGh0dHA6Ly9pbWFnZS5yYWt1dGVuLmNvLmpwL2hpdGxpbmUvY2FiaW5ldC90b3AvYnRuLWNhcnRpbi1ob3ZlcjMuanBnKSBuby1yZXBlYXQ7Cn0KCgoKZm9udCBpbnB1dHsKCmJhY2tncm91bmQ6I2VlZSAhaW1wb3J0YW50OwoKd2lkdGg6YXV0byAhaW1wb3J0YW50OwoKaGVpZ2h0OmF1dG8gIWltcG9ydGFudDsKCmN1cnNvcjpwb2ludGVyICFpbXBvcnRhbnQ7Cgp0ZXh0LWluZGVudDowcHggIWltcG9ydGFudDsKCmJvcmRlcjoxcHggI2NjYyBzb2xpZCAhaW1wb3J0YW50OwoKZm9udC1zaXplOjEycHg7Cgpjb2xvcjojNjY2OwoKcGFkZGluZzogM3B4IDEwcHggIWltcG9ydGFudDsKCmJvcmRlci1yYWRpdXM6IDRweDsKCn0KCmlucHV0I3VuaXRzewoKYmFja2dyb3VuZDpub25lICFpbXBvcnRhbnQ7Cgp3aWR0aDphdXRvICFpbXBvcnRhbnQ7CgpoZWlnaHQ6YXV0byAhaW1wb3J0YW50OwoKY3Vyc29yOmF1dG8gIWltcG9ydGFudDsKCnRleHQtaW5kZW50OjBweCAhaW1wb3J0YW50OwoKYm9yZGVyOjJweCAjY2NjIHNvbGlkICFpbXBvcnRhbnQ7Cgpmb250LXNpemU6MTZweDsKCnBhZGRpbmc6IDVweCA1cHggN3B4IDVweCAhaW1wb3J0YW50OwoKdGV4dC1hbGlnbjogY2VudGVyOwoKfQoKCiNyYWt1dGVuTGltaXRlZElkX2Fyb3VuZENhcnQgdGJvZHkgdHIgdGQuaW52ZW50b3J5IGlucHV0ewoKd2lkdGg6YXV0byAhaW1wb3J0YW50OwoKaGVpZ2h0OmF1dG8gIWltcG9ydGFudDsKCmJhY2tncm91bmQ6bm9uZSAhaW1wb3J0YW50OwoKdGV4dC1pbmRlbnQ6MHB4ICFpbXBvcnRhbnQ7Cgp9Ci0tPgoKCjwvc3R5bGU+CgoKPCEtLaSzpLOkq6TpLS0+CjwhLS2ks6SzpN6kxy0tPg==,pdGlyqW9pculw6WvICggUGFuYXNvbmljICkgIKXHpbilv6Xrpc+lpKXTpbil56XzpdOlx6Wqpaul4aXpICil1qXppcOlrykgSEMtVjQ4ME0tS6O6pdKlw6XIpemlpKXz,pdGlyqW9pculw6WvICggUGFuYXNvbmljICkgIKXHpbilv6Xrpc+lpKXTpbil56XzpdOlx6Wqpaul4aXpICil1qXppcOlrykgSEMtVjQ4ME0tSw==,y7DeeqTfP8vNwc+fb8HPo7rGvcjV1f3O56TepMektNeizsQmckFycjvD+7nFzt2k6KTqvLTI1bBry82ho6XRpcqlvaXLpcOlryAoIFBhbmFzb25pYyApICClx6W4pb+l66XPpaSl06W4peel86XTpcelqqWrpeGl6SAopdal6aXDpa8pIEhDLVY0ODBNLUs=[rn]
33-14416,aHR0cDovL3RzaG9wLnIxMHMuanAvaGl0bGluZS9jYWJpbmV0L2ZzLzgwNS80NTQ5MDc3NjIzODA1LmpwZz9maXRpbj03MDA6NzAw,MzYzMjguODAwMA==,,VFY/paqpYKXHpaOlqj+lq6XhpekgPiClq6Xhpek/pdOlx6Wqpaul4aXpP7ni0aeZQ8b3ID4gpdOlx6Wqpaul4aXp,pdGlyqW9pculw6WvICggUGFuYXNvbmljICkgIKXHpbilv6Xrpc+lpKXTpbil56XzpdOlx6Wqpaul4aXpICil26XvpaSlyCkgSEMtVjQ4ME0tVw==,y7DeeqTfP8vNwc+fb8HPo7rGvcjV1f3O56TepMektNeizsQmckFycjvD+7nFzt2k6KTqvLTI1bBry80=,oaE8ZGl2IHN0eWxlPSJ0ZXh0LWFsaWduOnJpZ2h0O2NvbG9yOiM5OTk5OTk7Ij6hvmtrOW4wZDE4cKG/aDNlOTwvZGl2PjxUQUJMRSBzdHlsZT0iIGJvcmRlcjogMnB4IGRhc2hlZCAjQ0YwMDAwOyBiYWNrZ3JvdW5kLWNvbG9yOiAjRkZFRUVFIj48dHI+PHRkIGFsaWduPWxlZnQ+PEJSPjxiPqGhob7JzMa3pM7VaMP3ob88L2I+PEJSPqH032ikr+t4pOykv7G70LTM5aTipaKlw6XXpMe06aTspOu437G2wsppQaW6qWCl4Dkwsbah9KG4g0GkrdFh1f2huaTIobg13VOlz6Wkpdal6qXDpcjK1qXWpezRYdX9obmkx4NBpK0/ytal1qXspPK087f5pMu1zZxwofTE2sSgpeGl4qXqqWAzMkdCtO7dZDwvdGQ+PC90cj48L1RBQkxFPjxCUj48c3R5bGUgdHlwZT0idGV4dC9jc3MiPgo8IS0tCi8qLS0tLS0tLS0tLS0tLS0tLS0tLS0tLS0tLS0tLS0tLS0tLS0tLS0tLS0tLS0K2UmkpM7vpKuktKXcpb+l8wotLS0tLS0tLS0tLS0tLS0tLS0tLS0tLS0tLS0tLS0tLS0tLS0tLS0tLS0tLSovCiNyYWt1dGVuTGltaXRlZElkX2Fyb3VuZENhcnQgdGJvZHkgdHIgdGQgaW5wdXQgewoKYmFja2dyb3VuZDogdXJsKGh0dHA6Ly9pbWFnZS5yYWt1dGVuLmNvLmpwL2hpdGxpbmUvY2FiaW5ldC90b3AvYnRuLWNhcnRpbjIuanBnKSBuby1yZXBlYXQ7Cgp3aWR0aDogMTgwcHg7CmhlaWdodDogNjNweDsKYm9yZGVyOiBub25lOwpjdXJzb3I6cG9pbnRlcjsKdGV4dC1pbmRlbnQ6LTk5OTlweDsKfQojcmFrdXRlbkxpbWl0ZWRJZF9hcm91bmRDYXJ0IHRib2R5IHRyIHRkIGlucHV0OmhvdmVyIHsKYmFja2dyb3VuZDogdXJsKGh0dHA6Ly9pbWFnZS5yYWt1dGVuLmNvLmpwL2hpdGxpbmUvY2FiaW5ldC90b3AvYnRuLWNhcnRpbi1ob3ZlcjMuanBnKSBuby1yZXBlYXQ7Cn0KCgoKZm9udCBpbnB1dHsKCmJhY2tncm91bmQ6I2VlZSAhaW1wb3J0YW50OwoKd2lkdGg6YXV0byAhaW1wb3J0YW50OwoKaGVpZ2h0OmF1dG8gIWltcG9ydGFudDsKCmN1cnNvcjpwb2ludGVyICFpbXBvcnRhbnQ7Cgp0ZXh0LWluZGVudDowcHggIWltcG9ydGFudDsKCmJvcmRlcjoxcHggI2NjYyBzb2xpZCAhaW1wb3J0YW50OwoKZm9udC1zaXplOjEycHg7Cgpjb2xvcjojNjY2OwoKcGFkZGluZzogM3B4IDEwcHggIWltcG9ydGFudDsKCmJvcmRlci1yYWRpdXM6IDRweDsKCn0KCmlucHV0I3VuaXRzewoKYmFja2dyb3VuZDpub25lICFpbXBvcnRhbnQ7Cgp3aWR0aDphdXRvICFpbXBvcnRhbnQ7CgpoZWlnaHQ6YXV0byAhaW1wb3J0YW50OwoKY3Vyc29yOmF1dG8gIWltcG9ydGFudDsKCnRleHQtaW5kZW50OjBweCAhaW1wb3J0YW50OwoKYm9yZGVyOjJweCAjY2NjIHNvbGlkICFpbXBvcnRhbnQ7Cgpmb250LXNpemU6MTZweDsKCnBhZGRpbmc6IDVweCA1cHggN3B4IDVweCAhaW1wb3J0YW50OwoKdGV4dC1hbGlnbjogY2VudGVyOwoKfQoKCiNyYWt1dGVuTGltaXRlZElkX2Fyb3VuZENhcnQgdGJvZHkgdHIgdGQuaW52ZW50b3J5IGlucHV0ewoKd2lkdGg6YXV0byAhaW1wb3J0YW50OwoKaGVpZ2h0OmF1dG8gIWltcG9ydGFudDsKCmJhY2tncm91bmQ6bm9uZSAhaW1wb3J0YW50OwoKdGV4dC1pbmRlbnQ6MHB4ICFpbXBvcnRhbnQ7Cgp9Ci0tPgoKCjwvc3R5bGU+CgoKPCEtLaSzpLOkq6TpLS0+CjwhLS2ks6SzpN6kxy0tPg==,pdGlyqW9pculw6WvICggUGFuYXNvbmljICkgIKXHpbilv6Xrpc+lpKXTpbil56XzpdOlx6Wqpaul4aXpICil26XvpaSlyCkgSEMtVjQ4ME0tV6O6pdKlw6XIpemlpKXz,pdGlyqW9pculw6WvICggUGFuYXNvbmljICkgIKXHpbilv6Xrpc+lpKXTpbil56XzpdOlx6Wqpaul4aXpICil26XvpaSlyCkgSEMtVjQ4ME0tVw==,y7DeeqTfP8vNwc+fb8HPo7rGvcjV1f3O56TepMektNeizsQmckFycjvD+7nFzt2k6KTqvLTI1bBry82ho6XRpcqlvaXLpcOlryAoIFBhbmFzb25pYyApICClx6W4pb+l66XPpaSl06W4peel86XTpcelqqWrpeGl6SAopdul76WkpcgpIEhDLVY0ODBNLVc=[rn]
33-14417,aHR0cDovL3RzaG9wLnIxMHMuanAvaGl0bGluZS9jYWJpbmV0L2ZzLzI3Ny80NTQ5MjEyMjk2Mjc3LmpwZz9maXRpbj03MDA6NzAw,MjY0MDQuODAwMA==,,VFY/paqpYKXHpaOlqj+lq6XhpekgPiClq6Xhpek/pdOlx6Wqpaul4aXpP7ni0aeZQ8b3ID4gpdOlx6Wqpaul4aXp,peqls6lgICggUklDT0ggKSAgUklDT0ggV0ctTTIgW6W3peul0KlgXSBXRy1NMi1TTA==,y7DeeqTfP8vNwc+fb8HPo7rGvcjV1f3O56TepMektNeizsQmckFycjvD+7nFzt2k6KTqvLTI1bBry80=,oaE8ZGl2IHN0eWxlPSJ0ZXh0LWFsaWduOnJpZ2h0O2NvbG9yOiM5OTk5OTk7Ij6hvmtrOW4wZDE4cKG/aDVtZjwvZGl2PjxzdHlsZSB0eXBlPSJ0ZXh0L2NzcyI+CjwhLS0KLyotLS0tLS0tLS0tLS0tLS0tLS0tLS0tLS0tLS0tLS0tLS0tLS0tLS0tLS0tLQrZSaSkzu+kq6S0pdylv6XzCi0tLS0tLS0tLS0tLS0tLS0tLS0tLS0tLS0tLS0tLS0tLS0tLS0tLS0tLS0tKi8KI3Jha3V0ZW5MaW1pdGVkSWRfYXJvdW5kQ2FydCB0Ym9keSB0ciB0ZCBpbnB1dCB7CgpiYWNrZ3JvdW5kOiB1cmwoaHR0cDovL2ltYWdlLnJha3V0ZW4uY28uanAvaGl0bGluZS9jYWJpbmV0L3RvcC9idG4tY2FydGluMi5qcGcpIG5vLXJlcGVhdDsKCndpZHRoOiAxODBweDsKaGVpZ2h0OiA2M3B4Owpib3JkZXI6IG5vbmU7CmN1cnNvcjpwb2ludGVyOwp0ZXh0LWluZGVudDotOTk5OXB4Owp9CiNyYWt1dGVuTGltaXRlZElkX2Fyb3VuZENhcnQgdGJvZHkgdHIgdGQgaW5wdXQ6aG92ZXIgewpiYWNrZ3JvdW5kOiB1cmwoaHR0cDovL2ltYWdlLnJha3V0ZW4uY28uanAvaGl0bGluZS9jYWJpbmV0L3RvcC9idG4tY2FydGluLWhvdmVyMy5qcGcpIG5vLXJlcGVhdDsKfQoKCgpmb250IGlucHV0ewoKYmFja2dyb3VuZDojZWVlICFpbXBvcnRhbnQ7Cgp3aWR0aDphdXRvICFpbXBvcnRhbnQ7CgpoZWlnaHQ6YXV0byAhaW1wb3J0YW50OwoKY3Vyc29yOnBvaW50ZXIgIWltcG9ydGFudDsKCnRleHQtaW5kZW50OjBweCAhaW1wb3J0YW50OwoKYm9yZGVyOjFweCAjY2NjIHNvbGlkICFpbXBvcnRhbnQ7Cgpmb250LXNpemU6MTJweDsKCmNvbG9yOiM2NjY7CgpwYWRkaW5nOiAzcHggMTBweCAhaW1wb3J0YW50OwoKYm9yZGVyLXJhZGl1czogNHB4OwoKfQoKaW5wdXQjdW5pdHN7CgpiYWNrZ3JvdW5kOm5vbmUgIWltcG9ydGFudDsKCndpZHRoOmF1dG8gIWltcG9ydGFudDsKCmhlaWdodDphdXRvICFpbXBvcnRhbnQ7CgpjdXJzb3I6YXV0byAhaW1wb3J0YW50OwoKdGV4dC1pbmRlbnQ6MHB4ICFpbXBvcnRhbnQ7Cgpib3JkZXI6MnB4ICNjY2Mgc29saWQgIWltcG9ydGFudDsKCmZvbnQtc2l6ZToxNnB4OwoKcGFkZGluZzogNXB4IDVweCA3cHggNXB4ICFpbXBvcnRhbnQ7Cgp0ZXh0LWFsaWduOiBjZW50ZXI7Cgp9CgoKI3Jha3V0ZW5MaW1pdGVkSWRfYXJvdW5kQ2FydCB0Ym9keSB0ciB0ZC5pbnZlbnRvcnkgaW5wdXR7Cgp3aWR0aDphdXRvICFpbXBvcnRhbnQ7CgpoZWlnaHQ6YXV0byAhaW1wb3J0YW50OwoKYmFja2dyb3VuZDpub25lICFpbXBvcnRhbnQ7Cgp0ZXh0LWluZGVudDowcHggIWltcG9ydGFudDsKCn0KLS0+CgoKPC9zdHlsZT4KCgo8IS0tpLOks6SrpOktLT4KPCEtLaSzpLOk3qTHLS0+,peqls6lgICggUklDT0ggKSAgUklDT0ggV0ctTTIgW6W3peul0KlgXSBXRy1NMi1TTKO6pdKlw6XIpemlpKXz,peqls6lgICggUklDT0ggKSAgUklDT0ggV0ctTTIgW6W3peul0KlgXSBXRy1NMi1TTA==,y7DeeqTfP8vNwc+fb8HPo7rGvcjV1f3O56TepMektNeizsQmckFycjvD+7nFzt2k6KTqvLTI1bBry82ho6XqpbOpYCAoIFJJQ09IICkgIFJJQ09IIFdHLU0yIFult6XrpdCpYF0gV0ctTTItU0w=[rn]
33-14418,aHR0cDovL3RzaG9wLnIxMHMuanAvaGl0bGluZS9jYWJpbmV0L2ZzLzQ1Mi80OTAyNzA0ODU0NDUyLmpwZz9maXRpbj03MDA6NzAw,MTA5OTYuMDAwMA==,,VFY/paqpYKXHpaOlqj+lq6XhpekgPiClq6Xhpek/pdOlx6Wqpaul4aXpP7ni0aeZQ8b3ID4gpdOlx6Wqpaul4aXp,pdGlyqW9pculw6WvICggUGFuYXNvbmljICkgIKXqpeKpYKXIpdGl86XBpeulv6lgICil1qXppcOlrykgVlctQ1RSMS1L,y7DeeqTfP8vNwc+fb8HPo7rGvcjVUE0ylXKk3qTHpaupYKXJ16LOxCZyQXJyO7y0yNWz9rrJ,oaE8ZGl2IHN0eWxlPSJ0ZXh0LWFsaWduOnJpZ2h0O2NvbG9yOiM5OTk5OTk7Ij6hvmtrOW4wZDE4cKG/aDYyMjwvZGl2PjxUQUJMRSBzdHlsZT0iIGJvcmRlcjogMnB4IGRhc2hlZCAjQ0YwMDAwOyBiYWNrZ3JvdW5kLWNvbG9yOiAjRkZFRUVFIj48dHI+PHRkIGFsaWduPWxlZnQ+PEJSPjxiPqGhob7JzMa3pM7VaMP3ob88L2I+PEJSPqHxpeql4qlgpcil0aXzpcGl66W/qWA8YnI+PGJyPqH2peql4qlgpcil0aXzpcGl66W/qWAgofGl06XHpaqlq6Xhpemk8snPsr+ky8ihuLaksaGi1/PT0iil0aXzKT/Jz8/CKKXBpeulyCmky8rX1fGk6qS3pMbX1ITTtOnTsKSsv8nE3CCh8bPgpMGk46TzpOSl2qXDpcikztKKytik6qGipdGpYKXGpaOpYKTOtOnTsKTKpMmky9LbwaKkwaTepLk8YnI+PGJyPqH2jJ2P6plDt04gofFIQy1XODUwTSCh8UhDLVY3NTBNIKHxSEMtVjU1ME0gofFIQy1WMjMwTaH2pbml3qlgpcil1aWppfOkq6TppM7faLj0stnX9yiMn9PDpaKl16XqsdjSqimk4r/JxNwgoflIQy1WMjMwTaTPjJ3P883iPGJyPjxicj6h9srLmJQ8YnI+sb7M5aW1paSluqO6ILjfpLU3Mm1tocG3+TEyOS42bW2hwbDC0NAxMjkuNm1tPGJyPrG+zOXZfMG/o7ogMzQwZzxCUj48QlI+PGI+oaGhvtF1xrfKy5iUP9DOyr2hvzwvYj4gPGZvbnQgY29sb3I9cmVkPqH5ysuYlLXIpM/T6Ljmn2+kr4nkuPyktaTspMakpKTriPa6z6SspKKk6qTepLmho7HYpLql4algpaupYKXaqWCluLXIpMeEZc2+pLS0X9VKz8KktaSkoaM8L2ZvbnQ+PEJSPjx0YWJsZSB3aWR0aD02MDAgYm9yZGVyPTAgY2VsbHNwYWNpbmc9MSBjZWxscGFkZGluZz0xIGJvcmRlcmNvbG9yPSNDMEMwQzA7PjxUUj48VEQgd2lkdGg9MTUwPj/Rdca3pb+lpKXXPC9URD48VEQ+pceluKW/peul06XHpaqlq6XhpemlqqXXpbel56XzPC9URD48L1RSPjxUUj48VEQgd2lkdGg9MTUwPj/Rdca3pb+lpKXXPC9URD48VEQ+pceluKW/peul06XHpaqlq6XhpemlqqXXpbel56XzPC9URD48L1RSPjxUUj48VEQgd2lkdGg9MTUwPj/Ky5iUPC9URD48VEQ+ofbN4tDOtOe3qDq3+TEyOS42eLjfNzJ4sMLQ0DEyOS42bW2h9rG+zOXZfMG/OrxzMzQwZyixvszlKaH2vHMzOTRnKOuKs9i6rKTgKaH2z/vZTeuKwaY6tqi48TEuNFeh9uuK1LQ6REMxLjVWeDIvMS4yVngyLzUuMFYohWcz0M6loqXrpaul6ses64qz2Hgysb4vhWcz0M6z5OuKyr2ly6XDpbGl68uuy9jHrOuKs9h4MrG+L0FDpaKlwKXXpb+pYCk8L1REPjwvVFI+PFRSPjxURCB3aWR0aD0xNTA+P8rLmJQ8L1REPjxURD6h9s3i0M6057eoOrf5MTI5LjZ4uN83MniwwtDQMTI5LjZtbaH2sb7M5dl8wb86vHMzNDBnKLG+zOUpofa8czM5NGco64qz2LqspOApofbP+9lN64rBpjq2qLjxMS40V6H264rUtDpEQzEuNVZ4Mi8xLjJWeDIvNS4wViiFZzPQzqWipeulq6Xqx6zrirPYeDKxvi+FZzPQzrPk64rKvaXLpcOlsaXry67L2Mes64qz2Hgysb4vQUOloqXApdelv6lgKTwvVEQ+PC9UUj48L1RBQkxFPjwvdGQ+PC90cj48L1RBQkxFPjxCUj48c3R5bGUgdHlwZT0idGV4dC9jc3MiPgo8IS0tCi8qLS0tLS0tLS0tLS0tLS0tLS0tLS0tLS0tLS0tLS0tLS0tLS0tLS0tLS0tLS0K2UmkpM7vpKuktKXcpb+l8wotLS0tLS0tLS0tLS0tLS0tLS0tLS0tLS0tLS0tLS0tLS0tLS0tLS0tLS0tLSovCiNyYWt1dGVuTGltaXRlZElkX2Fyb3VuZENhcnQgdGJvZHkgdHIgdGQgaW5wdXQgewoKYmFja2dyb3VuZDogdXJsKGh0dHA6Ly9pbWFnZS5yYWt1dGVuLmNvLmpwL2hpdGxpbmUvY2FiaW5ldC90b3AvYnRuLWNhcnRpbjIuanBnKSBuby1yZXBlYXQ7Cgp3aWR0aDogMTgwcHg7CmhlaWdodDogNjNweDsKYm9yZGVyOiBub25lOwpjdXJzb3I6cG9pbnRlcjsKdGV4dC1pbmRlbnQ6LTk5OTlweDsKfQojcmFrdXRlbkxpbWl0ZWRJZF9hcm91bmRDYXJ0IHRib2R5IHRyIHRkIGlucHV0OmhvdmVyIHsKYmFja2dyb3VuZDogdXJsKGh0dHA6Ly9pbWFnZS5yYWt1dGVuLmNvLmpwL2hpdGxpbmUvY2FiaW5ldC90b3AvYnRuLWNhcnRpbi1ob3ZlcjMuanBnKSBuby1yZXBlYXQ7Cn0KCgoKZm9udCBpbnB1dHsKCmJhY2tncm91bmQ6I2VlZSAhaW1wb3J0YW50OwoKd2lkdGg6YXV0byAhaW1wb3J0YW50OwoKaGVpZ2h0OmF1dG8gIWltcG9ydGFudDsKCmN1cnNvcjpwb2ludGVyICFpbXBvcnRhbnQ7Cgp0ZXh0LWluZGVudDowcHggIWltcG9ydGFudDsKCmJvcmRlcjoxcHggI2NjYyBzb2xpZCAhaW1wb3J0YW50OwoKZm9udC1zaXplOjEycHg7Cgpjb2xvcjojNjY2OwoKcGFkZGluZzogM3B4IDEwcHggIWltcG9ydGFudDsKCmJvcmRlci1yYWRpdXM6IDRweDsKCn0KCmlucHV0I3VuaXRzewoKYmFja2dyb3VuZDpub25lICFpbXBvcnRhbnQ7Cgp3aWR0aDphdXRvICFpbXBvcnRhbnQ7CgpoZWlnaHQ6YXV0byAhaW1wb3J0YW50OwoKY3Vyc29yOmF1dG8gIWltcG9ydGFudDsKCnRleHQtaW5kZW50OjBweCAhaW1wb3J0YW50OwoKYm9yZGVyOjJweCAjY2NjIHNvbGlkICFpbXBvcnRhbnQ7Cgpmb250LXNpemU6MTZweDsKCnBhZGRpbmc6IDVweCA1cHggN3B4IDVweCAhaW1wb3J0YW50OwoKdGV4dC1hbGlnbjogY2VudGVyOwoKfQoKCiNyYWt1dGVuTGltaXRlZElkX2Fyb3VuZENhcnQgdGJvZHkgdHIgdGQuaW52ZW50b3J5IGlucHV0ewoKd2lkdGg6YXV0byAhaW1wb3J0YW50OwoKaGVpZ2h0OmF1dG8gIWltcG9ydGFudDsKCmJhY2tncm91bmQ6bm9uZSAhaW1wb3J0YW50OwoKdGV4dC1pbmRlbnQ6MHB4ICFpbXBvcnRhbnQ7Cgp9Ci0tPgoKCjwvc3R5bGU+CgoKPCEtLaSzpLOkq6TpLS0+CjwhLS2ks6SzpN6kxy0tPg==,pdGlyqW9pculw6WvICggUGFuYXNvbmljICkgIKXqpeKpYKXIpdGl86XBpeulv6lgICil1qXppcOlrykgVlctQ1RSMS1Lo7ql0qXDpcil6aWkpfM=,pdGlyqW9pculw6WvICggUGFuYXNvbmljICkgIKXqpeKpYKXIpdGl86XBpeulv6lgICil1qXppcOlrykgVlctQ1RSMS1L,y7DeeqTfP8vNwc+fb8HPo7rGvcjVUE0ylXKk3qTHpaupYKXJ16LOxCZyQXJyO7y0yNWz9rrJoaOl0aXKpb2ly6XDpa8gKCBQYW5hc29uaWMgKSAgpeql4qlgpcil0aXzpcGl66W/qWAgKKXWpemlw6WvKSBWVy1DVFIxLUs=[rn]
33-14419,aHR0cDovL3RzaG9wLnIxMHMuanAvaGl0bGluZS9jYWJpbmV0L2ZzLzkwNy80OTUzMTAzNDcyOTA3LmpwZz9maXRpbj03MDA6NzAw,MTU1Mi4wMDAw,,VFY/paqpYKXHpaOlqj+lq6XhpekgPiClq6Xhpek/pdOlx6Wqpaul4aXpP7ni0aeZQ8b3ID4gpdOlx6Wqpaul4aXp,oe+lqKXspbOl4CAoIEVMRUNPTSApICCloqWvpbel56Xzpaul4aXppbGpYKW5L6XNpaql16XspfMvpbCl7KlgIERBQy0wMDFHWSChvqSipLmYUyjGvcjVpM6k37P2uskpL7T60v2z/aSvob8=,y7DeeqTfP8vNwc+fb8HPo7rGvcjVUE0ylXKk3qTHpaupYKXJ16LOxCZyQXJyO7y0yNWz9rrJ,PGEgaHJlZj0iaHR0cDovL2V2ZW50LnJha3V0ZW4uY28uanAvYXN1cmFrdS9hYm91dC8iIHRhcmdldD0iX2JsYW5rIj48SU1HIFNSQz1odHRwOi8vaW1hZ2UucmFrdXRlbi5jby5qcC9jb20vaW1nL3Jtcy9jYWJpbmV0L3JlY29tbWVuZF9uZXcvaW1nMDAwMDA0MTIuanBnIEFMVD2koqS5mFMgYm9yZGVyPTA+PC9hPjxCUj48QlI+PElNRyBTUkM9Imh0dHA6Ly93d3cucmFrdXRlbi5uZS5qcC9nb2xkL2hpdGxpbmUvaW1hZ2VzL3BpY181MDEwLmdpZiJib3JkZXI9MD48QlI+PGZvbnQgY29sb3I9I0ZGRkZGMD48Zm9udCBzaXplPTE+y83Bz59vwc+lraXjpfOl2qlgpfOls6lgpcmjuqG+c210Yi1US6G/PGJyPjwvZm9udD48Zm9udCBjb2xvcj0jRkYwMDAwPqS016LOxOHhpM+hoqG+sGvLzaTOpLSwuMTaob+h+qG+y82k6te0Tm/fQr1qob+h+qG+vHvGt5X4pMjuSYWnlfil4algpeuhv6TOuPel4algpeuk8qSqy82k6qS3pN6kuaGjPEJSPrx7xreV+D/uSYWnlfikz6GiUEOkzqXhqWCl66Wipcml7KW5pMukzqTfoaJQREakx6Sqy82k6qS3pN6kuaGjPEJSPiDD+8F4ieS4/KTKpMmkoqTspNChouHhpKuk6aTHpOLU2bBr0NCktaS7pMbtlKStpN6kuaGjPC9mb250PjxkaXYgc3R5bGU9InRleHQtYWxpZ246cmlnaHQ7Y29sb3I6Izk5OTk5OTsiPqG+a2s5bjBkMThwob9oNjIyPC9kaXY+PFRBQkxFIHN0eWxlPSIgYm9yZGVyOiAycHggZGFzaGVkICNDRjAwMDA7IGJhY2tncm91bmQtY29sb3I6ICNGRkVFRUUiPjx0cj48dGQgYWxpZ249bGVmdD48QlI+PGI+oaGhvsnMxrekztVow/ehvzwvYj48QlI+ofals6XzpdGlr6XIpMul1aWjpcOlyKS5pOulvaXVpcilv6Wkpdekzpr408OloqWvpbel56Xzpaul4aXppbGpYKW5obFBQ1RJTU8opaKlr6XGpaOl4imhsaTHpLmhozxCUj4gofalpqWnpcOlyKW5qWClxKTKpMmky8q508OktaTspOuhoqWvpcOlt6XnpfPQ1KSsuN+kr8nsv3PQ1KTLuLuk86TApc2lqqXXpeypYKXzy9iyxKTyyrnTw6S3pMakpKTepLmhozxCUj4gofaloqWvpbel56Xzpaul4aXpsb7M5aTIpaKlr6W7pbWl6qTyt9aksaTGhae8e6THpK2k6+lnysvH0KTqpKy4tqSkpMakpKTepLmhozxCUj4gofaxvszlxNqCyKTLoaKlsalgpdal66TkU0Slq6lgpcmkyqTJpM6Fp7x7pMux48D7pMql3aWxpcOlyKSsuLakpKTGpKSk3qS5oaM8QlI+IKH2pdClw6WwpMqkyaTLyKGk6ri2pLGkxrPWpMHfXKTWpM6ky7HjwPukyqWrpeml06XKpKy4tqSkpMakpKTepLmhozxCUj4gofal2aXrpciky8ihpOq4tqSxpOmk7KTrpdml66XIpeupYKXXpKy4tqSkpMakpKTepLmhozxCUj4gofalsalgpbmkzqXVpb+yv6TLpM+hoqW1paSlyaSrpOmkzoWnvHvO78Lkz8Kk8rfApLCltaWkpcmlrKlgpcmkrLi2pKSkxqSkpN6kuaGjPEJSPiCh9ulf6V2yv6TLpM/L2NTnpKSz9qS3yOuk7KSsv8nE3KTKw+al1aWhpbmlyqlgpPKS8dPDpLekxqSkpN6kuaGjPEJSPiCh9s3itOc6t/kxMzdtbaHBsMLQ0DY4bW2hwbjfpLU5Mm1tIKH2ss6/vIWnyN2057eoOrxzILf5MTE1bW2hwbDC0NA1MG1tocG436S1NzBtbSCh9rLE2Xw6se212Dql3aXqpailuaXGpeuhotFZtdg6pd2l6qWopbmlxqXroaLQvrLEOrrPs8mltKXgIKH21tjBvzo1NGcgofalq6XpqWA6pbCl7KlgPEJSPjxCUj48Yj6hoaG+0XXGt8rLmJQ/0M7KvaG/PC9iPiA8Zm9udCBjb2xvcj1yZWQ+ofnKy5iUtcikz9PouOafb6SvieS4/KS1pOykxqSkpOuI9rrPpKykoqTqpN6kuaGjsdikuqXhqWClq6lgpdqpYKW4tcikx4Rlzb6ktLRf1UrPwqS1pKShozwvZm9udD48QlI+PHRhYmxlIHdpZHRoPTYwMCBib3JkZXI9MCBjZWxsc3BhY2luZz0xIGNlbGxwYWRkaW5nPTEgYm9yZGVyY29sb3I9I0MwQzBDMDs+PFRSPjxURCB3aWR0aD0xNTA+P9F1xrelv6Wkpdc8L1REPjxURD6lsalgpbnukDwvVEQ+PC9UUj48VFI+PFREIHdpZHRoPTE1MD4/0XXGt6W/paSl1zwvVEQ+PFREPqWxqWClue6QPC9URD48L1RSPjxUUj48VEQgd2lkdGg9MTUwPj/Ky5iUPC9URD48VEQ+ofals6XzpdGlr6XIpMul1aWjpcOlyKS5pOulvaXVpcilv6Wkpdekzpr408OloqWvpbel56Xzpaul4aXppbGpYKW5obFBQ1RJTU8opaKlr6XGpaOl4imhsaTHpLmhoyCh9qWmpaelw6XIpbmpYKXEpMqkyaTLyrnTw6S1pOyk66Gipa+lw6W3peel89DUpKy436Svyey/c9DUpMu4u6TzpMClzaWqpdel7KlgpfPL2LLEpPLKudPDpLekxqSkpN6kuaGjIKH2paKlr6W3peel86WrpeGl6bG+zOWkyKWipa+lu6W1peqk8rfWpLGkxoWnvHukx6StpOvpZ8rLx9Ck6qSsuLakpKTGpKSk3qS5oaMgofaxvszlxNqCyKTLoaKlsalgpdal66TkU0Slq6lgpcmkyqTJpM6Fp7x7pMux48D7pMql3aWxpcOlyKSsuLakpKTGpKSk3qS5oaMgofal0KXDpbCkyqTJpMvIoaTquLaksaTGs9akwd9cpNakzqTLsePA+6TKpaul6aXTpcqkrLi2pKSkxqSkpN6kuaGjIKH2pdml66XIpMvIoaTquLaksaTppOyk66XZpeulyKXrqWCl16SsuLakpKTGpKSk3qS5oaMgofalsalgpbmkzqXVpb+yv6TLpM+hoqW1paQ8L1REPjwvVFI+PFRSPjxURCB3aWR0aD0xNTA+P8rLmJQ8L1REPjxURD6h9qWzpfOl0aWvpciky6XVpaOlw6XIpLmk66W9pdWlyKW/paSl16TOmvjTw6Wipa+lt6XnpfOlq6XhpemlsalgpbmhsUFDVElNTyiloqWvpcalo6XiKaGxpMekuaGjIKH2paalp6XDpcilualgpcSkyqTJpMvKudPDpLWk7KTroaKlr6XDpbel56Xz0NSkrLjfpK/J7L9z0NSky7i7pPOkwKXNpaql16XsqWCl88vYssSk8sq508Okt6TGpKSk3qS5oaMgofaloqWvpbel56Xzpaul4aXpsb7M5aTIpaKlr6W7pbWl6qTyt9aksaTGhae8e6THpK2k6+lnysvH0KTqpKy4tqSkpMakpKTepLmhoyCh9rG+zOXE2oLIpMuhoqWxqWCl1qXrpORTRKWrqWClyaTKpMmkzoWnvHuky7HjwPukyqXdpbGlw6XIpKy4tqSkpMakpKTepLmhoyCh9qXQpcOlsKTKpMmky8ihpOq4tqSxpMaz1qTB31yk1qTOpMux48D7pMqlq6XppdOlyqSsuLakpKTGpKSk3qS5oaMgofal2aXrpciky8ihpOq4tqSxpOmk7KTrpdml66XIpeupYKXXpKy4tqSkpMakpKTepLmhoyCh9qWxqWCluaTOpdWlv7K/pMukz6GipbWlpDwvVEQ+PC9UUj48VFI+PFREIHdpZHRoPTE1MD4/pbCl6qlgpfPZj8jrt6g8L1REPjxURD6Mnc/zzeI8L1REPjwvVFI+PFRSPjxURCB3aWR0aD0xNTA+P6WwpeqpYKXz2Y/I67eoPC9URD48VEQ+jJ3P883iPC9URD48L1RSPjxUUj48VEQgd2lkdGg9MTUwPj+lqKWzpd6pYKWvPC9URD48VEQ+jJ3P883iPC9URD48L1RSPjxUUj48VEQgd2lkdGg9MTUwPj+lqKWzpd6pYKWvPC9URD48VEQ+jJ3P883iPC9URD48L1RSPjxUUj48VEQgd2lkdGg9MTUwPj9QQ6WwpeqpYKXzpeml2aXrPC9URD48VEQ+jJ3P883iPC9URD48L1RSPjxUUj48VEQgd2lkdGg9MTUwPj9QQ6WwpeqpYKXzpeml2aXrPC9URD48VEQ+jJ3P883iPC9URD48L1RSPjxUUj48VEQgd2lkdGg9MTUwPj+5+utIpailzaXrpa6pYKW5pb+pYDwvVEQ+PFREPoydz/PN4jwvVEQ+PC9UUj48VFI+PFREIHdpZHRoPTE1MD4/ufrrSKWopc2l66WuqWCluaW/qWA8L1REPjxURD6Mnc/zzeI8L1REPjwvVFI+PFRSPjxURCB3aWR0aD0xNTA+P6WopbOl6qlgpdU8L1REPjxURD63x99tus88L1REPjwvVFI+PFRSPjxURCB3aWR0aD0xNTA+P6WopbOl6qlgpdU8L1REPjxURD63x99tus88L1REPjwvVFI+PFRSPjxURCB3aWR0aD0xNTA+P1ZDQ0k8L1REPjxURD6Mnc/zzeI8L1REPjwvVFI+PFRSPjxURCB3aWR0aD0xNTA+P1ZDQ0k8L1REPjxURD6Mnc/zzeI8L1REPjwvVFI+PFRSPjxURCB3aWR0aD0xNTA+P1BDpeqltaWkpa+l6zwvVEQ+PFREPoydz/PN4jwvVEQ+PC9UUj48VFI+PFREIHdpZHRoPTE1MD4/UEOl6qW1paSlr6XrPC9URD48VEQ+jJ3P883iPC9URD48L1RSPjxUUj48VEQgd2lkdGg9MTUwPj9Sb0hT1rjB7jwvVEQ+PFREPoydz/PN4jwvVEQ+PC9UUj48VFI+PFREIHdpZHRoPTE1MD4/Um9IU9a4we48L1REPjxURD6Mnc/zzeI8L1REPjwvVFI+PFRSPjxURCB3aWR0aD0xNTA+P1BTRTwvVEQ+PFREPoydz/PN4jwvVEQ+PC9UUj48VFI+PFREIHdpZHRoPTE1MD4/UFNFPC9URD48VEQ+jJ3P883iPC9URD48L1RSPjxUUj48VEQgd2lkdGg9MTUwPj9KLU1vc3M8L1REPjxURD6Mnc/zzeI8L1REPjwvVFI+PFRSPjxURCB3aWR0aD0xNTA+P0otTW9zczwvVEQ+PFREPoydz/PN4jwvVEQ+PC9UUj48L1RBQkxFPjwvdGQ+PC90cj48L1RBQkxFPjxCUj48c3R5bGUgdHlwZT0idGV4dC9jc3MiPgo8IS0tCi8qLS0tLS0tLS0tLS0tLS0tLS0tLS0tLS0tLS0tLS0tLS0tLS0tLS0tLS0tLS0K2UmkpM7vpKuktKXcpb+l8wotLS0tLS0tLS0tLS0tLS0tLS0tLS0tLS0tLS0tLS0tLS0tLS0tLS0tLS0tLSovCiNyYWt1dGVuTGltaXRlZElkX2Fyb3VuZENhcnQgdGJvZHkgdHIgdGQgaW5wdXQgewoKYmFja2dyb3VuZDogdXJsKGh0dHA6Ly9pbWFnZS5yYWt1dGVuLmNvLmpwL2hpdGxpbmUvY2FiaW5ldC90b3AvYnRuLWNhcnRpbjIuanBnKSBuby1yZXBlYXQ7Cgp3aWR0aDogMTgwcHg7CmhlaWdodDogNjNweDsKYm9yZGVyOiBub25lOwpjdXJzb3I6cG9pbnRlcjsKdGV4dC1pbmRlbnQ6LTk5OTlweDsKfQojcmFrdXRlbkxpbWl0ZWRJZF9hcm91bmRDYXJ0IHRib2R5IHRyIHRkIGlucHV0OmhvdmVyIHsKYmFja2dyb3VuZDogdXJsKGh0dHA6Ly9pbWFnZS5yYWt1dGVuLmNvLmpwL2hpdGxpbmUvY2FiaW5ldC90b3AvYnRuLWNhcnRpbi1ob3ZlcjMuanBnKSBuby1yZXBlYXQ7Cn0KCgoKZm9udCBpbnB1dHsKCmJhY2tncm91bmQ6I2VlZSAhaW1wb3J0YW50OwoKd2lkdGg6YXV0byAhaW1wb3J0YW50OwoKaGVpZ2h0OmF1dG8gIWltcG9ydGFudDsKCmN1cnNvcjpwb2ludGVyICFpbXBvcnRhbnQ7Cgp0ZXh0LWluZGVudDowcHggIWltcG9ydGFudDsKCmJvcmRlcjoxcHggI2NjYyBzb2xpZCAhaW1wb3J0YW50OwoKZm9udC1zaXplOjEycHg7Cgpjb2xvcjojNjY2OwoKcGFkZGluZzogM3B4IDEwcHggIWltcG9ydGFudDsKCmJvcmRlci1yYWRpdXM6IDRweDsKCn0KCmlucHV0I3VuaXRzewoKYmFja2dyb3VuZDpub25lICFpbXBvcnRhbnQ7Cgp3aWR0aDphdXRvICFpbXBvcnRhbnQ7CgpoZWlnaHQ6YXV0byAhaW1wb3J0YW50OwoKY3Vyc29yOmF1dG8gIWltcG9ydGFudDsKCnRleHQtaW5kZW50OjBweCAhaW1wb3J0YW50OwoKYm9yZGVyOjJweCAjY2NjIHNvbGlkICFpbXBvcnRhbnQ7Cgpmb250LXNpemU6MTZweDsKCnBhZGRpbmc6IDVweCA1cHggN3B4IDVweCAhaW1wb3J0YW50OwoKdGV4dC1hbGlnbjogY2VudGVyOwoKfQoKCiNyYWt1dGVuTGltaXRlZElkX2Fyb3VuZENhcnQgdGJvZHkgdHIgdGQuaW52ZW50b3J5IGlucHV0ewoKd2lkdGg6YXV0byAhaW1wb3J0YW50OwoKaGVpZ2h0OmF1dG8gIWltcG9ydGFudDsKCmJhY2tncm91bmQ6bm9uZSAhaW1wb3J0YW50OwoKdGV4dC1pbmRlbnQ6MHB4ICFpbXBvcnRhbnQ7Cgp9Ci0tPgoKCjwvc3R5bGU+CgoKPCEtLaSzpLOkq6TpLS0+CjwhLS2ks6SzpN6kxy0tPg==,oe+lqKXspbOl4CAoIEVMRUNPTSApICCloqWvpbel56Xzpaul4aXppbGpYKW5L6XNpaql16XspfMvpbCl7KlgIERBQy0wMDFHWSChvqSipLmYUyjGvcjVpM6k37P2uskpL7T60v2z/aSvob+juqXSpcOlyKXppaSl8w==,oe+lqKXspbOl4CAoIEVMRUNPTSApICCloqWvpbel56Xzpaul4aXppbGpYKW5L6XNpaql16XspfMvpbCl7KlgIERBQy0wMDFHWSChvqSipLmYUyjGvcjVpM6k37P2uskpL7T60v2z/aSvob8=,y7DeeqTfP8vNwc+fb8HPo7rGvcjVUE0ylXKk3qTHpaupYKXJ16LOxCZyQXJyO7y0yNWz9rrJoaOh76Wopeyls6XgICggRUxFQ09NICkgIKWipa+lt6XnpfOlq6Xhpemlsalgpbkvpc2lqqXXpeyl8y+lsKXsqWAgREFDLTAwMUdZIKG+pKKkuZhTKMa9yNWkzqTfs/a6ySkvtPrS/bP9pK+hvw==[rn]
33-14420,aHR0cDovL3RzaG9wLnIxMHMuanAvaGl0bGluZS9jYWJpbmV0L2ZzLzk4MS80OTUzMTAzNDM0OTgxLmpwZz9maXRpbj03MDA6NzAw,MTU1Mi4wMDAw,,VFY/paqpYKXHpaOlqj+lq6XhpekgPiClq6Xhpek/pdOlx6Wqpaul4aXpP7ni0aeZQ8b3ID4gpdOlx6Wqpaul4aXp,pail7KWzpeAgKCBFTEVDT00gKSAgpceluKW/peul06XHpaqlq6Xhpemlsalgpbkvpbel56XrpcCpYKXZpeulyLi2L6XUpfOlryBEVkItMDE2UE4=,y7DeeqTfP8vNwc+fb8HPo7rGvcjVUE0ylXKk3qTHpaupYKXJ16LOxCZyQXJyO7y0yNWz9rrJ,oaE8ZGl2IHN0eWxlPSJ0ZXh0LWFsaWduOnJpZ2h0O2NvbG9yOiM5OTk5OTk7Ij6hvmtrOW4wZDE4cKG/aDYyMjwvZGl2PjxUQUJMRSBzdHlsZT0iIGJvcmRlcjogMnB4IGRhc2hlZCAjQ0YwMDAwOyBiYWNrZ3JvdW5kLWNvbG9yOiAjRkZFRUVFIj48dHI+PHRkIGFsaWduPWxlZnQ+PEJSPjxiPqGhob7JzMa3pM7VaMP3ob88L2I+PEJSPqH2pbel56XrpcCpYKXZpeulyLi2pK2kx6GivOekq6Tpz8KksqTGpLmksKTLyKGk6rP2pLuk66XHpbilv6XrpdOlx6Wqpaul4aXppbGpYKW5pMekuaGjPEJSPiCh9sPmpdWloaW5pcqpYKTHwfSk4aTGpKSk66TOpMehoqXvpfOlv6XDpcGkx5hToanpX+ldpMekraTepLmhozxCUj4gofalt6XnpeulwKlgpdml66XIpM/pTKS11XvV+6THpK2hoqWxqWCluaSrpOnIoaTqzeKkt7/JxNykx6S5oaM8QlI+IKH2hae8e6S5pOuZQ8b3pMu6z6TvpLukxqWxqWClucTasr+kzqXspaSloqWmpcik8tfU08mky4nkuPykx6StpOuhotfFzdHKvaTOysvH0KTqsOWkrLi2yvSkt6TGpKSk3qS5oaM8QlI+IKH2pceluKW/peulq6XhpemxvszlpM6k26SrpMuhotPoguSl0KXDpcal6qlgpOLSu753pMuFp7x7v8nE3KTHpLmhozxCUj4gofalsalgpbnE2oLIpMukz6XHpbilv6XrpdOlx6Wqpaul4aXppPKlraW6pMSksaTLpK+kpMbww6vL2LLEpPLKudPDpLekxqSkpN6kuaGjPEJSPiCh9qWxqWCluceww+aky6Gi0KHO74WnvHuky7HjwPukysewpd2lsaXDpcikrLi2pKSkxqSkpN6kuaGjPEJSPiCh9qWxqWCluaXVpb+CyKTLoaJTRKWrqWClyaTkpbGpYKXWpeu1yKTOhae8e6TLsePA+6TKpeGlw6W3peWl3aWxpcOlyKSsuLakpKTGpKSk3qS5oaM8QlI+IKH2pMGk56TDpMikt6S/s9akwd9cpNOky7HjwPukysrWs9akwaXPpfOlyaXruLakraTHpLmhozxCUj4gofbN4rTnOrf5MTk1eLDC0NAxMDBtbXi436S1MTA1bW0gofmlz6Xzpcml67K/uqyk3qS6IKH2ss6/vIWnyN2057eoOrf5MTc1eLDC0NA4NXi436S1OTBtbSCh9qWrpempYDql1KXzpa8gofayxNl8OrHtP9FZtdg6pd2l6qWopbmlxqXroaLQvrLEOkVQRSCh9tbYwb86vHM5OGcgofmlt6XnpeulwKlgpdml66XIuqyk4CCh9ri2yvTGtzqlt6XnpeulwKlgpbmlyKXDpdd4MaGiysvH0LDleDEgofal3aWxpcOlyMr9Osewpd2lsaXDpcgxpMShoqXhpcOlt6Xlpd2lsaXDpcgxpMQgofaluaXIpemlw6XXOqW3peel66XAqWCluaXIpemlw6XXIKH2pbmlyKXppcOl1+lMOsir6UwxMjAwbW08QlI+PEJSPjxiPqGhob7Rdca3ysuYlD/Qzsq9ob88L2I+IDxmb250IGNvbG9yPXJlZD6h+crLmJS1yKTP0+i45p9vpK+J5Lj8pLWk7KTGpKSk64j2us+krKSipOqk3qS5oaOx2KS6peGpYKWrqWCl2qlgpbi1yKTHhGXNvqS0tF/VSs/CpLWkpKGjPC9mb250PjxCUj48dGFibGUgd2lkdGg9NjAwIGJvcmRlcj0wIGNlbGxzcGFjaW5nPTEgY2VsbHBhZGRpbmc9MSBib3JkZXJjb2xvcj0jQzBDMEMwOz48VFI+PFREIHdpZHRoPTE1MD4/0XXGt6W/paSl1zwvVEQ+PFREPqWxqWClue6QPC9URD48L1RSPjxUUj48VEQgd2lkdGg9MTUwPj/Rdca3pb+lpKXXPC9URD48VEQ+pbGpYKW57pA8L1REPjwvVFI+PFRSPjxURCB3aWR0aD0xNTA+P8rLmJQ8L1REPjxURD6h9qW3peel66XAqWCl2aXrpci4tqStpMehorznpKuk6c/CpLKkxqS5pLCky8ihpOqz9qS7pOulx6W4pb+l66XTpcelqqWrpeGl6aWxqWCluaTHpLmhoyCh9sPmpdWloaW5pcqpYKTHwfSk4aTGpKSk66TOpMehoqXvpfOlv6XDpcGkx5hToanpX+ldpMekraTepLmhoyCh9qW3peel66XAqWCl2aXrpcikz+lMpLXVe9X7pMekraGipbGpYKW5pKuk6cihpOrN4qS3v8nE3KTHpLmhoyCh9oWnvHukuaTrmUPG96TLus+k76S7pMalsalgpbnE2rK/pM6l7KWkpaKlpqXIpPLX1NPJpMuJ5Lj8pMekraTroaLXxc3Ryr2kzsrLx9Ck6rDlpKy4tsr0pLekxqSkpN6kuaGjIKH2pceluKW/peulq6XhpemxvszlpM6k26SrpMuhotPoguSl0KXDpcal6qlgpOLSu753pMuFp7x7v8nE3KTHpLmhoyCh9qWxqWClucTagsiky6TPpceluKW/peul06XHpaqlq6Xhpemk8qWtpbqkxKSxpMukr6SkxvDDq8vYssSk8sq508Okt6TGpKSk3qS5oaMgofalsalgpbnHsMPmpMuhotChzu+Fp7x7pMux48D7pMrHsKXdpbGlw6XIpKw8L1REPjwvVFI+PFRSPjxURCB3aWR0aD0xNTA+P8rLmJQ8L1REPjxURD6h9qW3peel66XAqWCl2aXrpci4tqStpMehorznpKuk6c/CpLKkxqS5pLCky8ihpOqz9qS7pOulx6W4pb+l66XTpcelqqWrpeGl6aWxqWCluaTHpLmhoyCh9sPmpdWloaW5pcqpYKTHwfSk4aTGpKSk66TOpMehoqXvpfOlv6XDpcGkx5hToanpX+ldpMekraTepLmhoyCh9qW3peel66XAqWCl2aXrpcikz+lMpLXVe9X7pMekraGipbGpYKW5pKuk6cihpOrN4qS3v8nE3KTHpLmhoyCh9oWnvHukuaTrmUPG96TLus+k76S7pMalsalgpbnE2rK/pM6l7KWkpaKlpqXIpPLX1NPJpMuJ5Lj8pMekraTroaLXxc3Ryr2kzsrLx9Ck6rDlpKy4tsr0pLekxqSkpN6kuaGjIKH2pceluKW/peulq6XhpemxvszlpM6k26SrpMuhotPoguSl0KXDpcal6qlgpOLSu753pMuFp7x7v8nE3KTHpLmhoyCh9qWxqWClucTagsiky6TPpceluKW/peul06XHpaqlq6Xhpemk8qWtpbqkxKSxpMukr6SkxvDDq8vYssSk8sq508Okt6TGpKSk3qS5oaMgofalsalgpbnHsMPmpMuhotChzu+Fp7x7pMux48D7pMrHsKXdpbGlw6XIpKw8L1REPjwvVFI+PFRSPjxURCB3aWR0aD0xNTA+P6WwpeqpYKXz2Y/I67eoPC9URD48VEQ+jJ3P883iPC9URD48L1RSPjxUUj48VEQgd2lkdGg9MTUwPj+lsKXqqWCl89mPyOu3qDwvVEQ+PFREPoydz/PN4jwvVEQ+PC9UUj48VFI+PFREIHdpZHRoPTE1MD4/pails6XeqWClrzwvVEQ+PFREPoydz/PN4jwvVEQ+PC9UUj48VFI+PFREIHdpZHRoPTE1MD4/pails6XeqWClrzwvVEQ+PFREPoydz/PN4jwvVEQ+PC9UUj48VFI+PFREIHdpZHRoPTE1MD4/UEOlsKXqqWCl86Xppdml6zwvVEQ+PFREPoydz/PN4jwvVEQ+PC9UUj48VFI+PFREIHdpZHRoPTE1MD4/UEOlsKXqqWCl86Xppdml6zwvVEQ+PFREPoydz/PN4jwvVEQ+PC9UUj48VFI+PFREIHdpZHRoPTE1MD4/ufrrSKWopc2l66WuqWCluaW/qWA8L1REPjxURD6Mnc/zzeI8L1REPjwvVFI+PFRSPjxURCB3aWR0aD0xNTA+P7n660ilqKXNpeulrqlgpbmlv6lgPC9URD48VEQ+jJ3P883iPC9URD48L1RSPjxUUj48VEQgd2lkdGg9MTUwPj+lqKWzpeqpYKXVPC9URD48VEQ+t8ffbbrPPC9URD48L1RSPjxUUj48VEQgd2lkdGg9MTUwPj+lqKWzpeqpYKXVPC9URD48VEQ+t8ffbbrPPC9URD48L1RSPjxUUj48VEQgd2lkdGg9MTUwPj9WQ0NJPC9URD48VEQ+jJ3P883iPC9URD48L1RSPjxUUj48VEQgd2lkdGg9MTUwPj9WQ0NJPC9URD48VEQ+jJ3P883iPC9URD48L1RSPjxUUj48VEQgd2lkdGg9MTUwPj9QQ6XqpbWlpKWvpes8L1REPjxURD6Mnc/zzeI8L1REPjwvVFI+PFRSPjxURCB3aWR0aD0xNTA+P1BDpeqltaWkpa+l6zwvVEQ+PFREPoydz/PN4jwvVEQ+PC9UUj48VFI+PFREIHdpZHRoPTE1MD4/Um9IU9a4we48L1REPjxURD6Mnc/zzeI8L1REPjwvVFI+PFRSPjxURCB3aWR0aD0xNTA+P1JvSFPWuMHuPC9URD48VEQ+jJ3P883iPC9URD48L1RSPjxUUj48VEQgd2lkdGg9MTUwPj9QU0U8L1REPjxURD6Mnc/zzeI8L1REPjwvVFI+PFRSPjxURCB3aWR0aD0xNTA+P1BTRTwvVEQ+PFREPoydz/PN4jwvVEQ+PC9UUj48VFI+PFREIHdpZHRoPTE1MD4/Si1Nb3NzPC9URD48VEQ+jJ3P883iPC9URD48L1RSPjxUUj48VEQgd2lkdGg9MTUwPj9KLU1vc3M8L1REPjxURD6Mnc/zzeI8L1REPjwvVFI+PC9UQUJMRT48L3RkPjwvdHI+PC9UQUJMRT48QlI+PHN0eWxlIHR5cGU9InRleHQvY3NzIj4KPCEtLQovKi0tLS0tLS0tLS0tLS0tLS0tLS0tLS0tLS0tLS0tLS0tLS0tLS0tLS0tLS0tCtlJpKTO76SrpLSl3KW/pfMKLS0tLS0tLS0tLS0tLS0tLS0tLS0tLS0tLS0tLS0tLS0tLS0tLS0tLS0tLS0qLwojcmFrdXRlbkxpbWl0ZWRJZF9hcm91bmRDYXJ0IHRib2R5IHRyIHRkIGlucHV0IHsKCmJhY2tncm91bmQ6IHVybChodHRwOi8vaW1hZ2UucmFrdXRlbi5jby5qcC9oaXRsaW5lL2NhYmluZXQvdG9wL2J0bi1jYXJ0aW4yLmpwZykgbm8tcmVwZWF0OwoKd2lkdGg6IDE4MHB4OwpoZWlnaHQ6IDYzcHg7CmJvcmRlcjogbm9uZTsKY3Vyc29yOnBvaW50ZXI7CnRleHQtaW5kZW50Oi05OTk5cHg7Cn0KI3Jha3V0ZW5MaW1pdGVkSWRfYXJvdW5kQ2FydCB0Ym9keSB0ciB0ZCBpbnB1dDpob3ZlciB7CmJhY2tncm91bmQ6IHVybChodHRwOi8vaW1hZ2UucmFrdXRlbi5jby5qcC9oaXRsaW5lL2NhYmluZXQvdG9wL2J0bi1jYXJ0aW4taG92ZXIzLmpwZykgbm8tcmVwZWF0Owp9CgoKCmZvbnQgaW5wdXR7CgpiYWNrZ3JvdW5kOiNlZWUgIWltcG9ydGFudDsKCndpZHRoOmF1dG8gIWltcG9ydGFudDsKCmhlaWdodDphdXRvICFpbXBvcnRhbnQ7CgpjdXJzb3I6cG9pbnRlciAhaW1wb3J0YW50OwoKdGV4dC1pbmRlbnQ6MHB4ICFpbXBvcnRhbnQ7Cgpib3JkZXI6MXB4ICNjY2Mgc29saWQgIWltcG9ydGFudDsKCmZvbnQtc2l6ZToxMnB4OwoKY29sb3I6IzY2NjsKCnBhZGRpbmc6IDNweCAxMHB4ICFpbXBvcnRhbnQ7Cgpib3JkZXItcmFkaXVzOiA0cHg7Cgp9CgppbnB1dCN1bml0c3sKCmJhY2tncm91bmQ6bm9uZSAhaW1wb3J0YW50OwoKd2lkdGg6YXV0byAhaW1wb3J0YW50OwoKaGVpZ2h0OmF1dG8gIWltcG9ydGFudDsKCmN1cnNvcjphdXRvICFpbXBvcnRhbnQ7Cgp0ZXh0LWluZGVudDowcHggIWltcG9ydGFudDsKCmJvcmRlcjoycHggI2NjYyBzb2xpZCAhaW1wb3J0YW50OwoKZm9udC1zaXplOjE2cHg7CgpwYWRkaW5nOiA1cHggNXB4IDdweCA1cHggIWltcG9ydGFudDsKCnRleHQtYWxpZ246IGNlbnRlcjsKCn0KCgojcmFrdXRlbkxpbWl0ZWRJZF9hcm91bmRDYXJ0IHRib2R5IHRyIHRkLmludmVudG9yeSBpbnB1dHsKCndpZHRoOmF1dG8gIWltcG9ydGFudDsKCmhlaWdodDphdXRvICFpbXBvcnRhbnQ7CgpiYWNrZ3JvdW5kOm5vbmUgIWltcG9ydGFudDsKCnRleHQtaW5kZW50OjBweCAhaW1wb3J0YW50OwoKfQotLT4KCgo8L3N0eWxlPgoKCjwhLS2ks6SzpKuk6S0tPgo8IS0tpLOks6TepMctLT4=,pail7KWzpeAgKCBFTEVDT00gKSAgpceluKW/peul06XHpaqlq6Xhpemlsalgpbkvpbel56XrpcCpYKXZpeulyLi2L6XUpfOlryBEVkItMDE2UE6juqXSpcOlyKXppaSl8w==,pail7KWzpeAgKCBFTEVDT00gKSAgpceluKW/peul06XHpaqlq6Xhpemlsalgpbkvpbel56XrpcCpYKXZpeulyLi2L6XUpfOlryBEVkItMDE2UE4=,y7DeeqTfP8vNwc+fb8HPo7rGvcjVUE0ylXKk3qTHpaupYKXJ16LOxCZyQXJyO7y0yNWz9rrJoaOlqKXspbOl4CAoIEVMRUNPTSApICClx6W4pb+l66XTpcelqqWrpeGl6aWxqWCluS+lt6XnpeulwKlgpdml66XIuLYvpdSl86WvIERWQi0wMTZQTg==[rn]
33-14421,aHR0cDovL3RzaG9wLnIxMHMuanAvbXpuZXQvY2FiaW5ldC9nb3EwMDEvMTEwNDRfMS5qcGc/Zml0aW49NzAwOjcwMA==,MTEwNTkuMjAwMA==,,VFY/paqpYKXHpaOlqj+lq6XhpekgPiClq6Xhpek/pdOlx6Wqpaul4aXpP7ni0aeZQ8b3ID4gpdOlx6Wqpaul4aXp,paKlr6W3peel86WrpeGl6SBXaUZpIKXqpeKls6XzuLYgMzBNt8DLriCl1aXrSEQgQ01PU6W7pfOltalgL6W5pd6l26THstnX97/JxNwv19TcntyHL6XQpaSlry+ltalgpdWlo6XzL6XApaSl06XzpbAvsU/SlaWrpeGl6S+lyaXppaSl1qXspbOpYKXAqWAvaVBob25lL0FuZHJvaWQvjJ/Tw6Wipdel6i9fODMxNDOhoaG+UDA4QXByMTahvw==,ob6koqS5mFOMnY/qob8gob7GvcjVMTWVcqTepMcvvLTI1bBry82hvyChvrWxyNWwa8vNob8=,PGNlbnRlcj48aW1nIHNyYz1odHRwOi8vaW1hZ2UucmFrdXRlbi5jby5qcC9tem5ldC9jYWJpbmV0L2dvcTAwNy84MzE0My0xLmpwZz48QlI+PGltZyBzcmM9aHR0cDovL2ltYWdlLnJha3V0ZW4uY28uanAvbXpuZXQvY2FiaW5ldC9nb3EwMDcvODMxNDMtMi5qcGc+PEJSPjxpbWcgc3JjPWh0dHA6Ly9pbWFnZS5yYWt1dGVuLmNvLmpwL216bmV0L2NhYmluZXQvZ29xMDA3LzgzMTQzLTMuanBnPjxCUj48aW1nIHNyYz1odHRwOi8vaW1hZ2UucmFrdXRlbi5jby5qcC9tem5ldC9jYWJpbmV0L2dvcTAwNy84MzE0My00LmpwZz48QlI+PGltZyBzcmM9aHR0cDovL2ltYWdlLnJha3V0ZW4uY28uanAvbXpuZXQvY2FiaW5ldC9nb3EwMDcvODMxNDMtNS5qcGc+PEJSPjxpbWcgc3JjPWh0dHA6Ly9pbWFnZS5yYWt1dGVuLmNvLmpwL216bmV0L2NhYmluZXQvZ29xMDA3LzgzMTQzLTYuanBnPjxCUj48aW1nIHNyYz1odHRwOi8vaW1hZ2UucmFrdXRlbi5jby5qcC9tem5ldC9jYWJpbmV0L2dvcTAwNy84MzE0My03LmpwZz48QlI+PGltZyBzcmM9aHR0cDovL2ltYWdlLnJha3V0ZW4uY28uanAvbXpuZXQvY2FiaW5ldC9nb3EwMDcvODMxNDMtOC5qcGc+PC9jZW50ZXI+PHRkPjxzcGFuIGNsYXNzPWl0ZW1fZGVzYz48aW1nIHNyYz1odHRwOi8vaW1hZ2UucmFrdXRlbi5jby5qcC9tem5ldC9jYWJpbmV0L3RvcC9pdGVtLWluZm8uanBnIHdpZHRoPTU1MCBoZWlnaHQ9MzMgYm9yZGVyPTA+PGJyPjx0YWJsZSBib3JkZXI9MCB3aWR0aD01NTAgY2VsbHBhZGRpbmc9MCBjZWxsc3BhY2luZz0wIGNsYXNzPXdrPjx0Ym9keT48dHI+PHRkPjx0YWJsZSBib3JkZXI9MSB3aWR0aD0xMDAlIGNlbGxwYWRkaW5nPTUgY2VsbHNwYWNpbmc9MSBzdHlsZT1mb250LXNpemU6MTJweDs+PHRib2R5Pjx0cj48dGQgd2lkdGg9MjAlIGJnY29sb3I9I2NjY2NjYyBhbGlnbj1jZW50ZXI+yczGt8P7PC90ZD48dGQgd2lkdGg9ODAlIGJnY29sb3I9I2ZmZmZmZiBhbGlnbj1sZWZ0PqWipa+lt6XnpfOlq6XhpekgV2lGaSCl6qXipbOl87i2IDMwTbfAy64gpdWl60hEIENNT1Olu6XzpbWpYC+luaXepdukx7LZ1/e/ycTcLzxicj7X1Nye3IcvpdClpKWvL6W1qWCl1aWjpfMvpcClpKXTpfOlsC+xT9KVpaul4aXpL6XJpemlpKXWpeyls6lgpcCpYC88L3RkPjwvdHI+PHRyPjx0ZCB3aWR0aD0yMCUgYmdjb2xvcj0jY2NjY2NjIGFsaWduPWNlbnRlcj7JzMa31WjD9zwvdGQ+PHRkIHdpZHRoPTgwJSBiZ2NvbG9yPSNmZmZmZmYgYWxpZ249bGVmdD5Hb1BybyB3aGl0ZSBlZGl0aW9upORzaWx2ZXIgZWRpdGlvbqTIscjdXqS3pMak4t9kyaukyqSkpbml2qXDpa+kx6S5o6E8YnI+PGJyPqOqyMua3aTOpaKlr6W3peel86WrpeGl6aTLV2lGSZlDxNykyKXqpeKls6XzpPK4tsr0oaM8YnI+PGJyPqOqpbml3qlgpcil1aWppfOkq6TppaKl16XqpMeloqWvpbel56Xzpaul4aXppM6y2df3pKy/ycTcpMekuaGjPGJyPjxicj6jqqXqpeKls6XzpMe6hoVnpMqy2df3o6i+sta5u62hooTTu6206dOwo6mk4r/JxNyhozxicj48YnI+o6oxMk1QpM6439DUxNxDTU9Tpbul86W1qWCkrDEwODBQo62l1aXrSESE07utpMg0MDMyocEzMDI0pbWlpKW6pM6+sta5u6206dOwpPK/ycTcpMukt6TepLekv6GjPGJyPjxicj6jqjMwTbfAy66kzqXPpaaluKXzpbCkx6W1qWCl1aWjpfO1yKTOpd6l6qXzpbml3algpcSk5KXQpaSlr6Gi19TcntyHpMuk4oydj+qhozxicj48YnI+o6q24Mr9pM6l0algpcSkx6Wipa+lxqWjpdaluaXdqWClxKSrpOmlyaXppaSl1qXspbOpYKXAqWChorfAt7ilq6XhpemkyKS3pMak4sq508Okx6StpN6kuaGjPGJyPjxicj48L3RkPjwvdHI+PHRyPjx0ZCB3aWR0aD0yMCUgYmdjb2xvcj0jY2NjY2NjIGFsaWduPWNlbnRlcj7JzMa3xNrI3TwvdGQ+PHRkIHdpZHRoPTgwJSBiZ2NvbG9yPSNmZmZmZmYgYWxpZ249bGVmdD6h9iCl6qXipbOl87i2pK1XaUZJpaKlr6W3peel86WrpeGl6TwvdGQ+PC90cj48dHI+PHRkIHdpZHRoPTIwJSBiZ2NvbG9yPSNjY2NjY2MgYWxpZ249Y2VudGVyPsnMxrfUlLyaPC90ZD48dGQgd2lkdGg9ODAlIGJnY29sb3I9I2ZmZmZmZiBhbGlnbj1sZWZ0PqH2IKW7pfOltalgo7oxMk1QoaFDTU9TPGJyPqH2ILG+zOWlq6XpqWCjuqXbpe+lpKXIPGJyPqH2IL6y1rm7rdKOuPGjujEyTS8xME0vOE0vNk0vNU0vM00vMk08YnI+ofYghNO7rdKOuPGjujEwODBQIDMwZnBzLzcyMGkgNjBmcHMvNzIwaSAzMGZwczxicj6h9iC+sta5u62l1aWpqWCl3qXDpcijukpQRzxicj6h9iCE07utpdWlqalgpd6lw6XIo7pNT1Y8YnI+ofYgjJ2P6k9To7pBbmRyb2lkL2lPUzxicj6h9iCl7KXzpbqjuo7avccxNzCh4zxicj6h9iC9075B0o648aO6VVNCMi4wo6iz5OuKL6WrqWClyaXqqWClwKlgo6mhoUhETUmjqNOzz/GjqTxicj6h9iCltaWkpbqjujI5LjihwTU5LjKhwTQxbW08YnI+ofYg1tjBvzo1OGc8YnI+ofYgjJ2P6k1pY3JvU0SjuqGrMzJHQqGhQ2xhc3MxMDxicj6h9iCl4qXLpb+pYKO6MS41paSl86XBTENEPGJyPqH2IITTu6206dOwlXLpZ6O6NEdCtbGkv6TqvHMzMLfWo6il1aXrSESjqTxicj48YnI+pdylv6XzmUPE3Dxicj6h9rG+zOXHsMPmpdylv6XzoaHritS0L6XiqWClycfQzOajqL6y1rm7rS+E07utL6XJpemlpKXWpeyls6lgpcCpYKOpPGJyPqH2sb7M5dPSgsil3KW/pfMgIN94kmsv1E+2qKOoz8Kl3KW/pfOjqTxicj6h9rG+zOXJz6Xcpb+l86GhoaGbUbaoL7Tp07AvV2lGaaOo6UzRuqS3o6k8YnI+PGJyPrTp07CZQ8TcPGJyPqH2vrLWubuttOnTsDxicj6h9oTTu6206dOwPGJyPqH2pcml6aWkpdal7KWzqWClwKlgpeKpYKXJPGJyPjxicj7N4rK/s/bBpjxicj6h9khETUmky6TopOul1aXrSESz9sGmPGJyPjxicj6kvaTOy/uZQ8TcPGJyPqH2TEVEpemlpKXIteO1xqOotOnTsNPDpMekz6S0pLakpKTepLuk86GjzrvWw7Rf1UrTw7ywpNNTT1PQxbrF08OkyKTKpOqk3qS5oaOjqTwvdGQ+PC90cj48dHI+PHRkIHdpZHRoPTIwJSBiZ2NvbG9yPSNjY2NjY2MgYWxpZ249Y2VudGVyPtei0uLKwu2XPC90ZD48dGQgd2lkdGg9ODAlIGJnY29sb3I9I2ZmZmZmZiBhbGlnbj1sZWZ0PqH2ILG+uPG1xKTKx7HLrqTk31vTvqTLpM/fbaS3pN6ku6TzoaM8YnI+ofYgpLTKudPDx7Cky6W3qWCl67K/t9aky820pN+krKTKpKSkq7Rf1Uqkt6TGz8KktaSkoaM8YnI+ofYgV2lGaYydj+qkzzIwMTUvMTDUwqxG1NqkzrRf1UqkyKTKpOqk3qS5oaOloqXDpdelx6lgpci1yKTLpOik6tPouOakyqSvjJ2P6plDt06hok9TpdCpYKW4peel86SsieSk76Trv8nE3NDUpKzT0KTqpN6kuaGjPGJyPqH2IKXhpcul5algpM+kqr3spLGVctOi1VqkyKTKpMOkxqSqpOqk3qS5oaOl4aXLpeWpYKSrpOlzZXR0aW5no75MYW5ndWFnZaO+SmFwYW5lc2WkyN94kmukt6TGz8KktaSkoaM8YnI+ofYgpeql4qWzpfOkz9a4z/LQ1KSs09Ck6qGipaul4aXppeyl86W6pMvP8qSxy/vXtJFCpMe3tI/qpLek3qS5oaM8YnI+ofYguLbK9OuKs9ikz6XGpbmlyNPDpMekuaGjpKq97KSxlXLP+7rEpLekxqSkpOuI9rrPpKyktKS2pKSk3qS5pKy9u5NRjJ3P883ipMikyqTqpN6kuaGjPGJyPqH2IKS0yrnTw8ewpMu497K/xrekrJNCpMOkxqSkpOukq7Rf1Uqkt6TGz8KktaSkoaM8YnI+ofYgpbml3qlgpcil1aWppfOkzk9TpdCpYKW4peel86SsucWkpIj2us+loqXXpeqlsalgpbel56XzpKylpKXzpbmlyKlgpeuz9sC0pMqkpKGixvCE06S3pMqkpIj2us+krKS0pLakpKTepLmhozxicj6h9iC7rc/xs+Trisb3pM+6o83i08Okx6S5pKyhoqSqveyksZVypM+5+sTa08OloqXApdelv6lguLbK9KTIpMqk6qTepLmhozxicj6h9iCktMq508PHsKTLt8DLrqXPpaaluKXzpbCkzrj3sr+31rGj12+lt6lgpcik8rD+pKykt6TGz8KktaSkoaM8YnI+ofYg3ZTI68a3pMukxKStgvuk5KW5peykyqTJpKykoqTriPa6z6SspLSktqSkpN6kuaGjpLTBy7PQz8KktaSkoaM8YnI+ofYgsb6lpqWnpdaltaWkpciky5L33WSktaTspMakpKTryczGt6TOyaukyIxn60ikzsnMxrekzsmrpMikz6GiPGJyPqS0yrnTw6S1pOyk66Xipculv6lgpN6kv6TPpeKly6W/qWCkztRPtqikzt9gpKS1yKTLpOik6qGiPGJyPs/g32CkrKSipOuI9rrPpKykoqTqpN6kuaGjPC90ZD48L3RyPjx0cj48dGQgd2lkdGg9MjAlIGJnY29sb3I9I2NjY2NjYyBhbGlnbj1jZW50ZXI+saPUXqTO09CfbzwvdGQ+PHRkIHdpZHRoPTgwJSBiZ2NvbG9yPSNmZmZmZmYgYWxpZ249bGVmdD6h9rGj1F6kz6S0pLakpKTepLuk86GjPGJyPqH2yczGt7P1xtqyu8G8pM6k38nMxre1vdfF4eE3yNXS1MTajJ2P6qS1pLukxqSkpL+kwKStpN6kuaGjPGJyPqH2pKq/zZiUtry6z6THpM63tca3pM/LzcHPoaKkvaTOy/vK1sr9wc+k8qS02JO1o6SkpL+kwKStpN6kuaGjPGJyPjwvdGQ+PC90cj48L3RkPgo8L3RyPgo8L3Rib2R5Pgo8L3RhYmxlPgo8L3RkPgo8L3RyPgo8L3Rib2R5Pgo8L3RhYmxlPjwvQ0VOVEVSPjxicj48YnI+W8iryczGt11bSkFOOiBdPGltZyBzcmM9aHR0cDovL2ltYWdlLnJha3V0ZW4uY28uanAvbXpuZXQvY2FiaW5ldC90b3AvaXFvczMuanBnPjxicj4KPGJyPgo8Qj4gofy1sbXqjJ/K9LjvwprIy6SsysvJz6SypL/S3ca3oaG12tK7j44gaVFPU6WxqWCluT8gPC9CPiAKPGJyPgoKPGltZyBzcmM9Imh0dHA6Ly9pbWFnZS5yYWt1dGVuLmNvLmpwL216bmV0L2NhYmluZXQvdG9wLzIwMTYtb21vY3lhLmpwZyIgd2lkdGg9MTAwJT48YnI+CjxCPiCh/KSq19OYlKTgpLGkzqSqpOKkwaTjpOKcut1kPyAgPC9CPgo8YnI+Cjxicj4KPGltZyBzcmM9aHR0cDovL2ltYWdlLnJha3V0ZW4uY28uanAvbXpuZXQvY2FiaW5ldC90b3Ava2ludG9yZTAxLmpwZz48YnI+Cjxicj4KPEI+IKG6IL3xxOqkzs/EpMuk3qTA6Weky7rPpKajoSChuyA8L0I+Cjxicj4KPGJyPgo8aW1nIHNyYz1odHRwOi8vaW1hZ2UucmFrdXRlbi5jby5qcC9tem5ldC9jYWJpbmV0L3RvcC9oZWFkc2V0X2Jhbm5lci5qcGc+PGJyPgo8YnI+CjxCPiChuiC24JlDxNyl2KXDpcmlu6XDpcilt6XqqWCluqTPpLOkwaTpPyAgobsgPC9CPgo8YnI+Cjxicj4KPGltZyBzcmM9aHR0cDovL2ltYWdlLnJha3V0ZW4uY28uanAvbXpuZXQvY2FiaW5ldC90b3AvY2hyNzUwLmpwZz48YnI+Cjxicj4KPEI+IKG6IEMtSFIgjJ/Tw6Wrpbmlv6XgpdGpYKXEvkGhqcjrusmjoSChuyA8L0I+Cjxicj4KPGltZyBzcmM9aHR0cDovL2ltYWdlLnJha3V0ZW4uY28uanAvbXpuZXQvY2FiaW5ldC90b3AvYzI3c2VyZW5hLmpwZz48YnI+Cjxicj4KPEI+IKH80MLQzSBDMjcgU0VSRU5BICClu6XspcqMn9PDpdGpYKXE2JyJ0+lfyrwgP6GhPC9CPgo8YnI+CjwhLS1Hb1FTeXN0ZW2l6aXzpa2l86Ww19SE07j80MKlxKlgpeul76WkpcktLT4KPHRhYmxlIGFsaWduPSJjZW50ZXIiIHdpZHRoPSI2MDAiIGJvcmRlcj0iMCIgY2VsbHBhZGRpbmc9IjAiIGNlbGxzcGFjaW5nPSIwIiBiZ2NvbG9yPSIjRkZGRkZGIj4KPHRyPgo8dGQ+Cjx0YWJsZSBhbGlnbj0iY2VudGVyIiB3aWR0aD0iNjAwIiBib3JkZXI9IjAiIGNlbGxwYWRkaW5nPSIwIiBjZWxsc3BhY2luZz0iMCIgYmdjb2xvcj0iI0ZGRkZGRiI+Cjx0cj4KPHRkIGFsaWduPSJjZW50ZXIiIHZhbGlnbj0iYm90dG9tIiBiZ2NvbG9yPSIjY2NjY2NjIj48aW1nIHNyYz0iaHR0cHM6Ly93d3cucmFrdXRlbi5uZS5qcC9nb2xkL216bmV0L2dvcXN5c3RlbS82MDByYW5raW5ndGl0ZWwuZ2lmIiB3aWR0aD0iNjAwIiAvPjwvdGQ+CjwvdHI+CjwvdGFibGU+Cjx0YWJsZSBhbGlnbj0iY2VudGVyIiB3aWR0aD0iNTk2IiBib3JkZXI9IjAiIGNlbGxwYWRkaW5nPSIwIiBjZWxsc3BhY2luZz0iMCIgYmdjb2xvcj0iI0NDQ0NDQyIgc3R5bGU9ImJvcmRlci1sZWZ0OnNvbGlkO2JvcmRlci1sZWZ0LXdpZHRoOjFweDtib3JkZXItcmlnaHQ6c29saWQ7Ym9yZGVyLXJpZ2h0LXdpZHRoOjFweDtib3JkZXItYm90dG9tOnNvbGlkO2JvcmRlci1ib3R0b20td2lkdGg6MXB4O2JvcmRlci1jb2xvcjojQ0NDQ0NDOyI+Cjx0cj4KPHRkIGFsaWduPSJjZW50ZXIiIGJnY29sb3I9IiNGRkZGRkYiPgo8ZGl2IGNsYXNzPSJpZnJtLWNvbnRhaW5lciIgc3R5bGU9IndpZHRoOjU5OHB4O2hlaWdodDo0NjBweDtvdmVyZmxvdzphdXRvOy13ZWJraXQtb3ZlcmZsb3ctc2Nyb2xsaW5nOnRvdWNoOyI+Cgo8L2Rpdj4KPC90ZD4KPC90cj4KPHRyPgo8dGQgYWxpZ249InJpZ2h0IiBiZ2NvbG9yPSIjRkZGRkZGIiBzdHlsZT0icGFkZGluZzoycHg7Ij4KPGltZyBzcmM9Imh0dHBzOi8vd3d3LnJha3V0ZW4ubmUuanAvZ29sZC9tem5ldC9nb3FzeXN0ZW0vcG93ZXJlZF9ieV9iYW5uZXIuZ2lmIiB3aWR0aD0iMTI1IiAvPgo8L3RkPgo8L3RyPgo8L3RhYmxlPgo8L3RkPgo8L3RyPgo8L3RhYmxlPgo8IS0tR29RU3lzdGVtpeml86WtpfOlsNfUhNO4/NDCpcSpYKXrpe+lpKXJLS0+,paKlr6W3peel86WrpeGl6SBXaUZpIKXqpeKls6XzuLYgMzBNt8DLriCl1aXrSEQgQ01PU6W7pfOltalgL6W5pd6l26THstnX97/JxNwv19TcntyHL6XQpaSlry+ltalgpdWlo6XzL6XApaSl06XzpbAvsU/SlaWrpeGl6S+lyaXppaSl1qXspbOpYKXAqWAvaVBob25lL0FuZHJvaWQvjJ/Tw6Wipdel6i9fODMxNDOhoaG+UDA4QXByMTahv6O6o80mcnNxdW87o/qjzqPlo/Q=,paKlr6W3peel86WrpeGl6SBXaUZpIKXqpeKls6XzuLYgMzBNt8DLriCl1aXrSEQgQ01PU6W7pfOltalgL6W5pd6l26THstnX97/JxNwv19TcntyHL6XQpaSlry+ltalgpdWlo6XzL6XApaSl06XzpbAvsU/SlaWrpeGl6S+lyaXppaSl1qXspbOpYKXAqWAvaVBob25lL0FuZHJvaWQvjJ/Tw6Wipdel6i9fODMxNDOhoaG+UDA4QXByMTahvw==,ob6koqS5mFOMnY/qob8gob7GvcjVMTWVcqTepMcvvLTI1bBry82hvyChvrWxyNWwa8vNob+ho6Wipa+lt6XnpfOlq6XhpekgV2lGaSCl6qXipbOl87i2IDMwTbfAy64gpdWl60hEIENNT1Olu6XzpbWpYC+luaXepdukx7LZ1/e/ycTcL9fU3J7chy+l0KWkpa8vpbWpYKXVpaOl8y+lwKWkpdOl86WwL7FP0pWlq6Xhpekvpcml6aWkpdal7KWzqWClwKlgL2lQaG9uZS9BbmRyb2lkL4yf08OloqXXpeovXzgzMTQzoaGhvlAwOEFwcjE2ob8=[rn]
33-14422,aHR0cDovL3RzaG9wLnIxMHMuanAvbXpuZXQvY2FiaW5ldC9nb3EwMDIvMTE3MTNfMS5qcGc/Zml0aW49NzAwOjcwMA==,NzYwLjAwMDA=,,VFY/paqpYKXHpaOlqj+lq6XhpekgPiClq6Xhpek/pdOlx6Wqpaul4aXpP7ni0aeZQ8b3ID4gpdOlx6Wqpaul4aXp,paKlr6W3peel86WrpeGl6dPDIKXYpcOlyaXepaal86XIIKXYpcOlyaXQpfOlySDWsb62vHM0MGNtpN6kx7/JL73HtsjVe9X7IKS6pOy3wNa5L9fU3J7chy+l0KWkpa8vpbWlpKWvpeql86WwL6XEqWCl6qXzpbAvU1BPUlRTIENBTS+l2KXrpeGlw6XIL184MzE0MqGhob5QMDhBcHIxNqG/,ob6koqS5mFOMnY/qob8gob7GvcjVMTWVcqTepMcvvLTI1bBry82hvyChvrWxyNWwa8vNob8=,PGNlbnRlcj48aW1nIHNyYz1odHRwOi8vaW1hZ2UucmFrdXRlbi5jby5qcC9tem5ldC9jYWJpbmV0L2dvcTAwNy84MzE0Mi0xLmpwZz48QlI+PGltZyBzcmM9aHR0cDovL2ltYWdlLnJha3V0ZW4uY28uanAvbXpuZXQvY2FiaW5ldC9nb3EwMDcvODMxNDItMi5qcGc+PEJSPjxpbWcgc3JjPWh0dHA6Ly9pbWFnZS5yYWt1dGVuLmNvLmpwL216bmV0L2NhYmluZXQvZ29xMDA3LzgzMTQyLTMuanBnPjxCUj48aW1nIHNyYz1odHRwOi8vaW1hZ2UucmFrdXRlbi5jby5qcC9tem5ldC9jYWJpbmV0L2dvcTAwNy84MzE0Mi00LmpwZz48L2NlbnRlcj48dGQ+PHNwYW4gY2xhc3M9aXRlbV9kZXNjPjxpbWcgc3JjPWh0dHA6Ly9pbWFnZS5yYWt1dGVuLmNvLmpwL216bmV0L2NhYmluZXQvdG9wL2l0ZW0taW5mby5qcGcgd2lkdGg9NTUwIGhlaWdodD0zMyBib3JkZXI9MD48YnI+PHRhYmxlIGJvcmRlcj0wIHdpZHRoPTU1MCBjZWxscGFkZGluZz0wIGNlbGxzcGFjaW5nPTAgY2xhc3M9d2s+PHRib2R5Pjx0cj48dGQ+PHRhYmxlIGJvcmRlcj0xIHdpZHRoPTEwMCUgY2VsbHBhZGRpbmc9NSBjZWxsc3BhY2luZz0xIHN0eWxlPWZvbnQtc2l6ZToxMnB4Oz48dGJvZHk+PHRyPjx0ZCB3aWR0aD0yMCUgYmdjb2xvcj0jY2NjY2NjIGFsaWduPWNlbnRlcj7JzMa3w/s8L3RkPjx0ZCB3aWR0aD04MCUgYmdjb2xvcj0jZmZmZmZmIGFsaWduPWxlZnQ+paKlr6W3peel86WrpeGl6dPDIKXYpcOlyaXepaal86XIIKXYpcOlyaXQpfOlySDWsb62vHM0MGNtpN6kx7/JL73HtsjVe9X7PGJyPqS6pOy3wNa5L9fU3J7chy+l0KWkpa8vpbWlpKWvpeql86WwL6XEqWCl6qXzpbAvU1BPUlRTIENBTS+l2KXrpeGlw6XIPC90ZD48L3RyPjx0cj48dGQgd2lkdGg9MjAlIGJnY29sb3I9I2NjY2NjYyBhbGlnbj1jZW50ZXI+yczGt9Vow/c8L3RkPjx0ZCB3aWR0aD04MCUgYmdjb2xvcj0jZmZmZmZmIGFsaWduPWxlZnQ+o6rWsb62vHM0MGNtpN6kx6TOpdil66XhpcOlyKTLyKGk6ri2pLG/ycTcpMql6aXQqWCl0KXzpcnKvaXWpemlsaXDpcihozxicj48YnI+o6rWsb3T7l6yv6TL17DXxaTiv8nE3KTHpLmhozxicj48YnI+o6pTUE9SVFMgQ0FNuLbK9LK/xrfKudPDpMfIoaTquLaksb3HtsjX1NTaoaM8YnI+PGJyPqOqpLqk7LfA1rm807mkpMfKudPD1tCky6WrpeGl6aSshNOkraTepLuk86GjPGJyPjxicj48L3RkPjwvdHI+PHRyPjx0ZCB3aWR0aD0yMCUgYmdjb2xvcj0jY2NjY2NjIGFsaWduPWNlbnRlcj7JzMa3xNrI3TwvdGQ+PHRkIHdpZHRoPTgwJSBiZ2NvbG9yPSNmZmZmZmYgYWxpZ249bGVmdD6h9iBTUE9SVFMgQ0FNjJ/Tw6XYpcOlyaXepaal86XIpdal6aWxpcOlyDwvdGQ+PC90cj48dHI+PHRkIHdpZHRoPTIwJSBiZ2NvbG9yPSNjY2NjY2MgYWxpZ249Y2VudGVyPsnMxrfUlLyaPC90ZD48dGQgd2lkdGg9ODAlIGJnY29sb3I9I2ZmZmZmZiBhbGlnbj1sZWZ0PqH2IKW1paSluqO6pdWl6qlgPGJyPqH2ILLE2Xyjupjk1qwvpeml0KlgPGJyPqH2IKXQpfOlyelMpLWjutfu6Uy8czQwY208YnI+ofYgjJ2P6qW4peelpKXzpcijulNQT1JUUyBDQU2Mn9PDpdal6aWxpcOlyDwvdGQ+PC90cj48dHI+PHRkIHdpZHRoPTIwJSBiZ2NvbG9yPSNjY2NjY2MgYWxpZ249Y2VudGVyPtei0uLKwu2XPC90ZD48dGQgd2lkdGg9ODAlIGJnY29sb3I9I2ZmZmZmZiBhbGlnbj1sZWZ0PqH2ILG+0XXGt6TPob5TUE9SVFMgQ0FNob+Mn9PDpMikyqTqpN6kuaGjy/vJ59F1xrekyKTOu6WTUdDUoaLIoaTquLaksaTPsaPUXtbCpLek3qS7pPOhozxicj6h9iCl1aXrpdWlp6Wkpbm1yLTzpK2k4aTOpdil66XhpcOlyKTLpM/IoaTquLaksbP2wLSkyqSkiPa6z6SspLSktqSkpN6kuaGjPGJyPqH2ILLE2XykzszY0NTJz9axvdO8oaTLtKWk7KTrpMikq6TWpOyk8tL9pK3G8KSzpLmI9rrPpKyktKS2pKSk3qS5oaOkvaTOiPa6z8Ox19Ok5KW/paql66Tyz8Kky46GpKSkxqSrpOnXxdPDpLekxs/CpLWkpKGjPGJyPqH2ILHYpLrN0cLkt8DWuaXvpaSl5KlgpPKktMq508PPwqS1pKShozxicj6h9iCl0KXzpcmk8t9tx9CkyulMpLWky9V7uZ2kt6TGpKuk6dfF08Okt6TGz8KktaSkoaM8YnI+ofYgpdCl86XJpM6+hqTh316krqTLpOik66SmpMPRqrXIpMuktNei0uLPwqS1pKShozxicj6h9iCktNmPyOvh4aTO0M7XtN9gpKSkx6TOt7XGt6TPjJ2P6qS3pMakqqTqpN6ku6TzoaM8YnI+ofYg3ZTI68a3pMukxKStgvuk5KW5peykyqTJpKykoqTriPa6z6SspLSktqSkpN6kuaGjpLTBy7PQz8KktaSkoaM8YnI+ofYgsb6lpqWnpdaltaWkpciky5L33WSktaTspMakpKTryczGt6TOyaukyIxn60ikzsnMxrekzsmrpMikz6GiPGJyPqS0yrnTw6S1pOyk66Xipculv6lgpN6kv6TPpeKly6W/qWCkztRPtqikzt9gpKS1yKTLpOik6qGiPGJyPs/g32CkrKSipOuI9rrPpKykoqTqpN6kuaGjPC90ZD48L3RyPjx0cj48dGQgd2lkdGg9MjAlIGJnY29sb3I9I2NjY2NjYyBhbGlnbj1jZW50ZXI+saPUXqTO09CfbzwvdGQ+PHRkIHdpZHRoPTgwJSBiZ2NvbG9yPSNmZmZmZmYgYWxpZ249bGVmdD6h9rGj1F6kz6S0pLakpKTepLuk86GjPGJyPqH2yczGt7P1xtqyu8G8pM6k38nMxre1vdfF4eE3yNXS1MTajJ2P6qS1pLukxqSkpL+kwKStpN6kuaGjPGJyPqH2pKq/zZiUtry6z6THpM63tca3pM/LzcHPoaKkvaTOy/vK1sr9wc+k8qS02JO1o6SkpL+kwKStpN6kuaGjPC90ZD48L3RyPjwvdGQ+CjwvdHI+CjwvdGJvZHk+CjwvdGFibGU+CjwvdGQ+CjwvdHI+CjwvdGJvZHk+CjwvdGFibGU+PC9DRU5URVI+PGJyPjxicj5byKvJzMa3XVtKQU46IF08aW1nIHNyYz1odHRwOi8vaW1hZ2UucmFrdXRlbi5jby5qcC9tem5ldC9jYWJpbmV0L3RvcC9pcW9zMy5qcGc+PGJyPgo8YnI+CjxCPiCh/LWxteqMn8r0uO/CmsjLpKzKy8nPpLKkv9LdxrehobXa0ruPjiBpUU9TpbGpYKW5PyA8L0I+IAo8YnI+Cgo8aW1nIHNyYz0iaHR0cDovL2ltYWdlLnJha3V0ZW4uY28uanAvbXpuZXQvY2FiaW5ldC90b3AvMjAxNi1vbW9jeWEuanBnIiB3aWR0aD0xMDAlPjxicj4KPEI+IKH8pKrX05iUpOCksaTOpKqk4qTBpOOk4py63WQ/ICA8L0I+Cjxicj4KPGJyPgo8aW1nIHNyYz1odHRwOi8vaW1hZ2UucmFrdXRlbi5jby5qcC9tem5ldC9jYWJpbmV0L3RvcC9raW50b3JlMDEuanBnPjxicj4KPGJyPgo8Qj4gobogvfHE6qTOz8Sky6TepMDpZ6TLus+kpqOhIKG7IDwvQj4KPGJyPgo8YnI+CjxpbWcgc3JjPWh0dHA6Ly9pbWFnZS5yYWt1dGVuLmNvLmpwL216bmV0L2NhYmluZXQvdG9wL2hlYWRzZXRfYmFubmVyLmpwZz48YnI+Cjxicj4KPEI+IKG6ILbgmUPE3KXYpcOlyaW7pcOlyKW3peqpYKW6pM+ks6TBpOk/ICChuyA8L0I+Cjxicj4KPGJyPgo8aW1nIHNyYz1odHRwOi8vaW1hZ2UucmFrdXRlbi5jby5qcC9tem5ldC9jYWJpbmV0L3RvcC9jaHI3NTAuanBnPjxicj4KPGJyPgo8Qj4gobogQy1IUiCMn9PDpauluaW/peCl0algpcS+QaGpyOu6yaOhIKG7IDwvQj4KPGJyPgo8aW1nIHNyYz1odHRwOi8vaW1hZ2UucmFrdXRlbi5jby5qcC9tem5ldC9jYWJpbmV0L3RvcC9jMjdzZXJlbmEuanBnPjxicj4KPGJyPgo8Qj4gofzQwtDNIEMyNyBTRVJFTkEgIKW7peylyoyf08Ol0algpcTYnInT6V/KvCA/oaE8L0I+Cjxicj4KPCEtLUdvUVN5c3RlbaXppfOlraXzpbDX1ITTuPzQwqXEqWCl66XvpaSlyS0tPgo8dGFibGUgYWxpZ249ImNlbnRlciIgd2lkdGg9IjYwMCIgYm9yZGVyPSIwIiBjZWxscGFkZGluZz0iMCIgY2VsbHNwYWNpbmc9IjAiIGJnY29sb3I9IiNGRkZGRkYiPgo8dHI+Cjx0ZD4KPHRhYmxlIGFsaWduPSJjZW50ZXIiIHdpZHRoPSI2MDAiIGJvcmRlcj0iMCIgY2VsbHBhZGRpbmc9IjAiIGNlbGxzcGFjaW5nPSIwIiBiZ2NvbG9yPSIjRkZGRkZGIj4KPHRyPgo8dGQgYWxpZ249ImNlbnRlciIgdmFsaWduPSJib3R0b20iIGJnY29sb3I9IiNjY2NjY2MiPjxpbWcgc3JjPSJodHRwczovL3d3dy5yYWt1dGVuLm5lLmpwL2dvbGQvbXpuZXQvZ29xc3lzdGVtLzYwMHJhbmtpbmd0aXRlbC5naWYiIHdpZHRoPSI2MDAiIC8+PC90ZD4KPC90cj4KPC90YWJsZT4KPHRhYmxlIGFsaWduPSJjZW50ZXIiIHdpZHRoPSI1OTYiIGJvcmRlcj0iMCIgY2VsbHBhZGRpbmc9IjAiIGNlbGxzcGFjaW5nPSIwIiBiZ2NvbG9yPSIjQ0NDQ0NDIiBzdHlsZT0iYm9yZGVyLWxlZnQ6c29saWQ7Ym9yZGVyLWxlZnQtd2lkdGg6MXB4O2JvcmRlci1yaWdodDpzb2xpZDtib3JkZXItcmlnaHQtd2lkdGg6MXB4O2JvcmRlci1ib3R0b206c29saWQ7Ym9yZGVyLWJvdHRvbS13aWR0aDoxcHg7Ym9yZGVyLWNvbG9yOiNDQ0NDQ0M7Ij4KPHRyPgo8dGQgYWxpZ249ImNlbnRlciIgYmdjb2xvcj0iI0ZGRkZGRiI+CjxkaXYgY2xhc3M9Imlmcm0tY29udGFpbmVyIiBzdHlsZT0id2lkdGg6NTk4cHg7aGVpZ2h0OjQ2MHB4O292ZXJmbG93OmF1dG87LXdlYmtpdC1vdmVyZmxvdy1zY3JvbGxpbmc6dG91Y2g7Ij4KCjwvZGl2Pgo8L3RkPgo8L3RyPgo8dHI+Cjx0ZCBhbGlnbj0icmlnaHQiIGJnY29sb3I9IiNGRkZGRkYiIHN0eWxlPSJwYWRkaW5nOjJweDsiPgo8aW1nIHNyYz0iaHR0cHM6Ly93d3cucmFrdXRlbi5uZS5qcC9nb2xkL216bmV0L2dvcXN5c3RlbS9wb3dlcmVkX2J5X2Jhbm5lci5naWYiIHdpZHRoPSIxMjUiIC8+CjwvdGQ+CjwvdHI+CjwvdGFibGU+CjwvdGQ+CjwvdHI+CjwvdGFibGU+CjwhLS1Hb1FTeXN0ZW2l6aXzpa2l86Ww19SE07j80MKlxKlgpeul76WkpcktLT4=,paKlr6W3peel86WrpeGl6dPDIKXYpcOlyaXepaal86XIIKXYpcOlyaXQpfOlySDWsb62vHM0MGNtpN6kx7/JL73HtsjVe9X7IKS6pOy3wNa5L9fU3J7chy+l0KWkpa8vpbWlpKWvpeql86WwL6XEqWCl6qXzpbAvU1BPUlRTIENBTS+l2KXrpeGlw6XIL184MzE0MqGhob5QMDhBcHIxNqG/o7qjzSZyc3F1bzuj+qPOo+Wj9A==,paKlr6W3peel86WrpeGl6dPDIKXYpcOlyaXepaal86XIIKXYpcOlyaXQpfOlySDWsb62vHM0MGNtpN6kx7/JL73HtsjVe9X7IKS6pOy3wNa5L9fU3J7chy+l0KWkpa8vpbWlpKWvpeql86WwL6XEqWCl6qXzpbAvU1BPUlRTIENBTS+l2KXrpeGlw6XIL184MzE0MqGhob5QMDhBcHIxNqG/,ob6koqS5mFOMnY/qob8gob7GvcjVMTWVcqTepMcvvLTI1bBry82hvyChvrWxyNWwa8vNob+ho6Wipa+lt6XnpfOlq6XhpenTwyCl2KXDpcml3qWmpfOlyCCl2KXDpcml0KXzpckg1rG+trxzNDBjbaTepMe/yS+9x7bI1XvV+yCkuqTst8DWuS/X1Nye3IcvpdClpKWvL6W1paSlr6XqpfOlsC+lxKlgpeql86WwL1NQT1JUUyBDQU0vpdil66XhpcOlyC9fODMxNDKhoaG+UDA4QXByMTahvw==[rn]
33-14423,aHR0cDovL3RzaG9wLnIxMHMuanAvdGhpbmtyaWNoL2NhYmluZXQvMDU0Mjk1ODAvc2owNjAyNC5qcGc/Zml0aW49NzAwOjcwMA==,MjkyOC4wMDAw,,VFY/paqpYKXHpaOlqj+lq6XhpekgPiClq6Xhpek/pdOlx6Wqpaul4aXpP7ni0aeZQ8b3ID4gpdOlx6Wqpaul4aXp,obbLzcHPn2/Bz6G3U09OWSBBS0EtTUNQMSClvaXLqWAgTUOl16Xtpcalr6W/qWAgQUtBLU1DUDEgpaKlr6W7pbWl6qlgIKG+U0owNjAyNKG/,yNWxvsirufrLzcHPn2/Bzw==,PGltZyBzcmM9Imh0dHA6Ly9pbWFnZS5yYWt1dGVuLmNvLmpwL3RoaW5rcmljaC9jYWJpbmV0LzA1MzE5NTg0L2xhc3QyLmpwZyI+PGJyPjxicj4KCjxpbWcgc3JjPSJodHRwOi8vaW1hZ2UucmFrdXRlbi5jby5qcC90aGlua3JpY2gvY2FiaW5ldC8wNTQyOTU4MC9zajA2MDI0LmpwZyI+PGJyPjxicj4KCgqh9k1Dpdel7aXGpa+lv6lgPGJyPgqh9kFSpbOpYKXIkvHTw6THoaKPiqSkueKkrLWxpL+k66W3qWCl86THpOK3tMnkpOSltKlgpbmlyKTKpMmk8rXNnHCkt6Giu63ZfKTYpM7TsO2RpPLX7tChz96ky9LWpKik3qS5oaM8YnI+CqH2k9zLrj+T3NPNpbOpYKXIkvHTw6THy66k5NPNpPKPjqStpOSkuaSvoaKbQaTspKy4ttfFpLekxqTiuoaFZ6TLysOkrcihpOuks6TIpKykx6StpN6kuaGjPGJyPgqh9suupLek1qStpKykq6SrpOult6lgpfOk5NPqzOyVcqTOtOnTsKTHhL+5+6TysGuTXaS3pN6kuaGj,obbLzcHPn2/Bz6G3U09OWSBBS0EtTUNQMSClvaXLqWAgTUOl16Xtpcalr6W/qWAgQUtBLU1DUDEgpaKlr6W7pbWl6qlgIKG+U0owNjAyNKG/o7pUSElOSyBSSUNIIFNUT1JF,obbLzcHPn2/Bz6G3U09OWSBBS0EtTUNQMSClvaXLqWAgTUOl16Xtpcalr6W/qWAgQUtBLU1DUDEgpaKlr6W7pbWl6qlgIKG+U0owNjAyNKG/,yNWxvsirufrLzcHPn2/Bz6GjobbLzcHPn2/Bz6G3U09OWSBBS0EtTUNQMSClvaXLqWAgTUOl16Xtpcalr6W/qWAgQUtBLU1DUDEgpaKlr6W7pbWl6qlgIKG+U0owNjAyNKG/[rn]
33-14424,aHR0cDovL3RzaG9wLnIxMHMuanAvdGhpbmtyaWNoL2NhYmluZXQvMDU0Mjk1ODAvc2swNDMzNi5qcGc/Zml0aW49NzAwOjcwMA==,MjEzNC40MDAw,,VFY/paqpYKXHpaOlqj+lq6XhpekgPiClq6Xhpek/pdOlx6Wqpaul4aXpP7ni0aeZQ8b3ID4gpdOlx6Wqpaul4aXp,obbLzcHPn2/Bz6G3U09OWSBWQ1QtSFNNMSCl2KXrpeGlw6XIIKW1paSlyaXepaal86XIIKW9pcupYCBWQ1RIU00xoaGlx6W4pb+l60hEIKXTpcelqqWrpeGl6SCl7KWzqWClwKlgIKWipa+lt6XnpfOlq6XgIKWipa+lu6W1peqpYCChvlNLMDQzMzahvw==,yNWxvsirufrLzcHPn2/Bzw==,SkFOoaE0NTQ4NzM2MDA1MTY3PGltZyBzcmM9Imh0dHA6Ly9pbWFnZS5yYWt1dGVuLmNvLmpwL3RoaW5rcmljaC9jYWJpbmV0LzA1MzE5NTg0L2xhc3QyLmpwZyI+PGJyPjxicj4KCjxpbWcgc3JjPSJodHRwOi8vaW1hZ2UucmFrdXRlbi5jby5qcC90aGlua3JpY2gvY2FiaW5ldC8wNTQyOTU4MC9zazA0MzM2LmpwZyI+PGJyPjxicj4KCgo8YnI+CqG+IKXYpeul4aXDpcikzoLIw+aky9ew18Wkt6TGpaul4aXppPKa3aTLpLukurTp07Ckx6StpOsgob88YnI+CqXYpeul4aXDpcikzoLIw+aky6GipaKlr6W3peel86WrpeCk8qS5pMOkraTqpMjXsNfFoaPpTJVy6Wekztew18Wk5LykpLekpKWipa+lt6XnpfPW0KTHpOKlq6XhpemkrJrdpMukyqTppLqky7Tp07Ckx6StpN6kuaGjPGJyPjxicj4KCqG+pcGl66XIP6XtqWCl66TOMt1TpMfVe9X7pKy/ycTcIKG/PGJyPgqlwaXrpcikyKXtqWCl66TOMt1TpMfVe9X7pMekraTrpM6kx6Giy7ykpKTJpKqk6qTOpaKl86Wwpeukx7Tp07Ckx6StpN6kuaGjPGJyPjxicj4KCqH2oaHKy6GhmJShoaH2PGJyPgqMnY/qmUO3TiA6IEZEUi1YMTAwMFY/SERSLUFTMjAwVj9IRFItQVoxP0hEUi1BUzEwMFY/SERSLUFTMzBWP0hEUi1BUzE1Vjxicj48YnI+Cgq909fFpd6lpqXzpcg8YnI+CrTzpK2ktaO6vHMgt/k1M21tocG436S1MTUuNW1tocGwwtDQNTguNW1tPGJyPgrZfMG/o7q8czE2Zzxicj48YnI+Cgq9x7bI1XvV+6XZqWCluTxicj4KtPOkraS1o7q8cyC3+TU2bW2hwbjfpLU2N21tocGwwtDQNDZtbTxicj4K2XzBv6O6vHMzOGc8YnI+,obbLzcHPn2/Bz6G3U09OWSBWQ1QtSFNNMSCl2KXrpeGlw6XIIKW1paSlyaXepaal86XIIKW9pcupYCBWQ1RIU00xoaGlx6W4pb+l60hEIKXTpcelqqWrpeGl6SCl7KWzqWClwKlgIKWipa+lt6XnpfOlq6XgIKWipa+lu6W1peqpYCChvlNLMDQzMzahv6O6VEhJTksgUklDSCBTVE9SRQ==,obbLzcHPn2/Bz6G3U09OWSBWQ1QtSFNNMSCl2KXrpeGlw6XIIKW1paSlyaXepaal86XIIKW9pcupYCBWQ1RIU00xoaGlx6W4pb+l60hEIKXTpcelqqWrpeGl6SCl7KWzqWClwKlgIKWipa+lt6XnpfOlq6XgIKWipa+lu6W1peqpYCChvlNLMDQzMzahvw==,yNWxvsirufrLzcHPn2/Bz6GjobbLzcHPn2/Bz6G3U09OWSBWQ1QtSFNNMSCl2KXrpeGlw6XIIKW1paSlyaXepaal86XIIKW9pcupYCBWQ1RIU00xoaGlx6W4pb+l60hEIKXTpcelqqWrpeGl6SCl7KWzqWClwKlgIKWipa+lt6XnpfOlq6XgIKWipa+lu6W1peqpYCChvlNLMDQzMzahvw==[rn]
33-14425,aHR0cDovL3RzaG9wLnIxMHMuanAvdGhpbmtyaWNoL2NhYmluZXQvMDU0Mjk1ODAvc2swMTA4NS5qcGc/Zml0aW49NzAwOjcwMA==,MjUxOC40MDAw,,VFY/paqpYKXHpaOlqj+lq6XhpekgPiClq6Xhpek/pdOlx6Wqpaul4aXpP7ni0aeZQ8b3ID4gpdOlx6Wqpaul4aXp,obbLzcHPn2/Bz6G3U09OWSBBS0EtQ0FQMSClvaXLqWAgpaKlr6W3peel86WrpeDTw6Ghpa2l46XDpdelr6XqpcOl1yCl06XHpaqlq6Xhpeml7KWzqWClwKlgIKWipa+lu6W1peqpYCChvlNLMDEwODWhvw==,yNWxvsirufrLzcHPn2/Bzw==,PGltZyBzcmM9Imh0dHA6Ly9pbWFnZS5yYWt1dGVuLmNvLmpwL3RoaW5rcmljaC9jYWJpbmV0LzA1MzE5NTg0L2xhc3QyLmpwZyI+PGJyPjxicj48aW1nIHNyYz0iaHR0cDovL2ltYWdlLnJha3V0ZW4uY28uanAvdGhpbmtyaWNoL2NhYmluZXQvMDU0Mjk1ODAvc2swMTA4NS5qcGciPiA8YnI+PGJyPqHxU09OWaXHpbilv6XrpdOlx6Wqpaul4aXpIKWipa+lt6XnpfOlq6Xg08OlraXjpcOl16Wvpeqlw6XXPGJyPqHxwsPQ0KTktcfJvaTKpMmkx6Gipa2l46XDpdeky9CupOCkwKSxpMfEv76A07PP8aTytOnTsL/JxNw8YnI+PGJyPqH2oaHKy6GhmJShoaH2PGJyPrTzpK2ktaO6t/k1Mi42bW2hwbjfpLU2MS4xbW2hwbDC0NA1MC41bW08YnI+2XzBv6O6NTNnPGJyPqWvpeqlw6XXjJ2P6rrxpN+jutfutPM4bW08YnI+PGJyPqH2oaGMnY/qmUO3TqGhofY8YnI+SERSLUFTNTChokZEUi1YMTAwMFahokhEUi1BUzIwMFahokhEUi1BWjGhokhEUi1BUzEwMFahokhEUi1BUzMwVqGiSERSLUFTMTU=,obbLzcHPn2/Bz6G3U09OWSBBS0EtQ0FQMSClvaXLqWAgpaKlr6W3peel86WrpeDTw6Ghpa2l46XDpdelr6XqpcOl1yCl06XHpaqlq6Xhpeml7KWzqWClwKlgIKWipa+lu6W1peqpYCChvlNLMDEwODWhv6O6VEhJTksgUklDSCBTVE9SRQ==,obbLzcHPn2/Bz6G3U09OWSBBS0EtQ0FQMSClvaXLqWAgpaKlr6W3peel86WrpeDTw6Ghpa2l46XDpdelr6XqpcOl1yCl06XHpaqlq6Xhpeml7KWzqWClwKlgIKWipa+lu6W1peqpYCChvlNLMDEwODWhvw==,yNWxvsirufrLzcHPn2/Bz6GjobbLzcHPn2/Bz6G3U09OWSBBS0EtQ0FQMSClvaXLqWAgpaKlr6W3peel86WrpeDTw6Ghpa2l46XDpdelr6XqpcOl1yCl06XHpaqlq6Xhpeml7KWzqWClwKlgIKWipa+lu6W1peqpYCChvlNLMDEwODWhvw==[rn]
33-14426,aHR0cDovL3RzaG9wLnIxMHMuanAvdGhpbmtyaWNoL2NhYmluZXQvMDUyODc2ODUvc2swNjAyMy5qcGc/Zml0aW49NzAwOjcwMA==,MjExMC40MDAw,,VFY/paqpYKXHpaOlqj+lq6XhpekgPiClq6Xhpek/pdOlx6Wqpaul4aXpP7ni0aeZQ8b3ID4gpdOlx6Wqpaul4aXp,obbLzcHPn2/Bz6G3U09OWSBBS0EtRkdQMSClvaXLqWAgpdWlo6XzpaypYKWwpeqlw6XXIKWipa+lt6XnpfOlq6XgIKWipa+lu6W1peqpYCChvlNLMDYwMjOhvw==,yNWxvsirufrLzcHPn2/Bzw==,PGltZyBzcmM9Imh0dHA6Ly9pbWFnZS5yYWt1dGVuLmNvLmpwL3RoaW5rcmljaC9jYWJpbmV0LzA1MzE5NTg0L2xhc3QyLmpwZyI+PGJyPjxicj48aW1nIHNyYz0iaHR0cDovL2ltYWdlLnJha3V0ZW4uY28uanAvdGhpbmtyaWNoL2NhYmluZXQvMDUyODc2ODUvc2swNjAyMy5qcGciPiA8YnI+PGJyPqHxxqzK1qTHtOnTsL/JxNw8YnI+pemlpKXWpdOl5algpeql4qWzpfOkx7utvcek8rRf1Uqkt6TKpKyk6aGimJShqaTKpaKl86Wwpeukq6TpxqzK1rTp07CkrL/JxNykx6S5oaM8YnI+PGJyPqHxpeyl86W6pa2l46XDpdek8s2sl3k8YnI+pdWlo6XzpaypYKWwpeqlw6XXpPLXsNfFpLekv6TepN6lq6XQpfOky8jrpOykxqTipaKlr6W3peel86WrpeCkzqXspfOluqTygvukxKSxpOvQxMXkpKykoqTqpN6ku6TzoaM8YnI+PGJyPqH517DXxaTHpK2k66XppaSl1qXTpeWpYKXqpeKls6XzpM9STS1MVlIzo6hGRFItWDMwMDBSoaJIRFItQVMzMDBSoaJIRFItQVM1MFKky7i2yvSkzqXqpeKls6XzpM6k36THpLk8YnI+ofkgpaKlr6W3peel86WrpeCk5KXppaSl1qXTpeWpYKXqpeKls6XzpPLIoaTquLaksaS/17SRQqTHj4qkr9XxpOmkyqSkpMekr6TApLWkpKGjzeKk7KTriPa6z6SspKKk6qTepLk8YnI+PGJyPqH2oaGMnY/qmUO3TqGhofY8YnI+RkRSLVgzMDAwL1gzMDAwUjxicj5IRFItQVMzMDAvQVMzMDBSPGJyPkhEUi1BUzUwL0FTNTBSPGJyPg==,obbLzcHPn2/Bz6G3U09OWSBBS0EtRkdQMSClvaXLqWAgpdWlo6XzpaypYKWwpeqlw6XXIKWipa+lt6XnpfOlq6XgIKWipa+lu6W1peqpYCChvlNLMDYwMjOhv6O6VEhJTksgUklDSCBTVE9SRQ==,obbLzcHPn2/Bz6G3U09OWSBBS0EtRkdQMSClvaXLqWAgpdWlo6XzpaypYKWwpeqlw6XXIKWipa+lt6XnpfOlq6XgIKWipa+lu6W1peqpYCChvlNLMDYwMjOhvw==,yNWxvsirufrLzcHPn2/Bz6GjobbLzcHPn2/Bz6G3U09OWSBBS0EtRkdQMSClvaXLqWAgpdWlo6XzpaypYKWwpeqlw6XXIKWipa+lt6XnpfOlq6XgIKWipa+lu6W1peqpYCChvlNLMDYwMjOhvw==[rn]
33-14427,aHR0cDovL3RzaG9wLnIxMHMuanAvdGhpbmtyaWNoL2NhYmluZXQvMDUyODc2ODUvc2swMjQ2NC5qcGc/Zml0aW49NzAwOjcwMA==,OTExOC40MDAw,,VFY/paqpYKXHpaOlqj+lq6XhpekgPiClq6Xhpek/pdOlx6Wqpaul4aXpP7ni0aeZQ8b3ID4gpdOlx6Wqpaul4aXp,obbLzcHPn2/Bz6G3UGFuYXNvbmljIKXQpcOlxqXqqWCl0aXDpa8gVlctVkJUMzgwLUsgpdGlyqW9pculw6WvIKXTpcelqqWrpeGl6SBWVy1WQlQzODAgob5TSzAyNDY0ob8=,yNWxvsirufrLzcHPn2/Bzw==,PGltZyBzcmM9Imh0dHA6Ly9pbWFnZS5yYWt1dGVuLmNvLmpwL3RoaW5rcmljaC9jYWJpbmV0LzA1MzE5NTg0L2xhc3QyLmpwZyI+PGJyPjxicj48aW1nIHNyYz0iaHR0cDovL2ltYWdlLnJha3V0ZW4uY28uanAvdGhpbmtyaWNoL2NhYmluZXQvMDUyODc2ODUvc2swMjQ2NC5qcGciPiA8YnI+PGJyPqXqpcGlpqXgpaSlqqXzpdClw6XGpeqpYKXRpcOlryA8YnI+PGJyPqH2oaGMnY/qmUO3TqGhofY8YnI+V1hGOTkwTaGhoaFXWDk5ME2hoaGhVlg5ODBNPGJyPlc1ODBNoaGhoVY0ODBNoaGhoVdYLTk3ME08YnI+Vzg3ME2hoaGhVzU3ME2hoaGhVjM2ME08YnI+PGJyPjxicj6h9qGhysuhoZiUoaGh9jxicj7N4tDOtOe3qCC3+TMxLjGhwbjfpLU0MC44ocGwwtDQNDMuNG1tPGJyPrG+zOXZfMG/ILxzODRnPGJyPtRTyN3OwrbIIMq508OVcjowoeahqzQwoeY8YnI+saO05qO6o60xMKHmoas2MKHmPGJyPtRTyN3KqrbIIMq508OVcjowJaGrODAlPGJyPrGjtOajujAloas5MCU=,obbLzcHPn2/Bz6G3UGFuYXNvbmljIKXQpcOlxqXqqWCl0aXDpa8gVlctVkJUMzgwLUsgpdGlyqW9pculw6WvIKXTpcelqqWrpeGl6SBWVy1WQlQzODAgob5TSzAyNDY0ob+julRISU5LIFJJQ0ggU1RPUkU=,obbLzcHPn2/Bz6G3UGFuYXNvbmljIKXQpcOlxqXqqWCl0aXDpa8gVlctVkJUMzgwLUsgpdGlyqW9pculw6WvIKXTpcelqqWrpeGl6SBWVy1WQlQzODAgob5TSzAyNDY0ob8=,yNWxvsirufrLzcHPn2/Bz6GjobbLzcHPn2/Bz6G3UGFuYXNvbmljIKXQpcOlxqXqqWCl0aXDpa8gVlctVkJUMzgwLUsgpdGlyqW9pculw6WvIKXTpcelqqWrpeGl6SBWVy1WQlQzODAgob5TSzAyNDY0ob8=[rn]
33-14428,aHR0cDovL3RzaG9wLnIxMHMuanAvYmljY2FtZXJhL2NhYmluZXQvcHJvZHVjdC8wMDA5LzAwMDAwMDAxMzc3MTU1X2EwMS5qcGc/Zml0aW49NzAwOjcwMA==,NTMwNC4wMDAw,,VFY/paqpYKXHpaOlqj+lq6XhpekgPiClq6Xhpek/pdOlx6Wqpaul4aXpP7ni0aeZQ8b3ID4gpdOlx6Wqpaul4aXp,ob7LzcHPn2/Bz6G/IKWtpeSlzqXzoaFDQU5PTiCl0KXDpcal6qlgpdGlw6WvoaFCUC04MDhbQlA4MDhd,QXBwU3RvcmUvQW5kcm9pZE1hcmtldKTHpdOlw6WvmFPM7KTyl8rL9w==,PGJyIC8+PGEgaHJlZj0naHR0cDovL2l0ZW0ucmFrdXRlbi5jby5qcC9iaWNjYW1lcmEvYy8wMDAwMTI1MDcyLyNpdGVtc3RhcnQnIHRhcmdldD0nX2JsYW5rJz4gIDxpbWcgYWx0PSel6aXDpdSl86Ww1JS8micgYm9yZGVyPScwJyBzcmM9J2h0dHA6Ly9pbWFnZS5yYWt1dGVuLmNvLmpwL2JpY2NhbWVyYS9jYWJpbmV0L25zL2NvbW1vbi93cmFwcGluZy5naWYnJyAvPjwvYT48YnIgLz48IS0tIC0tPjxiPqG+jJ2P6plDt06hvzwvYj48QlI+SEYgTTMyoaJIRiBNMzGhokhGIFMyMaGiSEYgMjGhokhGIFMxMaGiSEYgMjChokhGIFMxMKGiRlMgMjGhokhHIDIxoaJGUyAxMDxkaXYgaWQ9J3NwMTUnPjx0YWJsZSBiZ2NvbG9yPScjRkZGRkZGJyBib3JkZXI9JzAnIGNlbGxwYWRkaW5nPScwJyBjZWxsc3BhY2luZz0nMic+PHRyPjx0ZCBjbGFzcz0nc3VidGl0bGUnIGNvbHNwYW49JzInPplDxNztl8S/PC90ZD48L3RyPjx0cj48dGQgY2xhc3M9J3N0aXRsZSc+sGuJ08Tq1MI8L3RkPjx0ZCBjbGFzcz0nc2RhdGEnPjIwMDgvMDQvz8LRrjwvdGQ+PC90cj48dHI+PHRkIGNsYXNzPSdzdGl0bGUnPrG+zOXW2MG/PC90ZD48dGQgY2xhc3M9J3NkYXRhJz40Nmc8L3RkPjwvdHI+PC90YWJsZT48L2Rpdj4=,ob7LzcHPn2/Bz6G/IKWtpeSlzqXzoaFDQU5PTiCl0KXDpcal6qlgpdGlw6WvoaFCUC04MDhbQlA4MDhdo7ql06XDpa+lq6XhpemYU8zsytCI9rXq,ob7LzcHPn2/Bz6G/IKWtpeSlzqXzoaFDQU5PTiCl0KXDpcal6qlgpdGlw6WvoaFCUC04MDhbQlA4MDhd,QXBwU3RvcmUvQW5kcm9pZE1hcmtldKTHpdOlw6WvmFPM7KTyl8rL96Gjob7LzcHPn2/Bz6G/IKWtpeSlzqXzoaFDQU5PTiCl0KXDpcal6qlgpdGlw6WvoaFCUC04MDhbQlA4MDhd[rn]
33-14429,aHR0cDovL3RzaG9wLnIxMHMuanAvYmljY2FtZXJhL2NhYmluZXQvcHJvZHVjdC8wMDAyLzAwMDAwMDAxMzcyNTcxX2EwMS5qcGc/Zml0aW49NzAwOjcwMA==,MjMyMC4wMDAw,,VFY/paqpYKXHpaOlqj+lq6XhpekgPiClq6Xhpek/pdOlx6Wqpaul4aXpP7ni0aeZQ8b3ID4gpdOlx6Wqpaul4aXp,pdGlyqW9pculw6WvIFZXLUxGMzdXLUsgpceluKW/peul06XHpaqlq6XhpekgRElHSUNBTdPDpdWlo6Xrpb+pYKWtpcOlyCBWVy1MRjM3Vy1LW1ZXTEYzN1dd,QXBwU3RvcmUvQW5kcm9pZE1hcmtldKTHpdOlw6WvmFPM7KTyl8rL9w==,PCEtLSAtLT5ORKXVpaOl66W/qWCkyE1Dpdel7aXGpa+lv6lgpM6lu6XDpcikx6S5ITxkaXYgaWQ9J3NwMTUnPjx0YWJsZSBiZ2NvbG9yPScjRkZGRkZGJyBib3JkZXI9JzAnIGNlbGxwYWRkaW5nPScwJyBjZWxsc3BhY2luZz0nMic+PHRyPjx0ZCBjbGFzcz0nc3VidGl0bGUnIGNvbHNwYW49JzInPplDxNztl8S/PC90ZD48L3RyPjx0cj48dGQgY2xhc3M9J3N0aXRsZSc+sGuJ08Tq1MI8L3RkPjx0ZCBjbGFzcz0nc2RhdGEnPjIwMDUvMDIvyc/RrjwvdGQ+PC90cj48dHI+PHRkIGNsYXNzPSdzdGl0bGUnPtPDzb48L3RkPjx0ZCBjbGFzcz0nc2RhdGEnPk5EpdWlo6Xrpb+pYKTITUOl16Xtpcalr6W/qWCkzqW7pcOlyDwvdGQ+PC90cj48L3RhYmxlPjwvZGl2Pg==,pdGlyqW9pculw6WvIFZXLUxGMzdXLUsgpceluKW/peul06XHpaqlq6XhpekgRElHSUNBTdPDpdWlo6Xrpb+pYKWtpcOlyCBWVy1MRjM3Vy1LW1ZXTEYzN1ddo7ql06XDpa+lq6XhpemYU8zsytCI9rXq,pdGlyqW9pculw6WvIFZXLUxGMzdXLUsgpceluKW/peul06XHpaqlq6XhpekgRElHSUNBTdPDpdWlo6Xrpb+pYKWtpcOlyCBWVy1MRjM3Vy1LW1ZXTEYzN1dd,QXBwU3RvcmUvQW5kcm9pZE1hcmtldKTHpdOlw6WvmFPM7KTyl8rL96GjpdGlyqW9pculw6WvIFZXLUxGMzdXLUsgpceluKW/peul06XHpaqlq6XhpekgRElHSUNBTdPDpdWlo6Xrpb+pYKWtpcOlyCBWVy1MRjM3Vy1LW1ZXTEYzN1dd[rn]
33-14430,aHR0cDovL3RzaG9wLnIxMHMuanAvYmljY2FtZXJhL2NhYmluZXQvcHJvZHVjdC8wMjMzLzAwMDAwMDAxNDk5MzM2X2EwMS5qcGc/Zml0aW49NzAwOjcwMA==,NzMzNS4yMDAw,,VFY/paqpYKXHpaOlqj+lq6XhpekgPiClq6Xhpek/pdOlx6Wqpaul4aXpP7ni0aeZQ8b3ID4gpdOlx6Wqpaul4aXp,ob7LzcHPn2/Bz6G/IKWtpeSlzqXzoaFDQU5PTiCl0KXDpcal6qlgpdGlw6WvoaFCUC03MjdbQlA3Mjdd,QXBwU3RvcmUvQW5kcm9pZE1hcmtldKTHpdOlw6WvmFPM7KTyl8rL9w==,PGJyIC8+PGEgaHJlZj0naHR0cDovL2l0ZW0ucmFrdXRlbi5jby5qcC9iaWNjYW1lcmEvYy8wMDAwMTI1MDcyLyNpdGVtc3RhcnQnIHRhcmdldD0nX2JsYW5rJz4gIDxpbWcgYWx0PSel6aXDpdSl86Ww1JS8micgYm9yZGVyPScwJyBzcmM9J2h0dHA6Ly9pbWFnZS5yYWt1dGVuLmNvLmpwL2JpY2NhbWVyYS9jYWJpbmV0L25zL2NvbW1vbi93cmFwcGluZy5naWYnJyAvPjwvYT48YnIgLz48IS0tIC0tPjxCPqG+jJ2P6plDt06hvzwvQj48QlI+SEYgUjYyoaJIRiBSNTKhokhGIFI0MqGiSEYgTTUyoaJIRiBNNTGhokhGIFIzMqGiSEYgUjMx,ob7LzcHPn2/Bz6G/IKWtpeSlzqXzoaFDQU5PTiCl0KXDpcal6qlgpdGlw6WvoaFCUC03MjdbQlA3Mjddo7ql06XDpa+lq6XhpemYU8zsytCI9rXq,ob7LzcHPn2/Bz6G/IKWtpeSlzqXzoaFDQU5PTiCl0KXDpcal6qlgpdGlw6WvoaFCUC03MjdbQlA3Mjdd,QXBwU3RvcmUvQW5kcm9pZE1hcmtldKTHpdOlw6WvmFPM7KTyl8rL96Gjob7LzcHPn2/Bz6G/IKWtpeSlzqXzoaFDQU5PTiCl0KXDpcal6qlgpdGlw6WvoaFCUC03MjdbQlA3Mjdd[rn]
33-14431,aHR0cDovL3RzaG9wLnIxMHMuanAvYmljY2FtZXJhL2NhYmluZXQvcHJvZHVjdC8wMTYwLzAwMDAwMDAxNDY0ODA3X2EwMS5qcGc/Zml0aW49NzAwOjcwMA==,NjExNy42MDAw,,VFY/paqpYKXHpaOlqj+lq6XhpekgPiClq6Xhpek/pdOlx6Wqpaul4aXpP7ni0aeZQ8b3ID4gpdOlx6Wqpaul4aXp,ob7LzcHPn2/Bz6G/IKXRpcqlvaXLpcOlryBWVy1TQkozIKXHpbilv6XrpdOlx6Wqpaul4aXp08OlvaXVpcil0KXDpbAgVlctU0JKM1tWV1NCSjNd,QXBwU3RvcmUvQW5kcm9pZE1hcmtldKTHpdOlw6WvmFPM7KTyl8rL9w==,PGJyIC8+PGEgaHJlZj0naHR0cDovL2l0ZW0ucmFrdXRlbi5jby5qcC9iaWNjYW1lcmEvYy8wMDAwMTI1MDcyLyNpdGVtc3RhcnQnIHRhcmdldD0nX2JsYW5rJz4gIDxpbWcgYWx0PSel6aXDpdSl86Ww1JS8micgYm9yZGVyPScwJyBzcmM9J2h0dHA6Ly9pbWFnZS5yYWt1dGVuLmNvLmpwL2JpY2NhbWVyYS9jYWJpbmV0L25zL2NvbW1vbi93cmFwcGluZy5naWYnJyAvPjwvYT48YnIgLz48IS0tIC0tPjxiPr3WmmmkraTLpNSkw6S/pOqkzqSqpLek46TspMqlsaOtpbmkx6S5ITwvYj48ZGl2IGlkPSdzcDE1Jz48dGFibGUgYmdjb2xvcj0nI0ZGRkZGRicgYm9yZGVyPScwJyBjZWxscGFkZGluZz0nMCcgY2VsbHNwYWNpbmc9JzInPjx0cj48dGQgY2xhc3M9J3N1YnRpdGxlJyBjb2xzcGFuPScyJz6ZQ8Tc7ZfEvzwvdGQ+PC90cj48dHI+PHRkIGNsYXNzPSdzdGl0bGUnPrG+zOWltaWkpbooSKHBV6HBRCkgbW08L3RkPjx0ZCBjbGFzcz0nc2RhdGEnPjIwMKHBMjgwocExNTA8L3RkPjwvdHI+PHRyPjx0ZCBjbGFzcz0nc3RpdGxlJz7Tw82+PC90ZD48dGQgY2xhc3M9J3NkYXRhJz6lvaXVpcil0KXDpa88L3RkPjwvdHI+PC90YWJsZT48L2Rpdj4=,ob7LzcHPn2/Bz6G/IKXRpcqlvaXLpcOlryBWVy1TQkozIKXHpbilv6XrpdOlx6Wqpaul4aXp08OlvaXVpcil0KXDpbAgVlctU0JKM1tWV1NCSjNdo7ql06XDpa+lq6XhpemYU8zsytCI9rXq,ob7LzcHPn2/Bz6G/IKXRpcqlvaXLpcOlryBWVy1TQkozIKXHpbilv6XrpdOlx6Wqpaul4aXp08OlvaXVpcil0KXDpbAgVlctU0JKM1tWV1NCSjNd,QXBwU3RvcmUvQW5kcm9pZE1hcmtldKTHpdOlw6WvmFPM7KTyl8rL96Gjob7LzcHPn2/Bz6G/IKXRpcqlvaXLpcOlryBWVy1TQkozIKXHpbilv6XrpdOlx6Wqpaul4aXp08OlvaXVpcil0KXDpbAgVlctU0JKM1tWV1NCSjNd[rn]
33-14432,aHR0cDovL3RzaG9wLnIxMHMuanAvYmljY2FtZXJhL2NhYmluZXQvcHJvZHVjdC8xNjQwLzAwMDAwMDAzMTA5MjM2X2EwMS5qcGc/Zml0aW49NzAwOjcwMA==,MTAxMC40MDAw,,VFY/paqpYKXHpaOlqj+lq6XhpekgPiClq6Xhpek/pdOlx6Wqpaul4aXpP7ni0aeZQ8b3ID4gpdOlx6Wqpaul4aXp,pail7KWzpeAgpceluKW/peul06XHpaqlq6XhpemlsalgpbmjqKXWpemlw6Wvo6mhoURWQi0wMTZCSw==,,PGJyIC8+PGEgaHJlZj0naHR0cDovL2l0ZW0ucmFrdXRlbi5jby5qcC9iaWNjYW1lcmEvYy8wMDAwMTI1MDcyLyNpdGVtc3RhcnQnIHRhcmdldD0nX2JsYW5rJz4gIDxpbWcgYWx0PSel6aXDpdSl86Ww1JS8micgYm9yZGVyPScwJyBzcmM9J2h0dHA6Ly9pbWFnZS5yYWt1dGVuLmNvLmpwL2JpY2NhbWVyYS9jYWJpbmV0L25zL2NvbW1vbi93cmFwcGluZy5naWYnJyAvPjwvYT48YnIgLz48IS0tIC0tPg==,pail7KWzpeAgpceluKW/peul06XHpaqlq6XhpemlsalgpbmjqKXWpemlw6Wvo6mhoURWQi0wMTZCS6O6pdOlw6Wvpaul4aXpmFPM7MrQiPa16g==,pail7KWzpeAgpceluKW/peul06XHpaqlq6XhpemlsalgpbmjqKXWpemlw6Wvo6mhoURWQi0wMTZCSw==,pail7KWzpeAgpceluKW/peul06XHpaqlq6XhpemlsalgpbmjqKXWpemlw6Wvo6mhoURWQi0wMTZCSw==[rn]
33-14433,aHR0cDovL3RzaG9wLnIxMHMuanAvYmljY2FtZXJhL2NhYmluZXQvcHJvZHVjdC8yNjMzLzAwMDAwMDAzMDQ0MTUzX2EwMS5qcGc/Zml0aW49NzAwOjcwMA==,MjE0Mi40MDAw,,VFY/paqpYKXHpaOlqj+lq6XhpekgPiClq6Xhpek/pdOlx6Wqpaul4aXpP7ni0aeZQ8b3ID4gpdOlx6Wqpaul4aXp,o8ejz6PCo9Kjz6PTo64gzvyxUMq9IFVGT6Wvpeml86XXpd6l86XIo6ilsKXqqWCl86OpoaFHQjAxMTU=,QXBwU3RvcmUvQW5kcm9pZE1hcmtldKTHpdOlw6WvmFPM7KTyl8rL9w==,PCEtLSAtLT5IZXJvMi8zLzMrjJ2P6qTOzvyxUMq9IFVGT6Wvpeml86XXpd6l86XIpMekuaGj,o8ejz6PCo9Kjz6PTo64gzvyxUMq9IFVGT6Wvpeml86XXpd6l86XIo6ilsKXqqWCl86OpoaFHQjAxMTWjuqXTpcOlr6WrpeGl6ZhTzOzK0Ij2teo=,o8ejz6PCo9Kjz6PTo64gzvyxUMq9IFVGT6Wvpeml86XXpd6l86XIo6ilsKXqqWCl86OpoaFHQjAxMTU=,QXBwU3RvcmUvQW5kcm9pZE1hcmtldKTHpdOlw6WvmFPM7KTyl8rL96Gjo8ejz6PCo9Kjz6PTo64gzvyxUMq9IFVGT6Wvpeml86XXpd6l86XIo6ilsKXqqWCl86OpoaFHQjAxMTU=[rn]
33-14434,aHR0cDovL3RzaG9wLnIxMHMuanAvYmljY2FtZXJhL2NhYmluZXQvcHJvZHVjdC8wNzM3LzAwMDAwMDAxNzkxNDUxX2EwMS5qcGc/Zml0aW49NzAwOjcwMA==,MjQxMC40MDAw,,VFY/paqpYKXHpaOlqj+lq6XhpekgPiClq6Xhpek/pdOlx6Wqpaul4aXpP7ni0aeZQ8b3ID4gpdOlx6Wqpaul4aXp,o8ejz6PQo9KjzyCl2algpbml3qWmpfOlyKGhxr3D5qOmpaupYKXWuPejs4KAICBBQUNGVC0wMDE=,QXBwU3RvcmUvQW5kcm9pZE1hcmtldKTHpdOlw6WvmFPM7KTyl8rL9w==,PCEtLSAtLT6h9EdvUHJvpaul4aXppPLGvcPmpN6kv6TPx/rD5qTLyKGk6ri2pLGk66S/pOGkztWz18XKvaXZqWCluaXepaal86XIpMekuaGjpcml6aWkpeSpYKTKpMmkx8WvpOGk66SzpMikx8ihpOrN4qS5pLOkyKSspMekraTepLmhozxCUj48QlI+ob6MnY/qmUO3TqG/PEJSPkhFUk8gpaql6qW4pcql66GiSEVSTzKhokhFUk8zoaJIRVJPMyuhokhFUk80oaJIRVJPNCBTZXNzaW9uoaJIRVJPoaJIRVJPKyBMQ0ShokhFUk8roaJIRVJPIFNlc3Npb26hokhFUk81IEJsYWNroaJIRVJPNSBTZXNzaW9u,o8ejz6PQo9KjzyCl2algpbml3qWmpfOlyKGhxr3D5qOmpaupYKXWuPejs4KAICBBQUNGVC0wMDGjuqXTpcOlr6WrpeGl6ZhTzOzK0Ij2teo=,o8ejz6PQo9KjzyCl2algpbml3qWmpfOlyKGhxr3D5qOmpaupYKXWuPejs4KAICBBQUNGVC0wMDE=,QXBwU3RvcmUvQW5kcm9pZE1hcmtldKTHpdOlw6WvmFPM7KTyl8rL96Gjo8ejz6PQo9KjzyCl2algpbml3qWmpfOlyKGhxr3D5qOmpaupYKXWuPejs4KAICBBQUNGVC0wMDE=[rn]
33-14435,aHR0cDovL3RzaG9wLnIxMHMuanAvYmljY2FtZXJhL2NhYmluZXQvcHJvZHVjdC8xNDY5LzAwMDAwMDAzMDQ0MTU4X2EwMS5qcGc/Zml0aW49NzAwOjcwMA==,MjE0Mi40MDAw,,VFY/paqpYKXHpaOlqj+lq6XhpekgPiClq6Xhpek/pdOlx6Wqpaul4aXpP7ni0aeZQ8b3ID4gpdOlx6Wqpaul4aXp,o8ejz6PCo9Kjz6PTo64gzvyxUMq9IFVGT6Wvpeml86XXpd6l86XIo6il1qXppcOlr6OpoaFHQjAxMTU=,QXBwU3RvcmUvQW5kcm9pZE1hcmtldKTHpdOlw6WvmFPM7KTyl8rL9w==,PCEtLSAtLT5IZXJvMi8zLzMrjJ2P6qTOzvyxUMq9IFVGT6Wvpeml86XXpd6l86XIpMekuaGj,o8ejz6PCo9Kjz6PTo64gzvyxUMq9IFVGT6Wvpeml86XXpd6l86XIo6il1qXppcOlr6OpoaFHQjAxMTWjuqXTpcOlr6WrpeGl6ZhTzOzK0Ij2teo=,o8ejz6PCo9Kjz6PTo64gzvyxUMq9IFVGT6Wvpeml86XXpd6l86XIo6il1qXppcOlr6OpoaFHQjAxMTU=,QXBwU3RvcmUvQW5kcm9pZE1hcmtldKTHpdOlw6WvmFPM7KTyl8rL96Gjo8ejz6PCo9Kjz6PTo64gzvyxUMq9IFVGT6Wvpeml86XXpd6l86XIo6il1qXppcOlr6OpoaFHQjAxMTU=[rn]
33-14436,aHR0cDovL3RzaG9wLnIxMHMuanAvYmljY2FtZXJhL2NhYmluZXQvcHJvZHVjdC8yNjMzLzAwMDAwMDAzMDQ0MTU0X2EwMS5qcGc/Zml0aW49NzAwOjcwMA==,MjE0Mi40MDAw,,VFY/paqpYKXHpaOlqj+lq6XhpekgPiClq6Xhpek/pdOlx6Wqpaul4aXpP7ni0aeZQ8b3ID4gpdOlx6Wqpaul4aXp,o8ejz6PCo9Kjz6PTo64gzvyxUMq9IFVGT6Wvpeml86XXpd6l86XIo6ilqqXspfOluKOpoaFHQjAxMTU=,QXBwU3RvcmUvQW5kcm9pZE1hcmtldKTHpdOlw6WvmFPM7KTyl8rL9w==,PCEtLSAtLT5IZXJvMi8zLzMrjJ2P6qTOzvyxUMq9IFVGT6Wvpeml86XXpd6l86XIpMekuaGj,o8ejz6PCo9Kjz6PTo64gzvyxUMq9IFVGT6Wvpeml86XXpd6l86XIo6ilqqXspfOluKOpoaFHQjAxMTWjuqXTpcOlr6WrpeGl6ZhTzOzK0Ij2teo=,o8ejz6PCo9Kjz6PTo64gzvyxUMq9IFVGT6Wvpeml86XXpd6l86XIo6ilqqXspfOluKOpoaFHQjAxMTU=,QXBwU3RvcmUvQW5kcm9pZE1hcmtldKTHpdOlw6WvmFPM7KTyl8rL96Gjo8ejz6PCo9Kjz6PTo64gzvyxUMq9IFVGT6Wvpeml86XXpd6l86XIo6ilqqXspfOluKOpoaFHQjAxMTU=[rn]
33-14437,aHR0cDovL3RzaG9wLnIxMHMuanAvYmljY2FtZXJhL2NhYmluZXQvcHJvZHVjdC8xNDY5LzAwMDAwMDAzMDQ0MTU3X2EwMS5qcGc/Zml0aW49NzAwOjcwMA==,MjE0Mi40MDAw,,VFY/paqpYKXHpaOlqj+lq6XhpekgPiClq6Xhpek/pdOlx6Wqpaul4aXpP7ni0aeZQ8b3ID4gpdOlx6Wqpaul4aXp,o8ejz6PCo9Kjz6PTo64gzvyxUMq9IFVGT6Wvpeml86XXpd6l86XIo6ilsKXsqWCjqaGhR0IwMTE1,QXBwU3RvcmUvQW5kcm9pZE1hcmtldKTHpdOlw6WvmFPM7KTyl8rL9w==,PCEtLSAtLT5IZXJvMi8zLzMrjJ2P6qTOzvyxUMq9IFVGT6Wvpeml86XXpd6l86XIpMekuaGj,o8ejz6PCo9Kjz6PTo64gzvyxUMq9IFVGT6Wvpeml86XXpd6l86XIo6ilsKXsqWCjqaGhR0IwMTE1o7ql06XDpa+lq6XhpemYU8zsytCI9rXq,o8ejz6PCo9Kjz6PTo64gzvyxUMq9IFVGT6Wvpeml86XXpd6l86XIo6ilsKXsqWCjqaGhR0IwMTE1,QXBwU3RvcmUvQW5kcm9pZE1hcmtldKTHpdOlw6WvmFPM7KTyl8rL96Gjo8ejz6PCo9Kjz6PTo64gzvyxUMq9IFVGT6Wvpeml86XXpd6l86XIo6ilsKXsqWCjqaGhR0IwMTE1[rn]
33-14438,aHR0cDovL3RzaG9wLnIxMHMuanAvYmljY2FtZXJhL2NhYmluZXQvcHJvZHVjdC8yNjMzLzAwMDAwMDAzMDQ0MTg4X2EwMS5qcGc/Zml0aW49NzAwOjcwMA==,MjE0Mi40MDAw,,VFY/paqpYKXHpaOlqj+lq6XhpekgPiClq6Xhpek/pdOlx6Wqpaul4aXpP7ni0aeZQ8b3ID4gpdOlx6Wqpaul4aXp,o8ejz6PCo9Kjz6PTo64gzvyxUMq9IFVGT6Wvpeml86XXpd6l86XIo6il0algpdel66OpoaFHQjAxMTU=,QXBwU3RvcmUvQW5kcm9pZE1hcmtldKTHpdOlw6WvmFPM7KTyl8rL9w==,PCEtLSAtLT5IZXJvMi8zLzMrjJ2P6qTOzvyxUMq9IFVGT6Wvpeml86XXpd6l86XIpMekuaGj,o8ejz6PCo9Kjz6PTo64gzvyxUMq9IFVGT6Wvpeml86XXpd6l86XIo6il0algpdel66OpoaFHQjAxMTWjuqXTpcOlr6WrpeGl6ZhTzOzK0Ij2teo=,o8ejz6PCo9Kjz6PTo64gzvyxUMq9IFVGT6Wvpeml86XXpd6l86XIo6il0algpdel66OpoaFHQjAxMTU=,QXBwU3RvcmUvQW5kcm9pZE1hcmtldKTHpdOlw6WvmFPM7KTyl8rL96Gjo8ejz6PCo9Kjz6PTo64gzvyxUMq9IFVGT6Wvpeml86XXpd6l86XIo6il0algpdel66OpoaFHQjAxMTU=[rn]
33-14439,aHR0cDovL3RzaG9wLnIxMHMuanAvYmljY2FtZXJhL2NhYmluZXQvcHJvZHVjdC8yNjMzLzAwMDAwMDAzMDQ0MTUxX2EwMS5qcGc/Zml0aW49NzAwOjcwMA==,MjE0Mi40MDAw,,VFY/paqpYKXHpaOlqj+lq6XhpekgPiClq6Xhpek/pdOlx6Wqpaul4aXpP7ni0aeZQ8b3ID4gpdOlx6Wqpaul4aXp,o8ejz6PCo9Kjz6PTo64gzvyxUMq9IFVGT6Wvpeml86XXpd6l86XIo6il1KXzpa+jqaGhR0IwMTE1,QXBwU3RvcmUvQW5kcm9pZE1hcmtldKTHpdOlw6WvmFPM7KTyl8rL9w==,PCEtLSAtLT5IZXJvMi8zLzMrjJ2P6qTOzvyxUMq9IFVGT6Wvpeml86XXpd6l86XIpMekuaGj,o8ejz6PCo9Kjz6PTo64gzvyxUMq9IFVGT6Wvpeml86XXpd6l86XIo6il1KXzpa+jqaGhR0IwMTE1o7ql06XDpa+lq6XhpemYU8zsytCI9rXq,o8ejz6PCo9Kjz6PTo64gzvyxUMq9IFVGT6Wvpeml86XXpd6l86XIo6il1KXzpa+jqaGhR0IwMTE1,QXBwU3RvcmUvQW5kcm9pZE1hcmtldKTHpdOlw6WvmFPM7KTyl8rL96Gjo8ejz6PCo9Kjz6PTo64gzvyxUMq9IFVGT6Wvpeml86XXpd6l86XIo6il1KXzpa+jqaGhR0IwMTE1[rn]
33-14440,aHR0cDovL3RzaG9wLnIxMHMuanAvYmljY2FtZXJhL2NhYmluZXQvcHJvZHVjdC8yNjMzLzAwMDAwMDAzMDQ0MTU2X2EwMS5qcGc/Zml0aW49NzAwOjcwMA==,MjE0Mi40MDAw,,VFY/paqpYKXHpaOlqj+lq6XhpekgPiClq6Xhpek/pdOlx6Wqpaul4aXpP7ni0aeZQ8b3ID4gpdOlx6Wqpaul4aXp,o8ejz6PCo9Kjz6PTo64gzvyxUMq9IFVGT6Wvpeml86XXpd6l86XIo6ilpKWope2pYKOpoaFHQjAxMTU=,QXBwU3RvcmUvQW5kcm9pZE1hcmtldKTHpdOlw6WvmFPM7KTyl8rL9w==,PCEtLSAtLT5IZXJvMi8zLzMrjJ2P6qTOzvyxUMq9IFVGT6Wvpeml86XXpd6l86XIpMekuaGj,o8ejz6PCo9Kjz6PTo64gzvyxUMq9IFVGT6Wvpeml86XXpd6l86XIo6ilpKWope2pYKOpoaFHQjAxMTWjuqXTpcOlr6WrpeGl6ZhTzOzK0Ij2teo=,o8ejz6PCo9Kjz6PTo64gzvyxUMq9IFVGT6Wvpeml86XXpd6l86XIo6ilpKWope2pYKOpoaFHQjAxMTU=,QXBwU3RvcmUvQW5kcm9pZE1hcmtldKTHpdOlw6WvmFPM7KTyl8rL96Gjo8ejz6PCo9Kjz6PTo64gzvyxUMq9IFVGT6Wvpeml86XXpd6l86XIo6ilpKWope2pYKOpoaFHQjAxMTU=[rn]
33-14441,aHR0cDovL3RzaG9wLnIxMHMuanAvYmljY2FtZXJhL2NhYmluZXQvcHJvZHVjdC8xNTQ4LzAwMDAwMDAxNjQ5NzQ3X2EwMS5qcGc/Zml0aW49NzAwOjcwMA==,NDEyOTkuMjAwMA==,,VFY/paqpYKXHpaOlqj+lq6XhpekgPiClq6Xhpek/pdOlx6Wqpaul4aXpP7ni0aeZQ8b3ID4gpaul4aXp08O9u5NRpeyl86W6,ob7LzcHPn2/Bz6G/IKXapfOlv6XDpa+luSCl6qWipbOl86XQqWClv6lgIEExLjShwS1M,QXBwU3RvcmUvQW5kcm9pZE1hcmtldKTHpdOlw6WvmFPM7KTyl8rL9w==,PGJyIC8+PGEgaHJlZj0naHR0cDovL2l0ZW0ucmFrdXRlbi5jby5qcC9iaWNjYW1lcmEvYy8wMDAwMTI1MDcyLyNpdGVtc3RhcnQnIHRhcmdldD0nX2JsYW5rJz4gIDxpbWcgYWx0PSel6aXDpdSl86Ww1JS8micgYm9yZGVyPScwJyBzcmM9J2h0dHA6Ly9pbWFnZS5yYWt1dGVuLmNvLmpwL2JpY2NhbWVyYS9jYWJpbmV0L25zL2NvbW1vbi93cmFwcGluZy5naWYnJyAvPjwvYT48YnIgLz48IS0tIC0tPkZBpbmlv6lgpMqkyaTOzfvfaD+zrM3732il7KXzpbrTw6WzpfOl0Klgpbel56Xzpeyl86W6oaPW96XspfOluqTOvbm1477g63ik8jEuNLG2pMuSiLTzpLmk66SzpMikrLP2wLSk3qS5oaPX7rbMtOnTsL7g63ik4jJtpM6k3qTepMehorG70LTM5aTytPPQtKS3pLmk66Wvpe2pYKW6paKlw6XXpKy/ycTcoaOkvaTOy/ukzplDxNykz1Olv6WkpdekyM2smJSkx6S5oaM8ZGl2IHN0eWxlPSd0ZXh0LWFsaWduOmNlbnRlcjsnPiAgICAgIDxpbWcgYWx0PSfpdt9CyczGt6TPpLOkwaTpJyBib3JkZXI9JzAnIHNyYz0naHR0cDovL2ltYWdlLnJha3V0ZW4uY28uanAvYmljY2FtZXJhL2NhYmluZXQvbnMvY29tbW9uL2thbnJlbi5naWYnIC8+ICA8L2Rpdj48ZGl2IGlkPSdzcDE1Jz48dGFibGUgYmdjb2xvcj0nI0ZGRkZGRicgYm9yZGVyPScwJyBjZWxscGFkZGluZz0nMCcgY2VsbHNwYWNpbmc9JzInPjx0cj48dGQgY2xhc3M9J3N1YnRpdGxlJyBjb2xzcGFuPScyJz6ZQ8Tc7ZfEvzwvdGQ+PC90cj48dHI+PHRkIGNsYXNzPSdzdGl0bGUnPrdO7pA8L3RkPjx0ZCBjbGFzcz0nc2RhdGEnPqWzpfOl0Klgpbil56Xzpeyl86W6PC90ZD48L3RyPjx0cj48dGQgY2xhc3M9J3N0aXRsZSc+pd6lpqXzpcg8L3RkPjx0ZCBjbGFzcz0nc2RhdGEnPqXapfOlv6XDpa+luTwvdGQ+PC90cj48L3RhYmxlPjwvZGl2Pg==,ob7LzcHPn2/Bz6G/IKXapfOlv6XDpa+luSCl6qWipbOl86XQqWClv6lgIEExLjQmdGltZXM7LUyjuqXTpcOlr6WrpeGl6ZhTzOzK0Ij2teo=,ob7LzcHPn2/Bz6G/IKXapfOlv6XDpa+luSCl6qWipbOl86XQqWClv6lgIEExLjQmdGltZXM7LUw=,QXBwU3RvcmUvQW5kcm9pZE1hcmtldKTHpdOlw6WvmFPM7KTyl8rL96Gjob7LzcHPn2/Bz6G/IKXapfOlv6XDpa+luSCl6qWipbOl86XQqWClv6lgIEExLjQmdGltZXM7LUw=[rn]
33-14442,aHR0cDovL3RzaG9wLnIxMHMuanAvYmljY2FtZXJhL2NhYmluZXQvcHJvZHVjdC8xMDg1LzAwMDAwMDAyMDA4MDAzX2EwMS5qcGc/Zml0aW49NzAwOjcwMA==,NDg4NTkuMjAwMA==,,VFY/paqpYKXHpaOlqj+lq6XhpekgPiClq6Xhpek/pdOlx6Wqpaul4aXpP7ni0aeZQ8b3ID4gpaul4aXp08O9u5NRpeyl86W6,ob7LzcHPn2/Bz6G/IKXLpbOl8yBBRi1TIFRFTEVDT05WRVJURVKhoVRDLTE0RSBJSUmhvsjVsb7RdaG/W1RDMTRFM10=,QXBwU3RvcmUvQW5kcm9pZE1hcmtldKTHpdOlw6WvmFPM7KTyl8rL9w==,PGJyIC8+PGEgaHJlZj0naHR0cDovL2l0ZW0ucmFrdXRlbi5jby5qcC9iaWNjYW1lcmEvYy8wMDAwMTI1MDcyLyNpdGVtc3RhcnQnIHRhcmdldD0nX2JsYW5rJz4gIDxpbWcgYWx0PSel6aXDpdSl86Ww1JS8micgYm9yZGVyPScwJyBzcmM9J2h0dHA6Ly9pbWFnZS5yYWt1dGVuLmNvLmpwL2JpY2NhbWVyYS9jYWJpbmV0L25zL2NvbW1vbi93cmFwcGluZy5naWYnJyAvPjwvYT48YnIgLz48IS0tIC0tPqH2QUYtU6XGpeyls6XzpdCpYKW/qWCkz0FGLVOl7KXzpbqkyKTO6Weky9ew18WkuaTrpLOkyKTHoaLW96XspfOluqTOvbm1477g63ik8jEuNLG2pMuSiLTzpLmk66Wipb+lw6XBpeGl86XIpeyl86W6pMekuaGjPEJSPjxCUj6h9rni0afQ1MTcpPLX7rTzz96ky9L9pK2z9qS50MLSjrni0afUT9OLpMehoqXepbmlv6lgpeyl86W6hWfM5aTLvfykpMPo0LTBpqTIoaJBRr6rtsikzs/yyc+k8oxnrEaho6TepL+hotb3peyl86W6pM6497dO0MW6xYG731+ky6TijJ2P6qS3pN6kuaGjPEJSPjxCUj6h9qS1pOmky6GipdWlw8vYpbOpYKXIpPKl7KXzpbqkztfux7DD5qSqpOik09fu4eHD5qTLkvHTw6S3pMakpKTrpL+k4aGim0Gk7KTky661zqSsuLbXxaS3pMukr6SvoaK4ttfFpLekv4j2us+kx6TiuoaFZ6TLs/3IpaS5pOuks6TIpKykx6StpN6kuaGjPEJSPjxCUj6h+UaCjqTPMbbOsLWkr6TKpOqk3qS5oaM8ZGl2IHN0eWxlPSd0ZXh0LWFsaWduOmNlbnRlcjsnPiAgICAgIDxpbWcgYWx0PSfpdt9CyczGt6TPpLOkwaTpJyBib3JkZXI9JzAnIHNyYz0naHR0cDovL2ltYWdlLnJha3V0ZW4uY28uanAvYmljY2FtZXJhL2NhYmluZXQvbnMvY29tbW9uL2thbnJlbi5naWYnIC8+ICA8L2Rpdj48ZGl2IGlkPSdzcDE1Jz48dGFibGUgYmdjb2xvcj0nI0ZGRkZGRicgYm9yZGVyPScwJyBjZWxscGFkZGluZz0nMCcgY2VsbHNwYWNpbmc9JzInPjx0cj48dGQgY2xhc3M9J3N1YnRpdGxlJyBjb2xzcGFuPScyJz6ZQ8Tc7ZfEvzwvdGQ+PC90cj48dHI+PHRkIGNsYXNzPSdzdGl0bGUnPtfutPO+tqHByKvpTDwvdGQ+PHRkIGNsYXNzPSdzZGF0YSc+vHM2NG1to6jX7rTzvrajqaHBMjQuNW1to6il0KXopc2lw6XIpd6lpqXzpci7+ZzKw+akzulnuPSjqTwvdGQ+PC90cj48dHI+PHRkIGNsYXNzPSdzdGl0bGUnPrG+zOXW2MG/PC90ZD48dGQgY2xhc3M9J3NkYXRhJz68czE5MGc8L3RkPjwvdHI+PHRyPjx0ZCBjbGFzcz0nc3RpdGxlJz6l3qWmpfOlyDwvdGQ+PHRkIGNsYXNzPSdzZGF0YSc+ob7HsILIob9BRi1Tpeyl86W6jJ/Tw6Xepaal86XIoaGhvuHhgsihv6XLpbOl80al3qWmpfOlyDwvdGQ+PC90cj48dHI+PHRkIGNsYXNzPSdzdGl0bGUnPqXspfOlupiLs8k8L3RkPjx0ZCBjbGFzcz0nc2RhdGEnPjTIujfDtqOopdWlw8vYpbOpYKXIpKKk6qOpPC90ZD48L3RyPjx0cj48dGQgY2xhc3M9J3N0aXRsZSc+uLbK9Ma3PC90ZD48dGQgY2xhc3M9J3NkYXRhJz6lvaXVpcilsalgpbkgQ0wtMDcxNaGipcal7KWzpfOl0Klgpb+pYKWtpeOlw6XXIEJGLTNCoaKl7KXzpbrRWaTWpL8gTEYtNDwvdGQ+PC90cj48dHI+PHRkIGNsYXNzPSdzdGl0bGUnPsrLmJQ8L3RkPjx0ZCBjbGFzcz0nc2RhdGEnPqG+vWek6re9yr2hv9fUhNO9Z6Tq30KE0zwvdGQ+PC90cj48dHI+PHRkIGNsYXNzPSdzdGl0bGUnPsrLmJQ8L3RkPjx0ZCBjbGFzcz0nc2RhdGEnPqG+nHm54re9yr2hv+lft8Wcebni30KE0zwvdGQ+PC90cj48dHI+PHRkIGNsYXNzPSdzdGl0bGUnPsrLmJQ8L3RkPjx0ZCBjbGFzcz0nc2RhdGEnPqG+1vel7KXzpbqkyL1NpN+6z6TvpLukv4j2us+hvz+9ubXjvuDreKO61vel7KXzpbqkzjEuNLG2oaE/tOnTsLG2wsqjutb3peyl86W6pM4xLjSxtqGhP7G70LS958nutsijutb3peyl86W6pM4xLzEuNLG2oaE/1+62zLTp07C+4Ot4o7rW96XspfOluqTIzazSuzwvdGQ+PC90cj48L3RhYmxlPjwvZGl2Pg==,ob7LzcHPn2/Bz6G/IKXLpbOl8yBBRi1TIFRFTEVDT05WRVJURVKhoVRDLTE0RSBJSUmhvsjVsb7RdaG/W1RDMTRFM12juqXTpcOlr6WrpeGl6ZhTzOzK0Ij2teo=,ob7LzcHPn2/Bz6G/IKXLpbOl8yBBRi1TIFRFTEVDT05WRVJURVKhoVRDLTE0RSBJSUmhvsjVsb7RdaG/W1RDMTRFM10=,QXBwU3RvcmUvQW5kcm9pZE1hcmtldKTHpdOlw6WvmFPM7KTyl8rL96Gjob7LzcHPn2/Bz6G/IKXLpbOl8yBBRi1TIFRFTEVDT05WRVJURVKhoVRDLTE0RSBJSUmhvsjVsb7RdaG/W1RDMTRFM10=[rn]
33-14443,aHR0cDovL3RzaG9wLnIxMHMuanAvYmljY2FtZXJhL2NhYmluZXQvcHJvZHVjdC8xMzkwLzAwMDAwMDAzMDA1MjMzX2EwMS5qcGc/Zml0aW49NzAwOjcwMA==,MjU4OTMuNjAwMA==,,VFY/paqpYKXHpaOlqj+lq6XhpekgPiClq6Xhpek/pdOlx6Wqpaul4aXpP7ni0aeZQ8b3ID4gpaul4aXp08O9u5NRpeyl86W6,ob7LzcHPn2/Bz6G/IKW3pbCl3iBTSUdNQSBURUxFIENPTlZFUlRFUiBUQy0xNDAxo6ilraXkpc6l86Op,QXBwU3RvcmUvQW5kcm9pZE1hcmtldKTHpdOlw6WvmFPM7KTyl8rL9w==,PCEtLSAtLT48Qj7QwqXspfOluqXppaSl86TLpNWktaTvpLekpLRfpKukytDUxNw/xrfOu6GjuN+7rdl8pPLXt8fzpLekv9DCpbOl86W7pdelyKTOjJ/Tw6XGpeyls6XzpdCpYKW/qWChozwvQj48QlI+PEJSPjxCPqH2U0xEpayl6aW5pPKS8dPDpLe437ut2Xyk8te3x/M8L0I+PEJSPlRDLTE0MDGkx6TPU0xEo6hTcGVjaWFsIExvdyBEaXNwZXJzaW9uo7rM2Mritc231smio6mlrKXppbmk8jHDtpLx08Oho8mrhaey7qTyhL+5+7XEpMvRYdX9pLehosG8usOkyrni0afQ1MTcpPKMZ6xGoaKl3qW5pb+pYKXspfOluqTO0NTE3KTyuN+kpKXspdml66THvlOz1qS3pN6kuaGjpbmpYKXRqWCl3qXrpcGl7KWkpeSpYKWzqWClyKTOkvHTw6TLpOik6qGipdWl7KWioaKltKlgpbmlyKTOsGvJ+qTyt8CkrqTepLmhozxCUj48QlI+PEI+ofa087/avral7KXzpbqky6TijJ2P6jwvQj48QlI+tPO/2r62peyl86W6pMvKudPDpMekraTrpOikpqGipeyl86W6pdGl76lgxeTWw6Tyv7yRXaGjpd6luaW/qWCl7KXzpbqkztDUxNyk8rXNz8KktaS7pOuks6TIpMqkr6Gi1tzeeKTepMewsraopLekv7ut2XykrLXDpOmk7KTepLmho9bc3ni54sG/pOLYTri7pMehoqS5pNmkxqTOvbm1477g63iky6SqpKSkxrjfu63ZfKTyjGesRqS3pMakpKTepLmhozxCUj48QlI+PEI+ofa3wIltoaK3wLXO0NSkzrjfpKSYi9TspMel16XtpeapYKW5pMuk4jwvQj48QlI+pdel7aTO316/4aTKtOnTsNe0m3Kk8s/rtqikt6Git8CJbaGit8C1ztDUpM6436SkmIvU7KTyjGesRqGjU0lHTUEgMTUwLTYwMG1tIEY1LTYuMyBERyBPUyBIU02hoVNwb3J0c7XIpMfT6szspOTLrt54pMqkyaTytOnTsKS5pOukyqTJoaKl16XtpM7fXr/hpMq06dOw17SbcqTLjJ2P6qS3pN6kuaGjPEJSPjxCUj48Qj6h9kY4pN6kx0FGpKyMnY/qv8nE3DwvQj48QlI+QUakrEY4jJ2P6qTOpaul4aXppMvXsNfFpLekv4j2us+kzqTfoaJBRrTp07CkrL/JxNykx6S5ofmhozxCUj6h+aWzpfOlyKXppbmlyKTOtc2kpLG70LTM5aTk3Xi2yIKOpM61zaSksbvQtMzlpM606dOwlXKky6XUpfOlyKSsus+k76TKpKSks6TIpKykoqTqpN6kuaGjPGRpdiBzdHlsZT0ndGV4dC1hbGlnbjpjZW50ZXI7Jz4gICAgICA8aW1nIGFsdD0n6XbfQsnMxrekz6SzpMGk6ScgYm9yZGVyPScwJyBzcmM9J2h0dHA6Ly9pbWFnZS5yYWt1dGVuLmNvLmpwL2JpY2NhbWVyYS9jYWJpbmV0L25zL2NvbW1vbi9rYW5yZW4uZ2lmJyAvPiAgPC9kaXY+PGRpdiBpZD0nc3AxNSc+PHRhYmxlIGJnY29sb3I9JyNGRkZGRkYnIGJvcmRlcj0nMCcgY2VsbHBhZGRpbmc9JzAnIGNlbGxzcGFjaW5nPScyJz48dHI+PHRkIGNsYXNzPSdzdWJ0aXRsZScgY29sc3Bhbj0nMic+mUPE3O2XxL88L3RkPjwvdHI+PHRyPjx0ZCBjbGFzcz0nc3RpdGxlJz7X7rTzvrahwcir6Uw8L3RkPjx0ZCBjbGFzcz0nc2RhdGEnPrxzptU2OS44ocEyNS4wPC90ZD48L3RyPjx0cj48dGQgY2xhc3M9J3N0aXRsZSc+sb7M5dbYwb88L3RkPjx0ZCBjbGFzcz0nc2RhdGEnPrxzMTkwZzwvdGQ+PC90cj48dHI+PHRkIGNsYXNzPSdzdGl0bGUnPrdO7pA8L3RkPjx0ZCBjbGFzcz0nc2RhdGEnPqXGpeyls6XzpdCpYKW/qWA8L3RkPjwvdHI+PHRyPjx0ZCBjbGFzcz0nc3RpdGxlJz6l3qWmpfOlyDwvdGQ+PHRkIGNsYXNzPSdzZGF0YSc+pa2l5KXOpfM8L3RkPjwvdHI+PHRyPjx0ZCBjbGFzcz0nc3RpdGxlJz6l7KXzpbqYi7PJPC90ZD48dGQgY2xhc3M9J3NkYXRhJz41yLo3w7Y8L3RkPjwvdHI+PHRyPjx0ZCBjbGFzcz0nc3RpdGxlJz6C5L+8PC90ZD48dGQgY2xhc3M9J3NkYXRhJz69ubXjvuDreKGitOnTsLG2wsq5sqTLpd6luaW/qWCl7KXzpbqkzjEuNLG2PC90ZD48L3RyPjwvdGFibGU+PC9kaXY+,ob7LzcHPn2/Bz6G/IKW3pbCl3iBTSUdNQSBURUxFIENPTlZFUlRFUiBUQy0xNDAxo6ilraXkpc6l86Opo7ql06XDpa+lq6XhpemYU8zsytCI9rXq,ob7LzcHPn2/Bz6G/IKW3pbCl3iBTSUdNQSBURUxFIENPTlZFUlRFUiBUQy0xNDAxo6ilraXkpc6l86Op,QXBwU3RvcmUvQW5kcm9pZE1hcmtldKTHpdOlw6WvmFPM7KTyl8rL96Gjob7LzcHPn2/Bz6G/IKW3pbCl3iBTSUdNQSBURUxFIENPTlZFUlRFUiBUQy0xNDAxo6ilraXkpc6l86Op[rn]
33-14444,aHR0cDovL3RzaG9wLnIxMHMuanAvYmljY2FtZXJhL2NhYmluZXQvcHJvZHVjdC8xMzkwLzAwMDAwMDAzMDA1MjMwX2EwMS5qcGc/Zml0aW49NzAwOjcwMA==,MzI0MTYuODAwMA==,,VFY/paqpYKXHpaOlqj+lq6XhpekgPiClq6Xhpek/pdOlx6Wqpaul4aXpP7ni0aeZQ8b3ID4gpaul4aXp08O9u5NRpeyl86W6,ob7LzcHPn2/Bz6G/IKW3pbCl3iBTSUdNQSBURUxFIENPTlZFUlRFUiBUQy0yMDAxo6ilt6Wwpd6jqQ==,QXBwU3RvcmUvQW5kcm9pZE1hcmtldKTHpdOlw6WvmFPM7KTyl8rL9w==,PCEtLSAtLT48Qj7QwqXspfOluqXppaSl86TLpNWktaTvpLekpLRfpKukytDUxNw/xrfOu6GjuN+7rdl8pPLXt8fzpLekv9DCpbOl86W7pdelyKTOjJ/Tw6XGpeyls6XzpdCpYKW/qWChozwvQj48QlI+PEJSPjxCPqH2U0xEpayl6aW5pPKS8dPDpLe437ut2Xyk8te3x/M8L0I+PEJSPlRDLTIwMDGkx6TPU0xEo6hTcGVjaWFsIExvdyBEaXNwZXJzaW9uo7rM2Mritc231smio6mlrKXppbmk8jLDtpLx08Oho8mrhaey7qTyhL+5+7XEpMvRYdX9pLehosG8usOkyrni0afQ1MTcpPKMZ6xGoaKl3qW5pb+pYKXspfOluqTO0NTE3KTyuN+kpKXspdml66THvlOz1qS3pN6kuaGjpbmpYKXRqWCl3qXrpcGl7KWkpeSpYKWzqWClyKTOkvHTw6TLpOik6qGipdWl7KWioaKltKlgpbmlyKTOsGvJ+qTyt8CkrqTepLmhozxCUj48QlI+PEI+ofa087/avral7KXzpbqky6TijJ2P6jwvQj48QlI+tPO/2r62peyl86W6pMvKudPDpMekraTrpOikpqGipeyl86W6pdGl76lgxeTWw6Tyv7yRXaGjpd6luaW/qWCl7KXzpbqkztDUxNyk8rXNz8KktaS7pOuks6TIpMqkr6Gi1tzeeKTepMewsraopLekv7ut2XykrLXDpOmk7KTepLmho9bc3ni54sG/pOLYTri7pMehoqS5pNmkxqTOvbm1477g63iky6SqpKSkxrjfu63ZfKTyjGesRqS3pMakpKTepLmhozxCUj48QlI+PEI+ofa3wIltoaK3wLXO0NSkzrjfpKSYi9TspMel16XtpeapYKW5pMuk4jwvQj48QlI+pdel7aTO316/4aTKtOnTsNe0m3Kk8s/rtqikt6Git8CJbaGit8C1ztDUpM6436SkmIvU7KTyjGesRqGjU0lHTUEgMTUwLTYwMG1tIEY1LTYuMyBERyBPUyBIU02hoVNwb3J0c7XIpMfT6szspOTLrt54pMqkyaTytOnTsKS5pOukyqTJoaKl16XtpM7fXr/hpMq06dOw17SbcqTLjJ2P6qS3pN6kuaGjPEJSPjxCUj48Qj6h9kY4pN6kx0FGpKyMnY/qv8nE3DwvQj48QlI+QUakrEY4jJ2P6qTOpaul4aXppMvXsNfFpLekv4j2us+kzqTfoaJBRrTp07CkrL/JxNykx6S5ofmhozxCUj6h+aWzpfOlyKXppbmlyKTOtc2kpLG70LTM5aTk3Xi2yIKOpM61zaSksbvQtMzlpM606dOwlXKky6XUpfOlyKSsus+k76TKpKSks6TIpKykoqTqpN6kuaGjPGRpdiBzdHlsZT0ndGV4dC1hbGlnbjpjZW50ZXI7Jz4gICAgICA8aW1nIGFsdD0n6XbfQsnMxrekz6SzpMGk6ScgYm9yZGVyPScwJyBzcmM9J2h0dHA6Ly9pbWFnZS5yYWt1dGVuLmNvLmpwL2JpY2NhbWVyYS9jYWJpbmV0L25zL2NvbW1vbi9rYW5yZW4uZ2lmJyAvPiAgPC9kaXY+PGRpdiBpZD0nc3AxNSc+PHRhYmxlIGJnY29sb3I9JyNGRkZGRkYnIGJvcmRlcj0nMCcgY2VsbHBhZGRpbmc9JzAnIGNlbGxzcGFjaW5nPScyJz48dHI+PHRkIGNsYXNzPSdzdWJ0aXRsZScgY29sc3Bhbj0nMic+mUPE3O2XxL88L3RkPjwvdHI+PHRyPjx0ZCBjbGFzcz0nc3RpdGxlJz7X7rTzvrahwcir6Uw8L3RkPjx0ZCBjbGFzcz0nc2RhdGEnPrxzptU2OS44ocE0OC45PC90ZD48L3RyPjx0cj48dGQgY2xhc3M9J3N0aXRsZSc+sb7M5dbYwb88L3RkPjx0ZCBjbGFzcz0nc2RhdGEnPrxzMjkwZzwvdGQ+PC90cj48dHI+PHRkIGNsYXNzPSdzdGl0bGUnPrdO7pA8L3RkPjx0ZCBjbGFzcz0nc2RhdGEnPqXGpeyls6XzpdCpYKW/qWA8L3RkPjwvdHI+PHRyPjx0ZCBjbGFzcz0nc3RpdGxlJz6l3qWmpfOlyDwvdGQ+PHRkIGNsYXNzPSdzZGF0YSc+pbelsKXePC90ZD48L3RyPjx0cj48dGQgY2xhc3M9J3N0aXRsZSc+peyl86W6mIuzyTwvdGQ+PHRkIGNsYXNzPSdzZGF0YSc+Nci6MTDDtjwvdGQ+PC90cj48dHI+PHRkIGNsYXNzPSdzdGl0bGUnPoLkv7w8L3RkPjx0ZCBjbGFzcz0nc2RhdGEnPr25teO+4Ot4oaK06dOwsbbCyrmypMul3qW5pb+pYKXspfOluqTOMi4wsbY8L3RkPjwvdHI+PC90YWJsZT48L2Rpdj4=,ob7LzcHPn2/Bz6G/IKW3pbCl3iBTSUdNQSBURUxFIENPTlZFUlRFUiBUQy0yMDAxo6ilt6Wwpd6jqaO6pdOlw6Wvpaul4aXpmFPM7MrQiPa16g==,ob7LzcHPn2/Bz6G/IKW3pbCl3iBTSUdNQSBURUxFIENPTlZFUlRFUiBUQy0yMDAxo6ilt6Wwpd6jqQ==,QXBwU3RvcmUvQW5kcm9pZE1hcmtldKTHpdOlw6WvmFPM7KTyl8rL96Gjob7LzcHPn2/Bz6G/IKW3pbCl3iBTSUdNQSBURUxFIENPTlZFUlRFUiBUQy0yMDAxo6ilt6Wwpd6jqQ==[rn]
33-14445,aHR0cDovL3RzaG9wLnIxMHMuanAvYmljY2FtZXJhL2NhYmluZXQvcHJvZHVjdC8xMzkwLzAwMDAwMDAzMDA1MjMxX2EwMS5qcGc/Zml0aW49NzAwOjcwMA==,MzI0MTYuODAwMA==,,VFY/paqpYKXHpaOlqj+lq6XhpekgPiClq6Xhpek/pdOlx6Wqpaul4aXpP7ni0aeZQ8b3ID4gpaul4aXp08O9u5NRpeyl86W6,ob7LzcHPn2/Bz6G/IKW3pbCl3iBTSUdNQSBURUxFIENPTlZFUlRFUiBUQy0yMDAxo6ilraXkpc6l86Op,QXBwU3RvcmUvQW5kcm9pZE1hcmtldKTHpdOlw6WvmFPM7KTyl8rL9w==,PGJyIC8+PGEgaHJlZj0naHR0cDovL2l0ZW0ucmFrdXRlbi5jby5qcC9iaWNjYW1lcmEvYy8wMDAwMTI1MDcyLyNpdGVtc3RhcnQnIHRhcmdldD0nX2JsYW5rJz4gIDxpbWcgYWx0PSel6aXDpdSl86Ww1JS8micgYm9yZGVyPScwJyBzcmM9J2h0dHA6Ly9pbWFnZS5yYWt1dGVuLmNvLmpwL2JpY2NhbWVyYS9jYWJpbmV0L25zL2NvbW1vbi93cmFwcGluZy5naWYnJyAvPjwvYT48YnIgLz48IS0tIC0tPjxCPtDCpeyl86W6pemlpKXzpMuk1aS1pO+kt6SktF+kq6TK0NTE3D/Gt867oaO437ut2Xyk8te3x/Okt6S/0MKls6Xzpbul16XIpM6Mn9PDpcal7KWzpfOl0Klgpb+pYKGjPC9CPjxCUj48QlI+PEI+ofZTTESlrKXppbmk8pLx08Okt7jfu63ZfKTy17fH8zwvQj48QlI+VEMtMjAwMaTHpM9TTESjqFNwZWNpYWwgTG93IERpc3BlcnNpb26juszYyuK1zbfWyaKjqaWspemluaTyMsO2kvHTw6GjyauFp7LupPKEv7n7tcSky9Fh1f2kt6Giwby6w6TKueLRp9DUxNyk8oxnrEahoqXepbmlv6lgpeyl86W6pM7Q1MTcpPK436Skpeyl2aXrpMe+U7PWpLek3qS5oaOlualgpdGpYKXepeulwaXspaSl5KlgpbOpYKXIpM6S8dPDpMuk6KTqoaKl1aXspaKhoqW0qWCluaXIpM6wa8n6pPK3wKSupN6kuaGjPEJSPjxCUj48Qj6h9rTzv9q+tqXspfOluqTLpOKMnY/qPC9CPjxCUj6087/avral7KXzpbqky8q508Okx6StpOuk6KSmoaKl7KXzpbql0aXvqWDF5NbDpPK/vJFdoaOl3qW5pb+pYKXspfOluqTO0NTE3KTytc3PwqS1pLuk66SzpMikyqSvoaLW3N54pN6kx7Cytqikt6S/u63ZfKSstcOk6aTspN6kuaGj1tzeeLniwb+k4thOuLukx6GipLmk2aTGpM69ubXjvuDreKTLpKqkpKTGuN+7rdl8pPKMZ6xGpLekxqSkpN6kuaGjPEJSPjxCUj48Qj6h9rfAiW2horfAtc7Q1KTOuN+kpJiL1Oykx6XXpe2l5qlgpbmky6TiPC9CPjxCUj6l16XtpM7fXr/hpMq06dOw17SbcqTyz+u2qKS3oaK3wIltoaK3wLXO0NSkzrjfpKSYi9TspPKMZ6xGoaNTSUdNQSAxNTAtNjAwbW0gRjUtNi4zIERHIE9TIEhTTaGhU3BvcnRztcikx9PqzOyk5Muu3nikyqTJpPK06dOwpLmk66TKpMmhoqXXpe2kzt9ev+GkyrTp07DXtJtypMuMnY/qpLek3qS5oaM8QlI+PEJSPjxCPqH2Rjik3qTHQUakrIydj+q/ycTcPC9CPjxCUj5BRqSsRjiMnY/qpM6lq6Xhpemky9ew18Wkt6S/iPa6z6TOpN+hokFGtOnTsKSsv8nE3KTHpLmh+aGjPEJSPqH5pbOl86XIpemluaXIpM61zaSksbvQtMzlpOTdeLbIgo6kzrXNpKSxu9C0zOWkzrTp07CVcqTLpdSl86XIpKy6z6TvpMqkpKSzpMikrKSipOqk3qS5oaM8ZGl2IHN0eWxlPSd0ZXh0LWFsaWduOmNlbnRlcjsnPiAgICAgIDxpbWcgYWx0PSfpdt9CyczGt6TPpLOkwaTpJyBib3JkZXI9JzAnIHNyYz0naHR0cDovL2ltYWdlLnJha3V0ZW4uY28uanAvYmljY2FtZXJhL2NhYmluZXQvbnMvY29tbW9uL2thbnJlbi5naWYnIC8+ICA8L2Rpdj48ZGl2IGlkPSdzcDE1Jz48dGFibGUgYmdjb2xvcj0nI0ZGRkZGRicgYm9yZGVyPScwJyBjZWxscGFkZGluZz0nMCcgY2VsbHNwYWNpbmc9JzInPjx0cj48dGQgY2xhc3M9J3N1YnRpdGxlJyBjb2xzcGFuPScyJz6ZQ8Tc7ZfEvzwvdGQ+PC90cj48dHI+PHRkIGNsYXNzPSdzdGl0bGUnPtfutPO+tqHByKvpTDwvdGQ+PHRkIGNsYXNzPSdzZGF0YSc+vHOm1TY5LjihwTQ4LjltbTwvdGQ+PC90cj48dHI+PHRkIGNsYXNzPSdzdGl0bGUnPrG+zOXW2MG/PC90ZD48dGQgY2xhc3M9J3NkYXRhJz68czI5MGc8L3RkPjwvdHI+PHRyPjx0ZCBjbGFzcz0nc3RpdGxlJz63Tu6QPC90ZD48dGQgY2xhc3M9J3NkYXRhJz6lxqXspbOl86XQqWClv6lgPC90ZD48L3RyPjx0cj48dGQgY2xhc3M9J3N0aXRsZSc+pd6lpqXzpcg8L3RkPjx0ZCBjbGFzcz0nc2RhdGEnPqWtpeSlzqXzPC90ZD48L3RyPjx0cj48dGQgY2xhc3M9J3N0aXRsZSc+peyl86W6mIuzyTwvdGQ+PHRkIGNsYXNzPSdzZGF0YSc+Nci6MTDDtjwvdGQ+PC90cj48dHI+PHRkIGNsYXNzPSdzdGl0bGUnPoLkv7w8L3RkPjx0ZCBjbGFzcz0nc2RhdGEnPr25teO+4Ot4oaK06dOwsbbCyrmypMul3qW5pb+pYKXspfOluqTOMi4wsbY8L3RkPjwvdHI+PC90YWJsZT48L2Rpdj4=,ob7LzcHPn2/Bz6G/IKW3pbCl3iBTSUdNQSBURUxFIENPTlZFUlRFUiBUQy0yMDAxo6ilraXkpc6l86Opo7ql06XDpa+lq6XhpemYU8zsytCI9rXq,ob7LzcHPn2/Bz6G/IKW3pbCl3iBTSUdNQSBURUxFIENPTlZFUlRFUiBUQy0yMDAxo6ilraXkpc6l86Op,QXBwU3RvcmUvQW5kcm9pZE1hcmtldKTHpdOlw6WvmFPM7KTyl8rL96Gjob7LzcHPn2/Bz6G/IKW3pbCl3iBTSUdNQSBURUxFIENPTlZFUlRFUiBUQy0yMDAxo6ilraXkpc6l86Op[rn]
33-14446,aHR0cDovL3RzaG9wLnIxMHMuanAvYmljY2FtZXJhL2NhYmluZXQvcHJvZHVjdC8wNTk1LzAwMDAwMDAxNzA4NDQxX2EwMS5qcGc/Zml0aW49NzAwOjcwMA==,OTMyMC44MDAw,,VFY/paqpYKXHpaOlqj+lq6XhpekgPiClq6Xhpek/pdOlx6Wqpaul4aXpP7ni0aeZQ8b3ID4gpaul4aXp08O9u5NRpeyl86W6,ob7LzcHPn2/Bz6G/IKWxpfOls6lgIDKxtqXqpaKls6XzpdCpYKW/qWAgTUlMVE9MW0tGMlhSQ10=,QXBwU3RvcmUvQW5kcm9pZE1hcmtldKTHpdOlw6WvmFPM7KTyl8rL9w==,PCEtLSAtLT5Upd6lpqXzpcil7KXzpbqkzuHhpO2ky8ihpOq4tqSxpOuks6TIpMuk6KTqoaK9ubXjvuDreKTyMrG2pMukuaTrpLOkyKSspMekraTepLmhozxkaXYgaWQ9J3NwMTUnPjx0YWJsZSBiZ2NvbG9yPScjRkZGRkZGJyBib3JkZXI9JzAnIGNlbGxwYWRkaW5nPScwJyBjZWxsc3BhY2luZz0nMic+PHRyPjx0ZCBjbGFzcz0nc3VidGl0bGUnIGNvbHNwYW49JzInPplDxNztl8S/PC90ZD48L3RyPjx0cj48dGQgY2xhc3M9J3N0aXRsZSc+1+608762ocHIq+lMPC90ZD48dGQgY2xhc3M9J3NkYXRhJz7X7rTzzeK+tqbVNjBtbaGiyKvpTDQxbW08L3RkPjwvdHI+PHRyPjx0ZCBjbGFzcz0nc3RpdGxlJz6xvszl1tjBvzwvdGQ+PHRkIGNsYXNzPSdzZGF0YSc+MTIwZzwvdGQ+PC90cj48dHI+PHRkIGNsYXNzPSdzdGl0bGUnPrdO7pA8L3RkPjx0ZCBjbGFzcz0nc2RhdGEnPqXGpeyls6XzpdCpYKW4peel86XspfOlujwvdGQ+PC90cj48dHI+PHRkIGNsYXNzPSdzdGl0bGUnPqXspfOlupiLs8k8L3RkPjx0ZCBjbGFzcz0nc2RhdGEnPjPIujOxtjwvdGQ+PC90cj48dHI+PHRkIGNsYXNzPSdzdGl0bGUnPsrLmJQ8L3RkPjx0ZCBjbGFzcz0nc2RhdGEnPqG+sbbCyqG/MrG2PC90ZD48L3RyPjwvdGFibGU+PC9kaXY+,ob7LzcHPn2/Bz6G/IKWxpfOls6lgIDKxtqXqpaKls6XzpdCpYKW/qWAgTUlMVE9MW0tGMlhSQ12juqXTpcOlr6WrpeGl6ZhTzOzK0Ij2teo=,ob7LzcHPn2/Bz6G/IKWxpfOls6lgIDKxtqXqpaKls6XzpdCpYKW/qWAgTUlMVE9MW0tGMlhSQ10=,QXBwU3RvcmUvQW5kcm9pZE1hcmtldKTHpdOlw6WvmFPM7KTyl8rL96Gjob7LzcHPn2/Bz6G/IKWxpfOls6lgIDKxtqXqpaKls6XzpdCpYKW/qWAgTUlMVE9MW0tGMlhSQ10=[rn]
33-14447,aHR0cDovL3RzaG9wLnIxMHMuanAvYmljY2FtZXJhL2NhYmluZXQvcHJvZHVjdC8wNzYyLzAwMDAwMDAxODA2Mjg2X2EwMS5qcGc/Zml0aW49NzAwOjcwMA==,MzU0OTYuMDAwMA==,,VFY/paqpYKXHpaOlqj+lq6XhpekgPiClq6Xhpek/pdOlx6Wqpaul4aXpP7ni0aeZQ8b3ID4gpaul4aXp08O9u5NRpeyl86W6,ob7LzcHPn2/Bz6G/IKXapfOlv6XDpa+luSBIRCBQRU5UQVgtREEgQUYgUkVBUiBDT05WRVJURVIgMS40ocEgQVdbSEREQUFGUkVBUkNPTlZFUlRFUjFd,QXBwU3RvcmUvQW5kcm9pZE1hcmtldKTHpdOlw6WvmFPM7KTyl8rL9w==,PCEtLSAtLT48Yj6l2qXzpb+lw6Wvpbmlx6W4pb+l69K70dulq6XhpemMn9PD1E/Ti6THoaKl3qW5pb+pYKXspfOluqTOvbm1477g63ik8jEuNLG2pMuSiLTzpLekxkFGtOnTsKSspMekraTr0KHQzT+439DUxNykyrfAiW0/t8C1zpiL1OykzqXqpaKls6XzpdCpYKW/qWCkx6S5oaM8L2I+PEJSPjxCUj48Yj6h9r25teO+4Ot4MS40sbakzs3732iEv7n7PC9iPjxCUj6l3KXHpaOkyKXspfOluqTO6Weky9ew18WkuaTrpLOkyKTHoaKl3qW5pb+pYKXspfOlur25teO+4Ot4pPIxLjSxtqTLkoi086S5pOuEv7n7pKy1w6TppOyk3qS5oaO68aTfpO+kuqSrMjBtbaTO0KHQzd1Ywb/UT9OLpMehosrW3Viky7Tp07DuSdPypPKO2qSypOuks6TIpKykx6StpN6kuaGjpN6kv6Gipd6luaW/qWCl7KXzpbqkztfutsy06dOwvuDreKTPpL2kzqTepN6ky725teO+4Ot4pKySiLTzpLWk7KTrpM6kx6Givfy907Tp07CVcqTOpa+l7algpbqloqXDpdeEv7n7pOK1w6TppOyk3qS5oaOjqNew18WVcqTO09CEv0aCjqTPoaIxts631rC1pK+kyqTqpN6kuaGjo6k8QlI+PEJSPjxiPqH2pdql86W/pcOlr6W5peqloqWzpfOl0Klgpb+pYLP1pM5BRoydj+o8L2I+PEJSPkFGpeyl86W6pMikzr1NpN+6z6TvpLukx6Gipd6luaW/qWCl7KXzpbqCyKTHpM5BRqSsv8nE3KTHpLmho0FGt73KvaTPoaKl7KXzpbrE2qXiqWClv6lg8WyE0yhTRE2hokRDKaGipdylx6WjxNql4qlgpb+pYPFshNOkzoFJt72ky4ydj+qkt6TGpKSk3qS5oaM8QlI+ofmxvtF1xrekx0FGmUPE3KTypLTKudPDpKSkv6TApK+kv6ThpMukz6Gipaul4aXpsb7M5aTOpdWloalgpeClpqWnpaKkzqWipcOl16XHqWClyKSssdjSqqTHpLmho4ydj+qZQ7dOpM+hokstM6GiSy01MKGiSy0zMKGiSy01SUmhokstNUlJc6GiSy01oaJLLTAxoaJLLTehokstcqTHpLmho6TepL+hokFGmUPE3KTOjJ2P6qTPoaK6z7PJRoKOpKxGNS42pN6kx6TOpeyl86W6pMekuaGjPEJSPjxCUj48Yj6h9qWipaalyKXJpaKkx6TisLLQxKTKt8CJbT+3wLXOmIvU7DwvYj48QlI+M6X2y/mky6W3qWCl6qXzpbCk8sqppLekv6GipeGpYKWrqWCz9aTOt8CJbT+3wLXOmIvU7KTOpeqloqWzpfOl0Klgpb+pYKTHpLmho7fAiW0/t8C1zsrLmJSkzqXcpcelo6Gipeyl86W6pMikzr1NpN+6z6TvpLuky6TopOqhotPqzOyVcqTkybCwo6TKpMmkrM7opKaloqWmpcilyaWirWi+s8/CpMukqqSkpMak4rCy0MSkt6TGtOnTsKSsv8nE3KTHpLmhozxCUj48QlI+PGI+ofaDnqTspL+54tGn0NTE3DwvYj48QlI+1+7QwqTOueLRp9RP04uky6TopOvBvLrDpMq54tGn0NTE3KTyguSkqKGipd6luaW/qWCl7KXzpbqkztDUxNyk8rvupKukt6S/tOnTsKSsmFOkt6ThpN6kuaGjpLWk6aTLoaKl4algpaupYLbA19Skzrjf0NTE3KXepeulwaWzqWClxqWjpfOlsKGxSESls6lgpcalo6XzpbChsaTOkvHTw6TLpOik6qGipeyl86W6xNqkzre0yeSk8tLWpKikv5hPpOGkxrjfpKTNuN9ewsqk8oxnrEahosTmueKkyqTJueK+gNe0kUKkzoWXpLekpLTp07DM9bz+z8Kkx6TOpbSpYKW5pcik5KXVpeyloqlgpM6wa8n6pPKEv7n7tcSky9LWpKihoqWzpfOlyKXppbmlyKSsuN+kr6WvpeqloqTKw+jQtKTyjGesRqS3pMakpKTepLmhozxkaXYgc3R5bGU9J3RleHQtYWxpZ246Y2VudGVyOyc+ICAgICAgPGltZyBhbHQ9J+l230LJzMa3pM+ks6TBpOknIGJvcmRlcj0nMCcgc3JjPSdodHRwOi8vaW1hZ2UucmFrdXRlbi5jby5qcC9iaWNjYW1lcmEvY2FiaW5ldC9ucy9jb21tb24va2FucmVuLmdpZicgLz4gIDwvZGl2PjxkaXYgaWQ9J3NwMTUnPjx0YWJsZSBiZ2NvbG9yPScjRkZGRkZGJyBib3JkZXI9JzAnIGNlbGxwYWRkaW5nPScwJyBjZWxsc3BhY2luZz0nMic+PHRyPjx0ZCBjbGFzcz0nc3VidGl0bGUnIGNvbHNwYW49JzInPplDxNztl8S/PC90ZD48L3RyPjx0cj48dGQgY2xhc3M9J3N0aXRsZSc+1+608762ocHIq+lMPC90ZD48dGQgY2xhc3M9J3NkYXRhJz68c6bVNjWhwTIwbW08L3RkPjwvdHI+PHRyPjx0ZCBjbGFzcz0nc3RpdGxlJz6xvszl1tjBvzwvdGQ+PHRkIGNsYXNzPSdzZGF0YSc+vHMxMjZnPC90ZD48L3RyPjx0cj48dGQgY2xhc3M9J3N0aXRsZSc+pd6lpqXzpcg8L3RkPjx0ZCBjbGFzcz0nc2RhdGEnPqXapfOlv6XDpa+luSBLPC90ZD48L3RyPjx0cj48dGQgY2xhc3M9J3N0aXRsZSc+uLbK9Ma3PC90ZD48dGQgY2xhc3M9J3NkYXRhJz6lsalgpbmhoqXcpcelo6Xepaal86XIpa2l46XDpdehoqXspfOluqXepaal86XIpa2l46XDpdc8L3RkPjwvdHI+PHRyPjx0ZCBjbGFzcz0nc3RpdGxlJz7Ky5iUPC90ZD48dGQgY2xhc3M9J3NkYXRhJz6l7KXzpbqYi7PJo7ozyLo0w7Y8L3RkPjwvdHI+PHRyPjx0ZCBjbGFzcz0nc3RpdGxlJz7Ky5iUPC90ZD48dGQgY2xhc3M9J3NkYXRhJz6xtsLKo7oxLjSxtjwvdGQ+PC90cj48L3RhYmxlPjwvZGl2Pg==,ob7LzcHPn2/Bz6G/IKXapfOlv6XDpa+luSBIRCBQRU5UQVgtREEgQUYgUkVBUiBDT05WRVJURVIgMS40JnRpbWVzOyBBV1tIRERBQUZSRUFSQ09OVkVSVEVSMV2juqXTpcOlr6WrpeGl6ZhTzOzK0Ij2teo=,ob7LzcHPn2/Bz6G/IKXapfOlv6XDpa+luSBIRCBQRU5UQVgtREEgQUYgUkVBUiBDT05WRVJURVIgMS40JnRpbWVzOyBBV1tIRERBQUZSRUFSQ09OVkVSVEVSMV0=,QXBwU3RvcmUvQW5kcm9pZE1hcmtldKTHpdOlw6WvmFPM7KTyl8rL96Gjob7LzcHPn2/Bz6G/IKXapfOlv6XDpa+luSBIRCBQRU5UQVgtREEgQUYgUkVBUiBDT05WRVJURVIgMS40JnRpbWVzOyBBV1tIRERBQUZSRUFSQ09OVkVSVEVSMV0=[rn]
33-14448,aHR0cDovL3RzaG9wLnIxMHMuanAvYmljY2FtZXJhL2NhYmluZXQvcHJvZHVjdC8xNTM5LzAwMDAwMDAxNjUyODkyX2EwMS5qcGc/Zml0aW49NzAwOjcwMA==,MzU4NTYuMDAwMA==,,VFY/paqpYKXHpaOlqj+lq6XhpekgPiClq6Xhpek/pdOlx6Wqpaul4aXpP7ni0aeZQ8b3ID4gpaul4aXp08O9u5NRpeyl86W6,ob7LzcHPn2/Bz6G/IKW9pcupYCAxLjRYIFRlbGVjb252ZXJ0ZXJbU0FMMTRUQ10=,QXBwU3RvcmUvQW5kcm9pZE1hcmtldKTHpdOlw6WvmFPM7KTyl8rL9w==,PGJyIC8+PGEgaHJlZj0naHR0cDovL2l0ZW0ucmFrdXRlbi5jby5qcC9iaWNjYW1lcmEvYy8wMDAwMTI1MDcyLyNpdGVtc3RhcnQnIHRhcmdldD0nX2JsYW5rJz4gIDxpbWcgYWx0PSel6aXDpdSl86Ww1JS8micgYm9yZGVyPScwJyBzcmM9J2h0dHA6Ly9pbWFnZS5yYWt1dGVuLmNvLmpwL2JpY2NhbWVyYS9jYWJpbmV0L25zL2NvbW1vbi93cmFwcGluZy5naWYnJyAvPjwvYT48YnIgLz48IS0tIC0tPqH2zNi2qKTOpeyl86W6pMvXsNfFpLekxqGivbm1477g63ik8tHTpNCkt6S/tOnTsKSsv8nE3KTKpbOl86XQqWClv6lgpeyl86W6oaM8QlI+ICCh9rTp07CZQ7LEpPKccKTppLmks6TIpKykx6StoaKlzaWkpcGl46lgtOnTsKGipbml3algpcS06dOwpMqkyaTHtPOkraTKmUOE08GmpPKwa5NdpLek3qS5oaM8QlI+ICCh9r25teO+4Ot4pPIxLjShwcnspNCkt6S/tOnTsKSsv8nE3KGjPEJSPiAgofaFZ8zlpeyl86W6pMvGpZSzpLmk67LZ1/fQ1KTIw+jQtNDUxNyk8oxnrEahozxCUj4gIDxCUj4gIKH5vWek6qTLpMSkpKTGpM+hotew18WVcqTLMbbOsLWkr6TKpOqk3qS5oaMgIDxCUj48QlI+ICA8Yj4/pcal7KWzpfOl0Klgpb+pYIydj+ql7KXzpbo/PC9iPjxCUj4gID9TT05ZIEehoTcwLTIwMC8yLjhHoaIzMDAvMi44RzxCUj4gID9TT05ZoaExMzUvMi44IFNURiCjqE1GpM6k36OpPGRpdiBzdHlsZT0ndGV4dC1hbGlnbjpjZW50ZXI7Jz4gICAgICA8aW1nIGFsdD0n6XbfQsnMxrekz6SzpMGk6ScgYm9yZGVyPScwJyBzcmM9J2h0dHA6Ly9pbWFnZS5yYWt1dGVuLmNvLmpwL2JpY2NhbWVyYS9jYWJpbmV0L25zL2NvbW1vbi9rYW5yZW4uZ2lmJyAvPiAgPC9kaXY+PGRpdiBpZD0nc3AxNSc+PHRhYmxlIGJnY29sb3I9JyNGRkZGRkYnIGJvcmRlcj0nMCcgY2VsbHBhZGRpbmc9JzAnIGNlbGxzcGFjaW5nPScyJz48dHI+PHRkIGNsYXNzPSdzdWJ0aXRsZScgY29sc3Bhbj0nMic+mUPE3O2XxL88L3RkPjwvdHI+PHRyPjx0ZCBjbGFzcz0nc3RpdGxlJz7X7rTzvrahwcir6Uw8L3RkPjx0ZCBjbGFzcz0nc2RhdGEnPjY0ocEyMG1tPC90ZD48L3RyPjx0cj48dGQgY2xhc3M9J3N0aXRsZSc+peyl86W6mIuzyTwvdGQ+PHRkIGNsYXNzPSdzZGF0YSc+NMi6NcO2PC90ZD48L3RyPjx0cj48dGQgY2xhc3M9J3N0aXRsZSc+ysuYlDwvdGQ+PHRkIGNsYXNzPSdzZGF0YSc+ob7W96TKjJ2P6plDt06hv6G+U09OWSBHob8gNzAtMjAwLzIuOEehojMwMC8yLjhHoaGhvlNPTlmhvyAxMzUvMi44IFNURiCjqE1GpM6k36OpPC90ZD48L3RyPjwvdGFibGU+PC9kaXY+,ob7LzcHPn2/Bz6G/IKW9pcupYCAxLjRYIFRlbGVjb252ZXJ0ZXJbU0FMMTRUQ12juqXTpcOlr6WrpeGl6ZhTzOzK0Ij2teo=,ob7LzcHPn2/Bz6G/IKW9pcupYCAxLjRYIFRlbGVjb252ZXJ0ZXJbU0FMMTRUQ10=,QXBwU3RvcmUvQW5kcm9pZE1hcmtldKTHpdOlw6WvmFPM7KTyl8rL96Gjob7LzcHPn2/Bz6G/IKW9pcupYCAxLjRYIFRlbGVjb252ZXJ0ZXJbU0FMMTRUQ10=[rn]
