40-32901,aHR0cDovL3RzaG9wLnIxMHMuanAvcnVpbm9rLTIvY2FiaW5ldC9zaGF0dXJhL2ltZ3JjMDA5MjE3Njg5MC5qcGc/Zml0aW49NzAwOjcwMA==,MzAyNC4wMDAw,,pKqk4qTBpOM/pdul06lgP6WyqWCl4CA+IKSqpOKkwaTjID4gpN6k3qS0pMg/pLSkw6Sz31uk06XIpaQgPiCkvaTOy/s=,yv3fW6TTINa4yMvQzoShiPYgza/UkqGhsNf4QqTOzfXX06G+pd6lyKXqpeepYKW3pauhvw==,pKqk36TkpLKhoaSqpOKkwaTjoaHNr9SSoaGl7aW3paI=,vNKkzrjfpLWjujEzY22hodehyMukzsnt6UyjujMuNWNtPGJyPgrEvtF1xrc8YnI+Cm1hZGUgaW4gUnVzc2lhPGJyPgo8YnI+CqWipfOlx6Xrpbul86TOobqw1/hCpM7N9dfTobuk8qXipcGpYKXVpMukt6S/1rjIy9DOpM6kqqTipMGk46GjPGJyPjxiciBjbGVhcj0iYWxsIj4KPGRpdiBjbGFzcz0iYWxwaGEiPgo8dGFibGUgYm9yZGVyPSIwIiB3aWR0aD0iNjAwIj4KCjwhLS0gU3BpbGxhpLWk86XQpcqpYCAtLT4KPHRyPjx0ZCBjb2xzcGFuPSI0IiBhbGlnbj0iY2VudGVyIj4KPGltZyBzcmM9Imh0dHBzOi8vaW1hZ2UucmFrdXRlbi5jby5qcC9ydWlub2stMi9jYWJpbmV0L2Rlc2lnbi8xNjAyMDEtc3BpbGxhLmpwZyIgd2lkdGg9IjYwMCIgaGVpZ2h0PSI5OSIgYWx0PSKl3qXIpeql56lgpbelq9f3vNKjunNwaWxsYSIgc3R5bGU9Im1hcmdpbjoxMCAwIDIiIGJvcmRlcj0iMCI+CjwvdGQ+PC90cj4KCjwhLS2kv6SrpM+kt6TIpOiks6S1pPOl0KXKqWAgLS0+Cjx0cj48dGQgY29sc3Bhbj0iNCIgYWxpZ249ImNlbnRlciI+CjxpbWcgc3JjPSJodHRwczovL2ltYWdlLnJha3V0ZW4uY28uanAvcnVpbm9rLTIvY2FiaW5ldC9kZXNpZ24vMTYwMjA0LXRha2FoYXNoaS5qcGciIHdpZHRoPSI2MDAiIGhlaWdodD0iOTkiIGFsdD0ipd6lyKXqpeepYKW3pavX97zSo7qkv6SrpM+kt6TIpOiksyIgc3R5bGU9Im1hcmdpbjowIDAgMiIgYm9yZGVyPSIwIj4KPC90ZD48L3RyPgoKPCEtLSCloqXIpeqlqGp1anUgLS0+Cjx0cj48dGQgY29sc3Bhbj0iNCIgYWxpZ249ImNlbnRlciI+CjxpbWcgc3JjPSJodHRwczovL2ltYWdlLnJha3V0ZW4uY28uanAvcnVpbm9rLTIvY2FiaW5ldC9kZXNpZ24vMTYwNTA5X2p1anUuanBnIiB3aWR0aD0iNjAwIiBoZWlnaHQ9Ijk5IiBhbHQ9IqXepcil6qXnqWClt6Wr1/e80qO6paKlyKXqpahqdWp1IiBzdHlsZT0ibWFyZ2luOjAgMCAyIiBib3JkZXI9IjAiPgo8L3RkPjwvdHI+Cgo8IS0tIMjVsb6kzqXepcil6qXnqWClt6Wr1/e80qO0w/sgLS0+Cjx0cj48dGQgY29sc3Bhbj0iNCIgYWxpZ249ImNlbnRlciI+CjxpbWcgc3JjPSJodHRwczovL2ltYWdlLnJha3V0ZW4uY28uanAvcnVpbm9rLTIvY2FiaW5ldC9kZXNpZ24vb3N1c3VtZV90aXRsZS5naWYiIHdpZHRoPSI2MDAiIGhlaWdodD0iMjUiIGFsdD0iyNWxvqTOpd6lyKXqpeepYKW3pavX97zSIiBzdHlsZT0ibWFyZ2luOjIwIDAgNSI+PGJyPgqhoTxmb250IHNpemU9IjIiPjxzdHJvbmc+KKOxtePP3raopKy24KSkpMekuaGipLTZj8jrpM+ks6TBpOmkq6Tpo6EpPC9zdHJvbmc+PC9mb250PjwvdGQ+PC90cj4KCjx0ciBhbGlnbj0iY2VudGVyIj4KPHRkPjxpbWcgc3JjPSJodHRwczovL2ltYWdlLnJha3V0ZW4uY28uanAvcnVpbm9rLTIvY2FiaW5ldC9kZXNpZ24vb3N1c3VtZV90YWthaGFzaGkuanBnIiB3aWR0aD0iMTIwIiBoZWlnaHQ9Ijk1IiBib3JkZXI9IjAiPjxicj48Zm9udCBzaXplPSIxLjUiPqS/pKukz6S3pMik6KSzPC9mb250PjwvdGQ+Cgo8dGQ+PGltZyBzcmM9Imh0dHBzOi8vaW1hZ2UucmFrdXRlbi5jby5qcC9ydWlub2stMi9jYWJpbmV0L2Rlc2lnbi9vc3VzdW1lX2Nob2NvbGEuanBnIiB3aWR0aD0iMTIwIiBoZWlnaHQ9Ijk1IiBib3JkZXI9IjAiPjxicj48Zm9udCBzaXplPSIxLjUiPqW3peels6XpuaS3vzwvZm9udD48L3RkPgoKPHRkPjxpbWcgc3JjPSJodHRwczovL2ltYWdlLnJha3V0ZW4uY28uanAvcnVpbm9rLTIvY2FiaW5ldC9kZXNpZ24vb3N1c3VtZV9raW11cmEuanBnIiB3aWR0aD0iMTIwIiBoZWlnaHQ9Ijk1IiBib3JkZXI9IjAiPjxicj48Zm9udCBzaXplPSIxLjUiPktpbXVyYSZhbXA7Q288L2ZvbnQ+PC90ZD4KCjx0ZD48aW1nIHNyYz0iaHR0cHM6Ly9pbWFnZS5yYWt1dGVuLmNvLmpwL3J1aW5vay0yL2NhYmluZXQvZGVzaWduL29zdXN1bWVfc3BpbGxhLmpwZyIgd2lkdGg9IjEyMCIgaGVpZ2h0PSI5NSIgYm9yZGVyPSIwIj48YnI+PGZvbnQgc2l6ZT0iMS41Ij5zcGlsbGE8L2ZvbnQ+PC90ZD4KPC90cj4KCjwhLS0gpe2l86Wwpbul6algyczGtyAtLT4KPHRyPjx0ZCBjb2xzcGFuPSI0IiBhbGlnbj0iY2VudGVyIj4KPGltZyBzcmM9Imh0dHBzOi8vaW1hZ2UucmFrdXRlbi5jby5qcC9ydWlub2stMi9jYWJpbmV0L2Rlc2lnbi9vc3VzdW1lX2xvbmdzZWxsZXIuZ2lmIiB3aWR0aD0iNjAwIiBoZWlnaHQ9IjI1IiBhbHQ9IqXtpfOlsKW7pempYMnMxrciIHN0eWxlPSJtYXJnaW46MjAgMCA1Ij48YnI+oaE8Zm9udCBzaXplPSIyIj6k26TDpLOk6tDEzsKk3qTrxrehqaTPlXK0+qTy1L2kqKTGkNuktaTsvkGksaTepLk8L2ZvbnQ+PC90ZD48L3RyPgoKPHRyIGFsaWduPSJjZW50ZXIiPgo8dGQ+PGltZyBzcmM9Imh0dHBzOi8vaW1hZ2UucmFrdXRlbi5jby5qcC9ydWlub2stMi9jYWJpbmV0L2Rlc2lnbi9sb25nc2VsbGVyX3B1cmEuanBnIiB3aWR0aD0iMTIwIiBoZWlnaHQ9Ijk1IiBhbHQ9IqXXpemlyKlgpa8iIGJvcmRlcj0iMCI+PGJyPjxmb250IHNpemU9IjEuNSI+pdel6aXIqWClrzwvZm9udD48L3RkPgoKPHRkPjxpbWcgc3JjPSJodHRwczovL2ltYWdlLnJha3V0ZW4uY28uanAvcnVpbm9rLTIvY2FiaW5ldC9kZXNpZ24vbG9uZ3NlbGxlcl9ob2Z1LmpwZyIgd2lkdGg9IjEyMCIgaGVpZ2h0PSI5NSIgYWx0PSKl26XVpe2l3iIgYm9yZGVyPSIwIj48YnI+PGZvbnQgc2l6ZT0iMS41Ij6l26XVpe2l3jwvZm9udD48L3RkPgoKPHRkPjxpbWcgc3JjPSJodHRwczovL2ltYWdlLnJha3V0ZW4uY28uanAvcnVpbm9rLTIvY2FiaW5ldC9kZXNpZ24vbG9uZ3NlbGxlcl9iZXJlc3V0YS5qcGciIHdpZHRoPSIxMjAiIGhlaWdodD0iOTUiIGFsdD0ipdml7KW5pb8iIGJvcmRlcj0iMCI+PGJyPjxmb250IHNpemU9IjEuNSI+pdml7KW5pb88L2ZvbnQ+PC90ZD4KCjx0ZD48aW1nIHNyYz0iaHR0cHM6Ly9pbWFnZS5yYWt1dGVuLmNvLmpwL3J1aW5vay0yL2NhYmluZXQvZGVzaWduL2xvbmdzZWxsZXJfa2F6dS5qcGciIHdpZHRoPSIxMjAiIGhlaWdodD0iOTUiIGFsdD0iyv3fW6TTpM6kqqTipMGk4yIgYm9yZGVyPSIwIj48YnI+PGZvbnQgc2l6ZT0iMS41Ij7K/d9bpNOkzqSqpOKkwaTjPC9mb250PjwvdGQ+CjwvdHI+Cgo8dHIgYWxpZ249ImNlbnRlciI+Cjx0ZD48aW1nIHNyYz0iaHR0cHM6Ly9pbWFnZS5yYWt1dGVuLmNvLmpwL3J1aW5vay0yL2NhYmluZXQvZGVzaWduL2xvbmdzZWxsZXJfa2FyYWt1cmkuanBnIiB3aWR0aD0iMTIwIiBoZWlnaHQ9Ijk1IiBhbHQ9IsS+pM6kq6TppK+k6qSqpOKkwaTjIiBib3JkZXI9IjAiPjxicj48Zm9udCBzaXplPSIxLjUiPiCl3KW0pe2pYKXEpbOlqKTOpKqk4qTBpOM8L2ZvbnQ+PC90ZD4KCjx0ZD48aW1nIHNyYz0iaHR0cHM6Ly9pbWFnZS5yYWt1dGVuLmNvLmpwL3J1aW5vay0yL2NhYmluZXQvZGVzaWduL2xvbmdzZWxsZXJfYmVsYXJ1cy5qcGciIHdpZHRoPSIxMjAiIGhlaWdodD0iOTUiIGFsdD0ipdml6aXrqWCltz+l6qXNpfMiIGJvcmRlcj0iMCI+PGJyPjxmb250IHNpemU9IjEuNSI+pdml6aXrqWCltz+l6qXNpfM8L2ZvbnQ+PC90ZD4KCjx0ZD48aW1nIHNyYz0iaHR0cHM6Ly9pbWFnZS5yYWt1dGVuLmNvLmpwL3J1aW5vay0yL2NhYmluZXQvZGVzaWduL2xvbmdzZWxsZXJfa3Vyb3Bhbi5qcGciIHdpZHRoPSIxMjAiIGhlaWdodD0iOTUiIGFsdD0ipe2lt6WipM78XKXRpfMiIGJvcmRlcj0iMCI+PGJyPjxmb250IHNpemU9IjEuNSI+/Fyl0aXzPC9mb250PjwvdGQ+Cgo8dGQ+PGltZyBzcmM9Imh0dHBzOi8vaW1hZ2UucmFrdXRlbi5jby5qcC9ydWlub2stMi9jYWJpbmV0L2Rlc2lnbi9sb25nc2VsbGVyXzE1LmpwZyIgd2lkdGg9IjEyMCIgaGVpZ2h0PSI5NSIgYWx0PSLK7LPJMTXE6qX0paGluaXXpemlq6XzIiBib3JkZXI9IjAiPjxicj48Zm9udCBzaXplPSIxLjUiPsrss8kxNcTqpfSloaW5pdel6aWrpfM8L2ZvbnQ+PC90ZD4KPC90cj4KPC90YWJsZT4KCjwvZGl2Pg==,yv3fW6TTINa4yMvQzoShiPYgza/UkqGhsNf4QqTOzfXX06G+pd6lyKXqpeepYKW3pauhv6O6UlVJTk9LMqGhpeulpKXOpa8y,pd6lyKXqpeepYKW3paul7aW3paKl7aW3paLOxNGn/Fyl0aXzpcGlp6XWpempYKW3pauluaW/pfOl16XrpaSlzqWvsNfEvqXepcil6qXnqWClt6Wrpa+lw6WtqWCl3qXIpMGk46TzpbCluKWnpeql3qXIpeql56lgpbelq9f3vNKw18S+pd6lyKXqpeepYKW3paul7aW3paLJ+rXYpeypYKXLpfOl3qXIpeql56lgpbelq6W5pcil6aXDpdel7aW3paLratibpd6lyKXqpeepYKW3pavratibpd6lyKXqpeepYKW3pauluaW/pfOl16XZpeyluaW/yv3fW6TTINa4yMvQzoShiPYgza/UkqGhsNf4QqTOzfXX06G+pd6lyKXqpeepYKW3pauhvw==,pKqk36TkpLKhoaSqpOKkwaTjoaHNr9SSoaGl7aW3paKho8r931uk0yDWuMjL0M6EoYj2IM2v1JKhobDX+EKkzs3119OhvqXepcil6qXnqWClt6Wrob8=[rn]
40-32902,aHR0cDovL3RzaG9wLnIxMHMuanAvcnVpbm9rLTIvY2FiaW5ldC9zaGF0dXJhL2ltZ3JjMDA5MTU2ODYwNS5qcGc/Zml0aW49NzAwOjcwMA==,MzAyNC4wMDAw,,pKqk4qTBpOM/pdul06lgP6WyqWCl4CA+IKSqpOKkwaTjID4gpN6k3qS0pMg/pLSkw6Sz31uk06XIpaQgPiCkvaTOy/s=,yv3fW6TTINa4yMvQzoShiPahuKXLpe+lyKXqpMi7xr3wpM7C0aG5ob6l3qXIpeql56lgpbelq6G/,pe2lt6WiIKSqpOKkwaTjIKSqpN+k5KSyIMS+0XXN5r7f,pcul76XIpeqkzrjfpLWjujExY22hodehyMukzsnt6UyjujMuNWNtPGJyPgo8YnI+CsS+0XXGtzxicj4KbWFkZSBpbiBSdXNzaWE8YnI+PGJyIGNsZWFyPSJhbGwiPgo8ZGl2IGNsYXNzPSJhbHBoYSI+Cjx0YWJsZSBib3JkZXI9IjAiIHdpZHRoPSI2MDAiPgoKPCEtLSBTcGlsbGGktaTzpdClyqlgIC0tPgo8dHI+PHRkIGNvbHNwYW49IjQiIGFsaWduPSJjZW50ZXIiPgo8aW1nIHNyYz0iaHR0cHM6Ly9pbWFnZS5yYWt1dGVuLmNvLmpwL3J1aW5vay0yL2NhYmluZXQvZGVzaWduLzE2MDIwMS1zcGlsbGEuanBnIiB3aWR0aD0iNjAwIiBoZWlnaHQ9Ijk5IiBhbHQ9IqXepcil6qXnqWClt6Wr1/e80qO6c3BpbGxhIiBzdHlsZT0ibWFyZ2luOjEwIDAgMiIgYm9yZGVyPSIwIj4KPC90ZD48L3RyPgoKPCEtLaS/pKukz6S3pMik6KSzpLWk86XQpcqpYCAtLT4KPHRyPjx0ZCBjb2xzcGFuPSI0IiBhbGlnbj0iY2VudGVyIj4KPGltZyBzcmM9Imh0dHBzOi8vaW1hZ2UucmFrdXRlbi5jby5qcC9ydWlub2stMi9jYWJpbmV0L2Rlc2lnbi8xNjAyMDQtdGFrYWhhc2hpLmpwZyIgd2lkdGg9IjYwMCIgaGVpZ2h0PSI5OSIgYWx0PSKl3qXIpeql56lgpbelq9f3vNKjuqS/pKukz6S3pMik6KSzIiBzdHlsZT0ibWFyZ2luOjAgMCAyIiBib3JkZXI9IjAiPgo8L3RkPjwvdHI+Cgo8IS0tIKWipcil6qWoanVqdSAtLT4KPHRyPjx0ZCBjb2xzcGFuPSI0IiBhbGlnbj0iY2VudGVyIj4KPGltZyBzcmM9Imh0dHBzOi8vaW1hZ2UucmFrdXRlbi5jby5qcC9ydWlub2stMi9jYWJpbmV0L2Rlc2lnbi8xNjA1MDlfanVqdS5qcGciIHdpZHRoPSI2MDAiIGhlaWdodD0iOTkiIGFsdD0ipd6lyKXqpeepYKW3pavX97zSo7qloqXIpeqlqGp1anUiIHN0eWxlPSJtYXJnaW46MCAwIDIiIGJvcmRlcj0iMCI+CjwvdGQ+PC90cj4KCjwhLS0gyNWxvqTOpd6lyKXqpeepYKW3pavX97zSo7TD+yAtLT4KPHRyPjx0ZCBjb2xzcGFuPSI0IiBhbGlnbj0iY2VudGVyIj4KPGltZyBzcmM9Imh0dHBzOi8vaW1hZ2UucmFrdXRlbi5jby5qcC9ydWlub2stMi9jYWJpbmV0L2Rlc2lnbi9vc3VzdW1lX3RpdGxlLmdpZiIgd2lkdGg9IjYwMCIgaGVpZ2h0PSIyNSIgYWx0PSLI1bG+pM6l3qXIpeql56lgpbelq9f3vNIiIHN0eWxlPSJtYXJnaW46MjAgMCA1Ij48YnI+CqGhPGZvbnQgc2l6ZT0iMiI+PHN0cm9uZz4oo7G148/etqikrLbgpKSkx6S5oaKktNmPyOukz6SzpMGk6aSrpOmjoSk8L3N0cm9uZz48L2ZvbnQ+PC90ZD48L3RyPgoKPHRyIGFsaWduPSJjZW50ZXIiPgo8dGQ+PGltZyBzcmM9Imh0dHBzOi8vaW1hZ2UucmFrdXRlbi5jby5qcC9ydWlub2stMi9jYWJpbmV0L2Rlc2lnbi9vc3VzdW1lX3Rha2FoYXNoaS5qcGciIHdpZHRoPSIxMjAiIGhlaWdodD0iOTUiIGJvcmRlcj0iMCI+PGJyPjxmb250IHNpemU9IjEuNSI+pL+kq6TPpLekyKTopLM8L2ZvbnQ+PC90ZD4KCjx0ZD48aW1nIHNyYz0iaHR0cHM6Ly9pbWFnZS5yYWt1dGVuLmNvLmpwL3J1aW5vay0yL2NhYmluZXQvZGVzaWduL29zdXN1bWVfY2hvY29sYS5qcGciIHdpZHRoPSIxMjAiIGhlaWdodD0iOTUiIGJvcmRlcj0iMCI+PGJyPjxmb250IHNpemU9IjEuNSI+pbel56Wzpem5pLe/PC9mb250PjwvdGQ+Cgo8dGQ+PGltZyBzcmM9Imh0dHBzOi8vaW1hZ2UucmFrdXRlbi5jby5qcC9ydWlub2stMi9jYWJpbmV0L2Rlc2lnbi9vc3VzdW1lX2tpbXVyYS5qcGciIHdpZHRoPSIxMjAiIGhlaWdodD0iOTUiIGJvcmRlcj0iMCI+PGJyPjxmb250IHNpemU9IjEuNSI+S2ltdXJhJmFtcDtDbzwvZm9udD48L3RkPgoKPHRkPjxpbWcgc3JjPSJodHRwczovL2ltYWdlLnJha3V0ZW4uY28uanAvcnVpbm9rLTIvY2FiaW5ldC9kZXNpZ24vb3N1c3VtZV9zcGlsbGEuanBnIiB3aWR0aD0iMTIwIiBoZWlnaHQ9Ijk1IiBib3JkZXI9IjAiPjxicj48Zm9udCBzaXplPSIxLjUiPnNwaWxsYTwvZm9udD48L3RkPgo8L3RyPgoKPCEtLSCl7aXzpbClu6XpqWDJzMa3IC0tPgo8dHI+PHRkIGNvbHNwYW49IjQiIGFsaWduPSJjZW50ZXIiPgo8aW1nIHNyYz0iaHR0cHM6Ly9pbWFnZS5yYWt1dGVuLmNvLmpwL3J1aW5vay0yL2NhYmluZXQvZGVzaWduL29zdXN1bWVfbG9uZ3NlbGxlci5naWYiIHdpZHRoPSI2MDAiIGhlaWdodD0iMjUiIGFsdD0ipe2l86Wwpbul6algyczGtyIgc3R5bGU9Im1hcmdpbjoyMCAwIDUiPjxicj6hoTxmb250IHNpemU9IjIiPqTbpMOks6Tq0MTOwqTepOvGt6GppM+VcrT6pPLUvaSopMaQ26S1pOy+QaSxpN6kuTwvZm9udD48L3RkPjwvdHI+Cgo8dHIgYWxpZ249ImNlbnRlciI+Cjx0ZD48aW1nIHNyYz0iaHR0cHM6Ly9pbWFnZS5yYWt1dGVuLmNvLmpwL3J1aW5vay0yL2NhYmluZXQvZGVzaWduL2xvbmdzZWxsZXJfcHVyYS5qcGciIHdpZHRoPSIxMjAiIGhlaWdodD0iOTUiIGFsdD0ipdel6aXIqWClryIgYm9yZGVyPSIwIj48YnI+PGZvbnQgc2l6ZT0iMS41Ij6l16XppcipYKWvPC9mb250PjwvdGQ+Cgo8dGQ+PGltZyBzcmM9Imh0dHBzOi8vaW1hZ2UucmFrdXRlbi5jby5qcC9ydWlub2stMi9jYWJpbmV0L2Rlc2lnbi9sb25nc2VsbGVyX2hvZnUuanBnIiB3aWR0aD0iMTIwIiBoZWlnaHQ9Ijk1IiBhbHQ9IqXbpdWl7aXeIiBib3JkZXI9IjAiPjxicj48Zm9udCBzaXplPSIxLjUiPqXbpdWl7aXePC9mb250PjwvdGQ+Cgo8dGQ+PGltZyBzcmM9Imh0dHBzOi8vaW1hZ2UucmFrdXRlbi5jby5qcC9ydWlub2stMi9jYWJpbmV0L2Rlc2lnbi9sb25nc2VsbGVyX2JlcmVzdXRhLmpwZyIgd2lkdGg9IjEyMCIgaGVpZ2h0PSI5NSIgYWx0PSKl2aXspbmlvyIgYm9yZGVyPSIwIj48YnI+PGZvbnQgc2l6ZT0iMS41Ij6l2aXspbmlvzwvZm9udD48L3RkPgoKPHRkPjxpbWcgc3JjPSJodHRwczovL2ltYWdlLnJha3V0ZW4uY28uanAvcnVpbm9rLTIvY2FiaW5ldC9kZXNpZ24vbG9uZ3NlbGxlcl9rYXp1LmpwZyIgd2lkdGg9IjEyMCIgaGVpZ2h0PSI5NSIgYWx0PSLK/d9bpNOkzqSqpOKkwaTjIiBib3JkZXI9IjAiPjxicj48Zm9udCBzaXplPSIxLjUiPsr931uk06TOpKqk4qTBpOM8L2ZvbnQ+PC90ZD4KPC90cj4KCjx0ciBhbGlnbj0iY2VudGVyIj4KPHRkPjxpbWcgc3JjPSJodHRwczovL2ltYWdlLnJha3V0ZW4uY28uanAvcnVpbm9rLTIvY2FiaW5ldC9kZXNpZ24vbG9uZ3NlbGxlcl9rYXJha3VyaS5qcGciIHdpZHRoPSIxMjAiIGhlaWdodD0iOTUiIGFsdD0ixL6kzqSrpOmkr6TqpKqk4qTBpOMiIGJvcmRlcj0iMCI+PGJyPjxmb250IHNpemU9IjEuNSI+IKXcpbSl7algpcSls6WopM6kqqTipMGk4zwvZm9udD48L3RkPgoKPHRkPjxpbWcgc3JjPSJodHRwczovL2ltYWdlLnJha3V0ZW4uY28uanAvcnVpbm9rLTIvY2FiaW5ldC9kZXNpZ24vbG9uZ3NlbGxlcl9iZWxhcnVzLmpwZyIgd2lkdGg9IjEyMCIgaGVpZ2h0PSI5NSIgYWx0PSKl2aXppeupYKW3P6Xqpc2l8yIgYm9yZGVyPSIwIj48YnI+PGZvbnQgc2l6ZT0iMS41Ij6l2aXppeupYKW3P6Xqpc2l8zwvZm9udD48L3RkPgoKPHRkPjxpbWcgc3JjPSJodHRwczovL2ltYWdlLnJha3V0ZW4uY28uanAvcnVpbm9rLTIvY2FiaW5ldC9kZXNpZ24vbG9uZ3NlbGxlcl9rdXJvcGFuLmpwZyIgd2lkdGg9IjEyMCIgaGVpZ2h0PSI5NSIgYWx0PSKl7aW3paKkzvxcpdGl8yIgYm9yZGVyPSIwIj48YnI+PGZvbnQgc2l6ZT0iMS41Ij78XKXRpfM8L2ZvbnQ+PC90ZD4KCjx0ZD48aW1nIHNyYz0iaHR0cHM6Ly9pbWFnZS5yYWt1dGVuLmNvLmpwL3J1aW5vay0yL2NhYmluZXQvZGVzaWduL2xvbmdzZWxsZXJfMTUuanBnIiB3aWR0aD0iMTIwIiBoZWlnaHQ9Ijk1IiBhbHQ9Isrss8kxNcTqpfSloaW5pdel6aWrpfMiIGJvcmRlcj0iMCI+PGJyPjxmb250IHNpemU9IjEuNSI+yuyzyTE1xOql9KWhpbml16Xppaul8zwvZm9udD48L3RkPgo8L3RyPgo8L3RhYmxlPgoKPC9kaXY+,yv3fW6TTINa4yMvQzoShiPahuKXLpe+lyKXqpMi7xr3wpM7C0aG5ob6l3qXIpeql56lgpbelq6G/o7pSVUlOT0syoaGl66Wkpc6lrzI=,pd6lyKXqpeepYKW3paul7aW3paKl7aW3paLOxNGn/Fyl0aXzpcGlp6XWpempYKW3pauluaW/pfOl16XrpaSlzqWvsNfEvqXepcil6qXnqWClt6Wrpa+lw6WtqWCl3qXIpMGk46TzpbCluKWnpeql3qXIpeql56lgpbelq9f3vNKw18S+pd6lyKXqpeepYKW3paul7aW3paLJ+rXYpeypYKXLpfOl3qXIpeql56lgpbelq6W5pcil6aXDpdel7aW3paLratibpd6lyKXqpeepYKW3pavratibpd6lyKXqpeepYKW3pauluaW/pfOl16XZpeyluaW/yv3fW6TTINa4yMvQzoShiPahuKXLpe+lyKXqpMi7xr3wpM7C0aG5ob6l3qXIpeql56lgpbelq6G/,pe2lt6WiIKSqpOKkwaTjIKSqpN+k5KSyIMS+0XXN5r7foaPK/d9bpNMg1rjIy9DOhKGI9qG4pcul76XIpeqkyLvGvfCkzsLRobmhvqXepcil6qXnqWClt6Wrob8=[rn]
40-32903,aHR0cDovL3RzaG9wLnIxMHMuanAvcnVpbm9rLTIvY2FiaW5ldC9zaGF0dXJhL2ltZ3JjMDA4OTUwMDc2My5qcGc/Zml0aW49NzAwOjcwMA==,MzAyNC4wMDAw,,pKqk4qTBpOM/pdul06lgP6WyqWCl4CA+IKSqpOKkwaTjID4gpN6k3qS0pMg/pLSkw6Sz31uk06XIpaQgPiCkvaTOy/s=,yv3fW6TTINa4yMvQzoShiPahuITTzu+kzqSqpKakwSDPxKTItqyhuaXGpeyl4qlgpa+k6KTqob6l3qXIpeql56lgpbelq6G/,pKuk76SkpKS80qSrpOnQocjLpbWlpKW6pM61x4j2yMvO76Oh,PGJyPgo8aW1nIHNyYz0iaHR0cDovL2ltYWdlLnJha3V0ZW4uY28uanAvcnVpbm9rLTIvY2FiaW5ldC9zaGF0dXJhL2ltZ3JjMDA4OTUwMDc2My5qcGciPgo8YnI+vNKkzrjfpLWjujEzY22hodehyMukzsnt6UyjujMuNWNtPGJyPgoKv8mQ26SkpMik86SspOrO3bj5pM680qTO1tCky6TPhNPO76TO1rjIy9DOpKw2goA8YnI+CgoKbWFkZSBpbiBSdXNzaWE8YnIgY2xlYXI9ImFsbCI+CjxkaXYgY2xhc3M9ImFscGhhIj4KPHRhYmxlIGJvcmRlcj0iMCIgd2lkdGg9IjYwMCI+Cgo8IS0tIFNwaWxsYaS1pPOl0KXKqWAgLS0+Cjx0cj48dGQgY29sc3Bhbj0iNCIgYWxpZ249ImNlbnRlciI+CjxpbWcgc3JjPSJodHRwczovL2ltYWdlLnJha3V0ZW4uY28uanAvcnVpbm9rLTIvY2FiaW5ldC9kZXNpZ24vMTYwMjAxLXNwaWxsYS5qcGciIHdpZHRoPSI2MDAiIGhlaWdodD0iOTkiIGFsdD0ipd6lyKXqpeepYKW3pavX97zSo7pzcGlsbGEiIHN0eWxlPSJtYXJnaW46MTAgMCAyIiBib3JkZXI9IjAiPgo8L3RkPjwvdHI+Cgo8IS0tpL+kq6TPpLekyKTopLOktaTzpdClyqlgIC0tPgo8dHI+PHRkIGNvbHNwYW49IjQiIGFsaWduPSJjZW50ZXIiPgo8aW1nIHNyYz0iaHR0cHM6Ly9pbWFnZS5yYWt1dGVuLmNvLmpwL3J1aW5vay0yL2NhYmluZXQvZGVzaWduLzE2MDIwNC10YWthaGFzaGkuanBnIiB3aWR0aD0iNjAwIiBoZWlnaHQ9Ijk5IiBhbHQ9IqXepcil6qXnqWClt6Wr1/e80qO6pL+kq6TPpLekyKTopLMiIHN0eWxlPSJtYXJnaW46MCAwIDIiIGJvcmRlcj0iMCI+CjwvdGQ+PC90cj4KCjwhLS0gpaKlyKXqpahqdWp1IC0tPgo8dHI+PHRkIGNvbHNwYW49IjQiIGFsaWduPSJjZW50ZXIiPgo8aW1nIHNyYz0iaHR0cHM6Ly9pbWFnZS5yYWt1dGVuLmNvLmpwL3J1aW5vay0yL2NhYmluZXQvZGVzaWduLzE2MDUwOV9qdWp1LmpwZyIgd2lkdGg9IjYwMCIgaGVpZ2h0PSI5OSIgYWx0PSKl3qXIpeql56lgpbelq9f3vNKjuqWipcil6qWoanVqdSIgc3R5bGU9Im1hcmdpbjowIDAgMiIgYm9yZGVyPSIwIj4KPC90ZD48L3RyPgoKPCEtLSDI1bG+pM6l3qXIpeql56lgpbelq9f3vNKjtMP7IC0tPgo8dHI+PHRkIGNvbHNwYW49IjQiIGFsaWduPSJjZW50ZXIiPgo8aW1nIHNyYz0iaHR0cHM6Ly9pbWFnZS5yYWt1dGVuLmNvLmpwL3J1aW5vay0yL2NhYmluZXQvZGVzaWduL29zdXN1bWVfdGl0bGUuZ2lmIiB3aWR0aD0iNjAwIiBoZWlnaHQ9IjI1IiBhbHQ9IsjVsb6kzqXepcil6qXnqWClt6Wr1/e80iIgc3R5bGU9Im1hcmdpbjoyMCAwIDUiPjxicj4KoaE8Zm9udCBzaXplPSIyIj48c3Ryb25nPiijsbXjz962qKSstuCkpKTHpLmhoqS02Y/I66TPpLOkwaTppKuk6aOhKTwvc3Ryb25nPjwvZm9udD48L3RkPjwvdHI+Cgo8dHIgYWxpZ249ImNlbnRlciI+Cjx0ZD48aW1nIHNyYz0iaHR0cHM6Ly9pbWFnZS5yYWt1dGVuLmNvLmpwL3J1aW5vay0yL2NhYmluZXQvZGVzaWduL29zdXN1bWVfdGFrYWhhc2hpLmpwZyIgd2lkdGg9IjEyMCIgaGVpZ2h0PSI5NSIgYm9yZGVyPSIwIj48YnI+PGZvbnQgc2l6ZT0iMS41Ij6kv6SrpM+kt6TIpOikszwvZm9udD48L3RkPgoKPHRkPjxpbWcgc3JjPSJodHRwczovL2ltYWdlLnJha3V0ZW4uY28uanAvcnVpbm9rLTIvY2FiaW5ldC9kZXNpZ24vb3N1c3VtZV9jaG9jb2xhLmpwZyIgd2lkdGg9IjEyMCIgaGVpZ2h0PSI5NSIgYm9yZGVyPSIwIj48YnI+PGZvbnQgc2l6ZT0iMS41Ij6lt6XnpbOl6bmkt788L2ZvbnQ+PC90ZD4KCjx0ZD48aW1nIHNyYz0iaHR0cHM6Ly9pbWFnZS5yYWt1dGVuLmNvLmpwL3J1aW5vay0yL2NhYmluZXQvZGVzaWduL29zdXN1bWVfa2ltdXJhLmpwZyIgd2lkdGg9IjEyMCIgaGVpZ2h0PSI5NSIgYm9yZGVyPSIwIj48YnI+PGZvbnQgc2l6ZT0iMS41Ij5LaW11cmEmYW1wO0NvPC9mb250PjwvdGQ+Cgo8dGQ+PGltZyBzcmM9Imh0dHBzOi8vaW1hZ2UucmFrdXRlbi5jby5qcC9ydWlub2stMi9jYWJpbmV0L2Rlc2lnbi9vc3VzdW1lX3NwaWxsYS5qcGciIHdpZHRoPSIxMjAiIGhlaWdodD0iOTUiIGJvcmRlcj0iMCI+PGJyPjxmb250IHNpemU9IjEuNSI+c3BpbGxhPC9mb250PjwvdGQ+CjwvdHI+Cgo8IS0tIKXtpfOlsKW7pempYMnMxrcgLS0+Cjx0cj48dGQgY29sc3Bhbj0iNCIgYWxpZ249ImNlbnRlciI+CjxpbWcgc3JjPSJodHRwczovL2ltYWdlLnJha3V0ZW4uY28uanAvcnVpbm9rLTIvY2FiaW5ldC9kZXNpZ24vb3N1c3VtZV9sb25nc2VsbGVyLmdpZiIgd2lkdGg9IjYwMCIgaGVpZ2h0PSIyNSIgYWx0PSKl7aXzpbClu6XpqWDJzMa3IiBzdHlsZT0ibWFyZ2luOjIwIDAgNSI+PGJyPqGhPGZvbnQgc2l6ZT0iMiI+pNukw6SzpOrQxM7CpN6k68a3oamkz5VytPqk8tS9pKikxpDbpLWk7L5BpLGk3qS5PC9mb250PjwvdGQ+PC90cj4KCjx0ciBhbGlnbj0iY2VudGVyIj4KPHRkPjxpbWcgc3JjPSJodHRwczovL2ltYWdlLnJha3V0ZW4uY28uanAvcnVpbm9rLTIvY2FiaW5ldC9kZXNpZ24vbG9uZ3NlbGxlcl9wdXJhLmpwZyIgd2lkdGg9IjEyMCIgaGVpZ2h0PSI5NSIgYWx0PSKl16XppcipYKWvIiBib3JkZXI9IjAiPjxicj48Zm9udCBzaXplPSIxLjUiPqXXpemlyKlgpa88L2ZvbnQ+PC90ZD4KCjx0ZD48aW1nIHNyYz0iaHR0cHM6Ly9pbWFnZS5yYWt1dGVuLmNvLmpwL3J1aW5vay0yL2NhYmluZXQvZGVzaWduL2xvbmdzZWxsZXJfaG9mdS5qcGciIHdpZHRoPSIxMjAiIGhlaWdodD0iOTUiIGFsdD0ipdul1aXtpd4iIGJvcmRlcj0iMCI+PGJyPjxmb250IHNpemU9IjEuNSI+pdul1aXtpd48L2ZvbnQ+PC90ZD4KCjx0ZD48aW1nIHNyYz0iaHR0cHM6Ly9pbWFnZS5yYWt1dGVuLmNvLmpwL3J1aW5vay0yL2NhYmluZXQvZGVzaWduL2xvbmdzZWxsZXJfYmVyZXN1dGEuanBnIiB3aWR0aD0iMTIwIiBoZWlnaHQ9Ijk1IiBhbHQ9IqXZpeyluaW/IiBib3JkZXI9IjAiPjxicj48Zm9udCBzaXplPSIxLjUiPqXZpeyluaW/PC9mb250PjwvdGQ+Cgo8dGQ+PGltZyBzcmM9Imh0dHBzOi8vaW1hZ2UucmFrdXRlbi5jby5qcC9ydWlub2stMi9jYWJpbmV0L2Rlc2lnbi9sb25nc2VsbGVyX2thenUuanBnIiB3aWR0aD0iMTIwIiBoZWlnaHQ9Ijk1IiBhbHQ9Isr931uk06TOpKqk4qTBpOMiIGJvcmRlcj0iMCI+PGJyPjxmb250IHNpemU9IjEuNSI+yv3fW6TTpM6kqqTipMGk4zwvZm9udD48L3RkPgo8L3RyPgoKPHRyIGFsaWduPSJjZW50ZXIiPgo8dGQ+PGltZyBzcmM9Imh0dHBzOi8vaW1hZ2UucmFrdXRlbi5jby5qcC9ydWlub2stMi9jYWJpbmV0L2Rlc2lnbi9sb25nc2VsbGVyX2thcmFrdXJpLmpwZyIgd2lkdGg9IjEyMCIgaGVpZ2h0PSI5NSIgYWx0PSLEvqTOpKuk6aSvpOqkqqTipMGk4yIgYm9yZGVyPSIwIj48YnI+PGZvbnQgc2l6ZT0iMS41Ij4gpdyltKXtqWClxKWzpaikzqSqpOKkwaTjPC9mb250PjwvdGQ+Cgo8dGQ+PGltZyBzcmM9Imh0dHBzOi8vaW1hZ2UucmFrdXRlbi5jby5qcC9ydWlub2stMi9jYWJpbmV0L2Rlc2lnbi9sb25nc2VsbGVyX2JlbGFydXMuanBnIiB3aWR0aD0iMTIwIiBoZWlnaHQ9Ijk1IiBhbHQ9IqXZpeml66lgpbc/peqlzaXzIiBib3JkZXI9IjAiPjxicj48Zm9udCBzaXplPSIxLjUiPqXZpeml66lgpbc/peqlzaXzPC9mb250PjwvdGQ+Cgo8dGQ+PGltZyBzcmM9Imh0dHBzOi8vaW1hZ2UucmFrdXRlbi5jby5qcC9ydWlub2stMi9jYWJpbmV0L2Rlc2lnbi9sb25nc2VsbGVyX2t1cm9wYW4uanBnIiB3aWR0aD0iMTIwIiBoZWlnaHQ9Ijk1IiBhbHQ9IqXtpbeloqTO/Fyl0aXzIiBib3JkZXI9IjAiPjxicj48Zm9udCBzaXplPSIxLjUiPvxcpdGl8zwvZm9udD48L3RkPgoKPHRkPjxpbWcgc3JjPSJodHRwczovL2ltYWdlLnJha3V0ZW4uY28uanAvcnVpbm9rLTIvY2FiaW5ldC9kZXNpZ24vbG9uZ3NlbGxlcl8xNS5qcGciIHdpZHRoPSIxMjAiIGhlaWdodD0iOTUiIGFsdD0iyuyzyTE1xOql9KWhpbml16Xppaul8yIgYm9yZGVyPSIwIj48YnI+PGZvbnQgc2l6ZT0iMS41Ij7K7LPJMTXE6qX0paGluaXXpemlq6XzPC9mb250PjwvdGQ+CjwvdHI+CjwvdGFibGU+Cgo8L2Rpdj4=,yv3fW6TTINa4yMvQzoShiPahuITTzu+kzqSqpKakwSDPxKTItqyhuaXGpeyl4qlgpa+k6KTqob6l3qXIpeql56lgpbelq6G/o7pSVUlOT0syoaGl66Wkpc6lrzI=,pd6lyKXqpeepYKW3paul7aW3paKl7aW3paLOxNGn/Fyl0aXzpcGlp6XWpempYKW3pauluaW/pfOl16XrpaSlzqWvsNfEvqXepcil6qXnqWClt6Wrpa+lw6WtqWCl3qXIpMGk46TzpbCluKWnpeql3qXIpeql56lgpbelq9f3vNKw18S+pd6lyKXqpeepYKW3paul7aW3paLJ+rXYpeypYKXLpfOl3qXIpeql56lgpbelq6W5pcil6aXDpdel7aW3paLratibpd6lyKXqpeepYKW3pavratibpd6lyKXqpeepYKW3pauluaW/pfOl16XZpeyluaW/yv3fW6TTINa4yMvQzoShiPahuITTzu+kzqSqpKakwSDPxKTItqyhuaXGpeyl4qlgpa+k6KTqob6l3qXIpeql56lgpbelq6G/,pKuk76SkpKS80qSrpOnQocjLpbWlpKW6pM61x4j2yMvO76OhoaPK/d9bpNMg1rjIy9DOhKGI9qG4hNPO76TOpKqkpqTBIM/EpMi2rKG5pcal7KXiqWClr6TopOqhvqXepcil6qXnqWClt6Wrob8=[rn]
40-32904,aHR0cDovL3RzaG9wLnIxMHMuanAvcnVpbm9rLTIvY2FiaW5ldC9zaGF0dXJhL2ltZ3JjMDA5MjY5NjkyOC5qcGc/Zml0aW49NzAwOjcwMA==,MzAyNC4wMDAw,,pKqk4qTBpOM/pdul06lgP6WyqWCl4CA+IKSqpOKkwaTjID4gpN6k3qS0pMg/pLSkw6Sz31uk06XIpaQgPiCkvaTOy/s=,yv3fW6TTINa4yMvQzoShiPYgobjI/calpM7X06XWpb+jqLPgyaukzs7duPmjqaG5ob6l3qXIpeql56lgpbelq6G/,pKuk76SkpKS80qSrpOnQocjLpbWlpKW6pM61x4j2yMvO76Oh,vNKkzrjfpLWjujEzY22hodehyMukzsnt6UyjujMuNWNtPGJyPgrI/calpM7X06XWpb+kyKSqpKakwaGipaqlqqWrpd+kzta4yMvQzjxicj4KbWFkZSBpbiBSdXNzaWE8YnI+CsvYssSjusbQzOGY5KGisNeY5Txicj48YnIgY2xlYXI9ImFsbCI+CjxkaXYgY2xhc3M9ImFscGhhIj4KPHRhYmxlIGJvcmRlcj0iMCIgd2lkdGg9IjYwMCI+Cgo8IS0tIFNwaWxsYaS1pPOl0KXKqWAgLS0+Cjx0cj48dGQgY29sc3Bhbj0iNCIgYWxpZ249ImNlbnRlciI+CjxpbWcgc3JjPSJodHRwczovL2ltYWdlLnJha3V0ZW4uY28uanAvcnVpbm9rLTIvY2FiaW5ldC9kZXNpZ24vMTYwMjAxLXNwaWxsYS5qcGciIHdpZHRoPSI2MDAiIGhlaWdodD0iOTkiIGFsdD0ipd6lyKXqpeepYKW3pavX97zSo7pzcGlsbGEiIHN0eWxlPSJtYXJnaW46MTAgMCAyIiBib3JkZXI9IjAiPgo8L3RkPjwvdHI+Cgo8IS0tpL+kq6TPpLekyKTopLOktaTzpdClyqlgIC0tPgo8dHI+PHRkIGNvbHNwYW49IjQiIGFsaWduPSJjZW50ZXIiPgo8aW1nIHNyYz0iaHR0cHM6Ly9pbWFnZS5yYWt1dGVuLmNvLmpwL3J1aW5vay0yL2NhYmluZXQvZGVzaWduLzE2MDIwNC10YWthaGFzaGkuanBnIiB3aWR0aD0iNjAwIiBoZWlnaHQ9Ijk5IiBhbHQ9IqXepcil6qXnqWClt6Wr1/e80qO6pL+kq6TPpLekyKTopLMiIHN0eWxlPSJtYXJnaW46MCAwIDIiIGJvcmRlcj0iMCI+CjwvdGQ+PC90cj4KCjwhLS0gpaKlyKXqpahqdWp1IC0tPgo8dHI+PHRkIGNvbHNwYW49IjQiIGFsaWduPSJjZW50ZXIiPgo8aW1nIHNyYz0iaHR0cHM6Ly9pbWFnZS5yYWt1dGVuLmNvLmpwL3J1aW5vay0yL2NhYmluZXQvZGVzaWduLzE2MDUwOV9qdWp1LmpwZyIgd2lkdGg9IjYwMCIgaGVpZ2h0PSI5OSIgYWx0PSKl3qXIpeql56lgpbelq9f3vNKjuqWipcil6qWoanVqdSIgc3R5bGU9Im1hcmdpbjowIDAgMiIgYm9yZGVyPSIwIj4KPC90ZD48L3RyPgoKPCEtLSDI1bG+pM6l3qXIpeql56lgpbelq9f3vNKjtMP7IC0tPgo8dHI+PHRkIGNvbHNwYW49IjQiIGFsaWduPSJjZW50ZXIiPgo8aW1nIHNyYz0iaHR0cHM6Ly9pbWFnZS5yYWt1dGVuLmNvLmpwL3J1aW5vay0yL2NhYmluZXQvZGVzaWduL29zdXN1bWVfdGl0bGUuZ2lmIiB3aWR0aD0iNjAwIiBoZWlnaHQ9IjI1IiBhbHQ9IsjVsb6kzqXepcil6qXnqWClt6Wr1/e80iIgc3R5bGU9Im1hcmdpbjoyMCAwIDUiPjxicj4KoaE8Zm9udCBzaXplPSIyIj48c3Ryb25nPiijsbXjz962qKSstuCkpKTHpLmhoqS02Y/I66TPpLOkwaTppKuk6aOhKTwvc3Ryb25nPjwvZm9udD48L3RkPjwvdHI+Cgo8dHIgYWxpZ249ImNlbnRlciI+Cjx0ZD48aW1nIHNyYz0iaHR0cHM6Ly9pbWFnZS5yYWt1dGVuLmNvLmpwL3J1aW5vay0yL2NhYmluZXQvZGVzaWduL29zdXN1bWVfdGFrYWhhc2hpLmpwZyIgd2lkdGg9IjEyMCIgaGVpZ2h0PSI5NSIgYm9yZGVyPSIwIj48YnI+PGZvbnQgc2l6ZT0iMS41Ij6kv6SrpM+kt6TIpOikszwvZm9udD48L3RkPgoKPHRkPjxpbWcgc3JjPSJodHRwczovL2ltYWdlLnJha3V0ZW4uY28uanAvcnVpbm9rLTIvY2FiaW5ldC9kZXNpZ24vb3N1c3VtZV9jaG9jb2xhLmpwZyIgd2lkdGg9IjEyMCIgaGVpZ2h0PSI5NSIgYm9yZGVyPSIwIj48YnI+PGZvbnQgc2l6ZT0iMS41Ij6lt6XnpbOl6bmkt788L2ZvbnQ+PC90ZD4KCjx0ZD48aW1nIHNyYz0iaHR0cHM6Ly9pbWFnZS5yYWt1dGVuLmNvLmpwL3J1aW5vay0yL2NhYmluZXQvZGVzaWduL29zdXN1bWVfa2ltdXJhLmpwZyIgd2lkdGg9IjEyMCIgaGVpZ2h0PSI5NSIgYm9yZGVyPSIwIj48YnI+PGZvbnQgc2l6ZT0iMS41Ij5LaW11cmEmYW1wO0NvPC9mb250PjwvdGQ+Cgo8dGQ+PGltZyBzcmM9Imh0dHBzOi8vaW1hZ2UucmFrdXRlbi5jby5qcC9ydWlub2stMi9jYWJpbmV0L2Rlc2lnbi9vc3VzdW1lX3NwaWxsYS5qcGciIHdpZHRoPSIxMjAiIGhlaWdodD0iOTUiIGJvcmRlcj0iMCI+PGJyPjxmb250IHNpemU9IjEuNSI+c3BpbGxhPC9mb250PjwvdGQ+CjwvdHI+Cgo8IS0tIKXtpfOlsKW7pempYMnMxrcgLS0+Cjx0cj48dGQgY29sc3Bhbj0iNCIgYWxpZ249ImNlbnRlciI+CjxpbWcgc3JjPSJodHRwczovL2ltYWdlLnJha3V0ZW4uY28uanAvcnVpbm9rLTIvY2FiaW5ldC9kZXNpZ24vb3N1c3VtZV9sb25nc2VsbGVyLmdpZiIgd2lkdGg9IjYwMCIgaGVpZ2h0PSIyNSIgYWx0PSKl7aXzpbClu6XpqWDJzMa3IiBzdHlsZT0ibWFyZ2luOjIwIDAgNSI+PGJyPqGhPGZvbnQgc2l6ZT0iMiI+pNukw6SzpOrQxM7CpN6k68a3oamkz5VytPqk8tS9pKikxpDbpLWk7L5BpLGk3qS5PC9mb250PjwvdGQ+PC90cj4KCjx0ciBhbGlnbj0iY2VudGVyIj4KPHRkPjxpbWcgc3JjPSJodHRwczovL2ltYWdlLnJha3V0ZW4uY28uanAvcnVpbm9rLTIvY2FiaW5ldC9kZXNpZ24vbG9uZ3NlbGxlcl9wdXJhLmpwZyIgd2lkdGg9IjEyMCIgaGVpZ2h0PSI5NSIgYWx0PSKl16XppcipYKWvIiBib3JkZXI9IjAiPjxicj48Zm9udCBzaXplPSIxLjUiPqXXpemlyKlgpa88L2ZvbnQ+PC90ZD4KCjx0ZD48aW1nIHNyYz0iaHR0cHM6Ly9pbWFnZS5yYWt1dGVuLmNvLmpwL3J1aW5vay0yL2NhYmluZXQvZGVzaWduL2xvbmdzZWxsZXJfaG9mdS5qcGciIHdpZHRoPSIxMjAiIGhlaWdodD0iOTUiIGFsdD0ipdul1aXtpd4iIGJvcmRlcj0iMCI+PGJyPjxmb250IHNpemU9IjEuNSI+pdul1aXtpd48L2ZvbnQ+PC90ZD4KCjx0ZD48aW1nIHNyYz0iaHR0cHM6Ly9pbWFnZS5yYWt1dGVuLmNvLmpwL3J1aW5vay0yL2NhYmluZXQvZGVzaWduL2xvbmdzZWxsZXJfYmVyZXN1dGEuanBnIiB3aWR0aD0iMTIwIiBoZWlnaHQ9Ijk1IiBhbHQ9IqXZpeyluaW/IiBib3JkZXI9IjAiPjxicj48Zm9udCBzaXplPSIxLjUiPqXZpeyluaW/PC9mb250PjwvdGQ+Cgo8dGQ+PGltZyBzcmM9Imh0dHBzOi8vaW1hZ2UucmFrdXRlbi5jby5qcC9ydWlub2stMi9jYWJpbmV0L2Rlc2lnbi9sb25nc2VsbGVyX2thenUuanBnIiB3aWR0aD0iMTIwIiBoZWlnaHQ9Ijk1IiBhbHQ9Isr931uk06TOpKqk4qTBpOMiIGJvcmRlcj0iMCI+PGJyPjxmb250IHNpemU9IjEuNSI+yv3fW6TTpM6kqqTipMGk4zwvZm9udD48L3RkPgo8L3RyPgoKPHRyIGFsaWduPSJjZW50ZXIiPgo8dGQ+PGltZyBzcmM9Imh0dHBzOi8vaW1hZ2UucmFrdXRlbi5jby5qcC9ydWlub2stMi9jYWJpbmV0L2Rlc2lnbi9sb25nc2VsbGVyX2thcmFrdXJpLmpwZyIgd2lkdGg9IjEyMCIgaGVpZ2h0PSI5NSIgYWx0PSLEvqTOpKuk6aSvpOqkqqTipMGk4yIgYm9yZGVyPSIwIj48YnI+PGZvbnQgc2l6ZT0iMS41Ij4gpdyltKXtqWClxKWzpaikzqSqpOKkwaTjPC9mb250PjwvdGQ+Cgo8dGQ+PGltZyBzcmM9Imh0dHBzOi8vaW1hZ2UucmFrdXRlbi5jby5qcC9ydWlub2stMi9jYWJpbmV0L2Rlc2lnbi9sb25nc2VsbGVyX2JlbGFydXMuanBnIiB3aWR0aD0iMTIwIiBoZWlnaHQ9Ijk1IiBhbHQ9IqXZpeml66lgpbc/peqlzaXzIiBib3JkZXI9IjAiPjxicj48Zm9udCBzaXplPSIxLjUiPqXZpeml66lgpbc/peqlzaXzPC9mb250PjwvdGQ+Cgo8dGQ+PGltZyBzcmM9Imh0dHBzOi8vaW1hZ2UucmFrdXRlbi5jby5qcC9ydWlub2stMi9jYWJpbmV0L2Rlc2lnbi9sb25nc2VsbGVyX2t1cm9wYW4uanBnIiB3aWR0aD0iMTIwIiBoZWlnaHQ9Ijk1IiBhbHQ9IqXtpbeloqTO/Fyl0aXzIiBib3JkZXI9IjAiPjxicj48Zm9udCBzaXplPSIxLjUiPvxcpdGl8zwvZm9udD48L3RkPgoKPHRkPjxpbWcgc3JjPSJodHRwczovL2ltYWdlLnJha3V0ZW4uY28uanAvcnVpbm9rLTIvY2FiaW5ldC9kZXNpZ24vbG9uZ3NlbGxlcl8xNS5qcGciIHdpZHRoPSIxMjAiIGhlaWdodD0iOTUiIGFsdD0iyuyzyTE1xOql9KWhpbml16Xppaul8yIgYm9yZGVyPSIwIj48YnI+PGZvbnQgc2l6ZT0iMS41Ij7K7LPJMTXE6qX0paGluaXXpemlq6XzPC9mb250PjwvdGQ+CjwvdHI+CjwvdGFibGU+Cgo8L2Rpdj4=,yv3fW6TTINa4yMvQzoShiPYgobjI/calpM7X06XWpb+jqLPgyaukzs7duPmjqaG5ob6l3qXIpeql56lgpbelq6G/o7pSVUlOT0syoaGl66Wkpc6lrzI=,pd6lyKXqpeepYKW3paul7aW3paKl7aW3paLOxNGn/Fyl0aXzpcGlp6XWpempYKW3pauluaW/pfOl16XrpaSlzqWvsNfEvqXepcil6qXnqWClt6Wrpa+lw6WtqWCl3qXIpMGk46TzpbCluKWnpeql3qXIpeql56lgpbelq9f3vNKw18S+pd6lyKXqpeepYKW3paul7aW3paLJ+rXYpeypYKXLpfOl3qXIpeql56lgpbelq6W5pcil6aXDpdel7aW3paLratibpd6lyKXqpeepYKW3pavratibpd6lyKXqpeepYKW3pauluaW/pfOl16XZpeyluaW/yv3fW6TTINa4yMvQzoShiPYgobjI/calpM7X06XWpb+jqLPgyaukzs7duPmjqaG5ob6l3qXIpeql56lgpbelq6G/,pKuk76SkpKS80qSrpOnQocjLpbWlpKW6pM61x4j2yMvO76OhoaPK/d9bpNMg1rjIy9DOhKGI9iChuMj9xqWkztfTpdalv6Oos+DJq6TOzt24+aOpobmhvqXepcil6qXnqWClt6Wrob8=[rn]
40-32905,aHR0cDovL3RzaG9wLnIxMHMuanAvcnVpbm9rLTIvY2FiaW5ldC9zaGF0dXJhL2ltZ3JjMDA5Mjk3MjA2MS5qcGc/Zml0aW49NzAwOjcwMA==,MzAyNC4wMDAw,,pKqk4qTBpOM/pdul06lgP6WyqWCl4CA+IKSqpOKkwaTjID4gpN6k3qS0pMg/pLSkw6Sz31uk06XIpaQgPiCkvaTOy/s=,yv3fW6TTINa4yMvQzoShiPYgpe2lt6Wiw/HUkqXGpeyl4qlgpa+k6KTqobjJraTO1tnpZ6S/pMGjqMfgpKTO3bj5o6mhuaG+pd6lyKXqpeepYKW3pauhvw==,pKqk36TkpLKhoaSqpOKkwaTjoaHNr9SSoaGl7aW3paI=,vNKkzrjfpLWjujEzY22hodehyMukzsnt6UyjujMuNWNtPGJyPgrEvtF1xrc8YnI+Cm1hZGUgaW4gUnVzc2lhPGJyPgo8YnI+CqXtpbelosPx1JKhuqXGpeyl4qlgpa+hu6TypeKlwalgpdWky6S3pL/WuMjL0M6kzqSqpOKkwaTjoaM8YnI+CqXGpeyl4qlgpa+kyKTPobjQoaS1pMrT+bXuobmkyKSkpKbS4s62pMekuaGjPGJyPgrI1bG+pMekz6Wmpa+l6aWkpcrD8dSSobqkxqTWpK+k7aG7pKzT0MP7pMekuaSsoaI8YnI+Cs2spLik6KSmpMrJraTO1tCkzqSqvNKkzqSq1JKkx6S5oaM8YnI+PGJyPjxiciBjbGVhcj0iYWxsIj4KPGRpdiBjbGFzcz0iYWxwaGEiPgo8dGFibGUgYm9yZGVyPSIwIiB3aWR0aD0iNjAwIj4KCjwhLS0gU3BpbGxhpLWk86XQpcqpYCAtLT4KPHRyPjx0ZCBjb2xzcGFuPSI0IiBhbGlnbj0iY2VudGVyIj4KPGltZyBzcmM9Imh0dHBzOi8vaW1hZ2UucmFrdXRlbi5jby5qcC9ydWlub2stMi9jYWJpbmV0L2Rlc2lnbi8xNjAyMDEtc3BpbGxhLmpwZyIgd2lkdGg9IjYwMCIgaGVpZ2h0PSI5OSIgYWx0PSKl3qXIpeql56lgpbelq9f3vNKjunNwaWxsYSIgc3R5bGU9Im1hcmdpbjoxMCAwIDIiIGJvcmRlcj0iMCI+CjwvdGQ+PC90cj4KCjwhLS2kv6SrpM+kt6TIpOiks6S1pPOl0KXKqWAgLS0+Cjx0cj48dGQgY29sc3Bhbj0iNCIgYWxpZ249ImNlbnRlciI+CjxpbWcgc3JjPSJodHRwczovL2ltYWdlLnJha3V0ZW4uY28uanAvcnVpbm9rLTIvY2FiaW5ldC9kZXNpZ24vMTYwMjA0LXRha2FoYXNoaS5qcGciIHdpZHRoPSI2MDAiIGhlaWdodD0iOTkiIGFsdD0ipd6lyKXqpeepYKW3pavX97zSo7qkv6SrpM+kt6TIpOiksyIgc3R5bGU9Im1hcmdpbjowIDAgMiIgYm9yZGVyPSIwIj4KPC90ZD48L3RyPgoKPCEtLSCloqXIpeqlqGp1anUgLS0+Cjx0cj48dGQgY29sc3Bhbj0iNCIgYWxpZ249ImNlbnRlciI+CjxpbWcgc3JjPSJodHRwczovL2ltYWdlLnJha3V0ZW4uY28uanAvcnVpbm9rLTIvY2FiaW5ldC9kZXNpZ24vMTYwNTA5X2p1anUuanBnIiB3aWR0aD0iNjAwIiBoZWlnaHQ9Ijk5IiBhbHQ9IqXepcil6qXnqWClt6Wr1/e80qO6paKlyKXqpahqdWp1IiBzdHlsZT0ibWFyZ2luOjAgMCAyIiBib3JkZXI9IjAiPgo8L3RkPjwvdHI+Cgo8IS0tIMjVsb6kzqXepcil6qXnqWClt6Wr1/e80qO0w/sgLS0+Cjx0cj48dGQgY29sc3Bhbj0iNCIgYWxpZ249ImNlbnRlciI+CjxpbWcgc3JjPSJodHRwczovL2ltYWdlLnJha3V0ZW4uY28uanAvcnVpbm9rLTIvY2FiaW5ldC9kZXNpZ24vb3N1c3VtZV90aXRsZS5naWYiIHdpZHRoPSI2MDAiIGhlaWdodD0iMjUiIGFsdD0iyNWxvqTOpd6lyKXqpeepYKW3pavX97zSIiBzdHlsZT0ibWFyZ2luOjIwIDAgNSI+PGJyPgqhoTxmb250IHNpemU9IjIiPjxzdHJvbmc+KKOxtePP3raopKy24KSkpMekuaGipLTZj8jrpM+ks6TBpOmkq6Tpo6EpPC9zdHJvbmc+PC9mb250PjwvdGQ+PC90cj4KCjx0ciBhbGlnbj0iY2VudGVyIj4KPHRkPjxpbWcgc3JjPSJodHRwczovL2ltYWdlLnJha3V0ZW4uY28uanAvcnVpbm9rLTIvY2FiaW5ldC9kZXNpZ24vb3N1c3VtZV90YWthaGFzaGkuanBnIiB3aWR0aD0iMTIwIiBoZWlnaHQ9Ijk1IiBib3JkZXI9IjAiPjxicj48Zm9udCBzaXplPSIxLjUiPqS/pKukz6S3pMik6KSzPC9mb250PjwvdGQ+Cgo8dGQ+PGltZyBzcmM9Imh0dHBzOi8vaW1hZ2UucmFrdXRlbi5jby5qcC9ydWlub2stMi9jYWJpbmV0L2Rlc2lnbi9vc3VzdW1lX2Nob2NvbGEuanBnIiB3aWR0aD0iMTIwIiBoZWlnaHQ9Ijk1IiBib3JkZXI9IjAiPjxicj48Zm9udCBzaXplPSIxLjUiPqW3peels6XpuaS3vzwvZm9udD48L3RkPgoKPHRkPjxpbWcgc3JjPSJodHRwczovL2ltYWdlLnJha3V0ZW4uY28uanAvcnVpbm9rLTIvY2FiaW5ldC9kZXNpZ24vb3N1c3VtZV9raW11cmEuanBnIiB3aWR0aD0iMTIwIiBoZWlnaHQ9Ijk1IiBib3JkZXI9IjAiPjxicj48Zm9udCBzaXplPSIxLjUiPktpbXVyYSZhbXA7Q288L2ZvbnQ+PC90ZD4KCjx0ZD48aW1nIHNyYz0iaHR0cHM6Ly9pbWFnZS5yYWt1dGVuLmNvLmpwL3J1aW5vay0yL2NhYmluZXQvZGVzaWduL29zdXN1bWVfc3BpbGxhLmpwZyIgd2lkdGg9IjEyMCIgaGVpZ2h0PSI5NSIgYm9yZGVyPSIwIj48YnI+PGZvbnQgc2l6ZT0iMS41Ij5zcGlsbGE8L2ZvbnQ+PC90ZD4KPC90cj4KCjwhLS0gpe2l86Wwpbul6algyczGtyAtLT4KPHRyPjx0ZCBjb2xzcGFuPSI0IiBhbGlnbj0iY2VudGVyIj4KPGltZyBzcmM9Imh0dHBzOi8vaW1hZ2UucmFrdXRlbi5jby5qcC9ydWlub2stMi9jYWJpbmV0L2Rlc2lnbi9vc3VzdW1lX2xvbmdzZWxsZXIuZ2lmIiB3aWR0aD0iNjAwIiBoZWlnaHQ9IjI1IiBhbHQ9IqXtpfOlsKW7pempYMnMxrciIHN0eWxlPSJtYXJnaW46MjAgMCA1Ij48YnI+oaE8Zm9udCBzaXplPSIyIj6k26TDpLOk6tDEzsKk3qTrxrehqaTPlXK0+qTy1L2kqKTGkNuktaTsvkGksaTepLk8L2ZvbnQ+PC90ZD48L3RyPgoKPHRyIGFsaWduPSJjZW50ZXIiPgo8dGQ+PGltZyBzcmM9Imh0dHBzOi8vaW1hZ2UucmFrdXRlbi5jby5qcC9ydWlub2stMi9jYWJpbmV0L2Rlc2lnbi9sb25nc2VsbGVyX3B1cmEuanBnIiB3aWR0aD0iMTIwIiBoZWlnaHQ9Ijk1IiBhbHQ9IqXXpemlyKlgpa8iIGJvcmRlcj0iMCI+PGJyPjxmb250IHNpemU9IjEuNSI+pdel6aXIqWClrzwvZm9udD48L3RkPgoKPHRkPjxpbWcgc3JjPSJodHRwczovL2ltYWdlLnJha3V0ZW4uY28uanAvcnVpbm9rLTIvY2FiaW5ldC9kZXNpZ24vbG9uZ3NlbGxlcl9ob2Z1LmpwZyIgd2lkdGg9IjEyMCIgaGVpZ2h0PSI5NSIgYWx0PSKl26XVpe2l3iIgYm9yZGVyPSIwIj48YnI+PGZvbnQgc2l6ZT0iMS41Ij6l26XVpe2l3jwvZm9udD48L3RkPgoKPHRkPjxpbWcgc3JjPSJodHRwczovL2ltYWdlLnJha3V0ZW4uY28uanAvcnVpbm9rLTIvY2FiaW5ldC9kZXNpZ24vbG9uZ3NlbGxlcl9iZXJlc3V0YS5qcGciIHdpZHRoPSIxMjAiIGhlaWdodD0iOTUiIGFsdD0ipdml7KW5pb8iIGJvcmRlcj0iMCI+PGJyPjxmb250IHNpemU9IjEuNSI+pdml7KW5pb88L2ZvbnQ+PC90ZD4KCjx0ZD48aW1nIHNyYz0iaHR0cHM6Ly9pbWFnZS5yYWt1dGVuLmNvLmpwL3J1aW5vay0yL2NhYmluZXQvZGVzaWduL2xvbmdzZWxsZXJfa2F6dS5qcGciIHdpZHRoPSIxMjAiIGhlaWdodD0iOTUiIGFsdD0iyv3fW6TTpM6kqqTipMGk4yIgYm9yZGVyPSIwIj48YnI+PGZvbnQgc2l6ZT0iMS41Ij7K/d9bpNOkzqSqpOKkwaTjPC9mb250PjwvdGQ+CjwvdHI+Cgo8dHIgYWxpZ249ImNlbnRlciI+Cjx0ZD48aW1nIHNyYz0iaHR0cHM6Ly9pbWFnZS5yYWt1dGVuLmNvLmpwL3J1aW5vay0yL2NhYmluZXQvZGVzaWduL2xvbmdzZWxsZXJfa2FyYWt1cmkuanBnIiB3aWR0aD0iMTIwIiBoZWlnaHQ9Ijk1IiBhbHQ9IsS+pM6kq6TppK+k6qSqpOKkwaTjIiBib3JkZXI9IjAiPjxicj48Zm9udCBzaXplPSIxLjUiPiCl3KW0pe2pYKXEpbOlqKTOpKqk4qTBpOM8L2ZvbnQ+PC90ZD4KCjx0ZD48aW1nIHNyYz0iaHR0cHM6Ly9pbWFnZS5yYWt1dGVuLmNvLmpwL3J1aW5vay0yL2NhYmluZXQvZGVzaWduL2xvbmdzZWxsZXJfYmVsYXJ1cy5qcGciIHdpZHRoPSIxMjAiIGhlaWdodD0iOTUiIGFsdD0ipdml6aXrqWCltz+l6qXNpfMiIGJvcmRlcj0iMCI+PGJyPjxmb250IHNpemU9IjEuNSI+pdml6aXrqWCltz+l6qXNpfM8L2ZvbnQ+PC90ZD4KCjx0ZD48aW1nIHNyYz0iaHR0cHM6Ly9pbWFnZS5yYWt1dGVuLmNvLmpwL3J1aW5vay0yL2NhYmluZXQvZGVzaWduL2xvbmdzZWxsZXJfa3Vyb3Bhbi5qcGciIHdpZHRoPSIxMjAiIGhlaWdodD0iOTUiIGFsdD0ipe2lt6WipM78XKXRpfMiIGJvcmRlcj0iMCI+PGJyPjxmb250IHNpemU9IjEuNSI+/Fyl0aXzPC9mb250PjwvdGQ+Cgo8dGQ+PGltZyBzcmM9Imh0dHBzOi8vaW1hZ2UucmFrdXRlbi5jby5qcC9ydWlub2stMi9jYWJpbmV0L2Rlc2lnbi9sb25nc2VsbGVyXzE1LmpwZyIgd2lkdGg9IjEyMCIgaGVpZ2h0PSI5NSIgYWx0PSLK7LPJMTXE6qX0paGluaXXpemlq6XzIiBib3JkZXI9IjAiPjxicj48Zm9udCBzaXplPSIxLjUiPsrss8kxNcTqpfSloaW5pdel6aWrpfM8L2ZvbnQ+PC90ZD4KPC90cj4KPC90YWJsZT4KCjwvZGl2Pg==,yv3fW6TTINa4yMvQzoShiPYgpe2lt6Wiw/HUkqXGpeyl4qlgpa+k6KTqobjJraTO1tnpZ6S/pMGjqMfgpKTO3bj5o6mhuaG+pd6lyKXqpeepYKW3pauhv6O6UlVJTk9LMqGhpeulpKXOpa8y,pd6lyKXqpeepYKW3paul7aW3paKl7aW3paLOxNGn/Fyl0aXzpcGlp6XWpempYKW3pauluaW/pfOl16XrpaSlzqWvsNfEvqXepcil6qXnqWClt6Wrpa+lw6WtqWCl3qXIpMGk46TzpbCluKWnpeql3qXIpeql56lgpbelq9f3vNKw18S+pd6lyKXqpeepYKW3paul7aW3paLJ+rXYpeypYKXLpfOl3qXIpeql56lgpbelq6W5pcil6aXDpdel7aW3paLratibpd6lyKXqpeepYKW3pavratibpd6lyKXqpeepYKW3pauluaW/pfOl16XZpeyluaW/yv3fW6TTINa4yMvQzoShiPYgpe2lt6Wiw/HUkqXGpeyl4qlgpa+k6KTqobjJraTO1tnpZ6S/pMGjqMfgpKTO3bj5o6mhuaG+pd6lyKXqpeepYKW3pauhvw==,pKqk36TkpLKhoaSqpOKkwaTjoaHNr9SSoaGl7aW3paKho8r931uk0yDWuMjL0M6EoYj2IKXtpbelosPx1JKlxqXspeKpYKWvpOik6qG4ya2kztbZ6Wekv6TBo6jH4KSkzt24+aOpobmhvqXepcil6qXnqWClt6Wrob8=[rn]
40-32906,aHR0cDovL3RzaG9wLnIxMHMuanAvcnVpbm9rLTIvY2FiaW5ldC9zaGF0dXJhL2ltZ3JjMDA5MjUxODY0MS5qcGc/Zml0aW49NzAwOjcwMA==,MzAyNC4wMDAw,,pKqk4qTBpOM/pdul06lgP6WyqWCl4CA+IKSqpOKkwaTjID4gpN6k3qS0pMg/pLSkw6Sz31uk06XIpaQgPiCkvaTOy/s=,yv3fW6TTINa4yMvQzoShiPahuMmtpM6kqqSmpMGjqMfgpKTO3bj5o6mhq7PgpLqkraTzoauhuaG+pd6lyKXqpeepYKW3pauhvw==,pKqk36TkpLKhoaSqpOKkwaTjoaHNr9SSoaGl7aW3paI=,PGJyPgo8aW1nIHNyYz0iaHR0cDovL2ltYWdlLnJha3V0ZW4uY28uanAvcnVpbm9rLTIvY2FiaW5ldC9zaGF0dXJhL2ltZ3JjMDA5MjUxODY0My5qcGciPgo8YnI+vNKkzrjfpLWjujEzY22hodehyMukzsnt6UyjujMuNWNtPEJSPgrEvtF1xrc8QlI+Cm1hZGUgaW4gUnVzc2lhPEJSPjxCUj4Kza/UkqG4s+CkuqStpPOhuaTypeKlwalgpdWky6S3pL+kqqTipMGk46GjPEJSPgq1x4j2yMvO76SspOak08jL0M6ky6TKpMOkxqSkpN6kuaGjPEJSPjxCUj48YnIgY2xlYXI9ImFsbCI+CjxkaXYgY2xhc3M9ImFscGhhIj4KPHRhYmxlIGJvcmRlcj0iMCIgd2lkdGg9IjYwMCI+Cgo8IS0tIFNwaWxsYaS1pPOl0KXKqWAgLS0+Cjx0cj48dGQgY29sc3Bhbj0iNCIgYWxpZ249ImNlbnRlciI+CjxpbWcgc3JjPSJodHRwczovL2ltYWdlLnJha3V0ZW4uY28uanAvcnVpbm9rLTIvY2FiaW5ldC9kZXNpZ24vMTYwMjAxLXNwaWxsYS5qcGciIHdpZHRoPSI2MDAiIGhlaWdodD0iOTkiIGFsdD0ipd6lyKXqpeepYKW3pavX97zSo7pzcGlsbGEiIHN0eWxlPSJtYXJnaW46MTAgMCAyIiBib3JkZXI9IjAiPgo8L3RkPjwvdHI+Cgo8IS0tpL+kq6TPpLekyKTopLOktaTzpdClyqlgIC0tPgo8dHI+PHRkIGNvbHNwYW49IjQiIGFsaWduPSJjZW50ZXIiPgo8aW1nIHNyYz0iaHR0cHM6Ly9pbWFnZS5yYWt1dGVuLmNvLmpwL3J1aW5vay0yL2NhYmluZXQvZGVzaWduLzE2MDIwNC10YWthaGFzaGkuanBnIiB3aWR0aD0iNjAwIiBoZWlnaHQ9Ijk5IiBhbHQ9IqXepcil6qXnqWClt6Wr1/e80qO6pL+kq6TPpLekyKTopLMiIHN0eWxlPSJtYXJnaW46MCAwIDIiIGJvcmRlcj0iMCI+CjwvdGQ+PC90cj4KCjwhLS0gpaKlyKXqpahqdWp1IC0tPgo8dHI+PHRkIGNvbHNwYW49IjQiIGFsaWduPSJjZW50ZXIiPgo8aW1nIHNyYz0iaHR0cHM6Ly9pbWFnZS5yYWt1dGVuLmNvLmpwL3J1aW5vay0yL2NhYmluZXQvZGVzaWduLzE2MDUwOV9qdWp1LmpwZyIgd2lkdGg9IjYwMCIgaGVpZ2h0PSI5OSIgYWx0PSKl3qXIpeql56lgpbelq9f3vNKjuqWipcil6qWoanVqdSIgc3R5bGU9Im1hcmdpbjowIDAgMiIgYm9yZGVyPSIwIj4KPC90ZD48L3RyPgoKPCEtLSDI1bG+pM6l3qXIpeql56lgpbelq9f3vNKjtMP7IC0tPgo8dHI+PHRkIGNvbHNwYW49IjQiIGFsaWduPSJjZW50ZXIiPgo8aW1nIHNyYz0iaHR0cHM6Ly9pbWFnZS5yYWt1dGVuLmNvLmpwL3J1aW5vay0yL2NhYmluZXQvZGVzaWduL29zdXN1bWVfdGl0bGUuZ2lmIiB3aWR0aD0iNjAwIiBoZWlnaHQ9IjI1IiBhbHQ9IsjVsb6kzqXepcil6qXnqWClt6Wr1/e80iIgc3R5bGU9Im1hcmdpbjoyMCAwIDUiPjxicj4KoaE8Zm9udCBzaXplPSIyIj48c3Ryb25nPiijsbXjz962qKSstuCkpKTHpLmhoqS02Y/I66TPpLOkwaTppKuk6aOhKTwvc3Ryb25nPjwvZm9udD48L3RkPjwvdHI+Cgo8dHIgYWxpZ249ImNlbnRlciI+Cjx0ZD48aW1nIHNyYz0iaHR0cHM6Ly9pbWFnZS5yYWt1dGVuLmNvLmpwL3J1aW5vay0yL2NhYmluZXQvZGVzaWduL29zdXN1bWVfdGFrYWhhc2hpLmpwZyIgd2lkdGg9IjEyMCIgaGVpZ2h0PSI5NSIgYm9yZGVyPSIwIj48YnI+PGZvbnQgc2l6ZT0iMS41Ij6kv6SrpM+kt6TIpOikszwvZm9udD48L3RkPgoKPHRkPjxpbWcgc3JjPSJodHRwczovL2ltYWdlLnJha3V0ZW4uY28uanAvcnVpbm9rLTIvY2FiaW5ldC9kZXNpZ24vb3N1c3VtZV9jaG9jb2xhLmpwZyIgd2lkdGg9IjEyMCIgaGVpZ2h0PSI5NSIgYm9yZGVyPSIwIj48YnI+PGZvbnQgc2l6ZT0iMS41Ij6lt6XnpbOl6bmkt788L2ZvbnQ+PC90ZD4KCjx0ZD48aW1nIHNyYz0iaHR0cHM6Ly9pbWFnZS5yYWt1dGVuLmNvLmpwL3J1aW5vay0yL2NhYmluZXQvZGVzaWduL29zdXN1bWVfa2ltdXJhLmpwZyIgd2lkdGg9IjEyMCIgaGVpZ2h0PSI5NSIgYm9yZGVyPSIwIj48YnI+PGZvbnQgc2l6ZT0iMS41Ij5LaW11cmEmYW1wO0NvPC9mb250PjwvdGQ+Cgo8dGQ+PGltZyBzcmM9Imh0dHBzOi8vaW1hZ2UucmFrdXRlbi5jby5qcC9ydWlub2stMi9jYWJpbmV0L2Rlc2lnbi9vc3VzdW1lX3NwaWxsYS5qcGciIHdpZHRoPSIxMjAiIGhlaWdodD0iOTUiIGJvcmRlcj0iMCI+PGJyPjxmb250IHNpemU9IjEuNSI+c3BpbGxhPC9mb250PjwvdGQ+CjwvdHI+Cgo8IS0tIKXtpfOlsKW7pempYMnMxrcgLS0+Cjx0cj48dGQgY29sc3Bhbj0iNCIgYWxpZ249ImNlbnRlciI+CjxpbWcgc3JjPSJodHRwczovL2ltYWdlLnJha3V0ZW4uY28uanAvcnVpbm9rLTIvY2FiaW5ldC9kZXNpZ24vb3N1c3VtZV9sb25nc2VsbGVyLmdpZiIgd2lkdGg9IjYwMCIgaGVpZ2h0PSIyNSIgYWx0PSKl7aXzpbClu6XpqWDJzMa3IiBzdHlsZT0ibWFyZ2luOjIwIDAgNSI+PGJyPqGhPGZvbnQgc2l6ZT0iMiI+pNukw6SzpOrQxM7CpN6k68a3oamkz5VytPqk8tS9pKikxpDbpLWk7L5BpLGk3qS5PC9mb250PjwvdGQ+PC90cj4KCjx0ciBhbGlnbj0iY2VudGVyIj4KPHRkPjxpbWcgc3JjPSJodHRwczovL2ltYWdlLnJha3V0ZW4uY28uanAvcnVpbm9rLTIvY2FiaW5ldC9kZXNpZ24vbG9uZ3NlbGxlcl9wdXJhLmpwZyIgd2lkdGg9IjEyMCIgaGVpZ2h0PSI5NSIgYWx0PSKl16XppcipYKWvIiBib3JkZXI9IjAiPjxicj48Zm9udCBzaXplPSIxLjUiPqXXpemlyKlgpa88L2ZvbnQ+PC90ZD4KCjx0ZD48aW1nIHNyYz0iaHR0cHM6Ly9pbWFnZS5yYWt1dGVuLmNvLmpwL3J1aW5vay0yL2NhYmluZXQvZGVzaWduL2xvbmdzZWxsZXJfaG9mdS5qcGciIHdpZHRoPSIxMjAiIGhlaWdodD0iOTUiIGFsdD0ipdul1aXtpd4iIGJvcmRlcj0iMCI+PGJyPjxmb250IHNpemU9IjEuNSI+pdul1aXtpd48L2ZvbnQ+PC90ZD4KCjx0ZD48aW1nIHNyYz0iaHR0cHM6Ly9pbWFnZS5yYWt1dGVuLmNvLmpwL3J1aW5vay0yL2NhYmluZXQvZGVzaWduL2xvbmdzZWxsZXJfYmVyZXN1dGEuanBnIiB3aWR0aD0iMTIwIiBoZWlnaHQ9Ijk1IiBhbHQ9IqXZpeyluaW/IiBib3JkZXI9IjAiPjxicj48Zm9udCBzaXplPSIxLjUiPqXZpeyluaW/PC9mb250PjwvdGQ+Cgo8dGQ+PGltZyBzcmM9Imh0dHBzOi8vaW1hZ2UucmFrdXRlbi5jby5qcC9ydWlub2stMi9jYWJpbmV0L2Rlc2lnbi9sb25nc2VsbGVyX2thenUuanBnIiB3aWR0aD0iMTIwIiBoZWlnaHQ9Ijk1IiBhbHQ9Isr931uk06TOpKqk4qTBpOMiIGJvcmRlcj0iMCI+PGJyPjxmb250IHNpemU9IjEuNSI+yv3fW6TTpM6kqqTipMGk4zwvZm9udD48L3RkPgo8L3RyPgoKPHRyIGFsaWduPSJjZW50ZXIiPgo8dGQ+PGltZyBzcmM9Imh0dHBzOi8vaW1hZ2UucmFrdXRlbi5jby5qcC9ydWlub2stMi9jYWJpbmV0L2Rlc2lnbi9sb25nc2VsbGVyX2thcmFrdXJpLmpwZyIgd2lkdGg9IjEyMCIgaGVpZ2h0PSI5NSIgYWx0PSLEvqTOpKuk6aSvpOqkqqTipMGk4yIgYm9yZGVyPSIwIj48YnI+PGZvbnQgc2l6ZT0iMS41Ij4gpdyltKXtqWClxKWzpaikzqSqpOKkwaTjPC9mb250PjwvdGQ+Cgo8dGQ+PGltZyBzcmM9Imh0dHBzOi8vaW1hZ2UucmFrdXRlbi5jby5qcC9ydWlub2stMi9jYWJpbmV0L2Rlc2lnbi9sb25nc2VsbGVyX2JlbGFydXMuanBnIiB3aWR0aD0iMTIwIiBoZWlnaHQ9Ijk1IiBhbHQ9IqXZpeml66lgpbc/peqlzaXzIiBib3JkZXI9IjAiPjxicj48Zm9udCBzaXplPSIxLjUiPqXZpeml66lgpbc/peqlzaXzPC9mb250PjwvdGQ+Cgo8dGQ+PGltZyBzcmM9Imh0dHBzOi8vaW1hZ2UucmFrdXRlbi5jby5qcC9ydWlub2stMi9jYWJpbmV0L2Rlc2lnbi9sb25nc2VsbGVyX2t1cm9wYW4uanBnIiB3aWR0aD0iMTIwIiBoZWlnaHQ9Ijk1IiBhbHQ9IqXtpbeloqTO/Fyl0aXzIiBib3JkZXI9IjAiPjxicj48Zm9udCBzaXplPSIxLjUiPvxcpdGl8zwvZm9udD48L3RkPgoKPHRkPjxpbWcgc3JjPSJodHRwczovL2ltYWdlLnJha3V0ZW4uY28uanAvcnVpbm9rLTIvY2FiaW5ldC9kZXNpZ24vbG9uZ3NlbGxlcl8xNS5qcGciIHdpZHRoPSIxMjAiIGhlaWdodD0iOTUiIGFsdD0iyuyzyTE1xOql9KWhpbml16Xppaul8yIgYm9yZGVyPSIwIj48YnI+PGZvbnQgc2l6ZT0iMS41Ij7K7LPJMTXE6qX0paGluaXXpemlq6XzPC9mb250PjwvdGQ+CjwvdHI+CjwvdGFibGU+Cgo8L2Rpdj4=,yv3fW6TTINa4yMvQzoShiPahuMmtpM6kqqSmpMGjqMfgpKTO3bj5o6mhq7PgpLqkraTzoauhuaG+pd6lyKXqpeepYKW3pauhv6O6UlVJTk9LMqGhpeulpKXOpa8y,pd6lyKXqpeepYKW3paul7aW3paKl7aW3paLOxNGn/Fyl0aXzpcGlp6XWpempYKW3pauluaW/pfOl16XrpaSlzqWvsNfEvqXepcil6qXnqWClt6Wrpa+lw6WtqWCl3qXIpMGk46TzpbCluKWnpeql3qXIpeql56lgpbelq9f3vNKw18S+pd6lyKXqpeepYKW3paul7aW3paLJ+rXYpeypYKXLpfOl3qXIpeql56lgpbelq6W5pcil6aXDpdel7aW3paLratibpd6lyKXqpeepYKW3pavratibpd6lyKXqpeepYKW3pauluaW/pfOl16XZpeyluaW/yv3fW6TTINa4yMvQzoShiPahuMmtpM6kqqSmpMGjqMfgpKTO3bj5o6mhq7PgpLqkraTzoauhuaG+pd6lyKXqpeepYKW3pauhvw==,pKqk36TkpLKhoaSqpOKkwaTjoaHNr9SSoaGl7aW3paKho8r931uk0yDWuMjL0M6EoYj2objJraTOpKqkpqTBo6jH4KSkzt24+aOpoauz4KS6pK2k86GrobmhvqXepcil6qXnqWClt6Wrob8=[rn]
40-32907,aHR0cDovL3RzaG9wLnIxMHMuanAvbW9jLWtpbm9vbW9jaGEvY2FiaW5ldC9icmlvL2JyMzM5NDYuanBnP2ZpdGluPTcwMDo3MDA=,MjQxOS4yMDAw,,pKqk4qTBpOM/pdul06lgP6WyqWCl4CA+IKSqpOKkwaTjID4gpN6k3qS0pMg/pLSkw6Sz31uk06XIpaQgPiCkvaTOy/s=,ob7EvqTOpKqk4qTBpOOhvyCl1qXqpaovQlJJTyBWaWxsYWdlIKX0paOl7KXDpbihoaXeqWClsaXDpcihoaS0pMOks99bpNOhvrmdvuQgyOuIQNfkiEChocjr0afX5JhJoaHX07mpob+hvmOhv6G+ob8=,QlJJT6XvqWCl66XJpM6ktKTDpLPfW6TT,PHRhYmxlIHdpZHRoPSI3NjAiIGJvcmRlcj0iMCIgY2VsbHNwYWNpbmc9IjAiIGNlbGxwYWRkaW5nPSIwIj4KPHRyPjx0ZD4KPGlmcmFtZSBzcmM9Imh0dHA6Ly93d3cucmFrdXRlbi5uZS5qcC9nb2xkL21vYy1raW5vb21vY2hhL2JydmlsbGFnZTAxLmh0bWwiIHdpZHRoPSI3NjAiIGhlaWdodD0iMjcwMCIgc2VhbWxlc3MgdGFyZ2V0PSJfcGFyZW50IiBmcmFtZWJvcmRlcj0iMCI+PC9pZnJhbWU+CjwvdGQ+PC90cj4KCjwvdGFibGU+PCEtLSClrqXVpciloqWkpbOl87Htyr6ks6SzpKuk6S0tPgo8dGFibGUgd2lkdGg9IjQwOCIgYm9yZGVyPSIwIiBjZWxsc3BhY2luZz0iMCIgY2VsbHBhZGRpbmc9IjAiPgogIDx0cj4KICAgIDx0ZCBhbGlnbj0ibGVmdCI+PGltZyBzcmM9Imh0dHA6Ly93d3cucmFrdXRlbi5uZS5qcC9nb2xkL21vYy1raW5vb21vY2hhL2ltZy9va3VyaW1vbm8vdHRsXzAwLmdpZiIgYWx0PSKlrqXVpciMnY/qpaKlpKWzpfOky6TEpKSkxiIgd2lkdGg9IjMwMCIgaGVpZ2h0PSI3MSIgYm9yZGVyPSIwIj48YnI+CiAgICA8Zm9udCBzaXplPSItMSI+ofmlrqXVpciMnY/qpaKlpKWzpfOky6TEpKSkxjwvZm9udD48L3RkPgogIDwvdHI+CjwvdGFibGU+CjwhLS0gpa6l1aXIpaKlpKWzpfOx7cq+pLOks6TepMctLT48dGFibGUgd2lkdGg9IjQwOCIgYm9yZGVyPSIwIiBjZWxsc3BhY2luZz0iMCIgY2VsbHBhZGRpbmc9IjEwIj4KPHRyPjx0ZD48IS0tIMnMxrfVaMP3pLOks6SrpOktLT48Zm9udCBzaXplPSIyIiA+CkJSSU+hoaXWpeqlqiCl9KWjpeylw6W4IKXeqWClsaXDpcggpMekuaGjCjxicj6l1qXqpaogpfSlo6XspcOluKTO0KGktaTKpKq16s7dpLWk86W7pcOlyKTHpLmhowo8YnI+hae3gqS3pL/QwvVypMrSsLLLpOS5+87vpPKJ06TqpN6kt6TnpKahowo8YnI+QlJJT6GhpfSlo6XspcOluKTPyNWzo6TOyfq77qTypcapYKXepMukt6S/QlJJT6XvqWCl66XJpbel6qlgpbqkx6S5oaMKPGJyPoST1OykrJhTpLekr6TKpOtCUklPpe+pYKXrpcmkzqX0paOl7KXDpbikx6Gi19S31qTO7q6k8tf3pMOkxqTfpN6kt6TnpKahowoKCjwvZm9udD48IS0tIMnMxrfVaMP3pLOks6TepMctLT48L3RkPjwvdHI+PC90YWJsZT48dGFibGUgd2lkdGg9IjQwOCIgYm9yZGVyPSIwIiBjZWxsc3BhY2luZz0iMCIgY2VsbHBhZGRpbmc9IjEwIiBiZ2NvbG9yPSIjZjBmMGYwIj4gPHRyPiAgPHRkPjxmb250IHNpemU9IjIiPgoKPCEtLSDKy5iUpLOks6SrpOkgLS0+PC9mb250Pjxmb250IHNpemU9IjIiPgqh8dF1xreltaWkpbqhobxzMTFjbShXKaHBvHMxMWNtKEQpocG8czE1Y20oSCkKPEJSPqHxjJ3P88Tq/WihoTOacqGrCjxicj48Zm9udCBjb2xvcj0iY2MwMDAwIj6h8UNFoaGl6Klgpe2lw6XRsLLIq9KOuPGhoqSqpOKkwaTjsLLIq7v5nMqhuEVONzGhud9tus/Gtzxicj6kqtfTmJSkrKTKpOGkxqTisLLIq6TKiVTBz6TyyrnTw6S3pMakpKTepLmhowo8L2ZvbnQ+Cgo8IS0tIMrLmJSks6SzpN6kxyAtLT48L2ZvbnQ+PC90ZD4gPC90cj48L3RhYmxlPjxicj48aW1nIHNyYz0iaHR0cDovL2ltYWdlLnJha3V0ZW4uY28uanAvbW9jLWtpbm9vbW9jaGEvY2FiaW5ldC93cmFwcGluZy13cmFwcGluZy5naWYiIGFsdD0ipa6l1aXIpemlw6XUpfOlsCIgaGVpZ2h0PSIxOCIgd2lkdGg9IjgyIiBib3JkZXI9IjAiPjxpbWcgc3JjPSJodHRwOi8vaW1hZ2UucmFrdXRlbi5jby5qcC9tb2Mta2lub29tb2NoYS9jYWJpbmV0L3dyYXBwaW5nLWZyZWUuZ2lmIiBhbHQ9Ip9vwc8iIGhlaWdodD0iMTgiIHdpZHRoPSI0MCIgYm9yZGVyPSIwIj48aW1nIHNyYz0iaHR0cDovL2ltYWdlLnJha3V0ZW4uY28uanAvbW9jLWtpbm9vbW9jaGEvY2FiaW5ldC9zcGFjZS5naWYiIGFsdD0iIiBoZWlnaHQ9IjE4IiB3aWR0aD0iMTAiPjxpbWcgc3JjPSJodHRwOi8vaW1hZ2UucmFrdXRlbi5jby5qcC9tb2Mta2lub29tb2NoYS9jYWJpbmV0L3dyYXBwaW5nLWFsbC5naWYiIGhlaWdodD0iNDIiIHdpZHRoPSI0MiIgYm9yZGVyPSIwIj48YnI+PGJyPjxpbWcgc3JjPSJodHRwOi8vaW1hZ2UucmFrdXRlbi5jby5qcC9tb2Mta2lub29tb2NoYS9jYWJpbmV0L3NtL21hdG9tZS1pY29uMy5naWYiIGFsdD0ipN6kyKTh2UmkpCIgaGVpZ2h0PSIzMCIgd2lkdGg9IjMwMCIgYm9yZGVyPSIwIj48YnI+PGJyPjxpbWcgc3JjPSJodHRwOi8vaW1hZ2UucmFrdXRlbi5jby5qcC9tb2Mta2lub29tb2NoYS9jYWJpbmV0L25ldy9zaG9wL2MtYmFubmVyMDUuanBnIiBhbHQ9IqXspdOl5algpPKV+KSkpMYgpa+pYKXdpfMiIHdpZHRoPSIzMDAiIGJvcmRlcj0iMCI+PGJyPqG+pbOl86XTpcvK3MihjJ2P6snMxrehvzxzdHlsZSB0eXBlPSJ0ZXh0L2NzcyI+Ci8q2UmkpM7vpKuktKTLyOuk7KTrpdylv6XzKi8KI3Jha3V0ZW5MaW1pdGVkSWRfYXJvdW5kQ2FydCBpbnB1dFt2YWx1ZT0i2UmkpM7vpKuktKTLyOuk7KTrIl17CmJhY2tncm91bmQ6IHVybCgiaHR0cDovL2ltYWdlLnJha3V0ZW4uY28uanAvbW9jLWtpbm9vbW9jaGEvY2FiaW5ldC9uZXcvbWFpbi9jYXJ0MDEtMy5naWYiKSBsZWZ0IHRvcCBuby1yZXBlYXQ7CndpZHRoOjI0MHB4OwpoZWlnaHQ6NTBweDsKdGV4dC1pbmRlbnQ6MTAwJTsKd2hpdGUtc3BhY2U6bm93cmFwOwpvdmVyZmxvdzpoaWRkZW47CmJvcmRlcjogbm9uZTsKcGFkZGluZzowOwptYXJnaW4tdG9wOjVweCAwOwpjdXJzb3I6cG9pbnRlcjsKfQojcmFrdXRlbkxpbWl0ZWRJZF9hcm91bmRDYXJ0IHRib2R5IHRyIHRkIGlucHV0OmhvdmVyewphbHBoYShvcGFjaXR5PTgpOwotbW96LW9wYWNpdHk6MC44OwpvcGFjaXR5OjAuODsKY3Vyc29yOnBvaW50ZXI7Cn0KPC9zdHlsZT4KCgoKCgoKCjx0YWJsZSB3aWR0aD0iNzYwIiBjZWxsc3BhY2luZz0iMCIgY2VsbHBhZGRpbmc9IjgiIGJnY29sb3I9IiNjZWNlYjIiPgogIDx0Ym9keT4KICAgIDx0cj4KICAgICAgPHRkPjxpbWcgc3JjPSJodHRwOi8vd3d3LnJha3V0ZW4ubmUuanAvZ29sZC9tb2Mta2lub29tb2NoYS9pbWcvYXJyb3ctT1YtUi5naWYiIGFsdD0iIiBoZWlnaHQ9IjIzIiB3aWR0aD0iMjMiIGFsaWduPSJhYnNtaWRkbGUiIGJvcmRlcj0iMCIgLz48Zm9udCBjb2xvcj0iIzVhNWE1YSIgc2l6ZT0iMiI+1vekyjwvZm9udD48Zm9udCBjb2xvcj0iIzVhNWE1YSI+PHN0cm9uZz48Zm9udCBzaXplPSIyIj6l1qXppfOlyTwvZm9udD48L3N0cm9uZz48L2ZvbnQ+PC90ZD4KICAgIDwvdHI+CiAgPC90Ym9keT4KPC90YWJsZT4KPGltZyBzcmM9Imh0dHA6Ly93d3cucmFrdXRlbi5uZS5qcC9nb2xkL21vYy1raW5vb21vY2hhL2ltZy9zcGFjZS5naWYiIGFsdD0iIiBoZWlnaHQ9IjYiIHdpZHRoPSIxMDAiIGJvcmRlcj0iMCI+Cjx0YWJsZSB3aWR0aD0iNzYwIiBib3JkZXI9IjAiIGNlbGxwYWRkaW5nPSIwIiBjZWxsc3BhY2luZz0iMSIgYmdjb2xvcj0iI2NlY2ViMiI+CiAgPHRyIGhlaWdodD0iMzUiPgogICAgPHRkIHdpZHRoPSIxMCUiIGhlaWdodD0iMzUiIGFsaWduPSJyaWdodCIgYmdjb2xvcj0id2hpdGUiPjxpbWcgc3JjPSJodHRwOi8vd3d3LnJha3V0ZW4ubmUuanAvZ29sZC9tb2Mta2lub29tb2NoYS9pbWcvYmxhbmQtMDQuZ2lmIiBhbHQ9Itaq0/3N5r7fpM6loqWkpeClyKWkIiBoZWlnaHQ9IjM1IiB3aWR0aD0iOTYiIGJvcmRlcj0iMCIgLz48L3RkPgogICAgPHRkIHdpZHRoPSIxMCUiIGhlaWdodD0iMzUiIGFsaWduPSJyaWdodCIgYmdjb2xvcj0id2hpdGUiPjxpbWcgc3JjPSJodHRwOi8vd3d3LnJha3V0ZW4ubmUuanAvZ29sZC9tb2Mta2lub29tb2NoYS9pbWcvYmxhbmQtMDEuZ2lmIiBhbHQ9IrTzyMua3SCl16XppfOlyKWkIFBMQU5UT1lTIiBoZWlnaHQ9IjM1IiB3aWR0aD0iOTYiIGJvcmRlcj0iMCIgLz48L3RkPgogICAgPHRkIHdpZHRoPSIxMCUiIGFsaWduPSJyaWdodCIgYmdjb2xvcj0id2hpdGUiPjxpbWcgc3JjPSJodHRwOi8vd3d3LnJha3V0ZW4ubmUuanAvZ29sZC9tb2Mta2lub29tb2NoYS9pbWcvYmxhbmQtMzctMi5naWYiIGFsdD0iS0FQTEEgpaul16XpIiBoZWlnaHQ9IjM1IiB3aWR0aD0iOTYiIGJvcmRlcj0iMCIgLz48L3RkPgogICAgPHRkIHdpZHRoPSIxMCUiIGFsaWduPSJyaWdodCIgYmdjb2xvcj0id2hpdGUiPjxpbWcgc3JjPSJodHRwOi8vd3d3LnJha3V0ZW4ubmUuanAvZ29sZC9tb2Mta2lub29tb2NoYS9pbWcvYnJhbmQtbWFnLmdpZiIgYWx0PSKl3qWwP6XVpampYKXeqWAgbWFnZm9ybWVycyIgaGVpZ2h0PSIzNSIgd2lkdGg9Ijk2IiBib3JkZXI9IjAiIC8+PC90ZD4KICAgIDx0ZCB3aWR0aD0iMTAlIiBhbGlnbj0icmlnaHQiIGJnY29sb3I9IndoaXRlIj48aW1nIHNyYz0iaHR0cDovL3d3dy5yYWt1dGVuLm5lLmpwL2dvbGQvbW9jLWtpbm9vbW9jaGEvaW1nL2JsYW5kLTM2LmdpZiIgYWx0PSKjtE2lr6XppdWlyKWtpcOlyCIgaGVpZ2h0PSIzNSIgd2lkdGg9Ijk2IiBib3JkZXI9IjAiIC8+PC90ZD4KICAgIDx0ZCB3aWR0aD0iMTAlIiBhbGlnbj0icmlnaHQiIGJnY29sb3I9IndoaXRlIj48aW1nIHNyYz0iaHR0cDovL3d3dy5yYWt1dGVuLm5lLmpwL2dvbGQvbW9jLWtpbm9vbW9jaGEvaW1nL2JsYW5kLTA1LmdpZiIgYWx0PSKl1qXqpaogQlJJTyCE06SvoaLfW6TZpOsiIGhlaWdodD0iMzUiIHdpZHRoPSI5NiIgYm9yZGVyPSIwIiAvPjwvdGQ+CiAgICA8dGQgd2lkdGg9IjEwJSIgYWxpZ249InJpZ2h0IiBiZ2NvbG9yPSJ3aGl0ZSI+PGltZyBzcmM9Imh0dHA6Ly93d3cucmFrdXRlbi5uZS5qcC9nb2xkL21vYy1raW5vb21vY2hhL2ltZy9ibGFuZC0zMS5naWYiIGFsdD0ipdypYKXNpeul86XJIiBoZWlnaHQ9IjM1IiB3aWR0aD0iOTYiIGJvcmRlcj0iMCIgLz48L3RkPgogIDwvdHI+CiAgPHRyIGhlaWdodD0iMzUiPgogICAgPHRkIHdpZHRoPSIxMCUiIGhlaWdodD0iMzUiIGFsaWduPSJyaWdodCIgYmdjb2xvcj0id2hpdGUiPjxpbWcgc3JjPSJodHRwOi8vd3d3LnJha3V0ZW4ubmUuanAvZ29sZC9tb2Mta2lub29tb2NoYS9pbWcvYmxhbmQtMDkuZ2lmIiBhbHQ9IsjVsb7RdaTOt2Wk38S+IiBoZWlnaHQ9IjM1IiB3aWR0aD0iOTYiIGJvcmRlcj0iMCIgLz48L3RkPgogICAgPHRkIHdpZHRoPSIxMCUiIGhlaWdodD0iMzUiIGFsaWduPSJyaWdodCIgYmdjb2xvcj0id2hpdGUiPjxmb250IHNpemU9IjIiPjxpbWcgc3JjPSJodHRwOi8vd3d3LnJha3V0ZW4ubmUuanAvZ29sZC9tb2Mta2lub29tb2NoYS9pbWcvYmxhbmQtMjEuZ2lmIiBhbHQ9IsS+pM6kqqTipMGk4y5tb2Mgpbel46XcpfPT8aGhpdeluaXGpaOl1aWjpa+luSIgaGVpZ2h0PSIzNSIgd2lkdGg9Ijk2IiBib3JkZXI9IjAiIC8+PC9mb250PjwvdGQ+CiAgICA8dGQgd2lkdGg9IjEwJSIgYWxpZ249InJpZ2h0IiBiZ2NvbG9yPSJ3aGl0ZSI+PGltZyBzcmM9Imh0dHA6Ly93d3cucmFrdXRlbi5uZS5qcC9nb2xkL21vYy1raW5vb21vY2hhL2ltZy9ibGFuZC0xNi5naWYiIGFsdD0ipMykr6TipOqkzrDXxL4gpculwaWspfOlqqXqpbilyqXrIiBoZWlnaHQ9IjM1IiB3aWR0aD0iOTYiIGJvcmRlcj0iMCIgLz48L3RkPgogICAgPHRkIHdpZHRoPSIxMCUiIGFsaWduPSJyaWdodCIgYmdjb2xvcj0id2hpdGUiPjxpbWcgc3JjPSJodHRwOi8vd3d3LnJha3V0ZW4ubmUuanAvZ29sZC9tb2Mta2lub29tb2NoYS9pbWcvYmxhbmQtNDAuZ2lmIiBhbHQ9IkxhUSCl6aWtpeWpYCIgaGVpZ2h0PSIzNSIgd2lkdGg9Ijk2IiBib3JkZXI9IjAiIC8+PC90ZD4KICAgIDx0ZCB3aWR0aD0iMTAlIiBhbGlnbj0icmlnaHQiIGJnY29sb3I9IndoaXRlIj48aW1nIHNyYz0iaHR0cDovL3d3dy5yYWt1dGVuLm5lLmpwL2dvbGQvbW9jLWtpbm9vbW9jaGEvaW1nL2JsYW5kLTM5LmdpZiIgYWx0PSJPYWtWaWxsdWdlpaqpYKWvpfSlo6XspcOluCIgaGVpZ2h0PSIzNSIgd2lkdGg9Ijk2IiBib3JkZXI9IjAiIC8+PC90ZD4KICAgIDx0ZCB3aWR0aD0iMTAlIiBhbGlnbj0icmlnaHQiIGJnY29sb3I9IndoaXRlIj48aW1nIHNyYz0iaHR0cDovL3d3dy5yYWt1dGVuLm5lLmpwL2dvbGQvbW9jLWtpbm9vbW9jaGEvaW1nL2JsYW5kLTI3LmdpZiIgYWx0PSJMYVEgpemlraXlqWAiIGhlaWdodD0iMzUiIHdpZHRoPSI5NiIgYm9yZGVyPSIwIiAvPjwvdGQ+CiAgICA8dGQgd2lkdGg9IjEwJSIgYWxpZ249InJpZ2h0IiBiZ2NvbG9yPSJ3aGl0ZSI+PGltZyBzcmM9Imh0dHA6Ly93d3cucmFrdXRlbi5uZS5qcC9nb2xkL21vYy1raW5vb21vY2hhL2ltZy9ibGFuZC0wNi5naWYiIGFsdD0ipbSl4KTOxL7Rdca3IKWopcil3KWkpekiIGhlaWdodD0iMzUiIHdpZHRoPSI5NiIgYm9yZGVyPSIwIiAvPjwvdGQ+CiAgPC90cj4KICA8dHIgaGVpZ2h0PSIzNSI+CiAgICA8dGQgaGVpZ2h0PSIzNSIgYWxpZ249InJpZ2h0IiBiZ2NvbG9yPSJ3aGl0ZSI+PGltZyBzcmM9Imh0dHA6Ly93d3cucmFrdXRlbi5uZS5qcC9nb2xkL21vYy1raW5vb21vY2hhL2ltZy9ibGFuZC0zMy5naWYiIGFsdD0ipdWl7KXzpbmlxqXDpcml4qXTqWCl6yBGTEVOU1RFRCBtb2JpbGVzIiBoZWlnaHQ9IjM1IiB3aWR0aD0iOTYiIGJvcmRlcj0iMCIgLz48L3RkPgogICAgPHRkIGhlaWdodD0iMzUiIGFsaWduPSJyaWdodCIgYmdjb2xvcj0id2hpdGUiPjxpbWcgc3JjPSJodHRwOi8vd3d3LnJha3V0ZW4ubmUuanAvZ29sZC9tb2Mta2lub29tb2NoYS9pbWcvYmxhbmQtcm9vbW1hdGVzLmdpZiIgYWx0PSKlpqWpqWCl66W5pcalw6WrqWAgpeupYKXgpeGlpKXEIiBoZWlnaHQ9IjM1IiB3aWR0aD0iOTYiIGJvcmRlcj0iMCIgLz48L3RkPgogICAgPHRkIGFsaWduPSJyaWdodCIgYmdjb2xvcj0id2hpdGUiPjxpbWcgc3JjPSJodHRwOi8vaW1hZ2UucmFrdXRlbi5jby5qcC9tb2Mta2lub29tb2NoYS9jYWJpbmV0L2dpYy9naWMtaWNvbjIuZ2lmIiBhbHQ9IoFc08PN5r7fIKW4pcOlryIgaGVpZ2h0PSIzNSIgd2lkdGg9Ijk2IiBib3JkZXI9IjAiIC8+PC90ZD4KICAgIDx0ZCBhbGlnbj0icmlnaHQiIGJnY29sb3I9IndoaXRlIj48aW1nIHNyYz0iaHR0cDovL3d3dy5yYWt1dGVuLm5lLmpwL2dvbGQvbW9jLWtpbm9vbW9jaGEvaW1nL2JsYW5kLWhhcGUuZ2lmIiBhbHQ9IqXJpaSlxKGhxL6kzqSqpOKkwaTjoaGlz6XaIiBoZWlnaHQ9IjM1IiB3aWR0aD0iOTYiIGJvcmRlcj0iMCIgLz48L3RkPgogICAgPHRkIGFsaWduPSJyaWdodCIgYmdjb2xvcj0id2hpdGUiPiZuYnNwOzwvdGQ+CiAgICA8dGQgYWxpZ249InJpZ2h0IiBiZ2NvbG9yPSJ3aGl0ZSI+Jm5ic3A7PC90ZD4KICAgIDx0ZCBhbGlnbj0icmlnaHQiIGJnY29sb3I9IndoaXRlIj4mbmJzcDs8L3RkPgogIDwvdHI+CjwvdGFibGU+CjxpbWcgc3JjPSJodHRwOi8vd3d3LnJha3V0ZW4ubmUuanAvZ29sZC9tb2Mta2lub29tb2NoYS9pbWcveWFqaXJ1c2ktYW5pLVIuZ2lmIiBhbHQ9IiIgaGVpZ2h0PSIxMCIgd2lkdGg9IjEzIiBib3JkZXI9IjAiIC8+PGltZyBzcmM9Imh0dHA6Ly93d3cucmFrdXRlbi5uZS5qcC9nb2xkL21vYy1raW5vb21vY2hhL2ltZy95YWppcnVzaS1hbmktUi5naWYiIGFsdD0iIiBoZWlnaHQ9IjEwIiB3aWR0aD0iMTMiIGJvcmRlcj0iMCIgLz48Zm9udCBzaXplPSIyIj4gpdal6aXzpcnSu9NFpM+ls6XBpek8L2ZvbnQ+,ob7EvqTOpKqk4qTBpOOhvyCl1qXqpaovQlJJTyBWaWxsYWdlIKX0paOl7KXDpbihoaXeqWClsaXDpcihoaS0pMOks99bpNOhvrmdvuQgyOuIQNfkiEChocjr0afX5JhJoaHX07mpob+hvmOhv6G+ob+jusS+pM6kqqTipMGk4yCls6XipcOlrw==,xL6kzqSqpOKkwaTj1qrT/c3mvt+3ZaTfxL6z9q5i16OkpKXPpdql16XppfOlyKWkpdal6qWqpdypYKXNpeul86XJpculwaWspfOk3qTepLSkyKTepN6ktKTIpbulw6XIpaqpYKWvpfSlo6XspcOluKXepbCl1aWpqWCl3qlgpaul16XpTGFRxL7RdaXsqWCl66WvpaKlyaXqpeml1qXppbapYKW4peel66XApfOlz6XQpaqpYKXcqWCl66G+xL6kzqSqpOKkwaTjob8gpdal6qWqL0JSSU8gVmlsbGFnZSCl9KWjpeylw6W4oaGl3qlgpbGlw6XIoaGktKTDpLPfW6TTob65nb7kIMjriEDX5IhAoaHI69Gn1+SYSaGh19O5qaG/ob5job+hvqG/,QlJJT6XvqWCl66XJpM6ktKTDpLPfW6TToaOhvsS+pM6kqqTipMGk46G/IKXWpeqlqi9CUklPIFZpbGxhZ2UgpfSlo6XspcOluKGhpd6pYKWxpcOlyKGhpLSkw6Sz31uk06G+uZ2+5CDI64hA1+SIQKGhyOvRp9fkmEmhodfTuamhv6G+Y6G/ob6hvw==[rn]
40-32908,aHR0cDovL3RzaG9wLnIxMHMuanAvbW9jLWtpbm9vbW9jaGEvY2FiaW5ldC9icmlvL2JyMzM4NDQuanBnP2ZpdGluPTcwMDo3MDA=,MjU5Mi4wMDAw,,pKqk4qTBpOM/pdul06lgP6WyqWCl4CA+IKSqpOKkwaTjID4gpN6k3qS0pMg/pLSkw6Sz31uk06XIpaQgPiCkvaTOy/s=,ob7EvqTOpKqk4qTBpOOhvyCl1qXqpaovQlJJTyBSRVNDVUUgpeyluaWtpeWpYKGhpeyluaWtpeWpYKWrqWCltKXIpeylpKXzoaGktKTDpLPfW6TTob65nb7kIMjriEDX5IhAoaHI69Gn1+SYSaGh19O5qaG/ob5job+hvqG/,QlJJT6XvqWCl66XJpM691qTyytik7aSmo6E=,PHRhYmxlIHdpZHRoPSI3NjAiIGJvcmRlcj0iMCIgY2VsbHNwYWNpbmc9IjAiIGNlbGxwYWRkaW5nPSIwIj4KPHRyPjx0ZD4KPGlmcmFtZSBzcmM9Imh0dHA6Ly93d3cucmFrdXRlbi5uZS5qcC9nb2xkL21vYy1raW5vb21vY2hhL2JycmVzY3VlMDEuaHRtbCIgd2lkdGg9Ijc2MCIgaGVpZ2h0PSIyNzAwIiBzZWFtbGVzcyB0YXJnZXQ9Il9wYXJlbnQiIGZyYW1lYm9yZGVyPSIwIj48L2lmcmFtZT4KPC90ZD48L3RyPgoKPC90YWJsZT48IS0tIKWupdWlyKWipaSls6Xzse3KvqSzpLOkq6TpLS0+Cjx0YWJsZSB3aWR0aD0iNDA4IiBib3JkZXI9IjAiIGNlbGxzcGFjaW5nPSIwIiBjZWxscGFkZGluZz0iMCI+CiAgPHRyPgogICAgPHRkIGFsaWduPSJsZWZ0Ij48aW1nIHNyYz0iaHR0cDovL3d3dy5yYWt1dGVuLm5lLmpwL2dvbGQvbW9jLWtpbm9vbW9jaGEvaW1nL29rdXJpbW9uby90dGxfMDAuZ2lmIiBhbHQ9IqWupdWlyIydj+qloqWkpbOl86TLpMSkpKTGIiB3aWR0aD0iMzAwIiBoZWlnaHQ9IjcxIiBib3JkZXI9IjAiPjxicj4KICAgIDxmb250IHNpemU9Ii0xIj6h+aWupdWlyIydj+qloqWkpbOl86TLpMSkpKTGPC9mb250PjwvdGQ+CiAgPC90cj4KPC90YWJsZT4KPCEtLSClrqXVpciloqWkpbOl87Htyr6ks6SzpN6kxy0tPjx0YWJsZSB3aWR0aD0iNDA4IiBib3JkZXI9IjAiIGNlbGxzcGFjaW5nPSIwIiBjZWxscGFkZGluZz0iMTAiPgo8dHI+PHRkPjwhLS0gyczGt9Vow/eks6SzpKuk6S0tPjxmb250IHNpemU9IjIiID4KQlJJT6Ghpdal6qWqIKXspbmlraXlqWAgpeyluaWtpeWpYKWrqWCltKXIpeylpKXzIKTHpLmhowo8YnI+t8XLrtyHgUmkyL1vy66l76W0pfOkyN9CvVmkuaTrpcil7KWkpfOkx6S5oaMKPGJyPgo8YnI+u8bJq6TOpdylv6XzpPLRuqS5pMjfQr1ZpPLH0KTq63ikt6TepLmhowo8YnI+pdal6qWqpM691qTynsS6pqSrpOnK2KTqpN6kt6TnpKahowo8YnI+Cgo8L2ZvbnQ+PCEtLSDJzMa31WjD96SzpLOk3qTHLS0+PC90ZD48L3RyPjwvdGFibGU+PHRhYmxlIHdpZHRoPSI0MDgiIGJvcmRlcj0iMCIgY2VsbHNwYWNpbmc9IjAiIGNlbGxwYWRkaW5nPSIxMCIgYmdjb2xvcj0iI2YwZjBmMCI+IDx0cj4gIDx0ZD48Zm9udCBzaXplPSIyIj4KCjwhLS0gysuYlKSzpLOkq6TpIC0tPjwvZm9udD48Zm9udCBzaXplPSIyIj4KofHRdca3pbWlpKW6oaG8czI0Y20oVymhwbxzM2NtKEQpocG8czVjbShIKQo8YnI+ofGl0aXDpbGpYKW4pbWlpKW6oaG8czI3Y20oVymhwbxzNWNtKEQpocG8czE1Y20oSCkKPGJyPqHx64qz2KGhyrnTw6TKpLcKPGJyPqHxxNrI3aGhNKXUqWCluQo8QlI+ofGMnc/zxOr9aKGhM5pyoasKPGJyPjxmb250IGNvbG9yPSJjYzAwMDAiPqHxQ0WhoaXoqWCl7aXDpdGwssir0o648aGipKqk4qTBpOOwssiru/mcyqG4RU43MaG53226z8a3Cjxicj6kqtfTmJSkrKTKpOGkxqTisLLIq6TKiVTBz6TyyrnTw6S3pMakpKTepLmhowo8L2ZvbnQ+Cgo8IS0tIMrLmJSks6SzpN6kxyAtLT48L2ZvbnQ+PC90ZD4gPC90cj48L3RhYmxlPjxicj48aW1nIHNyYz0iaHR0cDovL2ltYWdlLnJha3V0ZW4uY28uanAvbW9jLWtpbm9vbW9jaGEvY2FiaW5ldC93cmFwcGluZy13cmFwcGluZy5naWYiIGFsdD0ipa6l1aXIpemlw6XUpfOlsCIgaGVpZ2h0PSIxOCIgd2lkdGg9IjgyIiBib3JkZXI9IjAiPjxpbWcgc3JjPSJodHRwOi8vaW1hZ2UucmFrdXRlbi5jby5qcC9tb2Mta2lub29tb2NoYS9jYWJpbmV0L3dyYXBwaW5nLWZyZWUuZ2lmIiBhbHQ9Ip9vwc8iIGhlaWdodD0iMTgiIHdpZHRoPSI0MCIgYm9yZGVyPSIwIj48aW1nIHNyYz0iaHR0cDovL2ltYWdlLnJha3V0ZW4uY28uanAvbW9jLWtpbm9vbW9jaGEvY2FiaW5ldC9zcGFjZS5naWYiIGFsdD0iIiBoZWlnaHQ9IjE4IiB3aWR0aD0iMTAiPjxpbWcgc3JjPSJodHRwOi8vaW1hZ2UucmFrdXRlbi5jby5qcC9tb2Mta2lub29tb2NoYS9jYWJpbmV0L3dyYXBwaW5nLWFsbC5naWYiIGhlaWdodD0iNDIiIHdpZHRoPSI0MiIgYm9yZGVyPSIwIj48YnI+PGJyPjxpbWcgc3JjPSJodHRwOi8vaW1hZ2UucmFrdXRlbi5jby5qcC9tb2Mta2lub29tb2NoYS9jYWJpbmV0L3NtL21hdG9tZS1pY29uMy5naWYiIGFsdD0ipN6kyKTh2UmkpCIgaGVpZ2h0PSIzMCIgd2lkdGg9IjMwMCIgYm9yZGVyPSIwIj48YnI+PGJyPjxpbWcgc3JjPSJodHRwOi8vaW1hZ2UucmFrdXRlbi5jby5qcC9tb2Mta2lub29tb2NoYS9jYWJpbmV0L25ldy9zaG9wL2MtYmFubmVyMDUuanBnIiBhbHQ9IqXspdOl5algpPKV+KSkpMYgpa+pYKXdpfMiIHdpZHRoPSIzMDAiIGJvcmRlcj0iMCI+PGJyPqG+pbOl86XTpcvK3MihjJ2P6snMxrehvzxzdHlsZSB0eXBlPSJ0ZXh0L2NzcyI+Ci8q2UmkpM7vpKuktKTLyOuk7KTrpdylv6XzKi8KI3Jha3V0ZW5MaW1pdGVkSWRfYXJvdW5kQ2FydCBpbnB1dFt2YWx1ZT0i2UmkpM7vpKuktKTLyOuk7KTrIl17CmJhY2tncm91bmQ6IHVybCgiaHR0cDovL2ltYWdlLnJha3V0ZW4uY28uanAvbW9jLWtpbm9vbW9jaGEvY2FiaW5ldC9uZXcvbWFpbi9jYXJ0MDEtMy5naWYiKSBsZWZ0IHRvcCBuby1yZXBlYXQ7CndpZHRoOjI0MHB4OwpoZWlnaHQ6NTBweDsKdGV4dC1pbmRlbnQ6MTAwJTsKd2hpdGUtc3BhY2U6bm93cmFwOwpvdmVyZmxvdzpoaWRkZW47CmJvcmRlcjogbm9uZTsKcGFkZGluZzowOwptYXJnaW4tdG9wOjVweCAwOwpjdXJzb3I6cG9pbnRlcjsKfQojcmFrdXRlbkxpbWl0ZWRJZF9hcm91bmRDYXJ0IHRib2R5IHRyIHRkIGlucHV0OmhvdmVyewphbHBoYShvcGFjaXR5PTgpOwotbW96LW9wYWNpdHk6MC44OwpvcGFjaXR5OjAuODsKY3Vyc29yOnBvaW50ZXI7Cn0KPC9zdHlsZT4KCgoKCgoKCjx0YWJsZSB3aWR0aD0iNzYwIiBjZWxsc3BhY2luZz0iMCIgY2VsbHBhZGRpbmc9IjgiIGJnY29sb3I9IiNjZWNlYjIiPgogIDx0Ym9keT4KICAgIDx0cj4KICAgICAgPHRkPjxpbWcgc3JjPSJodHRwOi8vd3d3LnJha3V0ZW4ubmUuanAvZ29sZC9tb2Mta2lub29tb2NoYS9pbWcvYXJyb3ctT1YtUi5naWYiIGFsdD0iIiBoZWlnaHQ9IjIzIiB3aWR0aD0iMjMiIGFsaWduPSJhYnNtaWRkbGUiIGJvcmRlcj0iMCIgLz48Zm9udCBjb2xvcj0iIzVhNWE1YSIgc2l6ZT0iMiI+1vekyjwvZm9udD48Zm9udCBjb2xvcj0iIzVhNWE1YSI+PHN0cm9uZz48Zm9udCBzaXplPSIyIj6l1qXppfOlyTwvZm9udD48L3N0cm9uZz48L2ZvbnQ+PC90ZD4KICAgIDwvdHI+CiAgPC90Ym9keT4KPC90YWJsZT4KPGltZyBzcmM9Imh0dHA6Ly93d3cucmFrdXRlbi5uZS5qcC9nb2xkL21vYy1raW5vb21vY2hhL2ltZy9zcGFjZS5naWYiIGFsdD0iIiBoZWlnaHQ9IjYiIHdpZHRoPSIxMDAiIGJvcmRlcj0iMCI+Cjx0YWJsZSB3aWR0aD0iNzYwIiBib3JkZXI9IjAiIGNlbGxwYWRkaW5nPSIwIiBjZWxsc3BhY2luZz0iMSIgYmdjb2xvcj0iI2NlY2ViMiI+CiAgPHRyIGhlaWdodD0iMzUiPgogICAgPHRkIHdpZHRoPSIxMCUiIGhlaWdodD0iMzUiIGFsaWduPSJyaWdodCIgYmdjb2xvcj0id2hpdGUiPjxpbWcgc3JjPSJodHRwOi8vd3d3LnJha3V0ZW4ubmUuanAvZ29sZC9tb2Mta2lub29tb2NoYS9pbWcvYmxhbmQtMDQuZ2lmIiBhbHQ9Itaq0/3N5r7fpM6loqWkpeClyKWkIiBoZWlnaHQ9IjM1IiB3aWR0aD0iOTYiIGJvcmRlcj0iMCIgLz48L3RkPgogICAgPHRkIHdpZHRoPSIxMCUiIGhlaWdodD0iMzUiIGFsaWduPSJyaWdodCIgYmdjb2xvcj0id2hpdGUiPjxpbWcgc3JjPSJodHRwOi8vd3d3LnJha3V0ZW4ubmUuanAvZ29sZC9tb2Mta2lub29tb2NoYS9pbWcvYmxhbmQtMDEuZ2lmIiBhbHQ9IrTzyMua3SCl16XppfOlyKWkIFBMQU5UT1lTIiBoZWlnaHQ9IjM1IiB3aWR0aD0iOTYiIGJvcmRlcj0iMCIgLz48L3RkPgogICAgPHRkIHdpZHRoPSIxMCUiIGFsaWduPSJyaWdodCIgYmdjb2xvcj0id2hpdGUiPjxpbWcgc3JjPSJodHRwOi8vd3d3LnJha3V0ZW4ubmUuanAvZ29sZC9tb2Mta2lub29tb2NoYS9pbWcvYmxhbmQtMzctMi5naWYiIGFsdD0iS0FQTEEgpaul16XpIiBoZWlnaHQ9IjM1IiB3aWR0aD0iOTYiIGJvcmRlcj0iMCIgLz48L3RkPgogICAgPHRkIHdpZHRoPSIxMCUiIGFsaWduPSJyaWdodCIgYmdjb2xvcj0id2hpdGUiPjxpbWcgc3JjPSJodHRwOi8vd3d3LnJha3V0ZW4ubmUuanAvZ29sZC9tb2Mta2lub29tb2NoYS9pbWcvYnJhbmQtbWFnLmdpZiIgYWx0PSKl3qWwP6XVpampYKXeqWAgbWFnZm9ybWVycyIgaGVpZ2h0PSIzNSIgd2lkdGg9Ijk2IiBib3JkZXI9IjAiIC8+PC90ZD4KICAgIDx0ZCB3aWR0aD0iMTAlIiBhbGlnbj0icmlnaHQiIGJnY29sb3I9IndoaXRlIj48aW1nIHNyYz0iaHR0cDovL3d3dy5yYWt1dGVuLm5lLmpwL2dvbGQvbW9jLWtpbm9vbW9jaGEvaW1nL2JsYW5kLTM2LmdpZiIgYWx0PSKjtE2lr6XppdWlyKWtpcOlyCIgaGVpZ2h0PSIzNSIgd2lkdGg9Ijk2IiBib3JkZXI9IjAiIC8+PC90ZD4KICAgIDx0ZCB3aWR0aD0iMTAlIiBhbGlnbj0icmlnaHQiIGJnY29sb3I9IndoaXRlIj48aW1nIHNyYz0iaHR0cDovL3d3dy5yYWt1dGVuLm5lLmpwL2dvbGQvbW9jLWtpbm9vbW9jaGEvaW1nL2JsYW5kLTA1LmdpZiIgYWx0PSKl1qXqpaogQlJJTyCE06SvoaLfW6TZpOsiIGhlaWdodD0iMzUiIHdpZHRoPSI5NiIgYm9yZGVyPSIwIiAvPjwvdGQ+CiAgICA8dGQgd2lkdGg9IjEwJSIgYWxpZ249InJpZ2h0IiBiZ2NvbG9yPSJ3aGl0ZSI+PGltZyBzcmM9Imh0dHA6Ly93d3cucmFrdXRlbi5uZS5qcC9nb2xkL21vYy1raW5vb21vY2hhL2ltZy9ibGFuZC0zMS5naWYiIGFsdD0ipdypYKXNpeul86XJIiBoZWlnaHQ9IjM1IiB3aWR0aD0iOTYiIGJvcmRlcj0iMCIgLz48L3RkPgogIDwvdHI+CiAgPHRyIGhlaWdodD0iMzUiPgogICAgPHRkIHdpZHRoPSIxMCUiIGhlaWdodD0iMzUiIGFsaWduPSJyaWdodCIgYmdjb2xvcj0id2hpdGUiPjxpbWcgc3JjPSJodHRwOi8vd3d3LnJha3V0ZW4ubmUuanAvZ29sZC9tb2Mta2lub29tb2NoYS9pbWcvYmxhbmQtMDkuZ2lmIiBhbHQ9IsjVsb7RdaTOt2Wk38S+IiBoZWlnaHQ9IjM1IiB3aWR0aD0iOTYiIGJvcmRlcj0iMCIgLz48L3RkPgogICAgPHRkIHdpZHRoPSIxMCUiIGhlaWdodD0iMzUiIGFsaWduPSJyaWdodCIgYmdjb2xvcj0id2hpdGUiPjxmb250IHNpemU9IjIiPjxpbWcgc3JjPSJodHRwOi8vd3d3LnJha3V0ZW4ubmUuanAvZ29sZC9tb2Mta2lub29tb2NoYS9pbWcvYmxhbmQtMjEuZ2lmIiBhbHQ9IsS+pM6kqqTipMGk4y5tb2Mgpbel46XcpfPT8aGhpdeluaXGpaOl1aWjpa+luSIgaGVpZ2h0PSIzNSIgd2lkdGg9Ijk2IiBib3JkZXI9IjAiIC8+PC9mb250PjwvdGQ+CiAgICA8dGQgd2lkdGg9IjEwJSIgYWxpZ249InJpZ2h0IiBiZ2NvbG9yPSJ3aGl0ZSI+PGltZyBzcmM9Imh0dHA6Ly93d3cucmFrdXRlbi5uZS5qcC9nb2xkL21vYy1raW5vb21vY2hhL2ltZy9ibGFuZC0xNi5naWYiIGFsdD0ipMykr6TipOqkzrDXxL4gpculwaWspfOlqqXqpbilyqXrIiBoZWlnaHQ9IjM1IiB3aWR0aD0iOTYiIGJvcmRlcj0iMCIgLz48L3RkPgogICAgPHRkIHdpZHRoPSIxMCUiIGFsaWduPSJyaWdodCIgYmdjb2xvcj0id2hpdGUiPjxpbWcgc3JjPSJodHRwOi8vd3d3LnJha3V0ZW4ubmUuanAvZ29sZC9tb2Mta2lub29tb2NoYS9pbWcvYmxhbmQtNDAuZ2lmIiBhbHQ9IkxhUSCl6aWtpeWpYCIgaGVpZ2h0PSIzNSIgd2lkdGg9Ijk2IiBib3JkZXI9IjAiIC8+PC90ZD4KICAgIDx0ZCB3aWR0aD0iMTAlIiBhbGlnbj0icmlnaHQiIGJnY29sb3I9IndoaXRlIj48aW1nIHNyYz0iaHR0cDovL3d3dy5yYWt1dGVuLm5lLmpwL2dvbGQvbW9jLWtpbm9vbW9jaGEvaW1nL2JsYW5kLTM5LmdpZiIgYWx0PSJPYWtWaWxsdWdlpaqpYKWvpfSlo6XspcOluCIgaGVpZ2h0PSIzNSIgd2lkdGg9Ijk2IiBib3JkZXI9IjAiIC8+PC90ZD4KICAgIDx0ZCB3aWR0aD0iMTAlIiBhbGlnbj0icmlnaHQiIGJnY29sb3I9IndoaXRlIj48aW1nIHNyYz0iaHR0cDovL3d3dy5yYWt1dGVuLm5lLmpwL2dvbGQvbW9jLWtpbm9vbW9jaGEvaW1nL2JsYW5kLTI3LmdpZiIgYWx0PSJMYVEgpemlraXlqWAiIGhlaWdodD0iMzUiIHdpZHRoPSI5NiIgYm9yZGVyPSIwIiAvPjwvdGQ+CiAgICA8dGQgd2lkdGg9IjEwJSIgYWxpZ249InJpZ2h0IiBiZ2NvbG9yPSJ3aGl0ZSI+PGltZyBzcmM9Imh0dHA6Ly93d3cucmFrdXRlbi5uZS5qcC9nb2xkL21vYy1raW5vb21vY2hhL2ltZy9ibGFuZC0wNi5naWYiIGFsdD0ipbSl4KTOxL7Rdca3IKWopcil3KWkpekiIGhlaWdodD0iMzUiIHdpZHRoPSI5NiIgYm9yZGVyPSIwIiAvPjwvdGQ+CiAgPC90cj4KICA8dHIgaGVpZ2h0PSIzNSI+CiAgICA8dGQgaGVpZ2h0PSIzNSIgYWxpZ249InJpZ2h0IiBiZ2NvbG9yPSJ3aGl0ZSI+PGltZyBzcmM9Imh0dHA6Ly93d3cucmFrdXRlbi5uZS5qcC9nb2xkL21vYy1raW5vb21vY2hhL2ltZy9ibGFuZC0zMy5naWYiIGFsdD0ipdWl7KXzpbmlxqXDpcml4qXTqWCl6yBGTEVOU1RFRCBtb2JpbGVzIiBoZWlnaHQ9IjM1IiB3aWR0aD0iOTYiIGJvcmRlcj0iMCIgLz48L3RkPgogICAgPHRkIGhlaWdodD0iMzUiIGFsaWduPSJyaWdodCIgYmdjb2xvcj0id2hpdGUiPjxpbWcgc3JjPSJodHRwOi8vd3d3LnJha3V0ZW4ubmUuanAvZ29sZC9tb2Mta2lub29tb2NoYS9pbWcvYmxhbmQtcm9vbW1hdGVzLmdpZiIgYWx0PSKlpqWpqWCl66W5pcalw6WrqWAgpeupYKXgpeGlpKXEIiBoZWlnaHQ9IjM1IiB3aWR0aD0iOTYiIGJvcmRlcj0iMCIgLz48L3RkPgogICAgPHRkIGFsaWduPSJyaWdodCIgYmdjb2xvcj0id2hpdGUiPjxpbWcgc3JjPSJodHRwOi8vaW1hZ2UucmFrdXRlbi5jby5qcC9tb2Mta2lub29tb2NoYS9jYWJpbmV0L2dpYy9naWMtaWNvbjIuZ2lmIiBhbHQ9IoFc08PN5r7fIKW4pcOlryIgaGVpZ2h0PSIzNSIgd2lkdGg9Ijk2IiBib3JkZXI9IjAiIC8+PC90ZD4KICAgIDx0ZCBhbGlnbj0icmlnaHQiIGJnY29sb3I9IndoaXRlIj48aW1nIHNyYz0iaHR0cDovL3d3dy5yYWt1dGVuLm5lLmpwL2dvbGQvbW9jLWtpbm9vbW9jaGEvaW1nL2JsYW5kLWhhcGUuZ2lmIiBhbHQ9IqXJpaSlxKGhxL6kzqSqpOKkwaTjoaGlz6XaIiBoZWlnaHQ9IjM1IiB3aWR0aD0iOTYiIGJvcmRlcj0iMCIgLz48L3RkPgogICAgPHRkIGFsaWduPSJyaWdodCIgYmdjb2xvcj0id2hpdGUiPiZuYnNwOzwvdGQ+CiAgICA8dGQgYWxpZ249InJpZ2h0IiBiZ2NvbG9yPSJ3aGl0ZSI+Jm5ic3A7PC90ZD4KICAgIDx0ZCBhbGlnbj0icmlnaHQiIGJnY29sb3I9IndoaXRlIj4mbmJzcDs8L3RkPgogIDwvdHI+CjwvdGFibGU+CjxpbWcgc3JjPSJodHRwOi8vd3d3LnJha3V0ZW4ubmUuanAvZ29sZC9tb2Mta2lub29tb2NoYS9pbWcveWFqaXJ1c2ktYW5pLVIuZ2lmIiBhbHQ9IiIgaGVpZ2h0PSIxMCIgd2lkdGg9IjEzIiBib3JkZXI9IjAiIC8+PGltZyBzcmM9Imh0dHA6Ly93d3cucmFrdXRlbi5uZS5qcC9nb2xkL21vYy1raW5vb21vY2hhL2ltZy95YWppcnVzaS1hbmktUi5naWYiIGFsdD0iIiBoZWlnaHQ9IjEwIiB3aWR0aD0iMTMiIGJvcmRlcj0iMCIgLz48Zm9udCBzaXplPSIyIj4gpdal6aXzpcnSu9NFpM+ls6XBpek8L2ZvbnQ+,ob7EvqTOpKqk4qTBpOOhvyCl1qXqpaovQlJJTyBSRVNDVUUgpeyluaWtpeWpYKGhpeyluaWtpeWpYKWrqWCltKXIpeylpKXzoaGktKTDpLPfW6TTob65nb7kIMjriEDX5IhAoaHI69Gn1+SYSaGh19O5qaG/ob5job+hvqG/o7rEvqTOpKqk4qTBpOMgpbOl4qXDpa8=,xL6kzqSqpOKkwaTj1qrT/c3mvt+3ZaTfxL6z9q5i16OkpKXPpdql16XppfOlyKWkpdal6qWqpdypYKXNpeul86XJpculwaWspfOk3qTepLSkyKTepN6ktKTIpbulw6XIpaqpYKWvpfSlo6XspcOluKXepbCl1aWpqWCl3qlgpaul16XpTGFRxL7RdaXsqWCl66WvpaKlyaXqpeml1qXppbapYKW4peel66XApfOlz6XQpaqpYKXcqWCl66G+xL6kzqSqpOKkwaTjob8gpdal6qWqL0JSSU8gUkVTQ1VFIKXspbmlraXlqWChoaXspbmlraXlqWClq6lgpbSlyKXspaSl86GhpLSkw6Sz31uk06G+uZ2+5CDI64hA1+SIQKGhyOvRp9fkmEmhodfTuamhv6G+Y6G/ob6hvw==,QlJJT6XvqWCl66XJpM691qTyytik7aSmo6Gho6G+xL6kzqSqpOKkwaTjob8gpdal6qWqL0JSSU8gUkVTQ1VFIKXspbmlraXlqWChoaXspbmlraXlqWClq6lgpbSlyKXspaSl86GhpLSkw6Sz31uk06G+uZ2+5CDI64hA1+SIQKGhyOvRp9fkmEmhodfTuamhv6G+Y6G/ob6hvw==[rn]
40-32909,aHR0cDovL3RzaG9wLnIxMHMuanAvbW9jLWtpbm9vbW9jaGEvY2FiaW5ldC9ib3JuZWx1bmQva2w4Njg2bmV3LTAuanBnP2ZpdGluPTcwMDo3MDA=,NjkxMi4wMDAw,,pKqk4qTBpOM/pdul06lgP6WyqWCl4CA+IKSqpOKkwaTjID4gpN6k3qS0pMg/pLSkw6Sz31uk06XIpaQgPiCkvaTOy/s=,ob7WqtP9zea+36G/ob6kqqTipMGk46GhpLSkw6Sz31uk06GhtPO5pKG/pKqk4qTBpOMgtPO5pCBCb3JuZUx1bmSjqKXcqWClzaXrpfOlySCjqS5LbGVpbqOopa+l6aWkpfOjqcnnIKXcpcOlt6XlIKXfpcul76lgpa+lu6Xzpb+pYCCkqtVRyfrI1SAzmnKjusTQob6lr6Xqpbml3qW5pdel7KW8pfOlyKGhxNCkztfTob+hvqG/ob5wob8=,pdGl0eO/pOykzqXcpcOlt6XluaS+36W7pcOlyKG+pKKkuZhTob8=,PHN0eWxlIHR5cGU9InRleHQvY3NzIj4KLmltdG95dGV4dF8xIHsKZm9udC1mYW1pbHk6ICKl0qXppa6lzr3HpbQgUHJvIFczIiwgIkhpcmFnaW5vIEtha3UgR290aGljIFBybyIsICKl4aWkpeqlqiIsIE1laXJ5bywgT3Nha2EsICKjzaPTIKPQpbSlt6XDpa8iLCAiTVMgUEdvdGhpYyIsIHNhbnMtc2VyaWY7CmZvbnQtc2l6ZTogbWVkaXVtOwpsaW5lLWhlaWdodDogMjFweDsKY29sb3I6ICMwNjIyQTE7CndpZHRoOiAxMDAlOwpwYWRkaW5nLXRvcDogMTBweDsKcGFkZGluZy1ib3R0b206IDEwcHg7Cn0KPC9zdHlsZT4KPGltZyBzcmM9Imh0dHA6Ly9pbWFnZS5yYWt1dGVuLmNvLmpwL21vYy1raW5vb21vY2hhL2NhYmluZXQvYm9ybmVsdW5kL2Jvcm5lMjAxNV8wNS5qcGciIHdpZHRoPSI3NjAiIGhlaWdodD0iMzczIj4KPHRhYmxlIHdpZHRoPSI3NjAiIGNlbGxzcGFjaW5nPSIwIiBjZWxscGFkZGluZz0iNSI+CiAgPHRyPgogICAgPHRkIGJnY29sb3I9IiMwNDM0OWEiPjxpbWcgc3JjPSJodHRwOi8vaW1hZ2UucmFrdXRlbi5jby5qcC9tb2Mta2lub29tb2NoYS9jYWJpbmV0L2Jvcm5lbHVuZC9ib3JuZTIwMTVfMDIuZ2lmIiB3aWR0aD0iNDAwIiBoZWlnaHQ9IjUwIj6hoaGhPGJyPgogICAgICA8ZGl2IGNsYXNzPSJpbXRveXRleHRfMSI+PGZvbnQgY29sb3I9IiNGRkZGRkYiPiAgoaHX06TJpOKkz6GizrTAtKTy1qekqKTr2JSuYqTHpLmhowogICAgICAgICAgPGJyPgogoaGkvaTO19OkyaTipL+kwaTLpMikw6TGoaLfW6TTpM/J+rvupM6kuaTZpMahozxicj4KoaHfW6TTpPKkyKSqpLekxrXDpOmk7KS/pOKkzqTPoaLYTqSrpMrIy8n6pMvHt6SrpLmks6TIpM6kx6StpMqkpNlG1tikytiUrmKhowo8YnI+CqGh0rvJ+tHEz/ukqKTrpLOkyKTPpKKk6qTepLuk86GjPC9mb250PjwvZGl2PgogICAgPGltZyBzcmM9Imh0dHA6Ly9pbWFnZS5yYWt1dGVuLmNvLmpwL21vYy1raW5vb21vY2hhL2NhYmluZXQvYm9ybmVsdW5kL2Jvcm5lMjAxNV8wMy5naWYiIHdpZHRoPSI0MDAiIGhlaWdodD0iNTAiPqGhoaE8YnI+CiAgICAgIDxkaXYgY2xhc3M9ImltdG95dGV4dF8xIj48Zm9udCBjb2xvcj0iI0ZGRkZGRiI+ICChocrAveekx9VKpOGk6aTspMakpKTrpeipYKXtpcOl0aTOsLLIq9DUpMvpdqS5pOu5q7XEu/mcykNFpd6pYKWvpM7IobXDpPK7+ZzKpMikt6TGPGJyPgogICAgICAgIKGh33ik86THpKSk3qS5oaM8YnI+CiAgICChoUNFpM7E2t9bvt+ky+l2pLmk67v5nMqkz6GiyrnTw6S5pOvX06TJpOKkzsS/voCkx6Giy9iyxD+ZQ8Tctciky+l2pLekxrCyyKu7+ZzKpKw8YnI+CiAgICChodSUvJqky7aopOGk6aTspMakpKTepLmhozwvZm9udD48L2Rpdj48L3RkPgogIDwvdHI+CjwvdGFibGU+CjxkaXYgY2xhc3M9ImltdG95dGV4dF8xIj4gPGltZyBzcmM9Imh0dHA6Ly9pbWFnZS5yYWt1dGVuLmNvLmpwL21vYy1raW5vb21vY2hhL2NhYmluZXQvYm9ybmVsdW5kL2Jvcm5lMjAxNV8wNC5qcGciIHdpZHRoPSIzNTAiIGhlaWdodD0iMjYzIiBhbGlnbj0icmlnaHQiPqS1pOmky6XcqWClzaXrpfOlyaTHpM+horbA19Skzrv5nMqk8tRPpLGhotfU08m2yKTOuN+kpN9bpNOkrIxnrEakx6StpOuk6KSmoaKwssir0NSky4ydpLekxrjxts6kzsXkkV2k8qS3pMakpKTepLmhoyA8YnI+CiAgPGJyPgrSu7e9oaLX06TJpOKky6TIpMOkxs6j6pOk8tGnpNaks6TIpOK088fQpMrRp8GVpM6k0qTIpMSkx6S5oaM8YnI+Cjxicj4KyKGk6re1pLekzqTEpKukyqSkysK5yqTyxvCks6S5zqPqk6Tyt8CkrqTKpKyk6aGipcGl46XspfOluKS5pOuks6TIoaKluaXqpeql86WwpMrM5fJZoaLX1LfWpMfOo+qTpKuk6cntpPLK2KTr0Gek8tKKpMukxKSxpOuks6TIpPK02aS531uk07XAvt+k8t94pNaks6TIpOLN/KTspN6ku6TzoaM8L2Rpdj4KPGJyPjxicj48IS0tIKWupdWlyKWipaSls6Xzse3KvqSzpLOkq6TpLS0+Cjx0YWJsZSB3aWR0aD0iNDM2IiBib3JkZXI9IjAiIGNlbGxzcGFjaW5nPSIwIiBjZWxscGFkZGluZz0iMCI+CiAgPHRyPgogICAgPHRkIGFsaWduPSJsZWZ0Ij48aW1nIHNyYz0iaHR0cDovL3d3dy5yYWt1dGVuLm5lLmpwL2dvbGQvbW9jLWtpbm9vbW9jaGEvaW1nL29rdXJpbW9uby90dGxfMDAuZ2lmIiBhbHQ9IqWupdWlyIydj+qloqWkpbOl86TLpMSkpKTGIiB3aWR0aD0iMzAwIiBoZWlnaHQ9IjcxIiBib3JkZXI9IjAiPjxicj4KICAgIDxmb250IHNpemU9Ii0xIj6h+aWupdWlyIydj+qloqWkpbOl86TLpMSkpKTGPC9mb250PjwvdGQ+CiAgPC90cj4KPC90YWJsZT4KPCEtLSClrqXVpciloqWkpbOl87Htyr6ks6SzpN6kxy0tPjxmb250IHNpemU9IjMiIGNvbG9yPSIjYzcwNjAwIj48Yj6h9qH2y83Bz59vwc+h9rT60v2krcrWyv3Bz59vwc+h9qH2PC9iPjwvZm9udD4KCjx0YWJsZSB3aWR0aD0iNDM2IiBib3JkZXI9IjAiIGNlbGxzcGFjaW5nPSIwIiBjZWxscGFkZGluZz0iMTAiPgo8dHI+PHRkPjwhLS0gyczGt9Vow/eks6SzpKuk6S0tPjxmb250IHNpemU9IjIiID4KCkJvcm5lTHVuZKOopdypYKXNpeul86XJIKOpLktsZWluo6ilr6XppaSl86OpyeehoaXcpcOlt6XloaGl36XLpe+pYKWvpbul86W/qWCkx6S5oaMKPGJyPryapKukpNf3mEmk4qSqytakzqTipM6ho7mkvt+k8sfJpN+ky8q5pMOkxqTfpOikpqGjIAo8YnI+pbOl86XRpa+lyKTKuaS+36XcpcOlr6W5pPLpX6SxoaK9TaTfwaKkxqTspNChoqXvqWClr6W7pfOlv6lgpM6z9sC0yc+krKTqoaMKPGJyPt9bpPOkwOHhpM+496XRqWClxKTyuaS+36XcpcOlr6W5pMuFp7x7pMekraTepLmkzqTHoaKluaXaqWCluaTiyKGk6qTepLuk86GjCjxicj6kpKTEpMek4qTJpLOkx6Tis9akwd9cpNmk3qS5oaMKPGJyPqXapfOlwaTkpbml0aXKoaKkq6TKpMWkwaTkpM6ks6SupOqkyqTJoaKkvaTspL6k7KTOuaS+36TPpMmk7KTisb7O76S9pMOkr6TqpMekuaGjCjxicj6k3qS/oaKkvaTOuaS+36Tyyrmkw6TGjGfrSKTLpe+pYKWvpbul86W/qWCk8r1NpN/BoqTGpN6kuaTOpMehormkvt+kzsq5pKS3vaTivt/M5bXEpMvSmaSopOmk7KTepLmhowo8YnI+tPPIy6TOpN6kzaTypLmk66SzpMikq6TpoaLS27ju0uLXUqTkhWbVe9DUoaKktaTppMukz87vpPKkv6SkpLukxKTLpLmk69DEpKzJ7aTLpMSkraTepLmhowoKPC9mb250PjwhLS0gyczGt9Vow/eks6SzpN6kxy0tPjwvdGQ+PC90cj48L3RhYmxlPjx0YWJsZSB3aWR0aD0iNDM2IiBib3JkZXI9IjAiIGNlbGxzcGFjaW5nPSIwIiBjZWxscGFkZGluZz0iMTAiIGJnY29sb3I9IiNmMGYwZjAiPiA8dHI+ICA8dGQ+PGZvbnQgc2l6ZT0iMiI+CjwhLS0gysuYlKSzpLOkq6TpIC0tPjwvZm9udD48Zm9udCBzaXplPSIyIj4KCqHx1duk6qS/pL+k86TApMikraTOpbWlpKW6oaG8czQzY22hwTM4Y22hwTkuNWNtCjxCUj6h8Yydz/PE6v1ooaEzmnKhqwo8QlI+ofGyxNl8oaGl3aXqpdel7aXUpeyl8z+l3aXqpailwaXspfMKPEJSPqH564qE06XJpeql66HBMYKAyOuk6qOohWc064qz2KHBMoKApKyx2NKqpMikyqTqpN6kuaOpCjxCUj6h8d2UyOvUqqGhQm9ybmVMdW5ko6il3Klgpc2l66Xzpckgo6kKPEJSPqHxpeGpYKWrqWChoUtsZWluo6ilr6XppaSl86OpyecKPEJSPjxmb250IGNvbG9yPSJjYzAwMDAiPqHxQ0WhoaXoqWCl7aXDpdGwssir0o648aGipKqk4qTBpOOwssiru/mcyqG4RU43MaG53226z8a3CjxCUj6h+aXQpcOlsKTOysuYlKSs0ruyv7utz/GkyK6QpMqk6qTepLmhoyAKPC9mb250PgoKPCEtLSDKy5iUpLOks6TepMcgLS0+PC9mb250PjwvdGQ+IDwvdHI+PC90YWJsZT48YnI+PGltZyBzcmM9Imh0dHA6Ly9pbWFnZS5yYWt1dGVuLmNvLmpwL21vYy1raW5vb21vY2hhL2NhYmluZXQvd3JhcHBpbmctd3JhcHBpbmcuZ2lmIiBhbHQ9IqWupdWlyKXppcOl1KXzpbAiIGhlaWdodD0iMTgiIHdpZHRoPSI4MiIgYm9yZGVyPSIwIj48aW1nIHNyYz0iaHR0cDovL2ltYWdlLnJha3V0ZW4uY28uanAvbW9jLWtpbm9vbW9jaGEvY2FiaW5ldC93cmFwcGluZy1mcmVlLmdpZiIgYWx0PSKfb8HPIiBoZWlnaHQ9IjE4IiB3aWR0aD0iNDAiIGJvcmRlcj0iMCI+PGltZyBzcmM9Imh0dHA6Ly9pbWFnZS5yYWt1dGVuLmNvLmpwL21vYy1raW5vb21vY2hhL2NhYmluZXQvc3BhY2UuZ2lmIiBhbHQ9IiIgaGVpZ2h0PSIxOCIgd2lkdGg9IjEwIj4KPGltZyBzcmM9Imh0dHA6Ly9pbWFnZS5yYWt1dGVuLmNvLmpwL21vYy1raW5vb21vY2hhL2NhYmluZXQvd3JhcHBpbmctdG9wLmdpZiIgaGVpZ2h0PSI0MiIgd2lkdGg9IjQyIiBib3JkZXI9IjAiPjxicj48YnI+PGltZyBzcmM9Imh0dHA6Ly9pbWFnZS5yYWt1dGVuLmNvLmpwL21vYy1raW5vb21vY2hhL2NhYmluZXQvc20vbWF0b21lLWljb24zLmdpZiIgYWx0PSKk3qTIpOHZSaSkIiBoZWlnaHQ9IjMwIiB3aWR0aD0iMzAwIiBib3JkZXI9IjAiPjxicj48YnI+PGltZyBzcmM9Imh0dHA6Ly9pbWFnZS5yYWt1dGVuLmNvLmpwL21vYy1raW5vb21vY2hhL2NhYmluZXQvbmV3L3Nob3AvYy1iYW5uZXIwNS5qcGciIGFsdD0ipeyl06XlqWCk8pX4pKSkxiClr6lgpd2l8yIgd2lkdGg9IjMwMCIgYm9yZGVyPSIwIj48c3R5bGUgdHlwZT0idGV4dC9jc3MiPgovKtlJpKTO76SrpLSky8jrpOyk66Xcpb+l8yovCiNyYWt1dGVuTGltaXRlZElkX2Fyb3VuZENhcnQgaW5wdXRbdmFsdWU9ItlJpKTO76SrpLSky8jrpOyk6yJdewpiYWNrZ3JvdW5kOiB1cmwoImh0dHA6Ly9pbWFnZS5yYWt1dGVuLmNvLmpwL21vYy1raW5vb21vY2hhL2NhYmluZXQvbmV3L21haW4vY2FydDAxLTMuZ2lmIikgbGVmdCB0b3Agbm8tcmVwZWF0Owp3aWR0aDoyNDBweDsKaGVpZ2h0OjUwcHg7CnRleHQtaW5kZW50OjEwMCU7CndoaXRlLXNwYWNlOm5vd3JhcDsKb3ZlcmZsb3c6aGlkZGVuOwpib3JkZXI6IG5vbmU7CnBhZGRpbmc6MDsKbWFyZ2luLXRvcDo1cHggMDsKY3Vyc29yOnBvaW50ZXI7Cn0KI3Jha3V0ZW5MaW1pdGVkSWRfYXJvdW5kQ2FydCB0Ym9keSB0ciB0ZCBpbnB1dDpob3ZlcnsKYWxwaGEob3BhY2l0eT04KTsKLW1vei1vcGFjaXR5OjAuODsKb3BhY2l0eTowLjg7CmN1cnNvcjpwb2ludGVyOwp9Cjwvc3R5bGU+CgoKCgoKCgo8dGFibGUgd2lkdGg9Ijc2MCIgY2VsbHNwYWNpbmc9IjAiIGNlbGxwYWRkaW5nPSI4IiBiZ2NvbG9yPSIjY2VjZWIyIj4KICA8dGJvZHk+CiAgICA8dHI+CiAgICAgIDx0ZD48aW1nIHNyYz0iaHR0cDovL3d3dy5yYWt1dGVuLm5lLmpwL2dvbGQvbW9jLWtpbm9vbW9jaGEvaW1nL2Fycm93LU9WLVIuZ2lmIiBhbHQ9IiIgaGVpZ2h0PSIyMyIgd2lkdGg9IjIzIiBhbGlnbj0iYWJzbWlkZGxlIiBib3JkZXI9IjAiIC8+PGZvbnQgY29sb3I9IiM1YTVhNWEiIHNpemU9IjIiPtb3pMo8L2ZvbnQ+PGZvbnQgY29sb3I9IiM1YTVhNWEiPjxzdHJvbmc+PGZvbnQgc2l6ZT0iMiI+pdal6aXzpck8L2ZvbnQ+PC9zdHJvbmc+PC9mb250PjwvdGQ+CiAgICA8L3RyPgogIDwvdGJvZHk+CjwvdGFibGU+CjxpbWcgc3JjPSJodHRwOi8vd3d3LnJha3V0ZW4ubmUuanAvZ29sZC9tb2Mta2lub29tb2NoYS9pbWcvc3BhY2UuZ2lmIiBhbHQ9IiIgaGVpZ2h0PSI2IiB3aWR0aD0iMTAwIiBib3JkZXI9IjAiPgo8dGFibGUgd2lkdGg9Ijc2MCIgYm9yZGVyPSIwIiBjZWxscGFkZGluZz0iMCIgY2VsbHNwYWNpbmc9IjEiIGJnY29sb3I9IiNjZWNlYjIiPgogIDx0ciBoZWlnaHQ9IjM1Ij4KICAgIDx0ZCB3aWR0aD0iMTAlIiBoZWlnaHQ9IjM1IiBhbGlnbj0icmlnaHQiIGJnY29sb3I9IndoaXRlIj48aW1nIHNyYz0iaHR0cDovL3d3dy5yYWt1dGVuLm5lLmpwL2dvbGQvbW9jLWtpbm9vbW9jaGEvaW1nL2JsYW5kLTA0LmdpZiIgYWx0PSLWqtP9zea+36TOpaKlpKXgpcilpCIgaGVpZ2h0PSIzNSIgd2lkdGg9Ijk2IiBib3JkZXI9IjAiIC8+PC90ZD4KICAgIDx0ZCB3aWR0aD0iMTAlIiBoZWlnaHQ9IjM1IiBhbGlnbj0icmlnaHQiIGJnY29sb3I9IndoaXRlIj48aW1nIHNyYz0iaHR0cDovL3d3dy5yYWt1dGVuLm5lLmpwL2dvbGQvbW9jLWtpbm9vbW9jaGEvaW1nL2JsYW5kLTAxLmdpZiIgYWx0PSK088jLmt0gpdel6aXzpcilpCBQTEFOVE9ZUyIgaGVpZ2h0PSIzNSIgd2lkdGg9Ijk2IiBib3JkZXI9IjAiIC8+PC90ZD4KICAgIDx0ZCB3aWR0aD0iMTAlIiBhbGlnbj0icmlnaHQiIGJnY29sb3I9IndoaXRlIj48aW1nIHNyYz0iaHR0cDovL3d3dy5yYWt1dGVuLm5lLmpwL2dvbGQvbW9jLWtpbm9vbW9jaGEvaW1nL2JsYW5kLTM3LTIuZ2lmIiBhbHQ9IktBUExBIKWrpdel6SIgaGVpZ2h0PSIzNSIgd2lkdGg9Ijk2IiBib3JkZXI9IjAiIC8+PC90ZD4KICAgIDx0ZCB3aWR0aD0iMTAlIiBhbGlnbj0icmlnaHQiIGJnY29sb3I9IndoaXRlIj48aW1nIHNyYz0iaHR0cDovL3d3dy5yYWt1dGVuLm5lLmpwL2dvbGQvbW9jLWtpbm9vbW9jaGEvaW1nL2JyYW5kLW1hZy5naWYiIGFsdD0ipd6lsD+l1aWpqWCl3qlgIG1hZ2Zvcm1lcnMiIGhlaWdodD0iMzUiIHdpZHRoPSI5NiIgYm9yZGVyPSIwIiAvPjwvdGQ+CiAgICA8dGQgd2lkdGg9IjEwJSIgYWxpZ249InJpZ2h0IiBiZ2NvbG9yPSJ3aGl0ZSI+PGltZyBzcmM9Imh0dHA6Ly93d3cucmFrdXRlbi5uZS5qcC9nb2xkL21vYy1raW5vb21vY2hhL2ltZy9ibGFuZC0zNi5naWYiIGFsdD0io7RNpa+l6aXVpcilraXDpcgiIGhlaWdodD0iMzUiIHdpZHRoPSI5NiIgYm9yZGVyPSIwIiAvPjwvdGQ+CiAgICA8dGQgd2lkdGg9IjEwJSIgYWxpZ249InJpZ2h0IiBiZ2NvbG9yPSJ3aGl0ZSI+PGltZyBzcmM9Imh0dHA6Ly93d3cucmFrdXRlbi5uZS5qcC9nb2xkL21vYy1raW5vb21vY2hhL2ltZy9ibGFuZC0wNS5naWYiIGFsdD0ipdal6qWqIEJSSU8ghNOkr6Gi31uk2aTrIiBoZWlnaHQ9IjM1IiB3aWR0aD0iOTYiIGJvcmRlcj0iMCIgLz48L3RkPgogICAgPHRkIHdpZHRoPSIxMCUiIGFsaWduPSJyaWdodCIgYmdjb2xvcj0id2hpdGUiPjxpbWcgc3JjPSJodHRwOi8vd3d3LnJha3V0ZW4ubmUuanAvZ29sZC9tb2Mta2lub29tb2NoYS9pbWcvYmxhbmQtMzEuZ2lmIiBhbHQ9IqXcqWClzaXrpfOlySIgaGVpZ2h0PSIzNSIgd2lkdGg9Ijk2IiBib3JkZXI9IjAiIC8+PC90ZD4KICA8L3RyPgogIDx0ciBoZWlnaHQ9IjM1Ij4KICAgIDx0ZCB3aWR0aD0iMTAlIiBoZWlnaHQ9IjM1IiBhbGlnbj0icmlnaHQiIGJnY29sb3I9IndoaXRlIj48aW1nIHNyYz0iaHR0cDovL3d3dy5yYWt1dGVuLm5lLmpwL2dvbGQvbW9jLWtpbm9vbW9jaGEvaW1nL2JsYW5kLTA5LmdpZiIgYWx0PSLI1bG+0XWkzrdlpN/EviIgaGVpZ2h0PSIzNSIgd2lkdGg9Ijk2IiBib3JkZXI9IjAiIC8+PC90ZD4KICAgIDx0ZCB3aWR0aD0iMTAlIiBoZWlnaHQ9IjM1IiBhbGlnbj0icmlnaHQiIGJnY29sb3I9IndoaXRlIj48Zm9udCBzaXplPSIyIj48aW1nIHNyYz0iaHR0cDovL3d3dy5yYWt1dGVuLm5lLmpwL2dvbGQvbW9jLWtpbm9vbW9jaGEvaW1nL2JsYW5kLTIxLmdpZiIgYWx0PSLEvqTOpKqk4qTBpOMubW9jIKW3peOl3KXz0/GhoaXXpbmlxqWjpdWlo6WvpbkiIGhlaWdodD0iMzUiIHdpZHRoPSI5NiIgYm9yZGVyPSIwIiAvPjwvZm9udD48L3RkPgogICAgPHRkIHdpZHRoPSIxMCUiIGFsaWduPSJyaWdodCIgYmdjb2xvcj0id2hpdGUiPjxpbWcgc3JjPSJodHRwOi8vd3d3LnJha3V0ZW4ubmUuanAvZ29sZC9tb2Mta2lub29tb2NoYS9pbWcvYmxhbmQtMTYuZ2lmIiBhbHQ9IqTMpK+k4qTqpM6w18S+IKXLpcGlrKXzpaql6qW4pcql6yIgaGVpZ2h0PSIzNSIgd2lkdGg9Ijk2IiBib3JkZXI9IjAiIC8+PC90ZD4KICAgIDx0ZCB3aWR0aD0iMTAlIiBhbGlnbj0icmlnaHQiIGJnY29sb3I9IndoaXRlIj48aW1nIHNyYz0iaHR0cDovL3d3dy5yYWt1dGVuLm5lLmpwL2dvbGQvbW9jLWtpbm9vbW9jaGEvaW1nL2JsYW5kLTQwLmdpZiIgYWx0PSJMYVEgpemlraXlqWAiIGhlaWdodD0iMzUiIHdpZHRoPSI5NiIgYm9yZGVyPSIwIiAvPjwvdGQ+CiAgICA8dGQgd2lkdGg9IjEwJSIgYWxpZ249InJpZ2h0IiBiZ2NvbG9yPSJ3aGl0ZSI+PGltZyBzcmM9Imh0dHA6Ly93d3cucmFrdXRlbi5uZS5qcC9nb2xkL21vYy1raW5vb21vY2hhL2ltZy9ibGFuZC0zOS5naWYiIGFsdD0iT2FrVmlsbHVnZaWqqWClr6X0paOl7KXDpbgiIGhlaWdodD0iMzUiIHdpZHRoPSI5NiIgYm9yZGVyPSIwIiAvPjwvdGQ+CiAgICA8dGQgd2lkdGg9IjEwJSIgYWxpZ249InJpZ2h0IiBiZ2NvbG9yPSJ3aGl0ZSI+PGltZyBzcmM9Imh0dHA6Ly93d3cucmFrdXRlbi5uZS5qcC9nb2xkL21vYy1raW5vb21vY2hhL2ltZy9ibGFuZC0yNy5naWYiIGFsdD0iTGFRIKXppa2l5algIiBoZWlnaHQ9IjM1IiB3aWR0aD0iOTYiIGJvcmRlcj0iMCIgLz48L3RkPgogICAgPHRkIHdpZHRoPSIxMCUiIGFsaWduPSJyaWdodCIgYmdjb2xvcj0id2hpdGUiPjxpbWcgc3JjPSJodHRwOi8vd3d3LnJha3V0ZW4ubmUuanAvZ29sZC9tb2Mta2lub29tb2NoYS9pbWcvYmxhbmQtMDYuZ2lmIiBhbHQ9IqW0peCkzsS+0XXGtyClqKXIpdylpKXpIiBoZWlnaHQ9IjM1IiB3aWR0aD0iOTYiIGJvcmRlcj0iMCIgLz48L3RkPgogIDwvdHI+CiAgPHRyIGhlaWdodD0iMzUiPgogICAgPHRkIGhlaWdodD0iMzUiIGFsaWduPSJyaWdodCIgYmdjb2xvcj0id2hpdGUiPjxpbWcgc3JjPSJodHRwOi8vd3d3LnJha3V0ZW4ubmUuanAvZ29sZC9tb2Mta2lub29tb2NoYS9pbWcvYmxhbmQtMzMuZ2lmIiBhbHQ9IqXVpeyl86W5pcalw6XJpeKl06lgpesgRkxFTlNURUQgbW9iaWxlcyIgaGVpZ2h0PSIzNSIgd2lkdGg9Ijk2IiBib3JkZXI9IjAiIC8+PC90ZD4KICAgIDx0ZCBoZWlnaHQ9IjM1IiBhbGlnbj0icmlnaHQiIGJnY29sb3I9IndoaXRlIj48aW1nIHNyYz0iaHR0cDovL3d3dy5yYWt1dGVuLm5lLmpwL2dvbGQvbW9jLWtpbm9vbW9jaGEvaW1nL2JsYW5kLXJvb21tYXRlcy5naWYiIGFsdD0ipaalqalgpeuluaXGpcOlq6lgIKXrqWCl4KXhpaSlxCIgaGVpZ2h0PSIzNSIgd2lkdGg9Ijk2IiBib3JkZXI9IjAiIC8+PC90ZD4KICAgIDx0ZCBhbGlnbj0icmlnaHQiIGJnY29sb3I9IndoaXRlIj48aW1nIHNyYz0iaHR0cDovL2ltYWdlLnJha3V0ZW4uY28uanAvbW9jLWtpbm9vbW9jaGEvY2FiaW5ldC9naWMvZ2ljLWljb24yLmdpZiIgYWx0PSKBXNPDzea+3yCluKXDpa8iIGhlaWdodD0iMzUiIHdpZHRoPSI5NiIgYm9yZGVyPSIwIiAvPjwvdGQ+CiAgICA8dGQgYWxpZ249InJpZ2h0IiBiZ2NvbG9yPSJ3aGl0ZSI+PGltZyBzcmM9Imh0dHA6Ly93d3cucmFrdXRlbi5uZS5qcC9nb2xkL21vYy1raW5vb21vY2hhL2ltZy9ibGFuZC1oYXBlLmdpZiIgYWx0PSKlyaWkpcShocS+pM6kqqTipMGk46Ghpc+l2iIgaGVpZ2h0PSIzNSIgd2lkdGg9Ijk2IiBib3JkZXI9IjAiIC8+PC90ZD4KICAgIDx0ZCBhbGlnbj0icmlnaHQiIGJnY29sb3I9IndoaXRlIj4mbmJzcDs8L3RkPgogICAgPHRkIGFsaWduPSJyaWdodCIgYmdjb2xvcj0id2hpdGUiPiZuYnNwOzwvdGQ+CiAgICA8dGQgYWxpZ249InJpZ2h0IiBiZ2NvbG9yPSJ3aGl0ZSI+Jm5ic3A7PC90ZD4KICA8L3RyPgo8L3RhYmxlPgo8aW1nIHNyYz0iaHR0cDovL3d3dy5yYWt1dGVuLm5lLmpwL2dvbGQvbW9jLWtpbm9vbW9jaGEvaW1nL3lhamlydXNpLWFuaS1SLmdpZiIgYWx0PSIiIGhlaWdodD0iMTAiIHdpZHRoPSIxMyIgYm9yZGVyPSIwIiAvPjxpbWcgc3JjPSJodHRwOi8vd3d3LnJha3V0ZW4ubmUuanAvZ29sZC9tb2Mta2lub29tb2NoYS9pbWcveWFqaXJ1c2ktYW5pLVIuZ2lmIiBhbHQ9IiIgaGVpZ2h0PSIxMCIgd2lkdGg9IjEzIiBib3JkZXI9IjAiIC8+PGZvbnQgc2l6ZT0iMiI+IKXWpeml86XJ0rvTRaTPpbOlwaXpPC9mb250Pg==,ob7WqtP9zea+36G/ob6kqqTipMGk46GhpLSkw6Sz31uk06GhtPO5pKG/pKqk4qTBpOMgtPO5pCBCb3JuZUx1bmSjqKXcqWClzaXrpfOlySCjqS5LbGVpbqOopa+l6aWkpfOjqcnnIKXcpcOlt6XlIKXfpcul76lgpa+lu6Xzpb+pYCCkqtVRyfrI1SAzmnKjusTQob6lr6Xqpbml3qW5pdel7KW8pfOlyKGhxNCkztfTob+hvqG/ob5wob+jusS+pM6kqqTipMGk4yCls6XipcOlrw==,xL6kzqSqpOKkwaTj1qrT/c3mvt+3ZaTfxL6z9q5i16OkpKXPpdql16XppfOlyKWkpdal6qWqpdypYKXNpeul86XJpculwaWspfOk3qTepLSkyKTepN6ktKTIpbulw6XIpaqpYKWvpfSlo6XspcOluKXepbCl1aWpqWCl3qlgpaul16XpTGFRxL7RdaXsqWCl66WvpaKlyaXqpeml1qXppbapYKW4peel66XApfOlz6XQpaqpYKXcqWCl66G+1qrT/c3mvt+hv6G+pKqk4qTBpOOhoaS0pMOks99bpNOhobTzuaShv6SqpOKkwaTjILTzuaQgQm9ybmVMdW5ko6il3Klgpc2l66Xzpckgo6kuS2xlaW6jqKWvpemlpKXzo6nJ5yCl3KXDpbel5SCl36XLpe+pYKWvpbul86W/qWAgpKrVUcn6yNUgM5pyo7rE0KG+pa+l6qW5pd6luaXXpeylvKXzpcihocTQpM7X06G/ob6hv6G+cKG/,pdGl0eO/pOykzqXcpcOlt6XluaS+36W7pcOlyKG+pKKkuZhTob+ho6G+1qrT/c3mvt+hv6G+pKqk4qTBpOOhoaS0pMOks99bpNOhobTzuaShv6SqpOKkwaTjILTzuaQgQm9ybmVMdW5ko6il3Klgpc2l66Xzpckgo6kuS2xlaW6jqKWvpemlpKXzo6nJ5yCl3KXDpbel5SCl36XLpe+pYKWvpbul86W/qWAgpKrVUcn6yNUgM5pyo7rE0KG+pa+l6qW5pd6luaXXpeylvKXzpcihocTQpM7X06G/ob6hv6G+cKG/[rn]
40-32910,aHR0cDovL3RzaG9wLnIxMHMuanAvbW9jLWtpbm9vbW9jaGEvY2FiaW5ldC9icmlvL2JyMzM5NDkuanBnP2ZpdGluPTcwMDo3MDA=,MjE2MC4wMDAw,,pKqk4qTBpOM/pdul06lgP6WyqWCl4CA+IKSqpOKkwaTjID4gpN6k3qS0pMg/pLSkw6Sz31uk06XIpaQgPiCkvaTOy/s=,ob7EvqTOpKqk4qTBpOOhvyCl1qXqpaovQlJJTyBWaWxsYWdlIKX0paOl7KXDpbihoaWtpeOl86XXpcil7KWkpempYKGhpLSkw6Sz31uk06G+uZ2+5CDI64hA1+SIQKGhyOvRp9fkmEmhodfTuamhv6G+Y6G/ob6hvw==,QlJJT6XvqWCl66XJpM6ktKTDpLPfW6TT,PHRhYmxlIHdpZHRoPSI3NjAiIGJvcmRlcj0iMCIgY2VsbHNwYWNpbmc9IjAiIGNlbGxwYWRkaW5nPSIwIj4KPHRyPjx0ZD4KPGlmcmFtZSBzcmM9Imh0dHA6Ly93d3cucmFrdXRlbi5uZS5qcC9nb2xkL21vYy1raW5vb21vY2hhL2JydmlsbGFnZTAxLmh0bWwiIHdpZHRoPSI3NjAiIGhlaWdodD0iMjcwMCIgc2VhbWxlc3MgdGFyZ2V0PSJfcGFyZW50IiBmcmFtZWJvcmRlcj0iMCI+PC9pZnJhbWU+CjwvdGQ+PC90cj4KCjwvdGFibGU+PCEtLSClrqXVpciloqWkpbOl87Htyr6ks6SzpKuk6S0tPgo8dGFibGUgd2lkdGg9IjQwOCIgYm9yZGVyPSIwIiBjZWxsc3BhY2luZz0iMCIgY2VsbHBhZGRpbmc9IjAiPgogIDx0cj4KICAgIDx0ZCBhbGlnbj0ibGVmdCI+PGltZyBzcmM9Imh0dHA6Ly93d3cucmFrdXRlbi5uZS5qcC9nb2xkL21vYy1raW5vb21vY2hhL2ltZy9va3VyaW1vbm8vdHRsXzAwLmdpZiIgYWx0PSKlrqXVpciMnY/qpaKlpKWzpfOky6TEpKSkxiIgd2lkdGg9IjMwMCIgaGVpZ2h0PSI3MSIgYm9yZGVyPSIwIj48YnI+CiAgICA8Zm9udCBzaXplPSItMSI+ofmlrqXVpciMnY/qpaKlpKWzpfOky6TEpKSkxjwvZm9udD48L3RkPgogIDwvdHI+CjwvdGFibGU+CjwhLS0gpa6l1aXIpaKlpKWzpfOx7cq+pLOks6TepMctLT48dGFibGUgd2lkdGg9IjQwOCIgYm9yZGVyPSIwIiBjZWxsc3BhY2luZz0iMCIgY2VsbHBhZGRpbmc9IjEwIj4KPHRyPjx0ZD48IS0tIMnMxrfVaMP3pLOks6SrpOktLT48Zm9udCBzaXplPSIyIiA+CkJSSU+hoaXWpeqlqiCl9KWjpeylw6W4IKWtpeOl86XXpcil7KWkpempYCCkx6S5oaMKPGJyPqXWpeqlqqTOxL7RdaXsqWCl66THpOLX36TspN6kuaGjCjxicj6k4qTBpO2k88HQ3IekzqXvpbSl86TI30K9WaTipMekraTepLmhowo8YnI+pfSlo6XspcOluKTHmFOkt6Sk0N3I1aTy316ktKS3pMak36TepLuk86Sro78KPGJyPkJSSU+hoaX0paOl7KXDpbikz8jVs6Okzsn6u+6k8qXGqWCl3qTLpLekv0JSSU+l76lgpeulyaW3peqpYKW6pMekuaGjCjxicj6Ek9TspKyYU6S3pK+kyqTrQlJJT6XvqWCl66XJpM6l9KWjpeylw6W4pMehotfUt9akzu6upPLX96TDpMak36TepLek56SmoaMKCgo8L2ZvbnQ+PCEtLSDJzMa31WjD96SzpLOk3qTHLS0+PC90ZD48L3RyPjwvdGFibGU+PHRhYmxlIHdpZHRoPSI0MDgiIGJvcmRlcj0iMCIgY2VsbHNwYWNpbmc9IjAiIGNlbGxwYWRkaW5nPSIxMCIgYmdjb2xvcj0iI2YwZjBmMCI+IDx0cj4gIDx0ZD48Zm9udCBzaXplPSIyIj4KCjwhLS0gysuYlKSzpLOkq6TpIC0tPjwvZm9udD48Zm9udCBzaXplPSIyIj4KofHRdca3pbWlpKW6oaG8czE5Y20oVymhwbxzMzZjbShEKaHBvHM1MGNtKEgpCjxCUj6h8Yydz/PE6v1ooaEzmnKhqwo8YnI+PGZvbnQgY29sb3I9ImNjMDAwMCI+ofFDRaGhpeipYKXtpcOl0bCyyKvSjrjxoaKkqqTipMGk47CyyKu7+ZzKobhFTjcxobnfbbrPxrc8YnI+pKrX05iUpKykyqThpMak4rCyyKukyolUwc+k8sq508Okt6TGpKSk3qS5oaMKPC9mb250PgoKPCEtLSDKy5iUpLOks6TepMcgLS0+PC9mb250PjwvdGQ+IDwvdHI+PC90YWJsZT48YnI+PGltZyBzcmM9Imh0dHA6Ly9pbWFnZS5yYWt1dGVuLmNvLmpwL21vYy1raW5vb21vY2hhL2NhYmluZXQvd3JhcHBpbmctd3JhcHBpbmcuZ2lmIiBhbHQ9IqWupdWlyKXppcOl1KXzpbAiIGhlaWdodD0iMTgiIHdpZHRoPSI4MiIgYm9yZGVyPSIwIj48aW1nIHNyYz0iaHR0cDovL2ltYWdlLnJha3V0ZW4uY28uanAvbW9jLWtpbm9vbW9jaGEvY2FiaW5ldC93cmFwcGluZy1mcmVlLmdpZiIgYWx0PSKfb8HPIiBoZWlnaHQ9IjE4IiB3aWR0aD0iNDAiIGJvcmRlcj0iMCI+PGltZyBzcmM9Imh0dHA6Ly9pbWFnZS5yYWt1dGVuLmNvLmpwL21vYy1raW5vb21vY2hhL2NhYmluZXQvc3BhY2UuZ2lmIiBhbHQ9IiIgaGVpZ2h0PSIxOCIgd2lkdGg9IjEwIj48aW1nIHNyYz0iaHR0cDovL2ltYWdlLnJha3V0ZW4uY28uanAvbW9jLWtpbm9vbW9jaGEvY2FiaW5ldC93cmFwcGluZy1hbGwuZ2lmIiBoZWlnaHQ9IjQyIiB3aWR0aD0iNDIiIGJvcmRlcj0iMCI+PGJyPjxicj48aW1nIHNyYz0iaHR0cDovL2ltYWdlLnJha3V0ZW4uY28uanAvbW9jLWtpbm9vbW9jaGEvY2FiaW5ldC9zbS9tYXRvbWUtaWNvbjMuZ2lmIiBhbHQ9IqTepMik4dlJpKQiIGhlaWdodD0iMzAiIHdpZHRoPSIzMDAiIGJvcmRlcj0iMCI+PGJyPjxicj48aW1nIHNyYz0iaHR0cDovL2ltYWdlLnJha3V0ZW4uY28uanAvbW9jLWtpbm9vbW9jaGEvY2FiaW5ldC9uZXcvc2hvcC9jLWJhbm5lcjA1LmpwZyIgYWx0PSKl7KXTpeWpYKTylfikpKTGIKWvqWCl3aXzIiB3aWR0aD0iMzAwIiBib3JkZXI9IjAiPjxicj6hvqWzpfOl06XLytzIoYydj+rJzMa3ob88c3R5bGUgdHlwZT0idGV4dC9jc3MiPgovKtlJpKTO76SrpLSky8jrpOyk66Xcpb+l8yovCiNyYWt1dGVuTGltaXRlZElkX2Fyb3VuZENhcnQgaW5wdXRbdmFsdWU9ItlJpKTO76SrpLSky8jrpOyk6yJdewpiYWNrZ3JvdW5kOiB1cmwoImh0dHA6Ly9pbWFnZS5yYWt1dGVuLmNvLmpwL21vYy1raW5vb21vY2hhL2NhYmluZXQvbmV3L21haW4vY2FydDAxLTMuZ2lmIikgbGVmdCB0b3Agbm8tcmVwZWF0Owp3aWR0aDoyNDBweDsKaGVpZ2h0OjUwcHg7CnRleHQtaW5kZW50OjEwMCU7CndoaXRlLXNwYWNlOm5vd3JhcDsKb3ZlcmZsb3c6aGlkZGVuOwpib3JkZXI6IG5vbmU7CnBhZGRpbmc6MDsKbWFyZ2luLXRvcDo1cHggMDsKY3Vyc29yOnBvaW50ZXI7Cn0KI3Jha3V0ZW5MaW1pdGVkSWRfYXJvdW5kQ2FydCB0Ym9keSB0ciB0ZCBpbnB1dDpob3ZlcnsKYWxwaGEob3BhY2l0eT04KTsKLW1vei1vcGFjaXR5OjAuODsKb3BhY2l0eTowLjg7CmN1cnNvcjpwb2ludGVyOwp9Cjwvc3R5bGU+CgoKCgoKCgo8dGFibGUgd2lkdGg9Ijc2MCIgY2VsbHNwYWNpbmc9IjAiIGNlbGxwYWRkaW5nPSI4IiBiZ2NvbG9yPSIjY2VjZWIyIj4KICA8dGJvZHk+CiAgICA8dHI+CiAgICAgIDx0ZD48aW1nIHNyYz0iaHR0cDovL3d3dy5yYWt1dGVuLm5lLmpwL2dvbGQvbW9jLWtpbm9vbW9jaGEvaW1nL2Fycm93LU9WLVIuZ2lmIiBhbHQ9IiIgaGVpZ2h0PSIyMyIgd2lkdGg9IjIzIiBhbGlnbj0iYWJzbWlkZGxlIiBib3JkZXI9IjAiIC8+PGZvbnQgY29sb3I9IiM1YTVhNWEiIHNpemU9IjIiPtb3pMo8L2ZvbnQ+PGZvbnQgY29sb3I9IiM1YTVhNWEiPjxzdHJvbmc+PGZvbnQgc2l6ZT0iMiI+pdal6aXzpck8L2ZvbnQ+PC9zdHJvbmc+PC9mb250PjwvdGQ+CiAgICA8L3RyPgogIDwvdGJvZHk+CjwvdGFibGU+CjxpbWcgc3JjPSJodHRwOi8vd3d3LnJha3V0ZW4ubmUuanAvZ29sZC9tb2Mta2lub29tb2NoYS9pbWcvc3BhY2UuZ2lmIiBhbHQ9IiIgaGVpZ2h0PSI2IiB3aWR0aD0iMTAwIiBib3JkZXI9IjAiPgo8dGFibGUgd2lkdGg9Ijc2MCIgYm9yZGVyPSIwIiBjZWxscGFkZGluZz0iMCIgY2VsbHNwYWNpbmc9IjEiIGJnY29sb3I9IiNjZWNlYjIiPgogIDx0ciBoZWlnaHQ9IjM1Ij4KICAgIDx0ZCB3aWR0aD0iMTAlIiBoZWlnaHQ9IjM1IiBhbGlnbj0icmlnaHQiIGJnY29sb3I9IndoaXRlIj48aW1nIHNyYz0iaHR0cDovL3d3dy5yYWt1dGVuLm5lLmpwL2dvbGQvbW9jLWtpbm9vbW9jaGEvaW1nL2JsYW5kLTA0LmdpZiIgYWx0PSLWqtP9zea+36TOpaKlpKXgpcilpCIgaGVpZ2h0PSIzNSIgd2lkdGg9Ijk2IiBib3JkZXI9IjAiIC8+PC90ZD4KICAgIDx0ZCB3aWR0aD0iMTAlIiBoZWlnaHQ9IjM1IiBhbGlnbj0icmlnaHQiIGJnY29sb3I9IndoaXRlIj48aW1nIHNyYz0iaHR0cDovL3d3dy5yYWt1dGVuLm5lLmpwL2dvbGQvbW9jLWtpbm9vbW9jaGEvaW1nL2JsYW5kLTAxLmdpZiIgYWx0PSK088jLmt0gpdel6aXzpcilpCBQTEFOVE9ZUyIgaGVpZ2h0PSIzNSIgd2lkdGg9Ijk2IiBib3JkZXI9IjAiIC8+PC90ZD4KICAgIDx0ZCB3aWR0aD0iMTAlIiBhbGlnbj0icmlnaHQiIGJnY29sb3I9IndoaXRlIj48aW1nIHNyYz0iaHR0cDovL3d3dy5yYWt1dGVuLm5lLmpwL2dvbGQvbW9jLWtpbm9vbW9jaGEvaW1nL2JsYW5kLTM3LTIuZ2lmIiBhbHQ9IktBUExBIKWrpdel6SIgaGVpZ2h0PSIzNSIgd2lkdGg9Ijk2IiBib3JkZXI9IjAiIC8+PC90ZD4KICAgIDx0ZCB3aWR0aD0iMTAlIiBhbGlnbj0icmlnaHQiIGJnY29sb3I9IndoaXRlIj48aW1nIHNyYz0iaHR0cDovL3d3dy5yYWt1dGVuLm5lLmpwL2dvbGQvbW9jLWtpbm9vbW9jaGEvaW1nL2JyYW5kLW1hZy5naWYiIGFsdD0ipd6lsD+l1aWpqWCl3qlgIG1hZ2Zvcm1lcnMiIGhlaWdodD0iMzUiIHdpZHRoPSI5NiIgYm9yZGVyPSIwIiAvPjwvdGQ+CiAgICA8dGQgd2lkdGg9IjEwJSIgYWxpZ249InJpZ2h0IiBiZ2NvbG9yPSJ3aGl0ZSI+PGltZyBzcmM9Imh0dHA6Ly93d3cucmFrdXRlbi5uZS5qcC9nb2xkL21vYy1raW5vb21vY2hhL2ltZy9ibGFuZC0zNi5naWYiIGFsdD0io7RNpa+l6aXVpcilraXDpcgiIGhlaWdodD0iMzUiIHdpZHRoPSI5NiIgYm9yZGVyPSIwIiAvPjwvdGQ+CiAgICA8dGQgd2lkdGg9IjEwJSIgYWxpZ249InJpZ2h0IiBiZ2NvbG9yPSJ3aGl0ZSI+PGltZyBzcmM9Imh0dHA6Ly93d3cucmFrdXRlbi5uZS5qcC9nb2xkL21vYy1raW5vb21vY2hhL2ltZy9ibGFuZC0wNS5naWYiIGFsdD0ipdal6qWqIEJSSU8ghNOkr6Gi31uk2aTrIiBoZWlnaHQ9IjM1IiB3aWR0aD0iOTYiIGJvcmRlcj0iMCIgLz48L3RkPgogICAgPHRkIHdpZHRoPSIxMCUiIGFsaWduPSJyaWdodCIgYmdjb2xvcj0id2hpdGUiPjxpbWcgc3JjPSJodHRwOi8vd3d3LnJha3V0ZW4ubmUuanAvZ29sZC9tb2Mta2lub29tb2NoYS9pbWcvYmxhbmQtMzEuZ2lmIiBhbHQ9IqXcqWClzaXrpfOlySIgaGVpZ2h0PSIzNSIgd2lkdGg9Ijk2IiBib3JkZXI9IjAiIC8+PC90ZD4KICA8L3RyPgogIDx0ciBoZWlnaHQ9IjM1Ij4KICAgIDx0ZCB3aWR0aD0iMTAlIiBoZWlnaHQ9IjM1IiBhbGlnbj0icmlnaHQiIGJnY29sb3I9IndoaXRlIj48aW1nIHNyYz0iaHR0cDovL3d3dy5yYWt1dGVuLm5lLmpwL2dvbGQvbW9jLWtpbm9vbW9jaGEvaW1nL2JsYW5kLTA5LmdpZiIgYWx0PSLI1bG+0XWkzrdlpN/EviIgaGVpZ2h0PSIzNSIgd2lkdGg9Ijk2IiBib3JkZXI9IjAiIC8+PC90ZD4KICAgIDx0ZCB3aWR0aD0iMTAlIiBoZWlnaHQ9IjM1IiBhbGlnbj0icmlnaHQiIGJnY29sb3I9IndoaXRlIj48Zm9udCBzaXplPSIyIj48aW1nIHNyYz0iaHR0cDovL3d3dy5yYWt1dGVuLm5lLmpwL2dvbGQvbW9jLWtpbm9vbW9jaGEvaW1nL2JsYW5kLTIxLmdpZiIgYWx0PSLEvqTOpKqk4qTBpOMubW9jIKW3peOl3KXz0/GhoaXXpbmlxqWjpdWlo6WvpbkiIGhlaWdodD0iMzUiIHdpZHRoPSI5NiIgYm9yZGVyPSIwIiAvPjwvZm9udD48L3RkPgogICAgPHRkIHdpZHRoPSIxMCUiIGFsaWduPSJyaWdodCIgYmdjb2xvcj0id2hpdGUiPjxpbWcgc3JjPSJodHRwOi8vd3d3LnJha3V0ZW4ubmUuanAvZ29sZC9tb2Mta2lub29tb2NoYS9pbWcvYmxhbmQtMTYuZ2lmIiBhbHQ9IqTMpK+k4qTqpM6w18S+IKXLpcGlrKXzpaql6qW4pcql6yIgaGVpZ2h0PSIzNSIgd2lkdGg9Ijk2IiBib3JkZXI9IjAiIC8+PC90ZD4KICAgIDx0ZCB3aWR0aD0iMTAlIiBhbGlnbj0icmlnaHQiIGJnY29sb3I9IndoaXRlIj48aW1nIHNyYz0iaHR0cDovL3d3dy5yYWt1dGVuLm5lLmpwL2dvbGQvbW9jLWtpbm9vbW9jaGEvaW1nL2JsYW5kLTQwLmdpZiIgYWx0PSJMYVEgpemlraXlqWAiIGhlaWdodD0iMzUiIHdpZHRoPSI5NiIgYm9yZGVyPSIwIiAvPjwvdGQ+CiAgICA8dGQgd2lkdGg9IjEwJSIgYWxpZ249InJpZ2h0IiBiZ2NvbG9yPSJ3aGl0ZSI+PGltZyBzcmM9Imh0dHA6Ly93d3cucmFrdXRlbi5uZS5qcC9nb2xkL21vYy1raW5vb21vY2hhL2ltZy9ibGFuZC0zOS5naWYiIGFsdD0iT2FrVmlsbHVnZaWqqWClr6X0paOl7KXDpbgiIGhlaWdodD0iMzUiIHdpZHRoPSI5NiIgYm9yZGVyPSIwIiAvPjwvdGQ+CiAgICA8dGQgd2lkdGg9IjEwJSIgYWxpZ249InJpZ2h0IiBiZ2NvbG9yPSJ3aGl0ZSI+PGltZyBzcmM9Imh0dHA6Ly93d3cucmFrdXRlbi5uZS5qcC9nb2xkL21vYy1raW5vb21vY2hhL2ltZy9ibGFuZC0yNy5naWYiIGFsdD0iTGFRIKXppa2l5algIiBoZWlnaHQ9IjM1IiB3aWR0aD0iOTYiIGJvcmRlcj0iMCIgLz48L3RkPgogICAgPHRkIHdpZHRoPSIxMCUiIGFsaWduPSJyaWdodCIgYmdjb2xvcj0id2hpdGUiPjxpbWcgc3JjPSJodHRwOi8vd3d3LnJha3V0ZW4ubmUuanAvZ29sZC9tb2Mta2lub29tb2NoYS9pbWcvYmxhbmQtMDYuZ2lmIiBhbHQ9IqW0peCkzsS+0XXGtyClqKXIpdylpKXpIiBoZWlnaHQ9IjM1IiB3aWR0aD0iOTYiIGJvcmRlcj0iMCIgLz48L3RkPgogIDwvdHI+CiAgPHRyIGhlaWdodD0iMzUiPgogICAgPHRkIGhlaWdodD0iMzUiIGFsaWduPSJyaWdodCIgYmdjb2xvcj0id2hpdGUiPjxpbWcgc3JjPSJodHRwOi8vd3d3LnJha3V0ZW4ubmUuanAvZ29sZC9tb2Mta2lub29tb2NoYS9pbWcvYmxhbmQtMzMuZ2lmIiBhbHQ9IqXVpeyl86W5pcalw6XJpeKl06lgpesgRkxFTlNURUQgbW9iaWxlcyIgaGVpZ2h0PSIzNSIgd2lkdGg9Ijk2IiBib3JkZXI9IjAiIC8+PC90ZD4KICAgIDx0ZCBoZWlnaHQ9IjM1IiBhbGlnbj0icmlnaHQiIGJnY29sb3I9IndoaXRlIj48aW1nIHNyYz0iaHR0cDovL3d3dy5yYWt1dGVuLm5lLmpwL2dvbGQvbW9jLWtpbm9vbW9jaGEvaW1nL2JsYW5kLXJvb21tYXRlcy5naWYiIGFsdD0ipaalqalgpeuluaXGpcOlq6lgIKXrqWCl4KXhpaSlxCIgaGVpZ2h0PSIzNSIgd2lkdGg9Ijk2IiBib3JkZXI9IjAiIC8+PC90ZD4KICAgIDx0ZCBhbGlnbj0icmlnaHQiIGJnY29sb3I9IndoaXRlIj48aW1nIHNyYz0iaHR0cDovL2ltYWdlLnJha3V0ZW4uY28uanAvbW9jLWtpbm9vbW9jaGEvY2FiaW5ldC9naWMvZ2ljLWljb24yLmdpZiIgYWx0PSKBXNPDzea+3yCluKXDpa8iIGhlaWdodD0iMzUiIHdpZHRoPSI5NiIgYm9yZGVyPSIwIiAvPjwvdGQ+CiAgICA8dGQgYWxpZ249InJpZ2h0IiBiZ2NvbG9yPSJ3aGl0ZSI+PGltZyBzcmM9Imh0dHA6Ly93d3cucmFrdXRlbi5uZS5qcC9nb2xkL21vYy1raW5vb21vY2hhL2ltZy9ibGFuZC1oYXBlLmdpZiIgYWx0PSKlyaWkpcShocS+pM6kqqTipMGk46Ghpc+l2iIgaGVpZ2h0PSIzNSIgd2lkdGg9Ijk2IiBib3JkZXI9IjAiIC8+PC90ZD4KICAgIDx0ZCBhbGlnbj0icmlnaHQiIGJnY29sb3I9IndoaXRlIj4mbmJzcDs8L3RkPgogICAgPHRkIGFsaWduPSJyaWdodCIgYmdjb2xvcj0id2hpdGUiPiZuYnNwOzwvdGQ+CiAgICA8dGQgYWxpZ249InJpZ2h0IiBiZ2NvbG9yPSJ3aGl0ZSI+Jm5ic3A7PC90ZD4KICA8L3RyPgo8L3RhYmxlPgo8aW1nIHNyYz0iaHR0cDovL3d3dy5yYWt1dGVuLm5lLmpwL2dvbGQvbW9jLWtpbm9vbW9jaGEvaW1nL3lhamlydXNpLWFuaS1SLmdpZiIgYWx0PSIiIGhlaWdodD0iMTAiIHdpZHRoPSIxMyIgYm9yZGVyPSIwIiAvPjxpbWcgc3JjPSJodHRwOi8vd3d3LnJha3V0ZW4ubmUuanAvZ29sZC9tb2Mta2lub29tb2NoYS9pbWcveWFqaXJ1c2ktYW5pLVIuZ2lmIiBhbHQ9IiIgaGVpZ2h0PSIxMCIgd2lkdGg9IjEzIiBib3JkZXI9IjAiIC8+PGZvbnQgc2l6ZT0iMiI+IKXWpeml86XJ0rvTRaTPpbOlwaXpPC9mb250Pg==,ob7EvqTOpKqk4qTBpOOhvyCl1qXqpaovQlJJTyBWaWxsYWdlIKX0paOl7KXDpbihoaWtpeOl86XXpcil7KWkpempYKGhpLSkw6Sz31uk06G+uZ2+5CDI64hA1+SIQKGhyOvRp9fkmEmhodfTuamhv6G+Y6G/ob6hv6O6xL6kzqSqpOKkwaTjIKWzpeKlw6Wv,xL6kzqSqpOKkwaTj1qrT/c3mvt+3ZaTfxL6z9q5i16OkpKXPpdql16XppfOlyKWkpdal6qWqpdypYKXNpeul86XJpculwaWspfOk3qTepLSkyKTepN6ktKTIpbulw6XIpaqpYKWvpfSlo6XspcOluKXepbCl1aWpqWCl3qlgpaul16XpTGFRxL7RdaXsqWCl66WvpaKlyaXqpeml1qXppbapYKW4peel66XApfOlz6XQpaqpYKXcqWCl66G+xL6kzqSqpOKkwaTjob8gpdal6qWqL0JSSU8gVmlsbGFnZSCl9KWjpeylw6W4oaGlraXjpfOl16XIpeylpKXpqWChoaS0pMOks99bpNOhvrmdvuQgyOuIQNfkiEChocjr0afX5JhJoaHX07mpob+hvmOhv6G+ob8=,QlJJT6XvqWCl66XJpM6ktKTDpLPfW6TToaOhvsS+pM6kqqTipMGk46G/IKXWpeqlqi9CUklPIFZpbGxhZ2UgpfSlo6XspcOluKGhpa2l46XzpdelyKXspaSl6algoaGktKTDpLPfW6TTob65nb7kIMjriEDX5IhAoaHI69Gn1+SYSaGh19O5qaG/ob5job+hvqG/[rn]
40-32911,aHR0cDovL3RzaG9wLnIxMHMuanAvZ29sZC90b3ktZGFpd2Evb3V0bGV0LW1kay05OTk5LmpwZz9maXRpbj03MDA6NzAw,NTg3NS4yMDAw,,pKqk4qTBpOM/pdul06lgP6WyqWCl4CA+IKSqpOKkwaTjID4gpN6k3qS0pMg/pLSkw6Sz31uk06XIpaQgPiCkvaTOy/s=,T1VUTEVUpd+lyaXrpa2lw6XBpfOlu6XDpcil6aXDpdSl86Wwsru/yVvD+8jrpOxPS12hvrPgpMGk46TzL8S+pM6kqqTipMGk4y+kqqTepN6ktKTIL6TepN6ktKTIL6WtpcOlwaXzL6SipKukwaTjpPMvxL7Rdc3mvt8vxL6kzs3mvt8vpN6k3qS0pMilu6XDpcgvxL6kzqWqpeKlwaXjL3dvb2RlbnRveS/EvtF1pKqk4qTBpOMvpd6l3qS0pMgv74jKwqG/ob5SQ1Chv6G+pbOl86XTpcvK3MihjJ2P6snMxrehvw==,paKlpqXIpeylw6XIxrek8qSqgo608qTBgf248aTHpLTM4bmp,PGltZyBib3JkZXI9IjAiIHNyYz0iaHR0cHM6Ly93d3cucmFrdXRlbi5uZS5qcC9nb2xkL3RveS1kYWl3YS9tYXJhdGhvbi9ucmsyNi5qcGciIHdpZHRoPSIxMDAlIj48VEFCTEUgQk9SREVSPSIwIiBXSURUSD0iNDAwIiBDRUxMU1BBQ0lORz0iMCIgQk9SREVSQ09MT1I9IiM2NjY2NjYiPgo8VFI+CjxURCBCR0NPTE9SPSIjRkZGRkZGIiBBTElHTj0ibGVmdCI+CjxGT05UIENPTE9SPSIjQkUxRDc5IiBTSVpFPSIyIj4KPGJyPgo8YnI+Cjxicj4Kob7EvqTOpKqk4qTBpOMgpKqk3qTepLSkyKG/PGJyPgqh8cnMxrfUlLyaCiZuYnNwOzwvRk9OVD4KPC9URD4KPC9UUj4KPFRSPgo8VEQgQkdDT0xPUj0iI0ZGRkZGRiIgQUxJR049ImxlZnQiPgo8Zm9udCBjb2xvcj0iIzVmNWY1ZiIgc2l6ZT0iMiI+CjwhLS0gSElUIyNTIC0tPqWtpbqky6TEpKSkxqTPoaLJzMa3u63P8aTLpMaktLRf1Uqkr6TApLWkpKGjPGJyPqWvpeqlw6WvpLmk66TIkoi087Htyr6kt6TepLmhozxicj4KPGJyPgo8Zm9udCBjb2xvcj0icmVkIj4KPEI+Crutz/HS1M3ipMuk4qGipa2lurXIpKykoqTriPa6z6SspLSktqSkpN6kuaGjPGJyPgrT6KThpLTBy7PQpK+kwKS1pKShozxicj4KPGJyPgo8YnI+CjwvQj4KofG3tca3P727k1Gkz6SqytyksaSkpL+kt6SrpM2k3qS5oaM8QlI+Cjx1Pgqh8aXppcOl1KXzpbCltalgpdOluaTPpKrK3KSxpMekraTepLuk86GjPC91Pgo8QlI+CqHxu63P8aTHpLSwuMTapLekxqSkpOvS1M3ipMuk4qGipa2lurXIpKykoqTriPa6z6SspKKk6qTepLmhozxCUj4KofG7r7uSz+Sky6Tipa2luj+l2KWzpd+krKSipOuI9rrPpKyktKS2pKSk3qS5oaM8QlI+CqHx2Zuk6s7vpMqkyaTLpLWk7KTriPa6z6Gisdikus/gytakzre9pNjreaSipOrJzMa3pMekoqTrysKk8jxCUj4KoaGkqoG7pKjtlKStoaKkqrulpKSky6S0vHu1w6TOyc+ktNmPyOvPwqS1pKShozxCUj4KofGloqWmpcil7KXDpcjGt6THpKKk68rCpPLKvqS5pbepYKXrpPLN4s/kpMvZTqTquLaksaTGpKKk6qTepLmhozxCUj4KofGkvaTOy/uhorWxteqkzra8us+ky6TopOrYnInTpPKkqrbPpOqkuaTriPa6z6SspLSktqSkpN6kuaGjCjwvZm9udD4KPGJyPgo8YnI+Cjxicj4KPGJyPgo8Zm9udCBjb2xvcj0iIzVmNWY1ZiIgc2l6ZT0iMiI+CqW3pfOlr6OovHMgt/kzOCZ0aW1lczuwwtDQMjAmdGltZXM7uN8zMGNto6mhoTxmb250IGNvbG9yPSIjNWY1ZjVmIj4xgoA8L2ZvbnQ+PGJyPgql1aXppaSl0aXzo6i8cyDWsb62IDguNSZ0aW1lczu43zNjbaOopdWlv956o6k8YnI+CqGhoaGhoaGhoaGhoaGhyKHK1ulMpLW8czYuNWNto6mhoTxmb250IGNvbG9yPSIjNWY1ZjVmIj4xgoA8L2ZvbnQ+Cjxicj4K5YGjqLxzINaxvrYgNy4zJnRpbWVzO7jfIDUuNWNto6il1aW/3nqjqaOpoaE8Zm9udCBjb2xvcj0iIzVmNWY1ZiI+MYKAPC9mb250Pgo8YnI+CqSqpL+k3j+l1aXppaS3taS3o6jpTKS1vHMxMWNto6mhoTxmb250IGNvbG9yPSIjNWY1ZjVmIj4xgoA8L2ZvbnQ+Cjxicj4KPGJyPgo8YnI+Cjxicj4KPGZvbnQgY29sb3I9ImJsdWUiPgqyu77fus+kztK7wP2k8qS0tF/VSqSvpMCktaSkoaM8YnI+CsnMxrek8qSq33ik0+2UpK+ks6TIpM+kx6StpN6ku6TzoaM8YnI+CqH5sLLIq8nPP8q508PJz6TOhpbufaTPpKKk6qTepLuk86GjCjxicj4KPGJyPgqh+U9VVExFVMnMxrekz99bpNmkyqSkpMikpKTDpL/JzMa3pMekz6S0pLakpKTepLuk86GjPGJyPgqhocq508PJz6TOhpbufaSspKKk64j2us+kz6S030K9aqSvpMCktaSkoaMKPGJyPjwvZm9udD4KPGJyPgo8Zm9udCBjb2xvcj0iIzVmNWY1ZiIgc2l6ZT0iMiI+CjwvRk9OVD4KPC9URD4KPC9UUj4KPC9UQUJMRT4KPEJSPgo8QlI+CjxUQUJMRSBCT1JERVI9IjAiIFdJRFRIPSI0MDAiIENFTExTUEFDSU5HPSIwIiBCT1JERVJDT0xPUj0iIzY2NjY2NiI+CjxUUj4KPFREIEJHQ09MT1I9IiNGRkZGRkYiIEFMSUdOPSJsZWZ0Ij4KPEZPTlQgQ09MT1I9IiNCRTFENzkiIFNJWkU9IjIiPgqh8aW1paSluj/W2MG/CiZuYnNwOzwvRk9OVD4KPC9URD4KPC9UUj4KPFRSPgo8VEQgQkdDT0xPUj0iI0ZGRkZGRiIgQUxJR049ImxlZnQiPgo8Rk9OVCBDT0xPUj0iIzAwMDAwMCIgU0laRT0iMiI+CjwhLS0gSElUIyNTIC0tPjxmb250IGNvbG9yPSIjNWY1ZjVmIj6xvszlILxzt/kzOCZ0aW1lczuwwtDQMjAmdGltZXM7uN8zMGNtoaGhobxzNGtnPC9mb250PjwhLS0gSElUIyNFIC0tPiZuYnNwOzwvZm9udD4KPC90ZD4KPC9UUj4KPC9UQUJMRT4KPEJSPgo8QlI+CjxUQUJMRSBCT1JERVI9IjAiIFdJRFRIPSI0MDAiIENFTExTUEFDSU5HPSIwIiBCT1JERVJDT0xPUj0iIzY2NjY2NiI+CjxUUj4KPFREIEJHQ09MT1I9IiNGRkZGRkYiIEFMSUdOPSJsZWZ0Ij4KPEZPTlQgQ09MT1I9IiNCRTFENzkiIFNJWkU9IjIiPgqh8bLE2Xw/jJ3P88Tq/WgKJm5ic3A7PC9GT05UPgo8L1REPgo8L1RSPgo8VFI+CjxURCBCR0NPTE9SPSIjRkZGRkZGIiBBTElHTj0ibGVmdCI+CjxGT05UIENPTE9SPSIjNWY1ZjVmIiBTSVpFPSIyIj4KPCEtLSBISVQjI1MgLS0+pdalyqOo0ruyv4lU17CjqaGhpbmlwalgpes8YnI+CjOacqGrPGJyPgo8Zm9udCBjb2xvcj1yZWQ+ofmkqtfTmJSkrL/apMvI66TspMak4rqmpM6kyqSkiVTBz6TyyrnTw6S3pMakqqTqpN6kuaGjPC9mb250Pgo8YnI+Cjxicj4KPGZvbnQgY29sb3I9IiM1ZjVmNWYiIHNpemU9IjIiPj/JzMa3u63P8aTIjGfO76TOpKrJq6TPtuDJ2d9gpKaI9rrPpKyktKS2pKSk3qS5pM6kx6S0wcuz0KSvpMCktaSkoaM8YnI+CqSqyrmkpKTOpcelo6W5pdel7KWkpeKly6W/qWCkztRPtqiky6TopMOkxqTiyaukztKKpKi3vaSsrpCkyqTqpN6kuaGjPGJyPgo/yc/Tm6W1paSluqTP1E/Ti4ftpM6057eopPLTm91kpLekxqSqpOqk3qS5pKyhosPmyKGk6qTkysvJz6SypM7R0MSloaLJ+q5ipe2lw6XItcikx4xn60ikzsnMxrekyLbgydmkztVgsu6krLP2pOuI9rrPpKyktKS2pKSk3qS5oaM8YnI+Cj/M7Mi7y9iyxKTytuCkr8q508Okt6TGpKSk66S/pOGhosS+xL+k5Mmrus+kpLXIpKy7rc/xpMiukKTKpOuI9rrPpKykoqTqpN6kuaGjPGJyPgo8YnI+Ck1BREUgSU4gQ0hJTkE8YnI+Cjxicj48YnI+PGJyPgoKPGltZyBib3JkZXI9IjAiIHNyYz0iaHR0cHM6Ly93d3cucmFrdXRlbi5uZS5qcC9nb2xkL3RveS1kYWl3YS90b3AveS1hbGwuanBnIiB3aWR0aD0iODAlIj4KCjxicj4KPGJyPgoKPC90cj4KPC90Ym9keT4KPC90YWJsZT4KPGJyPgo8YnI+Cjxicj4KPGJyPgqhvqWzpfOl06XLytzIoYydj+rJzMa3ob88YnI+CqH5pbOl86XTpcvK3MihpMukxKSkpMY8YnI+CtF9yv2kzsnMxrek8pd5sPykt6TGvMi2qKTOpbWlpKW6pPKzrKSopL+I9rrPoaKls6XzpdOly8rcyKGkrKTHpK2kyqSvpMqk64j2us+krKS0pLakpKTepLmhozxicj48YnI+CjwhLS0gpLOks6SrpOkgRy1zeXN0ZW0gLS0+CjxkaXYgc3R5bGU9IndpZHRoOjU1MDtvdmVyZmxvdzpoaWRkZW47Ij4KICA8aW1nIHNyYz0iaHR0cDovL3d3dy5yYWt1dGVuLm5lLmpwL2dvbGQvdG95LWRhaXdhL2FzcC8xX3JlYWwvc2lnbmJvYXJkX2ltZy5wbmciIHdpZHRoPSI1NTAiPjxicj4KICA8IS0tIKSzpLOkq6TpIKXqpaLK3CAtLT4KICA8ZGl2IHN0eWxlPSJoZWlnaHQ6MjM1cHg7IG92ZXJmbG93OmhpZGRlbjsgbWFyZ2luOjAgMTBweCAwIDA7IHBhZGRpbmc6MDsgZmxvYXQ6bGVmdDsiPgogICAgCiAgPC9kaXY+CiAgPCEtLSCks6SzpN6kxyCl6qWiytwgLS0+CiAgCjwvZGl2Pgo8YnI+CjwhLS0gpLOks6TepMcgRy1zeXN0ZW0gLS0+CgoKPCEtLSCks6SzpKuk6SCl6qWipbOl4SAtLT4KPGRpdiBzdHlsZT0iaGVpZ2h0OjQwMHB4OyB3aWR0aDo1NTBweDsgb3ZlcmZsb3c6aGlkZGVuOyBtYXJnaW46MDsgcGFkZGluZzowOyBjbGVhcjpib3RoIj4KICA8aW1nIHNyYz0iaHR0cDovL3d3dy5yYWt1dGVuLm5lLmpwL2dvbGQvdG95LWRhaXdhL2FzcC8xX3JlYWxjby9zaWduYm9hcmRfaW1nLnBuZyIgd2lkdGg9IjU1MCI+PGJyIC8+Cgo8L2Rpdj4KPGJyPgoKPCEtLSCks6SzpN6kxyCl6qWipbOl4SAtLT4=,T1VUTEVUpd+lyaXrpa2lw6XBpfOlu6XDpcil6aXDpdSl86Wwsru/yVvD+8jrpOxPS12hvrPgpMGk46TzL8S+pM6kqqTipMGk4y+kqqTepN6ktKTIL6TepN6ktKTIL6WtpcOlwaXzL6SipKukwaTjpPMvxL7Rdc3mvt8vxL6kzs3mvt8vpN6k3qS0pMilu6XDpcgvxL6kzqWqpeKlwaXjL3dvb2RlbnRveS/EvtF1pKqk4qTBpOMvpd6l3qS0pMgv74jKwqG/ob5SQ1Chv6G+pbOl86XTpcvK3MihjJ2P6snMxrehv6O6xL7RdaSqpOKkwaTjpM6kwKSkpO8=,T1VUTEVUpd+lyaXrpa2lw6XBpfOlu6XDpcil6aXDpdSl86Wwsru/yVvD+8jrpOxPS12hvrPgpMGk46TzL8S+pM6kqqTipMGk4y+kqqTepN6ktKTIL6TepN6ktKTIL6WtpcOlwaXzL6SipKukwaTjpPMvxL7Rdc3mvt8vxL6kzs3mvt8vpN6k3qS0pMilu6XDpcgvxL6kzqWqpeKlwaXjL3dvb2RlbnRveS/EvtF1pKqk4qTBpOMvpd6l3qS0pMgv74jKwqG/ob5SQ1Chv6G+pbOl86XTpcvK3MihjJ2P6snMxrehvw==,paKlpqXIpeylw6XIxrek8qSqgo608qTBgf248aTHpLTM4bmpoaNPVVRMRVSl36XJpeulraXDpcGl86W7pcOlyKXppcOl1KXzpbCyu7/JW8P7yOuk7E9LXaG+s+CkwaTjpPMvxL6kzqSqpOKkwaTjL6SqpN6k3qS0pMgvpN6k3qS0pMgvpa2lw6XBpfMvpKKkq6TBpOOk8y/EvtF1zea+3y/EvqTOzea+3y+k3qTepLSkyKW7pcOlyC/EvqTOpaql4qXBpeMvd29vZGVudG95L8S+0XWkqqTipMGk4y+l3qXepLSkyC/viMrCob+hvlJDUKG/ob6ls6XzpdOly8rcyKGMnY/qyczGt6G/[rn]
40-32912,aHR0cDovL3RzaG9wLnIxMHMuanAvZ29sZC90b3ktZGFpd2EvOTc2MjItcjEuanBnP2ZpdGluPTcwMDo3MDA=,MzM2LjgwMDA=,,pKqk4qTBpOM/pdul06lgP6WyqWCl4CA+IKSqpOKkwaTjID4gpN6k3qS0pMg/pLSkw6Sz31uk06XIpaQgPiCkvaTOy/s=,T1VUTEVUpbWlw6Wvpeql36XLyrOyxKO6pbGpYKWtobSlr6XqqWCl4KG1pemlw6XUpfOlsLK7v8mhvlJDUKG/ob6ls6XzpdOly8rcyKGMnY/qyczGt6G/,paKlpqXIpeylw6XIxrek8qSqgo608qTBgf248aTHpLTM4bmp,PFRBQkxFIEJPUkRFUj0iMCIgV0lEVEg9IjMwMCIgQ0VMTFNQQUNJTkc9IjAiIEJPUkRFUkNPTE9SPSIjNjY2NjY2Ij4KPFRSPgo8VEQgQkdDT0xPUj0iI0ZGRkZGRiIgQUxJR049ImxlZnQiPgo8Rk9OVCBDT0xPUj0iI0JFMUQ3OSIgU0laRT0iMiI+CqHxyczGt9SUvJoKJm5ic3A7PC9GT05UPgo8L1REPgo8L1RSPgo8VFI+CjxURCBCR0NPTE9SPSIjRkZGRkZGIiBBTElHTj0ibGVmdCI+CjxGT05UIENPTE9SPSIjNUY1RjVGIiBTSVpFPSIyIj4KPCEtLSBISVQjI1MgLS0+pa2luqTLpMSkpKTGpM+hosnMxre7rc/xpMukxqS0tF/VSqSvpMCktaSkoaM8YnI+pa+l6qXDpa+kuaTrpMiSiLTzse3KvqS3pN6kuaGjPGJyPgo8YnI+Crutz/HS1M3ipMuk4qGipa2lurXIpKykoqTriPa6z6SspLSktqSkpN6kuaGjPGJyPgq24MnZpceltqWkpfOk5MmrpKKkpKTO32CkpKSspKKk6qTepLmhozxicj4K0+ik4aS0wcuz0KSvpMCktaSkoaM8YnI+Cjxicj4KPGJyPgo8Zm9udCBjb2xvcj0icmVkIj4KofG3tca3P727k1Gkz6SqytyksaSkpL+kt6SrpM2k3qS5oaM8QlI+Cjx1Pgqh8aXppcOl1KXzpbCltalgpdOluaTPpKrK3KSxpMekraTepLuk86GjPC91Pgo8QlI+CqHxu63P8aTHpLSwuMTapLekxqSkpOvS1M3ipMuk4qGipa2lurXIpKykoqTriPa6z6SspKKk6qTepLmhozxCUj4KofHZm6Tqzu+kyqTJpMuktaTspOuI9rrPoaKx2KS6z+DK1qTOt72k2Ot5pKKk6snMxrekx6SipOvKwqTyPEJSPgqhoaSqgbukqO2UpK2hoqSqu6WkpKTLpLS8e7XDpM7Jz6S02Y/I68/CpLWkpKGjPEJSPgqh8aWipaalyKXspcOlyMa3pMekoqTrysKk8sq+pLmlt6lgpeuk8s3iz+Sky9lOpOq4tqSxpMakoqTqpN6kuaGjPEJSPgqh8aS9pM7L+6GitbG16qTOtry6z6TLpOik6ticidOk8qSqts+k6qS5pOuI9rrPpKyktKS2pKSk3qS5oaMKPC9mb250Pgo8QlI+CjxCUj4KTUFERSBJTiBDSElOQQoKPCEtLSBISVQjI0UgLS0+Jm5ic3A7PC9GT05UPgo8L1REPgo8L1RSPgo8L1RBQkxFPgo8QlI+CjxCUj4KPFRBQkxFIEJPUkRFUj0iMCIgV0lEVEg9IjMwMCIgQ0VMTFNQQUNJTkc9IjAiIEJPUkRFUkNPTE9SPSIjNjY2NjY2Ij4KPFRSPgo8VEQgQkdDT0xPUj0iI0ZGRkZGRiIgQUxJR049ImxlZnQiPgo8Rk9OVCBDT0xPUj0iI0JFMUQ3OSIgU0laRT0iMiI+CqHxpbWlpKW6P9bYwb8KJm5ic3A7PC9GT05UPgo8L1REPgo8L1RSPgo8VFI+CjxURCBCR0NPTE9SPSIjRkZGRkZGIiBBTElHTj0ibGVmdCI+CjxGT05UIENPTE9SPSIjNUY1RjVGIiBTSVpFPSIyIj4KPCEtLSBISVQjI1MgLS0+1rG+tjihwTQuNWNtoaGhobxzMTEwZzxicj4KPGltZyBzcmM9Imh0dHBzOi8vd3d3LnJha3V0ZW4ubmUuanAvZ29sZC90b3ktZGFpd2EvdG9wL3Bvc3RpbmcuanBnIj4KPGZvbnQgY29sb3I9I2ZmMDA2Nj4gtqjQzs3i4F2x47/JPC9mb250Pgo8IS0tIEhJVCMjRSAtLT4mbmJzcDs8L0ZPTlQ+CjwvVEQ+CjwvVFI+CjwvVEFCTEU+CjxCUj4KPEJSPgo8VEFCTEUgQk9SREVSPSIwIiBXSURUSD0iMzAwIiBDRUxMU1BBQ0lORz0iMCIgQk9SREVSQ09MT1I9IiM2NjY2NjYiPgo8VFI+CjxURCBCR0NPTE9SPSIjRkZGRkZGIiBBTElHTj0ibGVmdCI+CjxGT05UIENPTE9SPSIjQkUxRDc5IiBTSVpFPSIyIj4KofGyxNl8P4ydz/PE6v1oCiZuYnNwOzwvRk9OVD4KPC9URD4KPC9UUj4KPFRSPgo8VEQgQkdDT0xPUj0iI0ZGRkZGRiIgQUxJR049ImxlZnQiPgo8Rk9OVCBDT0xPUj0iIzVGNUY1RiIgU0laRT0iMiI+CjwhLS0gSElUIyNTIC0tPsS+0XWjqIlU17CjqaGhoaEzmnKhqzxicj4KPGZvbnQgY29sb3I9cmVkPqH5pKrX05iUpKy/2qTLyOuk7KTGpOK6pqTOpMqkpIlUwc+k8sq508Okt6TGpKqk6qTepLmhozwvZm9udD4KPGJyPgo8YnI+Cjxmb250IGNvbG9yPSIjNWY1ZjVmIiBzaXplPSIyIj4/yczGt7utz/GkyIxnzu+kzqSqyaukz7bgydnfYKSmiPa6z6SspLSktqSkpN6kuaTOpMektMHLs9Ckr6TApLWkpKGjPGJyPgqkqsq5pKSkzqXHpaOluaXXpeylpKXipculv6lgpM7UT7aopMuk6KTDpMak4smrpM7SiqSot72krK6QpMqk6qTepLmhozxicj4KP8nP05ultaWkpbqkz9RP04uH7aTOtOe3qKTy05vdZKS3pMakqqTqpN6kuaSsoaLD5sihpOqk5MrLyc+ksqTO0dDEpaGiyfquYqXtpcOlyLXIpMeMZ+tIpM7JzMa3pMi24MnZpM7VYLLupKyz9qTriPa6z6SspLSktqSkpN6kuaGjPGJyPgo/zOzIu8vYssSk8rbgpK/KudPDpLekxqSkpOukv6ThoaLEvsS/pOTJq7rPpKS1yKSsu63P8aTIrpCkyqTriPa6z6SspKKk6qTepLmhozxicj4KPC9mb250Pgo8YnI+Cgo8SU1HIFNSQz0iaHR0cHM6Ly9pbWFnZS5yYWt1dGVuLmNvLmpwL3RveS1kYWl3YS9jYWJpbmV0L2JucjI0MHgxNjVfMDEuZ2lmIiBCT1JERVI9IjAiPgo8IS0tIEhJVCMjRSAtLT4mbmJzcDs8L0ZPTlQ+CjwvVEQ+CjwvVFI+CjwvVEFCTEU+Cjxicj4Kob6ls6XzpdOly8rcyKGMnY/qyczGt6G/PGJyPgqh+aWzpfOl06XLytzIoaTLpMSkpKTGPGJyPgrRfcr9pM7JzMa3pPKXebD8pLekxrzItqikzqW1paSluqTys6ykqKS/iPa6z6GipbOl86XTpcvK3MihpKykx6StpMqkr6TKpOuI9rrPpKyktKS2pKSk3qS5oaM8YnI+PGJyPgo8IS0tIKSzpLOkq6TpIEctc3lzdGVtIC0tPgo8ZGl2IHN0eWxlPSJ3aWR0aDo1NTA7b3ZlcmZsb3c6aGlkZGVuOyI+CiAgPGltZyBzcmM9Imh0dHA6Ly93d3cucmFrdXRlbi5uZS5qcC9nb2xkL3RveS1kYWl3YS9hc3AvMV9yZWFsL3NpZ25ib2FyZF9pbWcucG5nIiB3aWR0aD0iNTUwIj48YnI+CiAgPCEtLSCks6SzpKuk6SCl6qWiytwgLS0+CiAgPGRpdiBzdHlsZT0iaGVpZ2h0OjIzNXB4OyBvdmVyZmxvdzpoaWRkZW47IG1hcmdpbjowIDEwcHggMCAwOyBwYWRkaW5nOjA7IGZsb2F0OmxlZnQ7Ij4KICAgIAogIDwvZGl2PgogIDwhLS0gpLOks6TepMcgpeqlosrcIC0tPgogIAo8L2Rpdj4KPGJyPgo8IS0tIKSzpLOk3qTHIEctc3lzdGVtIC0tPgoKCjwhLS0gpLOks6SrpOkgpeqloqWzpeEgLS0+CjxkaXYgc3R5bGU9ImhlaWdodDo0MDBweDsgd2lkdGg6NTUwcHg7IG92ZXJmbG93OmhpZGRlbjsgbWFyZ2luOjA7IHBhZGRpbmc6MDsgY2xlYXI6Ym90aCI+CiAgPGltZyBzcmM9Imh0dHA6Ly93d3cucmFrdXRlbi5uZS5qcC9nb2xkL3RveS1kYWl3YS9hc3AvMV9yZWFsY28vc2lnbmJvYXJkX2ltZy5wbmciIHdpZHRoPSI1NTAiPjxiciAvPgoKPC9kaXY+Cjxicj4KCjwhLS0gpLOks6TepMcgpeqloqWzpeEgLS0+,T1VUTEVUpbWlw6Wvpeql36XLyrOyxKO6pbGpYKWtobSlr6XqqWCl4KG1pemlw6XUpfOlsLK7v8mhvlJDUKG/ob6ls6XzpdOly8rcyKGMnY/qyczGt6G/o7rEvtF1pKqk4qTBpOOkzqTApKSk7w==,T1VUTEVUpbWlw6Wvpeql36XLyrOyxKO6pbGpYKWtobSlr6XqqWCl4KG1pemlw6XUpfOlsLK7v8mhvlJDUKG/ob6ls6XzpdOly8rcyKGMnY/qyczGt6G/,paKlpqXIpeylw6XIxrek8qSqgo608qTBgf248aTHpLTM4bmpoaNPVVRMRVSltaXDpa+l6qXfpcvKs7LEo7qlsalgpa2htKWvpeqpYKXgobWl6aXDpdSl86Wwsru/yaG+UkNQob+hvqWzpfOl06XLytzIoYydj+rJzMa3ob8=[rn]
40-32913,aHR0cDovL3RzaG9wLnIxMHMuanAvZ29sZC90b3ktZGFpd2Evb3V0bGV0LW1rLTk5OTkuanBnP2ZpdGluPTcwMDo3MDA=,MzgwMS42MDAw,,pKqk4qTBpOM/pdul06lgP6WyqWCl4CA+IKSqpOKkwaTjID4gpN6k3qS0pMg/pLSkw6Sz31uk06XIpaQgPiCkvaTOy/s=,T1VUTEVUpd+ly6WtpcOlwaXzpbulw6XIpemlw6XUpfOlsLK7v8lbw/vI66TsT0tdob7EvqTOpKqk4qTBpOMvs+CkwaTjpPMvpKqk3qTepLSkyC+k3qTepLSkyC+lraXDpcGl8y/EvtF1L6TepN6ktKTIpbulw6XIL6SipKukwaTjpPMvxL7Rdc3mvt8vxL6kzs3mvt8vpKqk3qTepLSkyKW7pcOlyC+k3qTepLSkyKWtpcOlwaXzL8S+pM6lqqXipcGl46G/ob5SQ1Chv6G+pbOl86XTpcvK3MihjJ2P6snMxrehvw==,paKlpqXIpeylw6XIxrek8qSqgo608qTBgf248aTHpLTM4bmp,PFRBQkxFIEJPUkRFUj0iMCIgV0lEVEg9IjQwMCIgQ0VMTFNQQUNJTkc9IjAiIEJPUkRFUkNPTE9SPSIjNjY2NjY2Ij4KPFRSPgo8VEQgQkdDT0xPUj0iI0ZGRkZGRiIgQUxJR049ImxlZnQiPgo8Rk9OVCBDT0xPUj0iI0JFMUQ3OSIgU0laRT0iMiI+CqG+xL7RdaTepN6ktKTIpa2lw6XBpfOhvzxicj4KofHJzMa31JS8mgombmJzcDs8L0ZPTlQ+CjwvVEQ+CjwvVFI+CjxUUj4KPFREIEJHQ09MT1I9IiNGRkZGRkYiIEFMSUdOPSJsZWZ0Ij4KPEZPTlQgQ09MT1I9IiMwMDAwMDAiIFNJWkU9IjIiPgo8IS0tIEhJVCMjUyAtLT6lraW6pMukxKSkpMakz6GiyczGt7utz/Gky6TGpLS0X9VKpK+kwKS1pKShozxicj6lr6XqpcOlr6S5pOukyJKItPOx7cq+pLek3qS5oaM8YnI+Cjxicj4KPGZvbnQgY29sb3I9InJlZCI+CjxCPgq7rc/x0tTN4qTLpOKhoqWtpbq1yKSspKKk64j2us+krKS0pLakpKTepLmhozxicj4KzOyw5aTLneKkpMS+xL+krKSipOuI9rrPpKyktKS2pKSk3qS5oaM8YnI+CtPopOGktMHLs9Ckr6TApLWkpKGjPGJyPgo8YnI+Cjxicj4KPC9CPgqh8be1xrc/vbuTUaTPpKrK3KSxpKSkv6S3pKukzaTepLmhozxCUj4KPHU+CqHxpemlw6XUpfOlsKW1qWCl06W5pM+kqsrcpLGkx6StpN6ku6TzoaM8L3U+CjxCUj4KofG7rc/xpMektLC4xNqkt6TGpKSk69LUzeKky6TioaKlraW6tcikrKSipOuI9rrPpKykoqTqpN6kuaGjPEJSPgqh8buvu5LP5KTLpOKlraW6P6XYpbOl36SspKKk64j2us+krKS0pLakpKTepLmhozxCUj4KofHZm6Tqzu+kyqTJpMuktaTspOuI9rrPoaKx2KS6z+DK1qTOt72k2Ot5pKKk6snMxrekx6SipOvKwqTyPEJSPgqhoaSqgbukqO2UpK2hoqSqu6WkpKTLpLS8e7XDpM7Jz6S02Y/I68/CpLWkpKGjPEJSPgqh8aWipaalyKXspcOlyMa3pMekoqTrysKk8sq+pLmlt6lgpeuk8s3iz+Sky9lOpOq4tqSxpMakoqTqpN6kuaGjPEJSPgqh8aS9pM7L+6GitbG16qTOtry6z6TLpOik6ticidOk8qSqts+k6qS5pOuI9rrPpKyktKS2pKSk3qS5oaMKPC9mb250Pgo8YnI+Cjxicj4KPGJyPgqlt6Xzpa8oMTN4MTl4MzVjbSmhoTGCgDxicj6l7KXzpbgoMTKhwTEyocE5Y20poaExgoA8YnI+pbOl86XtKDYuNaHBMTYuNaHBMi41Y20poaExgoA8YnI+5YEo1rG+tjahwTQuOWNtKaGhMYKAPGJyPqXVpemlpKXRpfMo1rG+tjehwTEzocEzLjZjbSmhoTGCgDxicj6kqqS/pN4/pdWl6aWkt7WktyjpTKS1vHMxMWNtKaGhuPcxsb48YnI+Cjxicj4KPGZvbnQgY29sb3I9ImJsdWUiPgqyu77fus+kztK7wP2k8qS0tF/VSqSvpMCktaSkoaM8YnI+CsnMxrek8qSq33ik0+2UpK+ks6TIpM+kx6StpN6ku6TzoaM8YnI+CqH5sLLIq8nPP8q508PJz6TOhpbufaTPpKKk6qTepLuk86GjPC9mb250Pgo8YnI+Cjxicj4KPC9GT05UPgo8L1REPgo8L1RSPgo8L1RBQkxFPgo8QlI+CjxCUj4KPFRBQkxFIEJPUkRFUj0iMCIgV0lEVEg9IjQwMCIgQ0VMTFNQQUNJTkc9IjAiIEJPUkRFUkNPTE9SPSIjNjY2NjY2Ij4KPFRSPgo8VEQgQkdDT0xPUj0iI0ZGRkZGRiIgQUxJR049ImxlZnQiPgo8Rk9OVCBDT0xPUj0iI0JFMUQ3OSIgU0laRT0iMiI+CqHxpbWlpKW6P9bYwb8KJm5ic3A7PC9GT05UPgo8L1REPgo8L1RSPgo8VFI+CjxURCBCR0NPTE9SPSIjRkZGRkZGIiBBTElHTj0ibGVmdCI+CjxGT05UIENPTE9SPSIjMDAwMDAwIiBTSVpFPSIyIj4KPCEtLSBISVQjI1MgLS0+sMLQ0KStMTNjbaHBt/kzNWNtocG436S1MTljbTxicj4KvHMza2c8IS0tIEhJVCMjRSAtLT4mbmJzcDs8L0ZPTlQ+CjwvVEQ+CjwvVFI+CjwvVEFCTEU+CjxCUj4KPEJSPgo8VEFCTEUgQk9SREVSPSIwIiBXSURUSD0iNDAwIiBDRUxMU1BBQ0lORz0iMCIgQk9SREVSQ09MT1I9IiM2NjY2NjYiPgo8VFI+CjxURCBCR0NPTE9SPSIjRkZGRkZGIiBBTElHTj0ibGVmdCI+CjxGT05UIENPTE9SPSIjQkUxRDc5IiBTSVpFPSIyIj4KofGyxNl8P4ydz/PE6v1oCiZuYnNwOzwvRk9OVD4KPC9URD4KPC9UUj4KPFRSPgo8VEQgQkdDT0xPUj0iI0ZGRkZGRiIgQUxJR049ImxlZnQiPgo8Rk9OVCBDT0xPUj0iIzAwMDAwMCIgU0laRT0iMiI+CjwhLS0gSElUIyNTIC0tPqXWpcqjqNK7sr+JVNewo6k8YnI+CjOacqGrPGJyPgo8Zm9udCBjb2xvcj1yZWQ+ofmkqtfTmJSkrL/apMvI66TspMak4rqmpM6kyqSkiVTBz6TyyrnTw6S3pMakqqTqpN6kuaGjPC9mb250Pgo8YnI+Cjxicj4KPGZvbnQgY29sb3I9IiM1ZjVmNWYiIHNpemU9IjIiPj/JzMa3u63P8aTIjGfO76TOpKrJq6TPtuDJ2d9gpKaI9rrPpKyktKS2pKSk3qS5pM6kx6S0wcuz0KSvpMCktaSkoaM8YnI+CqSqyrmkpKTOpcelo6W5pdel7KWkpeKly6W/qWCkztRPtqiky6TopMOkxqTiyaukztKKpKi3vaSsrpCkyqTqpN6kuaGjPGJyPgo/yc/Tm6W1paSluqTP1E/Ti4ftpM6057eopPLTm91kpLekxqSqpOqk3qS5pKyhosPmyKGk6qTkysvJz6SypM7R0MSloaLJ+q5ipe2lw6XItcikx4xn60ikzsnMxrekyLbgydmkztVgsu6krLP2pOuI9rrPpKyktKS2pKSk3qS5oaM8YnI+Cj/M7Mi7y9iyxKTytuCkr8q508Okt6TGpKSk66S/pOGhosS+xL+k5Mmrus+kpLXIpKy7rc/xpMiukKTKpOuI9rrPpKykoqTqpN6kuaGjPGJyPgo8YnI+Ck1BREUgSU4gQ0hJTkE8YnI+Cjxicj4KPC9mb250Pgo8YnI+Cgo8SU1HIFNSQz0iaHR0cHM6Ly9pbWFnZS5yYWt1dGVuLmNvLmpwL3RveS1kYWl3YS9jYWJpbmV0L25ld3RvcC95YWtpaW4uZ2lmIiAgQk9SREVSPSIwIj4KPGJyPgo8YnI+CjwhLS0gSElUIyNFIC0tPiZuYnNwOzwvRk9OVD4KPC9URD4KPC9UUj4KPC9UQUJMRT4KPGJyPgo8YnI+Cjx0YWJsZSBib3JkZXI9IjAiIGNlbGxzcGFjaW5nPSIwIiBjZWxscGFkZGluZz0iMiI+IAogPHRyIHZhbGlnbj0idG9wIj4gCiA8dGQgbm93cmFwPgoKPC90ZD4gCiA8L3RyPiAKIDwvdGFibGU+Cjxicj48YnI+CqG+pbOl86XTpcvK3MihjJ2P6snMxrehvzxicj4Kofmls6XzpdOly8rcyKGky6TEpKSkxjxicj4K0X3K/aTOyczGt6Tyl3mw/KS3pMa8yLaopM6ltaWkpbqk8rOspKikv4j2us+hoqWzpfOl06XLytzIoaSspMekraTKpK+kyqTriPa6z6SspLSktqSkpN6kuaGjPGJyPjxicj4KPCEtLSCks6SzpKuk6SBHLXN5c3RlbSAtLT4KPGRpdiBzdHlsZT0id2lkdGg6NTUwO292ZXJmbG93OmhpZGRlbjsiPgogIDxpbWcgc3JjPSJodHRwOi8vd3d3LnJha3V0ZW4ubmUuanAvZ29sZC90b3ktZGFpd2EvYXNwLzFfcmVhbC9zaWduYm9hcmRfaW1nLnBuZyIgd2lkdGg9IjU1MCI+PGJyPgogIDwhLS0gpLOks6SrpOkgpeqlosrcIC0tPgogIDxkaXYgc3R5bGU9ImhlaWdodDoyMzVweDsgb3ZlcmZsb3c6aGlkZGVuOyBtYXJnaW46MCAxMHB4IDAgMDsgcGFkZGluZzowOyBmbG9hdDpsZWZ0OyI+CiAgICAKICA8L2Rpdj4KICA8IS0tIKSzpLOk3qTHIKXqpaLK3CAtLT4KICAKPC9kaXY+Cjxicj4KPCEtLSCks6SzpN6kxyBHLXN5c3RlbSAtLT4KCgo8IS0tIKSzpLOkq6TpIKXqpaKls6XhIC0tPgo8ZGl2IHN0eWxlPSJoZWlnaHQ6NDAwcHg7IHdpZHRoOjU1MHB4OyBvdmVyZmxvdzpoaWRkZW47IG1hcmdpbjowOyBwYWRkaW5nOjA7IGNsZWFyOmJvdGgiPgogIDxpbWcgc3JjPSJodHRwOi8vd3d3LnJha3V0ZW4ubmUuanAvZ29sZC90b3ktZGFpd2EvYXNwLzFfcmVhbGNvL3NpZ25ib2FyZF9pbWcucG5nIiB3aWR0aD0iNTUwIj48YnIgLz4KCjwvZGl2Pgo8YnI+Cgo8IS0tIKSzpLOk3qTHIKXqpaKls6XhIC0tPg==,T1VUTEVUpd+ly6WtpcOlwaXzpbulw6XIpemlw6XUpfOlsLK7v8lbw/vI66TsT0tdob7EvqTOpKqk4qTBpOMvs+CkwaTjpPMvpKqk3qTepLSkyC+k3qTepLSkyC+lraXDpcGl8y/EvtF1L6TepN6ktKTIpbulw6XIL6SipKukwaTjpPMvxL7Rdc3mvt8vxL6kzs3mvt8vpKqk3qTepLSkyKW7pcOlyC+k3qTepLSkyKWtpcOlwaXzL8S+pM6lqqXipcGl46G/ob5SQ1Chv6G+pbOl86XTpcvK3MihjJ2P6snMxrehv6O6xL7RdaSqpOKkwaTjpM6kwKSkpO8=,T1VUTEVUpd+ly6WtpcOlwaXzpbulw6XIpemlw6XUpfOlsLK7v8lbw/vI66TsT0tdob7EvqTOpKqk4qTBpOMvs+CkwaTjpPMvpKqk3qTepLSkyC+k3qTepLSkyC+lraXDpcGl8y/EvtF1L6TepN6ktKTIpbulw6XIL6SipKukwaTjpPMvxL7Rdc3mvt8vxL6kzs3mvt8vpKqk3qTepLSkyKW7pcOlyC+k3qTepLSkyKWtpcOlwaXzL8S+pM6lqqXipcGl46G/ob5SQ1Chv6G+pbOl86XTpcvK3MihjJ2P6snMxrehvw==,paKlpqXIpeylw6XIxrek8qSqgo608qTBgf248aTHpLTM4bmpoaNPVVRMRVSl36XLpa2lw6XBpfOlu6XDpcil6aXDpdSl86Wwsru/yVvD+8jrpOxPS12hvsS+pM6kqqTipMGk4y+z4KTBpOOk8y+kqqTepN6ktKTIL6TepN6ktKTIL6WtpcOlwaXzL8S+0XUvpN6k3qS0pMilu6XDpcgvpKKkq6TBpOOk8y/EvtF1zea+3y/EvqTOzea+3y+kqqTepN6ktKTIpbulw6XIL6TepN6ktKTIpa2lw6XBpfMvxL6kzqWqpeKlwaXjob+hvlJDUKG/ob6ls6XzpdOly8rcyKGMnY/qyczGt6G/[rn]
40-32914,aHR0cDovL3RzaG9wLnIxMHMuanAvdG95LWRhaXdhL2NhYmluZXQvb3V0bGV0L2ltZ3JjMDA3NTExOTY1OC5qcGc/Zml0aW49NzAwOjcwMA==,MTIwLjgwMDA=,,pKqk4qTBpOM/pdul06lgP6WyqWCl4CA+IKSqpOKkwaTjID4gpN6k3qS0pMg/pLSkw6Sz31uk06XIpaQgPiCkvaTOy/s=,T1VUTEVUw/OhtNChobWl6aXDpdSl86Wwsru/yVvD+8jrpOxPS12hvlJDUKG/ob6ls6XzpdOly8rcyKGMnY/qyczGt6G/,paKlpqXIpeylw6XIxrek8qSqgo608qTBgf248aTHpLTM4bmp,PFRBQkxFIEJPUkRFUj0iMCIgV0lEVEg9IjQwMCIgQ0VMTFNQQUNJTkc9IjAiIEJPUkRFUkNPTE9SPSIjNjY2NjY2Ij4KPFRSPgo8VEQgQkdDT0xPUj0iI0ZGRkZGRiIgQUxJR049ImxlZnQiPgo8Rk9OVCBDT0xPUj0iI0JFMUQ3OSIgU0laRT0iMiI+CqHxyczGt9SUvJoKJm5ic3A7PC9GT05UPgo8L1REPgo8L1RSPgo8VFI+CjxURCBCR0NPTE9SPSIjRkZGRkZGIiBBTElHTj0ibGVmdCI+CjxGT05UIENPTE9SPSIjMDAwMDAwIiBTSVpFPSIyIj4KPCEtLSBISVQjI1MgLS0+pa2luqTLpMSkpKTGpM+hosnMxre7rc/xpMukxqS0tF/VSqSvpMCktaSkoaM8YnI+pa+l6qXDpa+kuaTrpMiSiLTzse3KvqS3pN6kuaGjPGJyPgo8YnI+Crutz/HS1M3ipMuk4qGipa2lurXIpKykoqTriPa6z6SspLSktqSkpN6kuaGjPGJyPtPopOGktMHLs9Ckr6TApLWkpKGjPGJyPgo8YnI+Cjxicj4KPGZvbnQgY29sb3I9InJlZCI+CqHxt7XGtz+9u5NRpM+kqsrcpLGkpKS/pLekq6TNpN6kuaGjPEJSPgo8dT4KofGl6aXDpdSl86WwpbWpYKXTpbmkz6SqytyksaTHpK2k3qS7pPOhozwvdT4KPEJSPgqh8butz/Gkx6S0sLjE2qS3pMakpKTr0tTN4qTLpOKhoqWtpbq1yKSspKKk64j2us+krKSipOqk3qS5oaM8QlI+CqHx2Zuk6s7vpMqkyaTLpLWk7KTriPa6z6Gisdikus/gytakzre9pNjreaSipOrJzMa3pMekoqTrysKk8jxCUj4KoaGkqoG7pKjtlKStoaKkqrulpKSky6S0vHu1w6TOyc+ktNmPyOvPwqS1pKShozxCUj4KofGloqWmpcil7KXDpcjGt6THpKKk68rCpPLKvqS5pbepYKXrpPLN4s/kpMvZTqTquLaksaTGpKKk6qTepLmhozxCUj4KofGkvaTOy/uhorWxteqkzra8us+ky6TopOrYnInTpPKkqrbPpOqkuaTriPa6z6SspLSktqSkpN6kuaGjCjwvZm9udD4KPC9GT05UPgo8L1REPgo8L1RSPgo8L1RBQkxFPgo8QlI+CjxCUj4KPFRBQkxFIEJPUkRFUj0iMCIgV0lEVEg9IjQwMCIgQ0VMTFNQQUNJTkc9IjAiIEJPUkRFUkNPTE9SPSIjNjY2NjY2Ij4KPFRSPgo8VEQgQkdDT0xPUj0iI0ZGRkZGRiIgQUxJR049ImxlZnQiPgo8Rk9OVCBDT0xPUj0iI0JFMUQ3OSIgU0laRT0iMiI+CqHxpbWlpKW6P9bYwb8KJm5ic3A7PC9GT05UPgo8L1REPgo8L1RSPgo8VFI+CjxURCBCR0NPTE9SPSIjRkZGRkZGIiBBTElHTj0ibGVmdCI+CjxGT05UIENPTE9SPSIjMDAwMDAwIiBTSVpFPSIyIj4KPCEtLSBISVQjI1MgLS0+1rG+trxzOC41Y208IS0tIEhJVCMjRSAtLT4mbmJzcDs8L0ZPTlQ+CjwvVEQ+CjwvVFI+CjwvVEFCTEU+CjxCUj4KPEJSPgo8VEFCTEUgQk9SREVSPSIwIiBXSURUSD0iNDAwIiBDRUxMU1BBQ0lORz0iMCIgQk9SREVSQ09MT1I9IiM2NjY2NjYiPgo8VFI+CjxURCBCR0NPTE9SPSIjRkZGRkZGIiBBTElHTj0ibGVmdCI+CjxGT05UIENPTE9SPSIjQkUxRDc5IiBTSVpFPSIyIj4KofGyxNl8P4ydz/PE6v1oCiZuYnNwOzwvRk9OVD4KPC9URD4KPC9UUj4KPFRSPgo8VEQgQkdDT0xPUj0iI0ZGRkZGRiIgQUxJR049ImxlZnQiPgo8Rk9OVCBDT0xPUj0iIzAwMDAwMCIgU0laRT0iMiI+CjwhLS0gSElUIyNTIC0tPqXWpcqjqJ9vubijqaGhoaEzmnKhqzxicj4KPGJyPgo8Zm9udCBjb2xvcj0iIzVmNWY1ZiIgc2l6ZT0iMiI+P8nMxre7rc/xpMiMZ87vpM6kqsmrpM+24MnZ32Ckpoj2us+krKS0pLakpKTepLmkzqTHpLTBy7PQpK+kwKS1pKShozxicj4KpKrKuaSkpM6lx6Wjpbml16XspaSl4qXLpb+pYKTO1E+2qKTLpOikw6TGpOLJq6TO0oqkqLe9pKyukKTKpOqk3qS5oaM8YnI+Cj/Jz9ObpbWlpKW6pM/UT9OLh+2kzrTnt6ik8tOb3WSkt6TGpKqk6qTepLmkrKGiw+bIoaTqpOTKy8nPpLKkztHQxKWhosn6rmKl7aXDpci1yKTHjGfrSKTOyczGt6TItuDJ2aTO1WCy7qSss/ak64j2us+krKS0pLakpKTepLmhozxicj4KP8zsyLvL2LLEpPK24KSvyrnTw6S3pMakpKTrpL+k4aGixL7Ev6Tkyau6z6SktcikrLutz/GkyK6QpMqk64j2us+krKSipOqk3qS5oaM8YnI+Cjxicj4KTUFERSBJTiBDSElOQTxicj4KPGJyPgo8L2ZvbnQ+Cjxicj4KCjxJTUcgU1JDPSJodHRwczovL2ltYWdlLnJha3V0ZW4uY28uanAvdG95LWRhaXdhL2NhYmluZXQvbmV3dG9wL3lha2lpbi5naWYiICBCT1JERVI9IjAiPgo8YnI+Cjxicj4KPCEtLSBISVQjI0UgLS0+Jm5ic3A7PC9GT05UPgo8L1REPgo8L1RSPgo8L1RBQkxFPgo8YnI+Cjxicj4KPHRhYmxlIGJvcmRlcj0iMCIgY2VsbHNwYWNpbmc9IjAiIGNlbGxwYWRkaW5nPSIyIj4gCiA8dHIgdmFsaWduPSJ0b3AiPiAKIDx0ZCBub3dyYXA+Cgo8L3RkPiAKIDwvdHI+IAogPC90YWJsZT4KPGJyPjxicj4Kob6ls6XzpdOly8rcyKGMnY/qyczGt6G/PGJyPgqh+aWzpfOl06XLytzIoaTLpMSkpKTGPGJyPgrRfcr9pM7JzMa3pPKXebD8pLekxrzItqikzqW1paSluqTys6ykqKS/iPa6z6GipbOl86XTpcvK3MihpKykx6StpMqkr6TKpOuI9rrPpKyktKS2pKSk3qS5oaM8YnI+PGJyPgo8IS0tIKSzpLOkq6TpIEctc3lzdGVtIC0tPgo8ZGl2IHN0eWxlPSJ3aWR0aDo1NTA7b3ZlcmZsb3c6aGlkZGVuOyI+CiAgPGltZyBzcmM9Imh0dHA6Ly93d3cucmFrdXRlbi5uZS5qcC9nb2xkL3RveS1kYWl3YS9hc3AvMV9yZWFsL3NpZ25ib2FyZF9pbWcucG5nIiB3aWR0aD0iNTUwIj48YnI+CiAgPCEtLSCks6SzpKuk6SCl6qWiytwgLS0+CiAgPGRpdiBzdHlsZT0iaGVpZ2h0OjIzNXB4OyBvdmVyZmxvdzpoaWRkZW47IG1hcmdpbjowIDEwcHggMCAwOyBwYWRkaW5nOjA7IGZsb2F0OmxlZnQ7Ij4KICAgIAogIDwvZGl2PgogIDwhLS0gpLOks6TepMcgpeqlosrcIC0tPgogIAo8L2Rpdj4KPGJyPgo8IS0tIKSzpLOk3qTHIEctc3lzdGVtIC0tPgoKCjwhLS0gpLOks6SrpOkgpeqloqWzpeEgLS0+CjxkaXYgc3R5bGU9ImhlaWdodDo0MDBweDsgd2lkdGg6NTUwcHg7IG92ZXJmbG93OmhpZGRlbjsgbWFyZ2luOjA7IHBhZGRpbmc6MDsgY2xlYXI6Ym90aCI+CiAgPGltZyBzcmM9Imh0dHA6Ly93d3cucmFrdXRlbi5uZS5qcC9nb2xkL3RveS1kYWl3YS9hc3AvMV9yZWFsY28vc2lnbmJvYXJkX2ltZy5wbmciIHdpZHRoPSI1NTAiPjxiciAvPgoKPC9kaXY+Cjxicj4KCjwhLS0gpLOks6TepMcgpeqloqWzpeEgLS0+,T1VUTEVUw/OhtNChobWl6aXDpdSl86Wwsru/yVvD+8jrpOxPS12hvlJDUKG/ob6ls6XzpdOly8rcyKGMnY/qyczGt6G/o7rEvtF1pKqk4qTBpOOkzqTApKSk7w==,T1VUTEVUw/OhtNChobWl6aXDpdSl86Wwsru/yVvD+8jrpOxPS12hvlJDUKG/ob6ls6XzpdOly8rcyKGMnY/qyczGt6G/,paKlpqXIpeylw6XIxrek8qSqgo608qTBgf248aTHpLTM4bmpoaNPVVRMRVTD86G00KGhtaXppcOl1KXzpbCyu7/JW8P7yOuk7E9LXaG+UkNQob+hvqWzpfOl06XLytzIoYydj+rJzMa3ob8=[rn]
40-32915,aHR0cDovL3RzaG9wLnIxMHMuanAvdG95LWRhaXdhL2NhYmluZXQvb3V0bGV0L2ltZ3JjMDA3NTExOTYxOS5qcGc/Zml0aW49NzAwOjcwMA==,MTU1LjIwMDA=,,pKqk4qTBpOM/pdul06lgP6WyqWCl4CA+IKSqpOKkwaTjID4gpN6k3qS0pMg/pLSkw6Sz31uk06XIpaQgPiCkvaTOy/s=,T1VUTEVUw/OhtNbQobWl6aXDpdSl86Wwsru/yVvD+8jrpOxPS12hvlJDUKG/ob6ls6XzpdOly8rcyKGMnY/qyczGt6G/,paKlpqXIpeylw6XIxrek8qSqgo608qTBgf248aTHpLTM4bmp,PFRBQkxFIEJPUkRFUj0iMCIgV0lEVEg9IjQwMCIgQ0VMTFNQQUNJTkc9IjAiIEJPUkRFUkNPTE9SPSIjNjY2NjY2Ij4KPFRSPgo8VEQgQkdDT0xPUj0iI0ZGRkZGRiIgQUxJR049ImxlZnQiPgo8Rk9OVCBDT0xPUj0iI0JFMUQ3OSIgU0laRT0iMiI+CqHxyczGt9SUvJoKJm5ic3A7PC9GT05UPgo8L1REPgo8L1RSPgo8VFI+CjxURCBCR0NPTE9SPSIjRkZGRkZGIiBBTElHTj0ibGVmdCI+CjxGT05UIENPTE9SPSIjMDAwMDAwIiBTSVpFPSIyIj4KPCEtLSBISVQjI1MgLS0+pa2luqTLpMSkpKTGpM+hosnMxre7rc/xpMukxqS0tF/VSqSvpMCktaSkoaM8YnI+pa+l6qXDpa+kuaTrpMiSiLTzse3KvqS3pN6kuaGjPGJyPgo8YnI+Crutz/HS1M3ipMuk4qGipa2lurXIpKykoqTriPa6z6SspLSktqSkpN6kuaGjPGJyPtPopOGktMHLs9Ckr6TApLWkpKGjPGJyPgo8YnI+Cjxicj4KPGZvbnQgY29sb3I9InJlZCI+CqHxt7XGtz+9u5NRpM+kqsrcpLGkpKS/pLekq6TNpN6kuaGjPEJSPgo8dT4KofGl6aXDpdSl86WwpbWpYKXTpbmkz6SqytyksaTHpK2k3qS7pPOhozwvdT4KPEJSPgqh8butz/Gkx6S0sLjE2qS3pMakpKTr0tTN4qTLpOKhoqWtpbq1yKSspKKk64j2us+krKSipOqk3qS5oaM8QlI+CqHx2Zuk6s7vpMqkyaTLpLWk7KTriPa6z6Gisdikus/gytakzre9pNjreaSipOrJzMa3pMekoqTrysKk8jxCUj4KoaGkqoG7pKjtlKStoaKkqrulpKSky6S0vHu1w6TOyc+ktNmPyOvPwqS1pKShozxCUj4KofGloqWmpcil7KXDpcjGt6THpKKk68rCpPLKvqS5pbepYKXrpPLN4s/kpMvZTqTquLaksaTGpKKk6qTepLmhozxCUj4KofGkvaTOy/uhorWxteqkzra8us+ky6TopOrYnInTpPKkqrbPpOqkuaTriPa6z6SspLSktqSkpN6kuaGjCjwvZm9udD4KPC9GT05UPgo8L1REPgo8L1RSPgo8L1RBQkxFPgo8QlI+CjxCUj4KPFRBQkxFIEJPUkRFUj0iMCIgV0lEVEg9IjQwMCIgQ0VMTFNQQUNJTkc9IjAiIEJPUkRFUkNPTE9SPSIjNjY2NjY2Ij4KPFRSPgo8VEQgQkdDT0xPUj0iI0ZGRkZGRiIgQUxJR049ImxlZnQiPgo8Rk9OVCBDT0xPUj0iI0JFMUQ3OSIgU0laRT0iMiI+CqHxpbWlpKW6P9bYwb8KJm5ic3A7PC9GT05UPgo8L1REPgo8L1RSPgo8VFI+CjxURCBCR0NPTE9SPSIjRkZGRkZGIiBBTElHTj0ibGVmdCI+CjxGT05UIENPTE9SPSIjMDAwMDAwIiBTSVpFPSIyIj4KPCEtLSBISVQjI1MgLS0+1rG+trxzMTBjbTwhLS0gSElUIyNFIC0tPiZuYnNwOzwvRk9OVD4KPC9URD4KPC9UUj4KPC9UQUJMRT4KPEJSPgo8QlI+CjxUQUJMRSBCT1JERVI9IjAiIFdJRFRIPSI0MDAiIENFTExTUEFDSU5HPSIwIiBCT1JERVJDT0xPUj0iIzY2NjY2NiI+CjxUUj4KPFREIEJHQ09MT1I9IiNGRkZGRkYiIEFMSUdOPSJsZWZ0Ij4KPEZPTlQgQ09MT1I9IiNCRTFENzkiIFNJWkU9IjIiPgqh8bLE2Xw/jJ3P88Tq/WgKJm5ic3A7PC9GT05UPgo8L1REPgo8L1RSPgo8VFI+CjxURCBCR0NPTE9SPSIjRkZGRkZGIiBBTElHTj0ibGVmdCI+CjxGT05UIENPTE9SPSIjMDAwMDAwIiBTSVpFPSIyIj4KPCEtLSBISVQjI1MgLS0+pdalyqOon2+5uKOpoaGhoTOacqGrPGJyPgo8YnI+Cjxmb250IGNvbG9yPSIjNWY1ZjVmIiBzaXplPSIyIj4/yczGt7utz/GkyIxnzu+kzqSqyaukz7bgydnfYKSmiPa6z6SspLSktqSkpN6kuaTOpMektMHLs9Ckr6TApLWkpKGjPGJyPgqkqsq5pKSkzqXHpaOluaXXpeylpKXipculv6lgpM7UT7aopMuk6KTDpMak4smrpM7SiqSot72krK6QpMqk6qTepLmhozxicj4KP8nP05ultaWkpbqkz9RP04uH7aTOtOe3qKTy05vdZKS3pMakqqTqpN6kuaSsoaLD5sihpOqk5MrLyc+ksqTO0dDEpaGiyfquYqXtpcOlyLXIpMeMZ+tIpM7JzMa3pMi24MnZpM7VYLLupKyz9qTriPa6z6SspLSktqSkpN6kuaGjPGJyPgo/zOzIu8vYssSk8rbgpK/KudPDpLekxqSkpOukv6ThoaLEvsS/pOTJq7rPpKS1yKSsu63P8aTIrpCkyqTriPa6z6SspKKk6qTepLmhozxicj4KPGJyPgpNQURFIElOIENISU5BPGJyPgo8YnI+CjwvZm9udD4KPGJyPgoKPElNRyBTUkM9Imh0dHBzOi8vaW1hZ2UucmFrdXRlbi5jby5qcC90b3ktZGFpd2EvY2FiaW5ldC9uZXd0b3AveWFraWluLmdpZiIgIEJPUkRFUj0iMCI+Cjxicj4KPGJyPgo8IS0tIEhJVCMjRSAtLT4mbmJzcDs8L0ZPTlQ+CjwvVEQ+CjwvVFI+CjwvVEFCTEU+Cjxicj4KPGJyPgo8dGFibGUgYm9yZGVyPSIwIiBjZWxsc3BhY2luZz0iMCIgY2VsbHBhZGRpbmc9IjIiPiAKIDx0ciB2YWxpZ249InRvcCI+IAogPHRkIG5vd3JhcD4KCjwvdGQ+IAogPC90cj4gCiA8L3RhYmxlPgo8YnI+PGJyPgqhvqWzpfOl06XLytzIoYydj+rJzMa3ob88YnI+CqH5pbOl86XTpcvK3MihpMukxKSkpMY8YnI+CtF9yv2kzsnMxrek8pd5sPykt6TGvMi2qKTOpbWlpKW6pPKzrKSopL+I9rrPoaKls6XzpdOly8rcyKGkrKTHpK2kyqSvpMqk64j2us+krKS0pLakpKTepLmhozxicj48YnI+CjwhLS0gpLOks6SrpOkgRy1zeXN0ZW0gLS0+CjxkaXYgc3R5bGU9IndpZHRoOjU1MDtvdmVyZmxvdzpoaWRkZW47Ij4KICA8aW1nIHNyYz0iaHR0cDovL3d3dy5yYWt1dGVuLm5lLmpwL2dvbGQvdG95LWRhaXdhL2FzcC8xX3JlYWwvc2lnbmJvYXJkX2ltZy5wbmciIHdpZHRoPSI1NTAiPjxicj4KICA8IS0tIKSzpLOkq6TpIKXqpaLK3CAtLT4KICA8ZGl2IHN0eWxlPSJoZWlnaHQ6MjM1cHg7IG92ZXJmbG93OmhpZGRlbjsgbWFyZ2luOjAgMTBweCAwIDA7IHBhZGRpbmc6MDsgZmxvYXQ6bGVmdDsiPgogICAgCiAgPC9kaXY+CiAgPCEtLSCks6SzpN6kxyCl6qWiytwgLS0+CiAgCjwvZGl2Pgo8YnI+CjwhLS0gpLOks6TepMcgRy1zeXN0ZW0gLS0+CgoKPCEtLSCks6SzpKuk6SCl6qWipbOl4SAtLT4KPGRpdiBzdHlsZT0iaGVpZ2h0OjQwMHB4OyB3aWR0aDo1NTBweDsgb3ZlcmZsb3c6aGlkZGVuOyBtYXJnaW46MDsgcGFkZGluZzowOyBjbGVhcjpib3RoIj4KICA8aW1nIHNyYz0iaHR0cDovL3d3dy5yYWt1dGVuLm5lLmpwL2dvbGQvdG95LWRhaXdhL2FzcC8xX3JlYWxjby9zaWduYm9hcmRfaW1nLnBuZyIgd2lkdGg9IjU1MCI+PGJyIC8+Cgo8L2Rpdj4KPGJyPgoKPCEtLSCks6SzpN6kxyCl6qWipbOl4SAtLT4=,T1VUTEVUw/OhtNbQobWl6aXDpdSl86Wwsru/yVvD+8jrpOxPS12hvlJDUKG/ob6ls6XzpdOly8rcyKGMnY/qyczGt6G/o7rEvtF1pKqk4qTBpOOkzqTApKSk7w==,T1VUTEVUw/OhtNbQobWl6aXDpdSl86Wwsru/yVvD+8jrpOxPS12hvlJDUKG/ob6ls6XzpdOly8rcyKGMnY/qyczGt6G/,paKlpqXIpeylw6XIxrek8qSqgo608qTBgf248aTHpLTM4bmpoaNPVVRMRVTD86G01tChtaXppcOl1KXzpbCyu7/JW8P7yOuk7E9LXaG+UkNQob+hvqWzpfOl06XLytzIoYydj+rJzMa3ob8=[rn]
40-32916,aHR0cDovL3RzaG9wLnIxMHMuanAvZ29sZC90b3ktZGFpd2EvOTc2NzctcjEuanBnP2ZpdGluPTcwMDo3MDA=,MjQxLjYwMDA=,,pKqk4qTBpOM/pdul06lgP6WyqWCl4CA+IKSqpOKkwaTjID4gpN6k3qS0pMg/pLSkw6Sz31uk06XIpaQgPiCkvaTOy/s=,T1VUTEVUw/OhtLTzobWl6aXDpdSl86Wwsru/yVvD+8jrpOxPS12hvlJDUKG/ob6ls6XzpdOly8rcyKGMnY/qyczGt6G/,paKlpqXIpeylw6XIxrek8qSqgo608qTBgf248aTHpLTM4bmp,PFRBQkxFIEJPUkRFUj0iMCIgV0lEVEg9IjQwMCIgQ0VMTFNQQUNJTkc9IjAiIEJPUkRFUkNPTE9SPSIjNjY2NjY2Ij4KPFRSPgo8VEQgQkdDT0xPUj0iI0ZGRkZGRiIgQUxJR049ImxlZnQiPgo8Rk9OVCBDT0xPUj0iI0JFMUQ3OSIgU0laRT0iMiI+CqHxyczGt9SUvJoKJm5ic3A7PC9GT05UPgo8L1REPgo8L1RSPgo8VFI+CjxURCBCR0NPTE9SPSIjRkZGRkZGIiBBTElHTj0ibGVmdCI+CjxGT05UIENPTE9SPSIjMDAwMDAwIiBTSVpFPSIyIj4KPCEtLSBISVQjI1MgLS0+pa2luqTLpMSkpKTGpM+hosnMxre7rc/xpMukxqS0tF/VSqSvpMCktaSkoaM8YnI+pa+l6qXDpa+kuaTrpMiSiLTzse3KvqS3pN6kuaGjPGJyPgo8YnI+Crutz/HS1M3ipMuk4qGipa2lurXIpKykoqTriPa6z6SspLSktqSkpN6kuaGjPGJyPtPopOGktMHLs9Ckr6TApLWkpKGjPGJyPgo8YnI+Cjxicj4KPGZvbnQgY29sb3I9InJlZCI+CqHxt7XGtz+9u5NRpM+kqsrcpLGkpKS/pLekq6TNpN6kuaGjPEJSPgo8dT4KofGl6aXDpdSl86WwpbWpYKXTpbmkz6SqytyksaTHpK2k3qS7pPOhozwvdT4KPEJSPgqh8butz/Gkx6S0sLjE2qS3pMakpKTr0tTN4qTLpOKhoqWtpbq1yKSspKKk64j2us+krKSipOqk3qS5oaM8QlI+CqHx2Zuk6s7vpMqkyaTLpLWk7KTriPa6z6Gisdikus/gytakzre9pNjreaSipOrJzMa3pMekoqTrysKk8jxCUj4KoaGkqoG7pKjtlKStoaKkqrulpKSky6S0vHu1w6TOyc+ktNmPyOvPwqS1pKShozxCUj4KofGloqWmpcil7KXDpcjGt6THpKKk68rCpPLKvqS5pbepYKXrpPLN4s/kpMvZTqTquLaksaTGpKKk6qTepLmhozxCUj4KofGkvaTOy/uhorWxteqkzra8us+ky6TopOrYnInTpPKkqrbPpOqkuaTriPa6z6SspLSktqSkpN6kuaGjCjwvZm9udD4KPC9GT05UPgo8L1REPgo8L1RSPgo8L1RBQkxFPgo8QlI+CjxCUj4KPFRBQkxFIEJPUkRFUj0iMCIgV0lEVEg9IjQwMCIgQ0VMTFNQQUNJTkc9IjAiIEJPUkRFUkNPTE9SPSIjNjY2NjY2Ij4KPFRSPgo8VEQgQkdDT0xPUj0iI0ZGRkZGRiIgQUxJR049ImxlZnQiPgo8Rk9OVCBDT0xPUj0iI0JFMUQ3OSIgU0laRT0iMiI+CqHxpbWlpKW6P9bYwb8KJm5ic3A7PC9GT05UPgo8L1REPgo8L1RSPgo8VFI+CjxURCBCR0NPTE9SPSIjRkZGRkZGIiBBTElHTj0ibGVmdCI+CjxGT05UIENPTE9SPSIjMDAwMDAwIiBTSVpFPSIyIj4KPCEtLSBISVQjI1MgLS0+1rG+tjEzY208IS0tIEhJVCMjRSAtLT4mbmJzcDs8L0ZPTlQ+CjwvVEQ+CjwvVFI+CjwvVEFCTEU+CjxCUj4KPEJSPgo8VEFCTEUgQk9SREVSPSIwIiBXSURUSD0iNDAwIiBDRUxMU1BBQ0lORz0iMCIgQk9SREVSQ09MT1I9IiM2NjY2NjYiPgo8VFI+CjxURCBCR0NPTE9SPSIjRkZGRkZGIiBBTElHTj0ibGVmdCI+CjxGT05UIENPTE9SPSIjQkUxRDc5IiBTSVpFPSIyIj4KofGyxNl8P4ydz/PE6v1oCiZuYnNwOzwvRk9OVD4KPC9URD4KPC9UUj4KPFRSPgo8VEQgQkdDT0xPUj0iI0ZGRkZGRiIgQUxJR049ImxlZnQiPgo8Rk9OVCBDT0xPUj0iIzAwMDAwMCIgU0laRT0iMiI+CjwhLS0gSElUIyNTIC0tPqXWpcqjqJ9vubijqaGhoaEzmnKhqzxicj4KPGJyPgo8Zm9udCBjb2xvcj0iIzVmNWY1ZiIgc2l6ZT0iMiI+P8nMxre7rc/xpMiMZ87vpM6kqsmrpM+24MnZ32Ckpoj2us+krKS0pLakpKTepLmkzqTHpLTBy7PQpK+kwKS1pKShozxicj4KpKrKuaSkpM6lx6Wjpbml16XspaSl4qXLpb+pYKTO1E+2qKTLpOikw6TGpOLJq6TO0oqkqLe9pKyukKTKpOqk3qS5oaM8YnI+Cj/Jz9ObpbWlpKW6pM/UT9OLh+2kzrTnt6ik8tOb3WSkt6TGpKqk6qTepLmkrKGiw+bIoaTqpOTKy8nPpLKkztHQxKWhosn6rmKl7aXDpci1yKTHjGfrSKTOyczGt6TItuDJ2aTO1WCy7qSss/ak64j2us+krKS0pLakpKTepLmhozxicj4KP8zsyLvL2LLEpPK24KSvyrnTw6S3pMakpKTrpL+k4aGixL7Ev6Tkyau6z6SktcikrLutz/GkyK6QpMqk64j2us+krKSipOqk3qS5oaM8YnI+Cjxicj4KTUFERSBJTiBDSElOQTxicj4KPGJyPgo8L2ZvbnQ+Cjxicj4KCjxJTUcgU1JDPSJodHRwczovL2ltYWdlLnJha3V0ZW4uY28uanAvdG95LWRhaXdhL2NhYmluZXQvbmV3dG9wL3lha2lpbi5naWYiICBCT1JERVI9IjAiPgo8YnI+Cjxicj4KPCEtLSBISVQjI0UgLS0+Jm5ic3A7PC9GT05UPgo8L1REPgo8L1RSPgo8L1RBQkxFPgo8YnI+Cjxicj4KPHRhYmxlIGJvcmRlcj0iMCIgY2VsbHNwYWNpbmc9IjAiIGNlbGxwYWRkaW5nPSIyIj4gCiA8dHIgdmFsaWduPSJ0b3AiPiAKIDx0ZCBub3dyYXA+Cgo8L3RkPiAKIDwvdHI+IAogPC90YWJsZT4KPGJyPjxicj4Kob6ls6XzpdOly8rcyKGMnY/qyczGt6G/PGJyPgqh+aWzpfOl06XLytzIoaTLpMSkpKTGPGJyPgrRfcr9pM7JzMa3pPKXebD8pLekxrzItqikzqW1paSluqTys6ykqKS/iPa6z6GipbOl86XTpcvK3MihpKykx6StpMqkr6TKpOuI9rrPpKyktKS2pKSk3qS5oaM8YnI+PGJyPgo8IS0tIKSzpLOkq6TpIEctc3lzdGVtIC0tPgo8ZGl2IHN0eWxlPSJ3aWR0aDo1NTA7b3ZlcmZsb3c6aGlkZGVuOyI+CiAgPGltZyBzcmM9Imh0dHA6Ly93d3cucmFrdXRlbi5uZS5qcC9nb2xkL3RveS1kYWl3YS9hc3AvMV9yZWFsL3NpZ25ib2FyZF9pbWcucG5nIiB3aWR0aD0iNTUwIj48YnI+CiAgPCEtLSCks6SzpKuk6SCl6qWiytwgLS0+CiAgPGRpdiBzdHlsZT0iaGVpZ2h0OjIzNXB4OyBvdmVyZmxvdzpoaWRkZW47IG1hcmdpbjowIDEwcHggMCAwOyBwYWRkaW5nOjA7IGZsb2F0OmxlZnQ7Ij4KICAgIAogIDwvZGl2PgogIDwhLS0gpLOks6TepMcgpeqlosrcIC0tPgogIAo8L2Rpdj4KPGJyPgo8IS0tIKSzpLOk3qTHIEctc3lzdGVtIC0tPgoKCjwhLS0gpLOks6SrpOkgpeqloqWzpeEgLS0+CjxkaXYgc3R5bGU9ImhlaWdodDo0MDBweDsgd2lkdGg6NTUwcHg7IG92ZXJmbG93OmhpZGRlbjsgbWFyZ2luOjA7IHBhZGRpbmc6MDsgY2xlYXI6Ym90aCI+CiAgPGltZyBzcmM9Imh0dHA6Ly93d3cucmFrdXRlbi5uZS5qcC9nb2xkL3RveS1kYWl3YS9hc3AvMV9yZWFsY28vc2lnbmJvYXJkX2ltZy5wbmciIHdpZHRoPSI1NTAiPjxiciAvPgoKPC9kaXY+Cjxicj4KCjwhLS0gpLOks6TepMcgpeqloqWzpeEgLS0+,T1VUTEVUw/OhtLTzobWl6aXDpdSl86Wwsru/yVvD+8jrpOxPS12hvlJDUKG/ob6ls6XzpdOly8rcyKGMnY/qyczGt6G/o7rEvtF1pKqk4qTBpOOkzqTApKSk7w==,T1VUTEVUw/OhtLTzobWl6aXDpdSl86Wwsru/yVvD+8jrpOxPS12hvlJDUKG/ob6ls6XzpdOly8rcyKGMnY/qyczGt6G/,paKlpqXIpeylw6XIxrek8qSqgo608qTBgf248aTHpLTM4bmpoaNPVVRMRVTD86G0tPOhtaXppcOl1KXzpbCyu7/JW8P7yOuk7E9LXaG+UkNQob+hvqWzpfOl06XLytzIoYydj+rJzMa3ob8=[rn]
40-32917,aHR0cDovL3RzaG9wLnIxMHMuanAvZ29sZC90b3ktZGFpd2EvOTc2MTctcjEuanBnP2ZpdGluPTcwMDo3MDA=,MTM4LjQwMDA=,,pKqk4qTBpOM/pdul06lgP6WyqWCl4CA+IKSqpOKkwaTjID4gpN6k3qS0pMg/pLSkw6Sz31uk06XIpaQgPiCkvaTOy/s=,T1VUTEVUpbWlw6Wvpeql36XLyrOyxKO6pcul86W4pfOl6aXDpdSl86Wwsru/yaG+UkNQob+hvqWzpfOl06XLytzIoYydj+rJzMa3ob8=,paKlpqXIpeylw6XIxrek8qSqgo608qTBgf248aTHpLTM4bmp,PFRBQkxFIEJPUkRFUj0iMCIgV0lEVEg9IjMwMCIgQ0VMTFNQQUNJTkc9IjAiIEJPUkRFUkNPTE9SPSIjNjY2NjY2Ij4KPFRSPgo8VEQgQkdDT0xPUj0iI0ZGRkZGRiIgQUxJR049ImxlZnQiPgo8Rk9OVCBDT0xPUj0iI0JFMUQ3OSIgU0laRT0iMiI+CqHxyczGt9SUvJoKJm5ic3A7PC9GT05UPgo8L1REPgo8L1RSPgo8VFI+CjxURCBCR0NPTE9SPSIjRkZGRkZGIiBBTElHTj0ibGVmdCI+CjxGT05UIENPTE9SPSIjNUY1RjVGIiBTSVpFPSIyIj4KPCEtLSBISVQjI1MgLS0+pa2luqTLpMSkpKTGpM+hosnMxre7rc/xpMukxqS0tF/VSqSvpMCktaSkoaM8YnI+pa+l6qXDpa+kuaTrpMiSiLTzse3KvqS3pN6kuaGjPGJyPgo8YnI+Crutz/HS1M3ipMuk4qGipa2lurXIpKykoqTriPa6z6SspLSktqSkpN6kuaGjPGJyPtPopOGktMHLs9Ckr6TApLWkpKGjPGJyPgo8YnI+Cjxicj4KPGZvbnQgY29sb3I9InJlZCI+CqHxt7XGtz+9u5NRpM+kqsrcpLGkpKS/pLekq6TNpN6kuaGjPEJSPgo8dT4KofGl6aXDpdSl86WwpbWpYKXTpbmkz6SqytyksaTHpK2k3qS7pPOhozwvdT4KPEJSPgqh8butz/Gkx6S0sLjE2qS3pMakpKTr0tTN4qTLpOKhoqWtpbq1yKSspKKk64j2us+krKSipOqk3qS5oaM8QlI+CqHx2Zuk6s7vpMqkyaTLpLWk7KTriPa6z6Gisdikus/gytakzre9pNjreaSipOrJzMa3pMekoqTrysKk8jxCUj4KoaGkqoG7pKjtlKStoaKkqrulpKSky6S0vHu1w6TOyc+ktNmPyOvPwqS1pKShozxCUj4KofGloqWmpcil7KXDpcjGt6THpKKk68rCpPLKvqS5pbepYKXrpPLN4s/kpMvZTqTquLaksaTGpKKk6qTepLmhozxCUj4KofGkvaTOy/uhorWxteqkzra8us+ky6TopOrYnInTpPKkqrbPpOqkuaTriPa6z6SspLSktqSkpN6kuaGjCjwvZm9udD4KPC9GT05UPgo8L1REPgo8L1RSPgo8L1RBQkxFPgo8QlI+Cjxmb250IGNvbG9yPSIjNWY1ZjVmIiBzaXplPSIyIj4/yczGt7utz/GkyIxnzu+kzqSqyaukz7bgydnfYKSmiPa6z6SspLSktqSkpN6kuaTOpMektMHLs9Ckr6TApLWkpKGjPGJyPgqkqsq5pKSkzqXHpaOluaXXpeylpKXipculv6lgpM7UT7aopMuk6KTDpMak4smrpM7SiqSot72krK6QpMqk6qTepLmhozxicj4KP8nP05ultaWkpbqkz9RP04uH7aTOtOe3qKTy05vdZKS3pMakqqTqpN6kuaSsoaLD5sihpOqk5MrLyc+ksqTO0dDEpaGiyfquYqXtpcOlyLXIpMeMZ+tIpM7JzMa3pMi24MnZpM7VYLLupKyz9qTriPa6z6SspLSktqSkpN6kuaGjPGJyPgo/zOzIu8vYssSk8rbgpK/KudPDpLekxqSkpOukv6ThoaLEvsS/pOTJq7rPpKS1yKSsu63P8aTIrpCkyqTriPa6z6SspKKk6qTepLmhozxicj4KPGJyPgpNQURFIElOIENISU5BPGJyPgo8YnI+CjwvZm9udD4KPEJSPgo8VEFCTEUgQk9SREVSPSIwIiBXSURUSD0iMzAwIiBDRUxMU1BBQ0lORz0iMCIgQk9SREVSQ09MT1I9IiM2NjY2NjYiPgo8VFI+CjxURCBCR0NPTE9SPSIjRkZGRkZGIiBBTElHTj0ibGVmdCI+CjxGT05UIENPTE9SPSIjQkUxRDc5IiBTSVpFPSIyIj4KofGltaWkpbo/1tjBvwombmJzcDs8L0ZPTlQ+CjwvVEQ+CjwvVFI+CjxUUj4KPFREIEJHQ09MT1I9IiNGRkZGRkYiIEFMSUdOPSJsZWZ0Ij4KPEZPTlQgQ09MT1I9IiM1RjVGNUYiIFNJWkU9IjIiPgo8IS0tIEhJVCMjUyAtLT7Wsb62Mi41ocExMGNtoaGhobxzMjVnPGJyPgoKPGJyPgo8YnI+CjxpbWcgYm9yZGVyPSIwIiBzcmM9Imh0dHBzOi8vd3d3LnJha3V0ZW4ubmUuanAvZ29sZC90b3ktZGFpd2EvdG9wL3Bvc3RpbmcuanBnIiB3aWR0aD0iMTAwJSI+CjwhLS0gSElUIyNFIC0tPiZuYnNwOzwvRk9OVD4KPC9URD4KPC9UUj4KPC9UQUJMRT4KPEJSPgo8QlI+CjxUQUJMRSBCT1JERVI9IjAiIFdJRFRIPSIzMDAiIENFTExTUEFDSU5HPSIwIiBCT1JERVJDT0xPUj0iIzY2NjY2NiI+CjxUUj4KPFREIEJHQ09MT1I9IiNGRkZGRkYiIEFMSUdOPSJsZWZ0Ij4KPEZPTlQgQ09MT1I9IiNCRTFENzkiIFNJWkU9IjIiPgqh8bLE2Xw/jJ3P88Tq/WgKJm5ic3A7PC9GT05UPgo8L1REPgo8L1RSPgo8VFI+CjxURCBCR0NPTE9SPSIjRkZGRkZGIiBBTElHTj0ibGVmdCI+CjxGT05UIENPTE9SPSIjNUY1RjVGIiBTSVpFPSIyIj4KPCEtLSBISVQjI1MgLS0+xL7RdaOoiVTXsKOpoaGhoTOacqGrPGJyPgo8Zm9udCBjb2xvcj1yZWQ+ofmkqtfTmJSkrL/apMvI66TspMak4rqmpM6kyqSkiVTBz6TyyrnTw6S3pMakqqTqpN6kuaGjPC9mb250Pgo8YnI+CjwhLS0gSElUIyNFIC0tPiZuYnNwOzwvRk9OVD4KPC9URD4KPC9UUj4KPC9UQUJMRT4KPGJyPgo8YnI+CjxpbWcgYm9yZGVyPSIwIiBzcmM9Imh0dHBzOi8vd3d3LnJha3V0ZW4ubmUuanAvZ29sZC90b3ktZGFpd2EvdG9wL3Bvc3RpbmcuanBnIiB3aWR0aD0iMTAwJSI+PElNRyBTUkM9Imh0dHBzOi8vd3d3LnJha3V0ZW4ubmUuanAvZ29sZC90b3ktZGFpd2EvdG9wL3ktbmcuanBnIiB3aWR0aD0iMTAwJSIgQk9SREVSPSIwIj48YnI+PGJyPgqhvqWzpfOl06XLytzIoYydj+rJzMa3ob88YnI+CqH5pbOl86XTpcvK3MihpMukxKSkpMY8YnI+CtF9yv2kzsnMxrek8pd5sPykt6TGvMi2qKTOpbWlpKW6pPKzrKSopL+I9rrPoaKls6XzpdOly8rcyKGkrKTHpK2kyqSvpMqk64j2us+krKS0pLakpKTepLmhozxicj48YnI+CjwhLS0gpLOks6SrpOkgRy1zeXN0ZW0gLS0+CjxkaXYgc3R5bGU9IndpZHRoOjU1MDtvdmVyZmxvdzpoaWRkZW47Ij4KICA8aW1nIHNyYz0iaHR0cDovL3d3dy5yYWt1dGVuLm5lLmpwL2dvbGQvdG95LWRhaXdhL2FzcC8xX3JlYWwvc2lnbmJvYXJkX2ltZy5wbmciIHdpZHRoPSI1NTAiPjxicj4KICA8IS0tIKSzpLOkq6TpIKXqpaLK3CAtLT4KICA8ZGl2IHN0eWxlPSJoZWlnaHQ6MjM1cHg7IG92ZXJmbG93OmhpZGRlbjsgbWFyZ2luOjAgMTBweCAwIDA7IHBhZGRpbmc6MDsgZmxvYXQ6bGVmdDsiPgogICAgCiAgPC9kaXY+CiAgPCEtLSCks6SzpN6kxyCl6qWiytwgLS0+CiAgCjwvZGl2Pgo8YnI+CjwhLS0gpLOks6TepMcgRy1zeXN0ZW0gLS0+CgoKPCEtLSCks6SzpKuk6SCl6qWipbOl4SAtLT4KPGRpdiBzdHlsZT0iaGVpZ2h0OjQwMHB4OyB3aWR0aDo1NTBweDsgb3ZlcmZsb3c6aGlkZGVuOyBtYXJnaW46MDsgcGFkZGluZzowOyBjbGVhcjpib3RoIj4KICA8aW1nIHNyYz0iaHR0cDovL3d3dy5yYWt1dGVuLm5lLmpwL2dvbGQvdG95LWRhaXdhL2FzcC8xX3JlYWxjby9zaWduYm9hcmRfaW1nLnBuZyIgd2lkdGg9IjU1MCI+PGJyIC8+Cgo8L2Rpdj4KPGJyPgoKPCEtLSCks6SzpN6kxyCl6qWipbOl4SAtLT4=,T1VUTEVUpbWlw6Wvpeql36XLyrOyxKO6pcul86W4pfOl6aXDpdSl86Wwsru/yaG+UkNQob+hvqWzpfOl06XLytzIoYydj+rJzMa3ob+jusS+0XWkqqTipMGk46TOpMCkpKTv,T1VUTEVUpbWlw6Wvpeql36XLyrOyxKO6pcul86W4pfOl6aXDpdSl86Wwsru/yaG+UkNQob+hvqWzpfOl06XLytzIoYydj+rJzMa3ob8=,paKlpqXIpeylw6XIxrek8qSqgo608qTBgf248aTHpLTM4bmpoaNPVVRMRVSltaXDpa+l6qXfpcvKs7LEo7qly6Xzpbil86XppcOl1KXzpbCyu7/Job5SQ1Chv6G+pbOl86XTpcvK3MihjJ2P6snMxrehvw==[rn]
40-32918,aHR0cDovL3RzaG9wLnIxMHMuanAvZ29sZC90b3ktZGFpd2EvOTc2MjgtcjEuanBnP2ZpdGluPTcwMDo3MDA=,MTgxLjYwMDA=,,pKqk4qTBpOM/pdul06lgP6WyqWCl4CA+IKSqpOKkwaTjID4gpN6k3qS0pMg/pLSkw6Sz31uk06XIpaQgPiCkvaTOy/s=,T1VUTEVUpbWlw6Wvpeql36XLyrOyxKO6pLWkq6TKpemlw6XUpfOlsLK7v8mhvsS+pM6kqqTipMGk4y+z4KTBpOOk8y/EvqTOzea+3y/EvtF1zea+3y+koqSrpMGk46TzL6WipaukwaTjpPMvpKqk3qTepLSkyKG/ob5SQ1Chv6G+pbOl86XTpcvK3MihjJ2P6snMxrehvw==,paKlpqXIpeylw6XIxrek8qSqgo608qTBgf248aTHpLTM4bmp,PFRBQkxFIEJPUkRFUj0iMCIgV0lEVEg9IjMwMCIgQ0VMTFNQQUNJTkc9IjAiIEJPUkRFUkNPTE9SPSIjNjY2NjY2Ij4KPFRSPgo8VEQgQkdDT0xPUj0iI0ZGRkZGRiIgQUxJR049ImxlZnQiPgo8Rk9OVCBDT0xPUj0iI0JFMUQ3OSIgU0laRT0iMiI+CqHxyczGt9SUvJoKJm5ic3A7PC9GT05UPgo8L1REPgo8L1RSPgo8VFI+CjxURCBCR0NPTE9SPSIjRkZGRkZGIiBBTElHTj0ibGVmdCI+CjxGT05UIENPTE9SPSIjNUY1RjVGIiBTSVpFPSIyIj4KPCEtLSBISVQjI1MgLS0+pa2luqTLpMSkpKTGpM+hosnMxre7rc/xpMukxqS0tF/VSqSvpMCktaSkoaM8YnI+pa+l6qXDpa+kuaTrpMiSiLTzse3KvqS3pN6kuaGjPGJyPgo8YnI+Crutz/HS1M3ipMuk4qGipa2lurXIpKykoqTriPa6z6SspLSktqSkpN6kuaGjPGJyPtPopOGktMHLs9Ckr6TApLWkpKGjPGJyPgo8YnI+Cjxicj4KPGZvbnQgY29sb3I9InJlZCI+CqHxt7XGtz+9u5NRpM+kqsrcpLGkpKS/pLekq6TNpN6kuaGjPEJSPgo8dT4KofGl6aXDpdSl86WwpbWpYKXTpbmkz6SqytyksaTHpK2k3qS7pPOhozwvdT4KPEJSPgqh8butz/Gkx6S0sLjE2qS3pMakpKTr0tTN4qTLpOKhoqWtpbq1yKSspKKk64j2us+krKSipOqk3qS5oaM8QlI+CqHx2Zuk6s7vpMqkyaTLpLWk7KTriPa6z6Gisdikus/gytakzre9pNjreaSipOrJzMa3pMekoqTrysKk8jxCUj4KoaGkqoG7pKjtlKStoaKkqrulpKSky6S0vHu1w6TOyc+ktNmPyOvPwqS1pKShozxCUj4KofGloqWmpcil7KXDpcjGt6THpKKk68rCpPLKvqS5pbepYKXrpPLN4s/kpMvZTqTquLaksaTGpKKk6qTepLmhozxCUj4KofGkvaTOy/uhorWxteqkzra8us+ky6TopOrYnInTpPKkqrbPpOqkuaTriPa6z6SspLSktqSkpN6kuaGjCjwvZm9udD4KPC9GT05UPgo8L1REPgo8L1RSPgo8L1RBQkxFPgo8QlI+CjxCUj4KPFRBQkxFIEJPUkRFUj0iMCIgV0lEVEg9IjMwMCIgQ0VMTFNQQUNJTkc9IjAiIEJPUkRFUkNPTE9SPSIjNjY2NjY2Ij4KPFRSPgo8VEQgQkdDT0xPUj0iI0ZGRkZGRiIgQUxJR049ImxlZnQiPgo8Rk9OVCBDT0xPUj0iI0JFMUQ3OSIgU0laRT0iMiI+CqHxpbWlpKW6P9bYwb8KJm5ic3A7PC9GT05UPgo8L1REPgo8L1RSPgo8VFI+CjxURCBCR0NPTE9SPSIjRkZGRkZGIiBBTElHTj0ibGVmdCI+CjxGT05UIENPTE9SPSIjNUY1RjVGIiBTSVpFPSIyIj4KPCEtLSBISVQjI1MgLS0+MqHBMTChwTMuNWNtoaGhobxzMzBnPGJyPgoKPGJyPgo8YnI+CjxpbWcgYm9yZGVyPSIwIiBzcmM9Imh0dHBzOi8vd3d3LnJha3V0ZW4ubmUuanAvZ29sZC90b3ktZGFpd2EvdG9wL3Bvc3RpbmcuanBnIiB3aWR0aD0iMTAwJSI+CjwhLS0gSElUIyNFIC0tPiZuYnNwOzwvRk9OVD4KPC9URD4KPC9UUj4KPC9UQUJMRT4KPEJSPgo8QlI+CjxUQUJMRSBCT1JERVI9IjAiIFdJRFRIPSIzMDAiIENFTExTUEFDSU5HPSIwIiBCT1JERVJDT0xPUj0iIzY2NjY2NiI+CjxUUj4KPFREIEJHQ09MT1I9IiNGRkZGRkYiIEFMSUdOPSJsZWZ0Ij4KPEZPTlQgQ09MT1I9IiNCRTFENzkiIFNJWkU9IjIiPgqh8bLE2Xw/jJ3P88Tq/WgKJm5ic3A7PC9GT05UPgo8L1REPgo8L1RSPgo8VFI+CjxURCBCR0NPTE9SPSIjRkZGRkZGIiBBTElHTj0ibGVmdCI+CjxGT05UIENPTE9SPSIjNUY1RjVGIiBTSVpFPSIyIj4KPCEtLSBISVQjI1MgLS0+xL7RdaOoiVTXsKOpoaGhoaGhM5pyoas8YnI+Cjxmb250IGNvbG9yPXJlZD6h+aSq19OYlKSsv9qky8jrpOykxqTiuqakzqTKpKSJVMHPpPLKudPDpLekxqSqpOqk3qS5oaM8L2ZvbnQ+Cjxicj4KPGJyPgo8Zm9udCBjb2xvcj0iIzVmNWY1ZiIgc2l6ZT0iMiI+P8nMxre7rc/xpMiMZ87vpM6kqsmrpM+24MnZ32Ckpoj2us+krKS0pLakpKTepLmkzqTHpLTBy7PQpK+kwKS1pKShozxicj4KpKrKuaSkpM6lx6Wjpbml16XspaSl4qXLpb+pYKTO1E+2qKTLpOikw6TGpOLJq6TO0oqkqLe9pKyukKTKpOqk3qS5oaM8YnI+Cj/Jz9ObpbWlpKW6pM/UT9OLh+2kzrTnt6ik8tOb3WSkt6TGpKqk6qTepLmkrKGiw+bIoaTqpOTKy8nPpLKkztHQxKWhosn6rmKl7aXDpci1yKTHjGfrSKTOyczGt6TItuDJ2aTO1WCy7qSss/ak64j2us+krKS0pLakpKTepLmhozxicj4KP8zsyLvL2LLEpPK24KSvyrnTw6S3pMakpKTrpL+k4aGixL7Ev6Tkyau6z6SktcikrLutz/GkyK6QpMqk64j2us+krKSipOqk3qS5oaM8YnI+Cjxicj4KTUFERSBJTiBDSElOQTxicj4KPGJyPgo8L2ZvbnQ+Cjxicj4KCjxJTUcgU1JDPSJodHRwczovL2ltYWdlLnJha3V0ZW4uY28uanAvdG95LWRhaXdhL2NhYmluZXQvYm5yMjQweDE2NV8wMS5naWYiIEJPUkRFUj0iMCI+CjwhLS0gSElUIyNFIC0tPiZuYnNwOzwvRk9OVD4KPC9URD4KPC9UUj4KPC9UQUJMRT4KPGJyPgo8YnI+CjxpbWcgYm9yZGVyPSIwIiBzcmM9Imh0dHBzOi8vd3d3LnJha3V0ZW4ubmUuanAvZ29sZC90b3ktZGFpd2EvdG9wL3Bvc3RpbmcuanBnIiB3aWR0aD0iMTAwJSI+PElNRyBTUkM9Imh0dHBzOi8vd3d3LnJha3V0ZW4ubmUuanAvZ29sZC90b3ktZGFpd2EvdG9wL3ktbmcuanBnIiB3aWR0aD0iMTAwJSIgQk9SREVSPSIwIj48YnI+PGJyPgqhvqWzpfOl06XLytzIoYydj+rJzMa3ob88YnI+CqH5pbOl86XTpcvK3MihpMukxKSkpMY8YnI+CtF9yv2kzsnMxrek8pd5sPykt6TGvMi2qKTOpbWlpKW6pPKzrKSopL+I9rrPoaKls6XzpdOly8rcyKGkrKTHpK2kyqSvpMqk64j2us+krKS0pLakpKTepLmhozxicj48YnI+CjwhLS0gpLOks6SrpOkgRy1zeXN0ZW0gLS0+CjxkaXYgc3R5bGU9IndpZHRoOjU1MDtvdmVyZmxvdzpoaWRkZW47Ij4KICA8aW1nIHNyYz0iaHR0cDovL3d3dy5yYWt1dGVuLm5lLmpwL2dvbGQvdG95LWRhaXdhL2FzcC8xX3JlYWwvc2lnbmJvYXJkX2ltZy5wbmciIHdpZHRoPSI1NTAiPjxicj4KICA8IS0tIKSzpLOkq6TpIKXqpaLK3CAtLT4KICA8ZGl2IHN0eWxlPSJoZWlnaHQ6MjM1cHg7IG92ZXJmbG93OmhpZGRlbjsgbWFyZ2luOjAgMTBweCAwIDA7IHBhZGRpbmc6MDsgZmxvYXQ6bGVmdDsiPgogICAgCiAgPC9kaXY+CiAgPCEtLSCks6SzpN6kxyCl6qWiytwgLS0+CiAgCjwvZGl2Pgo8YnI+CjwhLS0gpLOks6TepMcgRy1zeXN0ZW0gLS0+CgoKPCEtLSCks6SzpKuk6SCl6qWipbOl4SAtLT4KPGRpdiBzdHlsZT0iaGVpZ2h0OjQwMHB4OyB3aWR0aDo1NTBweDsgb3ZlcmZsb3c6aGlkZGVuOyBtYXJnaW46MDsgcGFkZGluZzowOyBjbGVhcjpib3RoIj4KICA8aW1nIHNyYz0iaHR0cDovL3d3dy5yYWt1dGVuLm5lLmpwL2dvbGQvdG95LWRhaXdhL2FzcC8xX3JlYWxjby9zaWduYm9hcmRfaW1nLnBuZyIgd2lkdGg9IjU1MCI+PGJyIC8+Cgo8L2Rpdj4KPGJyPgoKPCEtLSCks6SzpN6kxyCl6qWipbOl4SAtLT4=,T1VUTEVUpbWlw6Wvpeql36XLyrOyxKO6pLWkq6TKpemlw6XUpfOlsLK7v8mhvsS+pM6kqqTipMGk4y+z4KTBpOOk8y/EvqTOzea+3y/EvtF1zea+3y+koqSrpMGk46TzL6WipaukwaTjpPMvpKqk3qTepLSkyKG/ob5SQ1Chv6G+pbOl86XTpcvK3MihjJ2P6snMxrehv6O6xL7RdaSqpOKkwaTjpM6kwKSkpO8=,T1VUTEVUpbWlw6Wvpeql36XLyrOyxKO6pLWkq6TKpemlw6XUpfOlsLK7v8mhvsS+pM6kqqTipMGk4y+z4KTBpOOk8y/EvqTOzea+3y/EvtF1zea+3y+koqSrpMGk46TzL6WipaukwaTjpPMvpKqk3qTepLSkyKG/ob5SQ1Chv6G+pbOl86XTpcvK3MihjJ2P6snMxrehvw==,paKlpqXIpeylw6XIxrek8qSqgo608qTBgf248aTHpLTM4bmpoaNPVVRMRVSltaXDpa+l6qXfpcvKs7LEo7qktaSrpMql6aXDpdSl86Wwsru/yaG+xL6kzqSqpOKkwaTjL7PgpMGk46TzL8S+pM7N5r7fL8S+0XXN5r7fL6SipKukwaTjpPMvpaKlq6TBpOOk8y+kqqTepN6ktKTIob+hvlJDUKG/ob6ls6XzpdOly8rcyKGMnY/qyczGt6G/[rn]
40-32919,aHR0cDovL3RzaG9wLnIxMHMuanAvZ29sZC90b3ktZGFpd2EvOTc5MjUtcjEuanBnP2ZpdGluPTcwMDo3MDA=,MjE2MC4wMDAw,,pKqk4qTBpOM/pdul06lgP6WyqWCl4CA+IKSqpOKkwaTjID4gpN6k3qS0pMg/pLSkw6Sz31uk06XIpaQgPiCkvaTOy/s=,T1VUTEVUpaKlpKXHpaKjwqPPo9il6aXDpdSl86Wwsru/yVvD+8jrpOxPS12hvlJDUKG/ob6ls6XzpdOly8rcyKGMnY/qyczGt6G/,paKlpqXIpeylw6XIxrek8qSqgo608qTBgf248aTHpLTM4bmp,PGltZyBib3JkZXI9IjAiIHNyYz0iaHR0cHM6Ly93d3cucmFrdXRlbi5uZS5qcC9nb2xkL3RveS1kYWl3YS85NzkyNXJha3V0ZW5pZGVhYm94a2V5YnJvY2suanBnIiB3aWR0aD0iMTAwJSI+IAo8YnI+PGJyPjxicj48VEFCTEUgQk9SREVSPSIwIiBXSURUSD0iMzAwIiBDRUxMU1BBQ0lORz0iMCIgQk9SREVSQ09MT1I9IiM2NjY2NjYiPgo8VFI+CjxURCBCR0NPTE9SPSIjRkZGRkZGIiBBTElHTj0ibGVmdCI+CjxGT05UIENPTE9SPSIjQkUxRDc5IiBTSVpFPSIyIj4KofHJzMa31JS8mgombmJzcDs8L0ZPTlQ+CjwvVEQ+CjwvVFI+CjxUUj4KPFREIEJHQ09MT1I9IiNGRkZGRkYiIEFMSUdOPSJsZWZ0Ij4KPEZPTlQgQ09MT1I9IiM1RjVGNUYiIFNJWkU9IjIiPgo8IS0tIEhJVCMjUyAtLT6lraW6pMukxKSkpMakz6GiyczGt7utz/Gky6TGpLS0X9VKpK+kwKS1pKShozxicj6lr6XqpcOlr6S5pOukyJKItPOx7cq+pLek3qS5oaM8YnI+Cjxicj4Ku63P8dLUzeKky6TioaKlraW6tcikrKSipOuI9rrPpKyktKS2pKSk3qS5oaM8YnI+0+ik4aS0wcuz0KSvpMCktaSkoaM8YnI+Cjxicj4KPGJyPgo8Zm9udCBjb2xvcj0icmVkIj4KofG3tca3P727k1Gkz6SqytyksaSkpL+kt6SrpM2k3qS5oaM8QlI+Cjx1Pgqh8aXppcOl1KXzpbCltalgpdOluaTPpKrK3KSxpMekraTepLuk86GjPC91Pgo8QlI+CqHxu63P8aTHpLSwuMTapLekxqSkpOvS1M3ipMuk4qGipa2lurXIpKykoqTriPa6z6SspKKk6qTepLmhozxCUj4KofG7r7uSz+Sky6Tipa2luj+l2KWzpd+krKSipOuI9rrPpKyktKS2pKSk3qS5oaM8QlI+CqHx2Zuk6s7vpMqkyaTLpLWk7KTriPa6z6Gisdikus/gytakzre9pNjreaSipOrJzMa3pMekoqTrysKk8jxCUj4KoaGkqoG7pKjtlKStoaKkqrulpKSky6S0vHu1w6TOyc+ktNmPyOvPwqS1pKShozxCUj4KofGloqWmpcil7KXDpcjGt6THpKKk68rCpPLKvqS5pbepYKXrpPLN4s/kpMvZTqTquLaksaTGpKKk6qTepLmhozxCUj4KofGkvaTOy/uhorWxteqkzra8us+ky6TopOrYnInTpPKkqrbPpOqkuaTriPa6z6SspLSktqSkpN6kuaGjCjwvZm9udD4KPEJSPgo8QlI+CrG+zOWhoTE8YnI+CrdlxL6jqMGit73M5aGhMy4zocEzLjOj46Pto6mhoTiCgDxicj4K5kmhoaOoNWNto6mhoTGCgDxicj4KPC9GT05UPgo8L1REPgo8L1RSPgo8L1RBQkxFPgo8QlI+CjxCUj4KPFRBQkxFIEJPUkRFUj0iMCIgV0lEVEg9IjMwMCIgQ0VMTFNQQUNJTkc9IjAiIEJPUkRFUkNPTE9SPSIjNjY2NjY2Ij4KPFRSPgo8VEQgQkdDT0xPUj0iI0ZGRkZGRiIgQUxJR049ImxlZnQiPgo8Rk9OVCBDT0xPUj0iI0JFMUQ3OSIgU0laRT0iMiI+CqHxpbWlpKW6P9bYwb8KJm5ic3A7PC9GT05UPgo8L1REPgo8L1RSPgo8VFI+CjxURCBCR0NPTE9SPSIjRkZGRkZGIiBBTElHTj0ibGVmdCI+CjxGT05UIENPTE9SPSIjNUY1RjVGIiBTSVpFPSIyIj4KPCEtLSBISVQjI1MgLS0+MTehwTE3ocExNmNto6ixvszlo6k8IS0tIEhJVCMjRSAtLT4mbmJzcDs8L0ZPTlQ+CjwvVEQ+CjwvVFI+CjwvVEFCTEU+CjxCUj4KPEJSPgo8VEFCTEUgQk9SREVSPSIwIiBXSURUSD0iMzAwIiBDRUxMU1BBQ0lORz0iMCIgQk9SREVSQ09MT1I9IiM2NjY2NjYiPgo8VFI+CjxURCBCR0NPTE9SPSIjRkZGRkZGIiBBTElHTj0ibGVmdCI+CjxGT05UIENPTE9SPSIjQkUxRDc5IiBTSVpFPSIyIj4KofGyxNl8P4ydz/PE6v1oCiZuYnNwOzwvRk9OVD4KPC9URD4KPC9UUj4KPFRSPgo8VEQgQkdDT0xPUj0iI0ZGRkZGRiIgQUxJR049ImxlZnQiPgo8Rk9OVCBDT0xPUj0iIzVGNUY1RiIgU0laRT0iMiI+CjwhLS0gSElUIyNTIC0tPqXWpcqjqJ9vubijqaGhoaEymnKhqzxicj4KPGJyPgo8Zm9udCBjb2xvcj0iIzVmNWY1ZiIgc2l6ZT0iMiI+P8nMxre7rc/xpMiMZ87vpM6kqsmrpM+24MnZ32Ckpoj2us+krKS0pLakpKTepLmkzqTHpLTBy7PQpK+kwKS1pKShozxicj4KpKrKuaSkpM6lx6Wjpbml16XspaSl4qXLpb+pYKTO1E+2qKTLpOikw6TGpOLJq6TO0oqkqLe9pKyukKTKpOqk3qS5oaM8YnI+Cj/Jz9ObpbWlpKW6pM/UT9OLh+2kzrTnt6ik8tOb3WSkt6TGpKqk6qTepLmkrKGiw+bIoaTqpOTKy8nPpLKkztHQxKWhosn6rmKl7aXDpci1yKTHjGfrSKTOyczGt6TItuDJ2aTO1WCy7qSss/ak64j2us+krKS0pLakpKTepLmhozxicj4KP8zsyLvL2LLEpPK24KSvyrnTw6S3pMakpKTrpL+k4aGixL7Ev6Tkyau6z6SktcikrLutz/GkyK6QpMqk64j2us+krKSipOqk3qS5oaM8YnI+Cjxicj4KTUFERSBJTiBDSElOQTxicj4KPGJyPgo8L2ZvbnQ+Cjxicj4KCjxJTUcgU1JDPSJodHRwczovL2ltYWdlLnJha3V0ZW4uY28uanAvdG95LWRhaXdhL2NhYmluZXQvbmV3dG9wL3lha2lpbi5naWYiICBCT1JERVI9IjAiPgo8YnI+Cjxicj4KCjxJTUcgU1JDPSJodHRwczovL2ltYWdlLnJha3V0ZW4uY28uanAvdG95LWRhaXdhL2NhYmluZXQvYm5yMjQweDE2NV8wMS5naWYiIEJPUkRFUj0iMCI+Cjxicj4KPGJyPgo8IS0tIEhJVCMjRSAtLT4mbmJzcDs8L0ZPTlQ+CjwvVEQ+CjwvVFI+CjwvVEFCTEU+Cjxicj4KPGJyPgo8dGFibGUgYm9yZGVyPSIwIiBjZWxsc3BhY2luZz0iMCIgY2VsbHBhZGRpbmc9IjIiPiAKIDx0ciB2YWxpZ249InRvcCI+IAogPHRkIG5vd3JhcD4Kpa6l1aXIjJ2P6go8L3RkPiAKIDwvdHI+IAogPC90YWJsZT4KPGJyPjxicj4Kob6ls6XzpdOly8rcyKGMnY/qyczGt6G/PGJyPgqh+aWzpfOl06XLytzIoaTLpMSkpKTGPGJyPgrRfcr9pM7JzMa3pPKXebD8pLekxrzItqikzqW1paSluqTys6ykqKS/iPa6z6GipbOl86XTpcvK3MihpKykx6StpMqkr6TKpOuI9rrPpKyktKS2pKSk3qS5oaM8YnI+PGJyPgo8IS0tIKSzpLOkq6TpIEctc3lzdGVtIC0tPgo8ZGl2IHN0eWxlPSJ3aWR0aDo1NTA7b3ZlcmZsb3c6aGlkZGVuOyI+CiAgPGltZyBzcmM9Imh0dHA6Ly93d3cucmFrdXRlbi5uZS5qcC9nb2xkL3RveS1kYWl3YS9hc3AvMV9yZWFsL3NpZ25ib2FyZF9pbWcucG5nIiB3aWR0aD0iNTUwIj48YnI+CiAgPCEtLSCks6SzpKuk6SCl6qWiytwgLS0+CiAgPGRpdiBzdHlsZT0iaGVpZ2h0OjIzNXB4OyBvdmVyZmxvdzpoaWRkZW47IG1hcmdpbjowIDEwcHggMCAwOyBwYWRkaW5nOjA7IGZsb2F0OmxlZnQ7Ij4KICAgIAogIDwvZGl2PgogIDwhLS0gpLOks6TepMcgpeqlosrcIC0tPgogIAo8L2Rpdj4KPGJyPgo8IS0tIKSzpLOk3qTHIEctc3lzdGVtIC0tPgoKCjwhLS0gpLOks6SrpOkgpeqloqWzpeEgLS0+CjxkaXYgc3R5bGU9ImhlaWdodDo0MDBweDsgd2lkdGg6NTUwcHg7IG92ZXJmbG93OmhpZGRlbjsgbWFyZ2luOjA7IHBhZGRpbmc6MDsgY2xlYXI6Ym90aCI+CiAgPGltZyBzcmM9Imh0dHA6Ly93d3cucmFrdXRlbi5uZS5qcC9nb2xkL3RveS1kYWl3YS9hc3AvMV9yZWFsY28vc2lnbmJvYXJkX2ltZy5wbmciIHdpZHRoPSI1NTAiPjxiciAvPgoKPC9kaXY+Cjxicj4KCjwhLS0gpLOks6TepMcgpeqloqWzpeEgLS0+,T1VUTEVUpaKlpKXHpaKjwqPPo9il6aXDpdSl86Wwsru/yVvD+8jrpOxPS12hvlJDUKG/ob6ls6XzpdOly8rcyKGMnY/qyczGt6G/o7rEvtF1pKqk4qTBpOOkzqTApKSk7w==,T1VUTEVUpaKlpKXHpaKjwqPPo9il6aXDpdSl86Wwsru/yVvD+8jrpOxPS12hvlJDUKG/ob6ls6XzpdOly8rcyKGMnY/qyczGt6G/,paKlpqXIpeylw6XIxrek8qSqgo608qTBgf248aTHpLTM4bmpoaNPVVRMRVSloqWkpceloqPCo8+j2KXppcOl1KXzpbCyu7/JW8P7yOuk7E9LXaG+UkNQob+hvqWzpfOl06XLytzIoYydj+rJzMa3ob8=[rn]
40-32920,aHR0cDovL3RzaG9wLnIxMHMuanAvZ29sZC90b3ktZGFpd2EvOTc2MDEtcjEuanBnP2ZpdGluPTcwMDo3MDA=,MTY0LjAwMDA=,,pKqk4qTBpOM/pdul06lgP6WyqWCl4CA+IKSqpOKkwaTjID4gpN6k3qS0pMg/pLSkw6Sz31uk06XIpaQgPiCkvaTOy/s=,T1VUTEVUpbWlw6Wvpeql36XLyrOyxKO6pbOlw6XapdGl86XppcOl1KXzpbCyu7/Job5SQ1Chv6G+pbOl86XTpcvK3MihjJ2P6snMxrehvw==,paKlpqXIpeylw6XIxrek8qSqgo608qTBgf248aTHpLTM4bmp,PFRBQkxFIEJPUkRFUj0iMCIgV0lEVEg9IjMwMCIgQ0VMTFNQQUNJTkc9IjAiIEJPUkRFUkNPTE9SPSIjNjY2NjY2Ij4KPFRSPgo8VEQgQkdDT0xPUj0iI0ZGRkZGRiIgQUxJR049ImxlZnQiPgo8Rk9OVCBDT0xPUj0iI0JFMUQ3OSIgU0laRT0iMiI+CqHxyczGt9SUvJoKJm5ic3A7PC9GT05UPgo8L1REPgo8L1RSPgo8VFI+CjxURCBCR0NPTE9SPSIjRkZGRkZGIiBBTElHTj0ibGVmdCI+CjxGT05UIENPTE9SPSIjNUY1RjVGIiBTSVpFPSIyIj4KPCEtLSBISVQjI1MgLS0+pa2luqTLpMSkpKTGpM+hosnMxre7rc/xpMukxqS0tF/VSqSvpMCktaSkoaM8YnI+pa+l6qXDpa+kuaTrpMiSiLTzse3KvqS3pN6kuaGjPGJyPgo8YnI+Crutz/HS1M3ipMuk4qGipa2lurXIpKykoqTriPa6z6SspLSktqSkpN6kuaGjPGJyPtPopOGktMHLs9Ckr6TApLWkpKGjPGJyPgo8YnI+Cjxicj4KPGZvbnQgY29sb3I9InJlZCI+CqHxt7XGtz+9u5NRpM+kqsrcpLGkpKS/pLekq6TNpN6kuaGjPEJSPgo8dT4KofGl6aXDpdSl86WwpbWpYKXTpbmkz6SqytyksaTHpK2k3qS7pPOhozwvdT4KPEJSPgqh8butz/Gkx6S0sLjE2qS3pMakpKTr0tTN4qTLpOKhoqWtpbq1yKSspKKk64j2us+krKSipOqk3qS5oaM8QlI+CqHx2Zuk6s7vpMqkyaTLpLWk7KTriPa6z6Gisdikus/gytakzre9pNjreaSipOrJzMa3pMekoqTrysKk8jxCUj4KoaGkqoG7pKjtlKStoaKkqrulpKSky6S0vHu1w6TOyc+ktNmPyOvPwqS1pKShozxCUj4KofGloqWmpcil7KXDpcjGt6THpKKk68rCpPLKvqS5pbepYKXrpPLN4s/kpMvZTqTquLaksaTGpKKk6qTepLmhozxCUj4KofGkvaTOy/uhorWxteqkzra8us+ky6TopOrYnInTpPKkqrbPpOqkuaTriPa6z6SspLSktqSkpN6kuaGjCjwvZm9udD4KPC9GT05UPgo8L1REPgo8L1RSPgo8L1RBQkxFPgo8QlI+CjxCUj4KPFRBQkxFIEJPUkRFUj0iMCIgV0lEVEg9IjMwMCIgQ0VMTFNQQUNJTkc9IjAiIEJPUkRFUkNPTE9SPSIjNjY2NjY2Ij4KPFRSPgo8VEQgQkdDT0xPUj0iI0ZGRkZGRiIgQUxJR049ImxlZnQiPgo8Rk9OVCBDT0xPUj0iI0JFMUQ3OSIgU0laRT0iMiI+CqHxpbWlpKW6P9bYwb8KJm5ic3A7PC9GT05UPgo8L1REPgo8L1RSPgo8VFI+CjxURCBCR0NPTE9SPSIjRkZGRkZGIiBBTElHTj0ibGVmdCI+CjxGT05UIENPTE9SPSIjNUY1RjVGIiBTSVpFPSIyIj4KPCEtLSBISVQjI1MgLS0+MTChwTWhwTIuNWNtoaGhobxzNDVnPGJyPgoKPGJyPgo8YnI+CjxpbWcgYm9yZGVyPSIwIiBzcmM9Imh0dHBzOi8vd3d3LnJha3V0ZW4ubmUuanAvZ29sZC90b3ktZGFpd2EvdG9wL3Bvc3RpbmcuanBnIiB3aWR0aD0iMTAwJSI+CjwhLS0gSElUIyNFIC0tPiZuYnNwOzwvRk9OVD4KPC9URD4KPC9UUj4KPC9UQUJMRT4KPEJSPgo8QlI+CjxUQUJMRSBCT1JERVI9IjAiIFdJRFRIPSIzMDAiIENFTExTUEFDSU5HPSIwIiBCT1JERVJDT0xPUj0iIzY2NjY2NiI+CjxUUj4KPFREIEJHQ09MT1I9IiNGRkZGRkYiIEFMSUdOPSJsZWZ0Ij4KPEZPTlQgQ09MT1I9IiNCRTFENzkiIFNJWkU9IjIiPgqh8bLE2Xw/jJ3P88Tq/WgKJm5ic3A7PC9GT05UPgo8L1REPgo8L1RSPgo8VFI+CjxURCBCR0NPTE9SPSIjRkZGRkZGIiBBTElHTj0ibGVmdCI+CjxGT05UIENPTE9SPSIjNUY1RjVGIiBTSVpFPSIyIj4KPCEtLSBISVQjI1MgLS0+xL7RdaOoiVTXsKOpoaGhoTOacqGrPGJyPgo8Zm9udCBjb2xvcj1yZWQ+ofmkqtfTmJSkrL/apMvI66TspMak4rqmpM6kyqSkiVTBz6TyyrnTw6S3pMakqqTqpN6kuaGjPC9mb250Pgo8YnI+Cjxicj4KPGZvbnQgY29sb3I9IiM1ZjVmNWYiIHNpemU9IjIiPj/JzMa3u63P8aTIjGfO76TOpKrJq6TPtuDJ2d9gpKaI9rrPpKyktKS2pKSk3qS5pM6kx6S0wcuz0KSvpMCktaSkoaM8YnI+CqSqyrmkpKTOpcelo6W5pdel7KWkpeKly6W/qWCkztRPtqiky6TopMOkxqTiyaukztKKpKi3vaSsrpCkyqTqpN6kuaGjPGJyPgo/yc/Tm6W1paSluqTP1E/Ti4ftpM6057eopPLTm91kpLekxqSqpOqk3qS5pKyhosPmyKGk6qTkysvJz6SypM7R0MSloaLJ+q5ipe2lw6XItcikx4xn60ikzsnMxrekyLbgydmkztVgsu6krLP2pOuI9rrPpKyktKS2pKSk3qS5oaM8YnI+Cj/M7Mi7y9iyxKTytuCkr8q508Okt6TGpKSk66S/pOGhosS+xL+k5Mmrus+kpLXIpKy7rc/xpMiukKTKpOuI9rrPpKykoqTqpN6kuaGjPGJyPgo8YnI+Ck1BREUgSU4gQ0hJTkE8YnI+Cjxicj4KPC9mb250Pgo8YnI+Cgo8SU1HIFNSQz0iaHR0cHM6Ly9pbWFnZS5yYWt1dGVuLmNvLmpwL3RveS1kYWl3YS9jYWJpbmV0L2JucjI0MHgxNjVfMDEuZ2lmIiBCT1JERVI9IjAiPgo8IS0tIEhJVCMjRSAtLT4mbmJzcDs8L0ZPTlQ+CjwvVEQ+CjwvVFI+CjwvVEFCTEU+Cjxicj4KPGJyPgo8aW1nIGJvcmRlcj0iMCIgc3JjPSJodHRwczovL3d3dy5yYWt1dGVuLm5lLmpwL2dvbGQvdG95LWRhaXdhL3RvcC9wb3N0aW5nLmpwZyIgd2lkdGg9IjEwMCUiPjxJTUcgU1JDPSJodHRwczovL3d3dy5yYWt1dGVuLm5lLmpwL2dvbGQvdG95LWRhaXdhL3RvcC95LW5nLmpwZyIgd2lkdGg9IjEwMCUiIEJPUkRFUj0iMCI+PGJyPjxicj4Kob6ls6XzpdOly8rcyKGMnY/qyczGt6G/PGJyPgqh+aWzpfOl06XLytzIoaTLpMSkpKTGPGJyPgrRfcr9pM7JzMa3pPKXebD8pLekxrzItqikzqW1paSluqTys6ykqKS/iPa6z6GipbOl86XTpcvK3MihpKykx6StpMqkr6TKpOuI9rrPpKyktKS2pKSk3qS5oaM8YnI+PGJyPgo8IS0tIKSzpLOkq6TpIEctc3lzdGVtIC0tPgo8ZGl2IHN0eWxlPSJ3aWR0aDo1NTA7b3ZlcmZsb3c6aGlkZGVuOyI+CiAgPGltZyBzcmM9Imh0dHA6Ly93d3cucmFrdXRlbi5uZS5qcC9nb2xkL3RveS1kYWl3YS9hc3AvMV9yZWFsL3NpZ25ib2FyZF9pbWcucG5nIiB3aWR0aD0iNTUwIj48YnI+CiAgPCEtLSCks6SzpKuk6SCl6qWiytwgLS0+CiAgPGRpdiBzdHlsZT0iaGVpZ2h0OjIzNXB4OyBvdmVyZmxvdzpoaWRkZW47IG1hcmdpbjowIDEwcHggMCAwOyBwYWRkaW5nOjA7IGZsb2F0OmxlZnQ7Ij4KICAgIAogIDwvZGl2PgogIDwhLS0gpLOks6TepMcgpeqlosrcIC0tPgogIAo8L2Rpdj4KPGJyPgo8IS0tIKSzpLOk3qTHIEctc3lzdGVtIC0tPgoKCjwhLS0gpLOks6SrpOkgpeqloqWzpeEgLS0+CjxkaXYgc3R5bGU9ImhlaWdodDo0MDBweDsgd2lkdGg6NTUwcHg7IG92ZXJmbG93OmhpZGRlbjsgbWFyZ2luOjA7IHBhZGRpbmc6MDsgY2xlYXI6Ym90aCI+CiAgPGltZyBzcmM9Imh0dHA6Ly93d3cucmFrdXRlbi5uZS5qcC9nb2xkL3RveS1kYWl3YS9hc3AvMV9yZWFsY28vc2lnbmJvYXJkX2ltZy5wbmciIHdpZHRoPSI1NTAiPjxiciAvPgoKPC9kaXY+Cjxicj4KCjwhLS0gpLOks6TepMcgpeqloqWzpeEgLS0+,T1VUTEVUpbWlw6Wvpeql36XLyrOyxKO6pbOlw6XapdGl86XppcOl1KXzpbCyu7/Job5SQ1Chv6G+pbOl86XTpcvK3MihjJ2P6snMxrehv6O6xL7RdaSqpOKkwaTjpM6kwKSkpO8=,T1VUTEVUpbWlw6Wvpeql36XLyrOyxKO6pbOlw6XapdGl86XppcOl1KXzpbCyu7/Job5SQ1Chv6G+pbOl86XTpcvK3MihjJ2P6snMxrehvw==,paKlpqXIpeylw6XIxrek8qSqgo608qTBgf248aTHpLTM4bmpoaNPVVRMRVSltaXDpa+l6qXfpcvKs7LEo7qls6XDpdql0aXzpemlw6XUpfOlsLK7v8mhvlJDUKG/ob6ls6XzpdOly8rcyKGMnY/qyczGt6G/[rn]
40-32921,aHR0cDovL3RzaG9wLnIxMHMuanAvZ29sZC90b3ktZGFpd2EvOTc2MjMtcjEuanBnP2ZpdGluPTcwMDo3MDA=,MTI5LjYwMDA=,,pKqk4qTBpOM/pdul06lgP6WyqWCl4CA+IKSqpOKkwaTjID4gpN6k3qS0pMg/pLSkw6Sz31uk06XIpaQgPiCkvaTOy/s=,T1VUTEVUpbWlw6Wvpeql36XLyrOyxKO6pKSkwaS0pemlw6XUpfOlsLK7v8mhvlJDUKG/ob6ls6XzpdOly8rcyKGMnY/qyczGt6G/,paKlpqXIpeylw6XIxrek8qSqgo608qTBgf248aTHpLTM4bmp,PGZvbnQgY29sb3I9cmVkIFNJWkU9IjIiPrao0M7N4uBdseO/yTwvZm9udD48VEFCTEUgQk9SREVSPSIwIiBXSURUSD0iMzAwIiBDRUxMU1BBQ0lORz0iMCIgQk9SREVSQ09MT1I9IiM2NjY2NjYiPgo8VFI+CjxURCBCR0NPTE9SPSIjRkZGRkZGIiBBTElHTj0ibGVmdCI+CjxGT05UIENPTE9SPSIjQkUxRDc5IiBTSVpFPSIyIj4KofHJzMa31JS8mgombmJzcDs8L0ZPTlQ+CjwvVEQ+CjwvVFI+CjxUUj4KPFREIEJHQ09MT1I9IiNGRkZGRkYiIEFMSUdOPSJsZWZ0Ij4KPEZPTlQgQ09MT1I9IiM1RjVGNUYiIFNJWkU9IjIiPgo8IS0tIEhJVCMjUyAtLT6lraW6pMukxKSkpMakz6GiyczGt7utz/Gky6TGpLS0X9VKpK+kwKS1pKShozxicj6lr6XqpcOlr6S5pOukyJKItPOx7cq+pLek3qS5oaM8YnI+Cjxicj4Ku63P8dLUzeKky6TioaKlraW6tcikrKSipOuI9rrPpKyktKS2pKSk3qS5oaM8YnI+0+ik4aS0wcuz0KSvpMCktaSkoaM8YnI+Cjxicj4KPGJyPgo8Zm9udCBjb2xvcj0icmVkIj4KofG3tca3P727k1Gkz6SqytyksaSkpL+kt6SrpM2k3qS5oaM8QlI+Cjx1Pgqh8aXppcOl1KXzpbCltalgpdOluaTPpKrK3KSxpMekraTepLuk86GjPC91Pgo8QlI+CqHxu63P8aTHpLSwuMTapLekxqSkpOvS1M3ipMuk4qGipa2lurXIpKykoqTriPa6z6SspKKk6qTepLmhozxCUj4KofHZm6Tqzu+kyqTJpMuktaTspOuI9rrPoaKx2KS6z+DK1qTOt72k2Ot5pKKk6snMxrekx6SipOvKwqTyPEJSPgqhoaSqgbukqO2UpK2hoqSqu6WkpKTLpLS8e7XDpM7Jz6S02Y/I68/CpLWkpKGjPEJSPgqh8aWipaalyKXspcOlyMa3pMekoqTrysKk8sq+pLmlt6lgpeuk8s3iz+Sky9lOpOq4tqSxpMakoqTqpN6kuaGjPEJSPgqh8aS9pM7L+6GitbG16qTOtry6z6TLpOik6ticidOk8qSqts+k6qS5pOuI9rrPpKyktKS2pKSk3qS5oaMKPC9mb250Pgo8L0ZPTlQ+CjwvVEQ+CjwvVFI+CjwvVEFCTEU+CjxCUj4KPEJSPgo8VEFCTEUgQk9SREVSPSIwIiBXSURUSD0iMzAwIiBDRUxMU1BBQ0lORz0iMCIgQk9SREVSQ09MT1I9IiM2NjY2NjYiPgo8VFI+CjxURCBCR0NPTE9SPSIjRkZGRkZGIiBBTElHTj0ibGVmdCI+CjxGT05UIENPTE9SPSIjQkUxRDc5IiBTSVpFPSIyIj4KofGltaWkpbo/1tjBvwombmJzcDs8L0ZPTlQ+CjwvVEQ+CjwvVFI+CjxUUj4KPFREIEJHQ09MT1I9IiNGRkZGRkYiIEFMSUdOPSJsZWZ0Ij4KPEZPTlQgQ09MT1I9IiM1RjVGNUYiIFNJWkU9IjIiPgo8IS0tIEhJVCMjUyAtLT7Wsb62My4yocE0LjNjbaGhoaG8czI1Zzxicj4KCjxicj4KPGJyPgo8aW1nIGJvcmRlcj0iMCIgc3JjPSJodHRwczovL3d3dy5yYWt1dGVuLm5lLmpwL2dvbGQvdG95LWRhaXdhL3RvcC9wb3N0aW5nLmpwZyIgd2lkdGg9IjEwMCUiPgo8IS0tIEhJVCMjRSAtLT4mbmJzcDs8L0ZPTlQ+CjwvVEQ+CjwvVFI+CjwvVEFCTEU+CjxCUj4KPEJSPgo8VEFCTEUgQk9SREVSPSIwIiBXSURUSD0iMzAwIiBDRUxMU1BBQ0lORz0iMCIgQk9SREVSQ09MT1I9IiM2NjY2NjYiPgo8VFI+CjxURCBCR0NPTE9SPSIjRkZGRkZGIiBBTElHTj0ibGVmdCI+CjxGT05UIENPTE9SPSIjQkUxRDc5IiBTSVpFPSIyIj4KofGyxNl8P4ydz/PE6v1oCiZuYnNwOzwvRk9OVD4KPC9URD4KPC9UUj4KPFRSPgo8VEQgQkdDT0xPUj0iI0ZGRkZGRiIgQUxJR049ImxlZnQiPgo8Rk9OVCBDT0xPUj0iIzVGNUY1RiIgU0laRT0iMiI+CjwhLS0gSElUIyNTIC0tPqXWpcqjqIlU17CjqaGhoaEzmnKhqzxicj4KPGZvbnQgY29sb3I9cmVkPqH5pKrX05iUpKy/2qTLyOuk7KTGpOK6pqTOpMqkpIlUwc+k8sq508Okt6TGpKqk6qTepLmhozwvZm9udD4KPGJyPgo8YnI+Cjxmb250IGNvbG9yPSIjNWY1ZjVmIiBzaXplPSIyIj4/yczGt7utz/GkyIxnzu+kzqSqyaukz7bgydnfYKSmiPa6z6SspLSktqSkpN6kuaTOpMektMHLs9Ckr6TApLWkpKGjPGJyPgqkqsq5pKSkzqXHpaOluaXXpeylpKXipculv6lgpM7UT7aopMuk6KTDpMak4smrpM7SiqSot72krK6QpMqk6qTepLmhozxicj4KP8nP05ultaWkpbqkz9RP04uH7aTOtOe3qKTy05vdZKS3pMakqqTqpN6kuaSsoaLD5sihpOqk5MrLyc+ksqTO0dDEpaGiyfquYqXtpcOlyLXIpMeMZ+tIpM7JzMa3pMi24MnZpM7VYLLupKyz9qTriPa6z6SspLSktqSkpN6kuaGjPGJyPgo/zOzIu8vYssSk8rbgpK/KudPDpLekxqSkpOukv6ThoaLEvsS/pOTJq7rPpKS1yKSsu63P8aTIrpCkyqTriPa6z6SspKKk6qTepLmhozxicj4KPGJyPgpNQURFIElOIENISU5BPGJyPgo8YnI+CjwvZm9udD4KPGJyPgoKPElNRyBTUkM9Imh0dHBzOi8vaW1hZ2UucmFrdXRlbi5jby5qcC90b3ktZGFpd2EvY2FiaW5ldC9ibnIyNDB4MTY1XzAxLmdpZiIgQk9SREVSPSIwIj4KPCEtLSBISVQjI0UgLS0+Jm5ic3A7PC9GT05UPgo8L1REPgo8L1RSPgo8L1RBQkxFPgo8YnI+Cjxicj4KPGltZyBib3JkZXI9IjAiIHNyYz0iaHR0cHM6Ly93d3cucmFrdXRlbi5uZS5qcC9nb2xkL3RveS1kYWl3YS90b3AvcG9zdGluZy5qcGciIHdpZHRoPSIxMDAlIj48SU1HIFNSQz0iaHR0cHM6Ly93d3cucmFrdXRlbi5uZS5qcC9nb2xkL3RveS1kYWl3YS90b3AveS1uZy5qcGciIHdpZHRoPSIxMDAlIiBCT1JERVI9IjAiPjxicj48YnI+CqG+pbOl86XTpcvK3MihjJ2P6snMxrehvzxicj4Kofmls6XzpdOly8rcyKGky6TEpKSkxjxicj4K0X3K/aTOyczGt6Tyl3mw/KS3pMa8yLaopM6ltaWkpbqk8rOspKikv4j2us+hoqWzpfOl06XLytzIoaSspMekraTKpK+kyqTriPa6z6SspLSktqSkpN6kuaGjPGJyPjxicj4KPCEtLSCks6SzpKuk6SBHLXN5c3RlbSAtLT4KPGRpdiBzdHlsZT0id2lkdGg6NTUwO292ZXJmbG93OmhpZGRlbjsiPgogIDxpbWcgc3JjPSJodHRwOi8vd3d3LnJha3V0ZW4ubmUuanAvZ29sZC90b3ktZGFpd2EvYXNwLzFfcmVhbC9zaWduYm9hcmRfaW1nLnBuZyIgd2lkdGg9IjU1MCI+PGJyPgogIDwhLS0gpLOks6SrpOkgpeqlosrcIC0tPgogIDxkaXYgc3R5bGU9ImhlaWdodDoyMzVweDsgb3ZlcmZsb3c6aGlkZGVuOyBtYXJnaW46MCAxMHB4IDAgMDsgcGFkZGluZzowOyBmbG9hdDpsZWZ0OyI+CiAgICAKICA8L2Rpdj4KICA8IS0tIKSzpLOk3qTHIKXqpaLK3CAtLT4KICAKPC9kaXY+Cjxicj4KPCEtLSCks6SzpN6kxyBHLXN5c3RlbSAtLT4KCgo8IS0tIKSzpLOkq6TpIKXqpaKls6XhIC0tPgo8ZGl2IHN0eWxlPSJoZWlnaHQ6NDAwcHg7IHdpZHRoOjU1MHB4OyBvdmVyZmxvdzpoaWRkZW47IG1hcmdpbjowOyBwYWRkaW5nOjA7IGNsZWFyOmJvdGgiPgogIDxpbWcgc3JjPSJodHRwOi8vd3d3LnJha3V0ZW4ubmUuanAvZ29sZC90b3ktZGFpd2EvYXNwLzFfcmVhbGNvL3NpZ25ib2FyZF9pbWcucG5nIiB3aWR0aD0iNTUwIj48YnIgLz4KCjwvZGl2Pgo8YnI+Cgo8IS0tIKSzpLOk3qTHIKXqpaKls6XhIC0tPg==,T1VUTEVUpbWlw6Wvpeql36XLyrOyxKO6pKSkwaS0pemlw6XUpfOlsLK7v8mhvlJDUKG/ob6ls6XzpdOly8rcyKGMnY/qyczGt6G/o7rEvtF1pKqk4qTBpOOkzqTApKSk7w==,T1VUTEVUpbWlw6Wvpeql36XLyrOyxKO6pKSkwaS0pemlw6XUpfOlsLK7v8mhvlJDUKG/ob6ls6XzpdOly8rcyKGMnY/qyczGt6G/,paKlpqXIpeylw6XIxrek8qSqgo608qTBgf248aTHpLTM4bmpoaNPVVRMRVSltaXDpa+l6qXfpcvKs7LEo7qkpKTBpLSl6aXDpdSl86Wwsru/yaG+UkNQob+hvqWzpfOl06XLytzIoYydj+rJzMa3ob8=[rn]
40-32922,aHR0cDovL3RzaG9wLnIxMHMuanAvZ29sZC90b3ktZGFpd2EvOTc4NDItcjEuanBnP2ZpdGluPTcwMDo3MDA=,NDc1LjIwMDA=,,pKqk4qTBpOM/pdul06lgP6WyqWCl4CA+IKSqpOKkwaTjID4gpN6k3qS0pMg/pLSkw6Sz31uk06XIpaQgPiCkvaTOy/s=,T1VUTEVUM8mrpdGluqXrpemlw6XUpfOlsLK7v8lbw/vI66TsT0tdob5SQ1Chv6G+pbOl86XTpcvK3MihjJ2P6snMxrehvw==,paKlpqXIpeylw6XIxrek8qSqgo608qTBgf248aTHpLTM4bmp,PFRBQkxFIEJPUkRFUj0iMCIgV0lEVEg9IjMwMCIgQ0VMTFNQQUNJTkc9IjAiIEJPUkRFUkNPTE9SPSIjNjY2NjY2Ij4KPFRSPgo8VEQgQkdDT0xPUj0iI0ZGRkZGRiIgQUxJR049ImxlZnQiPgo8Rk9OVCBDT0xPUj0iI0JFMUQ3OSIgU0laRT0iMiI+CqHxyczGt9SUvJoKJm5ic3A7PC9GT05UPgo8L1REPgo8L1RSPgo8VFI+CjxURCBCR0NPTE9SPSIjRkZGRkZGIiBBTElHTj0ibGVmdCI+CjxGT05UIENPTE9SPSIjNUY1RjVGIiBTSVpFPSIyIj4KPCEtLSBISVQjI1MgLS0+pa2luqTLpMSkpKTGpM+hosnMxre7rc/xpMukxqS0tF/VSqSvpMCktaSkoaM8YnI+pa+l6qXDpa+kuaTrpMiSiLTzse3KvqS3pN6kuaGjPGJyPgo8YnI+Crutz/HS1M3ipMuk4qGipa2lurXIpKykoqTriPa6z6SspLSktqSkpN6kuaGjPGJyPtPopOGktMHLs9Ckr6TApLWkpKGjPGJyPgo8YnI+Cjxicj4KPGZvbnQgY29sb3I9InJlZCI+CqHxt7XGtz+9u5NRpM+kqsrcpLGkpKS/pLekq6TNpN6kuaGjPEJSPgo8dT4KofGl6aXDpdSl86WwpbWpYKXTpbmkz6SqytyksaTHpK2k3qS7pPOhozwvdT4KPEJSPgqh8butz/Gkx6S0sLjE2qS3pMakpKTr0tTN4qTLpOKhoqWtpbq1yKSspKKk64j2us+krKSipOqk3qS5oaM8QlI+CqHx2Zuk6s7vpMqkyaTLpLWk7KTriPa6z6Gisdikus/gytakzre9pNjreaSipOrJzMa3pMekoqTrysKk8jxCUj4KoaGkqoG7pKjtlKStoaKkqrulpKSky6S0vHu1w6TOyc+ktNmPyOvPwqS1pKShozxCUj4KofGloqWmpcil7KXDpcjGt6THpKKk68rCpPLKvqS5pbepYKXrpPLN4s/kpMvZTqTquLaksaTGpKKk6qTepLmhozxCUj4KofGkvaTOy/uhorWxteqkzra8us+ky6TopOrYnInTpPKkqrbPpOqkuaTriPa6z6SspLSktqSkpN6kuaGjCjwvZm9udD4KPEJSPgo8QlI+Cjxicj4KPGJyPjwvRk9OVD4KPC9URD4KPC9UUj4KPC9UQUJMRT4KPEJSPgo8QlI+CjxUQUJMRSBCT1JERVI9IjAiIFdJRFRIPSIzMDAiIENFTExTUEFDSU5HPSIwIiBCT1JERVJDT0xPUj0iIzY2NjY2NiI+CjxUUj4KPFREIEJHQ09MT1I9IiNGRkZGRkYiIEFMSUdOPSJsZWZ0Ij4KPEZPTlQgQ09MT1I9IiNCRTFENzkiIFNJWkU9IjIiPgqh8aW1paSluj/W2MG/CiZuYnNwOzwvRk9OVD4KPC9URD4KPC9UUj4KPFRSPgo8VEQgQkdDT0xPUj0iI0ZGRkZGRiIgQUxJR049ImxlZnQiPgo8Rk9OVCBDT0xPUj0iIzVGNUY1RiIgU0laRT0iMiI+CjwhLS0gSElUIyNTIC0tPjEzocExM6HBN2NtKMGit73M5TOhwTOhwTNjbSmhoaGhvHMzMDBnPGJyPgo8IS0tIEhJVCMjRSAtLT4mbmJzcDs8L0ZPTlQ+CjwvVEQ+CjwvVFI+CjwvVEFCTEU+CjxCUj4KPEJSPgo8VEFCTEUgQk9SREVSPSIwIiBXSURUSD0iMzAwIiBDRUxMU1BBQ0lORz0iMCIgQk9SREVSQ09MT1I9IiM2NjY2NjYiPgo8VFI+CjxURCBCR0NPTE9SPSIjRkZGRkZGIiBBTElHTj0ibGVmdCI+CjxGT05UIENPTE9SPSIjQkUxRDc5IiBTSVpFPSIyIj4KofGyxNl8P4ydz/PE6v1oCiZuYnNwOzwvRk9OVD4KPC9URD4KPC9UUj4KPFRSPgo8VEQgQkdDT0xPUj0iI0ZGRkZGRiIgQUxJR049ImxlZnQiPgo8Rk9OVCBDT0xPUj0iIzVGNUY1RiIgU0laRT0iMiI+CjwhLS0gSElUIyNTIC0tPrrPsOWhoaGhMppyoas8YnI+Cjxicj4KPGZvbnQgY29sb3I9IiM1ZjVmNWYiIHNpemU9IjIiPj/JzMa3u63P8aTIjGfO76TOpKrJq6TPtuDJ2d9gpKaI9rrPpKyktKS2pKSk3qS5pM6kx6S0wcuz0KSvpMCktaSkoaM8YnI+CqSqyrmkpKTOpcelo6W5pdel7KWkpeKly6W/qWCkztRPtqiky6TopMOkxqTiyaukztKKpKi3vaSsrpCkyqTqpN6kuaGjPGJyPgo/yc/Tm6W1paSluqTP1E/Ti4ftpM6057eopPLTm91kpLekxqSqpOqk3qS5pKyhosPmyKGk6qTkysvJz6SypM7R0MSloaLJ+q5ipe2lw6XItcikx4xn60ikzsnMxrekyLbgydmkztVgsu6krLP2pOuI9rrPpKyktKS2pKSk3qS5oaM8YnI+Cj/M7Mi7y9iyxKTytuCkr8q508Okt6TGpKSk66S/pOGhosS+xL+k5Mmrus+kpLXIpKy7rc/xpMiukKTKpOuI9rrPpKykoqTqpN6kuaGjPGJyPgo8YnI+Ck1BREUgSU4gQ0hJTkE8YnI+Cjxicj4KPC9mb250Pgo8YnI+Cgo8SU1HIFNSQz0iaHR0cHM6Ly9pbWFnZS5yYWt1dGVuLmNvLmpwL3RveS1kYWl3YS9jYWJpbmV0L2JucjI0MHgxNjVfMDEuZ2lmIiBCT1JERVI9IjAiPgo8IS0tIEhJVCMjRSAtLT4mbmJzcDs8L0ZPTlQ+CjwvVEQ+CjwvVFI+CjwvVEFCTEU+PGJyPgqhvqWzpfOl06XLytzIoYydj+rJzMa3ob88YnI+CqH5pbOl86XTpcvK3MihpMukxKSkpMY8YnI+CtF9yv2kzsnMxrek8pd5sPykt6TGvMi2qKTOpbWlpKW6pPKzrKSopL+I9rrPoaKls6XzpdOly8rcyKGkrKTHpK2kyqSvpMqk64j2us+krKS0pLakpKTepLmhozxicj48YnI+CjwhLS0gpLOks6SrpOkgRy1zeXN0ZW0gLS0+CjxkaXYgc3R5bGU9IndpZHRoOjU1MDtvdmVyZmxvdzpoaWRkZW47Ij4KICA8aW1nIHNyYz0iaHR0cDovL3d3dy5yYWt1dGVuLm5lLmpwL2dvbGQvdG95LWRhaXdhL2FzcC8xX3JlYWwvc2lnbmJvYXJkX2ltZy5wbmciIHdpZHRoPSI1NTAiPjxicj4KICA8IS0tIKSzpLOkq6TpIKXqpaLK3CAtLT4KICA8ZGl2IHN0eWxlPSJoZWlnaHQ6MjM1cHg7IG92ZXJmbG93OmhpZGRlbjsgbWFyZ2luOjAgMTBweCAwIDA7IHBhZGRpbmc6MDsgZmxvYXQ6bGVmdDsiPgogICAgCiAgPC9kaXY+CiAgPCEtLSCks6SzpN6kxyCl6qWiytwgLS0+CiAgCjwvZGl2Pgo8YnI+CjwhLS0gpLOks6TepMcgRy1zeXN0ZW0gLS0+CgoKPCEtLSCks6SzpKuk6SCl6qWipbOl4SAtLT4KPGRpdiBzdHlsZT0iaGVpZ2h0OjQwMHB4OyB3aWR0aDo1NTBweDsgb3ZlcmZsb3c6aGlkZGVuOyBtYXJnaW46MDsgcGFkZGluZzowOyBjbGVhcjpib3RoIj4KICA8aW1nIHNyYz0iaHR0cDovL3d3dy5yYWt1dGVuLm5lLmpwL2dvbGQvdG95LWRhaXdhL2FzcC8xX3JlYWxjby9zaWduYm9hcmRfaW1nLnBuZyIgd2lkdGg9IjU1MCI+PGJyIC8+Cgo8L2Rpdj4KPGJyPgoKPCEtLSCks6SzpN6kxyCl6qWipbOl4SAtLT4=,T1VUTEVUM8mrpdGluqXrpemlw6XUpfOlsLK7v8lbw/vI66TsT0tdob5SQ1Chv6G+pbOl86XTpcvK3MihjJ2P6snMxrehv6O6xL7RdaSqpOKkwaTjpM6kwKSkpO8=,T1VUTEVUM8mrpdGluqXrpemlw6XUpfOlsLK7v8lbw/vI66TsT0tdob5SQ1Chv6G+pbOl86XTpcvK3MihjJ2P6snMxrehvw==,paKlpqXIpeylw6XIxrek8qSqgo608qTBgf248aTHpLTM4bmpoaNPVVRMRVQzyaul0aW6peul6aXDpdSl86Wwsru/yVvD+8jrpOxPS12hvlJDUKG/ob6ls6XzpdOly8rcyKGMnY/qyczGt6G/[rn]
40-32923,aHR0cDovL3RzaG9wLnIxMHMuanAvZ29sZC90b3ktZGFpd2EvOTc2MDctcjEuanBnP2ZpdGluPTcwMDo3MDA=,MTY0LjAwMDA=,,pKqk4qTBpOM/pdul06lgP6WyqWCl4CA+IKSqpOKkwaTjID4gpN6k3qS0pMg/pLSkw6Sz31uk06XIpaQgPiCkvaTOy/s=,T1VUTEVUpbWlw6Wvpeql36XLyrOyxKO6yrOl0aXzpemlw6XUpfOlsLK7v8mhvlJDUKG/ob6ls6XzpdOly8rcyKGMnY/qyczGt6G/,paKlpqXIpeylw6XIxrek8qSqgo608qTBgf248aTHpLTM4bmp,PFRBQkxFIEJPUkRFUj0iMCIgV0lEVEg9IjMwMCIgQ0VMTFNQQUNJTkc9IjAiIEJPUkRFUkNPTE9SPSIjNjY2NjY2Ij4KPFRSPgo8VEQgQkdDT0xPUj0iI0ZGRkZGRiIgQUxJR049ImxlZnQiPgo8Rk9OVCBDT0xPUj0iI0JFMUQ3OSIgU0laRT0iMiI+CqHxyczGt9SUvJoKJm5ic3A7PC9GT05UPgo8L1REPgo8L1RSPgo8VFI+CjxURCBCR0NPTE9SPSIjRkZGRkZGIiBBTElHTj0ibGVmdCI+CjxGT05UIENPTE9SPSIjNUY1RjVGIiBTSVpFPSIyIj4KPCEtLSBISVQjI1MgLS0+pa2luqTLpMSkpKTGpM+hosnMxre7rc/xpMukxqS0tF/VSqSvpMCktaSkoaM8YnI+pa+l6qXDpa+kuaTrpMiSiLTzse3KvqS3pN6kuaGjPGJyPgo8YnI+Crutz/HS1M3ipMuk4qGipa2lurXIpKykoqTriPa6z6SspLSktqSkpN6kuaGjPGJyPtPopOGktMHLs9Ckr6TApLWkpKGjPGJyPgo8YnI+Cjxicj4KPGZvbnQgY29sb3I9InJlZCI+CqHxt7XGtz+9u5NRpM+kqsrcpLGkpKS/pLekq6TNpN6kuaGjPEJSPgo8dT4KofGl6aXDpdSl86WwpbWpYKXTpbmkz6SqytyksaTHpK2k3qS7pPOhozwvdT4KPEJSPgqh8butz/Gkx6S0sLjE2qS3pMakpKTr0tTN4qTLpOKhoqWtpbq1yKSspKKk64j2us+krKSipOqk3qS5oaM8QlI+CqHx2Zuk6s7vpMqkyaTLpLWk7KTriPa6z6Gisdikus/gytakzre9pNjreaSipOrJzMa3pMekoqTrysKk8jxCUj4KoaGkqoG7pKjtlKStoaKkqrulpKSky6S0vHu1w6TOyc+ktNmPyOvPwqS1pKShozxCUj4KofGloqWmpcil7KXDpcjGt6THpKKk68rCpPLKvqS5pbepYKXrpPLN4s/kpMvZTqTquLaksaTGpKKk6qTepLmhozxCUj4KofGkvaTOy/uhorWxteqkzra8us+ky6TopOrYnInTpPKkqrbPpOqkuaTriPa6z6SspLSktqSkpN6kuaGjCjwvZm9udD4KPC9GT05UPgo8L1REPgo8L1RSPgo8L1RBQkxFPgo8QlI+CjxCUj4KPFRBQkxFIEJPUkRFUj0iMCIgV0lEVEg9IjMwMCIgQ0VMTFNQQUNJTkc9IjAiIEJPUkRFUkNPTE9SPSIjNjY2NjY2Ij4KPFRSPgo8VEQgQkdDT0xPUj0iI0ZGRkZGRiIgQUxJR049ImxlZnQiPgo8Rk9OVCBDT0xPUj0iI0JFMUQ3OSIgU0laRT0iMiI+CqHxpbWlpKW6P9bYwb8KJm5ic3A7PC9GT05UPgo8L1REPgo8L1RSPgo8VFI+CjxURCBCR0NPTE9SPSIjRkZGRkZGIiBBTElHTj0ibGVmdCI+CjxGT05UIENPTE9SPSIjNUY1RjVGIiBTSVpFPSIyIj4KPCEtLSBISVQjI1MgLS0+NaHBNC43ocEzLjVjbaGhoaG8czUwZzxicj4KCjxicj4KPGJyPgo8aW1nIGJvcmRlcj0iMCIgc3JjPSJodHRwczovL3d3dy5yYWt1dGVuLm5lLmpwL2dvbGQvdG95LWRhaXdhL3RvcC9wb3N0aW5nLmpwZyIgd2lkdGg9IjEwMCUiPgo8IS0tIEhJVCMjRSAtLT4mbmJzcDs8L0ZPTlQ+CjwvVEQ+CjwvVFI+CjwvVEFCTEU+CjxCUj4KPEJSPgo8VEFCTEUgQk9SREVSPSIwIiBXSURUSD0iMzAwIiBDRUxMU1BBQ0lORz0iMCIgQk9SREVSQ09MT1I9IiM2NjY2NjYiPgo8VFI+CjxURCBCR0NPTE9SPSIjRkZGRkZGIiBBTElHTj0ibGVmdCI+CjxGT05UIENPTE9SPSIjQkUxRDc5IiBTSVpFPSIyIj4KofGyxNl8P4ydz/PE6v1oCiZuYnNwOzwvRk9OVD4KPC9URD4KPC9UUj4KPFRSPgo8VEQgQkdDT0xPUj0iI0ZGRkZGRiIgQUxJR049ImxlZnQiPgo8Rk9OVCBDT0xPUj0iIzVGNUY1RiIgU0laRT0iMiI+CjwhLS0gSElUIyNTIC0tPqXWpcqjqIlU17CjqaGhoaEzmnKhqzxicj4KPGZvbnQgY29sb3I9cmVkPqH5pKrX05iUpKy/2qTLyOuk7KTGpOK6pqTOpMqkpIlUwc+k8sq508Okt6TGpKqk6qTepLmhozwvZm9udD4KPGJyPgo8YnI+Cjxmb250IGNvbG9yPSIjNWY1ZjVmIiBzaXplPSIyIj4/yczGt7utz/GkyIxnzu+kzqSqyaukz7bgydnfYKSmiPa6z6SspLSktqSkpN6kuaTOpMektMHLs9Ckr6TApLWkpKGjPGJyPgqkqsq5pKSkzqXHpaOluaXXpeylpKXipculv6lgpM7UT7aopMuk6KTDpMak4smrpM7SiqSot72krK6QpMqk6qTepLmhozxicj4KP8nP05ultaWkpbqkz9RP04uH7aTOtOe3qKTy05vdZKS3pMakqqTqpN6kuaSsoaLD5sihpOqk5MrLyc+ksqTO0dDEpaGiyfquYqXtpcOlyLXIpMeMZ+tIpM7JzMa3pMi24MnZpM7VYLLupKyz9qTriPa6z6SspLSktqSkpN6kuaGjPGJyPgo/zOzIu8vYssSk8rbgpK/KudPDpLekxqSkpOukv6ThoaLEvsS/pOTJq7rPpKS1yKSsu63P8aTIrpCkyqTriPa6z6SspKKk6qTepLmhozxicj4KPGJyPgpNQURFIElOIENISU5BPGJyPgo8YnI+CjwvZm9udD4KPGJyPgoKPElNRyBTUkM9Imh0dHBzOi8vaW1hZ2UucmFrdXRlbi5jby5qcC90b3ktZGFpd2EvY2FiaW5ldC9ibnIyNDB4MTY1XzAxLmdpZiIgQk9SREVSPSIwIj4KPCEtLSBISVQjI0UgLS0+Jm5ic3A7PC9GT05UPgo8L1REPgo8L1RSPgo8L1RBQkxFPgo8YnI+Cjxicj4KPGltZyBib3JkZXI9IjAiIHNyYz0iaHR0cHM6Ly93d3cucmFrdXRlbi5uZS5qcC9nb2xkL3RveS1kYWl3YS90b3AvcG9zdGluZy5qcGciIHdpZHRoPSIxMDAlIj48SU1HIFNSQz0iaHR0cHM6Ly93d3cucmFrdXRlbi5uZS5qcC9nb2xkL3RveS1kYWl3YS90b3AveS1uZy5qcGciIHdpZHRoPSIxMDAlIiBCT1JERVI9IjAiPjxicj48YnI+CqG+pbOl86XTpcvK3MihjJ2P6snMxrehvzxicj4Kofmls6XzpdOly8rcyKGky6TEpKSkxjxicj4K0X3K/aTOyczGt6Tyl3mw/KS3pMa8yLaopM6ltaWkpbqk8rOspKikv4j2us+hoqWzpfOl06XLytzIoaSspMekraTKpK+kyqTriPa6z6SspLSktqSkpN6kuaGjPGJyPjxicj4KPCEtLSCks6SzpKuk6SBHLXN5c3RlbSAtLT4KPGRpdiBzdHlsZT0id2lkdGg6NTUwO292ZXJmbG93OmhpZGRlbjsiPgogIDxpbWcgc3JjPSJodHRwOi8vd3d3LnJha3V0ZW4ubmUuanAvZ29sZC90b3ktZGFpd2EvYXNwLzFfcmVhbC9zaWduYm9hcmRfaW1nLnBuZyIgd2lkdGg9IjU1MCI+PGJyPgogIDwhLS0gpLOks6SrpOkgpeqlosrcIC0tPgogIDxkaXYgc3R5bGU9ImhlaWdodDoyMzVweDsgb3ZlcmZsb3c6aGlkZGVuOyBtYXJnaW46MCAxMHB4IDAgMDsgcGFkZGluZzowOyBmbG9hdDpsZWZ0OyI+CiAgICAKICA8L2Rpdj4KICA8IS0tIKSzpLOk3qTHIKXqpaLK3CAtLT4KICAKPC9kaXY+Cjxicj4KPCEtLSCks6SzpN6kxyBHLXN5c3RlbSAtLT4KCgo8IS0tIKSzpLOkq6TpIKXqpaKls6XhIC0tPgo8ZGl2IHN0eWxlPSJoZWlnaHQ6NDAwcHg7IHdpZHRoOjU1MHB4OyBvdmVyZmxvdzpoaWRkZW47IG1hcmdpbjowOyBwYWRkaW5nOjA7IGNsZWFyOmJvdGgiPgogIDxpbWcgc3JjPSJodHRwOi8vd3d3LnJha3V0ZW4ubmUuanAvZ29sZC90b3ktZGFpd2EvYXNwLzFfcmVhbGNvL3NpZ25ib2FyZF9pbWcucG5nIiB3aWR0aD0iNTUwIj48YnIgLz4KCjwvZGl2Pgo8YnI+Cgo8IS0tIKSzpLOk3qTHIKXqpaKls6XhIC0tPg==,T1VUTEVUpbWlw6Wvpeql36XLyrOyxKO6yrOl0aXzpemlw6XUpfOlsLK7v8mhvlJDUKG/ob6ls6XzpdOly8rcyKGMnY/qyczGt6G/o7rEvtF1pKqk4qTBpOOkzqTApKSk7w==,T1VUTEVUpbWlw6Wvpeql36XLyrOyxKO6yrOl0aXzpemlw6XUpfOlsLK7v8mhvlJDUKG/ob6ls6XzpdOly8rcyKGMnY/qyczGt6G/,paKlpqXIpeylw6XIxrek8qSqgo608qTBgf248aTHpLTM4bmpoaNPVVRMRVSltaXDpa+l6qXfpcvKs7LEo7rKs6XRpfOl6aXDpdSl86Wwsru/yaG+UkNQob+hvqWzpfOl06XLytzIoYydj+rJzMa3ob8=[rn]
40-32924,aHR0cDovL3RzaG9wLnIxMHMuanAva29iZS1iYnNob3AvY2FiaW5ldC8wMjM4NzA5Mi8wMzA1MDM1Ny9pbWc1ODkzMDE2Mi5qcGc/Zml0aW49NzAwOjcwMA==,MjQxOS4yMDAw,,pKqk4qTBpOM/pdul06lgP6WyqWCl4CA+IKSqpOKkwaTjID4g3Ic/64rchz/G+9yHpM6kqqTipMGk4yA+IOuK3Ic/xvvchz+l7Klgpes=,TUlDS0mhoaXIpfOlzaXrNLXjpbulw6XI,ob4xM5VypN6kx6TOpLTXos7EpMe8tMjVsGvLzT+hvw==,PHRhYmxlIHdpZHRoPSIzNTAiIGJnY29sb3I9IiM0MjQwMUIiIGNlbGxzcGFjaW5nPSIxIiBjZWxscGFkZGluZz0iMyI+Cjx0cj4KPHRoIGNvbHNwYW49IjIiIGFsaWduPSJjZW50ZXIiIGJnY29sb3I9IiNGNEM2RUUiPjxiPjxmb250IGNvbG9yPSIjNTY1MTJEIj7JzMa31JS8mjwvZm9udD48L2I+PC90aD4KPC90cj4KPHRyPjx0aCBhbGlnbj0iY2VudGVyIiBiZ2NvbG9yPSIjQzRGOUE5Ij48Zm9udCBzaXplPSIyIiBjb2xvcj0iIzYwNUIzNCI+U0laRTwvZm9udD48L3RoPgo8dGQgYmdjb2xvcj0iI0ZDRkNBRSI+PGZvbnQgc2l6ZT0iMiIgY29sb3I9IiM0NzNGMTQiPgoxM2NtTAo8dHI+PHRoIGFsaWduPSJjZW50ZXIiIGJnY29sb3I9IiNDNEY5QTkiPjxmb250IHNpemU9IjIiIGNvbG9yPSIjNjA1QjM0Ij5NQVRFUklBTDwvZm9udD48L3RoPgo8dGQgYmdjb2xvcj0iI0ZDRkNBRSI+PGZvbnQgc2l6ZT0iMiIgY29sb3I9IiM0NzNGMTQiPgrEvtF1Cjx0cj48dGggYWxpZ249ImNlbnRlciIgYmdjb2xvcj0iI0M0RjlBOSI+PGZvbnQgc2l6ZT0iMiIgY29sb3I9IiM2MDVCMzQiPkNPTU1FTlQ8L2ZvbnQ+PC90aD4KPHRkIGJnY29sb3I9IiNGQ0ZDQUUiPjxmb250IHNpemU9IjIiIGNvbG9yPSIjNDczRjE0Ij4KTUlDS0mkzsb73Ielu6XDpcikrMjVsb6ky8C0pMakq6TpMzDT4MTqoaM8YnI+PGJyPgqVcrT6pM7B96TspKyJ5KTvpMOkxqTioaKJ9NbQpMfG+9yHpPLX36TppLuk66Gi19OkyaTi31+kztfLpMuJ5KTvpOqkz6SipOqk3qS7pPOhozxicj48YnI+CqW3pfOl16XrpMqlx6W2paSl86TApKuk6aSzpL2hotfTpMmk4qS/pMGkz6XsqWCl66Ty19TTyaTLvU2k86THv9XP66TOysC956TLw7vuXqS3oaLX1LfWpM6a3bPWpMGk8sb73Ieky9OapLekxtffpOmku6TepLmho6XqpaKl66THxcnK1qTKpdGpYKXEpLOkvaSipOqk3qS7pPOkrKGipeypYKXr31uk06TO1K2146TypLqkw6TIxL/WuKS3pMakraS/TUlDS0nJ56GjPGJyPjxicj4KpLOkzsb73Ielu6XDpcikrOlMxOrJ+qStstCkw6TGpK2kv6TOpOKhot9bpNOxvsC0pM7S4sF4pPK088fQpMvK2KTDpMakraS/pKuk6aTHpLek56SmoaMKPC9mb250PjwvdGQ+PC90cj4KPC90YWJsZT48YnI+CjxpbWcgc3JjPSJodHRwczovL2ltYWdlLnJha3V0ZW4uY28uanAva29iZS1iYnNob3AvY2FiaW5ldC8wMjQwMDE5My9pbWc1NzgxNDI2Ni5qcGciPjxQPjxGT05UIGNvbG9yPSIjZmYwMDAwIiBzaXplPSIyIj6h+aGhtbG16qTO1NqO7KTPoaKMZ7XqxW6kyJhTzOy16qTHubLT0KS3pMakqqTqpN6kuaGjPEJSPgqhoaGhjGe16sVupMeJ06Tsx9Ck7KTGpLek3qTDpL+I9rrPpM+hotTnvLGky99CvWqktaS7pMY8YnI+oaGhoaSkpL+kwKStpN6kuaGjpKKk6aSrpLik4aS0wcuz0KSvpMCktaSkpN6ku6GjPC9GT05UPjwvUD4KPHRhYmxlIGJvcmRlcj0iMCIgY2VsbHNwYWNpbmc9IjAiIGNlbGxwYWRkaW5nPSIyIj4KPHRyIHZhbGlnbj0idG9wIj4KPHRkIG5vd3JhcD6lrqXVpciMnY/qPC90ZD4KPHRkPgo8aW1nIHNyYz0iaHR0cHM6Ly9pbWFnZS5yYWt1dGVuLmNvLmpwL2tvYmUtYmJzaG9wL2NhYmluZXQvMDI0MDAxOTMvMDMxMzM5OTEvaW1nNTkyMDIzNzUuZ2lmIiBhbHQ9IqXppcOl1KXzpbDfeJJrv8kiIHdpZHRoPSIxMDAiCmhlaWdodD0iMjEiIGhzcGFjZT0iMSI+CjxpbWcgc3JjPSJodHRwczovL2ltYWdlLnJha3V0ZW4uY28uanAva29iZS1iYnNob3AvY2FiaW5ldC8wMjQwMDE5My8wMzEzMzk5MS9pbWc1OTIwMjM3MS5naWYiIGFsdD0ipM6kt9Obw/u/ySIgd2lkdGg9IjEwMCIgaGVpZ2h0PSIyMSIKaHNwYWNlPSIxIj4KPC90ZD4KPC90cj4KPC90YWJsZT48c3R5bGU+Ci8q2UmkpM7vpaultKXcpb+l8yovCiNyYWt1dGVuTGltaXRlZElkX2Fyb3VuZENhcnQgaW5wdXQgewogIHdpZHRoOiAyNTFweDsKICBoZWlnaHQ6IDUxcHg7CiAgYmFja2dyb3VuZDp1cmwoaHR0cDovL2ltYWdlLnJha3V0ZW4uY28uanAva29iZS1iYnNob3AvY2FiaW5ldC8wMjQwMDE5My9rYWltb25vY2Fnby5naWYpICNmY2ZjZmMgbm8tcmVwZWF0OwogIG92ZXJmbG93OiBoaWRkZW47CiAgYm9yZGVyLXdpZHRoOiAwcHg7CiAgY3Vyc29yOiBwb2ludGVyICFpbXBvcnRhbnQ7CiAgdGV4dC1pbmRlbnQ6IDE1MCU7CiAgd2hpdGUtc3BhY2U6IG5vd3JhcDsKICBtYXJnaW46IDVweCAwIDAgMDsKfQoKCi8qgoDK/cjrwaYqLwojcmFrdXRlbkxpbWl0ZWRJZF9hcm91bmRDYXJ0IGlucHV0I3VuaXRzIHsKICBib3JkZXI6c29saWQgI2NjYyAxcHg7CiAgYmFja2dyb3VuZDojZmZmIWltcG9ydGFudDsKICB3aWR0aDo1MHB4OwogIGhlaWdodDo1MHB4OwogIGN1cnNvcjphdXRvOwogIHBhZGRpbmc6N3B4IDdweCA3cHggM3B4OwogIHRleHQtaW5kZW50OiAwcHg7CiAgb3ZlcmZsb3c6IGhpZGRlbjsKfQoKCi8qpKqGlqSkus+k76S7pdylv6XzKi8KI3Jha3V0ZW5MaW1pdGVkSWRfYXJvdW5kQ2FydCBmb250IGlucHV0IHsKICB3aWR0aDogMzAxcHg7CiAgaGVpZ2h0OiAzMXB4OwogIGJhY2tncm91bmQ6dXJsKGh0dHBzOi8vaW1hZ2UucmFrdXRlbi5jby5qcC9rb2JlLWJic2hvcC9jYWJpbmV0LzAyNDAwMTkzL2ltZ3JjMDA2MjUzODYxOC5naWYpICNmY2ZjZmMgbm8tcmVwZWF0OwogIG92ZXJmbG93OiBoaWRkZW47CiAgYm9yZGVyLXdpZHRoOiAwcHg7CiAgY3Vyc29yOiBwb2ludGVyOwogIGRpc3BsYXk6IGJsb2NrOwp9CgoKI3Jha3V0ZW5MaW1pdGVkSWRfYXJvdW5kQ2FydCAjc2VydmljZVRhYmxlU21sIHRkLmZhdm9yaXRlIHsKd2lkdGg6IDMwMHB4ICFpbXBvcnRhbnQ7Cn0KPC9zdHlsZT4KCgo8cD48YnI+CjwvcD4=,TUlDS0mhoaXIpfOlzaXrNLXjpbulw6XIo7rEvqTOpKqk4qTBpOOjwqOuo8KjrqPTo8ijz6PQ,xL6kzqSqpOKkwaTjpKqk4qTBpOOkxKTfpK2ks6TJpOKl16Xspbyl86XIpKqkt6TjpNak6rPgpMGk46Tzs/auYtejpKSl2aXTqWDEvtF1zea+382vvt/wXtaq0/3N5r7fpc2l1W5lYWalz6XQSEFCQUxhUaXppa2l5alg2Zuk6s7vpdypYKXrTUlDS0mhoaXIpfOlzaXrNLXjpbulw6XI,ob4xM5VypN6kx6TOpLTXos7EpMe8tMjVsGvLzT+hv6GjTUlDS0mhoaXIpfOlzaXrNLXjpbulw6XI[rn]
40-32925,aHR0cDovL3RzaG9wLnIxMHMuanAva29iZS1iYnNob3AvY2FiaW5ldC8wMjM4NzA5Mi8wMzA1MDM1Ny9pbWc1ODkzMDE4Mi5qcGc/Zml0aW49NzAwOjcwMA==,NDY2NS42MDAw,,pKqk4qTBpOM/pdul06lgP6WyqWCl4CA+IKSqpOKkwaTjID4g3Ic/64rchz/G+9yHpM6kqqTipMGk4yA+IOuK3Ic/xvvchz+l7Klgpes=,TUlDS0mhoaWopfOluKXzpc+lpqW5,ob4xM5VypN6kx6TOpLTXos7EpMe8tMjVsGvLzT+hvw==,PHRhYmxlIHdpZHRoPSIzNTAiIGJnY29sb3I9IiM0MjQwMUIiIGNlbGxzcGFjaW5nPSIxIiBjZWxscGFkZGluZz0iMyI+Cjx0cj4KPHRoIGNvbHNwYW49IjIiIGFsaWduPSJjZW50ZXIiIGJnY29sb3I9IiNGNEM2RUUiPjxiPjxmb250IGNvbG9yPSIjNTY1MTJEIj7JzMa31JS8mjwvZm9udD48L2I+PC90aD4KPC90cj4KPHRyPjx0aCBhbGlnbj0iY2VudGVyIiBiZ2NvbG9yPSIjQzRGOUE5Ij48Zm9udCBzaXplPSIyIiBjb2xvcj0iIzYwNUIzNCI+U0laRTwvZm9udD48L3RoPgo8dGQgYmdjb2xvcj0iI0ZDRkNBRSI+PGZvbnQgc2l6ZT0iMiIgY29sb3I9IiM0NzNGMTQiPgozMGNtTAo8dHI+PHRoIGFsaWduPSJjZW50ZXIiIGJnY29sb3I9IiNDNEY5QTkiPjxmb250IHNpemU9IjIiIGNvbG9yPSIjNjA1QjM0Ij5NQVRFUklBTDwvZm9udD48L3RoPgo8dGQgYmdjb2xvcj0iI0ZDRkNBRSI+PGZvbnQgc2l6ZT0iMiIgY29sb3I9IiM0NzNGMTQiPgrEvtF1Cjx0cj48dGggYWxpZ249ImNlbnRlciIgYmdjb2xvcj0iI0M0RjlBOSI+PGZvbnQgc2l6ZT0iMiIgY29sb3I9IiM2MDVCMzQiPkNPTU1FTlQ8L2ZvbnQ+PC90aD4KPHRkIGJnY29sb3I9IiNGQ0ZDQUUiPjxmb250IHNpemU9IjIiIGNvbG9yPSIjNDczRjE0Ij4KTUlDS0mkzsb73Ielu6XDpcikrMjVsb6ky8C0pMakq6TpMzDT4MTqoaM8YnI+PGJyPgqVcrT6pM7B96TspKyJ5KTvpMOkxqTioaKJ9NbQpMfG+9yHpPLX36TppLuk66Gi19OkyaTi31+kztfLpMuJ5KTvpOqkz6SipOqk3qS7pPOhozxicj48YnI+CqW3pfOl16XrpMqlx6W2paSl86TApKuk6aSzpL2hotfTpMmk4qS/pMGkz6XsqWCl66Ty19TTyaTLvU2k86THv9XP66TOysC956TLw7vuXqS3oaLX1LfWpM6a3bPWpMGk8sb73Ieky9OapLekxtffpOmku6TepLmho6XqpaKl66THxcnK1qTKpdGpYKXEpLOkvaSipOqk3qS7pPOkrKGipeypYKXr31uk06TO1K2146TypLqkw6TIxL/WuKS3pMakraS/TUlDS0nJ56GjPGJyPjxicj4KpLOkzsb73Ielu6XDpcikrOlMxOrJ+qStstCkw6TGpK2kv6TOpOKhot9bpNOxvsC0pM7S4sF4pPK088fQpMvK2KTDpMakraS/pKuk6aTHpLek56SmoaMKPC9mb250PjwvdGQ+PC90cj4KPC90YWJsZT48YnI+CjxpbWcgc3JjPSJodHRwczovL2ltYWdlLnJha3V0ZW4uY28uanAva29iZS1iYnNob3AvY2FiaW5ldC8wMjQwMDE5My9pbWc1NzgxNDI2Ni5qcGciPjxQPjxGT05UIGNvbG9yPSIjZmYwMDAwIiBzaXplPSIyIj6h+aGhtbG16qTO1NqO7KTPoaKMZ7XqxW6kyJhTzOy16qTHubLT0KS3pMakqqTqpN6kuaGjPEJSPgqhoaGhjGe16sVupMeJ06Tsx9Ck7KTGpLek3qTDpL+I9rrPpM+hotTnvLGky99CvWqktaS7pMY8YnI+oaGhoaSkpL+kwKStpN6kuaGjpKKk6aSrpLik4aS0wcuz0KSvpMCktaSkpN6ku6GjPC9GT05UPjwvUD4KPHRhYmxlIGJvcmRlcj0iMCIgY2VsbHNwYWNpbmc9IjAiIGNlbGxwYWRkaW5nPSIyIj4KPHRyIHZhbGlnbj0idG9wIj4KPHRkIG5vd3JhcD6lrqXVpciMnY/qPC90ZD4KPHRkPgo8aW1nIHNyYz0iaHR0cHM6Ly9pbWFnZS5yYWt1dGVuLmNvLmpwL2tvYmUtYmJzaG9wL2NhYmluZXQvMDI0MDAxOTMvMDMxMzM5OTEvaW1nNTkyMDIzNzUuZ2lmIiBhbHQ9IqXppcOl1KXzpbDfeJJrv8kiIHdpZHRoPSIxMDAiCmhlaWdodD0iMjEiIGhzcGFjZT0iMSI+CjxpbWcgc3JjPSJodHRwczovL2ltYWdlLnJha3V0ZW4uY28uanAva29iZS1iYnNob3AvY2FiaW5ldC8wMjQwMDE5My8wMzEzMzk5MS9pbWc1OTIwMjM3MS5naWYiIGFsdD0ipM6kt9Obw/u/ySIgd2lkdGg9IjEwMCIgaGVpZ2h0PSIyMSIKaHNwYWNlPSIxIj4KPC90ZD4KPC90cj4KPC90YWJsZT48c3R5bGU+Ci8q2UmkpM7vpaultKXcpb+l8yovCiNyYWt1dGVuTGltaXRlZElkX2Fyb3VuZENhcnQgaW5wdXQgewogIHdpZHRoOiAyNTFweDsKICBoZWlnaHQ6IDUxcHg7CiAgYmFja2dyb3VuZDp1cmwoaHR0cDovL2ltYWdlLnJha3V0ZW4uY28uanAva29iZS1iYnNob3AvY2FiaW5ldC8wMjQwMDE5My9rYWltb25vY2Fnby5naWYpICNmY2ZjZmMgbm8tcmVwZWF0OwogIG92ZXJmbG93OiBoaWRkZW47CiAgYm9yZGVyLXdpZHRoOiAwcHg7CiAgY3Vyc29yOiBwb2ludGVyICFpbXBvcnRhbnQ7CiAgdGV4dC1pbmRlbnQ6IDE1MCU7CiAgd2hpdGUtc3BhY2U6IG5vd3JhcDsKICBtYXJnaW46IDVweCAwIDAgMDsKfQoKCi8qgoDK/cjrwaYqLwojcmFrdXRlbkxpbWl0ZWRJZF9hcm91bmRDYXJ0IGlucHV0I3VuaXRzIHsKICBib3JkZXI6c29saWQgI2NjYyAxcHg7CiAgYmFja2dyb3VuZDojZmZmIWltcG9ydGFudDsKICB3aWR0aDo1MHB4OwogIGhlaWdodDo1MHB4OwogIGN1cnNvcjphdXRvOwogIHBhZGRpbmc6N3B4IDdweCA3cHggM3B4OwogIHRleHQtaW5kZW50OiAwcHg7CiAgb3ZlcmZsb3c6IGhpZGRlbjsKfQoKCi8qpKqGlqSkus+k76S7pdylv6XzKi8KI3Jha3V0ZW5MaW1pdGVkSWRfYXJvdW5kQ2FydCBmb250IGlucHV0IHsKICB3aWR0aDogMzAxcHg7CiAgaGVpZ2h0OiAzMXB4OwogIGJhY2tncm91bmQ6dXJsKGh0dHBzOi8vaW1hZ2UucmFrdXRlbi5jby5qcC9rb2JlLWJic2hvcC9jYWJpbmV0LzAyNDAwMTkzL2ltZ3JjMDA2MjUzODYxOC5naWYpICNmY2ZjZmMgbm8tcmVwZWF0OwogIG92ZXJmbG93OiBoaWRkZW47CiAgYm9yZGVyLXdpZHRoOiAwcHg7CiAgY3Vyc29yOiBwb2ludGVyOwogIGRpc3BsYXk6IGJsb2NrOwp9CgoKI3Jha3V0ZW5MaW1pdGVkSWRfYXJvdW5kQ2FydCAjc2VydmljZVRhYmxlU21sIHRkLmZhdm9yaXRlIHsKd2lkdGg6IDMwMHB4ICFpbXBvcnRhbnQ7Cn0KPC9zdHlsZT4KCgo8cD48YnI+CjwvcD4=,TUlDS0mhoaWopfOluKXzpc+lpqW5o7rEvqTOpKqk4qTBpOOjwqOuo8KjrqPTo8ijz6PQ,xL6kzqSqpOKkwaTjpKqk4qTBpOOkxKTfpK2ks6TJpOKl16Xspbyl86XIpKqkt6TjpNak6rPgpMGk46Tzs/auYtejpKSl2aXTqWDEvtF1zea+382vvt/wXtaq0/3N5r7fpc2l1W5lYWalz6XQSEFCQUxhUaXppa2l5alg2Zuk6s7vpdypYKXrTUlDS0mhoaWopfOluKXzpc+lpqW5,ob4xM5VypN6kx6TOpLTXos7EpMe8tMjVsGvLzT+hv6GjTUlDS0mhoaWopfOluKXzpc+lpqW5[rn]
40-32926,aHR0cDovL3RzaG9wLnIxMHMuanAva29iZS1iYnNob3AvY2FiaW5ldC8wMjM4NzA5Mi8wMzA1MDM1Ny9pbWc1ODkzMDE1OC5qcGc/Zml0aW49NzAwOjcwMA==,Mjc2NC44MDAw,,pKqk4qTBpOM/pdul06lgP6WyqWCl4CA+IKSqpOKkwaTjID4g3Ic/64rchz/G+9yHpM6kqqTipMGk4yA+IOuK3Ic/xvvchz+l7Klgpes=,TUlDS0mhofFrpMiBXL/N,ob4xM5VypN6kx6TOpLTXos7EpMe8tMjVsGvLzT+hvw==,PHRhYmxlIHdpZHRoPSIzNTAiIGJnY29sb3I9IiM0MjQwMUIiIGNlbGxzcGFjaW5nPSIxIiBjZWxscGFkZGluZz0iMyI+Cjx0cj4KPHRoIGNvbHNwYW49IjIiIGFsaWduPSJjZW50ZXIiIGJnY29sb3I9IiNGNEM2RUUiPjxiPjxmb250IGNvbG9yPSIjNTY1MTJEIj7JzMa31JS8mjwvZm9udD48L2I+PC90aD4KPC90cj4KPHRyPjx0aCBhbGlnbj0iY2VudGVyIiBiZ2NvbG9yPSIjQzRGOUE5Ij48Zm9udCBzaXplPSIyIiBjb2xvcj0iIzYwNUIzNCI+U0laRTwvZm9udD48L3RoPgo8dGQgYmdjb2xvcj0iI0ZDRkNBRSI+PGZvbnQgc2l6ZT0iMiIgY29sb3I9IiM0NzNGMTQiPgoyMGNtTAo8dHI+PHRoIGFsaWduPSJjZW50ZXIiIGJnY29sb3I9IiNDNEY5QTkiPjxmb250IHNpemU9IjIiIGNvbG9yPSIjNjA1QjM0Ij5NQVRFUklBTDwvZm9udD48L3RoPgo8dGQgYmdjb2xvcj0iI0ZDRkNBRSI+PGZvbnQgc2l6ZT0iMiIgY29sb3I9IiM0NzNGMTQiPgrEvtF1Cjx0cj48dGggYWxpZ249ImNlbnRlciIgYmdjb2xvcj0iI0M0RjlBOSI+PGZvbnQgc2l6ZT0iMiIgY29sb3I9IiM2MDVCMzQiPkNPTU1FTlQ8L2ZvbnQ+PC90aD4KPHRkIGJnY29sb3I9IiNGQ0ZDQUUiPjxmb250IHNpemU9IjIiIGNvbG9yPSIjNDczRjE0Ij4KTUlDS0mkzsb73Ielu6XDpcikrMjVsb6ky8C0pMakq6TpMzDT4MTqoaM8YnI+PGJyPgqVcrT6pM7B96TspKyJ5KTvpMOkxqTioaKJ9NbQpMfG+9yHpPLX36TppLuk66Gi19OkyaTi31+kztfLpMuJ5KTvpOqkz6SipOqk3qS7pPOhozxicj48YnI+CqW3pfOl16XrpMqlx6W2paSl86TApKuk6aSzpL2hotfTpMmk4qS/pMGkz6XsqWCl66Ty19TTyaTLvU2k86THv9XP66TOysC956TLw7vuXqS3oaLX1LfWpM6a3bPWpMGk8sb73Ieky9OapLekxtffpOmku6TepLmho6XqpaKl66THxcnK1qTKpdGpYKXEpLOkvaSipOqk3qS7pPOkrKGipeypYKXr31uk06TO1K2146TypLqkw6TIxL/WuKS3pMakraS/TUlDS0nJ56GjPGJyPjxicj4KpLOkzsb73Ielu6XDpcikrOlMxOrJ+qStstCkw6TGpK2kv6TOpOKhot9bpNOxvsC0pM7S4sF4pPK088fQpMvK2KTDpMakraS/pKuk6aTHpLek56SmoaMKPC9mb250PjwvdGQ+PC90cj4KPC90YWJsZT48YnI+CjxpbWcgc3JjPSJodHRwczovL2ltYWdlLnJha3V0ZW4uY28uanAva29iZS1iYnNob3AvY2FiaW5ldC8wMjQwMDE5My9pbWc1NzgxNDI2Ni5qcGciPjxQPjxGT05UIGNvbG9yPSIjZmYwMDAwIiBzaXplPSIyIj6h+aGhtbG16qTO1NqO7KTPoaKMZ7XqxW6kyJhTzOy16qTHubLT0KS3pMakqqTqpN6kuaGjPEJSPgqhoaGhjGe16sVupMeJ06Tsx9Ck7KTGpLek3qTDpL+I9rrPpM+hotTnvLGky99CvWqktaS7pMY8YnI+oaGhoaSkpL+kwKStpN6kuaGjpKKk6aSrpLik4aS0wcuz0KSvpMCktaSkpN6ku6GjPC9GT05UPjwvUD4KPHRhYmxlIGJvcmRlcj0iMCIgY2VsbHNwYWNpbmc9IjAiIGNlbGxwYWRkaW5nPSIyIj4KPHRyIHZhbGlnbj0idG9wIj4KPHRkIG5vd3JhcD6lrqXVpciMnY/qPC90ZD4KPHRkPgo8aW1nIHNyYz0iaHR0cHM6Ly9pbWFnZS5yYWt1dGVuLmNvLmpwL2tvYmUtYmJzaG9wL2NhYmluZXQvMDI0MDAxOTMvMDMxMzM5OTEvaW1nNTkyMDIzNzUuZ2lmIiBhbHQ9IqXppcOl1KXzpbDfeJJrv8kiIHdpZHRoPSIxMDAiCmhlaWdodD0iMjEiIGhzcGFjZT0iMSI+CjxpbWcgc3JjPSJodHRwczovL2ltYWdlLnJha3V0ZW4uY28uanAva29iZS1iYnNob3AvY2FiaW5ldC8wMjQwMDE5My8wMzEzMzk5MS9pbWc1OTIwMjM3MS5naWYiIGFsdD0ipM6kt9Obw/u/ySIgd2lkdGg9IjEwMCIgaGVpZ2h0PSIyMSIKaHNwYWNlPSIxIj4KPC90ZD4KPC90cj4KPC90YWJsZT48c3R5bGU+Ci8q2UmkpM7vpaultKXcpb+l8yovCiNyYWt1dGVuTGltaXRlZElkX2Fyb3VuZENhcnQgaW5wdXQgewogIHdpZHRoOiAyNTFweDsKICBoZWlnaHQ6IDUxcHg7CiAgYmFja2dyb3VuZDp1cmwoaHR0cDovL2ltYWdlLnJha3V0ZW4uY28uanAva29iZS1iYnNob3AvY2FiaW5ldC8wMjQwMDE5My9rYWltb25vY2Fnby5naWYpICNmY2ZjZmMgbm8tcmVwZWF0OwogIG92ZXJmbG93OiBoaWRkZW47CiAgYm9yZGVyLXdpZHRoOiAwcHg7CiAgY3Vyc29yOiBwb2ludGVyICFpbXBvcnRhbnQ7CiAgdGV4dC1pbmRlbnQ6IDE1MCU7CiAgd2hpdGUtc3BhY2U6IG5vd3JhcDsKICBtYXJnaW46IDVweCAwIDAgMDsKfQoKCi8qgoDK/cjrwaYqLwojcmFrdXRlbkxpbWl0ZWRJZF9hcm91bmRDYXJ0IGlucHV0I3VuaXRzIHsKICBib3JkZXI6c29saWQgI2NjYyAxcHg7CiAgYmFja2dyb3VuZDojZmZmIWltcG9ydGFudDsKICB3aWR0aDo1MHB4OwogIGhlaWdodDo1MHB4OwogIGN1cnNvcjphdXRvOwogIHBhZGRpbmc6N3B4IDdweCA3cHggM3B4OwogIHRleHQtaW5kZW50OiAwcHg7CiAgb3ZlcmZsb3c6IGhpZGRlbjsKfQoKCi8qpKqGlqSkus+k76S7pdylv6XzKi8KI3Jha3V0ZW5MaW1pdGVkSWRfYXJvdW5kQ2FydCBmb250IGlucHV0IHsKICB3aWR0aDogMzAxcHg7CiAgaGVpZ2h0OiAzMXB4OwogIGJhY2tncm91bmQ6dXJsKGh0dHBzOi8vaW1hZ2UucmFrdXRlbi5jby5qcC9rb2JlLWJic2hvcC9jYWJpbmV0LzAyNDAwMTkzL2ltZ3JjMDA2MjUzODYxOC5naWYpICNmY2ZjZmMgbm8tcmVwZWF0OwogIG92ZXJmbG93OiBoaWRkZW47CiAgYm9yZGVyLXdpZHRoOiAwcHg7CiAgY3Vyc29yOiBwb2ludGVyOwogIGRpc3BsYXk6IGJsb2NrOwp9CgoKI3Jha3V0ZW5MaW1pdGVkSWRfYXJvdW5kQ2FydCAjc2VydmljZVRhYmxlU21sIHRkLmZhdm9yaXRlIHsKd2lkdGg6IDMwMHB4ICFpbXBvcnRhbnQ7Cn0KPC9zdHlsZT4KCgo8cD48YnI+CjwvcD4=,TUlDS0mhofFrpMiBXL/No7rEvqTOpKqk4qTBpOOjwqOuo8KjrqPTo8ijz6PQ,xL6kzqSqpOKkwaTjpKqk4qTBpOOkxKTfpK2ks6TJpOKl16Xspbyl86XIpKqkt6TjpNak6rPgpMGk46Tzs/auYtejpKSl2aXTqWDEvtF1zea+382vvt/wXtaq0/3N5r7fpc2l1W5lYWalz6XQSEFCQUxhUaXppa2l5alg2Zuk6s7vpdypYKXrTUlDS0mhofFrpMiBXL/N,ob4xM5VypN6kx6TOpLTXos7EpMe8tMjVsGvLzT+hv6GjTUlDS0mhofFrpMiBXL/N[rn]
40-32927,aHR0cDovL3RzaG9wLnIxMHMuanAva29iZS1iYnNob3AvY2FiaW5ldC8wMjM4NzA5Mi8wMzA1MDM1Ny9pbWc1ODkzMDE5Ny5qcGc/Zml0aW49NzAwOjcwMA==,MTkwMC44MDAw,,pKqk4qTBpOM/pdul06lgP6WyqWCl4CA+IKSqpOKkwaTjID4g3Ic/64rchz/G+9yHpM6kqqTipMGk4yA+IOuK3Ic/xvvchz+l7Klgpes=,TUlDS0mhoaXsqWCl66Wvpe2luUKhoTKxvg==,ob4xM5VypN6kx6TOpLTXos7EpMe8tMjVsGvLzT+hvw==,PHRhYmxlIHdpZHRoPSIzNTAiIGJnY29sb3I9IiM0MjQwMUIiIGNlbGxzcGFjaW5nPSIxIiBjZWxscGFkZGluZz0iMyI+Cjx0cj4KPHRoIGNvbHNwYW49IjIiIGFsaWduPSJjZW50ZXIiIGJnY29sb3I9IiNGNEM2RUUiPjxiPjxmb250IGNvbG9yPSIjNTY1MTJEIj7JzMa31JS8mjwvZm9udD48L2I+PC90aD4KPC90cj4KPHRyPjx0aCBhbGlnbj0iY2VudGVyIiBiZ2NvbG9yPSIjQzRGOUE5Ij48Zm9udCBzaXplPSIyIiBjb2xvcj0iIzYwNUIzNCI+U0laRTwvZm9udD48L3RoPgo8dGQgYmdjb2xvcj0iI0ZDRkNBRSI+PGZvbnQgc2l6ZT0iMiIgY29sb3I9IiM0NzNGMTQiPgoxNWNtTAo8dHI+PHRoIGFsaWduPSJjZW50ZXIiIGJnY29sb3I9IiNDNEY5QTkiPjxmb250IHNpemU9IjIiIGNvbG9yPSIjNjA1QjM0Ij5NQVRFUklBTDwvZm9udD48L3RoPgo8dGQgYmdjb2xvcj0iI0ZDRkNBRSI+PGZvbnQgc2l6ZT0iMiIgY29sb3I9IiM0NzNGMTQiPgrEvtF1Cjx0cj48dGggYWxpZ249ImNlbnRlciIgYmdjb2xvcj0iI0M0RjlBOSI+PGZvbnQgc2l6ZT0iMiIgY29sb3I9IiM2MDVCMzQiPkNPTU1FTlQ8L2ZvbnQ+PC90aD4KPHRkIGJnY29sb3I9IiNGQ0ZDQUUiPjxmb250IHNpemU9IjIiIGNvbG9yPSIjNDczRjE0Ij4KTUlDS0mkzsb73Ielu6XDpcikrMjVsb6ky8C0pMakq6TpMzDT4MTqoaM8YnI+PGJyPgqVcrT6pM7B96TspKyJ5KTvpMOkxqTioaKJ9NbQpMfG+9yHpPLX36TppLuk66Gi19OkyaTi31+kztfLpMuJ5KTvpOqkz6SipOqk3qS7pPOhozxicj48YnI+CqW3pfOl16XrpMqlx6W2paSl86TApKuk6aSzpL2hotfTpMmk4qS/pMGkz6XsqWCl66Ty19TTyaTLvU2k86THv9XP66TOysC956TLw7vuXqS3oaLX1LfWpM6a3bPWpMGk8sb73Ieky9OapLekxtffpOmku6TepLmho6XqpaKl66THxcnK1qTKpdGpYKXEpLOkvaSipOqk3qS7pPOkrKGipeypYKXr31uk06TO1K2146TypLqkw6TIxL/WuKS3pMakraS/TUlDS0nJ56GjPGJyPjxicj4KpLOkzsb73Ielu6XDpcikrOlMxOrJ+qStstCkw6TGpK2kv6TOpOKhot9bpNOxvsC0pM7S4sF4pPK088fQpMvK2KTDpMakraS/pKuk6aTHpLek56SmoaMKPC9mb250PjwvdGQ+PC90cj4KPC90YWJsZT48YnI+CjxpbWcgc3JjPSJodHRwczovL2ltYWdlLnJha3V0ZW4uY28uanAva29iZS1iYnNob3AvY2FiaW5ldC8wMjQwMDE5My9pbWc1NzgxNDI2Ni5qcGciPjxQPjxGT05UIGNvbG9yPSIjZmYwMDAwIiBzaXplPSIyIj6h+aGhtbG16qTO1NqO7KTPoaKMZ7XqxW6kyJhTzOy16qTHubLT0KS3pMakqqTqpN6kuaGjPEJSPgqhoaGhjGe16sVupMeJ06Tsx9Ck7KTGpLek3qTDpL+I9rrPpM+hotTnvLGky99CvWqktaS7pMY8YnI+oaGhoaSkpL+kwKStpN6kuaGjpKKk6aSrpLik4aS0wcuz0KSvpMCktaSkpN6ku6GjPC9GT05UPjwvUD4KPHRhYmxlIGJvcmRlcj0iMCIgY2VsbHNwYWNpbmc9IjAiIGNlbGxwYWRkaW5nPSIyIj4KPHRyIHZhbGlnbj0idG9wIj4KPHRkIG5vd3JhcD6lrqXVpciMnY/qPC90ZD4KPHRkPgo8aW1nIHNyYz0iaHR0cHM6Ly9pbWFnZS5yYWt1dGVuLmNvLmpwL2tvYmUtYmJzaG9wL2NhYmluZXQvMDI0MDAxOTMvMDMxMzM5OTEvaW1nNTkyMDIzNzUuZ2lmIiBhbHQ9IqXppcOl1KXzpbDfeJJrv8kiIHdpZHRoPSIxMDAiCmhlaWdodD0iMjEiIGhzcGFjZT0iMSI+CjxpbWcgc3JjPSJodHRwczovL2ltYWdlLnJha3V0ZW4uY28uanAva29iZS1iYnNob3AvY2FiaW5ldC8wMjQwMDE5My8wMzEzMzk5MS9pbWc1OTIwMjM3MS5naWYiIGFsdD0ipM6kt9Obw/u/ySIgd2lkdGg9IjEwMCIgaGVpZ2h0PSIyMSIKaHNwYWNlPSIxIj4KPC90ZD4KPC90cj4KPC90YWJsZT48c3R5bGU+Ci8q2UmkpM7vpaultKXcpb+l8yovCiNyYWt1dGVuTGltaXRlZElkX2Fyb3VuZENhcnQgaW5wdXQgewogIHdpZHRoOiAyNTFweDsKICBoZWlnaHQ6IDUxcHg7CiAgYmFja2dyb3VuZDp1cmwoaHR0cDovL2ltYWdlLnJha3V0ZW4uY28uanAva29iZS1iYnNob3AvY2FiaW5ldC8wMjQwMDE5My9rYWltb25vY2Fnby5naWYpICNmY2ZjZmMgbm8tcmVwZWF0OwogIG92ZXJmbG93OiBoaWRkZW47CiAgYm9yZGVyLXdpZHRoOiAwcHg7CiAgY3Vyc29yOiBwb2ludGVyICFpbXBvcnRhbnQ7CiAgdGV4dC1pbmRlbnQ6IDE1MCU7CiAgd2hpdGUtc3BhY2U6IG5vd3JhcDsKICBtYXJnaW46IDVweCAwIDAgMDsKfQoKCi8qgoDK/cjrwaYqLwojcmFrdXRlbkxpbWl0ZWRJZF9hcm91bmRDYXJ0IGlucHV0I3VuaXRzIHsKICBib3JkZXI6c29saWQgI2NjYyAxcHg7CiAgYmFja2dyb3VuZDojZmZmIWltcG9ydGFudDsKICB3aWR0aDo1MHB4OwogIGhlaWdodDo1MHB4OwogIGN1cnNvcjphdXRvOwogIHBhZGRpbmc6N3B4IDdweCA3cHggM3B4OwogIHRleHQtaW5kZW50OiAwcHg7CiAgb3ZlcmZsb3c6IGhpZGRlbjsKfQoKCi8qpKqGlqSkus+k76S7pdylv6XzKi8KI3Jha3V0ZW5MaW1pdGVkSWRfYXJvdW5kQ2FydCBmb250IGlucHV0IHsKICB3aWR0aDogMzAxcHg7CiAgaGVpZ2h0OiAzMXB4OwogIGJhY2tncm91bmQ6dXJsKGh0dHBzOi8vaW1hZ2UucmFrdXRlbi5jby5qcC9rb2JlLWJic2hvcC9jYWJpbmV0LzAyNDAwMTkzL2ltZ3JjMDA2MjUzODYxOC5naWYpICNmY2ZjZmMgbm8tcmVwZWF0OwogIG92ZXJmbG93OiBoaWRkZW47CiAgYm9yZGVyLXdpZHRoOiAwcHg7CiAgY3Vyc29yOiBwb2ludGVyOwogIGRpc3BsYXk6IGJsb2NrOwp9CgoKI3Jha3V0ZW5MaW1pdGVkSWRfYXJvdW5kQ2FydCAjc2VydmljZVRhYmxlU21sIHRkLmZhdm9yaXRlIHsKd2lkdGg6IDMwMHB4ICFpbXBvcnRhbnQ7Cn0KPC9zdHlsZT4KCgo8cD48YnI+CjwvcD4=,TUlDS0mhoaXsqWCl66Wvpe2luUKhoTKxvqO6xL6kzqSqpOKkwaTjo8KjrqPCo66j06PIo8+j0A==,xL6kzqSqpOKkwaTjpKqk4qTBpOOkxKTfpK2ks6TJpOKl16Xspbyl86XIpKqkt6TjpNak6rPgpMGk46Tzs/auYtejpKSl2aXTqWDEvtF1zea+382vvt/wXtaq0/3N5r7fpc2l1W5lYWalz6XQSEFCQUxhUaXppa2l5alg2Zuk6s7vpdypYKXrTUlDS0mhoaXsqWCl66Wvpe2luUKhoTKxvg==,ob4xM5VypN6kx6TOpLTXos7EpMe8tMjVsGvLzT+hv6GjTUlDS0mhoaXsqWCl66Wvpe2luUKhoTKxvg==[rn]
40-32928,aHR0cDovL3RzaG9wLnIxMHMuanAva29iZS1iYnNob3AvY2FiaW5ldC8wMjM4NzA5Mi8wMzA1MDM1Ny9pbWc1ODkzMDE0NC5qcGc/Zml0aW49NzAwOjcwMA==,NDMyMC4wMDAw,,pKqk4qTBpOM/pdul06lgP6WyqWCl4CA+IKSqpOKkwaTjID4g3Ic/64rchz/G+9yHpM6kqqTipMGk4yA+IOuK3Ic/xvvchz+l7Klgpes=,TUlDS0mhoaXIpeml86W5pd2pYKW/qWA=,ob4xM5VypN6kx6TOpLTXos7EpMe8tMjVsGvLzT+hvw==,PHRhYmxlIHdpZHRoPSIzNTAiIGJnY29sb3I9IiM0MjQwMUIiIGNlbGxzcGFjaW5nPSIxIiBjZWxscGFkZGluZz0iMyI+Cjx0cj4KPHRoIGNvbHNwYW49IjIiIGFsaWduPSJjZW50ZXIiIGJnY29sb3I9IiNGNEM2RUUiPjxiPjxmb250IGNvbG9yPSIjNTY1MTJEIj7JzMa31JS8mjwvZm9udD48L2I+PC90aD4KPC90cj4KPHRyPjx0aCBhbGlnbj0iY2VudGVyIiBiZ2NvbG9yPSIjQzRGOUE5Ij48Zm9udCBzaXplPSIyIiBjb2xvcj0iIzYwNUIzNCI+U0laRTwvZm9udD48L3RoPgo8dGQgYmdjb2xvcj0iI0ZDRkNBRSI+PGZvbnQgc2l6ZT0iMiIgY29sb3I9IiM0NzNGMTQiPgozNWNtCjx0cj48dGggYWxpZ249ImNlbnRlciIgYmdjb2xvcj0iI0M0RjlBOSI+PGZvbnQgc2l6ZT0iMiIgY29sb3I9IiM2MDVCMzQiPk1BVEVSSUFMPC9mb250PjwvdGg+Cjx0ZCBiZ2NvbG9yPSIjRkNGQ0FFIj48Zm9udCBzaXplPSIyIiBjb2xvcj0iIzQ3M0YxNCI+CsS+0XUKPHRyPjx0aCBhbGlnbj0iY2VudGVyIiBiZ2NvbG9yPSIjQzRGOUE5Ij48Zm9udCBzaXplPSIyIiBjb2xvcj0iIzYwNUIzNCI+Q09NTUVOVDwvZm9udD48L3RoPgo8dGQgYmdjb2xvcj0iI0ZDRkNBRSI+PGZvbnQgc2l6ZT0iMiIgY29sb3I9IiM0NzNGMTQiPgrch6Ty31yk1qS/pOGkzsb73Iehozxicj48YnI+CtyHpM/b4KTytcekw6TGxvvch6TLgVyk6t56pN+k3qS5oaM8YnI+PGJyPjxicj4KCk1JQ0tJpM7G+9yHpbulw6XIpKzI1bG+pMvAtKTGpKuk6TMw0+DE6qGjPGJyPjxicj4KlXK0+qTOwfek7KSsieSk76TDpMak4qGiifTW0KTHxvvch6Ty19+k6aS7pOuhotfTpMmk4t9fpM7Xy6TLieSk76TqpM+koqTqpN6ku6TzoaM8YnI+PGJyPgqlt6Xzpdel66TKpceltqWkpfOkwKSrpOmks6S9oaLX06TJpOKkv6TBpM+l7Klgpeuk8tfU08mky71NpPOkx7/Vz+ukzsrAveeky8O77l6kt6Gi19S31qTOmt2z1qTBpPLG+9yHpMvTmqS3pMbX36TppLuk3qS5oaOl6qWipeukx8XJytakyqXRqWClxKSzpL2koqTqpN6ku6TzpKyhoqXsqWCl699bpNOkztStteOk8qS6pMOkyMS/1rikt6TGpK2kv01JQ0tJyeehozxicj48YnI+CqSzpM7G+9yHpbulw6XIpKzpTMTqyfqkrbLQpMOkxqStpL+kzqTioaLfW6TTsb7AtKTO0uLBeKTytPPH0KTLytikw6TGpK2kv6SrpOmkx6S3pOekpqGjCjwvZm9udD48L3RkPjwvdHI+CjwvdGFibGU+PGJyPgo8aW1nIHNyYz0iaHR0cHM6Ly9pbWFnZS5yYWt1dGVuLmNvLmpwL2tvYmUtYmJzaG9wL2NhYmluZXQvMDI0MDAxOTMvaW1nNTc4MTQyNjYuanBnIj48UD48Rk9OVCBjb2xvcj0iI2ZmMDAwMCIgc2l6ZT0iMiI+ofmhobWxteqkztTajuykz6GijGe16sVupMiYU8zsteqkx7my09Ckt6TGpKqk6qTepLmhozxCUj4KoaGhoYxnterFbqTHidOk7MfQpOykxqS3pN6kw6S/iPa6z6TPoaLU57yxpMvfQr1qpLWku6TGPGJyPqGhoaGkpKS/pMCkraTepLmho6SipOmkq6S4pOGktMHLs9Ckr6TApLWkpKTepLuhozwvRk9OVD48L1A+Cjx0YWJsZSBib3JkZXI9IjAiIGNlbGxzcGFjaW5nPSIwIiBjZWxscGFkZGluZz0iMiI+Cjx0ciB2YWxpZ249InRvcCI+Cjx0ZCBub3dyYXA+pa6l1aXIjJ2P6jwvdGQ+Cjx0ZD4KPGltZyBzcmM9Imh0dHBzOi8vaW1hZ2UucmFrdXRlbi5jby5qcC9rb2JlLWJic2hvcC9jYWJpbmV0LzAyNDAwMTkzLzAzMTMzOTkxL2ltZzU5MjAyMzc1LmdpZiIgYWx0PSKl6aXDpdSl86Ww33iSa7/JIiB3aWR0aD0iMTAwIgpoZWlnaHQ9IjIxIiBoc3BhY2U9IjEiPgo8aW1nIHNyYz0iaHR0cHM6Ly9pbWFnZS5yYWt1dGVuLmNvLmpwL2tvYmUtYmJzaG9wL2NhYmluZXQvMDI0MDAxOTMvMDMxMzM5OTEvaW1nNTkyMDIzNzEuZ2lmIiBhbHQ9IqTOpLfTm8P7v8kiIHdpZHRoPSIxMDAiIGhlaWdodD0iMjEiCmhzcGFjZT0iMSI+CjwvdGQ+CjwvdHI+CjwvdGFibGU+PHN0eWxlPgovKtlJpKTO76WrpbSl3KW/pfMqLwojcmFrdXRlbkxpbWl0ZWRJZF9hcm91bmRDYXJ0IGlucHV0IHsKICB3aWR0aDogMjUxcHg7CiAgaGVpZ2h0OiA1MXB4OwogIGJhY2tncm91bmQ6dXJsKGh0dHA6Ly9pbWFnZS5yYWt1dGVuLmNvLmpwL2tvYmUtYmJzaG9wL2NhYmluZXQvMDI0MDAxOTMva2FpbW9ub2NhZ28uZ2lmKSAjZmNmY2ZjIG5vLXJlcGVhdDsKICBvdmVyZmxvdzogaGlkZGVuOwogIGJvcmRlci13aWR0aDogMHB4OwogIGN1cnNvcjogcG9pbnRlciAhaW1wb3J0YW50OwogIHRleHQtaW5kZW50OiAxNTAlOwogIHdoaXRlLXNwYWNlOiBub3dyYXA7CiAgbWFyZ2luOiA1cHggMCAwIDA7Cn0KCgovKoKAyv3I68GmKi8KI3Jha3V0ZW5MaW1pdGVkSWRfYXJvdW5kQ2FydCBpbnB1dCN1bml0cyB7CiAgYm9yZGVyOnNvbGlkICNjY2MgMXB4OwogIGJhY2tncm91bmQ6I2ZmZiFpbXBvcnRhbnQ7CiAgd2lkdGg6NTBweDsKICBoZWlnaHQ6NTBweDsKICBjdXJzb3I6YXV0bzsKICBwYWRkaW5nOjdweCA3cHggN3B4IDNweDsKICB0ZXh0LWluZGVudDogMHB4OwogIG92ZXJmbG93OiBoaWRkZW47Cn0KCgovKqSqhpakpLrPpO+ku6Xcpb+l8yovCiNyYWt1dGVuTGltaXRlZElkX2Fyb3VuZENhcnQgZm9udCBpbnB1dCB7CiAgd2lkdGg6IDMwMXB4OwogIGhlaWdodDogMzFweDsKICBiYWNrZ3JvdW5kOnVybChodHRwczovL2ltYWdlLnJha3V0ZW4uY28uanAva29iZS1iYnNob3AvY2FiaW5ldC8wMjQwMDE5My9pbWdyYzAwNjI1Mzg2MTguZ2lmKSAjZmNmY2ZjIG5vLXJlcGVhdDsKICBvdmVyZmxvdzogaGlkZGVuOwogIGJvcmRlci13aWR0aDogMHB4OwogIGN1cnNvcjogcG9pbnRlcjsKICBkaXNwbGF5OiBibG9jazsKfQoKCiNyYWt1dGVuTGltaXRlZElkX2Fyb3VuZENhcnQgI3NlcnZpY2VUYWJsZVNtbCB0ZC5mYXZvcml0ZSB7CndpZHRoOiAzMDBweCAhaW1wb3J0YW50Owp9Cjwvc3R5bGU+CgoKPHA+PGJyPgo8L3A+,TUlDS0mhoaXIpeml86W5pd2pYKW/qWCjusS+pM6kqqTipMGk46PCo66jwqOuo9OjyKPPo9A=,xL6kzqSqpOKkwaTjpKqk4qTBpOOkxKTfpK2ks6TJpOKl16Xspbyl86XIpKqkt6TjpNak6rPgpMGk46Tzs/auYtejpKSl2aXTqWDEvtF1zea+382vvt/wXtaq0/3N5r7fpc2l1W5lYWalz6XQSEFCQUxhUaXppa2l5alg2Zuk6s7vpdypYKXrTUlDS0mhoaXIpeml86W5pd2pYKW/qWA=,ob4xM5VypN6kx6TOpLTXos7EpMe8tMjVsGvLzT+hv6GjTUlDS0mhoaXIpeml86W5pd2pYKW/qWA=[rn]
40-32929,aHR0cDovL3RzaG9wLnIxMHMuanAva29iZS1iYnNob3AvY2FiaW5ldC8wMjM4NzA5Mi8wMzA1MDM1Ny9pbWc1ODkzMDE5My5qcGc/Zml0aW49NzAwOjcwMA==,MjE2MC4wMDAw,,pKqk4qTBpOM/pdul06lgP6WyqWCl4CA+IKSqpOKkwaTjID4g3Ic/64rchz/G+9yHpM6kqqTipMGk4yA+IOuK3Ic/xvvchz+l7Klgpes=,TUlDS0mhoaXsqWCl66Wvpe2luUE=,ob4xM5VypN6kx6TOpLTXos7EpMe8tMjVsGvLzT+hvw==,PHRhYmxlIHdpZHRoPSIzNTAiIGJnY29sb3I9IiM0MjQwMUIiIGNlbGxzcGFjaW5nPSIxIiBjZWxscGFkZGluZz0iMyI+Cjx0cj4KPHRoIGNvbHNwYW49IjIiIGFsaWduPSJjZW50ZXIiIGJnY29sb3I9IiNGNEM2RUUiPjxiPjxmb250IGNvbG9yPSIjNTY1MTJEIj7JzMa31JS8mjwvZm9udD48L2I+PC90aD4KPC90cj4KPHRyPjx0aCBhbGlnbj0iY2VudGVyIiBiZ2NvbG9yPSIjQzRGOUE5Ij48Zm9udCBzaXplPSIyIiBjb2xvcj0iIzYwNUIzNCI+U0laRTwvZm9udD48L3RoPgo8dGQgYmdjb2xvcj0iI0ZDRkNBRSI+PGZvbnQgc2l6ZT0iMiIgY29sb3I9IiM0NzNGMTQiPgoxMmNtTAo8dHI+PHRoIGFsaWduPSJjZW50ZXIiIGJnY29sb3I9IiNDNEY5QTkiPjxmb250IHNpemU9IjIiIGNvbG9yPSIjNjA1QjM0Ij5NQVRFUklBTDwvZm9udD48L3RoPgo8dGQgYmdjb2xvcj0iI0ZDRkNBRSI+PGZvbnQgc2l6ZT0iMiIgY29sb3I9IiM0NzNGMTQiPgrEvtF1Cjx0cj48dGggYWxpZ249ImNlbnRlciIgYmdjb2xvcj0iI0M0RjlBOSI+PGZvbnQgc2l6ZT0iMiIgY29sb3I9IiM2MDVCMzQiPkNPTU1FTlQ8L2ZvbnQ+PC90aD4KPHRkIGJnY29sb3I9IiNGQ0ZDQUUiPjxmb250IHNpemU9IjIiIGNvbG9yPSIjNDczRjE0Ij4KTUlDS0mkzsb73Ielu6XDpcikrMjVsb6ky8C0pMakq6TpMzDT4MTqoaM8YnI+PGJyPgqVcrT6pM7B96TspKyJ5KTvpMOkxqTioaKJ9NbQpMfG+9yHpPLX36TppLuk66Gi19OkyaTi31+kztfLpMuJ5KTvpOqkz6SipOqk3qS7pPOhozxicj48YnI+CqW3pfOl16XrpMqlx6W2paSl86TApKuk6aSzpL2hotfTpMmk4qS/pMGkz6XsqWCl66Ty19TTyaTLvU2k86THv9XP66TOysC956TLw7vuXqS3oaLX1LfWpM6a3bPWpMGk8sb73Ieky9OapLekxtffpOmku6TepLmho6XqpaKl66THxcnK1qTKpdGpYKXEpLOkvaSipOqk3qS7pPOkrKGipeypYKXr31uk06TO1K2146TypLqkw6TIxL/WuKS3pMakraS/TUlDS0nJ56GjPGJyPjxicj4KpLOkzsb73Ielu6XDpcikrOlMxOrJ+qStstCkw6TGpK2kv6TOpOKhot9bpNOxvsC0pM7S4sF4pPK088fQpMvK2KTDpMakraS/pKuk6aTHpLek56SmoaMKPC9mb250PjwvdGQ+PC90cj4KPC90YWJsZT48YnI+CjxpbWcgc3JjPSJodHRwczovL2ltYWdlLnJha3V0ZW4uY28uanAva29iZS1iYnNob3AvY2FiaW5ldC8wMjQwMDE5My9pbWc1NzgxNDI2Ni5qcGciPjxQPjxGT05UIGNvbG9yPSIjZmYwMDAwIiBzaXplPSIyIj6h+aGhtbG16qTO1NqO7KTPoaKMZ7XqxW6kyJhTzOy16qTHubLT0KS3pMakqqTqpN6kuaGjPEJSPgqhoaGhjGe16sVupMeJ06Tsx9Ck7KTGpLek3qTDpL+I9rrPpM+hotTnvLGky99CvWqktaS7pMY8YnI+oaGhoaSkpL+kwKStpN6kuaGjpKKk6aSrpLik4aS0wcuz0KSvpMCktaSkpN6ku6GjPC9GT05UPjwvUD4KPHRhYmxlIGJvcmRlcj0iMCIgY2VsbHNwYWNpbmc9IjAiIGNlbGxwYWRkaW5nPSIyIj4KPHRyIHZhbGlnbj0idG9wIj4KPHRkIG5vd3JhcD6lrqXVpciMnY/qPC90ZD4KPHRkPgo8aW1nIHNyYz0iaHR0cHM6Ly9pbWFnZS5yYWt1dGVuLmNvLmpwL2tvYmUtYmJzaG9wL2NhYmluZXQvMDI0MDAxOTMvMDMxMzM5OTEvaW1nNTkyMDIzNzUuZ2lmIiBhbHQ9IqXppcOl1KXzpbDfeJJrv8kiIHdpZHRoPSIxMDAiCmhlaWdodD0iMjEiIGhzcGFjZT0iMSI+CjxpbWcgc3JjPSJodHRwczovL2ltYWdlLnJha3V0ZW4uY28uanAva29iZS1iYnNob3AvY2FiaW5ldC8wMjQwMDE5My8wMzEzMzk5MS9pbWc1OTIwMjM3MS5naWYiIGFsdD0ipM6kt9Obw/u/ySIgd2lkdGg9IjEwMCIgaGVpZ2h0PSIyMSIKaHNwYWNlPSIxIj4KPC90ZD4KPC90cj4KPC90YWJsZT48c3R5bGU+Ci8q2UmkpM7vpaultKXcpb+l8yovCiNyYWt1dGVuTGltaXRlZElkX2Fyb3VuZENhcnQgaW5wdXQgewogIHdpZHRoOiAyNTFweDsKICBoZWlnaHQ6IDUxcHg7CiAgYmFja2dyb3VuZDp1cmwoaHR0cDovL2ltYWdlLnJha3V0ZW4uY28uanAva29iZS1iYnNob3AvY2FiaW5ldC8wMjQwMDE5My9rYWltb25vY2Fnby5naWYpICNmY2ZjZmMgbm8tcmVwZWF0OwogIG92ZXJmbG93OiBoaWRkZW47CiAgYm9yZGVyLXdpZHRoOiAwcHg7CiAgY3Vyc29yOiBwb2ludGVyICFpbXBvcnRhbnQ7CiAgdGV4dC1pbmRlbnQ6IDE1MCU7CiAgd2hpdGUtc3BhY2U6IG5vd3JhcDsKICBtYXJnaW46IDVweCAwIDAgMDsKfQoKCi8qgoDK/cjrwaYqLwojcmFrdXRlbkxpbWl0ZWRJZF9hcm91bmRDYXJ0IGlucHV0I3VuaXRzIHsKICBib3JkZXI6c29saWQgI2NjYyAxcHg7CiAgYmFja2dyb3VuZDojZmZmIWltcG9ydGFudDsKICB3aWR0aDo1MHB4OwogIGhlaWdodDo1MHB4OwogIGN1cnNvcjphdXRvOwogIHBhZGRpbmc6N3B4IDdweCA3cHggM3B4OwogIHRleHQtaW5kZW50OiAwcHg7CiAgb3ZlcmZsb3c6IGhpZGRlbjsKfQoKCi8qpKqGlqSkus+k76S7pdylv6XzKi8KI3Jha3V0ZW5MaW1pdGVkSWRfYXJvdW5kQ2FydCBmb250IGlucHV0IHsKICB3aWR0aDogMzAxcHg7CiAgaGVpZ2h0OiAzMXB4OwogIGJhY2tncm91bmQ6dXJsKGh0dHBzOi8vaW1hZ2UucmFrdXRlbi5jby5qcC9rb2JlLWJic2hvcC9jYWJpbmV0LzAyNDAwMTkzL2ltZ3JjMDA2MjUzODYxOC5naWYpICNmY2ZjZmMgbm8tcmVwZWF0OwogIG92ZXJmbG93OiBoaWRkZW47CiAgYm9yZGVyLXdpZHRoOiAwcHg7CiAgY3Vyc29yOiBwb2ludGVyOwogIGRpc3BsYXk6IGJsb2NrOwp9CgoKI3Jha3V0ZW5MaW1pdGVkSWRfYXJvdW5kQ2FydCAjc2VydmljZVRhYmxlU21sIHRkLmZhdm9yaXRlIHsKd2lkdGg6IDMwMHB4ICFpbXBvcnRhbnQ7Cn0KPC9zdHlsZT4KCgo8cD48YnI+CjwvcD4=,TUlDS0mhoaXsqWCl66Wvpe2luUGjusS+pM6kqqTipMGk46PCo66jwqOuo9OjyKPPo9A=,xL6kzqSqpOKkwaTjpKqk4qTBpOOkxKTfpK2ks6TJpOKl16Xspbyl86XIpKqkt6TjpNak6rPgpMGk46Tzs/auYtejpKSl2aXTqWDEvtF1zea+382vvt/wXtaq0/3N5r7fpc2l1W5lYWalz6XQSEFCQUxhUaXppa2l5alg2Zuk6s7vpdypYKXrTUlDS0mhoaXsqWCl66Wvpe2luUE=,ob4xM5VypN6kx6TOpLTXos7EpMe8tMjVsGvLzT+hv6GjTUlDS0mhoaXsqWCl66Wvpe2luUE=[rn]
40-32930,aHR0cDovL3RzaG9wLnIxMHMuanAva29iZS1iYnNob3AvY2FiaW5ldC8wMjM4NzA5Mi8wMzA1MDM1Ny9pbWc1ODkzMDIxMi5qcGc/Zml0aW49NzAwOjcwMA==,Mjc2NC44MDAw,,pKqk4qTBpOM/pdul06lgP6WyqWCl4CA+IKSqpOKkwaTjID4g3Ic/64rchz/G+9yHpM6kqqTipMGk4yA+IOuK3Ic/xvvchz+l7Klgpes=,TUlDS0mhoU5FV6XdpaSl86XIoaEysb4=,ob4xM5VypN6kx6TOpLTXos7EpMe8tMjVsGvLzT+hvw==,PHRhYmxlIHdpZHRoPSIzNTAiIGJnY29sb3I9IiM0MjQwMUIiIGNlbGxzcGFjaW5nPSIxIiBjZWxscGFkZGluZz0iMyI+Cjx0cj4KPHRoIGNvbHNwYW49IjIiIGFsaWduPSJjZW50ZXIiIGJnY29sb3I9IiNGNEM2RUUiPjxiPjxmb250IGNvbG9yPSIjNTY1MTJEIj7JzMa31JS8mjwvZm9udD48L2I+PC90aD4KPC90cj4KPHRyPjx0aCBhbGlnbj0iY2VudGVyIiBiZ2NvbG9yPSIjQzRGOUE5Ij48Zm9udCBzaXplPSIyIiBjb2xvcj0iIzYwNUIzNCI+U0laRTwvZm9udD48L3RoPgo8dGQgYmdjb2xvcj0iI0ZDRkNBRSI+PGZvbnQgc2l6ZT0iMiIgY29sb3I9IiM0NzNGMTQiPgoyMGNtTAo8dHI+PHRoIGFsaWduPSJjZW50ZXIiIGJnY29sb3I9IiNDNEY5QTkiPjxmb250IHNpemU9IjIiIGNvbG9yPSIjNjA1QjM0Ij5NQVRFUklBTDwvZm9udD48L3RoPgo8dGQgYmdjb2xvcj0iI0ZDRkNBRSI+PGZvbnQgc2l6ZT0iMiIgY29sb3I9IiM0NzNGMTQiPgrEvtF1Cjx0cj48dGggYWxpZ249ImNlbnRlciIgYmdjb2xvcj0iI0M0RjlBOSI+PGZvbnQgc2l6ZT0iMiIgY29sb3I9IiM2MDVCMzQiPkNPTU1FTlQ8L2ZvbnQ+PC90aD4KPHRkIGJnY29sb3I9IiNGQ0ZDQUUiPjxmb250IHNpemU9IjIiIGNvbG9yPSIjNDczRjE0Ij4KTUlDS0mkzsb73Ielu6XDpcikrMjVsb6ky8C0pMakq6TpMzDT4MTqoaM8YnI+PGJyPgqVcrT6pM7B96TspKyJ5KTvpMOkxqTioaKJ9NbQpMfG+9yHpPLX36TppLuk66Gi19OkyaTi31+kztfLpMuJ5KTvpOqkz6SipOqk3qS7pPOhozxicj48YnI+CqW3pfOl16XrpMqlx6W2paSl86TApKuk6aSzpL2hotfTpMmk4qS/pMGkz6XsqWCl66Ty19TTyaTLvU2k86THv9XP66TOysC956TLw7vuXqS3oaLX1LfWpM6a3bPWpMGk8sb73Ieky9OapLekxtffpOmku6TepLmho6XqpaKl66THxcnK1qTKpdGpYKXEpLOkvaSipOqk3qS7pPOkrKGipeypYKXr31uk06TO1K2146TypLqkw6TIxL/WuKS3pMakraS/TUlDS0nJ56GjPGJyPjxicj4KpLOkzsb73Ielu6XDpcikrOlMxOrJ+qStstCkw6TGpK2kv6TOpOKhot9bpNOxvsC0pM7S4sF4pPK088fQpMvK2KTDpMakraS/pKuk6aTHpLek56SmoaMKPC9mb250PjwvdGQ+PC90cj4KPC90YWJsZT48YnI+CjxpbWcgc3JjPSJodHRwczovL2ltYWdlLnJha3V0ZW4uY28uanAva29iZS1iYnNob3AvY2FiaW5ldC8wMjQwMDE5My9pbWc1NzgxNDI2Ni5qcGciPgo8UD48Rk9OVCBjb2xvcj0iI2ZmMDAwMCIgc2l6ZT0iMiI+ofmhobWxteqkztTajuykz6GijGe16sVupMiYU8zsteqkx7my09Ckt6TGpKqk6qTepLmhozxCUj4KoaGhoYxnterFbqTHidOk7MfQpOykxqS3pN6kw6S/iPa6z6TPoaLU57yxpMvfQr1qpLWku6TGPGJyPqGhoaGkpKS/pMCkraTepLmho6SipOmkq6S4pOGktMHLs9Ckr6TApLWkpKTepLuhozwvRk9OVD48L1A+Cjx0YWJsZSBib3JkZXI9IjAiIGNlbGxzcGFjaW5nPSIwIiBjZWxscGFkZGluZz0iMiI+Cjx0ciB2YWxpZ249InRvcCI+Cjx0ZCBub3dyYXA+pa6l1aXIjJ2P6jwvdGQ+Cjx0ZD4KPGltZyBzcmM9Imh0dHBzOi8vaW1hZ2UucmFrdXRlbi5jby5qcC9rb2JlLWJic2hvcC9jYWJpbmV0LzAyNDAwMTkzLzAzMTMzOTkxL2ltZzU5MjAyMzc1LmdpZiIgYWx0PSKl6aXDpdSl86Ww33iSa7/JIiB3aWR0aD0iMTAwIgpoZWlnaHQ9IjIxIiBoc3BhY2U9IjEiPgo8aW1nIHNyYz0iaHR0cHM6Ly9pbWFnZS5yYWt1dGVuLmNvLmpwL2tvYmUtYmJzaG9wL2NhYmluZXQvMDI0MDAxOTMvMDMxMzM5OTEvaW1nNTkyMDIzNzEuZ2lmIiBhbHQ9IqTOpLfTm8P7v8kiIHdpZHRoPSIxMDAiIGhlaWdodD0iMjEiCmhzcGFjZT0iMSI+CjwvdGQ+CjwvdHI+CjwvdGFibGU+PHN0eWxlPgovKtlJpKTO76WrpbSl3KW/pfMqLwojcmFrdXRlbkxpbWl0ZWRJZF9hcm91bmRDYXJ0IGlucHV0IHsKICB3aWR0aDogMjUxcHg7CiAgaGVpZ2h0OiA1MXB4OwogIGJhY2tncm91bmQ6dXJsKGh0dHA6Ly9pbWFnZS5yYWt1dGVuLmNvLmpwL2tvYmUtYmJzaG9wL2NhYmluZXQvMDI0MDAxOTMva2FpbW9ub2NhZ28uZ2lmKSAjZmNmY2ZjIG5vLXJlcGVhdDsKICBvdmVyZmxvdzogaGlkZGVuOwogIGJvcmRlci13aWR0aDogMHB4OwogIGN1cnNvcjogcG9pbnRlciAhaW1wb3J0YW50OwogIHRleHQtaW5kZW50OiAxNTAlOwogIHdoaXRlLXNwYWNlOiBub3dyYXA7CiAgbWFyZ2luOiA1cHggMCAwIDA7Cn0KCgovKoKAyv3I68GmKi8KI3Jha3V0ZW5MaW1pdGVkSWRfYXJvdW5kQ2FydCBpbnB1dCN1bml0cyB7CiAgYm9yZGVyOnNvbGlkICNjY2MgMXB4OwogIGJhY2tncm91bmQ6I2ZmZiFpbXBvcnRhbnQ7CiAgd2lkdGg6NTBweDsKICBoZWlnaHQ6NTBweDsKICBjdXJzb3I6YXV0bzsKICBwYWRkaW5nOjdweCA3cHggN3B4IDNweDsKICB0ZXh0LWluZGVudDogMHB4OwogIG92ZXJmbG93OiBoaWRkZW47Cn0KCgovKqSqhpakpLrPpO+ku6Xcpb+l8yovCiNyYWt1dGVuTGltaXRlZElkX2Fyb3VuZENhcnQgZm9udCBpbnB1dCB7CiAgd2lkdGg6IDMwMXB4OwogIGhlaWdodDogMzFweDsKICBiYWNrZ3JvdW5kOnVybChodHRwczovL2ltYWdlLnJha3V0ZW4uY28uanAva29iZS1iYnNob3AvY2FiaW5ldC8wMjQwMDE5My9pbWdyYzAwNjI1Mzg2MTguZ2lmKSAjZmNmY2ZjIG5vLXJlcGVhdDsKICBvdmVyZmxvdzogaGlkZGVuOwogIGJvcmRlci13aWR0aDogMHB4OwogIGN1cnNvcjogcG9pbnRlcjsKICBkaXNwbGF5OiBibG9jazsKfQoKCiNyYWt1dGVuTGltaXRlZElkX2Fyb3VuZENhcnQgI3NlcnZpY2VUYWJsZVNtbCB0ZC5mYXZvcml0ZSB7CndpZHRoOiAzMDBweCAhaW1wb3J0YW50Owp9Cjwvc3R5bGU+CgoKPHA+PGJyPgo8L3A+,TUlDS0mhoU5FV6XdpaSl86XIoaEysb6jusS+pM6kqqTipMGk46PCo66jwqOuo9OjyKPPo9A=,xL6kzqSqpOKkwaTjpKqk4qTBpOOkxKTfpK2ks6TJpOKl16Xspbyl86XIpKqkt6TjpNak6rPgpMGk46Tzs/auYtejpKSl2aXTqWDEvtF1zea+382vvt/wXtaq0/3N5r7fpc2l1W5lYWalz6XQSEFCQUxhUaXppa2l5alg2Zuk6s7vpdypYKXrTUlDS0mhoU5FV6XdpaSl86XIoaEysb4=,ob4xM5VypN6kx6TOpLTXos7EpMe8tMjVsGvLzT+hv6GjTUlDS0mhoU5FV6XdpaSl86XIoaEysb4=[rn]
40-32931,aHR0cDovL3RzaG9wLnIxMHMuanAva29iZS1iYnNob3AvY2FiaW5ldC8wMjM4NzA5Mi8wMzA1MDM1Ny9pbWc1ODkzMDA4NC5qcGc/Zml0aW49NzAwOjcwMA==,MjQxOS4yMDAw,,pKqk4qTBpOM/pdul06lgP6WyqWCl4CA+IKSqpOKkwaTjID4g3Ic/64rchz/G+9yHpM6kqqTipMGk4yA+IOuK3Ic/xvvchz+l7Klgpes=,TUlDS0mhocb73Ic0gUk=,ob4xM5VypN6kx6TOpLTXos7EpMe8tMjVsGvLzT+hvw==,PHRhYmxlIHdpZHRoPSIzNTAiIGJnY29sb3I9IiM0MjQwMUIiIGNlbGxzcGFjaW5nPSIxIiBjZWxscGFkZGluZz0iMyI+Cjx0cj4KPHRoIGNvbHNwYW49IjIiIGFsaWduPSJjZW50ZXIiIGJnY29sb3I9IiNGNEM2RUUiPjxiPjxmb250IGNvbG9yPSIjNTY1MTJEIj7JzMa31JS8mjwvZm9udD48L2I+PC90aD4KPC90cj4KPHRyPjx0aCBhbGlnbj0iY2VudGVyIiBiZ2NvbG9yPSIjQzRGOUE5Ij48Zm9udCBzaXplPSIyIiBjb2xvcj0iIzYwNUIzNCI+U0laRTwvZm9udD48L3RoPgo8dGQgYmdjb2xvcj0iI0ZDRkNBRSI+PGZvbnQgc2l6ZT0iMiIgY29sb3I9IiM0NzNGMTQiPgozMGNtCjx0cj48dGggYWxpZ249ImNlbnRlciIgYmdjb2xvcj0iI0M0RjlBOSI+PGZvbnQgc2l6ZT0iMiIgY29sb3I9IiM2MDVCMzQiPk1BVEVSSUFMPC9mb250PjwvdGg+Cjx0ZCBiZ2NvbG9yPSIjRkNGQ0FFIj48Zm9udCBzaXplPSIyIiBjb2xvcj0iIzQ3M0YxNCI+CsS+0XUKPHRyPjx0aCBhbGlnbj0iY2VudGVyIiBiZ2NvbG9yPSIjQzRGOUE5Ij48Zm9udCBzaXplPSIyIiBjb2xvcj0iIzYwNUIzNCI+Q09NTUVOVDwvZm9udD48L3RoPgo8dGQgYmdjb2xvcj0iI0ZDRkNBRSI+PGZvbnQgc2l6ZT0iMiIgY29sb3I9IiM0NzNGMTQiPgpNSUNLSaTOxvvch6W7pcOlyKSsyNWxvqTLwLSkxqSrpOkzMNPgxOqhozxicj48YnI+CpVytPqkzsH3pOykrInkpO+kw6TGpOKhoon01tCkx8b73Iek8tffpOmku6TroaLX06TJpOLfX6TO18uky4nkpO+k6qTPpKKk6qTepLuk86GjPGJyPjxicj4Kpbel86XXpeukyqXHpbalpKXzpMCkq6TppLOkvaGi19OkyaTipL+kwaTPpeypYKXrpPLX1NPJpMu9TaTzpMe/1c/rpM7KwL3npMvDu+5epLehotfUt9akzprds9akwaTyxvvch6TL05qkt6TG19+k6aS7pN6kuaGjpeqloqXrpMfFycrWpMql0algpcSks6S9pKKk6qTepLuk86SsoaKl7KlgpevfW6TTpM7UrbXjpPKkuqTDpMjEv9a4pLekxqStpL9NSUNLScnnoaM8YnI+PGJyPgqks6TOxvvch6W7pcOlyKSs6UzE6sn6pK2y0KTDpMakraS/pM6k4qGi31uk07G+wLSkztLiwXik8rTzx9Cky8rYpMOkxqStpL+kq6TppMekt6TnpKahowo8L2ZvbnQ+PC90ZD48L3RyPgo8L3RhYmxlPjxicj4KPGltZyBzcmM9Imh0dHBzOi8vaW1hZ2UucmFrdXRlbi5jby5qcC9rb2JlLWJic2hvcC9jYWJpbmV0LzAyNDAwMTkzL2ltZzU3ODE0MjY2LmpwZyI+PFA+PEZPTlQgY29sb3I9IiNmZjAwMDAiIHNpemU9IjIiPqH5oaG1sbXqpM7U2o7spM+hooxnterFbqTImFPM7LXqpMe5stPQpLekxqSqpOqk3qS5oaM8QlI+CqGhoaGMZ7XqxW6kx4nTpOzH0KTspMakt6TepMOkv4j2us+kz6Gi1Oe8saTL30K9aqS1pLukxjxicj6hoaGhpKSkv6TApK2k3qS5oaOkoqTppKukuKThpLTBy7PQpK+kwKS1pKSk3qS7oaM8L0ZPTlQ+PC9QPgo8dGFibGUgYm9yZGVyPSIwIiBjZWxsc3BhY2luZz0iMCIgY2VsbHBhZGRpbmc9IjIiPgo8dHIgdmFsaWduPSJ0b3AiPgo8dGQgbm93cmFwPqWupdWlyIydj+o8L3RkPgo8dGQ+CjxpbWcgc3JjPSJodHRwczovL2ltYWdlLnJha3V0ZW4uY28uanAva29iZS1iYnNob3AvY2FiaW5ldC8wMjQwMDE5My8wMzEzMzk5MS9pbWc1OTIwMjM3NS5naWYiIGFsdD0ipemlw6XUpfOlsN94kmu/ySIgd2lkdGg9IjEwMCIKaGVpZ2h0PSIyMSIgaHNwYWNlPSIxIj4KPGltZyBzcmM9Imh0dHBzOi8vaW1hZ2UucmFrdXRlbi5jby5qcC9rb2JlLWJic2hvcC9jYWJpbmV0LzAyNDAwMTkzLzAzMTMzOTkxL2ltZzU5MjAyMzcxLmdpZiIgYWx0PSKkzqS305vD+7/JIiB3aWR0aD0iMTAwIiBoZWlnaHQ9IjIxIgpoc3BhY2U9IjEiPgo8L3RkPgo8L3RyPgo8L3RhYmxlPjxzdHlsZT4KLyrZSaSkzu+lq6W0pdylv6XzKi8KI3Jha3V0ZW5MaW1pdGVkSWRfYXJvdW5kQ2FydCBpbnB1dCB7CiAgd2lkdGg6IDI1MXB4OwogIGhlaWdodDogNTFweDsKICBiYWNrZ3JvdW5kOnVybChodHRwOi8vaW1hZ2UucmFrdXRlbi5jby5qcC9rb2JlLWJic2hvcC9jYWJpbmV0LzAyNDAwMTkzL2thaW1vbm9jYWdvLmdpZikgI2ZjZmNmYyBuby1yZXBlYXQ7CiAgb3ZlcmZsb3c6IGhpZGRlbjsKICBib3JkZXItd2lkdGg6IDBweDsKICBjdXJzb3I6IHBvaW50ZXIgIWltcG9ydGFudDsKICB0ZXh0LWluZGVudDogMTUwJTsKICB3aGl0ZS1zcGFjZTogbm93cmFwOwogIG1hcmdpbjogNXB4IDAgMCAwOwp9CgoKLyqCgMr9yOvBpiovCiNyYWt1dGVuTGltaXRlZElkX2Fyb3VuZENhcnQgaW5wdXQjdW5pdHMgewogIGJvcmRlcjpzb2xpZCAjY2NjIDFweDsKICBiYWNrZ3JvdW5kOiNmZmYhaW1wb3J0YW50OwogIHdpZHRoOjUwcHg7CiAgaGVpZ2h0OjUwcHg7CiAgY3Vyc29yOmF1dG87CiAgcGFkZGluZzo3cHggN3B4IDdweCAzcHg7CiAgdGV4dC1pbmRlbnQ6IDBweDsKICBvdmVyZmxvdzogaGlkZGVuOwp9CgoKLyqkqoaWpKS6z6TvpLul3KW/pfMqLwojcmFrdXRlbkxpbWl0ZWRJZF9hcm91bmRDYXJ0IGZvbnQgaW5wdXQgewogIHdpZHRoOiAzMDFweDsKICBoZWlnaHQ6IDMxcHg7CiAgYmFja2dyb3VuZDp1cmwoaHR0cHM6Ly9pbWFnZS5yYWt1dGVuLmNvLmpwL2tvYmUtYmJzaG9wL2NhYmluZXQvMDI0MDAxOTMvaW1ncmMwMDYyNTM4NjE4LmdpZikgI2ZjZmNmYyBuby1yZXBlYXQ7CiAgb3ZlcmZsb3c6IGhpZGRlbjsKICBib3JkZXItd2lkdGg6IDBweDsKICBjdXJzb3I6IHBvaW50ZXI7CiAgZGlzcGxheTogYmxvY2s7Cn0KCgojcmFrdXRlbkxpbWl0ZWRJZF9hcm91bmRDYXJ0ICNzZXJ2aWNlVGFibGVTbWwgdGQuZmF2b3JpdGUgewp3aWR0aDogMzAwcHggIWltcG9ydGFudDsKfQo8L3N0eWxlPgoKCjxwPjxicj4KPC9wPg==,TUlDS0mhocb73Ic0gUmjusS+pM6kqqTipMGk46PCo66jwqOuo9OjyKPPo9A=,xL6kzqSqpOKkwaTjpKqk4qTBpOOkxKTfpK2ks6TJpOKl16Xspbyl86XIpKqkt6TjpNak6rPgpMGk46Tzs/auYtejpKSl2aXTqWDEvtF1zea+382vvt/wXtaq0/3N5r7fpc2l1W5lYWalz6XQSEFCQUxhUaXppa2l5alg2Zuk6s7vpdypYKXrTUlDS0mhocb73Ic0gUk=,ob4xM5VypN6kx6TOpLTXos7EpMe8tMjVsGvLzT+hv6GjTUlDS0mhocb73Ic0gUk=[rn]
40-32932,aHR0cDovL3RzaG9wLnIxMHMuanAva29iZS1iYnNob3AvY2FiaW5ldC8wMjM4NzA5Mi8wMzA1MDM1Ny9pbWc1ODkzMDIwNi5qcGc/Zml0aW49NzAwOjcwMA==,MTU1NS4yMDAw,,pKqk4qTBpOM/pdul06lgP6WyqWCl4CA+IKSqpOKkwaTjID4g3Ic/64rchz/G+9yHpM6kqqTipMGk4yA+IOuK3Ic/xvvchz+l7Klgpes=,TUlDS0mhoaWrqWCl1qXsqWCl66GhNLG+,ob4xM5VypN6kx6TOpLTXos7EpMe8tMjVsGvLzT+hvw==,PHRhYmxlIHdpZHRoPSIzNTAiIGJnY29sb3I9IiM0MjQwMUIiIGNlbGxzcGFjaW5nPSIxIiBjZWxscGFkZGluZz0iMyI+Cjx0cj4KPHRoIGNvbHNwYW49IjIiIGFsaWduPSJjZW50ZXIiIGJnY29sb3I9IiNGNEM2RUUiPjxiPjxmb250IGNvbG9yPSIjNTY1MTJEIj7JzMa31JS8mjwvZm9udD48L2I+PC90aD4KPC90cj4KPHRyPjx0aCBhbGlnbj0iY2VudGVyIiBiZ2NvbG9yPSIjQzRGOUE5Ij48Zm9udCBzaXplPSIyIiBjb2xvcj0iIzYwNUIzNCI+U0laRTwvZm9udD48L3RoPgo8dGQgYmdjb2xvcj0iI0ZDRkNBRSI+PGZvbnQgc2l6ZT0iMiIgY29sb3I9IiM0NzNGMTQiPgoxNmNtTAo8dHI+PHRoIGFsaWduPSJjZW50ZXIiIGJnY29sb3I9IiNDNEY5QTkiPjxmb250IHNpemU9IjIiIGNvbG9yPSIjNjA1QjM0Ij5NQVRFUklBTDwvZm9udD48L3RoPgo8dGQgYmdjb2xvcj0iI0ZDRkNBRSI+PGZvbnQgc2l6ZT0iMiIgY29sb3I9IiM0NzNGMTQiPgrEvtF1Cjx0cj48dGggYWxpZ249ImNlbnRlciIgYmdjb2xvcj0iI0M0RjlBOSI+PGZvbnQgc2l6ZT0iMiIgY29sb3I9IiM2MDVCMzQiPkNPTU1FTlQ8L2ZvbnQ+PC90aD4KPHRkIGJnY29sb3I9IiNGQ0ZDQUUiPjxmb250IHNpemU9IjIiIGNvbG9yPSIjNDczRjE0Ij4KTUlDS0mkzsb73Ielu6XDpcikrMjVsb6ky8C0pMakq6TpMzDT4MTqoaM8YnI+PGJyPgqVcrT6pM7B96TspKyJ5KTvpMOkxqTioaKJ9NbQpMfG+9yHpPLX36TppLuk66Gi19OkyaTi31+kztfLpMuJ5KTvpOqkz6SipOqk3qS7pPOhozxicj48YnI+CqW3pfOl16XrpMqlx6W2paSl86TApKuk6aSzpL2hotfTpMmk4qS/pMGkz6XsqWCl66Ty19TTyaTLvU2k86THv9XP66TOysC956TLw7vuXqS3oaLX1LfWpM6a3bPWpMGk8sb73Ieky9OapLekxtffpOmku6TepLmho6XqpaKl66THxcnK1qTKpdGpYKXEpLOkvaSipOqk3qS7pPOkrKGipeypYKXr31uk06TO1K2146TypLqkw6TIxL/WuKS3pMakraS/TUlDS0nJ56GjPGJyPjxicj4KpLOkzsb73Ielu6XDpcikrOlMxOrJ+qStstCkw6TGpK2kv6TOpOKhot9bpNOxvsC0pM7S4sF4pPK088fQpMvK2KTDpMakraS/pKuk6aTHpLek56SmoaMKPC9mb250PjwvdGQ+PC90cj4KPC90YWJsZT48YnI+CjxpbWcgc3JjPSJodHRwczovL2ltYWdlLnJha3V0ZW4uY28uanAva29iZS1iYnNob3AvY2FiaW5ldC8wMjQwMDE5My9pbWc1NzgxNDI2Ni5qcGciPjxQPjxGT05UIGNvbG9yPSIjZmYwMDAwIiBzaXplPSIyIj6h+aGhtbG16qTO1NqO7KTPoaKMZ7XqxW6kyJhTzOy16qTHubLT0KS3pMakqqTqpN6kuaGjPEJSPgqhoaGhjGe16sVupMeJ06Tsx9Ck7KTGpLek3qTDpL+I9rrPpM+hotTnvLGky99CvWqktaS7pMY8YnI+oaGhoaSkpL+kwKStpN6kuaGjpKKk6aSrpLik4aS0wcuz0KSvpMCktaSkpN6ku6GjPC9GT05UPjwvUD4KPHRhYmxlIGJvcmRlcj0iMCIgY2VsbHNwYWNpbmc9IjAiIGNlbGxwYWRkaW5nPSIyIj4KPHRyIHZhbGlnbj0idG9wIj4KPHRkIG5vd3JhcD6lrqXVpciMnY/qPC90ZD4KPHRkPgo8aW1nIHNyYz0iaHR0cHM6Ly9pbWFnZS5yYWt1dGVuLmNvLmpwL2tvYmUtYmJzaG9wL2NhYmluZXQvMDI0MDAxOTMvMDMxMzM5OTEvaW1nNTkyMDIzNzUuZ2lmIiBhbHQ9IqXppcOl1KXzpbDfeJJrv8kiIHdpZHRoPSIxMDAiCmhlaWdodD0iMjEiIGhzcGFjZT0iMSI+CjxpbWcgc3JjPSJodHRwczovL2ltYWdlLnJha3V0ZW4uY28uanAva29iZS1iYnNob3AvY2FiaW5ldC8wMjQwMDE5My8wMzEzMzk5MS9pbWc1OTIwMjM3MS5naWYiIGFsdD0ipM6kt9Obw/u/ySIgd2lkdGg9IjEwMCIgaGVpZ2h0PSIyMSIKaHNwYWNlPSIxIj4KPC90ZD4KPC90cj4KPC90YWJsZT48c3R5bGU+Ci8q2UmkpM7vpaultKXcpb+l8yovCiNyYWt1dGVuTGltaXRlZElkX2Fyb3VuZENhcnQgaW5wdXQgewogIHdpZHRoOiAyNTFweDsKICBoZWlnaHQ6IDUxcHg7CiAgYmFja2dyb3VuZDp1cmwoaHR0cDovL2ltYWdlLnJha3V0ZW4uY28uanAva29iZS1iYnNob3AvY2FiaW5ldC8wMjQwMDE5My9rYWltb25vY2Fnby5naWYpICNmY2ZjZmMgbm8tcmVwZWF0OwogIG92ZXJmbG93OiBoaWRkZW47CiAgYm9yZGVyLXdpZHRoOiAwcHg7CiAgY3Vyc29yOiBwb2ludGVyICFpbXBvcnRhbnQ7CiAgdGV4dC1pbmRlbnQ6IDE1MCU7CiAgd2hpdGUtc3BhY2U6IG5vd3JhcDsKICBtYXJnaW46IDVweCAwIDAgMDsKfQoKCi8qgoDK/cjrwaYqLwojcmFrdXRlbkxpbWl0ZWRJZF9hcm91bmRDYXJ0IGlucHV0I3VuaXRzIHsKICBib3JkZXI6c29saWQgI2NjYyAxcHg7CiAgYmFja2dyb3VuZDojZmZmIWltcG9ydGFudDsKICB3aWR0aDo1MHB4OwogIGhlaWdodDo1MHB4OwogIGN1cnNvcjphdXRvOwogIHBhZGRpbmc6N3B4IDdweCA3cHggM3B4OwogIHRleHQtaW5kZW50OiAwcHg7CiAgb3ZlcmZsb3c6IGhpZGRlbjsKfQoKCi8qpKqGlqSkus+k76S7pdylv6XzKi8KI3Jha3V0ZW5MaW1pdGVkSWRfYXJvdW5kQ2FydCBmb250IGlucHV0IHsKICB3aWR0aDogMzAxcHg7CiAgaGVpZ2h0OiAzMXB4OwogIGJhY2tncm91bmQ6dXJsKGh0dHBzOi8vaW1hZ2UucmFrdXRlbi5jby5qcC9rb2JlLWJic2hvcC9jYWJpbmV0LzAyNDAwMTkzL2ltZ3JjMDA2MjUzODYxOC5naWYpICNmY2ZjZmMgbm8tcmVwZWF0OwogIG92ZXJmbG93OiBoaWRkZW47CiAgYm9yZGVyLXdpZHRoOiAwcHg7CiAgY3Vyc29yOiBwb2ludGVyOwogIGRpc3BsYXk6IGJsb2NrOwp9CgoKI3Jha3V0ZW5MaW1pdGVkSWRfYXJvdW5kQ2FydCAjc2VydmljZVRhYmxlU21sIHRkLmZhdm9yaXRlIHsKd2lkdGg6IDMwMHB4ICFpbXBvcnRhbnQ7Cn0KPC9zdHlsZT4KCgo8cD48YnI+CjwvcD4=,TUlDS0mhoaWrqWCl1qXsqWCl66GhNLG+o7rEvqTOpKqk4qTBpOOjwqOuo8KjrqPTo8ijz6PQ,xL6kzqSqpOKkwaTjpKqk4qTBpOOkxKTfpK2ks6TJpOKl16Xspbyl86XIpKqkt6TjpNak6rPgpMGk46Tzs/auYtejpKSl2aXTqWDEvtF1zea+382vvt/wXtaq0/3N5r7fpc2l1W5lYWalz6XQSEFCQUxhUaXppa2l5alg2Zuk6s7vpdypYKXrTUlDS0mhoaWrqWCl1qXsqWCl66GhNLG+,ob4xM5VypN6kx6TOpLTXos7EpMe8tMjVsGvLzT+hv6GjTUlDS0mhoaWrqWCl1qXsqWCl66GhNLG+[rn]
40-32933,aHR0cDovL3RzaG9wLnIxMHMuanAva29iZS1iYnNob3AvY2FiaW5ldC8wMjM4NzA5Mi8wMzA1MDM1Ny9pbWc1ODkzMDIxMS5qcGc/Zml0aW49NzAwOjcwMA==,MTI5Ni4wMDAw,,pKqk4qTBpOM/pdul06lgP6WyqWCl4CA+IKSqpOKkwaTjID4g3Ic/64rchz/G+9yHpM6kqqTipMGk4yA+IOuK3Ic/xvvchz+l7Klgpes=,TUlDS0mhoaXdpaSl86XIoaEysb4=,ob4xM5VypN6kx6TOpLTXos7EpMe8tMjVsGvLzT+hvw==,PHRhYmxlIHdpZHRoPSIzNTAiIGJnY29sb3I9IiM0MjQwMUIiIGNlbGxzcGFjaW5nPSIxIiBjZWxscGFkZGluZz0iMyI+Cjx0cj4KPHRoIGNvbHNwYW49IjIiIGFsaWduPSJjZW50ZXIiIGJnY29sb3I9IiNGNEM2RUUiPjxiPjxmb250IGNvbG9yPSIjNTY1MTJEIj7JzMa31JS8mjwvZm9udD48L2I+PC90aD4KPC90cj4KPHRyPjx0aCBhbGlnbj0iY2VudGVyIiBiZ2NvbG9yPSIjQzRGOUE5Ij48Zm9udCBzaXplPSIyIiBjb2xvcj0iIzYwNUIzNCI+U0laRTwvZm9udD48L3RoPgo8dGQgYmdjb2xvcj0iI0ZDRkNBRSI+PGZvbnQgc2l6ZT0iMiIgY29sb3I9IiM0NzNGMTQiPgoxMGNtTAo8dHI+PHRoIGFsaWduPSJjZW50ZXIiIGJnY29sb3I9IiNDNEY5QTkiPjxmb250IHNpemU9IjIiIGNvbG9yPSIjNjA1QjM0Ij5NQVRFUklBTDwvZm9udD48L3RoPgo8dGQgYmdjb2xvcj0iI0ZDRkNBRSI+PGZvbnQgc2l6ZT0iMiIgY29sb3I9IiM0NzNGMTQiPgrEvtF1Cjx0cj48dGggYWxpZ249ImNlbnRlciIgYmdjb2xvcj0iI0M0RjlBOSI+PGZvbnQgc2l6ZT0iMiIgY29sb3I9IiM2MDVCMzQiPkNPTU1FTlQ8L2ZvbnQ+PC90aD4KPHRkIGJnY29sb3I9IiNGQ0ZDQUUiPjxmb250IHNpemU9IjIiIGNvbG9yPSIjNDczRjE0Ij4KTUlDS0mkzsb73Ielu6XDpcikrMjVsb6ky8C0pMakq6TpMzDT4MTqoaM8YnI+PGJyPgqVcrT6pM7B96TspKyJ5KTvpMOkxqTioaKJ9NbQpMfG+9yHpPLX36TppLuk66Gi19OkyaTi31+kztfLpMuJ5KTvpOqkz6SipOqk3qS7pPOhozxicj48YnI+CqW3pfOl16XrpMqlx6W2paSl86TApKuk6aSzpL2hotfTpMmk4qS/pMGkz6XsqWCl66Ty19TTyaTLvU2k86THv9XP66TOysC956TLw7vuXqS3oaLX1LfWpM6a3bPWpMGk8sb73Ieky9OapLekxtffpOmku6TepLmho6XqpaKl66THxcnK1qTKpdGpYKXEpLOkvaSipOqk3qS7pPOkrKGipeypYKXr31uk06TO1K2146TypLqkw6TIxL/WuKS3pMakraS/TUlDS0nJ56GjPGJyPjxicj4KpLOkzsb73Ielu6XDpcikrOlMxOrJ+qStstCkw6TGpK2kv6TOpOKhot9bpNOxvsC0pM7S4sF4pPK088fQpMvK2KTDpMakraS/pKuk6aTHpLek56SmoaMKPC9mb250PjwvdGQ+PC90cj4KPC90YWJsZT48YnI+CjxpbWcgc3JjPSJodHRwczovL2ltYWdlLnJha3V0ZW4uY28uanAva29iZS1iYnNob3AvY2FiaW5ldC8wMjQwMDE5My9pbWc1NzgxNDI2Ni5qcGciPgo8UD48Rk9OVCBjb2xvcj0iI2ZmMDAwMCIgc2l6ZT0iMiI+ofmhobWxteqkztTajuykz6GijGe16sVupMiYU8zsteqkx7my09Ckt6TGpKqk6qTepLmhozxCUj4KoaGhoYxnterFbqTHidOk7MfQpOykxqS3pN6kw6S/iPa6z6TPoaLU57yxpMvfQr1qpLWku6TGPGJyPqGhoaGkpKS/pMCkraTepLmho6SipOmkq6S4pOGktMHLs9Ckr6TApLWkpKTepLuhozwvRk9OVD48L1A+Cjx0YWJsZSBib3JkZXI9IjAiIGNlbGxzcGFjaW5nPSIwIiBjZWxscGFkZGluZz0iMiI+Cjx0ciB2YWxpZ249InRvcCI+Cjx0ZCBub3dyYXA+pa6l1aXIjJ2P6jwvdGQ+Cjx0ZD4KPGltZyBzcmM9Imh0dHBzOi8vaW1hZ2UucmFrdXRlbi5jby5qcC9rb2JlLWJic2hvcC9jYWJpbmV0LzAyNDAwMTkzLzAzMTMzOTkxL2ltZzU5MjAyMzc1LmdpZiIgYWx0PSKl6aXDpdSl86Ww33iSa7/JIiB3aWR0aD0iMTAwIgpoZWlnaHQ9IjIxIiBoc3BhY2U9IjEiPgo8aW1nIHNyYz0iaHR0cHM6Ly9pbWFnZS5yYWt1dGVuLmNvLmpwL2tvYmUtYmJzaG9wL2NhYmluZXQvMDI0MDAxOTMvMDMxMzM5OTEvaW1nNTkyMDIzNzEuZ2lmIiBhbHQ9IqTOpLfTm8P7v8kiIHdpZHRoPSIxMDAiIGhlaWdodD0iMjEiCmhzcGFjZT0iMSI+CjwvdGQ+CjwvdHI+CjwvdGFibGU+PHN0eWxlPgovKtlJpKTO76WrpbSl3KW/pfMqLwojcmFrdXRlbkxpbWl0ZWRJZF9hcm91bmRDYXJ0IGlucHV0IHsKICB3aWR0aDogMjUxcHg7CiAgaGVpZ2h0OiA1MXB4OwogIGJhY2tncm91bmQ6dXJsKGh0dHA6Ly9pbWFnZS5yYWt1dGVuLmNvLmpwL2tvYmUtYmJzaG9wL2NhYmluZXQvMDI0MDAxOTMva2FpbW9ub2NhZ28uZ2lmKSAjZmNmY2ZjIG5vLXJlcGVhdDsKICBvdmVyZmxvdzogaGlkZGVuOwogIGJvcmRlci13aWR0aDogMHB4OwogIGN1cnNvcjogcG9pbnRlciAhaW1wb3J0YW50OwogIHRleHQtaW5kZW50OiAxNTAlOwogIHdoaXRlLXNwYWNlOiBub3dyYXA7CiAgbWFyZ2luOiA1cHggMCAwIDA7Cn0KCgovKoKAyv3I68GmKi8KI3Jha3V0ZW5MaW1pdGVkSWRfYXJvdW5kQ2FydCBpbnB1dCN1bml0cyB7CiAgYm9yZGVyOnNvbGlkICNjY2MgMXB4OwogIGJhY2tncm91bmQ6I2ZmZiFpbXBvcnRhbnQ7CiAgd2lkdGg6NTBweDsKICBoZWlnaHQ6NTBweDsKICBjdXJzb3I6YXV0bzsKICBwYWRkaW5nOjdweCA3cHggN3B4IDNweDsKICB0ZXh0LWluZGVudDogMHB4OwogIG92ZXJmbG93OiBoaWRkZW47Cn0KCgovKqSqhpakpLrPpO+ku6Xcpb+l8yovCiNyYWt1dGVuTGltaXRlZElkX2Fyb3VuZENhcnQgZm9udCBpbnB1dCB7CiAgd2lkdGg6IDMwMXB4OwogIGhlaWdodDogMzFweDsKICBiYWNrZ3JvdW5kOnVybChodHRwczovL2ltYWdlLnJha3V0ZW4uY28uanAva29iZS1iYnNob3AvY2FiaW5ldC8wMjQwMDE5My9pbWdyYzAwNjI1Mzg2MTguZ2lmKSAjZmNmY2ZjIG5vLXJlcGVhdDsKICBvdmVyZmxvdzogaGlkZGVuOwogIGJvcmRlci13aWR0aDogMHB4OwogIGN1cnNvcjogcG9pbnRlcjsKICBkaXNwbGF5OiBibG9jazsKfQoKCiNyYWt1dGVuTGltaXRlZElkX2Fyb3VuZENhcnQgI3NlcnZpY2VUYWJsZVNtbCB0ZC5mYXZvcml0ZSB7CndpZHRoOiAzMDBweCAhaW1wb3J0YW50Owp9Cjwvc3R5bGU+CgoKPHA+PGJyPgo8L3A+,TUlDS0mhoaXdpaSl86XIoaEysb6jusS+pM6kqqTipMGk46PCo66jwqOuo9OjyKPPo9A=,xL6kzqSqpOKkwaTjpKqk4qTBpOOkxKTfpK2ks6TJpOKl16Xspbyl86XIpKqkt6TjpNak6rPgpMGk46Tzs/auYtejpKSl2aXTqWDEvtF1zea+382vvt/wXtaq0/3N5r7fpc2l1W5lYWalz6XQSEFCQUxhUaXppa2l5alg2Zuk6s7vpdypYKXrTUlDS0mhoaXdpaSl86XIoaEysb4=,ob4xM5VypN6kx6TOpLTXos7EpMe8tMjVsGvLzT+hv6GjTUlDS0mhoaXdpaSl86XIoaEysb4=[rn]
40-32934,aHR0cDovL3RzaG9wLnIxMHMuanAva29iZS1iYnNob3AvY2FiaW5ldC8wMjQwMDE5My8wMzEzMzk0NS9mb2xrbGlmdDAuZ2lmP2ZpdGluPTcwMDo3MDA=,ODk4NS42MDAw,,pKqk4qTBpOM/pdul06lgP6WyqWCl4CA+IKSqpOKkwaTjID4g3Ic/64rchz/G+9yHpM6kqqTipMGk4yA+IOuK3Ic/xvvchz+l7Klgpes=,ob7LzcHPn2/Bz6G/pdWlqalgpa+l6qXVpcgvZmFndXMvxL6kzqSqpOKkwaTjL9aq0/3N5r7fL6XJpaSlxC/EvtF1zea+36G+UkNQob8=,ob4xM5VypN6kx6TOpLTXos7EpMe8tMjVsGvLzT+hvw==,PGlmcmFtZSBmcmFtZWJvcmRlcj0iMCIgc3JjPSJodHRwczovL3d3dy5yYWt1dGVuLm5lLmpwL2dvbGQva29iZS1iYnNob3AvZmFndXMtZm9sa2xpZnQuaHRtbCIgd2lkdGg9IjY3MCIgaGVpZ2h0PSIxMTcwIiBzY3JvbGxpbmc9IkFVVE8iPjwvaWZyYW1lPjxzdHlsZT4KLyrZSaSkzu+lq6W0pdylv6XzKi8KI3Jha3V0ZW5MaW1pdGVkSWRfYXJvdW5kQ2FydCBpbnB1dCB7CiAgd2lkdGg6IDI1MXB4OwogIGhlaWdodDogNTFweDsKICBiYWNrZ3JvdW5kOnVybChodHRwOi8vaW1hZ2UucmFrdXRlbi5jby5qcC9rb2JlLWJic2hvcC9jYWJpbmV0LzAyNDAwMTkzL2thaW1vbm9jYWdvLmdpZikgI2ZjZmNmYyBuby1yZXBlYXQ7CiAgb3ZlcmZsb3c6IGhpZGRlbjsKICBib3JkZXItd2lkdGg6IDBweDsKICBjdXJzb3I6IHBvaW50ZXIgIWltcG9ydGFudDsKICB0ZXh0LWluZGVudDogMTUwJTsKICB3aGl0ZS1zcGFjZTogbm93cmFwOwogIG1hcmdpbjogNXB4IDAgMCAwOwp9CgoKLyqCgMr9yOvBpiovCiNyYWt1dGVuTGltaXRlZElkX2Fyb3VuZENhcnQgaW5wdXQjdW5pdHMgewogIGJvcmRlcjpzb2xpZCAjY2NjIDFweDsKICBiYWNrZ3JvdW5kOiNmZmYhaW1wb3J0YW50OwogIHdpZHRoOjUwcHg7CiAgaGVpZ2h0OjUwcHg7CiAgY3Vyc29yOmF1dG87CiAgcGFkZGluZzo3cHggN3B4IDdweCAzcHg7CiAgdGV4dC1pbmRlbnQ6IDBweDsKICBvdmVyZmxvdzogaGlkZGVuOwp9CgoKLyqkqoaWpKS6z6TvpLul3KW/pfMqLwojcmFrdXRlbkxpbWl0ZWRJZF9hcm91bmRDYXJ0IGZvbnQgaW5wdXQgewogIHdpZHRoOiAzMDFweDsKICBoZWlnaHQ6IDMxcHg7CiAgYmFja2dyb3VuZDp1cmwoaHR0cHM6Ly9pbWFnZS5yYWt1dGVuLmNvLmpwL2tvYmUtYmJzaG9wL2NhYmluZXQvMDI0MDAxOTMvaW1ncmMwMDYyNTM4NjE4LmdpZikgI2ZjZmNmYyBuby1yZXBlYXQ7CiAgb3ZlcmZsb3c6IGhpZGRlbjsKICBib3JkZXItd2lkdGg6IDBweDsKICBjdXJzb3I6IHBvaW50ZXI7CiAgZGlzcGxheTogYmxvY2s7Cn0KCgojcmFrdXRlbkxpbWl0ZWRJZF9hcm91bmRDYXJ0ICNzZXJ2aWNlVGFibGVTbWwgdGQuZmF2b3JpdGUgewp3aWR0aDogMzAwcHggIWltcG9ydGFudDsKfQo8L3N0eWxlPgoKCjxwPjxicj4KPC9wPg==,ob7LzcHPn2/Bz6G/pdWlqalgpa+l6qXVpcgvZmFndXMvxL6kzqSqpOKkwaTjL9aq0/3N5r7fL6XJpaSlxC/EvtF1zea+36G+UkNQob+jusS+pM6kqqTipMGk46PCo66jwqOuo9OjyKPPo9A=,xL6kzqSqpOKkwaTjpKqk4qTBpOOkxKTfpK2ks6TJpOKl16Xspbyl86XIpKqkt6TjpNak6rPgpMGk46Tzs/auYtejpKSl2aXTqWDEvtF1zea+382vvt/wXtaq0/3N5r7fpc2l1W5lYWalz6XQSEFCQUxhUaXppa2l5alg2Zuk6s7vpdypYKXrob7LzcHPn2/Bz6G/pdWlqalgpa+l6qXVpcgvZmFndXMvxL6kzqSqpOKkwaTjL9aq0/3N5r7fL6XJpaSlxC/EvtF1zea+36G+UkNQob8=,ob4xM5VypN6kx6TOpLTXos7EpMe8tMjVsGvLzT+hv6Gjob7LzcHPn2/Bz6G/pdWlqalgpa+l6qXVpcgvZmFndXMvxL6kzqSqpOKkwaTjL9aq0/3N5r7fL6XJpaSlxC/EvtF1zea+36G+UkNQob8=[rn]
40-32935,aHR0cDovL3RzaG9wLnIxMHMuanAvZ3Jvb3ZlcGxhbi9jYWJpbmV0L21hL2t1eTU4NTYuanBnP2ZpdGluPTcwMDo3MDA=,MjQxOS4yMDAw,,pKqk4qTBpOM/pdul06lgP6WyqWCl4CA+IKSqpOKkwaTjID4g3Ic/64rchz/G+9yHpM6kqqTipMGk4yA+IOuK3Ic/xvvchz+l7Klgpes=,pK2kq6TzpLek46XIqWCl3qW5IMS+0XWl7Klgpeult6XqqWCluiClsaWkpcil6qXzIKXepcal6yDEvqTOpKqk4qTBpOM=,mUPpdtyHpcipYKXepbkg64rchyCl3qXGpesgvsml6algpcul86WwpaupYKXW,PFAgQUxJR049Y2VudGVyPjxGT05UIENPTE9SPSM5OTAwMDAgU0laRT0rMT48Qj6kraSrpPOkt6TjpcipYKXepbnEvtF1peypYKXrpbel6qlgpbo8L0I+PC9GT05UPjxGT05UIFNJWkU9LTE+PEI+oaE8L0I+PC9GT05UPjxCUj4gPEJSPiA8Rk9OVCBDT0xPUj0jOTkwMDAwIFNJWkU9KzE+PEI+ofGh8aHxpbGlpKXIpeql86HxofGh8TwvQj48QlI+PEJSPiA8L0ZPTlQ+IDxDRU5URVI+IDxUQUJMRSBDRUxMU1BBQ0lORz0wIENFTExQQURESU5HPTggQkdDT0xPUj0jZmZmZmZmPiA8VFI+IDxURCBBTElHTj1sZWZ0IFdJRFRIPTU1MSBIRUlHSFQ9MzU+PEZPTlQgQ09MT1I9IzAwMDA5OSBTSVpFPSswPjxCPqXIqWCl3qW5xL7RdaXsqWCl66W3peqpYKW6pM/ch4FJoaK+gMK3oaK9qM7vpMqkyaSsobikraSrpPOkt6TjpcipYKXepbmhuaTOpail1KW9qWClyaTy1tKMZ6TL1NmsRqS3pMakpKTepLmho76Awrek8r1NpN/BoqTGpMahoplD6Xbch6Ty19Sk6aTOytakx9ffpOmku6TrpLOkyKTH19O5qaTOz+vP8cGmpPLT/aTGpOvWqtP9zea+36TIpLekxqTO1HWB/aTiuN+kpLTzyMua3aTOpKqk4qTBpOOlt6XqqWCluqTHpLmhoyAgPEJSPiAgICAgICA8L0I+PC9GT05UPjxGT05UIENPTE9SPSMwMDAwOTkgU0laRT0rMD48Qj48QlI+ICAgICAgIDwvQj48L0ZPTlQ+PC9URD4gICAgIDwvVFI+ICAgIDwvVEFCTEU+IDwvQ0VOVEVSPiA8Q0VOVEVSPiA8VEFCTEUgQ0VMTFNQQUNJTkc9MCBDRUxMUEFERElORz04IEJHQ09MT1I9I2ZmZmZmZiBCT1JERVI9MT4gPFRSPiA8VEQgQUxJR049bGVmdCBXSURUSD01NTEgSEVJR0hUPTM1PjxGT05UIFNJWkU9LTE+P8vYoaGyxKO6zOzIu8S+oaKjwaPCo9OhouKfPEJSPiAgICAgP9F11Oy5+qO61tC5+jxCUj4gICAgIDwvRk9OVD4gICAgIDwvVEQ+ICAgICA8L1RSPiAgICA8L1RBQkxFPiA8VEFCTEUgQ0VMTFNQQUNJTkc9MCBDRUxMUEFERElORz0wIEJHQ09MT1I9I2ZmZmZmZj4gPFRSPiA8VEQgQUxJR049cmlnaHQgV0lEVEg9NTUwIEhFSUdIVD0zNT48Rk9OVCBDT0xPUj0jY2NjY2NjIFNJWkU9LTE+udzA7aPJo8ShuCM1Kmt1eTU4NTahuTwvRk9OVD48L1REPiAgICAgPC9UUj4gICAgPC9UQUJMRT4gPC9DRU5URVI+IDxDRU5URVI+PC9DRU5URVI+IDxQPjxCUj48c3R5bGUgdHlwZT0idGV4dC9jc3MiPgogIDwhLS0KICAgICAgICAjcmFrdXRlbkxpbWl0ZWRJZF9hcm91bmRDYXJ0IGlucHV0W3ZhbHVlPSLZSaSkzu+kq6S0pMvI66TspOsiXSB7CiAgICAgICAgYmFja2dyb3VuZDogdXJsKCJodHRwOi8vaW1hZ2UucmFrdXRlbi5jby5qcC9ncm9vdmVwbGFuL2NhYmluZXQvc296YWlfcjE3M2EuanBnIikgbGVmdCB0b3Agbm8tcmVwZWF0OwogICAgICAgIHdpZHRoOiAyNDBweDsgLyq3+SovCiAgICAgICAgaGVpZ2h0OiA1MHB4OyAvKrjfpLUqLwogICAgICAgIHRleHQtaW5kZW50OiAxMDAlOwogICAgICAgIHdoaXRlLXNwYWNlOiBub3dyYXA7CiAgICAgICAgb3ZlcmZsb3c6IGhpZGRlbjsKICAgICAgICBib3JkZXI6IG5vbmU7CiAgICAgICAgcGFkZGluZzogMDsKICAgICAgICBtYXJnaW4tdG9wOiA1cHggMDsKICAgICAgICBjdXJzb3I6IHBvaW50ZXI7CiAgICAgICAgfQogIC0tPgo8L3N0eWxlPgoKCjxicj4KPHA+PGltZyBzcmM9Imh0dHA6Ly9pbWFnZS5yYWt1dGVuLmNvLmpwL2dyb292ZXBsYW4vY2FiaW5ldC9yYW5raW5nL2thdGVnb3JpMS5naWYiIHdpZHRoPSI3MTYiIGhlaWdodD0iMzAiIGJvcmRlcj0iMCI+PGJyPgo8L3A+PHRhYmxlIHdpZHRoPSIzNTUiIGhlaWdodD0iMjQwIj4KICA8dGJvZHk+CiAgICA8dHI+CiAgICAgIDx0ZD48aW1nIHNyYz0iaHR0cDovL2ltYWdlLnJha3V0ZW4uY28uanAvZ3Jvb3ZlcGxhbi9jYWJpbmV0L3JhbmtpbmcvazVrYXNhdGF0ZS5qcGciIHdpZHRoPSIzNTUiIGhlaWdodD0iMTAwIiBib3JkZXI9IjAiPjwvdGQ+CiAgICAgIDx0ZD48aW1nIHNyYz0iaHR0cDovL2ltYWdlLnJha3V0ZW4uY28uanAvZ3Jvb3ZlcGxhbi9jYWJpbmV0L3JhbmtpbmcvazVzdXJpcHBhcmFra3UuanBnIiB3aWR0aD0iMzU1IiBoZWlnaHQ9IjEwMCIgYm9yZGVyPSIwIj48L3RkPgogICAgPC90cj4KICAgIDx0cj4KICAgICAgPHRkPjxpbWcgc3JjPSJodHRwOi8vaW1hZ2UucmFrdXRlbi5jby5qcC9ncm9vdmVwbGFuL2NhYmluZXQvcmFua2luZy9rNWdvbWliYWtvLmpwZyIgd2lkdGg9IjM1NSIgaGVpZ2h0PSIxMDAiIGJvcmRlcj0iMCI+PC90ZD4KICAgICAgPHRkPjxpbWcgc3JjPSJodHRwOi8vaW1hZ2UucmFrdXRlbi5jby5qcC9ncm9vdmVwbGFuL2NhYmluZXQvcmFua2luZy9rNXdoby1ydXN1dGVra2EuanBnIiB3aWR0aD0iMzU1IiBoZWlnaHQ9IjEwMCIgYm9yZGVyPSIwIj48L3RkPgogICAgPC90cj4KICAgIDx0cj4KICAgICAgPHRkPjxpbWcgc3JjPSJodHRwOi8vaW1hZ2UucmFrdXRlbi5jby5qcC9ncm9vdmVwbGFuL2NhYmluZXQvcmFua2luZy9rNW5hbm5idXRla2tpLmpwZyIgd2lkdGg9IjM1NSIgaGVpZ2h0PSIxMDAiIGJvcmRlcj0iMCI+PC90ZD4KICAgICAgPHRkPjxpbWcgc3JjPSJodHRwOi8vaW1hZ2UucmFrdXRlbi5jby5qcC9ncm9vdmVwbGFuL2NhYmluZXQvcmFua2luZy9rNWp5b3NlaHUuanBnIiB3aWR0aD0iMzU1IiBoZWlnaHQ9IjEwMCIgYm9yZGVyPSIwIj48L3RkPgogICAgPC90cj4KICAgIDx0cj4KICAgICAgPHRkPjxpbWcgc3JjPSJodHRwOi8vaW1hZ2UucmFrdXRlbi5jby5qcC9ncm9vdmVwbGFuL2NhYmluZXQvcmFua2luZy9rNWdlbmthbm1hdHRvb2t1Z2FpLmpwZyIgd2lkdGg9IjM1NSIgaGVpZ2h0PSIxMDAiIGJvcmRlcj0iMCI+PC90ZD4KICAgICAgPHRkPjxpbWcgc3JjPSJodHRwOi8vaW1hZ2UucmFrdXRlbi5jby5qcC9ncm9vdmVwbGFuL2NhYmluZXQvcmFua2luZy9rNWp5b3Vyby5qcGciIHdpZHRoPSIzNTUiIGhlaWdodD0iMTAwIiBib3JkZXI9IjAiPjwvdGQ+CiAgICA8L3RyPgogICAgPHRyPgogICAgICA8dGQ+PGltZyBzcmM9Imh0dHA6Ly9pbWFnZS5yYWt1dGVuLmNvLmpwL2dyb292ZXBsYW4vY2FiaW5ldC9yYW5raW5nL2s1YmVudG91YmFrby5qcGciIHdpZHRoPSIzNTUiIGhlaWdodD0iMTAwIiBib3JkZXI9IjAiPjwvdGQ+CiAgICAgIDx0ZD48aW1nIHNyYz0iaHR0cDovL2ltYWdlLnJha3V0ZW4uY28uanAvZ3Jvb3ZlcGxhbi9jYWJpbmV0L3JhbmtpbmcvazVzZWUuanBnIiB3aWR0aD0iMzU1IiBoZWlnaHQ9IjEwMCIgYm9yZGVyPSIwIj48L3RkPgogICAgPC90cj4KICAgIDx0cj4KICAgICAgPHRkPjxpbWcgc3JjPSJodHRwOi8vaW1hZ2UucmFrdXRlbi5jby5qcC9ncm9vdmVwbGFuL2NhYmluZXQvcmFua2luZy9rNXNhc2FraS5qcGciIHdpZHRoPSIzNTUiIGhlaWdodD0iMTAwIiBib3JkZXI9IjAiPjwvdGQ+CiAgICAgIDx0ZD48aW1nIHNyYz0iaHR0cDovL2ltYWdlLnJha3V0ZW4uY28uanAvZ3Jvb3ZlcGxhbi9jYWJpbmV0L3JhbmtpbmcvazVzZWx0ZXZpZS5qcGciIHdpZHRoPSIzNTUiIGhlaWdodD0iMTAwIiBib3JkZXI9IjAiPjxicj4KICAgICAgPC90ZD4KICAgIDwvdHI+CiAgPHRyPgogICAgICA8dGQ+PGltZyBzcmM9Imh0dHA6Ly9pbWFnZS5yYWt1dGVuLmNvLmpwL2dyb292ZXBsYW4vY2FiaW5ldC9yYW5raW5nL2s1cmV6YS1ha3VzZS5qcGciIHdpZHRoPSIzNTUiIGhlaWdodD0iMTAwIiBib3JkZXI9IjAiPjwvdGQ+CiAgICAgIDx0ZD48aW1nIHNyYz0iaHR0cDovL2ltYWdlLnJha3V0ZW4uY28uanAvZ3Jvb3ZlcGxhbi9jYWJpbmV0L3JhbmtpbmcvazVwZ2RlemFpbi5qcGciIHdpZHRoPSIzNTUiIGhlaWdodD0iMTAwIiBib3JkZXI9IjAiPjxicj4KICAgICAgPC90ZD4KICAgIDwvdHI+CiAgPHRyPgogICAgICA8dGQ+PGltZyBzcmM9Imh0dHA6Ly9pbWFnZS5yYWt1dGVuLmNvLmpwL2dyb292ZXBsYW4vY2FiaW5ldC9yYW5raW5nL2s1ZGVzdWt1bWF3YXJpLmpwZyIgd2lkdGg9IjM1NSIgaGVpZ2h0PSIxMDAiIGJvcmRlcj0iMCI+PC90ZD4KICAgICAgPHRkPjxpbWcgc3JjPSJodHRwOi8vaW1hZ2UucmFrdXRlbi5jby5qcC9ncm9vdmVwbGFuL2NhYmluZXQvcmFua2luZy9rNXdob3J1cG9rZXR0by5qcGciIHdpZHRoPSIzNTUiIGhlaWdodD0iMTAwIiBib3JkZXI9IjAiPjxicj4KICAgICAgPC90ZD4KICAgIDwvdHI+CiAgPC90Ym9keT4KPC90YWJsZT4KPGJyPjxwIGFsaWduPSJjZW50ZXIiPjxJTUcgc3JjPSJodHRwOi8vaW1hZ2UucmFrdXRlbi5jby5qcC9ncm9vdmVwbGFuL2NhYmluZXQvb20vb21kYjIwMzBiLmpwZyIgd2lkdGg9IjcxNiIgaGVpZ2h0PSIxNTAiIGJvcmRlcj0iMCI+PEJSPgo8cCBhbGlnbj0iY2VudGVyIj48SU1HIHNyYz0iaHR0cDovL2ltYWdlLnJha3V0ZW4uY28uanAvZ3Jvb3ZlcGxhbi9jYWJpbmV0L3JhbmtpbmcvcGxhbnRveXMxNy5qcGciIHdpZHRoPSI3MTYiIGhlaWdodD0iMTUwIiBib3JkZXI9IjAiPjxCUj4KPEJSPgo8SU1HIHNyYz0iaHR0cDovL2ltYWdlLnJha3V0ZW4uY28uanAvZ3Jvb3ZlcGxhbi9jYWJpbmV0L3JhbmtpbmcvYnJpbzE3LmpwZyIgd2lkdGg9IjcxNiIgaGVpZ2h0PSIxNTAiIGJvcmRlcj0iMCI+PEJSPgo8QlI+CjxJTUcgc3JjPSJodHRwOi8vaW1hZ2UucmFrdXRlbi5jby5qcC9ncm9vdmVwbGFuL2NhYmluZXQvcmFua2luZy90by1tYXN1MTcuanBnIiB3aWR0aD0iNzE2IiBoZWlnaHQ9IjE1MCIgYm9yZGVyPSIwIj48QlI+CjxCUj4KPElNRyBzcmM9Imh0dHA6Ly9pbWFnZS5yYWt1dGVuLmNvLmpwL2dyb292ZXBsYW4vY2FiaW5ldC9tby9oYXBlMS5qcGciIHdpZHRoPSI3MTYiIGhlaWdodD0iMTUwIiBib3JkZXI9IjAiPjxCUj4KPEJSPgo8SU1HIHNyYz0iaHR0cDovL2ltYWdlLnJha3V0ZW4uY28uanAvZ3Jvb3ZlcGxhbi9jYWJpbmV0L3JhbmtpbmcvamV0b3kyLmpwZyIgd2lkdGg9IjcxNiIgaGVpZ2h0PSIxNTAiIGJvcmRlcj0iMCI+PEJSPgo8QlI+CjwvcD48aW1nIHNyYz0iaHR0cDovL2ltYWdlLnJha3V0ZW4uY28uanAvZ3Jvb3ZlcGxhbi9jYWJpbmV0L2Zvb3RlcjEzLmpwZyIgc3R5bGU9ImJvcmRlcjogMXB4IHNvbGlkICM1RkM1RUM7Ij48cCBhbGlnbj0iY2VudGVyIj48QlI+CjxGT05UIGNvbG9yPSIjNjY2NjY2IiBzaXplPSItMSI+o/yjyKPPo82jxaP8u+HJ57jF0qqj/KWrqWClyKTO1tCk8tKKpOsgo/yYU8zsytCI9qP8PC9GT05UPjxCUj4KPEJSPgo8Rk9OVCBjb2xvcj0iIzY2NjY2NiIgc2l6ZT0iLTEiPihjKWNvcHlyaWdodCAyMDA4LTIwMTYgR1JPT1ZFUExBTiBhbGwgcmlnaHRzIHJlc2VydmVkLjwvRk9OVD48QlI+CjwvcD4=,pK2kq6TzpLek46XIqWCl3qW5IMS+0XWl7Klgpeult6XqqWCluiClsaWkpcil6qXzIKXepcal6yDEvqTOpKqk4qTBpOOjuqWwpeupYKX0pdel6aXzmFPM7MrQiPa16g==,xL6kzqSqpOKkwaTjpaypYKXHpfOlqqlgpcql4aXzpcjWqtP9zea+36XXpeml86XIpaSluaWkpcOlwaXXpeypYKXIpdal6qWqpbOlpKXkqWCl3qXDpcil6aWtpeWpYKPCo9KjyaPPpailyaWkpfOlv6lgt2Wk38S+o8qjxaPUo8+j2WhhcGXEvtF1peypYKXrpbilp6XIpaRjaG9vY2hvb7G+xW7I6ZpupbGpYKW5pbul7KWvpb+lz6XQpaalqalgpeul3aWxpcOlyKStpKuk86S3pOOlyKlgpd6luSDEvtF1peypYKXrpbel6qlgpbogpbGlpKXIpeql8yCl3qXGpesgxL6kzqSqpOKkwaTj,mUPpdtyHpcipYKXepbkg64rchyCl3qXGpesgvsml6algpcul86WwpaupYKXWoaOkraSrpPOkt6TjpcipYKXepbkgxL7RdaXsqWCl66W3peqpYKW6IKWxpaSlyKXqpfMgpd6lxqXrIMS+pM6kqqTipMGk4w==[rn]
40-32936,aHR0cDovL3RzaG9wLnIxMHMuanAvZ3Jvb3ZlcGxhbi9jYWJpbmV0L21hL2t1eTQwOTQuanBnP2ZpdGluPTcwMDo3MDA=,NDE0Ny4yMDAw,,pKqk4qTBpOM/pdul06lgP6WyqWCl4CA+IKSqpOKkwaTjID4g3Ic/64rchz/G+9yHpM6kqqTipMGk4yA+IOuK3Ic/xvvchz+l7Klgpes=,pK2kq6TzpLek46XIqWCl3qW5IMS+0XWl7Klgpeult6XqqWCluiClpqXDpcmlwaXDpdGpYCCl3qXGpesgxL6kzqSqpOKkwaTj,mUPpdtyHpcipYKXepbkg64rchyCl3qXGpesgvsml6algpcul86WwpaupYKXW,PFAgQUxJR049Y2VudGVyPjxGT05UIENPTE9SPSM5OTAwMDAgU0laRT0rMT48Qj6kraSrpPOkt6TjpcipYKXepbnEvtF1peypYKXrpbel6qlgpbo8L0I+PC9GT05UPjxGT05UIFNJWkU9LTE+PEI+oaE8L0I+PC9GT05UPjxCUj4gPEJSPiA8Rk9OVCBDT0xPUj0jOTkwMDAwIFNJWkU9KzE+PEI+ofGh8aHxpaalw6XJpcGlw6XRqWCh8aHxofE8L0I+PEJSPjxCUj4gPC9GT05UPiA8Q0VOVEVSPiA8VEFCTEUgQ0VMTFNQQUNJTkc9MCBDRUxMUEFERElORz04IEJHQ09MT1I9I2ZmZmZmZj4gPFRSPiA8VEQgQUxJR049bGVmdCBXSURUSD01NTEgSEVJR0hUPTM1PjxGT05UIENPTE9SPSMwMDAwOTkgU0laRT0rMD48Qj6lyKlgpd6lucS+0XWl7Klgpeult6XqqWCluqTP3IeBSaGivoDCt6GivajO76TKpMmkrKG4pK2kq6TzpLek46XIqWCl3qW5obmkzqWopdSlvalgpcmk8tbSjGeky9TZrEakt6TGpKSk3qS5oaO+gMK3pPK9TaTfwaKkxqTGoaKZQ+l23Iek8tfUpOmkzsrWpMfX36TppLuk66SzpMikx9fTuamkzs/rz/HBpqTy0/2kxqTr1qrT/c3mvt+kyKS3pMakztR1gf2k4rjfpKS088jLmt2kzqSqpOKkwaTjpbel6qlgpbqkx6S5oaMgIDxCUj4gICAgICAgPC9CPjwvRk9OVD48Rk9OVCBDT0xPUj0jMDAwMDk5IFNJWkU9KzA+PEI+PEJSPiAgICAgICA8L0I+PC9GT05UPjwvVEQ+ICAgICA8L1RSPiAgICA8L1RBQkxFPiA8L0NFTlRFUj4gPENFTlRFUj4gPFRBQkxFIENFTExTUEFDSU5HPTAgQ0VMTFBBRERJTkc9OCBCR0NPTE9SPSNmZmZmZmYgQk9SREVSPTE+IDxUUj4gPFREIEFMSUdOPWxlZnQgV0lEVEg9NTUxIEhFSUdIVD0zNT48Rk9OVCBTSVpFPS0xPj/RddTsufqjutbQufo8QlI+ICAgICA8L0ZPTlQ+ICAgICA8L1REPiAgICAgPC9UUj4gICAgPC9UQUJMRT4gPFRBQkxFIENFTExTUEFDSU5HPTAgQ0VMTFBBRERJTkc9MCBCR0NPTE9SPSNmZmZmZmY+IDxUUj4gPFREIEFMSUdOPXJpZ2h0IFdJRFRIPTU1MCBIRUlHSFQ9MzU+PEZPTlQgQ09MT1I9I2NjY2NjYyBTSVpFPS0xPrncwO2jyaPEobgjNSprdXk0MDk0obk8L0ZPTlQ+PC9URD4gICAgIDwvVFI+ICAgIDwvVEFCTEU+IDwvQ0VOVEVSPiA8Q0VOVEVSPjwvQ0VOVEVSPiA8UD48QlI+PHN0eWxlIHR5cGU9InRleHQvY3NzIj4KICA8IS0tCiAgICAgICAgI3Jha3V0ZW5MaW1pdGVkSWRfYXJvdW5kQ2FydCBpbnB1dFt2YWx1ZT0i2UmkpM7vpKuktKTLyOuk7KTrIl0gewogICAgICAgIGJhY2tncm91bmQ6IHVybCgiaHR0cDovL2ltYWdlLnJha3V0ZW4uY28uanAvZ3Jvb3ZlcGxhbi9jYWJpbmV0L3NvemFpX3IxNzNhLmpwZyIpIGxlZnQgdG9wIG5vLXJlcGVhdDsKICAgICAgICB3aWR0aDogMjQwcHg7IC8qt/kqLwogICAgICAgIGhlaWdodDogNTBweDsgLyq436S1Ki8KICAgICAgICB0ZXh0LWluZGVudDogMTAwJTsKICAgICAgICB3aGl0ZS1zcGFjZTogbm93cmFwOwogICAgICAgIG92ZXJmbG93OiBoaWRkZW47CiAgICAgICAgYm9yZGVyOiBub25lOwogICAgICAgIHBhZGRpbmc6IDA7CiAgICAgICAgbWFyZ2luLXRvcDogNXB4IDA7CiAgICAgICAgY3Vyc29yOiBwb2ludGVyOwogICAgICAgIH0KICAtLT4KPC9zdHlsZT4KCgo8YnI+CjxwPjxpbWcgc3JjPSJodHRwOi8vaW1hZ2UucmFrdXRlbi5jby5qcC9ncm9vdmVwbGFuL2NhYmluZXQvcmFua2luZy9rYXRlZ29yaTEuZ2lmIiB3aWR0aD0iNzE2IiBoZWlnaHQ9IjMwIiBib3JkZXI9IjAiPjxicj4KPC9wPjx0YWJsZSB3aWR0aD0iMzU1IiBoZWlnaHQ9IjI0MCI+CiAgPHRib2R5PgogICAgPHRyPgogICAgICA8dGQ+PGltZyBzcmM9Imh0dHA6Ly9pbWFnZS5yYWt1dGVuLmNvLmpwL2dyb292ZXBsYW4vY2FiaW5ldC9yYW5raW5nL2s1a2FzYXRhdGUuanBnIiB3aWR0aD0iMzU1IiBoZWlnaHQ9IjEwMCIgYm9yZGVyPSIwIj48L3RkPgogICAgICA8dGQ+PGltZyBzcmM9Imh0dHA6Ly9pbWFnZS5yYWt1dGVuLmNvLmpwL2dyb292ZXBsYW4vY2FiaW5ldC9yYW5raW5nL2s1c3VyaXBwYXJha2t1LmpwZyIgd2lkdGg9IjM1NSIgaGVpZ2h0PSIxMDAiIGJvcmRlcj0iMCI+PC90ZD4KICAgIDwvdHI+CiAgICA8dHI+CiAgICAgIDx0ZD48aW1nIHNyYz0iaHR0cDovL2ltYWdlLnJha3V0ZW4uY28uanAvZ3Jvb3ZlcGxhbi9jYWJpbmV0L3JhbmtpbmcvazVnb21pYmFrby5qcGciIHdpZHRoPSIzNTUiIGhlaWdodD0iMTAwIiBib3JkZXI9IjAiPjwvdGQ+CiAgICAgIDx0ZD48aW1nIHNyYz0iaHR0cDovL2ltYWdlLnJha3V0ZW4uY28uanAvZ3Jvb3ZlcGxhbi9jYWJpbmV0L3JhbmtpbmcvazV3aG8tcnVzdXRla2thLmpwZyIgd2lkdGg9IjM1NSIgaGVpZ2h0PSIxMDAiIGJvcmRlcj0iMCI+PC90ZD4KICAgIDwvdHI+CiAgICA8dHI+CiAgICAgIDx0ZD48aW1nIHNyYz0iaHR0cDovL2ltYWdlLnJha3V0ZW4uY28uanAvZ3Jvb3ZlcGxhbi9jYWJpbmV0L3JhbmtpbmcvazVuYW5uYnV0ZWtraS5qcGciIHdpZHRoPSIzNTUiIGhlaWdodD0iMTAwIiBib3JkZXI9IjAiPjwvdGQ+CiAgICAgIDx0ZD48aW1nIHNyYz0iaHR0cDovL2ltYWdlLnJha3V0ZW4uY28uanAvZ3Jvb3ZlcGxhbi9jYWJpbmV0L3JhbmtpbmcvazVqeW9zZWh1LmpwZyIgd2lkdGg9IjM1NSIgaGVpZ2h0PSIxMDAiIGJvcmRlcj0iMCI+PC90ZD4KICAgIDwvdHI+CiAgICA8dHI+CiAgICAgIDx0ZD48aW1nIHNyYz0iaHR0cDovL2ltYWdlLnJha3V0ZW4uY28uanAvZ3Jvb3ZlcGxhbi9jYWJpbmV0L3JhbmtpbmcvazVnZW5rYW5tYXR0b29rdWdhaS5qcGciIHdpZHRoPSIzNTUiIGhlaWdodD0iMTAwIiBib3JkZXI9IjAiPjwvdGQ+CiAgICAgIDx0ZD48aW1nIHNyYz0iaHR0cDovL2ltYWdlLnJha3V0ZW4uY28uanAvZ3Jvb3ZlcGxhbi9jYWJpbmV0L3JhbmtpbmcvazVqeW91cm8uanBnIiB3aWR0aD0iMzU1IiBoZWlnaHQ9IjEwMCIgYm9yZGVyPSIwIj48L3RkPgogICAgPC90cj4KICAgIDx0cj4KICAgICAgPHRkPjxpbWcgc3JjPSJodHRwOi8vaW1hZ2UucmFrdXRlbi5jby5qcC9ncm9vdmVwbGFuL2NhYmluZXQvcmFua2luZy9rNWJlbnRvdWJha28uanBnIiB3aWR0aD0iMzU1IiBoZWlnaHQ9IjEwMCIgYm9yZGVyPSIwIj48L3RkPgogICAgICA8dGQ+PGltZyBzcmM9Imh0dHA6Ly9pbWFnZS5yYWt1dGVuLmNvLmpwL2dyb292ZXBsYW4vY2FiaW5ldC9yYW5raW5nL2s1c2VlLmpwZyIgd2lkdGg9IjM1NSIgaGVpZ2h0PSIxMDAiIGJvcmRlcj0iMCI+PC90ZD4KICAgIDwvdHI+CiAgICA8dHI+CiAgICAgIDx0ZD48aW1nIHNyYz0iaHR0cDovL2ltYWdlLnJha3V0ZW4uY28uanAvZ3Jvb3ZlcGxhbi9jYWJpbmV0L3JhbmtpbmcvazVzYXNha2kuanBnIiB3aWR0aD0iMzU1IiBoZWlnaHQ9IjEwMCIgYm9yZGVyPSIwIj48L3RkPgogICAgICA8dGQ+PGltZyBzcmM9Imh0dHA6Ly9pbWFnZS5yYWt1dGVuLmNvLmpwL2dyb292ZXBsYW4vY2FiaW5ldC9yYW5raW5nL2s1c2VsdGV2aWUuanBnIiB3aWR0aD0iMzU1IiBoZWlnaHQ9IjEwMCIgYm9yZGVyPSIwIj48YnI+CiAgICAgIDwvdGQ+CiAgICA8L3RyPgogIDx0cj4KICAgICAgPHRkPjxpbWcgc3JjPSJodHRwOi8vaW1hZ2UucmFrdXRlbi5jby5qcC9ncm9vdmVwbGFuL2NhYmluZXQvcmFua2luZy9rNXJlemEtYWt1c2UuanBnIiB3aWR0aD0iMzU1IiBoZWlnaHQ9IjEwMCIgYm9yZGVyPSIwIj48L3RkPgogICAgICA8dGQ+PGltZyBzcmM9Imh0dHA6Ly9pbWFnZS5yYWt1dGVuLmNvLmpwL2dyb292ZXBsYW4vY2FiaW5ldC9yYW5raW5nL2s1cGdkZXphaW4uanBnIiB3aWR0aD0iMzU1IiBoZWlnaHQ9IjEwMCIgYm9yZGVyPSIwIj48YnI+CiAgICAgIDwvdGQ+CiAgICA8L3RyPgogIDx0cj4KICAgICAgPHRkPjxpbWcgc3JjPSJodHRwOi8vaW1hZ2UucmFrdXRlbi5jby5qcC9ncm9vdmVwbGFuL2NhYmluZXQvcmFua2luZy9rNWRlc3VrdW1hd2FyaS5qcGciIHdpZHRoPSIzNTUiIGhlaWdodD0iMTAwIiBib3JkZXI9IjAiPjwvdGQ+CiAgICAgIDx0ZD48aW1nIHNyYz0iaHR0cDovL2ltYWdlLnJha3V0ZW4uY28uanAvZ3Jvb3ZlcGxhbi9jYWJpbmV0L3JhbmtpbmcvazV3aG9ydXBva2V0dG8uanBnIiB3aWR0aD0iMzU1IiBoZWlnaHQ9IjEwMCIgYm9yZGVyPSIwIj48YnI+CiAgICAgIDwvdGQ+CiAgICA8L3RyPgogIDwvdGJvZHk+CjwvdGFibGU+Cjxicj48cCBhbGlnbj0iY2VudGVyIj48SU1HIHNyYz0iaHR0cDovL2ltYWdlLnJha3V0ZW4uY28uanAvZ3Jvb3ZlcGxhbi9jYWJpbmV0L29tL29tZGIyMDMwYi5qcGciIHdpZHRoPSI3MTYiIGhlaWdodD0iMTUwIiBib3JkZXI9IjAiPjxCUj4KPHAgYWxpZ249ImNlbnRlciI+PElNRyBzcmM9Imh0dHA6Ly9pbWFnZS5yYWt1dGVuLmNvLmpwL2dyb292ZXBsYW4vY2FiaW5ldC9yYW5raW5nL3BsYW50b3lzMTcuanBnIiB3aWR0aD0iNzE2IiBoZWlnaHQ9IjE1MCIgYm9yZGVyPSIwIj48QlI+CjxCUj4KPElNRyBzcmM9Imh0dHA6Ly9pbWFnZS5yYWt1dGVuLmNvLmpwL2dyb292ZXBsYW4vY2FiaW5ldC9yYW5raW5nL2JyaW8xNy5qcGciIHdpZHRoPSI3MTYiIGhlaWdodD0iMTUwIiBib3JkZXI9IjAiPjxCUj4KPEJSPgo8SU1HIHNyYz0iaHR0cDovL2ltYWdlLnJha3V0ZW4uY28uanAvZ3Jvb3ZlcGxhbi9jYWJpbmV0L3JhbmtpbmcvdG8tbWFzdTE3LmpwZyIgd2lkdGg9IjcxNiIgaGVpZ2h0PSIxNTAiIGJvcmRlcj0iMCI+PEJSPgo8QlI+CjxJTUcgc3JjPSJodHRwOi8vaW1hZ2UucmFrdXRlbi5jby5qcC9ncm9vdmVwbGFuL2NhYmluZXQvbW8vaGFwZTEuanBnIiB3aWR0aD0iNzE2IiBoZWlnaHQ9IjE1MCIgYm9yZGVyPSIwIj48QlI+CjxCUj4KPElNRyBzcmM9Imh0dHA6Ly9pbWFnZS5yYWt1dGVuLmNvLmpwL2dyb292ZXBsYW4vY2FiaW5ldC9yYW5raW5nL2pldG95Mi5qcGciIHdpZHRoPSI3MTYiIGhlaWdodD0iMTUwIiBib3JkZXI9IjAiPjxCUj4KPEJSPgo8L3A+PGltZyBzcmM9Imh0dHA6Ly9pbWFnZS5yYWt1dGVuLmNvLmpwL2dyb292ZXBsYW4vY2FiaW5ldC9mb290ZXIxMy5qcGciIHN0eWxlPSJib3JkZXI6IDFweCBzb2xpZCAjNUZDNUVDOyI+PHAgYWxpZ249ImNlbnRlciI+PEJSPgo8Rk9OVCBjb2xvcj0iIzY2NjY2NiIgc2l6ZT0iLTEiPqP8o8ijz6PNo8Wj/Lvhyee4xdKqo/ylq6lgpcikztbQpPLSiqTrIKP8mFPM7MrQiPaj/DwvRk9OVD48QlI+CjxCUj4KPEZPTlQgY29sb3I9IiM2NjY2NjYiIHNpemU9Ii0xIj4oYyljb3B5cmlnaHQgMjAwOC0yMDE2IEdST09WRVBMQU4gYWxsIHJpZ2h0cyByZXNlcnZlZC48L0ZPTlQ+PEJSPgo8L3A+,pK2kq6TzpLek46XIqWCl3qW5IMS+0XWl7Klgpeult6XqqWCluiClpqXDpcmlwaXDpdGpYCCl3qXGpesgxL6kzqSqpOKkwaTjo7qlsKXrqWCl9KXXpeml85hTzOzK0Ij2teo=,xL6kzqSqpOKkwaTjpaypYKXHpfOlqqlgpcql4aXzpcjWqtP9zea+36XXpeml86XIpaSluaWkpcOlwaXXpeypYKXIpdal6qWqpbOlpKXkqWCl3qXDpcil6aWtpeWpYKPCo9KjyaPPpailyaWkpfOlv6lgt2Wk38S+o8qjxaPUo8+j2WhhcGXEvtF1peypYKXrpbilp6XIpaRjaG9vY2hvb7G+xW7I6ZpupbGpYKW5pbul7KWvpb+lz6XQpaalqalgpeul3aWxpcOlyKStpKuk86S3pOOlyKlgpd6luSDEvtF1peypYKXrpbel6qlgpbogpaalw6XJpcGlw6XRqWAgpd6lxqXrIMS+pM6kqqTipMGk4w==,mUPpdtyHpcipYKXepbkg64rchyCl3qXGpesgvsml6algpcul86WwpaupYKXWoaOkraSrpPOkt6TjpcipYKXepbkgxL7RdaXsqWCl66W3peqpYKW6IKWmpcOlyaXBpcOl0algIKXepcal6yDEvqTOpKqk4qTBpOM=[rn]
40-32937,aHR0cDovL3RzaG9wLnIxMHMuanAvZ3Jvb3ZlcGxhbi9jYWJpbmV0L21hL2t1eTQwNzIuanBnP2ZpdGluPTcwMDo3MDA=,MjMwNC4wMDAw,,pKqk4qTBpOM/pdul06lgP6WyqWCl4CA+IKSqpOKkwaTjID4g3Ic/64rchz/G+9yHpM6kqqTipMGk4yA+IOuK3Ic/xvvchz+l7Klgpes=,pK2kq6TzpLek46XIqWCl3qW5IMS+0XWl7Klgpeult6XqqWCluiCl2KXzpeqpYCCl3qXGpesgxL6kzqSqpOKkwaTj,mUPpdtyHpcipYKXepbkg64rchyCl3qXGpesgvsml6algpcul86WwpaupYKXW,PFAgQUxJR049Y2VudGVyPjxGT05UIENPTE9SPSM5OTAwMDAgU0laRT0rMT48Qj6kraSrpPOkt6TjpcipYKXepbnEvtF1peypYKXrpbel6qlgpbo8L0I+PC9GT05UPjxGT05UIFNJWkU9LTE+PEI+oaE8L0I+PC9GT05UPjxCUj4gPEJSPiA8Rk9OVCBDT0xPUj0jOTkwMDAwIFNJWkU9KzE+PEI+ofGh8aHxpdil86XqqWCh8aHxofE8L0I+PEJSPjxCUj4gPC9GT05UPiA8Q0VOVEVSPiA8VEFCTEUgQ0VMTFNQQUNJTkc9MCBDRUxMUEFERElORz04IEJHQ09MT1I9I2ZmZmZmZj4gPFRSPiA8VEQgQUxJR049bGVmdCBXSURUSD01NTEgSEVJR0hUPTM1PjxGT05UIENPTE9SPSMwMDAwOTkgU0laRT0rMD48Qj6lyKlgpd6lucS+0XWl7Klgpeult6XqqWCluqTP3IeBSaGivoDCt6GivajO76TKpMmkrKG4pK2kq6TzpLek46XIqWCl3qW5obmkzqWopdSlvalgpcmk8tbSjGeky9TZrEakt6TGpKSk3qS5oaO+gMK3pPK9TaTfwaKkxqTGoaKZQ+l23Iek8tfUpOmkzsrWpMfX36TppLuk66SzpMikx9fTuamkzs/rz/HBpqTy0/2kxqTr1qrT/c3mvt+kyKS3pMakztR1gf2k4rjfpKS088jLmt2kzqSqpOKkwaTjpbel6qlgpbqkx6S5oaMgIDxCUj4gICAgICAgPC9CPjwvRk9OVD48Rk9OVCBDT0xPUj0jMDAwMDk5IFNJWkU9KzA+PEI+PEJSPiAgICAgICA8L0I+PC9GT05UPjwvVEQ+ICAgICA8L1RSPiAgICA8L1RBQkxFPiA8L0NFTlRFUj4gPENFTlRFUj4gPFRBQkxFIENFTExTUEFDSU5HPTAgQ0VMTFBBRERJTkc9OCBCR0NPTE9SPSNmZmZmZmYgQk9SREVSPTE+IDxUUj4gPFREIEFMSUdOPWxlZnQgV0lEVEg9NTUxIEhFSUdIVD0zNT48Rk9OVCBTSVpFPS0xPj/L2KGhssSjuszsyLvEvqGio8GjwqPToaLinzxCUj4gICAgID/RddTsufqjutbQufo8QlI+ICAgICA8L0ZPTlQ+ICAgICA8L1REPiAgICAgPC9UUj4gICAgPC9UQUJMRT4gPFRBQkxFIENFTExTUEFDSU5HPTAgQ0VMTFBBRERJTkc9MCBCR0NPTE9SPSNmZmZmZmY+IDxUUj4gPFREIEFMSUdOPXJpZ2h0IFdJRFRIPTU1MCBIRUlHSFQ9MzU+PEZPTlQgQ09MT1I9I2NjY2NjYyBTSVpFPS0xPrncwO2jyaPEobgjNSprdXk0MDcyobk8L0ZPTlQ+PC9URD4gICAgIDwvVFI+ICAgIDwvVEFCTEU+IDwvQ0VOVEVSPiA8Q0VOVEVSPjwvQ0VOVEVSPiA8UD48QlI+PHN0eWxlIHR5cGU9InRleHQvY3NzIj4KICA8IS0tCiAgICAgICAgI3Jha3V0ZW5MaW1pdGVkSWRfYXJvdW5kQ2FydCBpbnB1dFt2YWx1ZT0i2UmkpM7vpKuktKTLyOuk7KTrIl0gewogICAgICAgIGJhY2tncm91bmQ6IHVybCgiaHR0cDovL2ltYWdlLnJha3V0ZW4uY28uanAvZ3Jvb3ZlcGxhbi9jYWJpbmV0L3NvemFpX3IxNzNhLmpwZyIpIGxlZnQgdG9wIG5vLXJlcGVhdDsKICAgICAgICB3aWR0aDogMjQwcHg7IC8qt/kqLwogICAgICAgIGhlaWdodDogNTBweDsgLyq436S1Ki8KICAgICAgICB0ZXh0LWluZGVudDogMTAwJTsKICAgICAgICB3aGl0ZS1zcGFjZTogbm93cmFwOwogICAgICAgIG92ZXJmbG93OiBoaWRkZW47CiAgICAgICAgYm9yZGVyOiBub25lOwogICAgICAgIHBhZGRpbmc6IDA7CiAgICAgICAgbWFyZ2luLXRvcDogNXB4IDA7CiAgICAgICAgY3Vyc29yOiBwb2ludGVyOwogICAgICAgIH0KICAtLT4KPC9zdHlsZT4KCgo8YnI+CjxwPjxpbWcgc3JjPSJodHRwOi8vaW1hZ2UucmFrdXRlbi5jby5qcC9ncm9vdmVwbGFuL2NhYmluZXQvcmFua2luZy9rYXRlZ29yaTEuZ2lmIiB3aWR0aD0iNzE2IiBoZWlnaHQ9IjMwIiBib3JkZXI9IjAiPjxicj4KPC9wPjx0YWJsZSB3aWR0aD0iMzU1IiBoZWlnaHQ9IjI0MCI+CiAgPHRib2R5PgogICAgPHRyPgogICAgICA8dGQ+PGltZyBzcmM9Imh0dHA6Ly9pbWFnZS5yYWt1dGVuLmNvLmpwL2dyb292ZXBsYW4vY2FiaW5ldC9yYW5raW5nL2s1a2FzYXRhdGUuanBnIiB3aWR0aD0iMzU1IiBoZWlnaHQ9IjEwMCIgYm9yZGVyPSIwIj48L3RkPgogICAgICA8dGQ+PGltZyBzcmM9Imh0dHA6Ly9pbWFnZS5yYWt1dGVuLmNvLmpwL2dyb292ZXBsYW4vY2FiaW5ldC9yYW5raW5nL2s1c3VyaXBwYXJha2t1LmpwZyIgd2lkdGg9IjM1NSIgaGVpZ2h0PSIxMDAiIGJvcmRlcj0iMCI+PC90ZD4KICAgIDwvdHI+CiAgICA8dHI+CiAgICAgIDx0ZD48aW1nIHNyYz0iaHR0cDovL2ltYWdlLnJha3V0ZW4uY28uanAvZ3Jvb3ZlcGxhbi9jYWJpbmV0L3JhbmtpbmcvazVnb21pYmFrby5qcGciIHdpZHRoPSIzNTUiIGhlaWdodD0iMTAwIiBib3JkZXI9IjAiPjwvdGQ+CiAgICAgIDx0ZD48aW1nIHNyYz0iaHR0cDovL2ltYWdlLnJha3V0ZW4uY28uanAvZ3Jvb3ZlcGxhbi9jYWJpbmV0L3JhbmtpbmcvazV3aG8tcnVzdXRla2thLmpwZyIgd2lkdGg9IjM1NSIgaGVpZ2h0PSIxMDAiIGJvcmRlcj0iMCI+PC90ZD4KICAgIDwvdHI+CiAgICA8dHI+CiAgICAgIDx0ZD48aW1nIHNyYz0iaHR0cDovL2ltYWdlLnJha3V0ZW4uY28uanAvZ3Jvb3ZlcGxhbi9jYWJpbmV0L3JhbmtpbmcvazVuYW5uYnV0ZWtraS5qcGciIHdpZHRoPSIzNTUiIGhlaWdodD0iMTAwIiBib3JkZXI9IjAiPjwvdGQ+CiAgICAgIDx0ZD48aW1nIHNyYz0iaHR0cDovL2ltYWdlLnJha3V0ZW4uY28uanAvZ3Jvb3ZlcGxhbi9jYWJpbmV0L3JhbmtpbmcvazVqeW9zZWh1LmpwZyIgd2lkdGg9IjM1NSIgaGVpZ2h0PSIxMDAiIGJvcmRlcj0iMCI+PC90ZD4KICAgIDwvdHI+CiAgICA8dHI+CiAgICAgIDx0ZD48aW1nIHNyYz0iaHR0cDovL2ltYWdlLnJha3V0ZW4uY28uanAvZ3Jvb3ZlcGxhbi9jYWJpbmV0L3JhbmtpbmcvazVnZW5rYW5tYXR0b29rdWdhaS5qcGciIHdpZHRoPSIzNTUiIGhlaWdodD0iMTAwIiBib3JkZXI9IjAiPjwvdGQ+CiAgICAgIDx0ZD48aW1nIHNyYz0iaHR0cDovL2ltYWdlLnJha3V0ZW4uY28uanAvZ3Jvb3ZlcGxhbi9jYWJpbmV0L3JhbmtpbmcvazVqeW91cm8uanBnIiB3aWR0aD0iMzU1IiBoZWlnaHQ9IjEwMCIgYm9yZGVyPSIwIj48L3RkPgogICAgPC90cj4KICAgIDx0cj4KICAgICAgPHRkPjxpbWcgc3JjPSJodHRwOi8vaW1hZ2UucmFrdXRlbi5jby5qcC9ncm9vdmVwbGFuL2NhYmluZXQvcmFua2luZy9rNWJlbnRvdWJha28uanBnIiB3aWR0aD0iMzU1IiBoZWlnaHQ9IjEwMCIgYm9yZGVyPSIwIj48L3RkPgogICAgICA8dGQ+PGltZyBzcmM9Imh0dHA6Ly9pbWFnZS5yYWt1dGVuLmNvLmpwL2dyb292ZXBsYW4vY2FiaW5ldC9yYW5raW5nL2s1c2VlLmpwZyIgd2lkdGg9IjM1NSIgaGVpZ2h0PSIxMDAiIGJvcmRlcj0iMCI+PC90ZD4KICAgIDwvdHI+CiAgICA8dHI+CiAgICAgIDx0ZD48aW1nIHNyYz0iaHR0cDovL2ltYWdlLnJha3V0ZW4uY28uanAvZ3Jvb3ZlcGxhbi9jYWJpbmV0L3JhbmtpbmcvazVzYXNha2kuanBnIiB3aWR0aD0iMzU1IiBoZWlnaHQ9IjEwMCIgYm9yZGVyPSIwIj48L3RkPgogICAgICA8dGQ+PGltZyBzcmM9Imh0dHA6Ly9pbWFnZS5yYWt1dGVuLmNvLmpwL2dyb292ZXBsYW4vY2FiaW5ldC9yYW5raW5nL2s1c2VsdGV2aWUuanBnIiB3aWR0aD0iMzU1IiBoZWlnaHQ9IjEwMCIgYm9yZGVyPSIwIj48YnI+CiAgICAgIDwvdGQ+CiAgICA8L3RyPgogIDx0cj4KICAgICAgPHRkPjxpbWcgc3JjPSJodHRwOi8vaW1hZ2UucmFrdXRlbi5jby5qcC9ncm9vdmVwbGFuL2NhYmluZXQvcmFua2luZy9rNXJlemEtYWt1c2UuanBnIiB3aWR0aD0iMzU1IiBoZWlnaHQ9IjEwMCIgYm9yZGVyPSIwIj48L3RkPgogICAgICA8dGQ+PGltZyBzcmM9Imh0dHA6Ly9pbWFnZS5yYWt1dGVuLmNvLmpwL2dyb292ZXBsYW4vY2FiaW5ldC9yYW5raW5nL2s1cGdkZXphaW4uanBnIiB3aWR0aD0iMzU1IiBoZWlnaHQ9IjEwMCIgYm9yZGVyPSIwIj48YnI+CiAgICAgIDwvdGQ+CiAgICA8L3RyPgogIDx0cj4KICAgICAgPHRkPjxpbWcgc3JjPSJodHRwOi8vaW1hZ2UucmFrdXRlbi5jby5qcC9ncm9vdmVwbGFuL2NhYmluZXQvcmFua2luZy9rNWRlc3VrdW1hd2FyaS5qcGciIHdpZHRoPSIzNTUiIGhlaWdodD0iMTAwIiBib3JkZXI9IjAiPjwvdGQ+CiAgICAgIDx0ZD48aW1nIHNyYz0iaHR0cDovL2ltYWdlLnJha3V0ZW4uY28uanAvZ3Jvb3ZlcGxhbi9jYWJpbmV0L3JhbmtpbmcvazV3aG9ydXBva2V0dG8uanBnIiB3aWR0aD0iMzU1IiBoZWlnaHQ9IjEwMCIgYm9yZGVyPSIwIj48YnI+CiAgICAgIDwvdGQ+CiAgICA8L3RyPgogIDwvdGJvZHk+CjwvdGFibGU+Cjxicj48cCBhbGlnbj0iY2VudGVyIj48SU1HIHNyYz0iaHR0cDovL2ltYWdlLnJha3V0ZW4uY28uanAvZ3Jvb3ZlcGxhbi9jYWJpbmV0L29tL29tZGIyMDMwYi5qcGciIHdpZHRoPSI3MTYiIGhlaWdodD0iMTUwIiBib3JkZXI9IjAiPjxCUj4KPHAgYWxpZ249ImNlbnRlciI+PElNRyBzcmM9Imh0dHA6Ly9pbWFnZS5yYWt1dGVuLmNvLmpwL2dyb292ZXBsYW4vY2FiaW5ldC9yYW5raW5nL3BsYW50b3lzMTcuanBnIiB3aWR0aD0iNzE2IiBoZWlnaHQ9IjE1MCIgYm9yZGVyPSIwIj48QlI+CjxCUj4KPElNRyBzcmM9Imh0dHA6Ly9pbWFnZS5yYWt1dGVuLmNvLmpwL2dyb292ZXBsYW4vY2FiaW5ldC9yYW5raW5nL2JyaW8xNy5qcGciIHdpZHRoPSI3MTYiIGhlaWdodD0iMTUwIiBib3JkZXI9IjAiPjxCUj4KPEJSPgo8SU1HIHNyYz0iaHR0cDovL2ltYWdlLnJha3V0ZW4uY28uanAvZ3Jvb3ZlcGxhbi9jYWJpbmV0L3JhbmtpbmcvdG8tbWFzdTE3LmpwZyIgd2lkdGg9IjcxNiIgaGVpZ2h0PSIxNTAiIGJvcmRlcj0iMCI+PEJSPgo8QlI+CjxJTUcgc3JjPSJodHRwOi8vaW1hZ2UucmFrdXRlbi5jby5qcC9ncm9vdmVwbGFuL2NhYmluZXQvbW8vaGFwZTEuanBnIiB3aWR0aD0iNzE2IiBoZWlnaHQ9IjE1MCIgYm9yZGVyPSIwIj48QlI+CjxCUj4KPElNRyBzcmM9Imh0dHA6Ly9pbWFnZS5yYWt1dGVuLmNvLmpwL2dyb292ZXBsYW4vY2FiaW5ldC9yYW5raW5nL2pldG95Mi5qcGciIHdpZHRoPSI3MTYiIGhlaWdodD0iMTUwIiBib3JkZXI9IjAiPjxCUj4KPEJSPgo8L3A+PGltZyBzcmM9Imh0dHA6Ly9pbWFnZS5yYWt1dGVuLmNvLmpwL2dyb292ZXBsYW4vY2FiaW5ldC9mb290ZXIxMy5qcGciIHN0eWxlPSJib3JkZXI6IDFweCBzb2xpZCAjNUZDNUVDOyI+PHAgYWxpZ249ImNlbnRlciI+PEJSPgo8Rk9OVCBjb2xvcj0iIzY2NjY2NiIgc2l6ZT0iLTEiPqP8o8ijz6PNo8Wj/Lvhyee4xdKqo/ylq6lgpcikztbQpPLSiqTrIKP8mFPM7MrQiPaj/DwvRk9OVD48QlI+CjxCUj4KPEZPTlQgY29sb3I9IiM2NjY2NjYiIHNpemU9Ii0xIj4oYyljb3B5cmlnaHQgMjAwOC0yMDE2IEdST09WRVBMQU4gYWxsIHJpZ2h0cyByZXNlcnZlZC48L0ZPTlQ+PEJSPgo8L3A+,pK2kq6TzpLek46XIqWCl3qW5IMS+0XWl7Klgpeult6XqqWCluiCl2KXzpeqpYCCl3qXGpesgxL6kzqSqpOKkwaTjo7qlsKXrqWCl9KXXpeml85hTzOzK0Ij2teo=,xL6kzqSqpOKkwaTjpaypYKXHpfOlqqlgpcql4aXzpcjWqtP9zea+36XXpeml86XIpaSluaWkpcOlwaXXpeypYKXIpdal6qWqpbOlpKXkqWCl3qXDpcil6aWtpeWpYKPCo9KjyaPPpailyaWkpfOlv6lgt2Wk38S+o8qjxaPUo8+j2WhhcGXEvtF1peypYKXrpbilp6XIpaRjaG9vY2hvb7G+xW7I6ZpupbGpYKW5pbul7KWvpb+lz6XQpaalqalgpeul3aWxpcOlyKStpKuk86S3pOOlyKlgpd6luSDEvtF1peypYKXrpbel6qlgpbogpdil86XqqWAgpd6lxqXrIMS+pM6kqqTipMGk4w==,mUPpdtyHpcipYKXepbkg64rchyCl3qXGpesgvsml6algpcul86WwpaupYKXWoaOkraSrpPOkt6TjpcipYKXepbkgxL7RdaXsqWCl66W3peqpYKW6IKXYpfOl6qlgIKXepcal6yDEvqTOpKqk4qTBpOM=[rn]
40-32938,aHR0cDovL3RzaG9wLnIxMHMuanAvZ3Jvb3ZlcGxhbi9jYWJpbmV0L21hL2t1eTQzODguanBnP2ZpdGluPTcwMDo3MDA=,MTMxNi4wMDAw,,pKqk4qTBpOM/pdul06lgP6WyqWCl4CA+IKSqpOKkwaTjID4g3Ic/64rchz/G+9yHpM6kqqTipMGk4yA+IOuK3Ic/xvvchz+l7Klgpes=,pK2kq6TzpLek46XIqWCl3qW5IMS+0XWl7Klgpeult6XqqWCluiCl7KXLpaKluSDch4FJIKXepcal6yDEvqTOpKqk4qTBpOMgob6koqS5mFOMnY/qob8=,mUPpdtyHpcipYKXepbkg64rchyCl3qXGpesgvsml6algpcul86WwpaupYKXW,PEEgaHJlZj0iaHR0cDovL2V2ZW50LnJha3V0ZW4uY28uanAvYXN1cmFrdS9hYm91dC8iPjxpbWcgc3JjPSJodHRwOi8vaW1hZ2UucmFrdXRlbi5jby5qcC9ncm9vdmVwbGFuL2NhYmluZXQvMDAwMDA0MTAuanBnIiBib3JkZXI9IjAiPjwvQT48UCBBTElHTj1jZW50ZXI+PEZPTlQgQ09MT1I9Izk5MDAwMCBTSVpFPSsxPjxCPqStpKuk86S3pOOlyKlgpd6lucS+0XWl7Klgpeult6XqqWClujwvQj48L0ZPTlQ+PEZPTlQgU0laRT0tMT48Qj6hoTwvQj48L0ZPTlQ+PEJSPiA8QlI+IDxGT05UIENPTE9SPSM5OTAwMDAgU0laRT0rMT48Qj6h8aHxofGl7KXLpaKluaHxofGh8TwvQj48QlI+PEJSPiA8L0ZPTlQ+IDxDRU5URVI+IDxUQUJMRSBDRUxMU1BBQ0lORz0wIENFTExQQURESU5HPTggQkdDT0xPUj0jZmZmZmZmPiA8VFI+IDxURCBBTElHTj1sZWZ0IFdJRFRIPTU1MSBIRUlHSFQ9MzU+PEZPTlQgQ09MT1I9IzAwMDA5OSBTSVpFPSswPjxCPqXIqWCl3qW5xL7RdaXsqWCl66W3peqpYKW6pM/ch4FJoaK+gMK3oaK9qM7vpMqkyaSsobikraSrpPOkt6TjpcipYKXepbmhuaTOpail1KW9qWClyaTy1tKMZ6TL1NmsRqS3pMakpKTepLmho76Awrek8r1NpN/BoqTGpMahoplD6Xbch6Ty19Sk6aTOytakx9ffpOmku6TrpLOkyKTH19O5qaTOz+vP8cGmpPLT/aTGpOvWqtP9zea+36TIpLekxqTO1HWB/aTiuN+kpLTzyMua3aTOpKqk4qTBpOOlt6XqqWCluqTHpLmhoyAgPEJSPiAgICAgICA8L0I+PC9GT05UPjxGT05UIENPTE9SPSMwMDAwOTkgU0laRT0rMD48Qj48QlI+ICAgICAgIDwvQj48L0ZPTlQ+PC9URD4gICAgIDwvVFI+ICAgIDwvVEFCTEU+IDwvQ0VOVEVSPiA8Q0VOVEVSPiA8VEFCTEUgQ0VMTFNQQUNJTkc9MCBDRUxMUEFERElORz04IEJHQ09MT1I9I2ZmZmZmZiBCT1JERVI9MT4gPFRSPiA8VEQgQUxJR049bGVmdCBXSURUSD01NTEgSEVJR0hUPTM1PjxGT05UIFNJWkU9LTE+P8vYoaGyxKO6zOzIu8S+oaKjwaPCo9OhouKfPEJSPiAgICAgP9F11Oy5+qO61tC5+jxCUj4gICAgIDwvRk9OVD4gICAgIDwvVEQ+ICAgICA8L1RSPiAgICA8L1RBQkxFPiA8VEFCTEUgQ0VMTFNQQUNJTkc9MCBDRUxMUEFERElORz0wIEJHQ09MT1I9I2ZmZmZmZj4gPFRSPiA8VEQgQUxJR049cmlnaHQgV0lEVEg9NTUwIEhFSUdIVD0zNT48Rk9OVCBDT0xPUj0jY2NjY2NjIFNJWkU9LTE+udzA7aPJo8ShuCM1Kmt1eTQzODihuTwvRk9OVD48L1REPiAgICAgPC9UUj4gICAgPC9UQUJMRT4gPC9DRU5URVI+IDxDRU5URVI+PC9DRU5URVI+IDxQPjxCUj48c3R5bGUgdHlwZT0idGV4dC9jc3MiPgogIDwhLS0KICAgICAgICAjcmFrdXRlbkxpbWl0ZWRJZF9hcm91bmRDYXJ0IGlucHV0W3ZhbHVlPSLZSaSkzu+kq6S0pMvI66TspOsiXSB7CiAgICAgICAgYmFja2dyb3VuZDogdXJsKCJodHRwOi8vaW1hZ2UucmFrdXRlbi5jby5qcC9ncm9vdmVwbGFuL2NhYmluZXQvc296YWlfcjE3M2EuanBnIikgbGVmdCB0b3Agbm8tcmVwZWF0OwogICAgICAgIHdpZHRoOiAyNDBweDsgLyq3+SovCiAgICAgICAgaGVpZ2h0OiA1MHB4OyAvKrjfpLUqLwogICAgICAgIHRleHQtaW5kZW50OiAxMDAlOwogICAgICAgIHdoaXRlLXNwYWNlOiBub3dyYXA7CiAgICAgICAgb3ZlcmZsb3c6IGhpZGRlbjsKICAgICAgICBib3JkZXI6IG5vbmU7CiAgICAgICAgcGFkZGluZzogMDsKICAgICAgICBtYXJnaW4tdG9wOiA1cHggMDsKICAgICAgICBjdXJzb3I6IHBvaW50ZXI7CiAgICAgICAgfQogIC0tPgo8L3N0eWxlPgoKCjxicj4KPHA+PGltZyBzcmM9Imh0dHA6Ly9pbWFnZS5yYWt1dGVuLmNvLmpwL2dyb292ZXBsYW4vY2FiaW5ldC9yYW5raW5nL2thdGVnb3JpMS5naWYiIHdpZHRoPSI3MTYiIGhlaWdodD0iMzAiIGJvcmRlcj0iMCI+PGJyPgo8L3A+PHRhYmxlIHdpZHRoPSIzNTUiIGhlaWdodD0iMjQwIj4KICA8dGJvZHk+CiAgICA8dHI+CiAgICAgIDx0ZD48aW1nIHNyYz0iaHR0cDovL2ltYWdlLnJha3V0ZW4uY28uanAvZ3Jvb3ZlcGxhbi9jYWJpbmV0L3JhbmtpbmcvazVrYXNhdGF0ZS5qcGciIHdpZHRoPSIzNTUiIGhlaWdodD0iMTAwIiBib3JkZXI9IjAiPjwvdGQ+CiAgICAgIDx0ZD48aW1nIHNyYz0iaHR0cDovL2ltYWdlLnJha3V0ZW4uY28uanAvZ3Jvb3ZlcGxhbi9jYWJpbmV0L3JhbmtpbmcvazVzdXJpcHBhcmFra3UuanBnIiB3aWR0aD0iMzU1IiBoZWlnaHQ9IjEwMCIgYm9yZGVyPSIwIj48L3RkPgogICAgPC90cj4KICAgIDx0cj4KICAgICAgPHRkPjxpbWcgc3JjPSJodHRwOi8vaW1hZ2UucmFrdXRlbi5jby5qcC9ncm9vdmVwbGFuL2NhYmluZXQvcmFua2luZy9rNWdvbWliYWtvLmpwZyIgd2lkdGg9IjM1NSIgaGVpZ2h0PSIxMDAiIGJvcmRlcj0iMCI+PC90ZD4KICAgICAgPHRkPjxpbWcgc3JjPSJodHRwOi8vaW1hZ2UucmFrdXRlbi5jby5qcC9ncm9vdmVwbGFuL2NhYmluZXQvcmFua2luZy9rNXdoby1ydXN1dGVra2EuanBnIiB3aWR0aD0iMzU1IiBoZWlnaHQ9IjEwMCIgYm9yZGVyPSIwIj48L3RkPgogICAgPC90cj4KICAgIDx0cj4KICAgICAgPHRkPjxpbWcgc3JjPSJodHRwOi8vaW1hZ2UucmFrdXRlbi5jby5qcC9ncm9vdmVwbGFuL2NhYmluZXQvcmFua2luZy9rNW5hbm5idXRla2tpLmpwZyIgd2lkdGg9IjM1NSIgaGVpZ2h0PSIxMDAiIGJvcmRlcj0iMCI+PC90ZD4KICAgICAgPHRkPjxpbWcgc3JjPSJodHRwOi8vaW1hZ2UucmFrdXRlbi5jby5qcC9ncm9vdmVwbGFuL2NhYmluZXQvcmFua2luZy9rNWp5b3NlaHUuanBnIiB3aWR0aD0iMzU1IiBoZWlnaHQ9IjEwMCIgYm9yZGVyPSIwIj48L3RkPgogICAgPC90cj4KICAgIDx0cj4KICAgICAgPHRkPjxpbWcgc3JjPSJodHRwOi8vaW1hZ2UucmFrdXRlbi5jby5qcC9ncm9vdmVwbGFuL2NhYmluZXQvcmFua2luZy9rNWdlbmthbm1hdHRvb2t1Z2FpLmpwZyIgd2lkdGg9IjM1NSIgaGVpZ2h0PSIxMDAiIGJvcmRlcj0iMCI+PC90ZD4KICAgICAgPHRkPjxpbWcgc3JjPSJodHRwOi8vaW1hZ2UucmFrdXRlbi5jby5qcC9ncm9vdmVwbGFuL2NhYmluZXQvcmFua2luZy9rNWp5b3Vyby5qcGciIHdpZHRoPSIzNTUiIGhlaWdodD0iMTAwIiBib3JkZXI9IjAiPjwvdGQ+CiAgICA8L3RyPgogICAgPHRyPgogICAgICA8dGQ+PGltZyBzcmM9Imh0dHA6Ly9pbWFnZS5yYWt1dGVuLmNvLmpwL2dyb292ZXBsYW4vY2FiaW5ldC9yYW5raW5nL2s1YmVudG91YmFrby5qcGciIHdpZHRoPSIzNTUiIGhlaWdodD0iMTAwIiBib3JkZXI9IjAiPjwvdGQ+CiAgICAgIDx0ZD48aW1nIHNyYz0iaHR0cDovL2ltYWdlLnJha3V0ZW4uY28uanAvZ3Jvb3ZlcGxhbi9jYWJpbmV0L3JhbmtpbmcvazVzZWUuanBnIiB3aWR0aD0iMzU1IiBoZWlnaHQ9IjEwMCIgYm9yZGVyPSIwIj48L3RkPgogICAgPC90cj4KICAgIDx0cj4KICAgICAgPHRkPjxpbWcgc3JjPSJodHRwOi8vaW1hZ2UucmFrdXRlbi5jby5qcC9ncm9vdmVwbGFuL2NhYmluZXQvcmFua2luZy9rNXNhc2FraS5qcGciIHdpZHRoPSIzNTUiIGhlaWdodD0iMTAwIiBib3JkZXI9IjAiPjwvdGQ+CiAgICAgIDx0ZD48aW1nIHNyYz0iaHR0cDovL2ltYWdlLnJha3V0ZW4uY28uanAvZ3Jvb3ZlcGxhbi9jYWJpbmV0L3JhbmtpbmcvazVzZWx0ZXZpZS5qcGciIHdpZHRoPSIzNTUiIGhlaWdodD0iMTAwIiBib3JkZXI9IjAiPjxicj4KICAgICAgPC90ZD4KICAgIDwvdHI+CiAgPHRyPgogICAgICA8dGQ+PGltZyBzcmM9Imh0dHA6Ly9pbWFnZS5yYWt1dGVuLmNvLmpwL2dyb292ZXBsYW4vY2FiaW5ldC9yYW5raW5nL2s1cmV6YS1ha3VzZS5qcGciIHdpZHRoPSIzNTUiIGhlaWdodD0iMTAwIiBib3JkZXI9IjAiPjwvdGQ+CiAgICAgIDx0ZD48aW1nIHNyYz0iaHR0cDovL2ltYWdlLnJha3V0ZW4uY28uanAvZ3Jvb3ZlcGxhbi9jYWJpbmV0L3JhbmtpbmcvazVwZ2RlemFpbi5qcGciIHdpZHRoPSIzNTUiIGhlaWdodD0iMTAwIiBib3JkZXI9IjAiPjxicj4KICAgICAgPC90ZD4KICAgIDwvdHI+CiAgPHRyPgogICAgICA8dGQ+PGltZyBzcmM9Imh0dHA6Ly9pbWFnZS5yYWt1dGVuLmNvLmpwL2dyb292ZXBsYW4vY2FiaW5ldC9yYW5raW5nL2s1ZGVzdWt1bWF3YXJpLmpwZyIgd2lkdGg9IjM1NSIgaGVpZ2h0PSIxMDAiIGJvcmRlcj0iMCI+PC90ZD4KICAgICAgPHRkPjxpbWcgc3JjPSJodHRwOi8vaW1hZ2UucmFrdXRlbi5jby5qcC9ncm9vdmVwbGFuL2NhYmluZXQvcmFua2luZy9rNXdob3J1cG9rZXR0by5qcGciIHdpZHRoPSIzNTUiIGhlaWdodD0iMTAwIiBib3JkZXI9IjAiPjxicj4KICAgICAgPC90ZD4KICAgIDwvdHI+CiAgPC90Ym9keT4KPC90YWJsZT4KPGJyPjxwIGFsaWduPSJjZW50ZXIiPjxJTUcgc3JjPSJodHRwOi8vaW1hZ2UucmFrdXRlbi5jby5qcC9ncm9vdmVwbGFuL2NhYmluZXQvb20vb21kYjIwMzBiLmpwZyIgd2lkdGg9IjcxNiIgaGVpZ2h0PSIxNTAiIGJvcmRlcj0iMCI+PEJSPgo8cCBhbGlnbj0iY2VudGVyIj48SU1HIHNyYz0iaHR0cDovL2ltYWdlLnJha3V0ZW4uY28uanAvZ3Jvb3ZlcGxhbi9jYWJpbmV0L3JhbmtpbmcvcGxhbnRveXMxNy5qcGciIHdpZHRoPSI3MTYiIGhlaWdodD0iMTUwIiBib3JkZXI9IjAiPjxCUj4KPEJSPgo8SU1HIHNyYz0iaHR0cDovL2ltYWdlLnJha3V0ZW4uY28uanAvZ3Jvb3ZlcGxhbi9jYWJpbmV0L3JhbmtpbmcvYnJpbzE3LmpwZyIgd2lkdGg9IjcxNiIgaGVpZ2h0PSIxNTAiIGJvcmRlcj0iMCI+PEJSPgo8QlI+CjxJTUcgc3JjPSJodHRwOi8vaW1hZ2UucmFrdXRlbi5jby5qcC9ncm9vdmVwbGFuL2NhYmluZXQvcmFua2luZy90by1tYXN1MTcuanBnIiB3aWR0aD0iNzE2IiBoZWlnaHQ9IjE1MCIgYm9yZGVyPSIwIj48QlI+CjxCUj4KPElNRyBzcmM9Imh0dHA6Ly9pbWFnZS5yYWt1dGVuLmNvLmpwL2dyb292ZXBsYW4vY2FiaW5ldC9tby9oYXBlMS5qcGciIHdpZHRoPSI3MTYiIGhlaWdodD0iMTUwIiBib3JkZXI9IjAiPjxCUj4KPEJSPgo8SU1HIHNyYz0iaHR0cDovL2ltYWdlLnJha3V0ZW4uY28uanAvZ3Jvb3ZlcGxhbi9jYWJpbmV0L3JhbmtpbmcvamV0b3kyLmpwZyIgd2lkdGg9IjcxNiIgaGVpZ2h0PSIxNTAiIGJvcmRlcj0iMCI+PEJSPgo8QlI+CjwvcD48aW1nIHNyYz0iaHR0cDovL2ltYWdlLnJha3V0ZW4uY28uanAvZ3Jvb3ZlcGxhbi9jYWJpbmV0L2Zvb3RlcjEzLmpwZyIgc3R5bGU9ImJvcmRlcjogMXB4IHNvbGlkICM1RkM1RUM7Ij48cCBhbGlnbj0iY2VudGVyIj48QlI+CjxGT05UIGNvbG9yPSIjNjY2NjY2IiBzaXplPSItMSI+o/yjyKPPo82jxaP8u+HJ57jF0qqj/KWrqWClyKTO1tCk8tKKpOsgo/yYU8zsytCI9qP8PC9GT05UPjxCUj4KPEJSPgo8Rk9OVCBjb2xvcj0iIzY2NjY2NiIgc2l6ZT0iLTEiPihjKWNvcHlyaWdodCAyMDA4LTIwMTYgR1JPT1ZFUExBTiBhbGwgcmlnaHRzIHJlc2VydmVkLjwvRk9OVD48QlI+CjwvcD4=,pK2kq6TzpLek46XIqWCl3qW5IMS+0XWl7Klgpeult6XqqWCluiCl7KXLpaKluSDch4FJIKXepcal6yDEvqTOpKqk4qTBpOMgob6koqS5mFOMnY/qob+juqWwpeupYKX0pdel6aXzmFPM7MrQiPa16g==,xL6kzqSqpOKkwaTjpaypYKXHpfOlqqlgpcql4aXzpcjWqtP9zea+36XXpeml86XIpaSluaWkpcOlwaXXpeypYKXIpdal6qWqpbOlpKXkqWCl3qXDpcil6aWtpeWpYKPCo9KjyaPPpailyaWkpfOlv6lgt2Wk38S+o8qjxaPUo8+j2WhhcGXEvtF1peypYKXrpbilp6XIpaRjaG9vY2hvb7G+xW7I6ZpupbGpYKW5pbul7KWvpb+lz6XQpaalqalgpeul3aWxpcOlyKStpKuk86S3pOOlyKlgpd6luSDEvtF1peypYKXrpbel6qlgpbogpeyly6Wipbkg3IeBSSCl3qXGpesgxL6kzqSqpOKkwaTjIKG+pKKkuZhTjJ2P6qG/,mUPpdtyHpcipYKXepbkg64rchyCl3qXGpesgvsml6algpcul86WwpaupYKXWoaOkraSrpPOkt6TjpcipYKXepbkgxL7RdaXsqWCl66W3peqpYKW6IKXspculoqW5INyHgUkgpd6lxqXrIMS+pM6kqqTipMGk4yChvqSipLmYU4ydj+qhvw==[rn]
40-32939,aHR0cDovL3RzaG9wLnIxMHMuanAvZ3Jvb3ZlcGxhbi9jYWJpbmV0L21hL2t1eTUwMjUuanBnP2ZpdGluPTcwMDo3MDA=,MTMxNi4wMDAw,,pKqk4qTBpOM/pdul06lgP6WyqWCl4CA+IKSqpOKkwaTjID4g3Ic/64rchz/G+9yHpM6kqqTipMGk4yA+IOuK3Ic/xvvchz+l7Klgpes=,pK2kq6TzpLek46XIqWCl3qW5IMS+0XWl7Klgpeult6XqqWCluiCl0aWvpbmlyKXzIKXepcal6yDEvqTOpKqk4qTBpOMgob6koqS5mFOMnY/qob8=,mUPpdtyHpcipYKXepbkg64rchyCl3qXGpesgvsml6algpcul86WwpaupYKXW,PEEgaHJlZj0iaHR0cDovL2V2ZW50LnJha3V0ZW4uY28uanAvYXN1cmFrdS9hYm91dC8iPjxpbWcgc3JjPSJodHRwOi8vaW1hZ2UucmFrdXRlbi5jby5qcC9ncm9vdmVwbGFuL2NhYmluZXQvMDAwMDA0MTAuanBnIiBib3JkZXI9IjAiPjwvQT48UCBBTElHTj1jZW50ZXI+PEZPTlQgQ09MT1I9Izk5MDAwMCBTSVpFPSsxPjxCPqStpKuk86S3pOOlyKlgpd6lucS+0XWl7Klgpeult6XqqWClujwvQj48L0ZPTlQ+PEZPTlQgU0laRT0tMT48Qj6hoTwvQj48L0ZPTlQ+PEJSPiA8QlI+IDxGT05UIENPTE9SPSM5OTAwMDAgU0laRT0rMT48Qj6h8aHxofGl0aWvpbmlyKXzofGh8aHxPC9CPjxCUj48QlI+IDwvRk9OVD4gPENFTlRFUj4gPFRBQkxFIENFTExTUEFDSU5HPTAgQ0VMTFBBRERJTkc9OCBCR0NPTE9SPSNmZmZmZmY+IDxUUj4gPFREIEFMSUdOPWxlZnQgV0lEVEg9NTUxIEhFSUdIVD0zNT48Rk9OVCBDT0xPUj0jMDAwMDk5IFNJWkU9KzA+PEI+pcipYKXepbnEvtF1peypYKXrpbel6qlgpbqkz9yHgUmhor6Awrehor2ozu+kyqTJpKyhuKStpKuk86S3pOOlyKlgpd6luaG5pM6lqKXUpb2pYKXJpPLW0oxnpMvU2axGpLekxqSkpN6kuaGjvoDCt6TyvU2k38GipMakxqGimUPpdtyHpPLX1KTppM7K1qTH19+k6aS7pOuks6TIpMfX07mppM7P68/xwaak8tP9pMak69aq0/3N5r7fpMikt6TGpM7UdYH9pOK436SktPPIy5rdpM6kqqTipMGk46W3peqpYKW6pMekuaGjICA8QlI+ICAgICAgIDwvQj48L0ZPTlQ+PEZPTlQgQ09MT1I9IzAwMDA5OSBTSVpFPSswPjxCPjxCUj4gICAgICAgPC9CPjwvRk9OVD48L1REPiAgICAgPC9UUj4gICAgPC9UQUJMRT4gPC9DRU5URVI+IDxDRU5URVI+IDxUQUJMRSBDRUxMU1BBQ0lORz0wIENFTExQQURESU5HPTggQkdDT0xPUj0jZmZmZmZmIEJPUkRFUj0xPiA8VFI+IDxURCBBTElHTj1sZWZ0IFdJRFRIPTU1MSBIRUlHSFQ9MzU+PEZPTlQgU0laRT0tMT4/y9ihobLEo7rM7Mi7xL6hoqPBo8Kj06Gi4p88QlI+ICAgICA/0XXU7Ln6o7rW0Ln6PEJSPiAgICAgPC9GT05UPiAgICAgPC9URD4gICAgIDwvVFI+ICAgIDwvVEFCTEU+IDxUQUJMRSBDRUxMU1BBQ0lORz0wIENFTExQQURESU5HPTAgQkdDT0xPUj0jZmZmZmZmPiA8VFI+IDxURCBBTElHTj1yaWdodCBXSURUSD01NTAgSEVJR0hUPTM1PjxGT05UIENPTE9SPSNjY2NjY2MgU0laRT0tMT653MDto8mjxKG4IzUqa3V5NTAyNaG5PC9GT05UPjwvVEQ+ICAgICA8L1RSPiAgICA8L1RBQkxFPiA8L0NFTlRFUj4gPENFTlRFUj48L0NFTlRFUj4gPFA+PEJSPjxzdHlsZSB0eXBlPSJ0ZXh0L2NzcyI+CiAgPCEtLQogICAgICAgICNyYWt1dGVuTGltaXRlZElkX2Fyb3VuZENhcnQgaW5wdXRbdmFsdWU9ItlJpKTO76SrpLSky8jrpOyk6yJdIHsKICAgICAgICBiYWNrZ3JvdW5kOiB1cmwoImh0dHA6Ly9pbWFnZS5yYWt1dGVuLmNvLmpwL2dyb292ZXBsYW4vY2FiaW5ldC9zb3phaV9yMTczYS5qcGciKSBsZWZ0IHRvcCBuby1yZXBlYXQ7CiAgICAgICAgd2lkdGg6IDI0MHB4OyAvKrf5Ki8KICAgICAgICBoZWlnaHQ6IDUwcHg7IC8quN+ktSovCiAgICAgICAgdGV4dC1pbmRlbnQ6IDEwMCU7CiAgICAgICAgd2hpdGUtc3BhY2U6IG5vd3JhcDsKICAgICAgICBvdmVyZmxvdzogaGlkZGVuOwogICAgICAgIGJvcmRlcjogbm9uZTsKICAgICAgICBwYWRkaW5nOiAwOwogICAgICAgIG1hcmdpbi10b3A6IDVweCAwOwogICAgICAgIGN1cnNvcjogcG9pbnRlcjsKICAgICAgICB9CiAgLS0+Cjwvc3R5bGU+CgoKPGJyPgo8cD48aW1nIHNyYz0iaHR0cDovL2ltYWdlLnJha3V0ZW4uY28uanAvZ3Jvb3ZlcGxhbi9jYWJpbmV0L3Jhbmtpbmcva2F0ZWdvcmkxLmdpZiIgd2lkdGg9IjcxNiIgaGVpZ2h0PSIzMCIgYm9yZGVyPSIwIj48YnI+CjwvcD48dGFibGUgd2lkdGg9IjM1NSIgaGVpZ2h0PSIyNDAiPgogIDx0Ym9keT4KICAgIDx0cj4KICAgICAgPHRkPjxpbWcgc3JjPSJodHRwOi8vaW1hZ2UucmFrdXRlbi5jby5qcC9ncm9vdmVwbGFuL2NhYmluZXQvcmFua2luZy9rNWthc2F0YXRlLmpwZyIgd2lkdGg9IjM1NSIgaGVpZ2h0PSIxMDAiIGJvcmRlcj0iMCI+PC90ZD4KICAgICAgPHRkPjxpbWcgc3JjPSJodHRwOi8vaW1hZ2UucmFrdXRlbi5jby5qcC9ncm9vdmVwbGFuL2NhYmluZXQvcmFua2luZy9rNXN1cmlwcGFyYWtrdS5qcGciIHdpZHRoPSIzNTUiIGhlaWdodD0iMTAwIiBib3JkZXI9IjAiPjwvdGQ+CiAgICA8L3RyPgogICAgPHRyPgogICAgICA8dGQ+PGltZyBzcmM9Imh0dHA6Ly9pbWFnZS5yYWt1dGVuLmNvLmpwL2dyb292ZXBsYW4vY2FiaW5ldC9yYW5raW5nL2s1Z29taWJha28uanBnIiB3aWR0aD0iMzU1IiBoZWlnaHQ9IjEwMCIgYm9yZGVyPSIwIj48L3RkPgogICAgICA8dGQ+PGltZyBzcmM9Imh0dHA6Ly9pbWFnZS5yYWt1dGVuLmNvLmpwL2dyb292ZXBsYW4vY2FiaW5ldC9yYW5raW5nL2s1d2hvLXJ1c3V0ZWtrYS5qcGciIHdpZHRoPSIzNTUiIGhlaWdodD0iMTAwIiBib3JkZXI9IjAiPjwvdGQ+CiAgICA8L3RyPgogICAgPHRyPgogICAgICA8dGQ+PGltZyBzcmM9Imh0dHA6Ly9pbWFnZS5yYWt1dGVuLmNvLmpwL2dyb292ZXBsYW4vY2FiaW5ldC9yYW5raW5nL2s1bmFubmJ1dGVra2kuanBnIiB3aWR0aD0iMzU1IiBoZWlnaHQ9IjEwMCIgYm9yZGVyPSIwIj48L3RkPgogICAgICA8dGQ+PGltZyBzcmM9Imh0dHA6Ly9pbWFnZS5yYWt1dGVuLmNvLmpwL2dyb292ZXBsYW4vY2FiaW5ldC9yYW5raW5nL2s1anlvc2VodS5qcGciIHdpZHRoPSIzNTUiIGhlaWdodD0iMTAwIiBib3JkZXI9IjAiPjwvdGQ+CiAgICA8L3RyPgogICAgPHRyPgogICAgICA8dGQ+PGltZyBzcmM9Imh0dHA6Ly9pbWFnZS5yYWt1dGVuLmNvLmpwL2dyb292ZXBsYW4vY2FiaW5ldC9yYW5raW5nL2s1Z2Vua2FubWF0dG9va3VnYWkuanBnIiB3aWR0aD0iMzU1IiBoZWlnaHQ9IjEwMCIgYm9yZGVyPSIwIj48L3RkPgogICAgICA8dGQ+PGltZyBzcmM9Imh0dHA6Ly9pbWFnZS5yYWt1dGVuLmNvLmpwL2dyb292ZXBsYW4vY2FiaW5ldC9yYW5raW5nL2s1anlvdXJvLmpwZyIgd2lkdGg9IjM1NSIgaGVpZ2h0PSIxMDAiIGJvcmRlcj0iMCI+PC90ZD4KICAgIDwvdHI+CiAgICA8dHI+CiAgICAgIDx0ZD48aW1nIHNyYz0iaHR0cDovL2ltYWdlLnJha3V0ZW4uY28uanAvZ3Jvb3ZlcGxhbi9jYWJpbmV0L3JhbmtpbmcvazViZW50b3ViYWtvLmpwZyIgd2lkdGg9IjM1NSIgaGVpZ2h0PSIxMDAiIGJvcmRlcj0iMCI+PC90ZD4KICAgICAgPHRkPjxpbWcgc3JjPSJodHRwOi8vaW1hZ2UucmFrdXRlbi5jby5qcC9ncm9vdmVwbGFuL2NhYmluZXQvcmFua2luZy9rNXNlZS5qcGciIHdpZHRoPSIzNTUiIGhlaWdodD0iMTAwIiBib3JkZXI9IjAiPjwvdGQ+CiAgICA8L3RyPgogICAgPHRyPgogICAgICA8dGQ+PGltZyBzcmM9Imh0dHA6Ly9pbWFnZS5yYWt1dGVuLmNvLmpwL2dyb292ZXBsYW4vY2FiaW5ldC9yYW5raW5nL2s1c2FzYWtpLmpwZyIgd2lkdGg9IjM1NSIgaGVpZ2h0PSIxMDAiIGJvcmRlcj0iMCI+PC90ZD4KICAgICAgPHRkPjxpbWcgc3JjPSJodHRwOi8vaW1hZ2UucmFrdXRlbi5jby5qcC9ncm9vdmVwbGFuL2NhYmluZXQvcmFua2luZy9rNXNlbHRldmllLmpwZyIgd2lkdGg9IjM1NSIgaGVpZ2h0PSIxMDAiIGJvcmRlcj0iMCI+PGJyPgogICAgICA8L3RkPgogICAgPC90cj4KICA8dHI+CiAgICAgIDx0ZD48aW1nIHNyYz0iaHR0cDovL2ltYWdlLnJha3V0ZW4uY28uanAvZ3Jvb3ZlcGxhbi9jYWJpbmV0L3JhbmtpbmcvazVyZXphLWFrdXNlLmpwZyIgd2lkdGg9IjM1NSIgaGVpZ2h0PSIxMDAiIGJvcmRlcj0iMCI+PC90ZD4KICAgICAgPHRkPjxpbWcgc3JjPSJodHRwOi8vaW1hZ2UucmFrdXRlbi5jby5qcC9ncm9vdmVwbGFuL2NhYmluZXQvcmFua2luZy9rNXBnZGV6YWluLmpwZyIgd2lkdGg9IjM1NSIgaGVpZ2h0PSIxMDAiIGJvcmRlcj0iMCI+PGJyPgogICAgICA8L3RkPgogICAgPC90cj4KICA8dHI+CiAgICAgIDx0ZD48aW1nIHNyYz0iaHR0cDovL2ltYWdlLnJha3V0ZW4uY28uanAvZ3Jvb3ZlcGxhbi9jYWJpbmV0L3JhbmtpbmcvazVkZXN1a3VtYXdhcmkuanBnIiB3aWR0aD0iMzU1IiBoZWlnaHQ9IjEwMCIgYm9yZGVyPSIwIj48L3RkPgogICAgICA8dGQ+PGltZyBzcmM9Imh0dHA6Ly9pbWFnZS5yYWt1dGVuLmNvLmpwL2dyb292ZXBsYW4vY2FiaW5ldC9yYW5raW5nL2s1d2hvcnVwb2tldHRvLmpwZyIgd2lkdGg9IjM1NSIgaGVpZ2h0PSIxMDAiIGJvcmRlcj0iMCI+PGJyPgogICAgICA8L3RkPgogICAgPC90cj4KICA8L3Rib2R5Pgo8L3RhYmxlPgo8YnI+PHAgYWxpZ249ImNlbnRlciI+PElNRyBzcmM9Imh0dHA6Ly9pbWFnZS5yYWt1dGVuLmNvLmpwL2dyb292ZXBsYW4vY2FiaW5ldC9vbS9vbWRiMjAzMGIuanBnIiB3aWR0aD0iNzE2IiBoZWlnaHQ9IjE1MCIgYm9yZGVyPSIwIj48QlI+CjxwIGFsaWduPSJjZW50ZXIiPjxJTUcgc3JjPSJodHRwOi8vaW1hZ2UucmFrdXRlbi5jby5qcC9ncm9vdmVwbGFuL2NhYmluZXQvcmFua2luZy9wbGFudG95czE3LmpwZyIgd2lkdGg9IjcxNiIgaGVpZ2h0PSIxNTAiIGJvcmRlcj0iMCI+PEJSPgo8QlI+CjxJTUcgc3JjPSJodHRwOi8vaW1hZ2UucmFrdXRlbi5jby5qcC9ncm9vdmVwbGFuL2NhYmluZXQvcmFua2luZy9icmlvMTcuanBnIiB3aWR0aD0iNzE2IiBoZWlnaHQ9IjE1MCIgYm9yZGVyPSIwIj48QlI+CjxCUj4KPElNRyBzcmM9Imh0dHA6Ly9pbWFnZS5yYWt1dGVuLmNvLmpwL2dyb292ZXBsYW4vY2FiaW5ldC9yYW5raW5nL3RvLW1hc3UxNy5qcGciIHdpZHRoPSI3MTYiIGhlaWdodD0iMTUwIiBib3JkZXI9IjAiPjxCUj4KPEJSPgo8SU1HIHNyYz0iaHR0cDovL2ltYWdlLnJha3V0ZW4uY28uanAvZ3Jvb3ZlcGxhbi9jYWJpbmV0L21vL2hhcGUxLmpwZyIgd2lkdGg9IjcxNiIgaGVpZ2h0PSIxNTAiIGJvcmRlcj0iMCI+PEJSPgo8QlI+CjxJTUcgc3JjPSJodHRwOi8vaW1hZ2UucmFrdXRlbi5jby5qcC9ncm9vdmVwbGFuL2NhYmluZXQvcmFua2luZy9qZXRveTIuanBnIiB3aWR0aD0iNzE2IiBoZWlnaHQ9IjE1MCIgYm9yZGVyPSIwIj48QlI+CjxCUj4KPC9wPjxpbWcgc3JjPSJodHRwOi8vaW1hZ2UucmFrdXRlbi5jby5qcC9ncm9vdmVwbGFuL2NhYmluZXQvZm9vdGVyMTMuanBnIiBzdHlsZT0iYm9yZGVyOiAxcHggc29saWQgIzVGQzVFQzsiPjxwIGFsaWduPSJjZW50ZXIiPjxCUj4KPEZPTlQgY29sb3I9IiM2NjY2NjYiIHNpemU9Ii0xIj6j/KPIo8+jzaPFo/y74cnnuMXSqqP8paupYKXIpM7W0KTy0oqk6yCj/JhTzOzK0Ij2o/w8L0ZPTlQ+PEJSPgo8QlI+CjxGT05UIGNvbG9yPSIjNjY2NjY2IiBzaXplPSItMSI+KGMpY29weXJpZ2h0IDIwMDgtMjAxNiBHUk9PVkVQTEFOIGFsbCByaWdodHMgcmVzZXJ2ZWQuPC9GT05UPjxCUj4KPC9wPg==,pK2kq6TzpLek46XIqWCl3qW5IMS+0XWl7Klgpeult6XqqWCluiCl0aWvpbmlyKXzIKXepcal6yDEvqTOpKqk4qTBpOMgob6koqS5mFOMnY/qob+juqWwpeupYKX0pdel6aXzmFPM7MrQiPa16g==,xL6kzqSqpOKkwaTjpaypYKXHpfOlqqlgpcql4aXzpcjWqtP9zea+36XXpeml86XIpaSluaWkpcOlwaXXpeypYKXIpdal6qWqpbOlpKXkqWCl3qXDpcil6aWtpeWpYKPCo9KjyaPPpailyaWkpfOlv6lgt2Wk38S+o8qjxaPUo8+j2WhhcGXEvtF1peypYKXrpbilp6XIpaRjaG9vY2hvb7G+xW7I6ZpupbGpYKW5pbul7KWvpb+lz6XQpaalqalgpeul3aWxpcOlyKStpKuk86S3pOOlyKlgpd6luSDEvtF1peypYKXrpbel6qlgpbogpdGlr6W5pcil8yCl3qXGpesgxL6kzqSqpOKkwaTjIKG+pKKkuZhTjJ2P6qG/,mUPpdtyHpcipYKXepbkg64rchyCl3qXGpesgvsml6algpcul86WwpaupYKXWoaOkraSrpPOkt6TjpcipYKXepbkgxL7RdaXsqWCl66W3peqpYKW6IKXRpa+luaXIpfMgpd6lxqXrIMS+pM6kqqTipMGk4yChvqSipLmYU4ydj+qhvw==[rn]
40-32940,aHR0cDovL3RzaG9wLnIxMHMuanAveXV0b3Jpc2Vpa2F0c3UvY2FiaW5ldC9za2IzLzY3MTQ2OS1zMS5qcGc/Zml0aW49NzAwOjcwMA==,MTE2NjQuMDAwMA==,,paSl86XGpeqloj/H3r7fP4WnvHsgPiClpKW5P6XBpaeloiA+IKXRqWClvaXKpeulwaWnpaKjqDHIy5LspLGjqSA+IKS9pM7L+w==,VFakrNKKpOSkuaSkpeupYKXgpcGlp6WiIENJVC2l0KXDpc/X+dLO19Mg0s7X0yCkpKS5IKWkpbkg1uK4tiClvaXVpaEgMcjL08MgpcGlp6WiIDHIy5LspLEgpeqlr6XppaSly6XzpbAgMTI5OSClpKW5IKXBpaeloiCl0algpb2lyqXrpcGlp6WiIDHIy5LspLEgpaqlw6XIpd6l87i2INf50s7X0yDSztfTIKSkpLkg1uK4tiClvaXVpaEgMcjL08M=,MTI5OaWkpbmlwaWnpaKl0algpb2lyqXrpcGlp6WiMcjLkuyksaWqpcOlyKXepfO4tg==,PGltZyBzcmM9aHR0cDovL2ltYWdlLnJha3V0ZW4uY28uanAveXV0b3Jpc2Vpa2F0c3UvY2FiaW5ldC9za2IzLzY3MTQ2OS0xLmpwZyB3aWR0aD0iNjAwIj48YnI+PGJyPgo8aW1nIHNyYz1odHRwOi8vaW1hZ2UucmFrdXRlbi5jby5qcC95dXRvcmlzZWlrYXRzdS9jYWJpbmV0L3NrYjMvNjcxNDY5LTIuanBnIHdpZHRoPSI2MDAiPjxicj48YnI+Cjxicj4KtuCyyqTKvce2yNV71fukx1RWpKzSiqTkpLmkpKOhPGJyPgo8YnI+CsLkpMHXxaSkpL/Jq7rPpKSkyqTOpMehooj2y/mk8t94pNOk3qS7pPOhozxicj4KPGJyPgqk5qTDpL+k6tf5pOyk647aoanUT9OLo6E8YnI+Cjxicj4KuPyky73FpKzIoaTqzeKkt7/JxNykx6XtqWClv6WkpdfX+dLO19Oky6TipMqk6zJ3YXnKy5iUPzxicj4KPGJyPgqh9KWqpcOlyKXepfO4tqXRqWClvaXKpeulwaWnpaKkzzxhIGhyZWY9Imh0dHA6Ly9pdGVtLnJha3V0ZW4uY28uanAveXV0b3Jpc2Vpa2F0c3UvNjcxNDY3Ij6ls6XBpemjoTwvYT48YnI+CqH0peql6aXDpa+luaXRqWClvaXKpeulwaWnpaKkzzxhIGhyZWY9Imh0dHA6Ly9pdGVtLnJha3V0ZW4uY28uanAveXV0b3Jpc2Vpa2F0c3UvNjcxNDY4Ij6ls6XBpemjoTwvYT48YnI+CqH0VFakrNKKpOSkuaSkpeupYKXgpcGlp6WipM88YSBocmVmPSJodHRwOi8vaXRlbS5yYWt1dGVuLmNvLmpwL3l1dG9yaXNlaWthdHN1LzY3MTQ2OSI+pbOlwaXpo6E8L2E+PGJyPgqh9KW5pb+lpKXrpcGlp6WipM88YSBocmVmPSJodHRwOi8vaXRlbS5yYWt1dGVuLmNvLmpwL3l1dG9yaXNlaWthdHN1LzY3MTQ3MCI+pbOlwaXpo6E8L2E+PGJyPgqh9FRWpKzSiqTkpLmkpKXqpemlw6WvpbmlwaWnpaKkzzxhIGhyZWY9Imh0dHA6Ly9pdGVtLnJha3V0ZW4uY28uanAveXV0b3Jpc2Vpa2F0c3UvNjcxNDcxIj6ls6XBpemjoTwvYT48YnI+CqH0pdWloaXWpa+l6qXDpa+lwaWnpaKkzzxhIGhyZWY9Imh0dHA6Ly9pdGVtLnJha3V0ZW4uY28uanAveXV0b3Jpc2Vpa2F0c3UvNjcxNDc3Ij6ls6XBpemjoTwvYT48YnI+CqH0peqlr6XppaSly6XzpbCl3qXDpcil7KW5pM88YSBocmVmPSJodHRwOi8vaXRlbS5yYWt1dGVuLmNvLmpwL3l1dG9yaXNlaWthdHN1LzY3MTQ3OCI+pbOlwaXpo6E8L2E+PGJyPgqh9KWzqWClyqlgpb2l1aWhqWAzteOlu6XDpcikzzxhIGhyZWY9Imh0dHA6Ly9pdGVtLnJha3V0ZW4uY28uanAveXV0b3Jpc2Vpa2F0c3UvNjcxNDc5Ij6ls6XBpemjoTwvYT48YnI+Cjxicj4KofSlvaXVpaGpYKGhTFZTRi2l7aXzpcmkzzxhIGhyZWY9Imh0dHA6Ly9pdGVtLnJha3V0ZW4uY28uanAveXV0b3Jpc2Vpa2F0c3UvNjcxNDgwIj6ls6XBpemjoTwvYT48YnI+Cjxicj4KKqW1paSluqO6vHMpt/k3MKHBsMLQ0DY5LTEwNaHBuN+ktTczLTkyo6jX+cPmuN+8czM1o6ljbTxicj4gCiqyxNl8o7ql3aXqpailuaXGpes8YnI+CiruXrK/MTS2zutBpeqlr6XppaSly6XzpbA8YnI+CirV266Syr00ts7rQaXqpa+l6aWkpcul86WwPGJyPgoqvcXIoaTqzeKkt7/JPGJyPgo8YnI+CqH2y83Bz6O6yKu5+tK7wsk4NjCD0jxicj4KPGJyPgqh+aSzpM7JzMa3pM+0+r3w0v2TUaTHpK2k3qS7pPOhoyA8YnI+CqH5sbG6o7XAoaKbX79JsWihout4jXWkz4Rlzb7LzcHPpKykq6SrpOqk3qS5pM6kx8rCx7Cky6SqhpakpLrPpO+ku6SvpMCktaSkoaM8YnI+PEJSPjxCUj4KCgoKPERJViBhbGlnbj0ibGVmdCI+CjxUQUJMRSBiZ2NvbG9yPSIjZmY5OTAwIj4KICA8VEJPRFk+CiAgICA8VFI+CiAgICAgIDxURCBiZ2NvbG9yPSIjZmZmZmNjIiBoZWlnaHQ9IjQ1IiBhbGlnbj0iY2VudGVyIiB3aWR0aD0iNTAwIj4KICAgICAgPEZPTlQgY29sb3I9IiNmZjAwMDAiPjxCUj4KICAgICAgs/Wk4aTGpM6ktMD708Okx6TipLTQxMXkpMqkrz88L0ZPTlQ+PEI+PEZPTlQgY29sb3I9IiNmZjAwMDAiPiA8QlI+CiAgICAgIKGhoaGhoaGhoaGhoaGhob7h4ZJCpKShv6TipLTA+9PDpKSkv6TApLGk3qS5PC9GT05UPjwvQj4gPEZPTlQgc2l6ZT0iLTEiPqO+o74g1JS8mqTPpLOkwaTpPEJSPgogICAgICA8QlI+CiAgICAgIKGhPC9GT05UPjxGT05UIHNpemU9Ii0xIiBjb2xvcj0iIzMzMzMzMyI+yczGt7W918Xh4aTLpKq9/KSvpM6ls6XzpdOlyyDjedDQIOBdseO+1qTHpKrWp5JCpKQ8QlI+CiAgICAgIKOoytbK/cHPMzI0g9Igyc/P3jU0MDAwg9IgofnKwsewjI+Wy6SipOqk3qS5o6k8L0ZPTlQ+PEJSPgogICAgICA8SU1HIHNyYz0iaHR0cDovL2ltYWdlLnJha3V0ZW4uY28uanAveXV0b3Jpc2Vpa2F0c3UvY2FiaW5ldC90b3AvbnBibi5naWYiIGJvcmRlcj0iMCI+PEJSPgogICAgIDwvVEQ+CiAgICA8L1RSPgogIDwvVEJPRFk+CjwvVEFCTEU+CjwvRElWPjx0YWJsZSB3aWR0aD0iNjYwIiBib3JkZXI9IjAiIGNlbGxwYWRkaW5nPSIwIiBjZWxsc3BhY2luZz0iMCI+CiAgPHRyPgogICAgPHRkIGhlaWdodD0iMTgwMCI+PC90ZD4KICA8L3RyPgo8L3RhYmxlPgoKPEJSPjxCUj4KPGltZyBzcmM9Imh0dHA6Ly9pbWFnZS5yYWt1dGVuLmNvLmpwL3l1dG9yaXNlaWthdHN1L2NhYmluZXQvdG9wL3AtaXRlbTAwLmpwZyI+,VFakrNKKpOSkuaSkpeupYKXgpcGlp6WiIENJVC2l0KXDpc/X+dLO19Mg0s7X0yCkpKS5IKWkpbkg1uK4tiClvaXVpaEgMcjL08MgpcGlp6WiIDHIy5LspLEgpeqlr6XppaSly6XzpbAgMTI5OSClpKW5IKXBpaeloiCl0algpb2lyqXrpcGlp6WiIDHIy5LspLEgpaqlw6XIpd6l87i2INf50s7X0yDSztfTIKSkpLkg1uK4tiClvaXVpaEgMcjL08OjuqXQpeql5algvNK+36G+pOakyKTqyfq77tHQvr/L+aG/,pcClpKXLpfOlsKW7pcOlyKXGqWCl1qXrhae8e9PDxreluaXEqWCl66XZpfOlwaXBpaelotLO19OlpKW5u/qlx6W5pa/H3r7fsryH4qXBpaeluaXIpemlw6WvpeCpYKXIpfOl4aWkpa+l3KXDpa+luaTEpMOk0aTqpdGpYKXGqWClt6XnpfOl36XpqWCVTr21VFakrNKKpOSkuaSkpeupYKXgpcGlp6WiIENJVC2l0KXDpc/X+dLO19Mg0s7X0yCkpKS5IKWkpbkg1uK4tiClvaXVpaEgMcjL08MgpcGlp6WiIDHIy5LspLEgpeqlr6XppaSly6XzpbAgMTI5OSClpKW5IKXBpaeloiCl0algpb2lyqXrpcGlp6WiIDHIy5LspLEgpaqlw6XIpd6l87i2INf50s7X0yDSztfTIKSkpLkg1uK4tiClvaXVpaEgMcjL08M=,MTI5OaWkpbmlwaWnpaKl0algpb2lyqXrpcGlp6WiMcjLkuyksaWqpcOlyKXepfO4tqGjVFakrNKKpOSkuaSkpeupYKXgpcGlp6WiIENJVC2l0KXDpc/X+dLO19Mg0s7X0yCkpKS5IKWkpbkg1uK4tiClvaXVpaEgMcjL08MgpcGlp6WiIDHIy5LspLEgpeqlr6XppaSly6XzpbAgMTI5OSClpKW5IKXBpaeloiCl0algpb2lyqXrpcGlp6WiIDHIy5LspLEgpaqlw6XIpd6l87i2INf50s7X0yDSztfTIKSkpLkg1uK4tiClvaXVpaEgMcjL08M=[rn]
40-32941,aHR0cDovL3RzaG9wLnIxMHMuanAva29taWtvbWkvY2FiaW5ldC9tYjUvODcxNDY3LTEuanBnP2ZpdGluPTcwMDo3MDA=,MTkyMzIuMDAwMA==,,paSl86XGpeqloj/H3r7fP4WnvHsgPiClpKW5P6XBpaeloiA+IKXRqWClvaXKpeulwaWnpaKjqDHIy5LspLGjqSA+IKS9pM7L+w==,pdGpYKW9pcql66XBpaeloiA0NjelqqXDpcil3qXzuLYgpdGpYKW9pcql66XBpaeloiDX+dLO19Mg0s7X0yCkpKS5IKWkpbkg1uK4tiClvaXVpaEgMcjL08MgpcGlp6WiIDHIy5LspLEgpeyltqlgILK8tdggpdWloaXWpeqlw6WvIKXqpa+l6aWkpcul86WwICAxMjk2IDEyOTcgpdWlo6lgpbQgpaKlr6XtpbkgpaSluSClwaWnpaIgpdGpYKW9pcql6w==,y83Bz59vwc8gpd2lpKXzpcgysbY=,PGltZyBzcmM9aHR0cDovL2ltYWdlLnJha3V0ZW4uY28uanAveXV0b3Jpc2Vpa2F0c3UvY2FiaW5ldC9za2IzLzY3MTQ2Ny0xLmpwZyB3aWR0aD0iNjAwIj48YnI+PGJyPgo8aW1nIHNyYz1odHRwOi8vaW1hZ2UucmFrdXRlbi5jby5qcC95dXRvcmlzZWlrYXRzdS9jYWJpbmV0L3NrYjMvNjcxNDY3LTIuanBnIHdpZHRoPSI2MDAiPjxicj48YnI+Cjxicj4K7l6yvzE0ts7rQaXspdCpYMq9peqlr6XppaSly6XzpbA/PGJyPgo8YnI+CqWqpcOlyKXepfO4tqGi1/nD5rjfpLXVe9X7yr2joTxicj4KPGJyPgrC5KTB18WkpKS/yau6z6SkpMqkzqTHoaKI9sv5pPLfeKTTpN6ku6TzoaM8YnI+Cjxicj4KpeyltqlgpMil1aWhpdal6qXDpa8osry12CmkzjKlv6WkpdekyKTKpMOkxqSqpOqk3qS5oaM8YnI+Cjxicj4KofSlz6WkpdClw6Wv1uK4trvY3J7X+dLO19OkzzxhIGhyZWY9Imh0dHA6Ly9pdGVtLnJha3V0ZW4uY28uanAva29taWtvbWkvODcxNDY2Ij6ls6XBpemjoTwvYT48YnI+CqH0peyl0Klgyr2luaXXpeql86Wwu9jcntf50s7X06GhRktTTC2l0KXppa+kzzxhIGhyZWY9Imh0dHA6Ly9pdGVtLnJha3V0ZW4uY28uanAva29taWtvbWkvODcxNDcyIj6ls6XBpemjoTwvYT48YnI+CqH0peyl0Klgyr3W4ri2u9jcntf50s7X06GhRldMLaXTqWClq6XgpM88YSBocmVmPSJodHRwOi8vaXRlbS5yYWt1dGVuLmNvLmpwL2tvbWlrb21pLzg3MTQ3MyI+pbOlwaXpo6E8L2E+PGJyPgqh9FRWpKzSiqTkpLmkpNbiuLa72Nye1/nSztfToaFLWkwtpdOpYKWrpeCkzzxhIGhyZWY9Imh0dHA6Ly9pdGVtLnJha3V0ZW4uY28uanAva29taWtvbWkvODcxNDc0Ij6ls6XBpemjoTwvYT48YnI+CqH0pbmpYKXRqWClz6WkpdClw6Wv1uK4ttf50s7X06GhTlNQLaXJpeulwaWnpM88YSBocmVmPSJodHRwOi8vaXRlbS5yYWt1dGVuLmNvLmpwL2tvbWlrb21pLzg3MTQ3NSI+pbOlwaXpo6E8L2E+PGJyPgqh9KW5pb+lw6WtpfOlsNbiuLa439f50s7X06GhNIKAvU2hoVNUSy2lz6XLpaul4KTPPGEgaHJlZj0iaHR0cDovL2l0ZW0ucmFrdXRlbi5jby5qcC9rb21pa29taS84NzE0NzYiPqWzpcGl6aOhPC9hPjxicj4KPGJyPgoqpcGlp6WipbWlpKW6o6il1aWhpdal6qXDpa+jqTq8cym3+TU2eLDC0NA1Ni05N3i436S1NzMtMTAwY22hotf5uN+43zQxLzQ0LzQ3Y22jqDO2zutB1Xu5nb/JxNyjqTxicj4gCqWqpcOlyKXepfOltaWkpbqjqKXVpaGl1qXqpcOlr6OpOrf5NDZ4sMLQ0DM0eLjfpLU0OGNtPGJyPiAKpcGlp6WipbWlpKW6o6il7KW2qWCjqTq3+TU3eLDC0NA1OC05OHi436S1NzEtMTAwY208YnI+IAqlqqXDpcil3qXzpbWlpKW6o6il7KW2qWCjqTq3+TQ4eLDC0NAzNni436S1MzhjbaGi1/m437jfMzMvMzYvMzljbaGho6gzts7rQdV7uZ2/ycTco6k8YnI+IAoqssTZfKO6W6XVpaGl1qXqpcOlr12l3aXqpailuaXGpes8YnI+IApbpeyltqlgXVBVL1BWQ7vsus+l7KW2qWA8YnI+Ciql7KXQqWA4ts7rQaXqpa+l6aWkpcul86WwPGJyPgoq7l6yvzE0ts7rQaXqpa+l6aWkpcul86WwPGJyPgoqpaqlw6XIpd6l87i2oaLX+cPmuN+ktdV71fvKvTxicj4KKqW/paSl1zql1aWhpdal6qXDpa+hoqXspbapYDxicj4KPGJyPgqh9svNwc+fb8HPPGJyPgo8YnI+CqH5pLOkzsnMxrekz7T6vfDS/ZNRpMekraTepLuk86GjIDxicj4KofmxsbqjtcChoptfv0mxaKGi63iNdaTPhGXNvsvNwc+krKSrpKuk6qTepLmkzqTHysLHsKTLpKqGlqSkus+k76S7pK+kwKS1pKShozxicj4KCgo8IS0tR29RU3lzdGVtpeyluKTopLOl4algpaupYC0tPgoKPCEtLUdvUVN5c3RlbaXspbik6KSzpeGpYKWrqWAtLT4KPGJyPjxicj48IS0tZWMtYS5qcNljpO+kpNHds/ZCT1iks6SzpKuk6S0tPjwhLS1lYy1hLmpw2WOk76Sk0d2z9kJPWKSzpLOk3qTHLS0+PEJSPjxCUj4KPElNRyBzcmM9Imh0dHA6Ly9pbWFnZS5yYWt1dGVuLmNvLmpwL2tvbWlrb21pL2NhYmluZXQvdG9wL3Jldmlld2NvdXBvbjEwMC5qcGciIHdpZHRoPSI1MjAiIGJvcmRlcj0iMCI+CjxCUj4KCgo8YnI+CjxESVYgYWxpZ249ImxlZnQiPgo8VEFCTEUgYmdjb2xvcj0iI2ZmOTkwMCI+CiAgPFRCT0RZPgogICAgPFRSPgogICAgICA8VEQgYmdjb2xvcj0iI2ZmZmZjYyIgYWxpZ249ImNlbnRlciIgd2lkdGg9IjUyMCIgaGVpZ2h0PSI1MCI+CjxCUj48Rk9OVCBjb2xvcj0iI2ZmMDAwMCI+s/Wk4aTGpM6ktNeizsSkx6TipLTQxMXkpMqkrz88Qj6hvuHhkkKkpKG/pOKktMD708OkpKS/pMCksaTepLmhozwvQj48L0ZPTlQ+CjxCUj4KoaGhoaGhoaGhoaGhoaGhoaGhoaGhoaGhoaGhoaGhoaGhoaGhoaE8Rk9OVCBzaXplPSItMSI+o76jviDUlLyapM+ks6TBpOk8L0ZPTlQ+PEJSPgo8Rk9OVCBjb2xvcj0iIzY2NjY2NiIgc2l6ZT0iLTEiPsnMxre1vdfF4eGky6Sqvfykr6TOpbOl86XTpcsg43nQ0CDgXbHjvtakx6Sq1qeSQqSko6jJz8/eNTQwMDCD0iDKwsewjI+Wy6SipOqk3qS5o6k8L0ZPTlQ+PEJSPgogICAgICA8SU1HIHNyYz0iaHR0cDovL2ltYWdlLnJha3V0ZW4uY28uanAva29taWtvbWkvY2FiaW5ldC90b3AvbnBibjIuZ2lmIiB3aWR0aD0iNTE5IiBib3JkZXI9IjAiPgogICAgICA8L1REPgogICAgPC9UUj4KICA8L1RCT0RZPgo8L1RBQkxFPgo8L0RJVj48dGFibGUgd2lkdGg9IjY4MCIgYm9yZGVyPSIwIiBjZWxscGFkZGluZz0iMCIgY2VsbHNwYWNpbmc9IjAiPgogIDx0cj4KICAgIDx0ZCBoZWlnaHQ9IjEwOTAiPjwvdGQ+CiAgPC90cj4KPC90YWJsZT4=,pdGpYKW9pcql66XBpaeloiA0NjelqqXDpcil3qXzuLYgpdGpYKW9pcql66XBpaeloiDX+dLO19Mg0s7X0yCkpKS5IKWkpbkg1uK4tiClvaXVpaEgMcjL08MgpcGlp6WiIDHIy5LspLEgpeyltqlgILK8tdggpdWloaXWpeqlw6WvIKXqpa+l6aWkpcul86WwICAxMjk2IDEyOTcgpdWlo6lgpbQgpaKlr6XtpbkgpaSluSClwaWnpaIgpdGpYKW9pcql66O6yKvGt8vNwc/eeqTfo6Gls6XfpbOl37zSvt8=,pcClpKXLpfOlsKW7pcOlyKXGqWCl1qXrhae8e9PDxreluaXEqWCl66XZpfOlwaXBpaelotLO19OlpKW5u/qlx6W5pa/H3r7fsryH4qXBpaeluaXIpemlw6WvpeCpYKXIpfOl4aWkpa+l3KXDpa+luaTEpMOk0aTqpdGpYKXGqWClt6XnpfOl36XpqWCVTr21pdGpYKW9pcql66XBpaeloiA0NjelqqXDpcil3qXzuLYgpdGpYKW9pcql66XBpaeloiDX+dLO19Mg0s7X0yCkpKS5IKWkpbkg1uK4tiClvaXVpaEgMcjL08MgpcGlp6WiIDHIy5LspLEgpeyltqlgILK8tdggpdWloaXWpeqlw6WvIKXqpa+l6aWkpcul86WwICAxMjk2IDEyOTcgpdWlo6lgpbQgpaKlr6XtpbkgpaSluSClwaWnpaIgpdGpYKW9pcql6w==,y83Bz59vwc8gpd2lpKXzpcgysbaho6XRqWClvaXKpeulwaWnpaIgNDY3paqlw6XIpd6l87i2IKXRqWClvaXKpeulwaWnpaIg1/nSztfTINLO19MgpKSkuSClpKW5INbiuLYgpb2l1aWhIDHIy9PDIKXBpaeloiAxyMuS7KSxIKXspbapYCCyvLXYIKXVpaGl1qXqpcOlryCl6qWvpemlpKXLpfOlsCAgMTI5NiAxMjk3IKXVpaOpYKW0IKWipa+l7aW5IKWkpbkgpcGlp6WiIKXRqWClvaXKpes=[rn]
40-32942,aHR0cDovL3RzaG9wLnIxMHMuanAvcmVsaWFibGUvY2FiaW5ldC9pdG9raS9pbWc1OTM1NDkzNy5qcGc/Zml0aW49NzAwOjcwMA==,NTgyNDAuMDAwMA==,,paSl86XGpeqloj/H3r7fP4WnvHsgPiClpKW5P6XBpaeloiA+IKXRqWClvaXKpeulwaWnpaKjqDHIy5LspLGjqSA+IKS9pM7L+w==,ob7LzcHPn2/Bz6G/paSlyKlgpa0gpbml1KlgpcqlwaWnpaIgpaKluKXjpbmlv6XWpevW4ri2IKWopemluaXIpd6pYKXQpcOlryCxs6PTo8eluaXiqWClr6WwpeypYCBUMSCl1qXppcOlryDX+cPmpdal6aXDpa8g0s7X0yClqqXVpaOluSC435lDxNwgpc+lpKW5pdqlw6WvIKWwpcOlyaXHpbalpKXz2XAgvfDZcCBJVE9LSSBTcGluYSBLRS03NTdHUC0=,mFPM7KWkpdml86XIuPe3TqWopfOlyKXqqWCkx6XdpaSl86XIR0VUo6EgIKOh,PElNRyBTUkM9Imh0dHBzOi8vaW1hZ2UucmFrdXRlbi5jby5qcC9yZWxpYWJsZS9jYWJpbmV0L2l0b2tpL2ltZzU5MzU0OTMzLmpwZyI+CjxCUj48QlI+PElNRyBTUkM9Imh0dHBzOi8vaW1hZ2UucmFrdXRlbi5jby5qcC9yZWxpYWJsZS9jYWJpbmV0L2l0b2tpL2ltZzU5MzU0OTM0LmpwZyI+CjxCUj48QlI+CjxJTUcgU1JDPSJodHRwczovL2ltYWdlLnJha3V0ZW4uY28uanAvcmVsaWFibGUvY2FiaW5ldC9pdG9raS9pbWc1OTM1NDkzNS5qcGciPgoKPEJSPjxCUj48SU1HIFNSQz0iaHR0cHM6Ly9pbWFnZS5yYWt1dGVuLmNvLmpwL3JlbGlhYmxlL2NhYmluZXQvMDMwNTQyMzkvMDMxMjc2MjEvMDMyODkwNjgvaW1nNjI5NTg5MDcuanBnIj4KPEJSPjxCUj4KPGltZyBzcmM9Imh0dHBzOi8vaW1hZ2UucmFrdXRlbi5jby5qcC9yZWxpYWJsZS9jYWJpbmV0L2l0b2tpL2ltZzU5NDM0NTAyLmpwZyI+CjxCUj48QlI+CjxCUj48QlI+CqS9pM7L+6TOpcGlp6WipM+ks6TBpOmjoTxCUj4KCjxBIGhyZWY9Imh0dHBzOi8vaXRlbS5yYWt1dGVuLmNvLmpwL3JlbGlhYmxlLzEwMDAxMjI5LyI+PGltZyBzcmM9Imh0dHBzOi8vaW1hZ2UucmFrdXRlbi5jby5qcC9yZWxpYWJsZS9jYWJpbmV0L2l0b2tpL2ltZzU5MzU1NjkxLmpwZyIgYm9yZGVyPSIwIiBhbHQ9IqWrpbels6XBpaeloiIgd2lkdGg9IjEyMHB4IiBoZWlnaHQ9IjEyMHB4Ij48L0E+oaE8QSBocmVmPSJodHRwczovL2l0ZW0ucmFrdXRlbi5jby5qcC9yZWxpYWJsZS8xMDAwMTIzMS8iPjxpbWcgc3JjPSJodHRwczovL2ltYWdlLnJha3V0ZW4uY28uanAvcmVsaWFibGUvY2FiaW5ldC9pdG9raS9pbWc1OTQzNDE3Mi5qcGciIGJvcmRlcj0iMCIgYWx0PSKlqKXVpcGlp6WiIiB3aWR0aD0iMTIwcHgiIGhlaWdodD0iMTIwcHgiPjwvQT6hoQo8QSBocmVmPSJodHRwczovL2l0ZW0ucmFrdXRlbi5jby5qcC9yZWxpYWJsZS8xMDAwMTIxMS8iPjxpbWcgc3JjPSJodHRwczovL2ltYWdlLnJha3V0ZW4uY28uanAvcmVsaWFibGUvY2FiaW5ldC9jaGFpcjAyL2ltZzU4NTI2Nzc5LmpwZyIgYm9yZGVyPSIwIiBhbHQ9IqWzpdql6yIgd2lkdGg9IjEyMHB4IiBoZWlnaHQ9IjEyMHB4Ij48L0E+oaE8QSBocmVmPSJodHRwczovL2l0ZW0ucmFrdXRlbi5jby5qcC9yZWxpYWJsZS8xMDAwMTIzMi8iPjxpbWcgc3JjPSJodHRwczovL2ltYWdlLnJha3V0ZW4uY28uanAvcmVsaWFibGUvY2FiaW5ldC9pdG9raS9pbWc1OTQzNDM3MS5qcGciIGJvcmRlcj0iMCIgYWx0PSKl4qlgpdalwaWnpaIiIHdpZHRoPSIxMjBweCIgaGVpZ2h0PSIxMjBweCI+PC9BPqGhPEEgaHJlZj0iaHR0cHM6Ly9pdGVtLnJha3V0ZW4uY28uanAvcmVsaWFibGUvMTAwMDEyMzMvIj48aW1nIHNyYz0iaHR0cHM6Ly9pbWFnZS5yYWt1dGVuLmNvLmpwL3JlbGlhYmxlL2NhYmluZXQvY2hhaXIwMi9pbWc1OTQ5MzY0Mi5qcGciIGJvcmRlcj0iMCIgYWx0PSKl1aXrpbSlwaWnpaIiIHdpZHRoPSIxMjBweCIgaGlnaHQ9IjEyMHB4Ij48L0E+oaE8QSBocmVmPSJodHRwczovL2l0ZW0ucmFrdXRlbi5jby5qcC9yZWxpYWJsZS8xMDAwMTIzNS8iPjxpbWcgc3JjPSJodHRwczovL2ltYWdlLnJha3V0ZW4uY28uanAvcmVsaWFibGUvY2FiaW5ldC9jaGFpcjAyL2ltZzU5NTI5NjkyLmpwZyIgYm9yZGVyPSIwIiB3aWR0aD0iMTIwcHgiIGhpZ2h0PSIxMjBweCIgYWx0PSJCb25pdG+xs6TipL+k7Jjk1qylv6WkpdciPjwvQT6hoTxBIGhyZWY9Imh0dHBzOi8vaXRlbS5yYWt1dGVuLmNvLmpwL3JlbGlhYmxlLzEwMDAxMjE2MC8iPjxpbWcgc3JjPSJodHRwczovL2ltYWdlLnJha3V0ZW4uY28uanAvcmVsaWFibGUvY2FiaW5ldC8wMzA1NDIzOS8wMzEyNzYyMS8wMzI4OTA2OC9pbWc2MDY0ODc5OC5naWYiIGJvcmRlcj0iMCIgYWx0PSKlqKXVpcGlp6WiIHdpZHRoPSIxMjBweCIgaGVpZ2h0PSIxMjBweCI+PC9BPgoKoaE8QSBocmVmPSJodHRwczovL2l0ZW0ucmFrdXRlbi5jby5qcC9yZWxpYWJsZS8xMDAwMTIxNjkvIj48aW1nIHNyYz0iaHR0cHM6Ly9pbWFnZS5yYWt1dGVuLmNvLmpwL3JlbGlhYmxlL2NhYmluZXQvMDMwNTQyMzkvMDMxMjc2MjEvMDMyODkwNjgvaW1nNjA5ODQ1MzMuanBnIiBib3JkZXI9IjAiIHdpZHRoPSIxMjBweCIgaGVpZ2h0PSIxMjBweCIgYWx0PSKlq6XGpcml6SI+PC9BPqGhCgo8QlI+PEJSPgo8SU1HIFNSQz0iaHR0cHM6Ly9pbWFnZS5yYWt1dGVuLmNvLmpwL3JlbGlhYmxlL2NhYmluZXQvaW1nNTUzNDE0NzAuZ2lmIkJPUkRFUj0iMCI+CjxJTUcgU1JDPSJodHRwczovL2ltYWdlLnJha3V0ZW4uY28uanAvcmVsaWFibGUvY2FiaW5ldC9pbWc1NTM0MTQyNS5naWYiQk9SREVSPSIwIj6hoaGhPElNRyBTUkM9Imh0dHBzOi8vaW1hZ2UucmFrdXRlbi5jby5qcC9yZWxpYWJsZS9jYWJpbmV0L2ltZzU1MzQxNDI2LmdpZiJCT1JERVI9IjAiPqGhoaEKCgo8QlI+CjxJTUcgU1JDPSJodHRwczovL2ltYWdlLnJha3V0ZW4uY28uanAvcmVsaWFibGUvY2FiaW5ldC9pbWc1NTM0MTQzNi5naWYiQk9SREVSPSIwIj4KCjxJTUcgU1JDPSJodHRwczovL2ltYWdlLnJha3V0ZW4uY28uanAvcmVsaWFibGUvY2FiaW5ldC9pbWc1NTM0MTQzOS5naWYiQk9SREVSPSIwIj4KCjxCUj4KCgo8QlI+PEJSPgo8aW1nIHNyYz0iaHR0cHM6Ly9pbWFnZS5yYWt1dGVuLmNvLmpwL3JlbGlhYmxlL2NhYmluZXQvaS9pdGVtMS5naWYiIHdpZHRoPSIzMDAiIGhlaWdodD0iMjUiIGJvcmRlcj0iMCI+PEJSPgo8dGFibGUgY2VsbHNwYWNpbmc9IjAiIGNlbGxwYWRkaW5nPSIwIiB3aWR0aD0iMzAwIiBib3JkZXI9IjAiPgo8VEJPRFk+CjxUUj4KPHRkIGJnY29sb3I9IiNmZjVhMDAiPgo8dGFibGUgc3R5bGU9IkZPTlQtU0laRTogMTNweCIgY2VsbHNwYWNpbmc9IjEiIGNlbGxwYWRkaW5nPSI0IiB3aWR0aD0iMTAwJSIgYm9yZGVyPSIwIj4KPFRCT0RZPgo8VFI+Cjx0ZCBiZ2NvbG9yPSIjZmZlZWJiIiBhbGlnbj0iY2VudGVyIiB3aWR0aD0iMjUlIj48Qj7VaMP3PC9CPjwvdGQ+Cjx0ZCBiZ2NvbG9yPSIjZmZmZmZmIiB3aWR0aD0iNzUlIj4KPCEtLaSzpLOky9Vow/fOxDEtLT4KtsCEk7XEpMql1aWppeul4KTHzOW40KS5pOukq6TEpMakyqSkuN+0ztSqpM6/7N9toaM8QlI+CtDCy9iyxD+lqKXppbmlyKXeqWCY5NaspM6S8dPDpMuk6KTqoaK2wISTtcSkyqXHpbalpKXzpMjI4dyb0NQ/v+zfbdDUpM7I2rrPpPKMZ6xGpLek3qS3pL+hozxCUj4KpaKlr6XGpaOl1j+l6aXzpdCpYD+ltaXdqWClyKTLpOik6qGi18XX+c671sOk5NfLhN2kzonku6+ky6SipO+ku6TGoaKfb9V71fukx9H8pPKltaXdqWClyKS3pN6kuaGjPEJSPgrX+aTrzrvWw6Tyz+u2qKS3pL+luaWkqWClyKW5pd2lw6XIpPK8czEwMKPto+3HsLe9pMuO2qSypOuks6TIpMehosezkuyksZVypM7X+aTq0MS12KTytPO3+aTLz/LJz6S1pLuk3qS3pL+howo8QlI+CjxCUj4KCgoKPC90ZD4KPC9UUj4KPFRSPgo8dGQgYmdjb2xvcj0iI2ZmZWViYiIgYWxpZ249ImNlbnRlciIgd2lkdGg9IjI1JSI+PEI+pbWlpKW6PC9CPjwvdGQ+Cjx0ZCBiZ2NvbG9yPSIjZmZmZmZmIiB3aWR0aD0iNzUlIj4KPCEtLaSzpLOky8TayN0xLS0+CqW1paSlui9XNjYuNaHBRDY0ocFIMTAzfjExNC42Y22jqFNINDF+NTIuNmNto6kKCjxCUj48QlI+CjwvdGQ+CjwvVFI+CjxUUj4KPHRkIGJnY29sb3I9IiNmZmVlYmIiIGFsaWduPSJjZW50ZXIiIHdpZHRoPSIyNSUiPjxCPrLE2Xw8L0I+PC90ZD4KPHRkIGJnY29sb3I9IiNmZmZmZmYiIHdpZHRoPSI3NSUiPgo8IS0tpLOks6TLxNrI3TItLT4KssTZfC+h9rGzo7qlqKXppbmlyKXeqWCY5NasoaKh9tf5o7qyvLXYj4ik6qGiofaxs9an1vmjuo+Ku6+lyqWkpe2l85jk1qyhoqH2sbOl1qXppbGlw6XIP9biytyksaO6paKl66XfpcClpKWtpeOluaXIt9vM5YlU17ChoqH21uK1saTGo7qlqKXppbmlyKXeqWCY5Naso6ulpqXspb+l86Giofa9xaO6paKl66XfpcClpKWtpeOluaXIt9vM5YlU17ChoqXKpaSl7aXzy6vdhqWtpeOluaW/qWC4tgo8L3RkPgo8L1RSPgo8VFI+Cjx0ZCBiZ2NvbG9yPSIjZmZlZWJiIiBhbGlnbj0iY2VudGVyIiB3aWR0aD0iMjUlIj48Qj6C5L+8PC9CPjwvdGQ+Cjx0ZCBiZ2NvbG9yPSIjZmZmZmZmIiB3aWR0aD0iNzUlIj4KPCEtLaSzpLOky8TayN0zLS0+ofnK3NeiyfquYqTOpL+k4aGipKq97KSxpMukqpVy6WekrKSrpKuk6qTepLmhozxicj4KpLOkwaTppM+hoqWrqWCl2qXDpci0sqTHpM7KudPDpMvfbaS3pL+huKXKpaSl7aXzy6vdhqWtpeOluaW/qWC4tqG5pb+lpKXXpMekuaGjCjxCUj4KPEJSPjxCUj48QlI+CqH1pLTTRaTLpMqk69C01ebJq6TPgoChqaTOzPW8/qTLpOik6oxn60ikzsnMxrekyAqhoa6QpMqk64j2us+krKS0pLakpKTepLmkzqTH0+ik4aS0wcuz0M/CpLWkpKGjPEJSPjxCUj4KofXQ/ul2tsmkt6THpLmhozxCUj4KoaGhoTxCUj4KCjxGT05UIENPTE9SPSJSRUQiPrGxuqO1wD+bX79JpM+EZc2+y83Bz6SspKukq6TqpN6kuaGjPC9GT05UPgo8YnI+CjwvdGQ+CjwvVFI+CjwvVEJPRFk+CjwvdGFibGU+CjwvdGQ+CjwvVFI+CjxUUj48VEQgaGVpZ2h0PSI1IiB2YWxpZ249InRvcCI+PGltZyBzcmM9Imh0dHBzOi8vaW1hZ2UucmFrdXRlbi5jby5qcC9yZWxpYWJsZS9jYWJpbmV0L2kvaXRlbTIuZ2lmIiB3aWR0aD0iMzAwIiBoZWlnaHQ9IjUiIGJvcmRlcj0iMCI+PC9URD48L1RSPgo8L1RCT0RZPgo8L3RhYmxlPjwhLS2l6aXDpdSl86WwpMukxKSkpMYtLT4KCjxzdHlsZSB0eXBlPSJ0ZXh0L2NzcyI+CjwhLS0Kc3Bhbi51bml0IHsKIGJhY2tncm91bmQ6IHVybCgiaHR0cHM6Ly9pbWFnZS5yYWt1dGVuLmNvLmpwL3JlbGlhYmxlL2NhYmluZXQvMDMwNTQyMzkvaW1ncmMwMDY5MTcyODI3LmdpZiIpIG5vLXJlcGVhdCBsZWZ0IHRvcDsKIHRleHQtaW5kZW50Oi05OTk5OwogZGlzcGxheTogYmxvY2s7CiB3aWR0aDogMzE2cHg7CiBoZWlnaHQ6IDE4MHB4OwogbWFyZ2luOjE1cHggMDsgfQotLT4KLmd5byB7bGluZS1oZWlnaHQ6IDE4MCU7fQo8L3N0eWxlPgoKCgo8IS0tIKSzpLOkq6TpIKXqpaLK3CAtLT4KPGRpdiBzdHlsZT0id2lkdGg6NjUwcHg7IG92ZXJmbG93OmhpZGRlbjsgYmFja2dyb3VuZC1jb2xvcjojRkY5OUNDOyBib3JkZXI6MXB4IHNvbGlkICNGRjk5Q0MiIGFsaWduPSJjZW50ZXIiPgogIDxwIHN0eWxlPSJjb2xvcjojRkZGRkZGOyBmb250LXNpemU6MTRweDsgZm9udC13ZWlnaHQ6Ym9sZDsgbWFyZ2luOjA7IGxpbmUtaGVpZ2h0OjI1cHg7IHRleHQtYWxpZ246bGVmdDsgbWFyZ2luLWxlZnQ6MTBweCI+pLTXos7EpKKk6qSspMikpqS0pLakpKTepLk8L3A+CiAgPGRpdiBzdHlsZT0iYmFja2dyb3VuZC1jb2xvcjojRkZGRkZGOyBtYXJnaW46MDsgcGFkZGluZzowIj4KCiAgPC9kaXY+CjwvZGl2Pgo8YnI+CjwhLS0gpLOks6TepMcgpeqlosrcIC0tPgo8IS0tIKSzpLOkq6TpIKXqpaKls6XhIC0tPgo8ZGl2IHN0eWxlPSJ3aWR0aDo2NTBweDsgb3ZlcmZsb3c6aGlkZGVuOyBiYWNrZ3JvdW5kLWNvbG9yOiNGRjk5Q0M7IGJvcmRlcjoxcHggc29saWQgI0ZGOTlDQyIgYWxpZ249ImNlbnRlciI+CiAgPHAgc3R5bGU9ImNvbG9yOiNGRkZGRkY7IGZvbnQtc2l6ZToxNHB4OyBmb250LXdlaWdodDpib2xkOyBtYXJnaW46MDsgbGluZS1oZWlnaHQ6MjVweDsgdGV4dC1hbGlnbjpsZWZ0OyBtYXJnaW4tbGVmdDoxMHB4Ij6kqr/NmJSkzs+ypNOkzsn5PC9wPgogIDxkaXYgc3R5bGU9ImJhY2tncm91bmQtY29sb3I6I0ZGRkZGRjsgbWFyZ2luOjA7IHBhZGRpbmc6MCI+CgogIDwvZGl2Pgo8L2Rpdj4KPGJyPgo8IS0tIKSzpLOk3qTHIKXqpaKls6XhIC0tPgoKPHN0eWxlIHR5cGU9InRleHQvY3NzIj4KI2RpdjEgYTpob3ZlciBpbWcgewogLW1zLWZpbHRlcjogImFscGhhKCBvcGFjaXR5PTcwICkiOyAKIGZpbHRlcjogYWxwaGEoIG9wYWNpdHk9NzAgKTsgCiBvcGFjaXR5OiAwLjc7fQo8L3N0eWxlPgo8ZGl2IGlkPSJkaXYxIj4KCjxCUj4KPCEtLaiLpeml86XJpbul66XppcOlr6iLLS0+PElNRyBTUkM9Imh0dHBzOi8vaW1hZ2UucmFrdXRlbi5jby5qcC9yZWxpYWJsZS9jYWJpbmV0L3JhbnNlbC9pbWdyYzAwNjkyMzEyNjkuanBnIkJPUkRFUj0iMCI+Cgo8QlI+PEJSPjwhLS2oi2Uta2+oiy0tPjxJTUcgU1JDPSJodHRwczovL2ltYWdlLnJha3V0ZW4uY28uanAvcmVsaWFibGUvY2FiaW5ldC9hbnRpYmFjbWFnaWNiYWxsLzAyNjYyOTk1L2ltZzU4NjI5MzMzLmpwZyJCT1JERVI9IjAiPgo8QlI+PEJSPgoKPCEtLaXGqWCl1qXrMS0tPjxUQUJMRSBib3JkZXI9IjAiIHdpZHRoPSI2MzAiIGNlbGxzcGFjaW5nPSIwIiBjZWxscGFkZGluZz0iMCI+CjxUUiB2YWxpZ249InRvcCI+CjxURD4KPGltZyBzcmM9Imh0dHBzOi8vaW1hZ2UucmFrdXRlbi5jby5qcC9yZWxpYWJsZS9jYWJpbmV0LzAzMDU0MjM5L2ltZ3JjMDA2NjQ1OTM5My5qcGciIEJPUkRFUj0iMCIgYWx0PSKkqqS5pLmk4aOhIj48QlI+Cgo8dGFibGUgd2lkdGg9IjQ1OCIgYm9yZGVyPSIwIiBjZWxsc3BhY2luZz0iMCIgY2VsbHBhZGRpbmc9IjEwIiBzdHlsZT0iZm9udC1zaXplOjEycHg7Ij4KPHRyPgo8dGQgYmdjb2xvcj0iI2U3YjQwMCI+CjxJTUcgU1JDPSJodHRwczovL2ltYWdlLnJha3V0ZW4uY28uanAvcmVsaWFibGUvY2FiaW5ldC8wMzA1NDIzOS9pbWdyYzAwNzA0MjUzNjIuanBnIiBCT1JERVI9IjAiIGFsdD0itPPQzcnMxrekzsXky82ky6TEpKSkxiI+CjwvdGQ+CjwvdHI+Cjx0ciBjbGFzcz0iZ3lvIiBiZ2NvbG9yPSIjZmZlYWQ2Ij4KPHRkPgo8Zm9udCBzaXplPSIyIiBjb2xvcj0iIzM2MmYyZCI+Cjx1bD4KPGxpPtGnwZW7+qTKpMmkzrTz0M3JzMa3pMukxKStpN6kt6TGpM+hot9cy82kzra8us/Jz6Oo0KHQzbHjP6XqpaKlq6lgxeTLzaTOnumjqaSqlXLpZ9a4tqikrKTHpK2k3qS7pPOks6TIpPKkoqTppKukuKThpLTBy7PQpK+kwKS1pKSk3qS5pOikpqSq7oqkpMnqpLfJz6SypN6kuaGjPC9saT4KPEJSPgo8bGk+xeTLzaTP1azF5JhJ1d+ky86v05qkt6TGpKqk6qTepLmkzqTHoaLUrYR0tcSky8nMxrekz9D+6Xakx6TOpKq2yaS3pMikyqTqpN6kuaGjIL1NwaI/1E/Ww6TP1sKkt6SrpM2k3qS5pM6kx6S0wcuz0M/CpLWkpKGjPEJSPijpX5d51E/Ww6TypLSXytORpM6I9rrPpM+kqoaWpKS6z6TvpLvPwqS1pKShoyk8L2xpPgo8QlI+CjxsaT6089DNyczGt6TOiPa6z6TPpKrK1qTypKq96KTqpLmk68rCpKyktKS2pKSk3qS5oaOk3qS/oaKl3qXzpbel56XzpMqkycnP60Gk2KTOpKq97KSxpM6I9rrPpM+hooRlzb7ZTdPDpKykq6SrpOuI9rrPpKyktKS2pKSk3qS5oaM8L2xpPgo8QlI+CjxsaT61sbXqpMekz6GivU3BorzSvt+kzsihpOqSUaSkpKy24KSvpLSktqSkpN6kuaGjCqGhzfKkrNK7oaLGxpNwpKykoqTDpL+I9rrPpM+horK/xreFZ867pMekzr27k1HX95hJpMikyqTriPa6z6SspLSktqSkpN6kuaGjCqGhpL2kzutIpM69u5NR1/eYSaTkoaLU2Zd5sPzX95hJoaK3tcvN1/eYSaTPoaKkqr/NmJSkzqS0hWbBpqTypKruiqSkpKSkv6S3pN6kuaGjpaSl86W/qWClzaXDpcjNqNicpM7M2NDUpPKktLPQ1qqkzsnPoaKktNmPyOukr6TApLWkpKGjIDwvbGk+CjwvdWw+CjwvZm9udD4KPC90ZD4KPC90cj4KPC90YWJsZT4KCjwvVEQ+CjxURCB2YWxpZ249ImJvdHRvbSI+CjxJTUcgc3JjPSJodHRwczovL2ltYWdlLnJha3V0ZW4uY28uanAvcmVsaWFibGUvY2FiaW5ldC90b3BwYWdlL2ltZzU4ODgyMTg5LmdpZiIgYm9yZGVyPSIwIiBhbHQ9IqW5pbGluKXlqWCl6yI+PEJSPgoKPCEtLaXGqWCl1qXrMi0tPjxUQUJMRSBib3JkZXI9IjAiIHdpZHRoPSIxNTAiIGNlbGxwYWRkaW5nPSIwIiBjZWxsc3BhY2luZz0iMCIgYmdjb2xvcj0iI2ViZWJlYiIgYmFja2dyb3VuZD0iaHR0cHM6Ly9pbWFnZS5yYWt1dGVuLmNvLmpwL3JlbGlhYmxlL2NhYmluZXQvdG9wcGFnZS9pbWc1ODgxOTA4OS5naWYiPgo8VEJPRFk+CjxUUj4KPFREIGFsaWduPSJjZW50ZXIiPjxCUj4KPCEtLaiLpaul7KXzpcCpYMnPoaGks6SzpKuk6aiLLS0+Cjx0YWJsZSBib3JkZXI9IjAiIGNlbGxwYWRkaW5nPSIyIiBjZWxsc3BhY2luZz0iMSIgYmdjb2xvcj0iIzMzMzMzMyIgd2lkdGg9IjEzMCI+Cjx0ciBhbGlnbj0iY2VudGVyIiBiZ2NvbG9yPSIjRkZGRkZGIj4KPHRkIGNvbHNwYW49IjciPjXUwqTOtqjQ3cjVPC90ZD4KPC90cj4KPHRyIGFsaWduPSJjZW50ZXIiIGJnY29sb3I9IiNFNkUzQzkiPgo8dGQ+yNU8L3RkPjx0ZD7UwjwvdGQ+PHRkPrvwPC90ZD48dGQ+y648L3RkPgo8dGQ+xL48L3RkPjx0ZD698DwvdGQ+PHRkPs3BPC90ZD48L3RyPgo8dHIgYWxpZ249ImNlbnRlciIgYmdjb2xvcj0iI0ZGRkZGRiI+Cjx0ZD48L3RkPjx0ZD4xPC90ZD4KPHRkPjI8L3RkPjx0ZCBiZ2NvbG9yPSIjRkZDQzMzIj4zPC90ZD4KPHRkIGJnY29sb3I9IiNGRkNDMzMiPjQ8L3RkPgo8dGQgYmdjb2xvcj0iI0ZGQ0MzMyI+NTwvdGQ+Cjx0ZCBiZ2NvbG9yPSIjRkZDQzMzIj42PC90ZD48L3RyPjx0ciBhbGlnbj0iY2VudGVyIiBiZ2NvbG9yPSIjRkZGRkZGIj4KPHRkIGJnY29sb3I9IiNGRkNDMzMiPjc8L3RkPjx0ZD44PC90ZD48dGQ+OTwvdGQ+PHRkPjEwPC90ZD48dGQ+MTE8L3RkPgo8dGQ+MTI8L3RkPjx0ZD4xMzwvdGQ+PC90cj48dHIgYWxpZ249ImNlbnRlciIgYmdjb2xvcj0iI0ZGRkZGRiI+Cjx0ZCBiZ2NvbG9yPSIjRkZDQzMzIj4xNDwvdGQ+PHRkPjE1PC90ZD48dGQ+MTY8L3RkPjx0ZD4xNzwvdGQ+Cjx0ZD4xODwvdGQ+PHRkPjE5PC90ZD48dGQ+MjA8L3RkPjwvdHI+PHRyIGFsaWduPSJjZW50ZXIiIGJnY29sb3I9IiNGRkZGRkYiPjx0ZCBiZ2NvbG9yPSIjRkZDQzMzIj4yMTwvdGQ+Cjx0ZD4yMjwvdGQ+PHRkPjIzPC90ZD48dGQ+MjQ8L3RkPgo8dGQ+MjU8L3RkPjx0ZD4yNjwvdGQ+PHRkPjI3PC90ZD48L3RyPjx0ciBhbGlnbj0iY2VudGVyIiBiZ2NvbG9yPSIjRkZGRkZGIj48dGQgYmdjb2xvcj0iI0ZGQ0MzMyI+Mjg8L3RkPgo8dGQ+Mjk8L3RkPjx0ZD4zMDwvdGQ+PHRkPjMxPC90ZD48dGQ+PC90ZD48dGQ+PC90ZD4KPHRkPjwvdGQ+PC90cj48L3RhYmxlPgo8IS0tofilq6XspfOlwKlgyc+hoaSzpLOk3qTHofgtLT4KPEJSPgo8IS0tqIulq6XspfOlwKlgz8KhoaSzpLOkq6TpqIstLT4KPHRhYmxlIGJvcmRlcj0iMCIgY2VsbHBhZGRpbmc9IjIiIGNlbGxzcGFjaW5nPSIxIiBiZ2NvbG9yPSIjNjY2NjY2IiB3aWR0aD0iMTMwIj4KPHRyIGFsaWduPSJjZW50ZXIiIGJnY29sb3I9IiNGRkZGRkYiPgo8dGQgY29sc3Bhbj0iNyI+MjAxN8TqNtTCPC90ZD4KPC90cj4KPHRyIGFsaWduPSJjZW50ZXIiIGJnY29sb3I9IiNFNkUzQzkiPgo8dGQ+yNU8L3RkPjx0ZD7UwjwvdGQ+PHRkPrvwPC90ZD48dGQ+y648L3RkPjx0ZD7EvjwvdGQ+Cjx0ZD698DwvdGQ+PHRkPs3BPC90ZD48L3RyPgo8dHIgYWxpZ249ImNlbnRlciIgYmdjb2xvcj0iI0ZGRkZGRiI+PHRkPjwvdGQ+Cjx0ZD48L3RkPjx0ZD48L3RkPjx0ZD48L3RkPjx0ZD4xPC90ZD48dGQ+MjwvdGQ+PHRkPjM8L3RkPjwvdHI+Cjx0ciBhbGlnbj0iY2VudGVyIiBiZ2NvbG9yPSIjRkZGRkZGIj4KPHRkIGJnY29sb3I9IiNGRkNDMzMiPjQ8L3RkPjx0ZD41PC90ZD48dGQ+NjwvdGQ+PHRkPjc8L3RkPjx0ZD44PC90ZD4KPHRkPjk8L3RkPjx0ZD4xMDwvdGQ+PC90cj4KPHRyIGFsaWduPSJjZW50ZXIiIGJnY29sb3I9IiNGRkZGRkYiPjx0ZCBiZ2NvbG9yPSIjRkZDQzMzIj4xMTwvdGQ+Cjx0ZD4xMjwvdGQ+PHRkPjEzPC90ZD48dGQ+MTQ8L3RkPjx0ZD4xNTwvdGQ+PHRkPjE2PC90ZD48dGQ+MTc8L3RkPjwvdHI+PHRyIGFsaWduPSJjZW50ZXIiIGJnY29sb3I9IiNGRkZGRkYiPgo8dGQgYmdjb2xvcj0iI0ZGQ0MzMyI+MTg8L3RkPjx0ZD4xOTwvdGQ+PHRkPjIwPC90ZD48dGQ+MjE8L3RkPjx0ZD4yMjwvdGQ+Cjx0ZD4yMzwvdGQ+PHRkPjI0PC90ZD48L3RyPjx0ciBhbGlnbj0iY2VudGVyIiBiZ2NvbG9yPSIjRkZGRkZGIj4KPHRkIGJnY29sb3I9IiNGRkNDMzMiPjI1PC90ZD48dGQ+MjY8L3RkPjx0ZD4yNzwvdGQ+PHRkPjI4PC90ZD4KPHRkPjI5PC90ZD48dGQ+MzA8L3RkPjx0ZD48L3RkPjwvdHI+PC90YWJsZT4KPGZvbnQgY29sb3I9IiNGRkNDMzMiPqH2PC9mb250PqSstqjQ3cjVpMekuaGjCgo8IS0tofilq6XspfOlwKlgz8KhoaSzpLOk3qTHofgtLT4KPERJViBzdHlsZT0ibWFyZ2luOjAgMTIgMCAxMnB4OyBsaW5lLWhlaWdodDoxLjM7IHRleHQtYWxpZ246bGVmdDsgY29sb3I6I2NjMDAwMDsiPgo8Rk9OVCBjb2xvcj0iI0ZGQ0MzMyI+ofY8L0ZPTlQ+yNXq18jVpM+2qNDdyNWkx6S5oaMyhtOYScjV0tTE2qTLtbG16qTopOql4algpeukrL3spKukyqSkiPa6z6TPoaKkqsrWyv2kx6S5pKyktN9CvWqkr6TApLWkpKGjPC9ESVY+CiAgICAgICAgICAgIDwvVEQ+CiAgICAgICAgICA8L1RSPgogICAgICAgICAgPC9UQUJMRT4KICAgICAgPC9URD4KICAgIDwvVFI+CjwvVEFCTEU+CjxCUj4KPEJSPgoKCgo8QlI+PEJSPgo8aW1nIHNyYz0iaHR0cHM6Ly9pbWFnZS5yYWt1dGVuLmNvLmpwL3JlbGlhYmxlL2NhYmluZXQvaXRva2kvaW1ncmMwMDY3MTY2MzI2LmpwZyIgYm9yZGVyPSIwIiBhbHQ9IqWrpempYKXHpbmlr0hYLUg4Ij4KPEJSPjxCUj4KCjxpbWcgc3JjPSJodHRwczovL2ltYWdlLnJha3V0ZW4uY28uanAvcmVsaWFibGUvY2FiaW5ldC9pdG9raS9pbWdyYzAwNjcxNjYzMjcuanBnIiBib3JkZXI9IjAiIGFsdD0ipaul6algpceluaWvSFgtRjgiPgo8QlI+PEJSPgoKPGltZyBzcmM9Imh0dHBzOi8vaW1hZ2UucmFrdXRlbi5jby5qcC9yZWxpYWJsZS9jYWJpbmV0L2ljaGliYS9pbWdyYzAwNjc5MjQwNjIuanBnIiBib3JkZXI9IjAiIGFsdD0ipc2lpKWtpcOluiI+CjxCUj48QlI+Cgo8aW1nIHNyYz0iaHR0cHM6Ly9pbWFnZS5yYWt1dGVuLmNvLmpwL3JlbGlhYmxlL2NhYmluZXQvMDMwNTQyMzkvaW1ncmMwMDY1MTcwNTA5LmpwZyIgYm9yZGVyPSIwIiBhbHQ9Ik5Ec3R5bGUiPjxCUj4KPEJSPgo8SU1HIHNyYz0iaHR0cHM6Ly9pbWFnZS5yYWt1dGVuLmNvLmpwL3JlbGlhYmxlL2NhYmluZXQvdG9wcGFnZS9pbWc1ODg4MjcwMi5qcGciIGJvcmRlcj0iMCIgYWx0PSLEzdXwIj48QlI+CjxCUj4KPGltZyBzcmM9Imh0dHBzOi8vaW1hZ2UucmFrdXRlbi5jby5qcC9yZWxpYWJsZS9jYWJpbmV0L3RvcHBhZ2UvaW1nNTg4ODI2MzMuanBnIiBib3JkZXI9IjAiIGFsdD0ipd6lw6XIIj48QlI+CjxCUj4KPGltZyBzcmM9Imh0dHBzOi8vaW1hZ2UucmFrdXRlbi5jby5qcC9yZWxpYWJsZS9jYWJpbmV0L3RvcHBhZ2UvaW1nNTg4ODI2MzUuanBnIiBib3JkZXI9IjAiIGFsdD0ipa2lw6XBpfOl3KlgpckiPjxCUj4=,ob7LzcHPn2/Bz6G/paSlyKlgpa0gpbml1KlgpcqlwaWnpaIgpaKluKXjpbmlv6XWpevW4ri2IKWopemluaXIpd6pYKXQpcOlryCxs6PTo8eluaXiqWClr6WwpeypYCBUMSCl1qXppcOlryDX+cPmpdal6aXDpa8g0s7X0yClqqXVpaOluSC435lDxNwgpc+lpKW5pdqlw6WvIKWwpcOlyaXHpbalpKXz2XAgvfDZcCBJVE9LSSBTcGluYSBLRS03NTdHUC2juqWkpfOlxqXqpaLNqNico9Kj5aPso+mj4aPio+yj5Q==,o9Oj1KPPo8ujy6PFoaGlyKXqpcOl16Ghpcil6aXDpdehoaXIpeqlw6XXpcil6aXDpdehoaXIpeqlw6XXpcil6aXDpdfX7rCygo6l1KWopeulytfusLKCjqGhpdSlqKXrpcqhoaWqpaul4KXpoaGM+bTloaGM+bTl0XXX98v5paypYKXHpcul86WwpdapYKXEoaGhoelM0aWhoaXspaSl86XWqWCl66GhguOhoaWipfOl1qXspenD44+Ku/qhoaXppfOlraXzpbChodGnwZW7+qWzpbml4aXcpcOlr6W5oaGl4aWkpa+l3KXDpa+luaGhpbOluaXhpb2l1aWhoaG437yJoaHkibTypMGhoaXHpbalpKXKqWCluqGhpaSpYKXgpbrX07mpsr/O3aGhpb+l86W5oaHz7PPToaGl2aXTqWDz7PPToaGlwaWnpbmlyKGhpb2l1aWhpaSlyKlgpa2hoaWkpcipYKWt0afBlbv6oaHX7rCygo6hoaWrpempYKXHpbmlr6Gh0afBlbv6peul66XJoaGl3qXDpbWpYKW4pa+lw6W3peel88nI70yZQ6GhpaSl86XGpeqlorzS64qhoZLfs/2ZQ6GhpbOlpKW6pd+l1aWhpculxqXDpa+hodGnwZWlx6W5pa+hoaXHpbOl16XqoaGlq6XpqWClx6W5pa+hodGnwZW7+tGnwZXSztfToaHRp8GVu/qly6XlqWCl0KXzpdOpYKXL1+6wsoKO0afBlaXHpbmlr6W4peelpKXzpcil3qXDpcihoaXRpbql66XepcOlyKGhpdWl7aWipd6lw6XIoaGz4KTBpOOk86WkpfOlxqXqpaLNqNicpeql6aWkpaKl1qXrpceluaWvpd6lw6XIoaGlraXjpemlr6W/qWChoaWrqWCl2qXDpcihoaXHpbmlr6W3qWClyKWupdWlyKGhpdel7KW8pfOlyKGhpemlw6XUpfOlsKGhy83Bz59vwc+hoaTOpLehoezZtre8pLCyoaGlu6lgpeuhoaOlT0ZGIKWipaalyKXspcOlyKXppfOlyaW7peuhoaXppfOlyaW7peul6aXDpa+hoaW7paSl0KXzoaGl1aWjpcOlyKTBpOOk86Ghpeml1qXUob7LzcHPn2/Bz6G/paSlyKlgpa0gpbml1KlgpcqlwaWnpaIgpaKluKXjpbmlv6XWpevW4ri2IKWopemluaXIpd6pYKXQpcOlryCxs6PTo8eluaXiqWClr6WwpeypYCBUMSCl1qXppcOlryDX+cPmpdal6aXDpa8g0s7X0yClqqXVpaOluSC435lDxNwgpc+lpKW5pdqlw6WvIKWwpcOlyaXHpbalpKXz2XAgvfDZcCBJVE9LSSBTcGluYSBLRS03NTdHUC0=,mFPM7KWkpdml86XIuPe3TqWopfOlyKXqqWCkx6XdpaSl86XIR0VUo6EgIKOhoaOhvsvNwc+fb8HPob+lpKXIqWClrSCluaXUqWClyqXBpaeloiCloqW4peOluaW/pdal69biuLYgpail6aW5pcil3qlgpdClw6WvILGzo9Ojx6W5peKpYKWvpbCl7KlgIFQxIKXWpemlw6WvINf5w+al1qXppcOlryDSztfTIKWqpdWlo6W5ILjfmUPE3CClz6Wkpbml2qXDpa8gpbClw6XJpceltqWkpfPZcCC98NlwIElUT0tJIFNwaW5hIEtFLTc1N0dQLQ==[rn]
40-32943,aHR0cDovL3RzaG9wLnIxMHMuanAvYm9va3NoZWxmL2NhYmluZXQvaW1hZ2UvZWMvZ2EvZ2EtbG8tY2hhaXItYmUuanBnP2ZpdGluPTcwMDo3MDA=,NjYyNC4wMDAw,,paSl86XGpeqloj/H3r7fP4WnvHsgPiClpKW5P6XBpaeloiA+IKXRqWClvaXKpeulwaWnpaKjqDHIy5LspLGjqSA+IKS9pM7L+w==,y83Bz59vwc8gpceluaWvpcGlp6WiIKXtpcOlraXzpbCZQ8TcIKXtpaQgpdmpYKW4peUgZ2EtbG8tY2hhaWJl,pceluaWvpcGlp6WiIKXtpcOlraXzpbCZQ8TcIKXtpaQgpdmpYKW4peU=,PGRpdiBhbGlnbj0iY2VudGVyIj4KPGltZyBzcmM9Imh0dHA6Ly9pbWFnZS5yYWt1dGVuLmNvLmpwL2Jvb2tzaGVsZi9jYWJpbmV0L2ltYWdlL2VjL2dhL2dhLWxvLWNoYWlyLWJlLmpwZyI+PGJyPjxicj4KPGltZyBzcmM9Imh0dHA6Ly9pbWFnZS5yYWt1dGVuLmNvLmpwL2Jvb2tzaGVsZi9jYWJpbmV0L2ltYWdlL2VjL2dhL2dhLWxvLWNoYWlyLWJlXzEuanBnIj48YnI+PGJyPgo8aW1nIHNyYz0iaHR0cDovL2ltYWdlLnJha3V0ZW4uY28uanAvYm9va3NoZWxmL2NhYmluZXQvaW1hZ2UvZWMvZ2EvZ2EtbG8tY2hhaXItYmVfMi5qcGciPjxicj48YnI+CjxpbWcgc3JjPSJodHRwOi8vaW1hZ2UucmFrdXRlbi5jby5qcC9ib29rc2hlbGYvY2FiaW5ldC9pbWFnZS9lYy9nYS9nYS1sby1jaGFpci1iZV8zLmpwZyI+PGJyPjxicj4KPGltZyBzcmM9Imh0dHA6Ly9pbWFnZS5yYWt1dGVuLmNvLmpwL2Jvb2tzaGVsZi9jYWJpbmV0L2ltYWdlL2VjL2dhL2dhLWxvLWNoYWlyLWJlXzQuanBnIj48YnI+PGJyPgo8aW1nIHNyYz0iaHR0cDovL2ltYWdlLnJha3V0ZW4uY28uanAvYm9va3NoZWxmL2NhYmluZXQvaW1hZ2UvZWMvZ2EvZ2EtbG8tY2hhaXItYmVfNS5qcGciPjxicj48YnI+Cjx0YWJsZSB3aWR0aD0iNjUwImJvcmRlcj0iMCIgY2VsbHBhZGRpbmc9IjUiIGNlbGxzcGFjaW5nPSIxIiBzdHlsZT0iZm9udC1zaXplOjEycHg7IGxpbmUtaGVpZ2h0OjE2cHg7IG1hcmdpbjoyMHB4IDBweDsiIGJnY29sb3I9IiNkY2Q2ZDIiPgogIDx0cj4KICAgIDx0aCBjb2xzcGFuPSIyIiBiZ2NvbG9yPSIjZGNkNmQyIiBzY29wZT0iY29sInN0eWxlPSJwYWRkaW5nOiA1cHg7IGNvbG9yOiMwMDA7Ij6l7aWkIKW3peqpYKW6PC90aD48L3RyPgo8dHI+Cjx0ZCB3aWR0aD0iNTAlIiBiZ2NvbG9yPSJ3aGl0ZSIgc3R5bGU9InRleHQtYWxpZ246Y2VudGVyOyI+CjxhIGhyZWY9Imh0dHA6Ly9pdGVtLnJha3V0ZW4uY28uanAvYm9va3NoZWxmL3ItZ2EtbG8tY2hhaXItYmUvIiB0YXJnZXQ9Il9ibGFuayI+PGltZyBzcmM9Imh0dHA6Ly9pbWFnZS5yYWt1dGVuLmNvLmpwL2Jvb2tzaGVsZi9jYWJpbmV0L2ltYWdlL2VjL2dhL2dhLWxvLWNoYWlyLWJlLmpwZyIgYm9yZGVyPSIwIiB3aWR0aD0iMTIwIj48YnI+pdmpYKW4peU8L2E+PC90ZD4KPHRkIHdpZHRoPSI1MCUiIGJnY29sb3I9IndoaXRlIiBzdHlsZT0idGV4dC1hbGlnbjpjZW50ZXI7Ij4KPGEgaHJlZj0iaHR0cDovL2l0ZW0ucmFrdXRlbi5jby5qcC9ib29rc2hlbGYvci1nYS1sby1jaGFpci1ici8iIHRhcmdldD0iX2JsYW5rIj48aW1nIHNyYz0iaHR0cDovL2ltYWdlLnJha3V0ZW4uY28uanAvYm9va3NoZWxmL2NhYmluZXQvaW1hZ2UvZWMvZ2EvZ2EtbG8tY2hhaXItYnIuanBnIiBib3JkZXI9IjAiIHdpZHRoPSIxMjAiPjxicj6l1qXppaal8zwvYT48L3RkPgo8L3RyPjwvdGFibGU+PGJyPgo8L2Rpdj48dGFibGUgd2lkdGg9IjEwMCUiIGJvcmRlcj0iMSIgY2VsbHBhZGRpbmc9IjQiIGNlbGxzcGFjaW5nPSIwIiBib3JkZXJjb2xvcj0iI2NjY2NjYyIgaWQ9ImJvb2tzcGVjMDAxIj4KPHRyPgo8dGggYmdjb2xvcj0iI2VlZWVlZSIgd2lkdGg9IjIzJSIgYWxpZ249ImNlbnRlciI+pd2lpKXzpcg8L3RoPgo8dGQ+pcSlpKlgpcmkyFBVoaIyt07ukKTOyfq12KTyyrnTw6S3pL+lwaWnpaKkx6S5oaM8YnI+Cr6PpOSkq6TKx/q+gKTOsbOk4qS/pOykyNf5w+bQzte0pM+hotf5pOrQxLXYpKzBvKSvoaLJ7czlpPKk5KS1pLekr7D8pN/eeqTzpMekr6TspN6kuaGjPC90ZD4KPC90cj4KPHRyPgo8dGggYmdjb2xvcj0iI2VlZWVlZSIgd2lkdGg9IjIzJSIgYWxpZ249ImNlbnRlciI+yczGt8P7PC90aD4KPHRkPqXHpbmlr6XBpaeloiCl7aXDpa2l86WwmUPE3CCl7aWkIKXZqWCluKXlPC90ZD4KPC90cj4KPHRyPgo8dGggYmdjb2xvcj0iI2VlZWVlZSIgd2lkdGg9IjIzJSIgYWxpZ249ImNlbnRlciI+yczGt6WzqWClyTwvdGg+Cjx0ZD5SLUdBLUxPLUNIQUlSLUJFPC90ZD4KPC90cj4KPHRyPgo8dGggYmdjb2xvcj0iI2VlZWVlZSIgd2lkdGg9IjIzJSIgYWxpZ249ImNlbnRlciI+6XbfQsnMxrc8L3RoPgo8dGQ+LaXtpaQgpbel6qlgpbotPGJyPgql2algpbil5SAtLS2h8axG1NqkzqXaqWCluKTHpLk8YnI+CqXWpemlpqXzPC90ZD4KPC90cj4KPHRyPgo8dGggYmdjb2xvcj0iI2VlZWVlZSIgd2lkdGg9IjIzJSIgYWxpZ249ImNlbnRlciI+yczGt6W1paSlujwvdGg+Cjx0ZD63+TU3MKHBsMLQ0DU3MKHBuN+ktTcxMKGrNzkwo6jX+cPmuN+ktTQzMKGrNTEwo6ltbTwvdGQ+CjwvdHI+Cjx0cj4KPHRoIGJnY29sb3I9IiNlZWVlZWUiIHdpZHRoPSIyMyUiIGFsaWduPSJjZW50ZXIiPrLE2Xw8L3RoPgo8dGQ+sb7M5aO6t2WM07rPsOU/paal7KW/pfOl1aWpqWCl4Dxicj4Kj4i12KO6vmQ/o9Cj1Txicj4KvcWyv6O6paal7KW/pfOlraXjpbmlv6lgPC90ZD4KPC90cj4KPHRyPgo8dGggYmdjb2xvcj0iI2VlZWVlZSIgd2lkdGg9IjIzJSIgYWxpZ249ImNlbnRlciI+paul6algPC90aD4KPHRkPqXZqWCluKXlPC90ZD4KPC90cj4KPHRyPgo8dGggYmdjb2xvcj0iI2VlZWVlZSIgd2lkdGg9IjIzJSIgYWxpZ249ImNlbnRlciI+vU3BoqTGPC90aD4KPHRkPqSzpMGk6aTOyczGt6TPoaKkqr/NmJS9TcGipMbJzMa3pMekuTwvdGQ+CjwvdHI+Cjx0cj4KPHRoIGJnY29sb3I9IiNlZWVlZWUiIHdpZHRoPSIyMyUiIGFsaWduPSJjZW50ZXIiPsn6rmK5+jwvdGg+Cjx0ZD7W0Ln6PC90ZD4KPC90cj4KPHRyPgo8dGggYmdjb2xvcj0iI2VlZWVlZSIgd2lkdGg9IjIzJSIgYWxpZ249ImNlbnRlciI+pKq97KSxPC90aD4KPHRkPjxiPrGxuqO1wD+bX79JpNikzsXky82kz4Rlzb7LzcHPpKykq6SrpOqk3qS5oaM8YnI+Cut4jXWk2KTOpKq97KSxpM+kx6StpN6ku6TzoaM8L2I+PGJyPjxicj6hvrP2usnI1aTLpMSkpKTGob88YnI+CjxiPjEyo7owMKTepMeky5tRnGe0X9VKpM7IoaTspL+ktNeizsSkz6Gi0u6G05hJyNWkzrP2usmkrL/JxNykx6S5oaM8L2I+PGJyPgrNwaGiyNWhotejyNWkz7P2usmYSYTVpPKkqtDdpN+ktaS7pMakpKS/pMCkpKTGpKqk6qTepLmhozxicj4KyczGt7W918Wk3qTHpM7I1cr9pM+horXY0/Kky6TopOqukKTKpOqk3qS5oaM8YnI+yczGt6TP0P7pdrbJpLekyKTKpOqk3qS5oaMKPC90ZD4KPC90cj4KPHRyPgo8dGggYmdjb2xvcj0iI2VlZWVlZSIgd2lkdGg9IjIzJSIgYWxpZ249ImNlbnRlciI+m1GcZ7e9t6g8L3RoPgo8dGQ+CjxiPrT6vfDS/ZNRpKyktMD708Okx6StpN6ku6TzPC9iPgo8L3RkPgo8L3RyPgo8dHI+PHRoIGJnY29sb3I9IiNlZWVlZWUiIHdpZHRoPSIyMyUiIGFsaWduPSJjZW50ZXIiPqS016LS4jwvdGg+PHRkPgqh+aS016LOxKTOpb+lpKXfpfOlsKTLpOik6qGi1NqO7KSipOqkzoj2us+kx6Tix7fGt6TIpMqkw6TGpLek3qSmiPa6z6SspLSktqSkpN6kuaGjPGJyPgqh+aXhqWClq6lg1rHLzcnMxrekzqS/pOGhosnMxrewa8vN4eGkzqWtpeOl86W7peukz6SqytyksaTHpK2k3qS7pPOho6S0wcuz0KTOpKakqKS016LOxKSvpMCktaSkoaMKo6iktNeizsTE2sjdpMiukKTKpMOkxqSkpL+k6qGisrvBvKTepL+kz8bGk3C1yKSspKKkw6S/iPa6z6TPrpCkyqTqpN6kuaOpPGJyPqH5tdjT8qTLpOik6qTepLekxqGiyNWVcta4tqikrKTHpK2kyqSkiPa6z6SspLSktqSkpN6kuaGjPGJyPgqh+aSqv82YlKTOo9Cjw6Xipculv6lgpOS06dOw17SbcqTLpOik6rbgydmkzsmrpM7fYKSkpKzJ+qS4pN6kuaGj0+ik4aS0wcuz0M/CpLWkpKGjPC90ZD48L3RyPgo8dHI+Cjx0aCBiZ2NvbG9yPSIjZWVlZWVlIiB3aWR0aD0iMjMlIiBhbGlnbj0iY2VudGVyIj6lralgpe+pYKXJPC90aD4KPHRkPsvNwc+fb8HPIKXHpbmlr6XBpaeloiCl7aXDpa2l86WwmUPE3CCl7aWkIKXZqWCluKXlPC90ZD4KPC90cj4KPC90YWJsZT48YnI+PCEtLSChuKWmpeulyKXpzNm+rqTBpOOk86G5pLOks6SrpOkgLS0+CjxkaXYgc3R5bGU9ImhlaWdodDo1NTBweDsgd2lkdGg6NzAwcHg7IG92ZXJmbG93OmhpZGRlbjsgbWFyZ2luOjA7IHBhZGRpbmc6MCI+CjxpbWcgc3JjPSJodHRwOi8vd3d3LnJha3V0ZW4ubmUuanAvZ29sZC9ib29rc2hlbGYvb3JkZXJzL3VsdHJhMS5wbmciIHdpZHRoPSI3MDAiPjxiciAvPgo8L2Rpdj4KPCEtLSChuKWmpeulyKXpzNm+rqTBpOOk86G5pLOks6TepMcgLS0+CgoKPGJyPjxicj4KCjwhLS0gobil6aXzpa2l86WwytzZcMvZiPOhuaSzpLOkq6TpIC0tPiAKPGRpdiBzdHlsZT0iaGVpZ2h0OjU1MHB4OyB3aWR0aDo3MDBweDsgb3ZlcmZsb3c6aGlkZGVuOyBtYXJnaW46MDsgcGFkZGluZzowIj4gCjxpbWcgc3JjPSJodHRwOi8vd3d3LnJha3V0ZW4ubmUuanAvZ29sZC9ib29rc2hlbGYvb3JkZXJzL3JhbmtpbjEucG5nIiB3aWR0aD0iNzAwIj48YnIgLz4gCjwvZGl2PiAKPCEtLSChuKXppfOlraXzpbDK3Nlwy9mI86G5pLOks6TepMcgLS0+Cgo8YnI+PGJyPgoKPCEtLSChuKWmpeulyKXpjGebcqXspdOl5algobmks6SzpKuk6SAtLT4gCjxkaXYgc3R5bGU9ImhlaWdodDo1NTBweDsgd2lkdGg6NzAwcHg7IG92ZXJmbG93OmhpZGRlbjsgbWFyZ2luOjA7IHBhZGRpbmc6MCI+IAo8aW1nIHNyYz0iaHR0cDovL3d3dy5yYWt1dGVuLm5lLmpwL2dvbGQvYm9va3NoZWxmL29yZGVycy9yZXZpZXcxLnBuZyIgd2lkdGg9IjcwMCI+PGJyIC8+IAo8L2Rpdj4gCjwhLS0gobilpqXrpcil6Yxnm3Kl7KXTpeWpYKG5pLOks6TepMcgLS0+IAoKCjxzdHlsZSB0eXBlPSJ0ZXh0L2NzcyI+CgovKiCkqprdpMvI66TqyczGt7LupLfM5qSopb+lsCAqLwojcmFrdXRlbkxpbWl0ZWRJZF9hcm91bmRDYXJ0ICNzZXJ2aWNlVGFibGVTbWwgdGQuZmF2b3JpdGUgeyBwYWRkaW5nLXRvcDogMHB4O30KI3Jha3V0ZW5MaW1pdGVkSWRfYXJvdW5kQ2FydCBkaXYuYm9va21hcmtBcmVhIGRpdi5ia20gewogd2lkdGg6IHB4ICFpbXBvcnRhbnQ7CiBoZWlnaHQ6IHB4ICFpbXBvcnRhbnQ7CiBwYWRkaW5nOiAwcHggMHB4IDBweCAwcHggIWltcG9ydGFudDsKfQojcmFrdXRlbkxpbWl0ZWRJZF9hcm91bmRDYXJ0IGRpdi5ib29rbWFya0FyZWEgZGl2LmJrbSBhLmFkZEJrbSB7CiB3aWR0aDogMjk0cHggIWltcG9ydGFudDsKIGhlaWdodDogMzAwcHggIWltcG9ydGFudDsKfQojcmFrdXRlbkxpbWl0ZWRJZF9hcm91bmRDYXJ0IGRpdi5ib29rbWFya0FyZWEgZGl2LmJrbSBhLmFkZEJrbSBzcGFuLmJrbVN0YXIgewogZGlzcGxheTogaW5saW5lLWJsb2NrICFpbXBvcnRhbnQ7CiB3aWR0aDogMjk0cHggIWltcG9ydGFudDsKIGhlaWdodDogMzAwcHggIWltcG9ydGFudDsKbWFyZ2luOjBweCAwcHggMHB4IDBweCAhaW1wb3J0YW50OwogYmFja2dyb3VuZDogdXJsKCJodHRwOi8vaW1hZ2UucmFrdXRlbi5jby5qcC9ib29rc2hlbGYvY2FiaW5ldC9ldmVudC9mYXZvcml0ZS1idXR0b24uZ2lmIiluby1yZXBlYXQgMCAwICFpbXBvcnRhbnQ7Cn0KPC9zdHlsZT4=,y83Bz59vwc8gpceluaWvpcGlp6WiIKXtpcOlraXzpbCZQ8TcIKXtpaQgpdmpYKW4peUgZ2EtbG8tY2hhaWJlo7qxvsXvjJ/pVLXq,y83Bz59vwc8gpceluaWvpcGlp6WiIKXtpcOlraXzpbCZQ8TcIKXtpaQgpdmpYKW4peUgZ2EtbG8tY2hhaWJl,pceluaWvpcGlp6WiIKXtpcOlraXzpbCZQ8TcIKXtpaQgpdmpYKW4peWho8vNwc+fb8HPIKXHpbmlr6XBpaeloiCl7aXDpa2l86WwmUPE3CCl7aWkIKXZqWCluKXlIGdhLWxvLWNoYWliZQ==[rn]
40-32944,aHR0cDovL3RzaG9wLnIxMHMuanAvYm9va3NoZWxmL2NhYmluZXQvaW1hZ2UvZWMvZ2EvZ2Eta3AtY2hhaXItYnIuanBnP2ZpdGluPTcwMDo3MDA=,MTI3ODQuMDAwMA==,,paSl86XGpeqloj/H3r7fP4WnvHsgPiClpKW5P6XBpaeloiA+IKXRqWClvaXKpeulwaWnpaKjqDHIy5LspLGjqSA+IKS9pM7L+w==,y83Bz59vwc8gpceluaWvpcGlp6WiIKXtpcOlraXzpbCZQ8TcuLakrSClraXDpdcgpdal6aWmpfMgZ2Eta3AtY2hhaWJy,pceluaWvpcGlp6WiIKXtpcOlraXzpbCZQ8TcuLakrSClraXDpdcgpdal6aWmpfM=,PGRpdiBhbGlnbj0iY2VudGVyIj4KPGltZyBzcmM9Imh0dHA6Ly9pbWFnZS5yYWt1dGVuLmNvLmpwL2Jvb2tzaGVsZi9jYWJpbmV0L2ltYWdlL2VjL2dhL2dhLWtwLWNoYWlyLWJyLmpwZyI+PGJyPjxicj4KPGltZyBzcmM9Imh0dHA6Ly9pbWFnZS5yYWt1dGVuLmNvLmpwL2Jvb2tzaGVsZi9jYWJpbmV0L2ltYWdlL2VjL2dhL2dhLWtwLWNoYWlyLWJyXzEuanBnIj48YnI+PGJyPgo8aW1nIHNyYz0iaHR0cDovL2ltYWdlLnJha3V0ZW4uY28uanAvYm9va3NoZWxmL2NhYmluZXQvaW1hZ2UvZWMvZ2EvZ2Eta3AtY2hhaXItYnJfMi5qcGciPjxicj48YnI+CjxpbWcgc3JjPSJodHRwOi8vaW1hZ2UucmFrdXRlbi5jby5qcC9ib29rc2hlbGYvY2FiaW5ldC9pbWFnZS9lYy9nYS9nYS1rcC1jaGFpci1icl8zLmpwZyI+PGJyPjxicj4KPGltZyBzcmM9Imh0dHA6Ly9pbWFnZS5yYWt1dGVuLmNvLmpwL2Jvb2tzaGVsZi9jYWJpbmV0L2ltYWdlL2VjL2dhL2dhLWtwLWNoYWlyLWJyXzQuanBnIj48YnI+PGJyPgo8aW1nIHNyYz0iaHR0cDovL2ltYWdlLnJha3V0ZW4uY28uanAvYm9va3NoZWxmL2NhYmluZXQvaW1hZ2UvZWMvZ2EvZ2Eta3AtY2hhaXItYnJfNS5qcGciPjxicj48YnI+CjxpbWcgc3JjPSJodHRwOi8vaW1hZ2UucmFrdXRlbi5jby5qcC9ib29rc2hlbGYvY2FiaW5ldC9pbWFnZS9lYy9nYS9nYS1rcC1jaGFpci1icl82LmpwZyI+PGJyPjxicj4KPGltZyBzcmM9Imh0dHA6Ly9pbWFnZS5yYWt1dGVuLmNvLmpwL2Jvb2tzaGVsZi9jYWJpbmV0L2ltYWdlL2VjL2dhL2dhLWtwLWNoYWlyLWJyXzcuanBnIj48YnI+PGJyPgo8dGFibGUgd2lkdGg9IjY1MCJib3JkZXI9IjAiIGNlbGxwYWRkaW5nPSI1IiBjZWxsc3BhY2luZz0iMSIgc3R5bGU9ImZvbnQtc2l6ZToxMnB4OyBsaW5lLWhlaWdodDoxNnB4OyBtYXJnaW46MjBweCAwcHg7IiBiZ2NvbG9yPSIjZGNkNmQyIj4KICA8dHI+CiAgICA8dGggY29sc3Bhbj0iMiIgYmdjb2xvcj0iI2RjZDZkMiIgc2NvcGU9ImNvbCJzdHlsZT0icGFkZGluZzogNXB4OyBjb2xvcjojMDAwOyI+pa2lw6XXIKW3peqpYKW6PC90aD48L3RyPgo8dHI+Cjx0ZCB3aWR0aD0iNTAlIiBiZ2NvbG9yPSJ3aGl0ZSIgc3R5bGU9InRleHQtYWxpZ246Y2VudGVyOyI+CjxhIGhyZWY9Imh0dHA6Ly9pdGVtLnJha3V0ZW4uY28uanAvYm9va3NoZWxmL3ItZ2Eta3AtY2hhaXItYnIvIiB0YXJnZXQ9Il9ibGFuayI+PGltZyBzcmM9Imh0dHA6Ly9pbWFnZS5yYWt1dGVuLmNvLmpwL2Jvb2tzaGVsZi9jYWJpbmV0L2ltYWdlL2VjL2dhL2dhLWtwLWNoYWlyLWJyLmpwZyIgYm9yZGVyPSIwIiB3aWR0aD0iMTIwIj48YnI+pdal6aWmpfM8L2E+PC90ZD4KPHRkIHdpZHRoPSI1MCUiIGJnY29sb3I9IndoaXRlIiBzdHlsZT0idGV4dC1hbGlnbjpjZW50ZXI7Ij4KPGEgaHJlZj0iaHR0cDovL2l0ZW0ucmFrdXRlbi5jby5qcC9ib29rc2hlbGYvci1nYS1rcC1jaGFpci1pdi8iIHRhcmdldD0iX2JsYW5rIj48aW1nIHNyYz0iaHR0cDovL2ltYWdlLnJha3V0ZW4uY28uanAvYm9va3NoZWxmL2NhYmluZXQvaW1hZ2UvZWMvZ2EvZ2Eta3AtY2hhaXItaXYuanBnIiBib3JkZXI9IjAiIHdpZHRoPSIxMjAiPjxicj6loqWkpdyl6qlgPC9hPjwvdGQ+CjwvdHI+CjwvdGFibGU+PGJyPgo8L2Rpdj48dGFibGUgd2lkdGg9IjEwMCUiIGJvcmRlcj0iMSIgY2VsbHBhZGRpbmc9IjQiIGNlbGxzcGFjaW5nPSIwIiBib3JkZXJjb2xvcj0iI2NjY2NjYyIgaWQ9ImJvb2tzcGVjMDAxIj4KPHRyPgo8dGggYmdjb2xvcj0iI2VlZWVlZSIgd2lkdGg9IjIzJSIgYWxpZ249ImNlbnRlciI+pd2lpKXzpcg8L3RoPgo8dGQ+uN+8ibjQxq+kpqW5pb+lpKXqpcOlt6XlpMqlx6W2paSl86TOpceluaWvpcGlp6WipMekuaGjPGJyPgrU2cn6peyltqlgo6vC6aTOj4i12Mq5pKSk4vfIwaakztK7pMSkx6S5oaM8YnI+CqWzpfOl0aWvpciltaWkpbqkx6S5pKyhoqWspbmIUpVOvbWhoqXtpcOlraXzpbCZQ8TcpMqkyaGituCZQ8TcpMfKuaSkpOSkuaSkpcGlp6WipMekuaGjPC90ZD4KPC90cj4KPHRyPgo8dGggYmdjb2xvcj0iI2VlZWVlZSIgd2lkdGg9IjIzJSIgYWxpZ249ImNlbnRlciI+yczGt8P7PC90aD4KPHRkPqXHpbmlr6XBpaeloiCl7aXDpa2l86WwmUPE3Li2pK0gpa2lw6XXIKXWpemlpqXzPC90ZD4KPC90cj4KPHRyPgo8dGggYmdjb2xvcj0iI2VlZWVlZSIgd2lkdGg9IjIzJSIgYWxpZ249ImNlbnRlciI+yczGt6WzqWClyTwvdGg+Cjx0ZD5SLUdBLUtQLUNIQUlSLUJSPC90ZD4KPC90cj4KPHRyPgo8dGggYmdjb2xvcj0iI2VlZWVlZSIgd2lkdGg9IjIzJSIgYWxpZ249ImNlbnRlciI+6XbfQsnMxrc8L3RoPgo8dGQ+LaWtpcOl1yClt6XqqWClui08YnI+CqXWpemlpqXzIC0tLaHxrEbU2qTOpdqpYKW4pMekuTxicj4KpaKlpKXcpeqpYDwvdGQ+CjwvdHI+Cjx0cj4KPHRoIGJnY29sb3I9IiNlZWVlZWUiIHdpZHRoPSIyMyUiIGFsaWduPSJjZW50ZXIiPsnMxreltaWkpbo8L3RoPgo8dGQ+t/k2NzChwbDC0NA2NzChwbjfpLU4MzChqzkxMKOo1/nD5rjfpLU0MzChqzUxMKOpbW08L3RkPgo8L3RyPgo8dHI+Cjx0aCBiZ2NvbG9yPSIjZWVlZWVlIiB3aWR0aD0iMjMlIiBhbGlnbj0iY2VudGVyIj6yxNl8PC90aD4KPHRkPtf5w+ajurdljNO6z7DlP6Wmpeylv6XzpdWlqalgpeA8YnI+Co+ItdijutTZyfql7KW2qWA/wukogsjD5ik8YnI+Cr3Fsr+juqW5pcGpYKXrL6Wvpe2pYKXgpeGlw6WtPC90ZD4KPC90cj4KPHRyPgo8dGggYmdjb2xvcj0iI2VlZWVlZSIgd2lkdGg9IjIzJSIgYWxpZ249ImNlbnRlciI+paul6algPC90aD4KPHRkPqXWpemlpqXzPC90ZD4KPC90cj4KPHRyPgo8dGggYmdjb2xvcj0iI2VlZWVlZSIgd2lkdGg9IjIzJSIgYWxpZ249ImNlbnRlciI+vU3BoqTGPC90aD4KPHRkPqSzpMGk6aTOyczGt6TPoaKkqr/NmJS9TcGipMbJzMa3pMekuTwvdGQ+CjwvdHI+Cjx0cj4KPHRoIGJnY29sb3I9IiNlZWVlZWUiIHdpZHRoPSIyMyUiIGFsaWduPSJjZW50ZXIiPsn6rmK5+jwvdGg+Cjx0ZD7W0Ln60XU8L3RkPgo8L3RyPgo8dHI+Cjx0aCBiZ2NvbG9yPSIjZWVlZWVlIiB3aWR0aD0iMjMlIiBhbGlnbj0iY2VudGVyIj6kvaTOy/s8L3RoPgo8dGQ+lU69tcq9P6XtpcOlraXzpbCZQ8TcuLY8L3RkPgo8L3RyPgo8dHI+Cjx0aCBiZ2NvbG9yPSIjZWVlZWVlIiB3aWR0aD0iMjMlIiBhbGlnbj0iY2VudGVyIj6kqr3spLE8L3RoPgo8dGQ+PGI+sbG6o7XAP5tfv0mk2KTOxeTLzaTPhGXNvsvNwc+krKSrpKuk6qTepLmhozxicj4K63iNdaTYpM6kqr3spLGkz6THpK2k3qS7pPOhozwvYj48YnI+PGJyPqG+s/a6ycjVpMukxKSkpMahvzxicj4KPGI+MTKjujAwpN6kx6TLm1GcZ7Rf1UqkzsihpOykv6S016LOxKTPoaLS7obTmEnI1aTOs/a6yaSsv8nE3KTHpLmhozwvYj48YnI+Cs3BoaLI1aGi16PI1aTPs/a6yZhJhNWk8qSq0N2k36S1pLukxqSkpL+kwKSkpMakqqTqpN6kuaGjPGJyPgrJzMa3tb3XxaTepMekzsjVyv2kz6GitdjT8qTLpOik6q6QpMqk6qTepLmhozxicj7JzMa3pM/Q/ul2tsmkt6TIpMqk6qTepLmhowo8L3RkPgo8L3RyPgo8dHI+Cjx0aCBiZ2NvbG9yPSIjZWVlZWVlIiB3aWR0aD0iMjMlIiBhbGlnbj0iY2VudGVyIj6bUZxnt723qDwvdGg+Cjx0ZD4KPGI+tPq98NL9k1GkrKS0wPvTw6THpK2k3qS7pPM8L2I+CjwvdGQ+CjwvdHI+Cjx0cj48dGggYmdjb2xvcj0iI2VlZWVlZSIgd2lkdGg9IjIzJSIgYWxpZ249ImNlbnRlciI+pLTXotLiPC90aD48dGQ+CqH5pLTXos7EpM6lv6Wkpd+l86WwpMuk6KTqoaLU2o7spKKk6qTOiPa6z6THpOLHt8a3pMikyqTDpMakt6TepKaI9rrPpKyktKS2pKSk3qS5oaM8YnI+CqH5peGpYKWrqWDWscvNyczGt6TOpL+k4aGiyczGt7Bry83h4aTOpa2l46Xzpbul66TPpKrK3KSxpMekraTepLuk86GjpLTBy7PQpM6kpqSopLTXos7EpK+kwKS1pKShowqjqKS016LOxMTayN2kyK6QpMqkw6TGpKSkv6TqoaKyu8G8pN6kv6TPxsaTcLXIpKykoqTDpL+I9rrPpM+ukKTKpOqk3qS5o6k8YnI+ofm12NPypMuk6KTqpN6kt6TGoaLI1ZVy1ri2qKSspMekraTKpKSI9rrPpKyktKS2pKSk3qS5oaM8YnI+CqH5pKq/zZiUpM6j0KPDpeKly6W/qWCk5LTp07DXtJtypMuk6KTqtuDJ2aTOyaukzt9gpKSkrMn6pLik3qS5oaPT6KThpLTBy7PQz8KktaSkoaM8L3RkPjwvdHI+Cjx0cj4KPHRoIGJnY29sb3I9IiNlZWVlZWUiIHdpZHRoPSIyMyUiIGFsaWduPSJjZW50ZXIiPqWtqWCl76lgpck8L3RoPgo8dGQ+y83Bz59vwc8gpceluaWvpcGlp6WiIKXtpcOlraXzpbCZQ8TcuLakrSClraXDpdcgpdal6aWmpfM8L3RkPgo8L3RyPgo8L3RhYmxlPjxicj48IS0tIKG4paal66XIpenM2b6upMGk46Tzobmks6SzpKuk6SAtLT4KPGRpdiBzdHlsZT0iaGVpZ2h0OjU1MHB4OyB3aWR0aDo3MDBweDsgb3ZlcmZsb3c6aGlkZGVuOyBtYXJnaW46MDsgcGFkZGluZzowIj4KPGltZyBzcmM9Imh0dHA6Ly93d3cucmFrdXRlbi5uZS5qcC9nb2xkL2Jvb2tzaGVsZi9vcmRlcnMvdWx0cmExLnBuZyIgd2lkdGg9IjcwMCI+PGJyIC8+CjwvZGl2Pgo8IS0tIKG4paal66XIpenM2b6upMGk46Tzobmks6SzpN6kxyAtLT4KCgo8YnI+PGJyPgoKPCEtLSChuKXppfOlraXzpbDK3Nlwy9mI86G5pLOks6SrpOkgLS0+IAo8ZGl2IHN0eWxlPSJoZWlnaHQ6NTUwcHg7IHdpZHRoOjcwMHB4OyBvdmVyZmxvdzpoaWRkZW47IG1hcmdpbjowOyBwYWRkaW5nOjAiPiAKPGltZyBzcmM9Imh0dHA6Ly93d3cucmFrdXRlbi5uZS5qcC9nb2xkL2Jvb2tzaGVsZi9vcmRlcnMvcmFua2luMS5wbmciIHdpZHRoPSI3MDAiPjxiciAvPiAKPC9kaXY+IAo8IS0tIKG4peml86WtpfOlsMrc2XDL2Yjzobmks6SzpN6kxyAtLT4KCjxicj48YnI+Cgo8IS0tIKG4paal66XIpemMZ5typeyl06XlqWChuaSzpLOkq6TpIC0tPiAKPGRpdiBzdHlsZT0iaGVpZ2h0OjU1MHB4OyB3aWR0aDo3MDBweDsgb3ZlcmZsb3c6aGlkZGVuOyBtYXJnaW46MDsgcGFkZGluZzowIj4gCjxpbWcgc3JjPSJodHRwOi8vd3d3LnJha3V0ZW4ubmUuanAvZ29sZC9ib29rc2hlbGYvb3JkZXJzL3JldmlldzEucG5nIiB3aWR0aD0iNzAwIj48YnIgLz4gCjwvZGl2PiAKPCEtLSChuKWmpeulyKXpjGebcqXspdOl5algobmks6SzpN6kxyAtLT4gCgoKPHN0eWxlIHR5cGU9InRleHQvY3NzIj4KCi8qIKSqmt2ky8jrpOrJzMa3su6kt8zmpKilv6WwICovCiNyYWt1dGVuTGltaXRlZElkX2Fyb3VuZENhcnQgI3NlcnZpY2VUYWJsZVNtbCB0ZC5mYXZvcml0ZSB7IHBhZGRpbmctdG9wOiAwcHg7fQojcmFrdXRlbkxpbWl0ZWRJZF9hcm91bmRDYXJ0IGRpdi5ib29rbWFya0FyZWEgZGl2LmJrbSB7CiB3aWR0aDogcHggIWltcG9ydGFudDsKIGhlaWdodDogcHggIWltcG9ydGFudDsKIHBhZGRpbmc6IDBweCAwcHggMHB4IDBweCAhaW1wb3J0YW50Owp9CiNyYWt1dGVuTGltaXRlZElkX2Fyb3VuZENhcnQgZGl2LmJvb2ttYXJrQXJlYSBkaXYuYmttIGEuYWRkQmttIHsKIHdpZHRoOiAyOTRweCAhaW1wb3J0YW50OwogaGVpZ2h0OiAzMDBweCAhaW1wb3J0YW50Owp9CiNyYWt1dGVuTGltaXRlZElkX2Fyb3VuZENhcnQgZGl2LmJvb2ttYXJrQXJlYSBkaXYuYmttIGEuYWRkQmttIHNwYW4uYmttU3RhciB7CiBkaXNwbGF5OiBpbmxpbmUtYmxvY2sgIWltcG9ydGFudDsKIHdpZHRoOiAyOTRweCAhaW1wb3J0YW50OwogaGVpZ2h0OiAzMDBweCAhaW1wb3J0YW50OwptYXJnaW46MHB4IDBweCAwcHggMHB4ICFpbXBvcnRhbnQ7CiBiYWNrZ3JvdW5kOiB1cmwoImh0dHA6Ly9pbWFnZS5yYWt1dGVuLmNvLmpwL2Jvb2tzaGVsZi9jYWJpbmV0L2V2ZW50L2Zhdm9yaXRlLWJ1dHRvbi5naWYiKW5vLXJlcGVhdCAwIDAgIWltcG9ydGFudDsKfQo8L3N0eWxlPg==,y83Bz59vwc8gpceluaWvpcGlp6WiIKXtpcOlraXzpbCZQ8TcuLakrSClraXDpdcgpdal6aWmpfMgZ2Eta3AtY2hhaWJyo7qxvsXvjJ/pVLXq,y83Bz59vwc8gpceluaWvpcGlp6WiIKXtpcOlraXzpbCZQ8TcuLakrSClraXDpdcgpdal6aWmpfMgZ2Eta3AtY2hhaWJy,pceluaWvpcGlp6WiIKXtpcOlraXzpbCZQ8TcuLakrSClraXDpdcgpdal6aWmpfOho8vNwc+fb8HPIKXHpbmlr6XBpaeloiCl7aXDpa2l86WwmUPE3Li2pK0gpa2lw6XXIKXWpemlpqXzIGdhLWtwLWNoYWlicg==[rn]
40-32945,aHR0cDovL3RzaG9wLnIxMHMuanAvYm9va3NoZWxmL2NhYmluZXQvaW1hZ2Uvc3RhbnphL2tnMDMvc2FuLTAxMC5qcGc/Zml0aW49NzAwOjcwMA==,OTAyNC4wMDAw,,paSl86XGpeqloj/H3r7fP4WnvHsgPiClpKW5P6XBpaeloiA+IKXRqWClvaXKpeulwaWnpaKjqDHIy5LspLGjqSA+IKS9pM7L+w==,y83Bz59vwc8gpcGlp6WiIIVnxrcgpdOl86XGqWCluO9MIKWipaSloqXzpcGlp6WiIEVhcmx5IKOopaKpYKXqqWCjqSClwaWnpaIgpaKlpKWipfMgus/GpKXspbapYCCl7KXIpe2lwaWnpaIgpKqkt6TjpOwgpa2l46W5pb+pYLi2pK0gpaKl86XGpaOpYKWvIKWkpbkg0s7X0yCkpKS5IKXRpb2ls6XzpcGlp6WiIKXHpbmlr6XBpaeloiClqqXVpaOluaXBpaeloiBzYW4tMDEw,pcGlp6WiIIVnxrcgpdOl86XGqWCluO9MIKWipaSloqXzpcGlp6WiIKXBpaeloiCloqWkpaKl8w==,PGRpdiBhbGlnbj0iY2VudGVyIj4KPGltZyBzcmM9Imh0dHA6Ly9pbWFnZS5yYWt1dGVuLmNvLmpwL2Jvb2tzaGVsZi9jYWJpbmV0L2ltYWdlL3N0YW56YS8wMDQvc2FuLTAxMF8wMS5qcGciPjxicj4KPGltZyBzcmM9Imh0dHA6Ly9pbWFnZS5yYWt1dGVuLmNvLmpwL2Jvb2tzaGVsZi9jYWJpbmV0L2ltYWdlL3N0YW56YS8wMDQvc2FuLTAxMF8wMi5qcGciPjxicj4KPGltZyBzcmM9Imh0dHA6Ly9pbWFnZS5yYWt1dGVuLmNvLmpwL2Jvb2tzaGVsZi9jYWJpbmV0L2ltYWdlL3N0YW56YS8wMDQvc2FuLTAxMF8wMy5qcGciPjxicj4KPHRhYmxlIHdpZHRoPSI3MDAiICBib3JkZXI9IjAiIGNlbGxwYWRkaW5nPSIwIiBjZWxsc3BhY2luZz0iMCI+Cjx0cj4KPHRkIGNvbHNwYW49IjIiIHJvd3NwYW49IjIiPgo8aW1nIHNyYz0iaHR0cDovL2ltYWdlLnJha3V0ZW4uY28uanAvYm9va3NoZWxmL2NhYmluZXQvaW1hZ2Uvc3RhbnphLzAwNC9zYW4tMDEwXzA0LmpwZyIgd2lkdGg9IjM0NiIgaGVpZ2h0PSI2NjUiIGFsdD0ipLekw6SrpOrWp6SopOvX+aTq0MS12CI+PC90ZD4KPHRkIGNvbHNwYW49IjMiPgo8aW1nIHNyYz0iaHR0cDovL2ltYWdlLnJha3V0ZW4uY28uanAvYm9va3NoZWxmL2NhYmluZXQvaW1hZ2Uvc3RhbnphLzAwNC9zYW4tMDEwXzA1LmdpZiIgd2lkdGg9IjM1NCIgaGVpZ2h0PSIzMzEiIGFsdD0i1/nD5qWvpcOlt6XnpfMiPjwvdGQ+CjwvdHI+Cjx0cj4KPHRkIGNvbHNwYW49IjMiPgo8aW1nIHNyYz0iaHR0cDovL2ltYWdlLnJha3V0ZW4uY28uanAvYm9va3NoZWxmL2NhYmluZXQvaW1hZ2Uvc3RhbnphLzAwNC9zYW4tMDEwXzA2LmdpZiIgd2lkdGg9IjM1NCIgaGVpZ2h0PSIzMzQiIGFsdD0isbPD5qWvpcOlt6XnpfMiPjwvdGQ+CjwvdHI+CjwvdGFibGU+CjxpbWcgc3JjPSJodHRwOi8vaW1hZ2UucmFrdXRlbi5jby5qcC9ib29rc2hlbGYvY2FiaW5ldC9pbWFnZS9zdGFuemEvMDA0L3Nhbi0wMTBfMDcuanBnIj48YnI+CjxpbWcgc3JjPSJodHRwOi8vaW1hZ2UucmFrdXRlbi5jby5qcC9ib29rc2hlbGYvY2FiaW5ldC9pbWFnZS9zdGFuemEvMDA0L3Nhbi0wMTBfMDguanBnIj48YnI+CjxpbWcgc3JjPSJodHRwOi8vaW1hZ2UucmFrdXRlbi5jby5qcC9ib29rc2hlbGYvY2FiaW5ldC9pbWFnZS9zdGFuemEvMDA0L3Nhbi0wMTBfMDkuanBnIj48YnI+PHRhYmxlIHdpZHRoPSI2NTAiIGJvcmRlcj0iMCIgY2VsbHBhZGRpbmc9IjUiIGNlbGxzcGFjaW5nPSIxIiBiZ2NvbG9yPSIjNzI0NTI2IiBzdHlsZT0iY29sb3I6I2ZmZjsgZm9udC1zaXplOiAxMnB4OyB0ZXh0LWFsaWduOmNlbnRlcjsgbWFyZ2luOjIwcHggMDsiPgogIDx0cj4KICAgIDx0aCBjb2xzcGFuPSI0IiBzY29wZT0iMSI+PGI+pfSlo6XzpcapYKW41Xu80r7fpbel6qlgpbqhoaG+RWFybHmhv6GhpaKpYKXqqWA8L2I+PC90aD4KICA8L3RyPgogIDx0ZCB3aWR0aD0iMjUlIiBiZ2NvbG9yPSJ3aGl0ZSIgc3R5bGU9InRleHQtYWxpZ246Y2VudGVyOyI+PGEgaHJlZj0iaHR0cDovL2l0ZW0ucmFrdXRlbi5jby5qcC9ib29rc2hlbGYvci1zaS1zYW4tMDEwLyIgdGFyZ2V0PSJfYmxhbmsiPjxpbWcgc3JjPSJodHRwOi8vaW1hZ2UucmFrdXRlbi5jby5qcC9ib29rc2hlbGYvY2FiaW5ldC9pbWFnZS9zdGFuemEva2cwMy9zYW4tMDEwLmpwZyIgd2lkdGg9IjEyMCIgYm9yZGVyPSIwIj48YnI+pcGlp6WiPC9hPjwvdGQ+CiAgPHRkIHdpZHRoPSIyNSUiIGJnY29sb3I9IndoaXRlIiBzdHlsZT0idGV4dC1hbGlnbjpjZW50ZXI7Ij48YSBocmVmPSJodHRwOi8vaXRlbS5yYWt1dGVuLmNvLmpwL2Jvb2tzaGVsZi9yLXNpLXNhbi0wMTMvIiB0YXJnZXQ9Il9ibGFuayI+PGltZyBzcmM9Imh0dHA6Ly9pbWFnZS5yYWt1dGVuLmNvLmpwL2Jvb2tzaGVsZi9jYWJpbmV0L2ltYWdlL3N0YW56YS9rZzAzL3Nhbi0wMTMuanBnIiB3aWR0aD0iMTIwIiBib3JkZXI9IjAiPjxicj4KICClx6W5pa88L2E+PC90ZD4KICA8dGQgd2lkdGg9IjI1JSIgYmdjb2xvcj0id2hpdGUiIHN0eWxlPSJ0ZXh0LWFsaWduOmNlbnRlcjsiPjxhIGhyZWY9Imh0dHA6Ly9pdGVtLnJha3V0ZW4uY28uanAvYm9va3NoZWxmL3Itc2ktc2FuLTAxMi8iIHRhcmdldD0iX2JsYW5rIj48aW1nIHNyYz0iaHR0cDovL2ltYWdlLnJha3V0ZW4uY28uanAvYm9va3NoZWxmL2NhYmluZXQvaW1hZ2Uvc3RhbnphL2tnMDMvc2FuLTAxMi5qcGciIGFsdD0iIiB3aWR0aD0iMTIwIiBib3JkZXI9IjAiPjxicj4KICCl6aXDpa8gKNChKTwvYT48L3RkPgogIDx0ZCB3aWR0aD0iMjUlIiBiZ2NvbG9yPSJ3aGl0ZSIgc3R5bGU9InRleHQtYWxpZ246Y2VudGVyOyI+PGEgaHJlZj0iaHR0cDovL2l0ZW0ucmFrdXRlbi5jby5qcC9ib29rc2hlbGYvci1zaS1zYW4tMDExLyIgdGFyZ2V0PSJfYmxhbmsiPjxpbWcgc3JjPSJodHRwOi8vaW1hZ2UucmFrdXRlbi5jby5qcC9ib29rc2hlbGYvY2FiaW5ldC9pbWFnZS9zdGFuemEva2cwMy9zYW4tMDExLmpwZyIgYWx0PSIiIHdpZHRoPSIxMjAiIGJvcmRlcj0iMCI+PGJyPgogIKXppcOlryAotPMpPC9hPjwvdGQ+CiAgPC90cj4KPC90YWJsZT48YnI+CjwvZGl2Pjx0YWJsZSB3aWR0aD0iMTAwJSIgYm9yZGVyPSIxIiBjZWxscGFkZGluZz0iNCIgY2VsbHNwYWNpbmc9IjAiIGJvcmRlcmNvbG9yPSIjY2NjY2NjIiBpZD0iYm9va3NwZWMwMDEiPgo8dHI+Cjx0aCBiZ2NvbG9yPSIjZWVlZWVlIiB3aWR0aD0iMjMlIiBhbGlnbj0iY2VudGVyIj6l3aWkpfOlyDwvdGg+Cjx0ZD6loqWkpaKl86TIpeyltqlgpM6kqqS3pOOk7KTKpeylyKXt70ylwaWnpaKkx6S5oaM8YnI+PGJyPgrC5KTB18WkpKS/UFWl7KW2qWCkyKXWpemlw6WvpaKlpKWipfOl1aXsqWCl4KSspfSlo6XzpcapYKW4uNCkv6TDpNek6qTKv9XpZ6Ty0d2z9qS3pN6kuaGjPGJyPjxicj4KkNvXxaSspO+kr6SqpLek46TspMqlx6W2paSl86W3peqpYKW6pMekuaGjPC90ZD4KPC90cj4KPHRyPgo8dGggYmdjb2xvcj0iI2VlZWVlZSIgd2lkdGg9IjIzJSIgYWxpZ249ImNlbnRlciI+yczGt8P7PC90aD4KPHRkPqWipaSloqXzpcGlp6WiIEVhcmx5o6iloqlgpeqpYCkgpcGlp6WiPC90ZD4KPC90cj4KPHRyPgo8dGggYmdjb2xvcj0iI2VlZWVlZSIgd2lkdGg9IjIzJSIgYWxpZ249ImNlbnRlciI+yczGt6WzqWClyTwvdGg+Cjx0ZD5SLVNJLVNBTi0wMTA8L3RkPgo8L3RyPgo8dHI+Cjx0aCBiZ2NvbG9yPSIjZWVlZWVlIiB3aWR0aD0iMjMlIiBhbGlnbj0iY2VudGVyIj7pdt9CyczGtzwvdGg+Cjx0ZD6hqyCl9KWjpfOlxqlgpbjVe7zSvt+lt6XqqWCluiChqzxicj4Kob6Fp7x7vNK+36G/PGJyPgqlqqlgpdel86XppcOlr6Oopc+lpKW/paSl16OpPGJyPgqlqqlgpdel86XppcOlr6Oope2pYKW/paSl16OpPGJyPjxicj4Kob6lx6W5pa8/pcGlp6Wiob88YnI+CqXHpbmlryCFZ8a3PGJyPgqlwaWnpaIghWfGtyAtLaHxrEbU2qS000WkzqXaqWCluKTHpLk8L3RkPgo8L3RyPgo8dHI+Cjx0aCBiZ2NvbG9yPSIjZWVlZWVlIiB3aWR0aD0iMjMlIiBhbGlnbj0iY2VudGVyIj7JzMa3pbWlpKW6PC90aD4KPHRkPqG+sb7M5aG/KGNtKTxicj5XNTShwUQ1MKHBSDc0oas4Mjxicj4oU0g0NKGrNTIpPC90ZD4KPC90cj4KPHRyPgo8dGggYmdjb2xvcj0iI2VlZWVlZSIgd2lkdGg9IjIzJSIgYWxpZ249ImNlbnRlciI+ssTZfDwvdGg+Cjx0ZD6hvo+IpOq12KG/PGJyPrrPs8nGpLjvo6il3aXqpaal7KW/pfOl7KW2qWCjqTxicj6hvr3Fob88YnI+pbmlwalgpes8L3RkPgo8L3RyPgo8dHI+Cjx0aCBiZ2NvbG9yPSIjZWVlZWVlIiB3aWR0aD0iMjMlIiBhbGlnbj0iY2VudGVyIj6XebD8PC90aD4KPHRkPqG+l3mw/NbYwb+hvzxicj44a2c8L3RkPgo8L3RyPgo8dHI+Cjx0aCBiZ2NvbG9yPSIjZWVlZWVlIiB3aWR0aD0iMjMlIiBhbGlnbj0iY2VudGVyIj6kvaTOy/s8L3RoPgo8dGQ+1/mVTr21o6ilrKW5pbel6qXzpcCpYMq9o6k8L3RkPgo8L3RyPgo8dHI+Cjx0aCBiZ2NvbG9yPSIjZWVlZWVlIiB3aWR0aD0iMjMlIiBhbGlnbj0iY2VudGVyIj6kqr3spLE8L3RoPgo8dGQ+PGI+ofmxsbqjtcA/m1+/SbFoP+t4jXWhosm96Weyv6Tkxqe12KTYpM7F5MvNpM+EZc2+pKrSirdlpOqkyKTKpOqk3qS5PGJyPgqh+aSzpMGk6aTOyczGt6TPpKq97KSxz6PN+8jVlXKk8qS01ri2qKTHpK2k3qS7pPOhozwvYj48YnI+PGJyPqG+s/a6ycjVpMukxKSkpMahvzxicj4KPGI+pLSbUZxntF/VSuHhoaI8L2I+peGpYKWrqWDWscvNpMukxqGiN6GrOIbTmEnI1dLUxNqkzrP2usmkrL/JxNykyKTKpOqk3qS5oaM8YnI+CjxiPqH5xeTLzcjVlXLWuLaopM/feJJrpMekraTepLuk86Gi33iSa6S1pOykv4j2us/X7rbMs/a6ycrWxeSkyKTKpOqk3qS5oaM8L2I+oaE8YnI+Cs3BoaLI1aGi16PI1aTPs/a6yZhJhNWk8qSq0N2k36S1pLukxqSkpL+kwKSkpMakqqTqpN6kuaGjPGJyPgrJzMa3tb3XxaTepMekzsjVyv2kz6GitdjT8qTLpOik6q6QpMqk6qTepLmhozxicj7JzMa3pM/Q/ul2tsmkt6TIpMqk6qTepLmhowo8L3RkPgo8L3RyPgo8dHI+Cjx0aCBiZ2NvbG9yPSIjZWVlZWVlIiB3aWR0aD0iMjMlIiBhbGlnbj0iY2VudGVyIj6bUZxnt723qDwvdGg+Cjx0ZD4KPGI+tPq98NL9k1GkrKS0wPvTw6THpK2k3qS7pPM8L2I+CjwvdGQ+CjwvdHI+Cjx0cj48dGggYmdjb2xvcj0iI2VlZWVlZSIgd2lkdGg9IjIzJSIgYWxpZ249ImNlbnRlciI+pLTXotLiPC90aD48dGQ+CqH5pLTXos7EpM6lv6Wkpd+l86WwpMuk6KTqoaLU2o7spKKk6qTOiPa6z6THpOLHt8a3pMikyqTDpMakt6TepKaI9rrPpKyktKS2pKSk3qS5oaM8YnI+CqH5peGpYKWrqWDWscvNyczGt6TOpL+k4aGiyczGt7Bry83h4aTOpa2l46Xzpbul66TPpKrK3KSxpMekraTepLuk86GjpLTBy7PQpM6kpqSopLTXos7EpK+kwKS1pKShowqjqKS016LOxMTayN2kyK6QpMqkw6TGpKSkv6TqoaKyu8G8pN6kv6TPxsaTcLXIpKykoqTDpL+I9rrPpM+ukKTKpOqk3qS5o6k8YnI+ofm12NPypMuk6KTqpN6kt6TGoaLI1ZVy1ri2qKSspMekraTKpKSI9rrPpKyktKS2pKSk3qS5oaM8YnI+CqH5pKq/zZiUpM6j0KPDpeKly6W/qWCk5LTp07DXtJtypMuk6KTqtuDJ2aTOyaukzt9gpKSkrMn6pLik3qS5oaPT6KThpLTBy7PQz8KktaSkoaM8L3RkPjwvdHI+Cjx0cj4KPHRoIGJnY29sb3I9IiNlZWVlZWUiIHdpZHRoPSIyMyUiIGFsaWduPSJjZW50ZXIiPqWtqWCl76lgpck8L3RoPgo8dGQ+pfSlo6XzpcapYKW4uNAgpfSlo6XzpcapYKW41XsgxNDHsCCluaW/paSl6qXDpbel5SClwaWnpaIgpdGlvaWzpfOlwaWnpaIgpaql1aWjpbmlwaWnpaIgpeKlwKXzIKXspcil7aXipcCl8yCl7KW2qWAgpdWloaXLpcGl46lgIKW3pfOl16XrIKXHpbmlr6XBpaeloiBwY6XBpaeloiCl76lgpa+lwaWnpaIgpcGlp6WiIKXspcil7SClpKW5IKWtpeOluaW/qWC4tqStIKSqpLek46TsIKXHpbmlr9PDIJVOvbXKvSCVTr21IFBVpeyltqlgILvY3J4gu9jcnqXBpaeloiC72NyepcGlp6WiqWAgpKSkuSDQwsn6u+48L3RkPgo8L3RyPgo8L3RhYmxlPjxicj48IS0tIKG4paal66XIpenM2b6upMGk46Tzobmks6SzpKuk6SAtLT4KPGRpdiBzdHlsZT0iaGVpZ2h0OjU1MHB4OyB3aWR0aDo3MDBweDsgb3ZlcmZsb3c6aGlkZGVuOyBtYXJnaW46MDsgcGFkZGluZzowIj4KPGltZyBzcmM9Imh0dHA6Ly93d3cucmFrdXRlbi5uZS5qcC9nb2xkL2Jvb2tzaGVsZi9vcmRlcnMvdWx0cmExLnBuZyIgd2lkdGg9IjcwMCI+PGJyIC8+CjwvZGl2Pgo8IS0tIKG4paal66XIpenM2b6upMGk46Tzobmks6SzpN6kxyAtLT4KCgo8YnI+PGJyPgoKPCEtLSChuKXppfOlraXzpbDK3Nlwy9mI86G5pLOks6SrpOkgLS0+IAo8ZGl2IHN0eWxlPSJoZWlnaHQ6NTUwcHg7IHdpZHRoOjcwMHB4OyBvdmVyZmxvdzpoaWRkZW47IG1hcmdpbjowOyBwYWRkaW5nOjAiPiAKPGltZyBzcmM9Imh0dHA6Ly93d3cucmFrdXRlbi5uZS5qcC9nb2xkL2Jvb2tzaGVsZi9vcmRlcnMvcmFua2luMS5wbmciIHdpZHRoPSI3MDAiPjxiciAvPiAKPC9kaXY+IAo8IS0tIKG4peml86WtpfOlsMrc2XDL2Yjzobmks6SzpN6kxyAtLT4KCjxicj48YnI+Cgo8IS0tIKG4paal66XIpemMZ5typeyl06XlqWChuaSzpLOkq6TpIC0tPiAKPGRpdiBzdHlsZT0iaGVpZ2h0OjU1MHB4OyB3aWR0aDo3MDBweDsgb3ZlcmZsb3c6aGlkZGVuOyBtYXJnaW46MDsgcGFkZGluZzowIj4gCjxpbWcgc3JjPSJodHRwOi8vd3d3LnJha3V0ZW4ubmUuanAvZ29sZC9ib29rc2hlbGYvb3JkZXJzL3JldmlldzEucG5nIiB3aWR0aD0iNzAwIj48YnIgLz4gCjwvZGl2PiAKPCEtLSChuKWmpeulyKXpjGebcqXspdOl5algobmks6SzpN6kxyAtLT4gCgoKPHN0eWxlIHR5cGU9InRleHQvY3NzIj4KCi8qIKSqmt2ky8jrpOrJzMa3su6kt8zmpKilv6WwICovCiNyYWt1dGVuTGltaXRlZElkX2Fyb3VuZENhcnQgI3NlcnZpY2VUYWJsZVNtbCB0ZC5mYXZvcml0ZSB7IHBhZGRpbmctdG9wOiAwcHg7fQojcmFrdXRlbkxpbWl0ZWRJZF9hcm91bmRDYXJ0IGRpdi5ib29rbWFya0FyZWEgZGl2LmJrbSB7CiB3aWR0aDogcHggIWltcG9ydGFudDsKIGhlaWdodDogcHggIWltcG9ydGFudDsKIHBhZGRpbmc6IDBweCAwcHggMHB4IDBweCAhaW1wb3J0YW50Owp9CiNyYWt1dGVuTGltaXRlZElkX2Fyb3VuZENhcnQgZGl2LmJvb2ttYXJrQXJlYSBkaXYuYmttIGEuYWRkQmttIHsKIHdpZHRoOiAyOTRweCAhaW1wb3J0YW50OwogaGVpZ2h0OiAzMDBweCAhaW1wb3J0YW50Owp9CiNyYWt1dGVuTGltaXRlZElkX2Fyb3VuZENhcnQgZGl2LmJvb2ttYXJrQXJlYSBkaXYuYmttIGEuYWRkQmttIHNwYW4uYmttU3RhciB7CiBkaXNwbGF5OiBpbmxpbmUtYmxvY2sgIWltcG9ydGFudDsKIHdpZHRoOiAyOTRweCAhaW1wb3J0YW50OwogaGVpZ2h0OiAzMDBweCAhaW1wb3J0YW50OwptYXJnaW46MHB4IDBweCAwcHggMHB4ICFpbXBvcnRhbnQ7CiBiYWNrZ3JvdW5kOiB1cmwoImh0dHA6Ly9pbWFnZS5yYWt1dGVuLmNvLmpwL2Jvb2tzaGVsZi9jYWJpbmV0L2V2ZW50L2Zhdm9yaXRlLWJ1dHRvbi5naWYiKW5vLXJlcGVhdCAwIDAgIWltcG9ydGFudDsKfQo8L3N0eWxlPg==,y83Bz59vwc8gpcGlp6WiIIVnxrcgpdOl86XGqWCluO9MIKWipaSloqXzpcGlp6WiIEVhcmx5IKOopaKpYKXqqWCjqSClwaWnpaIgpaKlpKWipfMgus/GpKXspbapYCCl7KXIpe2lwaWnpaIgpKqkt6TjpOwgpa2l46W5pb+pYLi2pK0gpaKl86XGpaOpYKWvIKWkpbkg0s7X0yCkpKS5IKXRpb2ls6XzpcGlp6WiIKXHpbmlr6XBpaeloiClqqXVpaOluaXBpaeloiBzYW4tMDEwo7qxvsXvjJ/pVLXq,y83Bz59vwc8gpcGlp6WiIIVnxrcgpdOl86XGqWCluO9MIKWipaSloqXzpcGlp6WiIEVhcmx5IKOopaKpYKXqqWCjqSClwaWnpaIgpaKlpKWipfMgus/GpKXspbapYCCl7KXIpe2lwaWnpaIgpKqkt6TjpOwgpa2l46W5pb+pYLi2pK0gpaKl86XGpaOpYKWvIKWkpbkg0s7X0yCkpKS5IKXRpb2ls6XzpcGlp6WiIKXHpbmlr6XBpaeloiClqqXVpaOluaXBpaeloiBzYW4tMDEw,pcGlp6WiIIVnxrcgpdOl86XGqWCluO9MIKWipaSloqXzpcGlp6WiIKXBpaeloiCloqWkpaKl86Gjy83Bz59vwc8gpcGlp6WiIIVnxrcgpdOl86XGqWCluO9MIKWipaSloqXzpcGlp6WiIEVhcmx5IKOopaKpYKXqqWCjqSClwaWnpaIgpaKlpKWipfMgus/GpKXspbapYCCl7KXIpe2lwaWnpaIgpKqkt6TjpOwgpa2l46W5pb+pYLi2pK0gpaKl86XGpaOpYKWvIKWkpbkg0s7X0yCkpKS5IKXRpb2ls6XzpcGlp6WiIKXHpbmlr6XBpaeloiClqqXVpaOluaXBpaeloiBzYW4tMDEw[rn]
40-32946,aHR0cDovL3RzaG9wLnIxMHMuanAva2FndW1hcnUvY2FiaW5ldC8yNDcvMjQ3MDAwNjkuanBnP2ZpdGluPTcwMDo3MDA=,MzQyNDAuMDAwMA==,,paSl86XGpeqloj/H3r7fP4WnvHsgPiClpKW5P6XBpaeloiA+IKXRqWClvaXKpeulwaWnpaKjqDHIy5LspLGjqSA+IKS9pM7L+w==,u9jcnqXBpaeloiBKRzdTRVJJRVMgpdal6aXDpa8gpdilw6XJpeyluaXIuLakrSDW4ri2pK0gRFVQT05UKKXHpeWl3aXzKcnn0XW438a3zrul4aXDpbel5SC436S11XvV+yDh4bW5pLeZQ8TcIDS2zutBvce2yNV71fsgpbOlpKW6pd8gS09JWlVNSSBKRy03ODM4MUJL,u9jcnqXBpaeloiBKRzdTRVJJRVMgpdal6aXDpa8gpdilw6XJpeyluaXIuLakrSDW4ri2pK0gRFVQT05U,PGltZyBzcmM9Imh0dHBzOi8vaW1hZ2UucmFrdXRlbi5jby5qcC9rYWd1bWFydS9jYWJpbmV0LzI0Ny8yNDcwMDA2OS5qcGciIGFsdD0ipbOlpKW6pd8iPjxicj4KPGltZyBzcmM9Imh0dHBzOi8vaW1hZ2UucmFrdXRlbi5jby5qcC9rYWd1bWFydS9jYWJpbmV0LzI0Ny8yNDcwMDA2OV8xLmpwZyIgYWx0PSKls6Wkpbql3yI+PGJyPgo8aW1nIHNyYz0iaHR0cHM6Ly9pbWFnZS5yYWt1dGVuLmNvLmpwL2thZ3VtYXJ1L2NhYmluZXQvMjQ3LzI0NzAwMDY5XzIuanBnIiBhbHQ9IqWzpaSluqXfIj48YnI+PHRhYmxlIHdpZHRoPSIxMDAlIiBib3JkZXI9IjAiIGNlbGxzcGFjaW5nPSIxIiBjZWxscGFkZGluZz0iOCIgY2xhc3M9ImlfaW5mbyI+Cjx0cj4KPHRkIGNvbHNwYW49IjIiIGNsYXNzPSJpX2luZm9fdCI+CjxiPjxmb250IGNvbG9yPSIzMzMiPqWkpfOl1aWppeGpYKW3peel8z/XotLiysLtlzwvZm9udD48L2I+CjwvdGQ+CjwvdHI+Cjx0aD7LzcHPpMukxKSkpMY8L3RoPgo8dGQgY2xhc3M9ImlhdHRuc29yeW8iIGJnY29sb3I9IiNGRkZGRkYiPjxwIGNsYXNzPSJkZWxpdl9mZWVfaG9rdSI+sbG6o7XApNikzsXky82kz4Rlzb7LzcHPpKykq6SrpOqk3qS5oaM8YnI+sbG6o7XAy83Bz6O6ob6xsTOhv6W/paSl1zwvcD48L3RkPgo8L3RyPgo8dGg+m1GcZ7e9t6iky6TEpKSkxjwvdGg+CqH5sb7JzMa3pM+0+tL9sru/ycnMxrekx6S5oaOhuLT60v2hudLUzeKkzqSq1qeSQqSkpPKkqt94pNPPwqS1pKShozxicj4KPGltZyBzcmM9Imh0dHBzOi8vaW1hZ2UucmFrdXRlbi5jby5qcC9rYWd1bWFydS9jYWJpbmV0L2NhbS9kaWJpa2kuZ2lmIiBhbHQ9IrT6vfDS/ZNRsru/ycnMxrciIGJvcmRlcj0iMCIgPjxicj48YnI+PGJyPjxicj4KPHRkIGJnY29sb3I9IiNGRkZGRkYiIGNsYXNzPSJpYXR0bnBleSI+zaizo5tRnGejqKSq2UmkpM7vpaylpKXJobikqtankkKkpLe9t6iky6TEpKSkxqG5pPKktLRf1Uqkr6TApLWkpKGjPC90ZD4KPC90cj4KPHRoIGhlaWdodD0iMTA5Ij7F5CDLzTwvdGg+Cjx0ZCBjbGFzcz0iaWF0dG5kZWxpIiBiZ2NvbG9yPSIjRkZGRkZGIj4KPHAgc3R5bGU9ImZvbnQtc2l6ZTogMTJweDsgY29sb3I6I0NDMDAwMDsiPgqh+Ztfv0mhout4jXWk2KTOpKq97KSxpM+EZc2+y83Bz6SspKukq6TqpN6kuaGjPC9wPgo8L3RkPgo8L3RyPgo8L3RhYmxlPgoKPHRhYmxlIHdpZHRoPSIxMDAlIiBib3JkZXI9IjAiIGNlbGxzcGFjaW5nPSIxIiBjZWxscGFkZGluZz0iOCIgY2xhc3M9Imlfc3BlYyI+PHRyPjx0ZCBjb2xzcGFuPSIyIiBiZ2NvbG9yPSIjRjNGM0YzIj4KPGI+PGZvbnQgY29sb3I9IjMzMyI+1JS8mj+luaXapcOlrzwvZm9udD48L2I+PC90ZD48L3RyPgo8dHI+Cjx0aD7JzMa31WjD9zwvdGg+Cjx0ZCBjbGFzcz0iaWV4cGxhbmF0aW9uIiBiZ2NvbG9yPSIjRkZGRkZGIj4Ku9jcnqXBpaeloiBKRzdTRVJJRVMgpdal6aXDpa8gpdilw6XJpeyluaXIuLakrSDW4ri2pK0gRFVQT05UKKXHpeWl3aXzKcnn0XW438a3zrul4aXDpbel5SC436S11XvV+yDh4bW5pLeZQ8TcIDS2zutBvce2yNV71fsgpbOlpKW6pd8gS09JWlVNSSBKRy03ODM4MUJLCjwvdGQ+Cgo8L3RyPgoKPHRyPgo8dGg+pbWlpKW6PC90aD4KPHRkIGNsYXNzPSJpc2l6ZSIgYmdjb2xvcj0iI0ZGRkZGRiI+CqH2pbWlpKW6o7q3+TY4LjWhwbDC0NA2My41ocG436S1MTMyY208YnI+CjwvdGQ+CjwvdHI+Cgo8dHI+Cjx0aD6yxCDZfDwvdGg+Cjx0ZCBjbGFzcz0iaW1hdGVyaWFsIiBiZ2NvbG9yPSIjRkZGRkZGIj4KofayxNl8PGJyPgql3aXqpailuaXGpeul4aXDpbel5VtEVVBPTsnn0XVdo6ixs6TipL+k7KOpPGJyPgqloqXrpd+lwKWkpa2l46W5pcijqL3Fo6k8YnI+CqXiqWCl66XJpaal7KW/pfOjqNf5sOWjqTxicj4KPC90cj4KCjx0cj4KPHRoPr1NIMGiPC90aD4KPHRkIGNsYXNzPSJpa3VtaXRhdGUiIGJnY29sb3I9IiNGRkZGRkYiPgq088jLMsjLNbfWCjwvdGQ+CjwvdHI+Cgo8dHI+Cjx0aD7J+q5iufo8L3RoPgo8dGQgY2xhc3M9Imljb3VudHJ5IiBiZ2NvbG9yPSIjRkZGRkZGIj7MqM3l0XU8L3RkPgo8L3RyPgoKPHRyPgo8dGg+pL2kzsv7P9ei0uLKwu2XPC90aD4KPHRkIGNsYXNzPSJpYXR0bnR4dCIgYmdjb2xvcj0iI0ZGRkZGRiI+CszsyLvEvqTPpL2kztDU2XzJz6GipdGpYKXEMbXjpLSkyKTLxL7Evz/Jq9V7pMud4rWtpKywa8n6pLek3qS5oaMKyczGt7utz/Gkz8mrus+kpKTky9iyxLjQpKyMZ+tIpM7JzMa3pMiukKTKpOuI9rrPpKyktKS2pKSk3qS5oaM8YnI+CqXipculv6lgP6XHpaOluaXXpeylpKTLpOikw6TGpOLQtKTqt72krInkpOqk3qS5oaPT6KThpLTBy7PQpK+kwKS1pKShozwvdGQ+CjwvdHI+Cgo8dHI+Cjx0aD7pdt9CyczGtzwvdGg+Cjx0ZCBjbGFzcz0iaWF0dG50eHQiIGJnY29sb3I9IiNGRkZGRkYiPgoKu9jcnqXBpaeloiBKRzdTRVJJRVMgpeylw6XJPGJyPgq72NyepcGlp6WiIEpHN1NFUklFUyClt6XrpdCpYDxicj4Ku9jcnqXBpaeloiBKRzdTRVJJRVMgpdal66lgPGJyPgq72NyepcGlp6WiIEpHN1NFUklFUyClqqXspfOluDxicj4Ku9jcnqXBpaeloiBKRzVTRVJJRVMgpdal6aXDpa88YnI+CrvY3J6lwaWnpaIgSkc1U0VSSUVTIKXspcOlyTxicj4Ku9jcnqXBpaeloiBKRzVTRVJJRVMgpbel66XQqWA8YnI+CrvY3J6lwaWnpaIgSkc1U0VSSUVTIKXWpeupYDxicj4Ku9jcnqXBpaeloiBKRzVTRVJJRVMgpaql7KXzpbg8YnI+CrvY3J6lwaWnpaIgSkc0U0VSSUVTIKXWpemlw6WvPGJyPgq72NyepcGlp6WiIEpHNFNFUklFUyCl7KXDpck8YnI+CrvY3J6lwaWnpaIgSkc0U0VSSUVTIKW3peul0KlgPGJyPgq72NyepcGlp6WiIEpHNFNFUklFUyCl1qXrqWA8YnI+CrvY3J6lwaWnpaIgSkc0U0VSSUVTIKWqpeyl86W4PGJyPgq72NyepcGlp6WiIEpHNFNFUklFUyClsKXqqWCl8zxicj4KCjwvdGQ+CjwvdHI+CjwvdGFibGU+PHN0eWxlIHR5cGU9InRleHQvY3NzIj4KQGNoYXJzZXQgInV0Zi04IjsKLyogQ1NTIERvY3VtZW50ICovCgogCjwvc3R5bGU+CjxsaW5rIHJlbD0ic3R5bGVzaGVldCIgaHJlZj0iaHR0cDovL3d3dy5yYWt1dGVuLm5lLmpwL2dvbGQva2FndW1hcnUvdG9rdXN5dS9rb3JhbXUvY3NzL2l0ZW1fc3R5bGUuY3NzIiAvPgo8aGVhZD4KCjwvaGVhZD4KCgoKCgoKPC9odG1sPg==,u9jcnqXBpaeloiBKRzdTRVJJRVMgpdal6aXDpa8gpdilw6XJpeyluaXIuLakrSDW4ri2pK0gRFVQT05UKKXHpeWl3aXzKcnn0XW438a3zrul4aXDpbel5SC436S11XvV+yDh4bW5pLeZQ8TcIDS2zutBvce2yNV71fsgpbOlpKW6pd8gS09JWlVNSSBKRy03ODM4MUJLo7qlq6Wwpd6l6w==,u9jcnqXBpaeloiBKRzdTRVJJRVMgpdal6aXDpa8gpdilw6XJpeyluaXIuLakrSDW4ri2pK0gRFVQT05UKKXHpeWl3aXzKcnn0XW438a3zrul4aXDpbel5SC436S11XvV+yDh4bW5pLeZQ8TcIDS2zutBvce2yNV71fsgpbOlpKW6pd8gS09JWlVNSSBKRy03ODM4MUJL,u9jcnqXBpaeloiBKRzdTRVJJRVMgpdal6aXDpa8gpdilw6XJpeyluaXIuLakrSDW4ri2pK0gRFVQT05UoaO72NyepcGlp6WiIEpHN1NFUklFUyCl1qXppcOlryCl2KXDpcml7KW5pci4tqStINbiuLakrSBEVVBPTlQopcel5aXdpfMpyefRdbjfxrfOu6XhpcOlt6XlILjfpLXVe9X7IOHhtbmkt5lDxNwgNLbO60G9x7bI1XvV+yCls6Wkpbql3yBLT0laVU1JIEpHLTc4MzgxQks=[rn]
40-32947,aHR0cDovL3RzaG9wLnIxMHMuanAva2FndW1hcnUvY2FiaW5ldC8yNDcvMjQ3MDAwNzAuanBnP2ZpdGluPTcwMDo3MDA=,MzQyNDAuMDAwMA==,,paSl86XGpeqloj/H3r7fP4WnvHsgPiClpKW5P6XBpaeloiA+IKXRqWClvaXKpeulwaWnpaKjqDHIy5LspLGjqSA+IKS9pM7L+w==,u9jcnqXBpaeloiBKRzdTRVJJRVMgpeylw6XJIKXspcOlyaXYpcOlyaXspbmlyLi2pK0g1uK4tqStIERVUE9OVCilx6Xlpd2l8ynJ59F1uN/Gt867peGlw6W3peUguN+ktdV71fsg4eG1uaS3mUPE3CA0ts7rQb3HtsjVe9X7IKWzpaSluqXfIEtPSVpVTUkgSkctNzgzODJSRQ==,u9jcnqXBpaeloiBKRzdTRVJJRVMgpeylw6XJIKXspcOlyaXYpcOlyaXspbmlyLi2pK0g1uK4tqSt,PGltZyBzcmM9Imh0dHBzOi8vaW1hZ2UucmFrdXRlbi5jby5qcC9rYWd1bWFydS9jYWJpbmV0LzI0Ny8yNDcwMDA3MC5qcGciIGFsdD0ipbOlpKW6pd8iPjxicj4KPGltZyBzcmM9Imh0dHBzOi8vaW1hZ2UucmFrdXRlbi5jby5qcC9rYWd1bWFydS9jYWJpbmV0LzI0Ny8yNDcwMDA3MF8xLmpwZyIgYWx0PSKls6Wkpbql3yI+PGJyPgo8aW1nIHNyYz0iaHR0cHM6Ly9pbWFnZS5yYWt1dGVuLmNvLmpwL2thZ3VtYXJ1L2NhYmluZXQvMjQ3LzI0NzAwMDcwXzIuanBnIiBhbHQ9IqWzpaSluqXfIj48YnI+PHRhYmxlIHdpZHRoPSIxMDAlIiBib3JkZXI9IjAiIGNlbGxzcGFjaW5nPSIxIiBjZWxscGFkZGluZz0iOCIgY2xhc3M9ImlfaW5mbyI+Cjx0cj4KPHRkIGNvbHNwYW49IjIiIGNsYXNzPSJpX2luZm9fdCI+CjxiPjxmb250IGNvbG9yPSIzMzMiPqWkpfOl1aWppeGpYKW3peel8z/XotLiysLtlzwvZm9udD48L2I+CjwvdGQ+CjwvdHI+Cjx0aD7LzcHPpMukxKSkpMY8L3RoPgo8dGQgY2xhc3M9ImlhdHRuc29yeW8iIGJnY29sb3I9IiNGRkZGRkYiPjxwIGNsYXNzPSJkZWxpdl9mZWVfaG9rdSI+sbG6o7XApNikzsXky82kz4Rlzb7LzcHPpKykq6SrpOqk3qS5oaM8YnI+sbG6o7XAy83Bz6O6ob6xsTOhv6W/paSl1zwvcD48L3RkPgo8L3RyPgo8dGg+m1GcZ7e9t6iky6TEpKSkxjwvdGg+CqH5sb7JzMa3pM+0+tL9sru/ycnMxrekx6S5oaOhuLT60v2hudLUzeKkzqSq1qeSQqSkpPKkqt94pNPPwqS1pKShozxicj4KPGltZyBzcmM9Imh0dHBzOi8vaW1hZ2UucmFrdXRlbi5jby5qcC9rYWd1bWFydS9jYWJpbmV0L2NhbS9kaWJpa2kuZ2lmIiBhbHQ9IrT6vfDS/ZNRsru/ycnMxrciIGJvcmRlcj0iMCIgPjxicj48YnI+PGJyPjxicj4KPHRkIGJnY29sb3I9IiNGRkZGRkYiIGNsYXNzPSJpYXR0bnBleSI+zaizo5tRnGejqKSq2UmkpM7vpaylpKXJobikqtankkKkpLe9t6iky6TEpKSkxqG5pPKktLRf1Uqkr6TApLWkpKGjPC90ZD4KPC90cj4KPHRoIGhlaWdodD0iMTA5Ij7F5CDLzTwvdGg+Cjx0ZCBjbGFzcz0iaWF0dG5kZWxpIiBiZ2NvbG9yPSIjRkZGRkZGIj4KPHAgc3R5bGU9ImZvbnQtc2l6ZTogMTJweDsgY29sb3I6I0NDMDAwMDsiPgqh+Ztfv0mhout4jXWk2KTOpKq97KSxpM+EZc2+y83Bz6SspKukq6TqpN6kuaGjPC9wPgo8L3RkPgo8L3RyPgo8L3RhYmxlPgoKPHRhYmxlIHdpZHRoPSIxMDAlIiBib3JkZXI9IjAiIGNlbGxzcGFjaW5nPSIxIiBjZWxscGFkZGluZz0iOCIgY2xhc3M9Imlfc3BlYyI+PHRyPjx0ZCBjb2xzcGFuPSIyIiBiZ2NvbG9yPSIjRjNGM0YzIj4KPGI+PGZvbnQgY29sb3I9IjMzMyI+1JS8mj+luaXapcOlrzwvZm9udD48L2I+PC90ZD48L3RyPgo8dHI+Cjx0aD7JzMa31WjD9zwvdGg+Cjx0ZCBjbGFzcz0iaWV4cGxhbmF0aW9uIiBiZ2NvbG9yPSIjRkZGRkZGIj4Ku9jcnqXBpaeloiBKRzdTRVJJRVMgpeylw6XJIKXspcOlyaXYpcOlyaXspbmlyLi2pK0g1uK4tqStIERVUE9OVCilx6Xlpd2l8ynJ59F1uN/Gt867peGlw6W3peUguN+ktdV71fsg4eG1uaS3mUPE3CA0ts7rQb3HtsjVe9X7IKWzpaSluqXfIEtPSVpVTUkgSkctNzgzODJSRQo8L3RkPgoKPC90cj4KCjx0cj4KPHRoPqW1paSlujwvdGg+Cjx0ZCBjbGFzcz0iaXNpemUiIGJnY29sb3I9IiNGRkZGRkYiPgqh9qW1paSluqO6t/k2OC41ocGwwtDQNjMuNaHBuN+ktTEzMmNtPGJyPgo8L3RkPgo8L3RyPgoKPHRyPgo8dGg+ssQg2Xw8L3RoPgo8dGQgY2xhc3M9ImltYXRlcmlhbCIgYmdjb2xvcj0iI0ZGRkZGRiI+CqH2ssTZfDxicj4Kpd2l6qWopbmlxqXrpeGlw6W3peVbRFVQT07J59F1XaOosbOk4qS/pOyjqTxicj4KpaKl66XfpcClpKWtpeOluaXIo6i9xaOpPGJyPgql4qlgpeulyaWmpeylv6Xzo6jX+bDlo6k8YnI+CjwvdHI+Cgo8dHI+Cjx0aD69TSDBojwvdGg+Cjx0ZCBjbGFzcz0iaWt1bWl0YXRlIiBiZ2NvbG9yPSIjRkZGRkZGIj4KtPPIyzLIyzW31go8L3RkPgo8L3RyPgoKPHRyPgo8dGg+yfquYrn6PC90aD4KPHRkIGNsYXNzPSJpY291bnRyeSIgYmdjb2xvcj0iI0ZGRkZGRiI+zKjN5dF1PC90ZD4KPC90cj4KCjx0cj4KPHRoPqS9pM7L+z/XotLiysLtlzwvdGg+Cjx0ZCBjbGFzcz0iaWF0dG50eHQiIGJnY29sb3I9IiNGRkZGRkYiPgrM7Mi7xL6kz6S9pM7Q1Nl8yc+hoqXRqWClxDG146S0pMiky8S+xL8/yavVe6TLneK1raSssGvJ+qS3pN6kuaGjCsnMxre7rc/xpM/Jq7rPpKSk5MvYssS40KSsjGfrSKTOyczGt6TIrpCkyqTriPa6z6SspLSktqSkpN6kuaGjPGJyPgql4qXLpb+pYD+lx6Wjpbml16XspaSky6TopMOkxqTi0LSk6re9pKyJ5KTqpN6kuaGj0+ik4aS0wcuz0KSvpMCktaSkoaM8L3RkPgo8L3RyPgoKPHRyPgo8dGg+6XbfQsnMxrc8L3RoPgo8dGQgY2xhc3M9ImlhdHRudHh0IiBiZ2NvbG9yPSIjRkZGRkZGIj4Ku9jcnqXBpaeloiBKRzdTRVJJRVMgpdal6aXDpa88YnI+Cgq72NyepcGlp6WiIEpHN1NFUklFUyClt6XrpdCpYDxicj4Ku9jcnqXBpaeloiBKRzdTRVJJRVMgpdal66lgPGJyPgq72NyepcGlp6WiIEpHN1NFUklFUyClqqXspfOluDxicj4Ku9jcnqXBpaeloiBKRzVTRVJJRVMgpdal6aXDpa88YnI+CrvY3J6lwaWnpaIgSkc1U0VSSUVTIKXspcOlyTxicj4Ku9jcnqXBpaeloiBKRzVTRVJJRVMgpbel66XQqWA8YnI+CrvY3J6lwaWnpaIgSkc1U0VSSUVTIKXWpeupYDxicj4Ku9jcnqXBpaeloiBKRzVTRVJJRVMgpaql7KXzpbg8YnI+CrvY3J6lwaWnpaIgSkc0U0VSSUVTIKXWpemlw6WvPGJyPgq72NyepcGlp6WiIEpHNFNFUklFUyCl7KXDpck8YnI+CrvY3J6lwaWnpaIgSkc0U0VSSUVTIKW3peul0KlgPGJyPgq72NyepcGlp6WiIEpHNFNFUklFUyCl1qXrqWA8YnI+CrvY3J6lwaWnpaIgSkc0U0VSSUVTIKWqpeyl86W4PGJyPgq72NyepcGlp6WiIEpHNFNFUklFUyClsKXqqWCl8zxicj4KCjwvdGQ+CjwvdHI+CjwvdGFibGU+PHN0eWxlIHR5cGU9InRleHQvY3NzIj4KQGNoYXJzZXQgInV0Zi04IjsKLyogQ1NTIERvY3VtZW50ICovCgogCjwvc3R5bGU+CjxsaW5rIHJlbD0ic3R5bGVzaGVldCIgaHJlZj0iaHR0cDovL3d3dy5yYWt1dGVuLm5lLmpwL2dvbGQva2FndW1hcnUvdG9rdXN5dS9rb3JhbXUvY3NzL2l0ZW1fc3R5bGUuY3NzIiAvPgo8aGVhZD4KCjwvaGVhZD4KCgoKCgoKPC9odG1sPg==,u9jcnqXBpaeloiBKRzdTRVJJRVMgpeylw6XJIKXspcOlyaXYpcOlyaXspbmlyLi2pK0g1uK4tqStIERVUE9OVCilx6Xlpd2l8ynJ59F1uN/Gt867peGlw6W3peUguN+ktdV71fsg4eG1uaS3mUPE3CA0ts7rQb3HtsjVe9X7IKWzpaSluqXfIEtPSVpVTUkgSkctNzgzODJSRaO6paulsKXepes=,u9jcnqXBpaeloiBKRzdTRVJJRVMgpeylw6XJIKXspcOlyaXYpcOlyaXspbmlyLi2pK0g1uK4tqStIERVUE9OVCilx6Xlpd2l8ynJ59F1uN/Gt867peGlw6W3peUguN+ktdV71fsg4eG1uaS3mUPE3CA0ts7rQb3HtsjVe9X7IKWzpaSluqXfIEtPSVpVTUkgSkctNzgzODJSRQ==,u9jcnqXBpaeloiBKRzdTRVJJRVMgpeylw6XJIKXspcOlyaXYpcOlyaXspbmlyLi2pK0g1uK4tqStoaO72NyepcGlp6WiIEpHN1NFUklFUyCl7KXDpckgpeylw6XJpdilw6XJpeyluaXIuLakrSDW4ri2pK0gRFVQT05UKKXHpeWl3aXzKcnn0XW438a3zrul4aXDpbel5SC436S11XvV+yDh4bW5pLeZQ8TcIDS2zutBvce2yNV71fsgpbOlpKW6pd8gS09JWlVNSSBKRy03ODM4MlJF[rn]
40-32948,aHR0cDovL3RzaG9wLnIxMHMuanAva2FndW1hcnUvY2FiaW5ldC8yNDcvMjQ3MDAwNzEuanBnP2ZpdGluPTcwMDo3MDA=,MzQyNDAuMDAwMA==,,paSl86XGpeqloj/H3r7fP4WnvHsgPiClpKW5P6XBpaeloiA+IKXRqWClvaXKpeulwaWnpaKjqDHIy5LspLGjqSA+IKS9pM7L+w==,u9jcnqXBpaeloiBKRzdTRVJJRVMgpbel66XQqWAgpdilw6XJpeyluaXIuLakrSDW4ri2pK0gRFVQT05UKKXHpeWl3aXzKcnn0XW438a3zrul4aXDpbel5SC436S11XvV+yDh4bW5pLeZQ8TcIDS2zutBvce2yNV71fsgpbOlpKW6pd8gS09JWlVNSSBKRy03ODM4M1NW,u9jcnqXBpaeloiBKRzdTRVJJRVMgpbel66XQqWAgpdilw6XJpeyluaXIuLakrSDW4ri2pK0gRFVQT05U,PGltZyBzcmM9Imh0dHBzOi8vaW1hZ2UucmFrdXRlbi5jby5qcC9rYWd1bWFydS9jYWJpbmV0LzI0Ny8yNDcwMDA3MS5qcGciIGFsdD0ipbOlpKW6pd8iPjxicj4KPGltZyBzcmM9Imh0dHBzOi8vaW1hZ2UucmFrdXRlbi5jby5qcC9rYWd1bWFydS9jYWJpbmV0LzI0Ny8yNDcwMDA3MV8xLmpwZyIgYWx0PSKls6Wkpbql3yI+PGJyPgo8aW1nIHNyYz0iaHR0cHM6Ly9pbWFnZS5yYWt1dGVuLmNvLmpwL2thZ3VtYXJ1L2NhYmluZXQvMjQ3LzI0NzAwMDcxXzIuanBnIiBhbHQ9IqWzpaSluqXfIj48YnI+PHRhYmxlIHdpZHRoPSIxMDAlIiBib3JkZXI9IjAiIGNlbGxzcGFjaW5nPSIxIiBjZWxscGFkZGluZz0iOCIgY2xhc3M9ImlfaW5mbyI+Cjx0cj4KPHRkIGNvbHNwYW49IjIiIGNsYXNzPSJpX2luZm9fdCI+CjxiPjxmb250IGNvbG9yPSIzMzMiPqWkpfOl1aWppeGpYKW3peel8z/XotLiysLtlzwvZm9udD48L2I+CjwvdGQ+CjwvdHI+Cjx0aD7LzcHPpMukxKSkpMY8L3RoPgo8dGQgY2xhc3M9ImlhdHRuc29yeW8iIGJnY29sb3I9IiNGRkZGRkYiPjxwIGNsYXNzPSJkZWxpdl9mZWVfaG9rdSI+sbG6o7XApNikzsXky82kz4Rlzb7LzcHPpKykq6SrpOqk3qS5oaM8YnI+sbG6o7XAy83Bz6O6ob6xsTOhv6W/paSl1zwvcD48L3RkPgo8L3RyPgo8dGg+m1GcZ7e9t6iky6TEpKSkxjwvdGg+CqH5sb7JzMa3pM+0+tL9sru/ycnMxrekx6S5oaOhuLT60v2hudLUzeKkzqSq1qeSQqSkpPKkqt94pNPPwqS1pKShozxicj4KPGltZyBzcmM9Imh0dHBzOi8vaW1hZ2UucmFrdXRlbi5jby5qcC9rYWd1bWFydS9jYWJpbmV0L2NhbS9kaWJpa2kuZ2lmIiBhbHQ9IrT6vfDS/ZNRsru/ycnMxrciIGJvcmRlcj0iMCIgPjxicj48YnI+PGJyPjxicj4KPHRkIGJnY29sb3I9IiNGRkZGRkYiIGNsYXNzPSJpYXR0bnBleSI+zaizo5tRnGejqKSq2UmkpM7vpaylpKXJobikqtankkKkpLe9t6iky6TEpKSkxqG5pPKktLRf1Uqkr6TApLWkpKGjPC90ZD4KPC90cj4KPHRoIGhlaWdodD0iMTA5Ij7F5CDLzTwvdGg+Cjx0ZCBjbGFzcz0iaWF0dG5kZWxpIiBiZ2NvbG9yPSIjRkZGRkZGIj4KPHAgc3R5bGU9ImZvbnQtc2l6ZTogMTJweDsgY29sb3I6I0NDMDAwMDsiPgqh+Ztfv0mhout4jXWk2KTOpKq97KSxpM+EZc2+y83Bz6SspKukq6TqpN6kuaGjPC9wPgo8L3RkPgo8L3RyPgo8L3RhYmxlPgoKPHRhYmxlIHdpZHRoPSIxMDAlIiBib3JkZXI9IjAiIGNlbGxzcGFjaW5nPSIxIiBjZWxscGFkZGluZz0iOCIgY2xhc3M9Imlfc3BlYyI+PHRyPjx0ZCBjb2xzcGFuPSIyIiBiZ2NvbG9yPSIjRjNGM0YzIj4KPGI+PGZvbnQgY29sb3I9IjMzMyI+1JS8mj+luaXapcOlrzwvZm9udD48L2I+PC90ZD48L3RyPgo8dHI+Cjx0aD7JzMa31WjD9zwvdGg+Cjx0ZCBjbGFzcz0iaWV4cGxhbmF0aW9uIiBiZ2NvbG9yPSIjRkZGRkZGIj4Ku9jcnqXBpaeloiBKRzdTRVJJRVMgpbel66XQqWAgpdilw6XJpeyluaXIuLakrSDW4ri2pK0gRFVQT05UKKXHpeWl3aXzKcnn0XW438a3zrul4aXDpbel5SC436S11XvV+yDh4bW5pLeZQ8TcIDS2zutBvce2yNV71fsgpbOlpKW6pd8gS09JWlVNSSBKRy03ODM4M1NWCjwvdGQ+Cgo8L3RyPgoKPHRyPgo8dGg+pbWlpKW6PC90aD4KPHRkIGNsYXNzPSJpc2l6ZSIgYmdjb2xvcj0iI0ZGRkZGRiI+CqH2pbWlpKW6o7q3+TY4LjWhwbDC0NA2My41ocG436S1MTMyY208YnI+CjwvdGQ+CjwvdHI+Cgo8dHI+Cjx0aD6yxCDZfDwvdGg+Cjx0ZCBjbGFzcz0iaW1hdGVyaWFsIiBiZ2NvbG9yPSIjRkZGRkZGIj4KofayxNl8PGJyPgql3aXqpailuaXGpeul4aXDpbel5VtEVVBPTsnn0XVdo6ixs6TipL+k7KOpPGJyPgqloqXrpd+lwKWkpa2l46W5pcijqL3Fo6k8YnI+CqXiqWCl66XJpaal7KW/pfOjqNf5sOWjqTxicj4KPC90cj4KCjx0cj4KPHRoPr1NIMGiPC90aD4KPHRkIGNsYXNzPSJpa3VtaXRhdGUiIGJnY29sb3I9IiNGRkZGRkYiPgq088jLMsjLNbfWCjwvdGQ+CjwvdHI+Cgo8dHI+Cjx0aD7J+q5iufo8L3RoPgo8dGQgY2xhc3M9Imljb3VudHJ5IiBiZ2NvbG9yPSIjRkZGRkZGIj7MqM3l0XU8L3RkPgo8L3RyPgoKPHRyPgo8dGg+pL2kzsv7P9ei0uLKwu2XPC90aD4KPHRkIGNsYXNzPSJpYXR0bnR4dCIgYmdjb2xvcj0iI0ZGRkZGRiI+CszsyLvEvqTPpL2kztDU2XzJz6GipdGpYKXEMbXjpLSkyKTLxL7Evz/Jq9V7pMud4rWtpKywa8n6pLek3qS5oaMKyczGt7utz/Gkz8mrus+kpKTky9iyxLjQpKyMZ+tIpM7JzMa3pMiukKTKpOuI9rrPpKyktKS2pKSk3qS5oaM8YnI+CqXipculv6lgP6XHpaOluaXXpeylpKTLpOikw6TGpOLQtKTqt72krInkpOqk3qS5oaPT6KThpLTBy7PQpK+kwKS1pKShozwvdGQ+CjwvdHI+Cgo8dHI+Cjx0aD7pdt9CyczGtzwvdGg+Cjx0ZCBjbGFzcz0iaWF0dG50eHQiIGJnY29sb3I9IiNGRkZGRkYiPgq72NyepcGlp6WiIEpHN1NFUklFUyCl1qXppcOlrzxicj4Ku9jcnqXBpaeloiBKRzdTRVJJRVMgpeylw6XJPGJyPgoKu9jcnqXBpaeloiBKRzdTRVJJRVMgpdal66lgPGJyPgq72NyepcGlp6WiIEpHN1NFUklFUyClqqXspfOluDxicj4Ku9jcnqXBpaeloiBKRzVTRVJJRVMgpdal6aXDpa88YnI+CrvY3J6lwaWnpaIgSkc1U0VSSUVTIKXspcOlyTxicj4Ku9jcnqXBpaeloiBKRzVTRVJJRVMgpbel66XQqWA8YnI+CrvY3J6lwaWnpaIgSkc1U0VSSUVTIKXWpeupYDxicj4Ku9jcnqXBpaeloiBKRzVTRVJJRVMgpaql7KXzpbg8YnI+CrvY3J6lwaWnpaIgSkc0U0VSSUVTIKXWpemlw6WvPGJyPgq72NyepcGlp6WiIEpHNFNFUklFUyCl7KXDpck8YnI+CrvY3J6lwaWnpaIgSkc0U0VSSUVTIKW3peul0KlgPGJyPgq72NyepcGlp6WiIEpHNFNFUklFUyCl1qXrqWA8YnI+CrvY3J6lwaWnpaIgSkc0U0VSSUVTIKWqpeyl86W4PGJyPgq72NyepcGlp6WiIEpHNFNFUklFUyClsKXqqWCl8zxicj4KCjwvdGQ+CjwvdHI+CjwvdGFibGU+PHN0eWxlIHR5cGU9InRleHQvY3NzIj4KQGNoYXJzZXQgInV0Zi04IjsKLyogQ1NTIERvY3VtZW50ICovCgogCjwvc3R5bGU+CjxsaW5rIHJlbD0ic3R5bGVzaGVldCIgaHJlZj0iaHR0cDovL3d3dy5yYWt1dGVuLm5lLmpwL2dvbGQva2FndW1hcnUvdG9rdXN5dS9rb3JhbXUvY3NzL2l0ZW1fc3R5bGUuY3NzIiAvPgo8aGVhZD4KCjwvaGVhZD4KCgoKCgoKPC9odG1sPg==,u9jcnqXBpaeloiBKRzdTRVJJRVMgpbel66XQqWAgpdilw6XJpeyluaXIuLakrSDW4ri2pK0gRFVQT05UKKXHpeWl3aXzKcnn0XW438a3zrul4aXDpbel5SC436S11XvV+yDh4bW5pLeZQ8TcIDS2zutBvce2yNV71fsgpbOlpKW6pd8gS09JWlVNSSBKRy03ODM4M1NWo7qlq6Wwpd6l6w==,u9jcnqXBpaeloiBKRzdTRVJJRVMgpbel66XQqWAgpdilw6XJpeyluaXIuLakrSDW4ri2pK0gRFVQT05UKKXHpeWl3aXzKcnn0XW438a3zrul4aXDpbel5SC436S11XvV+yDh4bW5pLeZQ8TcIDS2zutBvce2yNV71fsgpbOlpKW6pd8gS09JWlVNSSBKRy03ODM4M1NW,u9jcnqXBpaeloiBKRzdTRVJJRVMgpbel66XQqWAgpdilw6XJpeyluaXIuLakrSDW4ri2pK0gRFVQT05UoaO72NyepcGlp6WiIEpHN1NFUklFUyClt6XrpdCpYCCl2KXDpcml7KW5pci4tqStINbiuLakrSBEVVBPTlQopcel5aXdpfMpyefRdbjfxrfOu6XhpcOlt6XlILjfpLXVe9X7IOHhtbmkt5lDxNwgNLbO60G9x7bI1XvV+yCls6Wkpbql3yBLT0laVU1JIEpHLTc4MzgzU1Y=[rn]
40-32949,aHR0cDovL3RzaG9wLnIxMHMuanAva2FndW1hcnUvY2FiaW5ldC8yNDcvMjQ3MDAwNzMuanBnP2ZpdGluPTcwMDo3MDA=,MzQyNDAuMDAwMA==,,paSl86XGpeqloj/H3r7fP4WnvHsgPiClpKW5P6XBpaeloiA+IKXRqWClvaXKpeulwaWnpaKjqDHIy5LspLGjqSA+IKS9pM7L+w==,u9jcnqXBpaeloiBKRzdTRVJJRVMgpaql7KXzpbggpdilw6XJpeyluaXIuLakrSDW4ri2pK0gRFVQT05UKKXHpeWl3aXzKcnn0XW438a3zrul4aXDpbel5SC436S11XvV+yDh4bW5pLeZQ8TcIDS2zutBvce2yNV71fsgpbOlpKW6pd8gS09JWlVNSSBKRy03ODM4NU9S,u9jcnqXBpaeloiBKRzdTRVJJRVMgpaql7KXzpbggpdilw6XJpeyluaXIuLakrSDW4ri2pK0gRFVQT05U,PGltZyBzcmM9Imh0dHBzOi8vaW1hZ2UucmFrdXRlbi5jby5qcC9rYWd1bWFydS9jYWJpbmV0LzI0Ny8yNDcwMDA3My5qcGciIGFsdD0ipbOlpKW6pd8iPjxicj4KPGltZyBzcmM9Imh0dHBzOi8vaW1hZ2UucmFrdXRlbi5jby5qcC9rYWd1bWFydS9jYWJpbmV0LzI0Ny8yNDcwMDA3M18xLmpwZyIgYWx0PSKls6Wkpbql3yI+PGJyPgo8aW1nIHNyYz0iaHR0cHM6Ly9pbWFnZS5yYWt1dGVuLmNvLmpwL2thZ3VtYXJ1L2NhYmluZXQvMjQ3LzI0NzAwMDczXzIuanBnIiBhbHQ9IqWzpaSluqXfIj48YnI+PHRhYmxlIHdpZHRoPSIxMDAlIiBib3JkZXI9IjAiIGNlbGxzcGFjaW5nPSIxIiBjZWxscGFkZGluZz0iOCIgY2xhc3M9ImlfaW5mbyI+Cjx0cj4KPHRkIGNvbHNwYW49IjIiIGNsYXNzPSJpX2luZm9fdCI+CjxiPjxmb250IGNvbG9yPSIzMzMiPqWkpfOl1aWppeGpYKW3peel8z/XotLiysLtlzwvZm9udD48L2I+CjwvdGQ+CjwvdHI+Cjx0aD7LzcHPpMukxKSkpMY8L3RoPgo8dGQgY2xhc3M9ImlhdHRuc29yeW8iIGJnY29sb3I9IiNGRkZGRkYiPjxwIGNsYXNzPSJkZWxpdl9mZWVfaG9rdSI+sbG6o7XApNikzsXky82kz4Rlzb7LzcHPpKykq6SrpOqk3qS5oaM8YnI+sbG6o7XAy83Bz6O6ob6xsTOhv6W/paSl1zwvcD48L3RkPgo8L3RyPgo8dGg+m1GcZ7e9t6iky6TEpKSkxjwvdGg+CqH5sb7JzMa3pM+0+tL9sru/ycnMxrekx6S5oaOhuLT60v2hudLUzeKkzqSq1qeSQqSkpPKkqt94pNPPwqS1pKShozxicj4KPGltZyBzcmM9Imh0dHBzOi8vaW1hZ2UucmFrdXRlbi5jby5qcC9rYWd1bWFydS9jYWJpbmV0L2NhbS9kaWJpa2kuZ2lmIiBhbHQ9IrT6vfDS/ZNRsru/ycnMxrciIGJvcmRlcj0iMCIgPjxicj48YnI+PGJyPjxicj4KPHRkIGJnY29sb3I9IiNGRkZGRkYiIGNsYXNzPSJpYXR0bnBleSI+zaizo5tRnGejqKSq2UmkpM7vpaylpKXJobikqtankkKkpLe9t6iky6TEpKSkxqG5pPKktLRf1Uqkr6TApLWkpKGjPC90ZD4KPC90cj4KPHRoIGhlaWdodD0iMTA5Ij7F5CDLzTwvdGg+Cjx0ZCBjbGFzcz0iaWF0dG5kZWxpIiBiZ2NvbG9yPSIjRkZGRkZGIj4KPHAgc3R5bGU9ImZvbnQtc2l6ZTogMTJweDsgY29sb3I6I0NDMDAwMDsiPgqh+Ztfv0mhout4jXWk2KTOpKq97KSxpM+EZc2+y83Bz6SspKukq6TqpN6kuaGjPC9wPgo8L3RkPgo8L3RyPgo8L3RhYmxlPgoKPHRhYmxlIHdpZHRoPSIxMDAlIiBib3JkZXI9IjAiIGNlbGxzcGFjaW5nPSIxIiBjZWxscGFkZGluZz0iOCIgY2xhc3M9Imlfc3BlYyI+PHRyPjx0ZCBjb2xzcGFuPSIyIiBiZ2NvbG9yPSIjRjNGM0YzIj4KPGI+PGZvbnQgY29sb3I9IjMzMyI+1JS8mj+luaXapcOlrzwvZm9udD48L2I+PC90ZD48L3RyPgo8dHI+Cjx0aD7JzMa31WjD9zwvdGg+Cjx0ZCBjbGFzcz0iaWV4cGxhbmF0aW9uIiBiZ2NvbG9yPSIjRkZGRkZGIj4Ku9jcnqXBpaeloiBKRzdTRVJJRVMgpaql7KXzpbggpdilw6XJpeyluaXIuLakrSDW4ri2pK0gRFVQT05UKKXHpeWl3aXzKcnn0XW438a3zrul4aXDpbel5SC436S11XvV+yDh4bW5pLeZQ8TcIDS2zutBvce2yNV71fsgpbOlpKW6pd8gS09JWlVNSSBKRy03ODM4NU9SCjwvdGQ+Cgo8L3RyPgoKPHRyPgo8dGg+pbWlpKW6PC90aD4KPHRkIGNsYXNzPSJpc2l6ZSIgYmdjb2xvcj0iI0ZGRkZGRiI+CqH2pbWlpKW6o7q3+TY4LjWhwbDC0NA2My41ocG436S1MTMyY208YnI+CjwvdGQ+CjwvdHI+Cgo8dHI+Cjx0aD6yxCDZfDwvdGg+Cjx0ZCBjbGFzcz0iaW1hdGVyaWFsIiBiZ2NvbG9yPSIjRkZGRkZGIj4KofayxNl8PGJyPgql3aXqpailuaXGpeul4aXDpbel5VtEVVBPTsnn0XVdo6ixs6TipL+k7KOpPGJyPgqloqXrpd+lwKWkpa2l46W5pcijqL3Fo6k8YnI+CqXiqWCl66XJpaal7KW/pfOjqNf5sOWjqTxicj4KPC90cj4KCjx0cj4KPHRoPr1NIMGiPC90aD4KPHRkIGNsYXNzPSJpa3VtaXRhdGUiIGJnY29sb3I9IiNGRkZGRkYiPgq088jLMsjLNbfWCjwvdGQ+CjwvdHI+Cgo8dHI+Cjx0aD7J+q5iufo8L3RoPgo8dGQgY2xhc3M9Imljb3VudHJ5IiBiZ2NvbG9yPSIjRkZGRkZGIj7MqM3l0XU8L3RkPgo8L3RyPgoKPHRyPgo8dGg+pL2kzsv7P9ei0uLKwu2XPC90aD4KPHRkIGNsYXNzPSJpYXR0bnR4dCIgYmdjb2xvcj0iI0ZGRkZGRiI+CszsyLvEvqTPpL2kztDU2XzJz6GipdGpYKXEMbXjpLSkyKTLxL7Evz/Jq9V7pMud4rWtpKywa8n6pLek3qS5oaMKyczGt7utz/Gkz8mrus+kpKTky9iyxLjQpKyMZ+tIpM7JzMa3pMiukKTKpOuI9rrPpKyktKS2pKSk3qS5oaM8YnI+CqXipculv6lgP6XHpaOluaXXpeylpKTLpOikw6TGpOLQtKTqt72krInkpOqk3qS5oaPT6KThpLTBy7PQpK+kwKS1pKShozwvdGQ+CjwvdHI+Cgo8dHI+Cjx0aD7pdt9CyczGtzwvdGg+Cjx0ZCBjbGFzcz0iaWF0dG50eHQiIGJnY29sb3I9IiNGRkZGRkYiPgq72NyepcGlp6WiIEpHN1NFUklFUyCl1qXppcOlrzxicj4Ku9jcnqXBpaeloiBKRzdTRVJJRVMgpeylw6XJPGJyPgq72NyepcGlp6WiIEpHN1NFUklFUyClt6XrpdCpYDxicj4Ku9jcnqXBpaeloiBKRzdTRVJJRVMgpdal66lgPGJyPgoKu9jcnqXBpaeloiBKRzVTRVJJRVMgpdal6aXDpa88YnI+CrvY3J6lwaWnpaIgSkc1U0VSSUVTIKXspcOlyTxicj4Ku9jcnqXBpaeloiBKRzVTRVJJRVMgpbel66XQqWA8YnI+CrvY3J6lwaWnpaIgSkc1U0VSSUVTIKXWpeupYDxicj4Ku9jcnqXBpaeloiBKRzVTRVJJRVMgpaql7KXzpbg8YnI+CrvY3J6lwaWnpaIgSkc0U0VSSUVTIKXWpemlw6WvPGJyPgq72NyepcGlp6WiIEpHNFNFUklFUyCl7KXDpck8YnI+CrvY3J6lwaWnpaIgSkc0U0VSSUVTIKW3peul0KlgPGJyPgq72NyepcGlp6WiIEpHNFNFUklFUyCl1qXrqWA8YnI+CrvY3J6lwaWnpaIgSkc0U0VSSUVTIKWqpeyl86W4PGJyPgq72NyepcGlp6WiIEpHNFNFUklFUyClsKXqqWCl8zxicj4KCjwvdGQ+CjwvdHI+CjwvdGFibGU+PHN0eWxlIHR5cGU9InRleHQvY3NzIj4KQGNoYXJzZXQgInV0Zi04IjsKLyogQ1NTIERvY3VtZW50ICovCgogCjwvc3R5bGU+CjxsaW5rIHJlbD0ic3R5bGVzaGVldCIgaHJlZj0iaHR0cDovL3d3dy5yYWt1dGVuLm5lLmpwL2dvbGQva2FndW1hcnUvdG9rdXN5dS9rb3JhbXUvY3NzL2l0ZW1fc3R5bGUuY3NzIiAvPgo8aGVhZD4KCjwvaGVhZD4KCgoKCgoKPC9odG1sPg==,u9jcnqXBpaeloiBKRzdTRVJJRVMgpaql7KXzpbggpdilw6XJpeyluaXIuLakrSDW4ri2pK0gRFVQT05UKKXHpeWl3aXzKcnn0XW438a3zrul4aXDpbel5SC436S11XvV+yDh4bW5pLeZQ8TcIDS2zutBvce2yNV71fsgpbOlpKW6pd8gS09JWlVNSSBKRy03ODM4NU9So7qlq6Wwpd6l6w==,u9jcnqXBpaeloiBKRzdTRVJJRVMgpaql7KXzpbggpdilw6XJpeyluaXIuLakrSDW4ri2pK0gRFVQT05UKKXHpeWl3aXzKcnn0XW438a3zrul4aXDpbel5SC436S11XvV+yDh4bW5pLeZQ8TcIDS2zutBvce2yNV71fsgpbOlpKW6pd8gS09JWlVNSSBKRy03ODM4NU9S,u9jcnqXBpaeloiBKRzdTRVJJRVMgpaql7KXzpbggpdilw6XJpeyluaXIuLakrSDW4ri2pK0gRFVQT05UoaO72NyepcGlp6WiIEpHN1NFUklFUyClqqXspfOluCCl2KXDpcml7KW5pci4tqStINbiuLakrSBEVVBPTlQopcel5aXdpfMpyefRdbjfxrfOu6XhpcOlt6XlILjfpLXVe9X7IOHhtbmkt5lDxNwgNLbO60G9x7bI1XvV+yCls6Wkpbql3yBLT0laVU1JIEpHLTc4Mzg1T1I=[rn]
40-32950,aHR0cDovL3RzaG9wLnIxMHMuanAva2FndW1hcnUvY2FiaW5ldC8yNDcvMjQ3MDAwNzQuanBnP2ZpdGluPTcwMDo3MDA=,MjYyNDAuMDAwMA==,,paSl86XGpeqloj/H3r7fP4WnvHsgPiClpKW5P6XBpaeloiA+IKXRqWClvaXKpeulwaWnpaKjqDHIy5LspLGjqSA+IKS9pM7L+w==,u9jcnqXBpaeloiBKRzVTRVJJRVMgpdal6aXDpa8g1uK4tqStIERVUE9OVCilx6Xlpd2l8ynJ59F1uN/Gt867peGlw6W3peUguN+ktdV71fsg4eG1uaS3mUPE3CA0ts7rQb3HtsjVe9X7IKWzpaSluqXfIEtPSVpVTUkgSkctNTIzODFCSw==,u9jcnqXBpaeloiBKRzVTRVJJRVMgpdal6aXDpa8g1uK4tqStIERVUE9OVCilx6Xlpd2l8yk=,PGltZyBzcmM9Imh0dHBzOi8vaW1hZ2UucmFrdXRlbi5jby5qcC9rYWd1bWFydS9jYWJpbmV0LzI0Ny8yNDcwMDA3NC5qcGciIGFsdD0ipbOlpKW6pd8iPjxicj4KPGltZyBzcmM9Imh0dHBzOi8vaW1hZ2UucmFrdXRlbi5jby5qcC9rYWd1bWFydS9jYWJpbmV0LzI0Ny8yNDcwMDA3NF8xLmpwZyIgYWx0PSKls6Wkpbql3yI+PGJyPgo8aW1nIHNyYz0iaHR0cHM6Ly9pbWFnZS5yYWt1dGVuLmNvLmpwL2thZ3VtYXJ1L2NhYmluZXQvMjQ3LzI0NzAwMDc0XzIuanBnIiBhbHQ9IqWzpaSluqXfIj48YnI+PHRhYmxlIHdpZHRoPSIxMDAlIiBib3JkZXI9IjAiIGNlbGxzcGFjaW5nPSIxIiBjZWxscGFkZGluZz0iOCIgY2xhc3M9ImlfaW5mbyI+Cjx0cj4KPHRkIGNvbHNwYW49IjIiIGNsYXNzPSJpX2luZm9fdCI+CjxiPjxmb250IGNvbG9yPSIzMzMiPqWkpfOl1aWppeGpYKW3peel8z/XotLiysLtlzwvZm9udD48L2I+CjwvdGQ+CjwvdHI+Cjx0aD7LzcHPpMukxKSkpMY8L3RoPgo8dGQgY2xhc3M9ImlhdHRuc29yeW8iIGJnY29sb3I9IiNGRkZGRkYiPjxwIGNsYXNzPSJkZWxpdl9mZWVfaG9rdSI+sbG6o7XApNikzsXky82kz4Rlzb7LzcHPpKykq6SrpOqk3qS5oaM8YnI+sbG6o7XAy83Bz6O6ob6xsTOhv6W/paSl1zwvcD48L3RkPgo8L3RyPgo8dGg+m1GcZ7e9t6iky6TEpKSkxjwvdGg+CqH5sb7JzMa3pM+0+tL9sru/ycnMxrekx6S5oaOhuLT60v2hudLUzeKkzqSq1qeSQqSkpPKkqt94pNPPwqS1pKShozxicj4KPGltZyBzcmM9Imh0dHBzOi8vaW1hZ2UucmFrdXRlbi5jby5qcC9rYWd1bWFydS9jYWJpbmV0L2NhbS9kaWJpa2kuZ2lmIiBhbHQ9IrT6vfDS/ZNRsru/ycnMxrciIGJvcmRlcj0iMCIgPjxicj48YnI+PGJyPjxicj4KPHRkIGJnY29sb3I9IiNGRkZGRkYiIGNsYXNzPSJpYXR0bnBleSI+zaizo5tRnGejqKSq2UmkpM7vpaylpKXJobikqtankkKkpLe9t6iky6TEpKSkxqG5pPKktLRf1Uqkr6TApLWkpKGjPC90ZD4KPC90cj4KPHRoIGhlaWdodD0iMTA5Ij7F5CDLzTwvdGg+Cjx0ZCBjbGFzcz0iaWF0dG5kZWxpIiBiZ2NvbG9yPSIjRkZGRkZGIj4KPHAgc3R5bGU9ImZvbnQtc2l6ZTogMTJweDsgY29sb3I6I0NDMDAwMDsiPgqh+Ztfv0mhout4jXWk2KTOpKq97KSxpM+EZc2+y83Bz6SspKukq6TqpN6kuaGjPC9wPgo8L3RkPgo8L3RyPgo8L3RhYmxlPgoKPHRhYmxlIHdpZHRoPSIxMDAlIiBib3JkZXI9IjAiIGNlbGxzcGFjaW5nPSIxIiBjZWxscGFkZGluZz0iOCIgY2xhc3M9Imlfc3BlYyI+PHRyPjx0ZCBjb2xzcGFuPSIyIiBiZ2NvbG9yPSIjRjNGM0YzIj4KPGI+PGZvbnQgY29sb3I9IjMzMyI+1JS8mj+luaXapcOlrzwvZm9udD48L2I+PC90ZD48L3RyPgo8dHI+Cjx0aD7JzMa31WjD9zwvdGg+Cjx0ZCBjbGFzcz0iaWV4cGxhbmF0aW9uIiBiZ2NvbG9yPSIjRkZGRkZGIj4Ku9jcnqXBpaeloiBKRzVTRVJJRVMgpdal6aXDpa8g1uK4tqStIERVUE9OVCilx6Xlpd2l8ynJ59F1uN/Gt867peGlw6W3peUguN+ktdV71fsg4eG1uaS3mUPE3CA0ts7rQb3HtsjVe9X7IKWzpaSluqXfIEtPSVpVTUkgSkctNTIzODFCSwo8L3RkPgoKPC90cj4KCjx0cj4KPHRoPqW1paSlujwvdGg+Cjx0ZCBjbGFzcz0iaXNpemUiIGJnY29sb3I9IiNGRkZGRkYiPgqh9qW1paSluqO6t/k2OC41ocGwwtDQNjMuNaHBuN+ktTExNS41Y208YnI+CjwvdGQ+CjwvdHI+Cgo8dHI+Cjx0aD6yxCDZfDwvdGg+Cjx0ZCBjbGFzcz0iaW1hdGVyaWFsIiBiZ2NvbG9yPSIjRkZGRkZGIj4KofayxNl8PGJyPgql3aXqpailuaXGpeul4aXDpbel5VtEVVBPTsnn0XVdo6ixs6TipL+k7KOpPGJyPgqloqXrpd+lwKWkpa2l46W5pcijqL3Fo6k8YnI+CqXiqWCl66XJpaal7KW/pfOjqNf5sOWjqTxicj4KPC90cj4KCjx0cj4KPHRoPr1NIMGiPC90aD4KPHRkIGNsYXNzPSJpa3VtaXRhdGUiIGJnY29sb3I9IiNGRkZGRkYiPgq088jLMsjLNbfWCjwvdGQ+CjwvdHI+Cgo8dHI+Cjx0aD7J+q5iufo8L3RoPgo8dGQgY2xhc3M9Imljb3VudHJ5IiBiZ2NvbG9yPSIjRkZGRkZGIj7MqM3l0XU8L3RkPgo8L3RyPgoKPHRyPgo8dGg+pL2kzsv7P9ei0uLKwu2XPC90aD4KPHRkIGNsYXNzPSJpYXR0bnR4dCIgYmdjb2xvcj0iI0ZGRkZGRiI+CszsyLvEvqTPpL2kztDU2XzJz6GipdGpYKXEMbXjpLSkyKTLxL7Evz/Jq9V7pMud4rWtpKywa8n6pLek3qS5oaMKyczGt7utz/Gkz8mrus+kpKTky9iyxLjQpKyMZ+tIpM7JzMa3pMiukKTKpOuI9rrPpKyktKS2pKSk3qS5oaM8YnI+CqXipculv6lgP6XHpaOluaXXpeylpKTLpOikw6TGpOLQtKTqt72krInkpOqk3qS5oaPT6KThpLTBy7PQpK+kwKS1pKShozwvdGQ+CjwvdHI+Cgo8dHI+Cjx0aD7pdt9CyczGtzwvdGg+Cjx0ZCBjbGFzcz0iaWF0dG50eHQiIGJnY29sb3I9IiNGRkZGRkYiPgq72NyepcGlp6WiIEpHN1NFUklFUyCl1qXppcOlrzxicj4Ku9jcnqXBpaeloiBKRzdTRVJJRVMgpeylw6XJPGJyPgq72NyepcGlp6WiIEpHN1NFUklFUyClt6XrpdCpYDxicj4Ku9jcnqXBpaeloiBKRzdTRVJJRVMgpdal66lgPGJyPgq72NyepcGlp6WiIEpHN1NFUklFUyClqqXspfOluDxicj4KCrvY3J6lwaWnpaIgSkc1U0VSSUVTIKXspcOlyTxicj4Ku9jcnqXBpaeloiBKRzVTRVJJRVMgpbel66XQqWA8YnI+CrvY3J6lwaWnpaIgSkc1U0VSSUVTIKXWpeupYDxicj4Ku9jcnqXBpaeloiBKRzVTRVJJRVMgpaql7KXzpbg8YnI+CrvY3J6lwaWnpaIgSkc0U0VSSUVTIKXWpemlw6WvPGJyPgq72NyepcGlp6WiIEpHNFNFUklFUyCl7KXDpck8YnI+CrvY3J6lwaWnpaIgSkc0U0VSSUVTIKW3peul0KlgPGJyPgq72NyepcGlp6WiIEpHNFNFUklFUyCl1qXrqWA8YnI+CrvY3J6lwaWnpaIgSkc0U0VSSUVTIKWqpeyl86W4PGJyPgq72NyepcGlp6WiIEpHNFNFUklFUyClsKXqqWCl8zxicj4KCjwvdGQ+CjwvdHI+CjwvdGFibGU+PHN0eWxlIHR5cGU9InRleHQvY3NzIj4KQGNoYXJzZXQgInV0Zi04IjsKLyogQ1NTIERvY3VtZW50ICovCgogCjwvc3R5bGU+CjxsaW5rIHJlbD0ic3R5bGVzaGVldCIgaHJlZj0iaHR0cDovL3d3dy5yYWt1dGVuLm5lLmpwL2dvbGQva2FndW1hcnUvdG9rdXN5dS9rb3JhbXUvY3NzL2l0ZW1fc3R5bGUuY3NzIiAvPgo8aGVhZD4KCjwvaGVhZD4KCgoKCgoKPC9odG1sPg==,u9jcnqXBpaeloiBKRzVTRVJJRVMgpdal6aXDpa8g1uK4tqStIERVUE9OVCilx6Xlpd2l8ynJ59F1uN/Gt867peGlw6W3peUguN+ktdV71fsg4eG1uaS3mUPE3CA0ts7rQb3HtsjVe9X7IKWzpaSluqXfIEtPSVpVTUkgSkctNTIzODFCS6O6paulsKXepes=,u9jcnqXBpaeloiBKRzVTRVJJRVMgpdal6aXDpa8g1uK4tqStIERVUE9OVCilx6Xlpd2l8ynJ59F1uN/Gt867peGlw6W3peUguN+ktdV71fsg4eG1uaS3mUPE3CA0ts7rQb3HtsjVe9X7IKWzpaSluqXfIEtPSVpVTUkgSkctNTIzODFCSw==,u9jcnqXBpaeloiBKRzVTRVJJRVMgpdal6aXDpa8g1uK4tqStIERVUE9OVCilx6Xlpd2l8ymho7vY3J6lwaWnpaIgSkc1U0VSSUVTIKXWpemlw6WvINbiuLakrSBEVVBPTlQopcel5aXdpfMpyefRdbjfxrfOu6XhpcOlt6XlILjfpLXVe9X7IOHhtbmkt5lDxNwgNLbO60G9x7bI1XvV+yCls6Wkpbql3yBLT0laVU1JIEpHLTUyMzgxQks=[rn]
40-32951,aHR0cDovL3RzaG9wLnIxMHMuanAva2FndW1hcnUvY2FiaW5ldC8yNDcvMjQ3MDAwNzUuanBnP2ZpdGluPTcwMDo3MDA=,MjYyNDAuMDAwMA==,,paSl86XGpeqloj/H3r7fP4WnvHsgPiClpKW5P6XBpaeloiA+IKXRqWClvaXKpeulwaWnpaKjqDHIy5LspLGjqSA+IKS9pM7L+w==,u9jcnqXBpaeloiBKRzVTRVJJRVMgpeylw6XJINbiuLakrSBEVVBPTlQopcel5aXdpfMpyefRdbjfxrfOu6XhpcOlt6XlILjfpLXVe9X7IOHhtbmkt5lDxNwgNLbO60G9x7bI1XvV+yCls6Wkpbql3yBLT0laVU1JIEpHLTUyMzgyUkU=,u9jcnqXBpaeloiBKRzVTRVJJRVMgpeylw6XJINbiuLakrSBEVVBPTlQopcel5aXdpfMp,PGltZyBzcmM9Imh0dHBzOi8vaW1hZ2UucmFrdXRlbi5jby5qcC9rYWd1bWFydS9jYWJpbmV0LzI0Ny8yNDcwMDA3NS5qcGciIGFsdD0ipbOlpKW6pd8iPjxicj4KPGltZyBzcmM9Imh0dHBzOi8vaW1hZ2UucmFrdXRlbi5jby5qcC9rYWd1bWFydS9jYWJpbmV0LzI0Ny8yNDcwMDA3NV8xLmpwZyIgYWx0PSKls6Wkpbql3yI+PGJyPgo8aW1nIHNyYz0iaHR0cHM6Ly9pbWFnZS5yYWt1dGVuLmNvLmpwL2thZ3VtYXJ1L2NhYmluZXQvMjQ3LzI0NzAwMDc1XzIuanBnIiBhbHQ9IqWzpaSluqXfIj48YnI+PHRhYmxlIHdpZHRoPSIxMDAlIiBib3JkZXI9IjAiIGNlbGxzcGFjaW5nPSIxIiBjZWxscGFkZGluZz0iOCIgY2xhc3M9ImlfaW5mbyI+Cjx0cj4KPHRkIGNvbHNwYW49IjIiIGNsYXNzPSJpX2luZm9fdCI+CjxiPjxmb250IGNvbG9yPSIzMzMiPqWkpfOl1aWppeGpYKW3peel8z/XotLiysLtlzwvZm9udD48L2I+CjwvdGQ+CjwvdHI+Cjx0aD7LzcHPpMukxKSkpMY8L3RoPgo8dGQgY2xhc3M9ImlhdHRuc29yeW8iIGJnY29sb3I9IiNGRkZGRkYiPjxwIGNsYXNzPSJkZWxpdl9mZWVfaG9rdSI+sbG6o7XApNikzsXky82kz4Rlzb7LzcHPpKykq6SrpOqk3qS5oaM8YnI+sbG6o7XAy83Bz6O6ob6xsTOhv6W/paSl1zwvcD48L3RkPgo8L3RyPgo8dGg+m1GcZ7e9t6iky6TEpKSkxjwvdGg+CqH5sb7JzMa3pM+0+tL9sru/ycnMxrekx6S5oaOhuLT60v2hudLUzeKkzqSq1qeSQqSkpPKkqt94pNPPwqS1pKShozxicj4KPGltZyBzcmM9Imh0dHBzOi8vaW1hZ2UucmFrdXRlbi5jby5qcC9rYWd1bWFydS9jYWJpbmV0L2NhbS9kaWJpa2kuZ2lmIiBhbHQ9IrT6vfDS/ZNRsru/ycnMxrciIGJvcmRlcj0iMCIgPjxicj48YnI+PGJyPjxicj4KPHRkIGJnY29sb3I9IiNGRkZGRkYiIGNsYXNzPSJpYXR0bnBleSI+zaizo5tRnGejqKSq2UmkpM7vpaylpKXJobikqtankkKkpLe9t6iky6TEpKSkxqG5pPKktLRf1Uqkr6TApLWkpKGjPC90ZD4KPC90cj4KPHRoIGhlaWdodD0iMTA5Ij7F5CDLzTwvdGg+Cjx0ZCBjbGFzcz0iaWF0dG5kZWxpIiBiZ2NvbG9yPSIjRkZGRkZGIj4KPHAgc3R5bGU9ImZvbnQtc2l6ZTogMTJweDsgY29sb3I6I0NDMDAwMDsiPgqh+Ztfv0mhout4jXWk2KTOpKq97KSxpM+EZc2+y83Bz6SspKukq6TqpN6kuaGjPC9wPgo8L3RkPgo8L3RyPgo8L3RhYmxlPgoKPHRhYmxlIHdpZHRoPSIxMDAlIiBib3JkZXI9IjAiIGNlbGxzcGFjaW5nPSIxIiBjZWxscGFkZGluZz0iOCIgY2xhc3M9Imlfc3BlYyI+PHRyPjx0ZCBjb2xzcGFuPSIyIiBiZ2NvbG9yPSIjRjNGM0YzIj4KPGI+PGZvbnQgY29sb3I9IjMzMyI+1JS8mj+luaXapcOlrzwvZm9udD48L2I+PC90ZD48L3RyPgo8dHI+Cjx0aD7JzMa31WjD9zwvdGg+Cjx0ZCBjbGFzcz0iaWV4cGxhbmF0aW9uIiBiZ2NvbG9yPSIjRkZGRkZGIj4Ku9jcnqXBpaeloiBKRzVTRVJJRVMgpeylw6XJINbiuLakrSBEVVBPTlQopcel5aXdpfMpyefRdbjfxrfOu6XhpcOlt6XlILjfpLXVe9X7IOHhtbmkt5lDxNwgNLbO60G9x7bI1XvV+yCls6Wkpbql3yBLT0laVU1JIEpHLTUyMzgyUkUKPC90ZD4KCjwvdHI+Cgo8dHI+Cjx0aD6ltaWkpbo8L3RoPgo8dGQgY2xhc3M9ImlzaXplIiBiZ2NvbG9yPSIjRkZGRkZGIj4KofaltaWkpbqjurf5NjguNaHBsMLQ0DYzLjWhwbjfpLUxMTUuNWNtPGJyPgo8L3RkPgo8L3RyPgoKPHRyPgo8dGg+ssQg2Xw8L3RoPgo8dGQgY2xhc3M9ImltYXRlcmlhbCIgYmdjb2xvcj0iI0ZGRkZGRiI+CqH2ssTZfDxicj4Kpd2l6qWopbmlxqXrpeGlw6W3peVbRFVQT07J59F1XaOosbOk4qS/pOyjqTxicj4KpaKl66XfpcClpKWtpeOluaXIo6i9xaOpPGJyPgql4qlgpeulyaWmpeylv6Xzo6jX+bDlo6k8YnI+CjwvdHI+Cgo8dHI+Cjx0aD69TSDBojwvdGg+Cjx0ZCBjbGFzcz0iaWt1bWl0YXRlIiBiZ2NvbG9yPSIjRkZGRkZGIj4KtPPIyzLIyzW31go8L3RkPgo8L3RyPgoKPHRyPgo8dGg+yfquYrn6PC90aD4KPHRkIGNsYXNzPSJpY291bnRyeSIgYmdjb2xvcj0iI0ZGRkZGRiI+zKjN5dF1PC90ZD4KPC90cj4KCjx0cj4KPHRoPqS9pM7L+z/XotLiysLtlzwvdGg+Cjx0ZCBjbGFzcz0iaWF0dG50eHQiIGJnY29sb3I9IiNGRkZGRkYiPgrM7Mi7xL6kz6S9pM7Q1Nl8yc+hoqXRqWClxDG146S0pMiky8S+xL8/yavVe6TLneK1raSssGvJ+qS3pN6kuaGjCsnMxre7rc/xpM/Jq7rPpKSk5MvYssS40KSsjGfrSKTOyczGt6TIrpCkyqTriPa6z6SspLSktqSkpN6kuaGjPGJyPgql4qXLpb+pYD+lx6Wjpbml16XspaSky6TopMOkxqTi0LSk6re9pKyJ5KTqpN6kuaGj0+ik4aS0wcuz0KSvpMCktaSkoaM8L3RkPgo8L3RyPgoKPHRyPgo8dGg+6XbfQsnMxrc8L3RoPgo8dGQgY2xhc3M9ImlhdHRudHh0IiBiZ2NvbG9yPSIjRkZGRkZGIj4Ku9jcnqXBpaeloiBKRzdTRVJJRVMgpdal6aXDpa88YnI+CrvY3J6lwaWnpaIgSkc3U0VSSUVTIKXspcOlyTxicj4Ku9jcnqXBpaeloiBKRzdTRVJJRVMgpbel66XQqWA8YnI+CrvY3J6lwaWnpaIgSkc3U0VSSUVTIKXWpeupYDxicj4Ku9jcnqXBpaeloiBKRzdTRVJJRVMgpaql7KXzpbg8YnI+CrvY3J6lwaWnpaIgSkc1U0VSSUVTIKXWpemlw6WvPGJyPgoKu9jcnqXBpaeloiBKRzVTRVJJRVMgpbel66XQqWA8YnI+CrvY3J6lwaWnpaIgSkc1U0VSSUVTIKXWpeupYDxicj4Ku9jcnqXBpaeloiBKRzVTRVJJRVMgpaql7KXzpbg8YnI+CrvY3J6lwaWnpaIgSkc0U0VSSUVTIKXWpemlw6WvPGJyPgq72NyepcGlp6WiIEpHNFNFUklFUyCl7KXDpck8YnI+CrvY3J6lwaWnpaIgSkc0U0VSSUVTIKW3peul0KlgPGJyPgq72NyepcGlp6WiIEpHNFNFUklFUyCl1qXrqWA8YnI+CrvY3J6lwaWnpaIgSkc0U0VSSUVTIKWqpeyl86W4PGJyPgq72NyepcGlp6WiIEpHNFNFUklFUyClsKXqqWCl8zxicj4KCjwvdGQ+CjwvdHI+CjwvdGFibGU+PHN0eWxlIHR5cGU9InRleHQvY3NzIj4KQGNoYXJzZXQgInV0Zi04IjsKLyogQ1NTIERvY3VtZW50ICovCgogCjwvc3R5bGU+CjxsaW5rIHJlbD0ic3R5bGVzaGVldCIgaHJlZj0iaHR0cDovL3d3dy5yYWt1dGVuLm5lLmpwL2dvbGQva2FndW1hcnUvdG9rdXN5dS9rb3JhbXUvY3NzL2l0ZW1fc3R5bGUuY3NzIiAvPgo8aGVhZD4KCjwvaGVhZD4KCgoKCgoKPC9odG1sPg==,u9jcnqXBpaeloiBKRzVTRVJJRVMgpeylw6XJINbiuLakrSBEVVBPTlQopcel5aXdpfMpyefRdbjfxrfOu6XhpcOlt6XlILjfpLXVe9X7IOHhtbmkt5lDxNwgNLbO60G9x7bI1XvV+yCls6Wkpbql3yBLT0laVU1JIEpHLTUyMzgyUkWjuqWrpbCl3qXr,u9jcnqXBpaeloiBKRzVTRVJJRVMgpeylw6XJINbiuLakrSBEVVBPTlQopcel5aXdpfMpyefRdbjfxrfOu6XhpcOlt6XlILjfpLXVe9X7IOHhtbmkt5lDxNwgNLbO60G9x7bI1XvV+yCls6Wkpbql3yBLT0laVU1JIEpHLTUyMzgyUkU=,u9jcnqXBpaeloiBKRzVTRVJJRVMgpeylw6XJINbiuLakrSBEVVBPTlQopcel5aXdpfMpoaO72NyepcGlp6WiIEpHNVNFUklFUyCl7KXDpckg1uK4tqStIERVUE9OVCilx6Xlpd2l8ynJ59F1uN/Gt867peGlw6W3peUguN+ktdV71fsg4eG1uaS3mUPE3CA0ts7rQb3HtsjVe9X7IKWzpaSluqXfIEtPSVpVTUkgSkctNTIzODJSRQ==[rn]
40-32952,aHR0cDovL3RzaG9wLnIxMHMuanAva2FndW1hcnUvY2FiaW5ldC8yNDcvMjQ3MDAwNzYuanBnP2ZpdGluPTcwMDo3MDA=,MjYyNDAuMDAwMA==,,paSl86XGpeqloj/H3r7fP4WnvHsgPiClpKW5P6XBpaeloiA+IKXRqWClvaXKpeulwaWnpaKjqDHIy5LspLGjqSA+IKS9pM7L+w==,u9jcnqXBpaeloiBKRzVTRVJJRVMgpbel66XQqWAg1uK4tqStIERVUE9OVCilx6Xlpd2l8ynJ59F1uN/Gt867peGlw6W3peUguN+ktdV71fsg4eG1uaS3mUPE3CA0ts7rQb3HtsjVe9X7IKWzpaSluqXfIEtPSVpVTUkgSkctNTIzODNTVg==,u9jcnqXBpaeloiBKRzVTRVJJRVMgpbel66XQqWChodbiuLakrSBEVVBPTlQopcel5aXdpfOjqQ==,PGltZyBzcmM9Imh0dHBzOi8vaW1hZ2UucmFrdXRlbi5jby5qcC9rYWd1bWFydS9jYWJpbmV0LzI0Ny8yNDcwMDA3Ni5qcGciIGFsdD0ipbOlpKW6pd8iPjxicj4KPGltZyBzcmM9Imh0dHBzOi8vaW1hZ2UucmFrdXRlbi5jby5qcC9rYWd1bWFydS9jYWJpbmV0LzI0Ny8yNDcwMDA3Nl8xLmpwZyIgYWx0PSKls6Wkpbql3yI+PGJyPgo8aW1nIHNyYz0iaHR0cHM6Ly9pbWFnZS5yYWt1dGVuLmNvLmpwL2thZ3VtYXJ1L2NhYmluZXQvMjQ3LzI0NzAwMDc2XzIuanBnIiBhbHQ9IqWzpaSluqXfIj48YnI+PHRhYmxlIHdpZHRoPSIxMDAlIiBib3JkZXI9IjAiIGNlbGxzcGFjaW5nPSIxIiBjZWxscGFkZGluZz0iOCIgY2xhc3M9ImlfaW5mbyI+Cjx0cj4KPHRkIGNvbHNwYW49IjIiIGNsYXNzPSJpX2luZm9fdCI+CjxiPjxmb250IGNvbG9yPSIzMzMiPqWkpfOl1aWppeGpYKW3peel8z/XotLiysLtlzwvZm9udD48L2I+CjwvdGQ+CjwvdHI+Cjx0aD7LzcHPpMukxKSkpMY8L3RoPgo8dGQgY2xhc3M9ImlhdHRuc29yeW8iIGJnY29sb3I9IiNGRkZGRkYiPjxwIGNsYXNzPSJkZWxpdl9mZWVfaG9rdSI+sbG6o7XApNikzsXky82kz4Rlzb7LzcHPpKykq6SrpOqk3qS5oaM8YnI+sbG6o7XAy83Bz6O6ob6xsTOhv6W/paSl1zwvcD48L3RkPgo8L3RyPgo8dGg+m1GcZ7e9t6iky6TEpKSkxjwvdGg+CqH5sb7JzMa3pM+0+tL9sru/ycnMxrekx6S5oaOhuLT60v2hudLUzeKkzqSq1qeSQqSkpPKkqt94pNPPwqS1pKShozxicj4KPGltZyBzcmM9Imh0dHBzOi8vaW1hZ2UucmFrdXRlbi5jby5qcC9rYWd1bWFydS9jYWJpbmV0L2NhbS9kaWJpa2kuZ2lmIiBhbHQ9IrT6vfDS/ZNRsru/ycnMxrciIGJvcmRlcj0iMCIgPjxicj48YnI+PGJyPjxicj4KPHRkIGJnY29sb3I9IiNGRkZGRkYiIGNsYXNzPSJpYXR0bnBleSI+zaizo5tRnGejqKSq2UmkpM7vpaylpKXJobikqtankkKkpLe9t6iky6TEpKSkxqG5pPKktLRf1Uqkr6TApLWkpKGjPC90ZD4KPC90cj4KPHRoIGhlaWdodD0iMTA5Ij7F5CDLzTwvdGg+Cjx0ZCBjbGFzcz0iaWF0dG5kZWxpIiBiZ2NvbG9yPSIjRkZGRkZGIj4KPHAgc3R5bGU9ImZvbnQtc2l6ZTogMTJweDsgY29sb3I6I0NDMDAwMDsiPgqh+Ztfv0mhout4jXWk2KTOpKq97KSxpM+EZc2+y83Bz6SspKukq6TqpN6kuaGjPC9wPgo8L3RkPgo8L3RyPgo8L3RhYmxlPgoKPHRhYmxlIHdpZHRoPSIxMDAlIiBib3JkZXI9IjAiIGNlbGxzcGFjaW5nPSIxIiBjZWxscGFkZGluZz0iOCIgY2xhc3M9Imlfc3BlYyI+PHRyPjx0ZCBjb2xzcGFuPSIyIiBiZ2NvbG9yPSIjRjNGM0YzIj4KPGI+PGZvbnQgY29sb3I9IjMzMyI+1JS8mj+luaXapcOlrzwvZm9udD48L2I+PC90ZD48L3RyPgo8dHI+Cjx0aD7JzMa31WjD9zwvdGg+Cjx0ZCBjbGFzcz0iaWV4cGxhbmF0aW9uIiBiZ2NvbG9yPSIjRkZGRkZGIj4Ku9jcnqXBpaeloiBKRzVTRVJJRVMgpbel66XQqWChodbiuLakrSBEVVBPTlQopcel5aXdpfMpyefRdbjfxrfOu6XhpcOlt6XlILjfpLXVe9X7IOHhtbmkt5lDxNwgNLbO60G9x7bI1XvV+yCls6Wkpbql3yBLT0laVU1JIEpHLTUyMzgzU1YKPC90ZD4KCjwvdHI+Cgo8dHI+Cjx0aD6ltaWkpbo8L3RoPgo8dGQgY2xhc3M9ImlzaXplIiBiZ2NvbG9yPSIjRkZGRkZGIj4KofaltaWkpbqjurf5NjguNaHBsMLQ0DYzLjWhwbjfpLUxMTUuNWNtPGJyPgo8L3RkPgo8L3RyPgoKPHRyPgo8dGg+ssQg2Xw8L3RoPgo8dGQgY2xhc3M9ImltYXRlcmlhbCIgYmdjb2xvcj0iI0ZGRkZGRiI+CqH2ssTZfDxicj4Kpd2l6qWopbmlxqXrpeGlw6W3peVbRFVQT07J59F1XaOosbOk4qS/pOyjqTxicj4KpaKl66XfpcClpKWtpeOluaXIo6i9xaOpPGJyPgql4qlgpeulyaWmpeylv6Xzo6jX+bDlo6k8YnI+CjwvdHI+Cgo8dHI+Cjx0aD69TSDBojwvdGg+Cjx0ZCBjbGFzcz0iaWt1bWl0YXRlIiBiZ2NvbG9yPSIjRkZGRkZGIj4KtPPIyzLIyzW31go8L3RkPgo8L3RyPgoKPHRyPgo8dGg+yfquYrn6PC90aD4KPHRkIGNsYXNzPSJpY291bnRyeSIgYmdjb2xvcj0iI0ZGRkZGRiI+zKjN5dF1PC90ZD4KPC90cj4KCjx0cj4KPHRoPqS9pM7L+z/XotLiysLtlzwvdGg+Cjx0ZCBjbGFzcz0iaWF0dG50eHQiIGJnY29sb3I9IiNGRkZGRkYiPgrM7Mi7xL6kz6S9pM7Q1Nl8yc+hoqXRqWClxDG146S0pMiky8S+xL8/yavVe6TLneK1raSssGvJ+qS3pN6kuaGjCsnMxre7rc/xpM/Jq7rPpKSk5MvYssS40KSsjGfrSKTOyczGt6TIrpCkyqTriPa6z6SspLSktqSkpN6kuaGjPGJyPgql4qXLpb+pYD+lx6Wjpbml16XspaSky6TopMOkxqTi0LSk6re9pKyJ5KTqpN6kuaGj0+ik4aS0wcuz0KSvpMCktaSkoaM8L3RkPgo8L3RyPgoKPHRyPgo8dGg+6XbfQsnMxrc8L3RoPgo8dGQgY2xhc3M9ImlhdHRudHh0IiBiZ2NvbG9yPSIjRkZGRkZGIj4Ku9jcnqXBpaeloiBKRzdTRVJJRVMgpdal6aXDpa88YnI+CrvY3J6lwaWnpaIgSkc3U0VSSUVTIKXspcOlyTxicj4Ku9jcnqXBpaeloiBKRzdTRVJJRVMgpbel66XQqWA8YnI+CrvY3J6lwaWnpaIgSkc3U0VSSUVTIKXWpeupYDxicj4Ku9jcnqXBpaeloiBKRzdTRVJJRVMgpaql7KXzpbg8YnI+CrvY3J6lwaWnpaIgSkc1U0VSSUVTIKXWpemlw6WvPGJyPgq72NyepcGlp6WiIEpHNVNFUklFUyCl7KXDpck8YnI+Cgq72NyepcGlp6WiIEpHNVNFUklFUyCl1qXrqWA8YnI+CrvY3J6lwaWnpaIgSkc1U0VSSUVTIKWqpeyl86W4PGJyPgq72NyepcGlp6WiIEpHNFNFUklFUyCl1qXppcOlrzxicj4Ku9jcnqXBpaeloiBKRzRTRVJJRVMgpeylw6XJPGJyPgq72NyepcGlp6WiIEpHNFNFUklFUyClt6XrpdCpYDxicj4Ku9jcnqXBpaeloiBKRzRTRVJJRVMgpdal66lgPGJyPgq72NyepcGlp6WiIEpHNFNFUklFUyClqqXspfOluDxicj4Ku9jcnqXBpaeloiBKRzRTRVJJRVMgpbCl6qlgpfM8YnI+Cgo8L3RkPgo8L3RyPgo8L3RhYmxlPjxzdHlsZSB0eXBlPSJ0ZXh0L2NzcyI+CkBjaGFyc2V0ICJ1dGYtOCI7Ci8qIENTUyBEb2N1bWVudCAqLwoKIAo8L3N0eWxlPgo8bGluayByZWw9InN0eWxlc2hlZXQiIGhyZWY9Imh0dHA6Ly93d3cucmFrdXRlbi5uZS5qcC9nb2xkL2thZ3VtYXJ1L3Rva3VzeXUva29yYW11L2Nzcy9pdGVtX3N0eWxlLmNzcyIgLz4KPGhlYWQ+Cgo8L2hlYWQ+CgoKCgoKCjwvaHRtbD4=,u9jcnqXBpaeloiBKRzVTRVJJRVMgpbel66XQqWAg1uK4tqStIERVUE9OVCilx6Xlpd2l8ynJ59F1uN/Gt867peGlw6W3peUguN+ktdV71fsg4eG1uaS3mUPE3CA0ts7rQb3HtsjVe9X7IKWzpaSluqXfIEtPSVpVTUkgSkctNTIzODNTVqO6paulsKXepes=,u9jcnqXBpaeloiBKRzVTRVJJRVMgpbel66XQqWAg1uK4tqStIERVUE9OVCilx6Xlpd2l8ynJ59F1uN/Gt867peGlw6W3peUguN+ktdV71fsg4eG1uaS3mUPE3CA0ts7rQb3HtsjVe9X7IKWzpaSluqXfIEtPSVpVTUkgSkctNTIzODNTVg==,u9jcnqXBpaeloiBKRzVTRVJJRVMgpbel66XQqWChodbiuLakrSBEVVBPTlQopcel5aXdpfOjqaGju9jcnqXBpaeloiBKRzVTRVJJRVMgpbel66XQqWAg1uK4tqStIERVUE9OVCilx6Xlpd2l8ynJ59F1uN/Gt867peGlw6W3peUguN+ktdV71fsg4eG1uaS3mUPE3CA0ts7rQb3HtsjVe9X7IKWzpaSluqXfIEtPSVpVTUkgSkctNTIzODNTVg==[rn]
40-32953,aHR0cDovL3RzaG9wLnIxMHMuanAvYmVzdDk5L2NhYmluZXQvaDYvMjkwMTc4Ny5qcGc/Zml0aW49NzAwOjcwMA==,MTkwMDgwLjAwMDA=,,paSl86XGpeqloj/H3r7fP4WnvHsgPiCl2aXDpckgPiDrioTTP6Xqpa+l6aWkpcul86Wwpdmlw6XJ,pdWl6aXzpbml2aXDpckgpeqlr6XppaSly6XzpbCl2aXDpcmh7+uKhNOl2aXDpcmjq6XepcOlyKXspbmlu6XDpcggpdel7KWqpcOlr6W5UE8to8YxIDKl4qlgpb+pYKOrUlgtTFil3qXDpcil7KW5IKW3pfOlsKXrIKW3pfOlsKXrIKW3pfOlsKXrpdmlw6XJKLT60v2yu7/JKSjpX5d51E/Ww59vwc8pIMvNwc+fb8HP,pdWl6aXzpbml2aXDpckg64qE06XZpcOlySul3qXDpcil7KW5IKW3pfOlsKXr,Cgo8YnI+PGJyPjxpbWcgc3JjPSJodHRwczovL2ltYWdlLnJha3V0ZW4uY28uanAvaS1vZmZpY2UxL2NhYmluZXQvdGFrZTExLzE2OV9rYWlrb25fZnJlZS5qcGciPjxicj48YnI+PHAgY2xhc3M9ImRlbGl2X2ZlZV9ob2t1Ij6xsbqjtcCk2KTOxeTLzaTPhGXNvsvNwc+krKSrpKuk6qTepLmhozxicj6xsbqjtcDLzcHPo7qhvrGxNaG/pb+lpKXXPC9wPgo8cCBzdHlsZT0iZm9udC1zaXplOiAxMnB4OyBjb2xvcjojQ0MwMDAwOyI+ofmVculn1ri2qKTPMbHjo6g5LTE0lXKjqaGiMrHjo6gxMi0xOJVyo6mhor1LyNWx46OoOS0xOJVyo6mkzqTfpMikyqTqpN6kuaGjPEJSPqH5tdjT8qTLpOikw6TGxeTLzaTO6tfI1aSsz962qKS1pOyk64j2us+k5KGilXLpZ9a4tqikrLPQpOykyqSkiPa6z6SspLSktqSkpN6kuaGjPEJSPqH5m1+/SaGi63iNdaTYpM6kqr3spLGkz7P2wLSk3qS7pPOhozxCUj48QlI+PC9wPjxwPjxpbWcgc3JjPSJodHRwczovL2ltYWdlLnJha3V0ZW4uY28uanAvaS1vZmZpY2UxL2NhYmluZXQvY2FtL2RpYmlraS5naWYiIGFsdD0itPq98NL9k1Gyu7/JyczGtyIgYm9yZGVyPSIwIiA+PC9wPgo8cCBzdHlsZT0iZm9udC1zaXplOiAxMnB4OyBjb2xvcjojQ0MwMDAwOyI+ofKxvsnMxrekzqSq1qeSQqSkt723qKTPoaKhuLT6vfDS/ZNRobmkzta4tqikrKTHpK2k3qS7pPOhowqlt6W5pcal4MnPoaKhuLT60v2yu7/JobnJzMa3pOKhuLT6vfDS/ZNRobmkzt94kmukrKTHpK2k3qS5pKyhogq0+r3w0v2TUaTHpM6bUZxnpKykx6StpN6ku6TzpM6kx6Gipa+l7KW4pcOlyKWrqWClyaTipLekr6TPoaIKx7CSQqSko6ils6XzpdOly5tRnGehouN50NDV8d56o6mkx6TOm1GcZ994kmuk8qSq7oqkpKSkpL+kt6TepLmhozxicj4KPEJSPqG+xeTLzdRP1sOfb8HPpbWpYKXTpbnW0KG/6V+XeT+9TcGi1E/Ww6SsvfGkwKSxn2/Bz6WtpeOl86XaqWCl89bQo6E8QlI+PC9wPjxGT05UIGNvbG9yPSNGRjAwMDAgc2l6ZT0iMiI+PC9GT05UPjxicj48YnI+ofbJzMa31WjD9zxicj4KpbCl6qXDpdek5KW1paSlyaXsqWCl66SsyKG4tr/JxNykyqGi64qE06Xqpa+l6aWkpcul86Wwobil16Xspaqlw6WvpbmhuaGhpLmkw6StpOqkyKS3pL+luaWvpailoqTKpdWlqaXrpeCkzqW5pb+l86XAqWClyaXVpeypYKXgpMekuaGjPGJyPqW1paSluqO6t/kxMDahwelMpLUyMDIuOKHBuN+ktTc1ocGl1aXDpcm43zQ1P7Syw+a43zIzPzMwLjVjbTxicj4KW6XVpeypYKXgXbuvu5Kw5aGi0rvM5dDNpbmlwalgpeuj0qPYpdWl7KlgpeCjqLSysOWyv6O6pe+lpKXkqWCl4aXDpbel5aOpPGJyPgpbpaul6algXaXAqWClr6WmpampYKXrpcqlw6XIClu2qLjxz/vZTeuKwaZdMTM1o9c8YnI+ClvM2I/VXaXJpaSlxNF1MqXiqWClv6lgo6ixs8nPpLI2NaHjP73Fyc+ksjM1oeO2wMGio6kKPGJyPqXVpeypYKXguN+ktTK2ztV7uZ2/ycTco6i9TcGilXKjqQo8YnI+pbWlpKXJpeypYKXryKG4tr/JxNw8YnI+PGJyPjxicj48YnI+CqXepcOlyKXspbmjulJYLUxYpd6lw6XIpeyluTxicj6ltaWkpbqjurf5OTehwelMpLUxMjK436S1MjBjbTxicj4KW6W5pdel6qXzpbBdsaHQzbjfw9y2yN9CPGJyPtei0uLKwu2XPGJyPjxicj4/yczGt7utz/Gkz8mrus+kpKTky9iyxLjQpKyMZ+tIpM7JzMa3pMiukKTKpOuI9rrPpKyktKS2pKSk3qS5oaM8YnI+PHN0eWxlIHR5cGU9InRleHQvY3NzIj4KQGNoYXJzZXQgInV0Zi04IjsKLyogQ1NTIERvY3VtZW50ICovCgo8L3N0eWxlPgoKCgo8YnI+PGJyPgo8aW1nIHNyYz0iaHR0cDovL2ltYWdlLnJha3V0ZW4uY28uanAvYmVzdDk5L2NhYmluZXQvMDM5NDIwODAvYmVkX21laW4uanBnIiB3aWR0aD0iODQwIiAvPgoKCgoKPC9odG1sPg==,pdWl6aXzpbml2aXDpckgpeqlr6XppaSly6XzpbCl2aXDpcmh7+uKhNOl2aXDpcmjq6XepcOlyKXspbmlu6XDpcggpdel7KWqpcOlr6W5UE8to8YxIDKl4qlgpb+pYKOrUlgtTFil3qXDpcil7KW5IKW3pfOlsKXrIKW3pfOlsKXrIKW3pfOlsKXrpdmlw6XJKLT60v2yu7/JKSjpX5d51E/Ww59vwc8pIMvNwc+fb8HPo7pCOTk=,pdWl6aXzpbml2aXDpckgpeqlr6XppaSly6XzpbCl2aXDpcmh7+uKhNOl2aXDpcmjq6XepcOlyKXspbmlu6XDpcggpdel7KWqpcOlr6W5UE8to8YxIDKl4qlgpb+pYKOrUlgtTFil3qXDpcil7KW5IKW3pfOlsKXrIKW3pfOlsKXrIKW3pfOlsKXrpdmlw6XJKLT60v2yu7/JKSjpX5d51E/Ww59vwc8pIMvNwc+fb8HP,pdWl6aXzpbml2aXDpckg64qE06XZpcOlySul3qXDpcil7KW5IKW3pfOlsKXroaOl1aXppfOluaXZpcOlySCl6qWvpemlpKXLpfOlsKXZpcOlyaHv64qE06XZpcOlyaOrpd6lw6XIpeyluaW7pcOlyCCl16Xspaqlw6WvpblQTy2jxjEgMqXiqWClv6lgo6tSWC1MWKXepcOlyKXspbkgpbel86Wwpesgpbel86Wwpesgpbel86Wwpeul2aXDpckotPrS/bK7v8kpKOlfl3nUT9bDn2/Bzykgy83Bz59vwc8=[rn]
40-32954,aHR0cDovL3RzaG9wLnIxMHMuanAvYmVzdDk5L2NhYmluZXQvb3NhNi8yOTYwMjI0LmpwZz9maXRpbj03MDA6NzAw,MTYyMTAzLjIwMDA=,,paSl86XGpeqloj/H3r7fP4WnvHsgPiCl2aXDpckgPiDrioTTP6Xqpa+l6aWkpcul86Wwpdmlw6XJ,pdWl6aXzpbml2aXDpckg64qE06XZpcOlySCl6qWvpemlpKXLpfOlsKXZpcOlySDEvtF1pbWlpKXJpeypYKXrpMqkt6W3pbmlxqXgpdWloaXrpckypeKpYKW/qWAgpdWl7KlgpeCkzqTfpbel86WwpeultaWkpbovpbel86Wwpeul2aXDpckvL2ZyYW5jZWJlZC9GMlQtMk0g64qE06Xqpa+l6aWkpcul86Wwpdmlw6XJIOuKhNOl2aXDpckgpdel7KW8pfOlyCDLzcHPn2/Bzw==,pdWl6aXzpbml2aXDpckgpbWlpKXJpeypYKXrpMqktyCl1aXsqWCl4KTOpN8gRjJULTJNIFM=,,pdWl6aXzpbml2aXDpckg64qE06XZpcOlySCl6qWvpemlpKXLpfOlsKXZpcOlySDEvtF1pbWlpKXJpeypYKXrpMqkt6W3pbmlxqXgpdWloaXrpckypeKpYKW/qWAgpdWl7KlgpeCkzqTfpbel86WwpeultaWkpbovpbel86Wwpeul2aXDpckvL2ZyYW5jZWJlZC9GMlQtMk0g64qE06Xqpa+l6aWkpcul86Wwpdmlw6XJIOuKhNOl2aXDpckgpdel7KW8pfOlyCDLzcHPn2/Bz6O6Qjk5,pdWl6aXzpbml2aXDpckg64qE06XZpcOlySCl6qWvpemlpKXLpfOlsKXZpcOlySDEvtF1pbWlpKXJpeypYKXrpMqkt6W3pbmlxqXgpdWloaXrpckypeKpYKW/qWAgpdWl7KlgpeCkzqTfpbel86WwpeultaWkpbovpbel86Wwpeul2aXDpckvL2ZyYW5jZWJlZC9GMlQtMk0g64qE06Xqpa+l6aWkpcul86Wwpdmlw6XJIOuKhNOl2aXDpckgpdel7KW8pfOlyCDLzcHPn2/Bzw==,pdWl6aXzpbml2aXDpckgpbWlpKXJpeypYKXrpMqktyCl1aXsqWCl4KTOpN8gRjJULTJNIFOho6XVpeml86W5pdmlw6XJIOuKhNOl2aXDpckgpeqlr6XppaSly6XzpbCl2aXDpckgxL7RdaW1paSlyaXsqWCl66TKpLelt6W5pcal4KXVpaGl66XJMqXiqWClv6lgIKXVpeypYKXgpM6k36W3pfOlsKXrpbWlpKW6L6W3pfOlsKXrpdmlw6XJLy9mcmFuY2ViZWQvRjJULTJNIOuKhNOl6qWvpemlpKXLpfOlsKXZpcOlySDrioTTpdmlw6XJIKXXpeylvKXzpcggy83Bz59vwc8=[rn]
40-32955,aHR0cDovL3RzaG9wLnIxMHMuanAvYmVzdDk5L2NhYmluZXQvdGsxNC8yOTg5MTQ3LmpwZz9maXRpbj03MDA6NzAw,MTk0NDAwLjAwMDA=,,paSl86XGpeqloj/H3r7fP4WnvHsgPiCl2aXDpckgPiDrioTTP6Xqpa+l6aWkpcul86Wwpdmlw6XJ,pdWl6aXzpbml2aXDpckg64qE06XZpcOlyShHUi0wNEMgMqXiqWClv6lgpdWl7KlgpeAgpe+lpKXkpeyluSCl1aXsqWCl4KTOpN8gpbul36XApdal6yCxs8nPpLKkyL3Fyc+ksqSshGWE09f3IKXvpaSl5KXspbml6qXipbOl8yDrioTTpeqlr6XppaSly6XzpbCl2aXDpckgxe+4tqStINXVw/e4tqStIIxtuLakraXZpcOlySCls6Xzpbul86XIMb/aINXVw/e4tiC9xbi2pK2l2aXDpckgZnJhbmNlYmVkIDLE6rGj1F64tg==,64qE06XZpcOlyShHUi0wNEMgMqXiqWClv6lgpdWl7KlgpeAgpe+lpKXkpeyluSCl1aXsqWCl4KTOpN8=,Cgo8aW1nIHNyYz0iaHR0cHM6Ly9pbWFnZS5yYWt1dGVuLmNvLmpwL2Jlc3Q5OS9jYWJpbmV0L3RrMTQvMjk4OTE0Ny5qcGciPjxicj4KPGltZyBzcmM9Imh0dHBzOi8vaW1hZ2UucmFrdXRlbi5jby5qcC9iZXN0OTkvY2FiaW5ldC90azE0L2ZyYW5jZWJlZF9raWtha3UuanBnIj48YnI+CjxpbWcgc3JjPSJodHRwczovL2ltYWdlLnJha3V0ZW4uY28uanAvYmVzdDk5L2NhYmluZXQvdGsxNC9ncjA0Y19oLmpwZyI+PGJyPjxicj4KPGltZyBzcmM9Imh0dHBzOi8vaW1hZ2UucmFrdXRlbi5jby5qcC9iZXN0OTkvY2FiaW5ldC90azE0L2dyLWRfMDEuanBnIj48YnI+PGJyPgo8aW1nIHNyYz0iaHR0cHM6Ly9pbWFnZS5yYWt1dGVuLmNvLmpwL2Jlc3Q5OS9jYWJpbmV0L3RrMTQvZ3ItZF8wNC5qcGciPjxicj4KPGltZyBzcmM9Imh0dHBzOi8vaW1hZ2UucmFrdXRlbi5jby5qcC9iZXN0OTkvY2FiaW5ldC90azE0L2dyLWRfMDUuanBnIj48YnI+PGJyPgoKCjxpbWcgc3JjPSJodHRwczovL2ltYWdlLnJha3V0ZW4uY28uanAvYmVzdDk5L2NhYmluZXQvdGsxNC8yeWVhcl9oLmpwZyI+PGJyPjxicj4KPGltZyBzcmM9Imh0dHBzOi8vaW1hZ2UucmFrdXRlbi5jby5qcC9iZXN0OTkvY2FiaW5ldC90azE0LzI5ODkxNDdfMS5qcGciIGJvcmRlcj0wIj48YnI+CjxpbWcgc3JjPSJodHRwczovL2ltYWdlLnJha3V0ZW4uY28uanAvYmVzdDk5L2NhYmluZXQvdGsxNC9ncjA0X2xpbmsuanBnIiBib3JkZXI9MCIgdXNlbWFwPSIjZ3IwMV9saW5rIj4KPG1hcCBuYW1lPSJncjAxX2xpbmsiPgogIDxhcmVhIHNoYXBlPSJyZWN0IiBjb29yZHM9IjQwNiwzMzIsNTIyLDM2OCIgaHJlZj0iaHR0cHM6Ly9pdGVtLnJha3V0ZW4uY28uanAvYmVzdDk5LzI5ODkxNDcvIj4KICA8YXJlYSBzaGFwZT0icmVjdCIgY29vcmRzPSI1NDMsMzMyLDY1OSwzNjgiIGhyZWY9Imh0dHBzOi8vaXRlbS5yYWt1dGVuLmNvLmpwL2Jlc3Q5OS8yOTg5MTUzLyI+CiAgPGFyZWEgc2hhcGU9InJlY3QiIGNvb3Jkcz0iNTQyLDI4MSw2NTgsMzE3IiBocmVmPSJodHRwczovL2l0ZW0ucmFrdXRlbi5jby5qcC9iZXN0OTkvMjk4OTE1Mi8iPgogIDxhcmVhIHNoYXBlPSJyZWN0IiBjb29yZHM9IjQwNSwyODEsNTIxLDMxNyIgaHJlZj0iaHR0cHM6Ly9pdGVtLnJha3V0ZW4uY28uanAvYmVzdDk5LzI5ODkxNDYvIj4KICA8YXJlYSBzaGFwZT0icmVjdCIgY29vcmRzPSI0MDYsMjMwLDUyMiwyNjYiIGhyZWY9Imh0dHBzOi8vaXRlbS5yYWt1dGVuLmNvLmpwL2Jlc3Q5OS8yOTg5MTQ1LyI+CiAgPGFyZWEgc2hhcGU9InJlY3QiIGNvb3Jkcz0iNTQzLDIzMCw2NTksMjY2IiBocmVmPSJodHRwczovL2l0ZW0ucmFrdXRlbi5jby5qcC9iZXN0OTkvMjk4OTE1MS8iPgogIDxhcmVhIHNoYXBlPSJyZWN0IiBjb29yZHM9IjU0MywxNzgsNjU5LDIxNCIgaHJlZj0iaHR0cHM6Ly9pdGVtLnJha3V0ZW4uY28uanAvYmVzdDk5LzI5ODkxNTAvIj4KICA8YXJlYSBzaGFwZT0icmVjdCIgY29vcmRzPSI0MDYsMTc4LDUyMiwyMTQiIGhyZWY9Imh0dHBzOi8vaXRlbS5yYWt1dGVuLmNvLmpwL2Jlc3Q5OS8yOTg5MTQ0LyI+CiAgPGFyZWEgc2hhcGU9InJlY3QiIGNvb3Jkcz0iNDA2LDEyOSw1MjIsMTY1IiBocmVmPSJodHRwczovL2l0ZW0ucmFrdXRlbi5jby5qcC9iZXN0OTkvMjk4OTE0My8iPgogIDxhcmVhIHNoYXBlPSJyZWN0IiBjb29yZHM9IjU0MywxMjksNjU5LDE2NSIgaHJlZj0iaHR0cHM6Ly9pdGVtLnJha3V0ZW4uY28uanAvYmVzdDk5LzI5ODkxNDkvIj4KPGFyZWEgc2hhcGU9InJlY3QiIGNvb3Jkcz0iNTQyLDc5LDY1OCwxMTUiIGhyZWY9Imh0dHBzOi8vaXRlbS5yYWt1dGVuLmNvLmpwL2Jlc3Q5OS8yOTg5MTQ4LyI+PGFyZWEgc2hhcGU9InJlY3QiIGNvb3Jkcz0iNDA1LDc5LDUyMSwxMTUiIGhyZWY9Imh0dHBzOi8vaXRlbS5yYWt1dGVuLmNvLmpwL2Jlc3Q5OS8yOTg5MTQyLyI+CjwvbWFwPgo8YnI+PGJyPjxicj4KPGltZyBzcmM9Imh0dHBzOi8vaW1hZ2UucmFrdXRlbi5jby5qcC9iZXN0OTkvY2FiaW5ldC90azE0L2dyYW5keV9oZWFkYm9hcmQuanBnIiBib3JkZXI9MCIgdXNlbWFwPSIjZ3JhbmR5X2hlYWRib2FyZCI+CjxtYXAgbmFtZT0iZ3JhbmR5X2hlYWRib2FyZCI+CiAgPGFyZWEgc2hhcGU9InJlY3QiIGNvb3Jkcz0iNDcsMzUyLDMxMyw0NjAiIGhyZWY9Imh0dHBzOi8vaXRlbS5yYWt1dGVuLmNvLmpwL2Jlc3Q5OS8yOTg5MTMwLyI+CiAgPGFyZWEgc2hhcGU9InJlY3QiIGNvb3Jkcz0iMzYzLDM1NCw2MjksNDYyIiBocmVmPSJodHRwczovL2l0ZW0ucmFrdXRlbi5jby5qcC9iZXN0OTkvMjk4OTE0Mi8iPgogIDxhcmVhIHNoYXBlPSJyZWN0IiBjb29yZHM9IjM1OCwxNTcsNjI0LDI2NSIgaHJlZj0iaHR0cHM6Ly9pdGVtLnJha3V0ZW4uY28uanAvYmVzdDk5LzI5ODkxMTgvIj4KPGFyZWEgc2hhcGU9InJlY3QiIGNvb3Jkcz0iNDYsMTU2LDMxMiwyNjQiIGhyZWY9Imh0dHBzOi8vaXRlbS5yYWt1dGVuLmNvLmpwL2Jlc3Q5OS8yOTg5MTA2LyI+CjwvbWFwPgo8YnI+Cgo8aW1nIHNyYz0iaHR0cHM6Ly9pbWFnZS5yYWt1dGVuLmNvLmpwL2Jlc3Q5OS9jYWJpbmV0L3RrMTQvZ3IwMV9saW5rXzIuanBnIiB1c2VtYXA9IiNncjAxX2xpbmtfMiI+CjxtYXAgbmFtZT0iZ3IwMV9saW5rXzIiIGlkPSJncjAxX2xpbmtfMiI+CiAgPGFyZWEgc2hhcGU9InJlY3QiIGNvb3Jkcz0iMCwxMSw2NjksMTY4IiBocmVmPSJodHRwczovL2l0ZW0ucmFrdXRlbi5jby5qcC9iZXN0OTkvMjkwMDMwMC8iIC8+CiAgPGFyZWEgc2hhcGU9InJlY3QiIGNvb3Jkcz0iMzQwLDI0Myw2NjksMzg5IiBocmVmPSJodHRwczovL2l0ZW0ucmFrdXRlbi5jby5qcC9iZXN0OTkvMjk4OTEwMi8iIC8+CjxhcmVhIHNoYXBlPSJyZWN0IiBjb29yZHM9Ii0xLDI0MywzMjgsMzg5IiBocmVmPSJodHRwczovL2l0ZW0ucmFrdXRlbi5jby5qcC9iZXN0OTkvMjk2MDI1OS8iIC8+PGFyZWEgc2hhcGU9InJlY3QiIGNvb3Jkcz0iLTMsNDAzLDY2OSw1NDkiIGhyZWY9Imh0dHBzOi8vaXRlbS5yYWt1dGVuLmNvLmpwL2Jlc3Q5OS8yOTg5MTA0LyIgLz4KPC9tYXA+CjxCUj4KPGltZyBzcmM9Imh0dHBzOi8vaW1hZ2UucmFrdXRlbi5jby5qcC9iZXN0OTkvY2FiaW5ldC9oMy8yOTEwMjExYTMxLmpwZyIgLz48YnI+CjxhIGhyZWY9Imh0dHBzOi8vaXRlbS5yYWt1dGVuLmNvLmpwL2Jlc3Q5OS8yOTA3MTAxLyI+PGltZyBzcmM9Imh0dHBzOi8vaW1hZ2UucmFrdXRlbi5jby5qcC9iZXN0OTkvY2FiaW5ldC9oMy8yOTEwMjExYTMyLmpwZyI+PC9hPjxhIGhyZWY9Imh0dHBzOi8vaXRlbS5yYWt1dGVuLmNvLmpwL2Jlc3Q5OS8yOTA3MjAxLyI+PGltZyBzcmM9Imh0dHBzOi8vaW1hZ2UucmFrdXRlbi5jby5qcC9iZXN0OTkvY2FiaW5ldC9oMy8yOTEwMjExYTMzLmpwZyI+PC9hPjx0YWJsZSB3aWR0aD0iMTAwJSIgYm9yZGVyPSIwIiBjZWxsc3BhY2luZz0iMSIgY2VsbHBhZGRpbmc9IjgiIGNsYXNzPSJpX2luZm8iPgo8dHI+Cjx0ZCBjb2xzcGFuPSIyIiBjbGFzcz0iaV9pbmZvX3QiPgo8Yj48Zm9udCBjb2xvcj0iIzMzMzMzMyI+paSl86XVpaml4algpbel56XzP9ei0uLKwu2XPC9mb250PjwvYj4KPC90ZD4KPC90cj4KPHRyPgo8dGg+y83Bz6TLpMSkpKTGPC90aD4KPHRkIGNsYXNzPSJpYXR0bnNvcnlvIiBiZ2NvbG9yPSIjRkZGRkZGIj48cD48cCBjbGFzcz0iZGVsaXZfZmVlX2hva3UiPrGxuqO1wKTYpM7F5MvNpM+EZc2+y83Bz6SspKukq6TqpN6kuaGjPGJyPrGxuqO1wMvNwc+juqG+sbE1ob+lv6Wkpdc8L3A+PC9wPiA8L3RkPgo8L3RyPgo8dHI+Cjx0aD6bUZxnt723qKTLpMSkpKTGPC90aD4KPHRkIGJnY29sb3I9IiNGRkZGRkYiIGNsYXNzPSJpYXR0bnBleSI+zaizo5tRnGc8YnI+PHA+o6ikqtlJpKTO76WspaSlyaG4pKrWp5JCpKS3vbeopMukxKSkpMahuaTypLS0X9VKpK+kwKS1pKSho6OpPC9wPjwvdGQ+IDwvdHI+PHRyPgo8dGg+xeQgy808L3RoPgo8dGQgY2xhc3M9ImlhdHRuZGVsaSIgYmdjb2xvcj0iI0ZGRkZGRiI+ofnK3NeiyfquYsa3pMikyqTqpN6kuaGjpKq97KSxpN6kx6TLvHMy30zpZ7PM7ZSkpKTGpKqk6qTepLmhozxCUj4KofnK3NeiyfquYsa3pM6e6aGipLTXos7E4eGkzqWtpeOl86W7peukz6SqytyksaTHpK2k3qS7pPOhozxCUj48YnI+ofmbX79JP+t4jXU/0ruyv99ouPS12KTYpM6kqr3spLGkz7P2wLSk3qS7pPOhozxCUj48YnI+ofmVculn1ri2qKTPMbHjo6g5LTE0lXKjqaGiMrHjo6gxMi0xOJVyo6mhor1LyNWx46OoOS0xOJVyo6mkzqTfpMikyqTqpN6kuaGjPEJSPgo/tdjT8qTLpOikw6TGxeTLzaTO6tfI1aSsz962qKS1pOyk64j2us+k5KGilXLpZ9a4tqikrLPQpOykyqSkiPa6z6SspLSktqSkpN6kuaGjPEJSPjxicj48L3RkPiA8L3RyPiAKPC90YWJsZT4KPHRhYmxlIHdpZHRoPSIxMDAlIiBib3JkZXI9IjAiIGNlbGxzcGFjaW5nPSIxIiBjZWxscGFkZGluZz0iOCIgY2xhc3M9Imlfa2FucmVuIj4KPHRyPjx0ZCBjb2xzcGFuPSIyIiBiZ2NvbG9yPSIjRjNGM0YzIj4gPGI+PGZvbnQgY29sb3I9IiMzMzMzMzMiPul230LJzMa3PC9mb250PjwvYj4gPC90ZD48L3RyPgo8dHI+PHRoPqW3peqpYKW60rvTRTwvdGg+Cjx0ZCBjbGFzcz0iaXZhbCIgYmdjb2xvcj0iI0ZGRkZGRiI+64qE06XZpcOlyShHUi0wNEMpIDFNpdWl7KlgpeAgpdWl7KlgpeCkzqTfIKW3pfOlsKXrIDxCUj48QlI+CuuKhNOl2aXDpckoR1ItMDRDKSAxTaXVpeypYKXgIKXVpeypYKXgpM6k3yClu6XfpcCl1qXrIDxCUj48QlI+CuuKhNOl2aXDpckoR1ItMDRDKSAyTaXVpeypYKXgIKXVpeypYKXgpM6k3yClt6XzpbCl6yA8QlI+PEJSPgrrioTTpdmlw6XJKEdSLTA0QykgMk2l1aXsqWCl4CCl1aXsqWCl4KTOpN8gpbul36XApdal6yA8QlI+PEJSPgrrioTTpdmlw6XJKEdSLTA0QykgMk2l1aXsqWCl4CCl76WkpeSl7KW5IKXVpeypYKXgpM6k3yClt6XzpbCl6yA8QlI+PEJSPgrrioTTpdmlw6XJKEdSLTA0QykgMk2l1aXsqWCl4CCl76WkpeSl7KW5IKXVpeypYKXgpM6k3yClu6XfpcCl1qXrIDxCUj48QlI+CuuKhNOl2aXDpckoR1ItMDRDKSAxTaXVpeypYKXgIKXepcOlyLi2IKW3pfOlsKXrIDxCUj48QlI+CuuKhNOl2aXDpckoR1ItMDRDKSAxTaXVpeypYKXgIKXepcOlyLi2IKW7pd+lwKXWpesgPEJSPjxCUj4K64qE06XZpcOlyShHUi0wNEMpIDJNpdWl7KlgpeAgpd6lw6XIuLYgpbel86WwpesgPEJSPjxCUj4K64qE06XZpcOlyShHUi0wNEMpIDJNpdWl7KlgpeAgpd6lw6XIuLYgpbul36XApdal6yA8QlI+PEJSPgrrioTTpdmlw6XJKEdSLTA0QykgMk2l1aXsqWCl4CCl76WkpeSl7KW5IKXepcOlyLi2IKW3pfOlsKXrIDxCUj48QlI+CuuKhNOl2aXDpckoR1ItMDRDKSAyTaXVpeypYKXgIKXvpaSl5KXspbkgpd6lw6XIuLYgpbul36XApdal6yA8QlI+PEJSPjwvdGQ+CjwvdHI+CjwvdGFibGU+Cjx0YWJsZSB3aWR0aD0iMTAwJSIgYm9yZGVyPSIwIiBjZWxsc3BhY2luZz0iMSIgY2VsbHBhZGRpbmc9IjgiIGNsYXNzPSJpX3NwZWMiPjx0cj48dGQgY29sc3Bhbj0iMiIgYmdjb2xvcj0iI0YzRjNGMyI+CjxiPjxmb250IGNvbG9yPSIjMzMzMzMzIj7UlLyaP6W5pdqlw6WvPC9mb250PjwvYj48L3RkPjwvdHI+Cjx0cj4KPHRoPsnMxrfVaMP3PC90aD4KPHRkIGNsYXNzPSJpZXhwbGFuYXRpb24iIGJnY29sb3I9IiNGRkZGRkYiPrHjwPukyjG/2qWzpfOlu6XzpcijpoOepLekpLXGpM5MRUTV1cP3pKykxKSkpL+l2KXDpcml3Klgpcmhozxicj6wwtDQpK04Y22kztChxe+krLi2pKSkxqSkpOukzqTHxL/SmaTepLeVctOLpOTQr46hpKzWw6SxpMax48D7oaOkuaTDpK2k6qS3pL+DnqS3pKTEvsS/pKzDwKS3pKShou+WpK2kuqTL6Uykr8q5pKik66XZpcOlyaTHpLmhozxicj7rioTTpdmlw6XJpMukz9KKpKikyqSkpbel86XXpeukyqXHpbalpKXzpM6lsKXppfOlx6Wjpdmlw6XJpbel6qlgpbqho6XZpcOlyaTYpM7G8KStyc+krKTqpOSBXKTqvbWk6qTy0WHW+qS3pMakr6TspN6kuaGjpdylv6XzpKzKuaSkpOSkuaSkpeql4qWzpfOkx7LZ1/ek4rqGhWekx6S5oaM8YnI+MqXiqWClv6lgKKXvpaSl5KXspbml6qXipbOl8ymlv6Wkpdekz6GisbPJz6SypMi9xcnPpLKkrIRlhNPX96THv8mE06S3pN6kuaGjCqXvpaSl5KXspbml6qXipbOl86THCrLZ1/ekrLqGhWejoTxicj48L3RkPgo8L3RyPgo8dHI+Cjx0aD6ltaWkpboovHMpPC90aD4KPHRkIGNsYXNzPSJpc2l6ZSIgYmdjb2xvcj0iI0ZGRkZGRiI+pdmlw6XJsb7M5aO6t/kxMjOhwbDC0NAyMDcuOaHBuN84N2NtKLSyw+a436O6MjZjbSk8YnI+xe+wwtDQOGNtPGJyPjwvdGQ+CjwvdHI+Cjx0cj4KPHRoPrLEINl8PC90aD4KPHRkIGNsYXNzPSJpbWF0ZXJpYWwiIGJnY29sb3I9IiNGRkZGRkYiPqXXpeql86XIu6+7krDlKKXYpcOlyaXcqWClyaTOpN+lqKXzpdylubzTuaQpPGJyPrSysOU/sryPiKTqPGJyPjwvdGQ+CjwvdHI+Cjx0cj4KPHRoPr1NwaI8L3RoPgo8dGQgY2xhc3M9ImlrdW1pdGF0ZSIgYmdjb2xvcj0iI0ZGRkZGRiI+pKq/zZiUvU3Boii088jLMsP7o7q8czMwt9YpPGJyPjwvdGQ+CjwvdHI+Cjx0cj4KPHRoPsn6rmK5+jwvdGg+Cjx0ZCBjbGFzcz0iaWNvdW50cnkiIGJnY29sb3I9IiNGRkZGRkYiPsjVsb48YnI+PC90ZD4KPC90cj4KPHRyPgo8dGg+pL2kzsv7P9ei0uLKwu2XPC90aD4KPHRkIGNsYXNzPSJpYXR0bnR4dCIgYmdjb2xvcj0iI0ZGRkZGRiI+MqXiqWClv6lgKKXvpaSl5KXspbkpo7qxs8nPpLI/vcXJz6SyoaGEZYTT1/ekuaTrpb+lpKXXKKXvpaSl5KXspbml6qXipbOl87i2KTxicj4KTEVE1dXD97i2oaIxv9qls6Xzpbul86XIuLYoMTIwMFcpPGJyPjwvdGQ+CjwvdHI+CjwvdGFibGU+PGJyIHN0eWxlPSJjbGVhcjpib3RoIiAvPg==,pdWl6aXzpbml2aXDpckg64qE06XZpcOlyShHUi0wNEMgMqXiqWClv6lgpdWl7KlgpeAgpe+lpKXkpeyluSCl1aXsqWCl4KTOpN8gpbul36XApdal6yCxs8nPpLKkyL3Fyc+ksqSshGWE09f3IKXvpaSl5KXspbml6qXipbOl8yDrioTTpeqlr6XppaSly6XzpbCl2aXDpckgxe+4tqStINXVw/e4tqStIIxtuLakraXZpcOlySCls6Xzpbul86XIMb/aINXVw/e4tiC9xbi2pK2l2aXDpckgZnJhbmNlYmVkIDLE6rGj1F64tqO6Qjk5,pdWl6aXzpbml2aXDpckg64qE06XZpcOlyShHUi0wNEMgMqXiqWClv6lgpdWl7KlgpeAgpe+lpKXkpeyluSCl1aXsqWCl4KTOpN8gpbul36XApdal6yCxs8nPpLKkyL3Fyc+ksqSshGWE09f3IKXvpaSl5KXspbml6qXipbOl8yDrioTTpeqlr6XppaSly6XzpbCl2aXDpckgxe+4tqStINXVw/e4tqStIIxtuLakraXZpcOlySCls6Xzpbul86XIMb/aINXVw/e4tiC9xbi2pK2l2aXDpckgZnJhbmNlYmVkIDLE6rGj1F64tg==,64qE06XZpcOlyShHUi0wNEMgMqXiqWClv6lgpdWl7KlgpeAgpe+lpKXkpeyluSCl1aXsqWCl4KTOpN8goaOl1aXppfOluaXZpcOlySDrioTTpdmlw6XJKEdSLTA0QyAypeKpYKW/qWCl1aXsqWCl4CCl76WkpeSl7KW5IKXVpeypYKXgpM6k3yClu6XfpcCl1qXrILGzyc+ksqTIvcXJz6SypKyEZYTT1/cgpe+lpKXkpeyluaXqpeKls6XzIOuKhNOl6qWvpemlpKXLpfOlsKXZpcOlySDF77i2pK0g1dXD97i2pK0gjG24tqStpdmlw6XJIKWzpfOlu6Xzpcgxv9og1dXD97i2IL3FuLakraXZpcOlySBmcmFuY2ViZWQgMsTqsaPUXri2[rn]
40-32956,aHR0cDovL3RzaG9wLnIxMHMuanAvYmVzdDk5L2NhYmluZXQvaDYvMjkwMTc2MS5qcGc/Zml0aW49NzAwOjcwMA==,MTY0MTYwLjAwMDA=,,paSl86XGpeqloj/H3r7fP4WnvHsgPiCl2aXDpckgPiDrioTTP6Xqpa+l6aWkpcul86Wwpdmlw6XJ,pdWl6aXzpbml2aXDpckgpeqlr6XppaSly6XzpbCl2aXDpcmh7+uKhNOl2aXDpcmjq6XepcOlyKXspbmlu6XDpcggpdel7KWqpcOlr6W5UE8to8YzIDGl4qlgpb+pYKOrUlgtTFil3qXDpcil7KW5IKW3pfOlsKXrIKW3pfOlsKXrIKW3pfOlsKXrpdmlw6XJIKXtqWAotPrS/bK7v8kpKOlfl3nUT9bDn2/Bzykgy83Bz59vwc8=,pdWl6aXzpbml2aXDpckg64qE06XZpcOlySul3qXDpcil7KW5IKXXpeylqqXDpa+luSClt6XzpbCl6w==,Cgo8YnI+PGJyPjxpbWcgc3JjPSJodHRwczovL2ltYWdlLnJha3V0ZW4uY28uanAvaS1vZmZpY2UxL2NhYmluZXQvdGFrZTExLzE2OV9rYWlrb25fZnJlZS5qcGciPjxicj48YnI+PHAgY2xhc3M9ImRlbGl2X2ZlZV9ob2t1Ij6xsbqjtcCk2KTOxeTLzaTPhGXNvsvNwc+krKSrpKuk6qTepLmhozxicj6xsbqjtcDLzcHPo7qhvrGxNaG/pb+lpKXXPC9wPgo8cCBzdHlsZT0iZm9udC1zaXplOiAxMnB4OyBjb2xvcjojQ0MwMDAwOyI+ofmVculn1ri2qKTPMbHjo6g5LTE0lXKjqaGiMrHjo6gxMi0xOJVyo6mhor1LyNWx46OoOS0xOJVyo6mkzqTfpMikyqTqpN6kuaGjPEJSPqH5tdjT8qTLpOikw6TGxeTLzaTO6tfI1aSsz962qKS1pOyk64j2us+k5KGilXLpZ9a4tqikrLPQpOykyqSkiPa6z6SspLSktqSkpN6kuaGjPEJSPqH5m1+/SaGi63iNdaTYpM6kqr3spLGkz7P2wLSk3qS7pPOhozxCUj48QlI+PC9wPjxwPjxpbWcgc3JjPSJodHRwczovL2ltYWdlLnJha3V0ZW4uY28uanAvaS1vZmZpY2UxL2NhYmluZXQvY2FtL2RpYmlraS5naWYiIGFsdD0itPq98NL9k1Gyu7/JyczGtyIgYm9yZGVyPSIwIiA+PC9wPgo8cCBzdHlsZT0iZm9udC1zaXplOiAxMnB4OyBjb2xvcjojQ0MwMDAwOyI+ofKxvsnMxrekzqSq1qeSQqSkt723qKTPoaKhuLT6vfDS/ZNRobmkzta4tqikrKTHpK2k3qS7pPOhowqlt6W5pcal4MnPoaKhuLT60v2yu7/JobnJzMa3pOKhuLT6vfDS/ZNRobmkzt94kmukrKTHpK2k3qS5pKyhogq0+r3w0v2TUaTHpM6bUZxnpKykx6StpN6ku6TzpM6kx6Gipa+l7KW4pcOlyKWrqWClyaTipLekr6TPoaIKx7CSQqSko6ils6XzpdOly5tRnGehouN50NDV8d56o6mkx6TOm1GcZ994kmuk8qSq7oqkpKSkpL+kt6TepLmhozxicj4KPEJSPqG+xeTLzdRP1sOfb8HPpbWpYKXTpbnW0KG/6V+XeT+9TcGi1E/Ww6SsvfGkwKSxn2/Bz6WtpeOl86XaqWCl89bQo6E8QlI+PC9wPjxGT05UIGNvbG9yPSNGRjAwMDAgc2l6ZT0iMiI+PC9GT05UPjxicj48YnI+ofbJzMa31WjD9zxicj4KpbCl6qXDpdek5KW1paSlyaXsqWCl66SsyKG4tr/JxNykyqGi64qE06Xqpa+l6aWkpcul86Wwobil16Xspaqlw6WvpbmhuaGhpc+lpKXVpcOlyKTy33ik2aTQoaKlt6XLpaKkzre9pM7KudPDpMuk4rCy0MQ/sLLIq6GjPGJyPqW1paSluqO6t/kxMDYuMqHB6UyktTIwMy4yocG436S1ODKhwaXVpcOlybjfNDU/tLLD5rjfMjM/MzAuNWNtPGJyPgpbpdWl7KlgpeBdu6+7krDloaLSu8zl0M2luaXBqWCl66PSo9il1aXsqWCl4KOotLKw5bK/o7ql76WkpeSpYKXhpcOlt6Xlo6k8YnI+Clulq6XpqWBdpcCpYKWvpaalqalgpeulyqXDpcihoqXaqWCl66WqqWClrzxicj4KW7aouPHP+9lN64rBpl0xMTCj1zxicj4KW8zYj9VdpcmlpKXE0XUxpeKpYKW/qWCjqLGzyc+ksjY1oeM/vcXJz6SyMzCh499ChNOjqQo8YnI+pdWl7KlgpeC436S1MrbO1Xu5nb/JxNyjqL1NwaKVcqOpCjxicj6ltaWkpcml7KlgpevIobi2v8nE3Ao8YnI+paKpYKXgyr2jzKPFo8TVaZX4tcbIobi2v8nE3Aql3qXDpcil7KW5o7pSWC1MWKXepcOlyKXspbk8YnI+pbWlpKW6o7q3+Tk3ocHpTKS1MTIyuN+ktTIwY208YnI+CluluaXXpeql86WwXbGh0M2438PctsjfQjxicj7XotLiysLtlzxicj48YnI+P8nMxre7rc/xpM/Jq7rPpKSk5MvYssS40KSsjGfrSKTOyczGt6TIrpCkyqTriPa6z6SspLSktqSkpN6kuaGjPGJyPjxzdHlsZSB0eXBlPSJ0ZXh0L2NzcyI+CkBjaGFyc2V0ICJ1dGYtOCI7Ci8qIENTUyBEb2N1bWVudCAqLwoKPC9zdHlsZT4KCgoKPGJyPjxicj4KPGltZyBzcmM9Imh0dHA6Ly9pbWFnZS5yYWt1dGVuLmNvLmpwL2Jlc3Q5OS9jYWJpbmV0LzAzOTQyMDgwL2JlZF9tZWluLmpwZyIgd2lkdGg9Ijg0MCIgLz4KCgoKCjwvaHRtbD4=,pdWl6aXzpbml2aXDpckgpeqlr6XppaSly6XzpbCl2aXDpcmh7+uKhNOl2aXDpcmjq6XepcOlyKXspbmlu6XDpcggpdel7KWqpcOlr6W5UE8to8YzIDGl4qlgpb+pYKOrUlgtTFil3qXDpcil7KW5IKW3pfOlsKXrIKW3pfOlsKXrIKW3pfOlsKXrpdmlw6XJIKXtqWAotPrS/bK7v8kpKOlfl3nUT9bDn2/Bzykgy83Bz59vwc+jukI5OQ==,pdWl6aXzpbml2aXDpckgpeqlr6XppaSly6XzpbCl2aXDpcmh7+uKhNOl2aXDpcmjq6XepcOlyKXspbmlu6XDpcggpdel7KWqpcOlr6W5UE8to8YzIDGl4qlgpb+pYKOrUlgtTFil3qXDpcil7KW5IKW3pfOlsKXrIKW3pfOlsKXrIKW3pfOlsKXrpdmlw6XJIKXtqWAotPrS/bK7v8kpKOlfl3nUT9bDn2/Bzykgy83Bz59vwc8=,pdWl6aXzpbml2aXDpckg64qE06XZpcOlySul3qXDpcil7KW5IKXXpeylqqXDpa+luSClt6XzpbCl66GjpdWl6aXzpbml2aXDpckgpeqlr6XppaSly6XzpbCl2aXDpcmh7+uKhNOl2aXDpcmjq6XepcOlyKXspbmlu6XDpcggpdel7KWqpcOlr6W5UE8to8YzIDGl4qlgpb+pYKOrUlgtTFil3qXDpcil7KW5IKW3pfOlsKXrIKW3pfOlsKXrIKW3pfOlsKXrpdmlw6XJIKXtqWAotPrS/bK7v8kpKOlfl3nUT9bDn2/Bzykgy83Bz59vwc8=[rn]
40-32957,aHR0cDovL3RzaG9wLnIxMHMuanAvYmVzdDk5L2NhYmluZXQvYW5uZWwvNTgwNjAwNy5qcGc/Zml0aW49NzAwOjcwMA==,MTMxNjU2LjAwMDA=,,paSl86XGpeqloj/H3r7fP4WnvHsgPiCl2aXDpckgPiDrioTTP6Xqpa+l6aWkpcul86Wwpdmlw6XJ,ob7LzcHPn2/Bz6G/64qE06Xqpa+l6aWkpcul86Wwpdmlw6XJIKXsqWCl2aXzQ1REWCAyTU+jqKXGpbml6ri2o6kgpeqltaWkpa+l66Wmpeylv6Xzpd6lw6XIpeylubi2pK0g64qE06XZpcOlySCl6qWvpemlpKXLpfOlsKXZpcOlyCC96ddvpdmlw6XJIInTpOy97g==,64qE06Xqpa+l6aWkpcul86Wwpdmlw6XJoaOl6qW1paSlr6Xrpaal7KW/pfOl3qXDpcil7KW5uLY=,oaFDVERYpb+lpKXXpM+l2KXDpcml3Klgpcmky7HjwPukyjK/2qWzpfOlu6Xzpci4tqGjPGJyPgqlxqWjpcOlt6XlpbGpYKW5pKzI66Trpbml2qlgpbmkyKGipdmlw6XJpbWlpKXJpMuk4oWnvHuluaXaqWCluaSspKKk6qTepLmhozxicj4KofHN4rTnt6ijurf5MTEyocHpTKS1MjE4LjWhwbjfpLU4NWNtPGJyPgqh8bSyw+a057eoo7rX+cPmM7bO60HVe9X7v8mjqDM4LjUvMzMuNS8yOC41o+Oj7aOpPGJyPgqh8cS+sr/Ky5iUo7qlv6Xils3Ev827sOWlpqXspb+l84lU17A8YnI+CqHx8WyE07e9yr2jujKl4qlgpb+pYDxicj4KofHrioTTsb7M5crLmJSjuqW5pcGpYKXrt9v37IlU17DKy8nPPGJyPgqh8dfutPO9x7bIo7qxszcwtsgg1+MzM7bIPGJyPgqh8czh0K/P+9lN64rBpqO6peKpYKW/qWA1MFc8YnI+CqHx1tjBv6O6ODaj66PnPGJyPgqh8baouPHriohSo7pBQzEwMFajqDYwSHopPGJyPgqh9qXepcOlyKXspbk8YnI+CqHxssTZfC/J+rXYo7qluKXjpaypYKXJyfq12Dxicj4Kpa+lw6W3peel87LEo7ql6qW1paSlr6Xrpaal7KW/pfM8YnI+CqHxtOe3qKO6t/k5N6HB6UyktTE5OaHBuN+ktThjbTxicj4KofBHVS03MKWopbM8YnI+Ctyb2XylpqXspb+l86XVpampYKXgpPK327NapLehorvsus+hoqXXpeylubPJ0M2kt6S/pa+lw6W3peel87LEpMekuaGjiFK/c6S3pMakoqTrpM6kx82os6OkzqWmpeylv6XzpMuxyKTZpdilv6XqpMukr6Sky9iyxKTHpLmho9OytsixyNbYpKy436SvwFKk6re1pLeIUr9z08C+w83hpKzQoaS1pKS438TNvsOlv6Wkpdek8pLx08Okt6TepLekv6GjPGJyPjxzdHlsZSB0eXBlPSJ0ZXh0L2NzcyI+CkBjaGFyc2V0ICJ1dGYtOCI7Ci8qIENTUyBEb2N1bWVudCAqLwoKPC9zdHlsZT4KCgoKPGJyPjxicj4KPGltZyBzcmM9Imh0dHA6Ly9pbWFnZS5yYWt1dGVuLmNvLmpwL2Jlc3Q5OS9jYWJpbmV0LzAzOTQyMDgwL2JlZF9tZWluLmpwZyIgd2lkdGg9Ijg0MCIgLz4KCgoKCjwvaHRtbD4=,ob7LzcHPn2/Bz6G/64qE06Xqpa+l6aWkpcul86Wwpdmlw6XJIKXsqWCl2aXzQ1REWCAyTU+jqKXGpbml6ri2o6kgpeqltaWkpa+l66Wmpeylv6Xzpd6lw6XIpeylubi2pK0g64qE06XZpcOlySCl6qWvpemlpKXLpfOlsKXZpcOlyCC96ddvpdmlw6XJIInTpOy97qO6Qjk5,ob7LzcHPn2/Bz6G/64qE06Xqpa+l6aWkpcul86Wwpdmlw6XJIKXsqWCl2aXzQ1REWCAyTU+jqKXGpbml6ri2o6kgpeqltaWkpa+l66Wmpeylv6Xzpd6lw6XIpeylubi2pK0g64qE06XZpcOlySCl6qWvpemlpKXLpfOlsKXZpcOlyCC96ddvpdmlw6XJIInTpOy97g==,64qE06Xqpa+l6aWkpcul86Wwpdmlw6XJoaOl6qW1paSlr6Xrpaal7KW/pfOl3qXDpcil7KW5uLaho6G+y83Bz59vwc+hv+uKhNOl6qWvpemlpKXLpfOlsKXZpcOlySCl7Klgpdml80NURFggMk1Po6ilxqW5peq4tqOpIKXqpbWlpKWvpeulpqXspb+l86XepcOlyKXspbm4tqStIOuKhNOl2aXDpckgpeqlr6XppaSly6XzpbCl2aXDpcggvenXb6XZpcOlySCJ06Tsve4=[rn]
40-32958,aHR0cDovL3RzaG9wLnIxMHMuanAvYmVzdDk5L2NhYmluZXQvb3NhNi8yOTYwMDc0LmpwZz9maXRpbj03MDA6NzAw,MTc0NDQ1LjYwMDA=,,paSl86XGpeqloj/H3r7fP4WnvHsgPiCl2aXDpckgPiDrioTTP6Xqpa+l6aWkpcul86Wwpdmlw6XJ,pdWl6aXzpbml2aXDpckg64qE06XZpcOlySCl6qWvpemlpKXLpfOlsKXZpcOlySDF77i2pK0g1qfUrqXQqWCkyqS3IKW3pbmlxqXgpdWloaXrpckypeKpYKW/qWCjq1Ol1aWhpeulyVJYpd6lw6XIIKW3pfOlsKXrL2ZyYW5jZWJlZCBGMi0yTSDrioTTpeqlr6XppaSly6XzpbCl2aXDpckg64qE06XZpcOlySC+tMDPpM7I1SCkqsTqvMSk6ii0+tL9sru/ySko6V+XedRP1sOfb8HPKSDLzcHPn2/Bzw==,pdWl6aXzpbml2aXDpckgRjItMk0gU6OmU6XVpaGl66XJUlil3qXDpcg=,Cgo8YnI+PGJyPjxpbWcgc3JjPSJodHRwczovL2ltYWdlLnJha3V0ZW4uY28uanAvaS1vZmZpY2UxL2NhYmluZXQvdGFrZTExLzE2OV9rYWlrb25fZnJlZS5qcGciPjxicj48YnI+PHAgY2xhc3M9ImRlbGl2X2ZlZV9ob2t1Ij6xsbqjtcCk2KTOxeTLzaTPhGXNvsvNwc+krKSrpKuk6qTepLmhozxicj6xsbqjtcDLzcHPo7qhvrGxNaG/pb+lpKXXPC9wPgo8cCBzdHlsZT0iZm9udC1zaXplOiAxMnB4OyBjb2xvcjojQ0MwMDAwOyI+ofmVculn1ri2qKTPMbHjo6g5LTE0lXKjqaGiMrHjo6gxMi0xOJVyo6mhor1LyNWx46OoOS0xOJVyo6mkzqTfpMikyqTqpN6kuaGjPEJSPqH5tdjT8qTLpOikw6TGxeTLzaTO6tfI1aSsz962qKS1pOyk64j2us+k5KGilXLpZ9a4tqikrLPQpOykyqSkiPa6z6SspLSktqSkpN6kuaGjPEJSPqH5m1+/SaGi63iNdaTYpM6kqr3spLGkz7P2wLSk3qS7pPOhozxCUj48QlI+PC9wPjxwPjxpbWcgc3JjPSJodHRwczovL2ltYWdlLnJha3V0ZW4uY28uanAvaS1vZmZpY2UxL2NhYmluZXQvY2FtL2RpYmlraS5naWYiIGFsdD0itPq98NL9k1Gyu7/JyczGtyIgYm9yZGVyPSIwIiA+PC9wPgo8cCBzdHlsZT0iZm9udC1zaXplOiAxMnB4OyBjb2xvcjojQ0MwMDAwOyI+ofKxvsnMxrekzqSq1qeSQqSkt723qKTPoaKhuLT6vfDS/ZNRobmkzta4tqikrKTHpK2k3qS7pPOhowqlt6W5pcal4MnPoaKhuLT60v2yu7/JobnJzMa3pOKhuLT6vfDS/ZNRobmkzt94kmukrKTHpK2k3qS5pKyhogq0+r3w0v2TUaTHpM6bUZxnpKykx6StpN6ku6TzpM6kx6Gipa+l7KW4pcOlyKWrqWClyaTipLekr6TPoaIKx7CSQqSko6ils6XzpdOly5tRnGehouN50NDV8d56o6mkx6TOm1GcZ994kmuk8qSq7oqkpKSkpL+kt6TepLmhozxicj4KPEJSPqG+xeTLzdRP1sOfb8HPpbWpYKXTpbnW0KG/6V+XeT+9TcGi1E/Ww6SsvfGkwKSxn2/Bz6WtpeOl86XaqWCl89bQo6E8QlI+PC9wPjxwPjxGb250IFNpemU9IjQiPqW3pbmlxqXgpdWloaXrpcmlt6XqqWCluqTPpLOkwaTpoe88L2ZvbnQ+PC9wPgo8cCBzdHlsZT0iZm9udC1zaXplOjE0cHg7IGNvbG9yOiNGRjAwMDA7IGxpbmUtaGVpZ2h0OjIwcHgiPgqh+aXVpeml86W5pdmlw6XJpM7Rdca3pM/K3NeiyfquYsa3pMekuaGjpLTXos7EpKuk6bBry82k3qTHMTDI1aSrpOky30zpZ7PMpKqVculnpPLtlKSviPa6z6SspLSktqSkpN6kuaGjpLTBy7PQz8KktaSkoaM8YnI+CjwvcD6h9snMxrfVaMP3PGJyPgrKuaSkpOSkuaS1pOSa3bPWpMHBvKS1pMffeKTWoaLYTri7pMql0KXqpaipYKW3peel86TOobilt6W5pcal4KXVpaGl66XJobmlt6XqqWCluqGjPGJyPrbAwaKhot9ChNO/yYTTpM6xs6TipL+k7KXqpa+l6aWkpcul86WwmUPE3KOovHM3MKHjo6mkyL3Fyc+ksplDxNyjqLxzMjCh46OpMqXiqWClv6lgpb+lpKXXoaM8YnI+peqlr6XppaSly6XzpbCl3qXDpcil7KW5P1Ol1aWhpeulyVJYpd6lw6XIpeylubi2pK2hozxicj6h+dan1K6l0KlgpMqkt6W/paSl16GjPGJyPjxocj4KpbWlpKW6o7q3+TEwMy41ocHpTKS1MjAzLjWhwbjfpLU4MKHBtLLD5rjfMzkvNDYuNS81NGNto6i9TcGilXKky6Ozts7rQdV7uZ2/ycTco6k8YnI+ofml3qXDpcil7KW5uvExN2NtPGJyPjxocj4KssTZfKO61veyxC+7r7uSsOU8aHI+Cr1NwaKjuqSqv82YlL1NwaI8aHI+Cgqlq6XpqWCjuqWmpael86W4o6hXRaOpL6XTqWClwaOoQkNIo6nXotLiysLtl6O6PGJyPgo/yczGt7utz/Gkz8mrus+kpKTky9iyxLjQpKyMZ+tIpM7JzMa3pMiukKTKpOuI9rrPpKyktKS2pKSk3qS5oaM8YnI+CiA/peKly6W/qWA/pcelo6W5pdel7KWkpMuk6KTDpMak4tC0pOq3vaSsieSk6qTepLmho9PopOGktMHLs9Ckr6TApLWkpKGjPGJyPjxzdHlsZSB0eXBlPSJ0ZXh0L2NzcyI+CkBjaGFyc2V0ICJ1dGYtOCI7Ci8qIENTUyBEb2N1bWVudCAqLwoKPC9zdHlsZT4KCgoKPGJyPjxicj4KPGltZyBzcmM9Imh0dHA6Ly9pbWFnZS5yYWt1dGVuLmNvLmpwL2Jlc3Q5OS9jYWJpbmV0LzAzOTQyMDgwL2JlZF9tZWluLmpwZyIgd2lkdGg9Ijg0MCIgLz4KCgoKCjwvaHRtbD4=,pdWl6aXzpbml2aXDpckg64qE06XZpcOlySCl6qWvpemlpKXLpfOlsKXZpcOlySDF77i2pK0g1qfUrqXQqWCkyqS3IKW3pbmlxqXgpdWloaXrpckypeKpYKW/qWCjq1Ol1aWhpeulyVJYpd6lw6XIIKW3pfOlsKXrL2ZyYW5jZWJlZCBGMi0yTSDrioTTpeqlr6XppaSly6XzpbCl2aXDpckg64qE06XZpcOlySC+tMDPpM7I1SCkqsTqvMSk6ii0+tL9sru/ySko6V+XedRP1sOfb8HPKSDLzcHPn2/Bz6O6Qjk5,pdWl6aXzpbml2aXDpckg64qE06XZpcOlySCl6qWvpemlpKXLpfOlsKXZpcOlySDF77i2pK0g1qfUrqXQqWCkyqS3IKW3pbmlxqXgpdWloaXrpckypeKpYKW/qWCjq1Ol1aWhpeulyVJYpd6lw6XIIKW3pfOlsKXrL2ZyYW5jZWJlZCBGMi0yTSDrioTTpeqlr6XppaSly6XzpbCl2aXDpckg64qE06XZpcOlySC+tMDPpM7I1SCkqsTqvMSk6ii0+tL9sru/ySko6V+XedRP1sOfb8HPKSDLzcHPn2/Bzw==,pdWl6aXzpbml2aXDpckgRjItMk0gU6OmU6XVpaGl66XJUlil3qXDpciho6XVpeml86W5pdmlw6XJIOuKhNOl2aXDpckgpeqlr6XppaSly6XzpbCl2aXDpckgxe+4tqStINan1K6l0KlgpMqktyClt6W5pcal4KXVpaGl66XJMqXiqWClv6lgo6tTpdWloaXrpclSWKXepcOlyCClt6XzpbCl6y9mcmFuY2ViZWQgRjItMk0g64qE06Xqpa+l6aWkpcul86Wwpdmlw6XJIOuKhNOl2aXDpckgvrTAz6TOyNUgpKrE6rzEpOootPrS/bK7v8kpKOlfl3nUT9bDn2/Bzykgy83Bz59vwc8=[rn]
40-32959,aHR0cDovL3RzaG9wLnIxMHMuanAvYmVzdDk5L2NhYmluZXQvdGsxNC8yOTg5MTE2LmpwZz9maXRpbj03MDA6NzAw,MjA2NDAwLjAwMDA=,,paSl86XGpeqloj/H3r7fP4WnvHsgPiCl2aXDpckgPiDrioTTP6Xqpa+l6aWkpcul86Wwpdmlw6XJ,pdWl6aXzpbml2aXDpckg64qE06XZpcOlyShHUi0wMUYpIDKl4qlgpb+pYKXVpeypYKXgIKXvpaSl5KXspbkgpd6lw6XIpeylubi2KFJYLTAzMCkgpbel86WwpesgsbPJz6SypMi9xcnPpLKkrIRlhNPX9yCl76WkpeSl7KW5peql4qWzpfMg64qE06Xqpa+l6aWkpcul86Wwpdmlw6XJIMS+0XWl2aXDpckgZ3JhbmR5IKW5pdel6qXzpbCl3qXDpcil7KW5uLYgZnJhbmNlYmVkIDLE6rGj1F64tiCl1aXppfOluaXZpcOlydX90o7Gtw==,64qE06XZpcOlyShHUi0wMUYpIDKl4qlgpb+pYKXVpeypYKXgIKXvpaSl5KXspbkgpd6lw6XIpeylubi2,Cgo8aW1nIHNyYz0iaHR0cHM6Ly9pbWFnZS5yYWt1dGVuLmNvLmpwL2Jlc3Q5OS9jYWJpbmV0L3RrMTQvMjk4OTExNi5qcGciPjxicj4KPGltZyBzcmM9Imh0dHBzOi8vaW1hZ2UucmFrdXRlbi5jby5qcC9iZXN0OTkvY2FiaW5ldC90azE0L2ZyYW5jZWJlZF9raWtha3UuanBnIj48YnI+CjxpbWcgc3JjPSJodHRwczovL2ltYWdlLnJha3V0ZW4uY28uanAvYmVzdDk5L2NhYmluZXQvdGsxNC9ncjAxZl9oLmpwZyI+PGJyPjxicj4KPGltZyBzcmM9Imh0dHBzOi8vaW1hZ2UucmFrdXRlbi5jby5qcC9iZXN0OTkvY2FiaW5ldC90azE0L2dyLWRfMDEuanBnIj48YnI+PGJyPgo8aW1nIHNyYz0iaHR0cHM6Ly9pbWFnZS5yYWt1dGVuLmNvLmpwL2Jlc3Q5OS9jYWJpbmV0L3RrMTQvZ3ItZF8wNC5qcGciPjxicj4KPGltZyBzcmM9Imh0dHBzOi8vaW1hZ2UucmFrdXRlbi5jby5qcC9iZXN0OTkvY2FiaW5ldC90azE0L2dyLWRfMDUuanBnIj48YnI+PGJyPgoKPGltZyBzcmM9Imh0dHBzOi8vaW1hZ2UucmFrdXRlbi5jby5qcC9iZXN0OTkvY2FiaW5ldC90azE0LzI5ODkxMDRfMDIuanBnIj48YnI+CjxpbWcgc3JjPSJodHRwczovL2ltYWdlLnJha3V0ZW4uY28uanAvYmVzdDk5L2NhYmluZXQvdGsxNC8yOTg5MTA0XzAzLmpwZyI+PGJyPgo8aW1nIHNyYz0iaHR0cHM6Ly9pbWFnZS5yYWt1dGVuLmNvLmpwL2Jlc3Q5OS9jYWJpbmV0L3RrMTQvMnllYXJfaC5qcGciPjxicj48YnI+CjxpbWcgc3JjPSJodHRwczovL2ltYWdlLnJha3V0ZW4uY28uanAvYmVzdDk5L2NhYmluZXQvdGsxNC8yOTg5MTE2XzEuanBnIiBib3JkZXI9MCI+PGJyPgo8aW1nIHNyYz0iaHR0cHM6Ly9pbWFnZS5yYWt1dGVuLmNvLmpwL2Jlc3Q5OS9jYWJpbmV0L3RrMTQvZ3IwMV9saW5rLmpwZyIgYm9yZGVyPTAiIHVzZW1hcD0iI2dyMDFfbGluayI+CjxtYXAgbmFtZT0iZ3IwMV9saW5rIj4KICA8YXJlYSBzaGFwZT0icmVjdCIgY29vcmRzPSI0MDYsMzMyLDUyMiwzNjgiIGhyZWY9Imh0dHBzOi8vaXRlbS5yYWt1dGVuLmNvLmpwL2Jlc3Q5OS8yOTg5MTExLyI+CiAgPGFyZWEgc2hhcGU9InJlY3QiIGNvb3Jkcz0iNTQzLDMzMiw2NTksMzY4IiBocmVmPSJodHRwczovL2l0ZW0ucmFrdXRlbi5jby5qcC9iZXN0OTkvMjk4OTExNy8iPgogIDxhcmVhIHNoYXBlPSJyZWN0IiBjb29yZHM9IjU0MiwyODEsNjU4LDMxNyIgaHJlZj0iaHR0cHM6Ly9pdGVtLnJha3V0ZW4uY28uanAvYmVzdDk5LzI5ODkxMTYvIj4KICA8YXJlYSBzaGFwZT0icmVjdCIgY29vcmRzPSI0MDUsMjgxLDUyMSwzMTciIGhyZWY9Imh0dHBzOi8vaXRlbS5yYWt1dGVuLmNvLmpwL2Jlc3Q5OS8yOTg5MTEwLyI+CiAgPGFyZWEgc2hhcGU9InJlY3QiIGNvb3Jkcz0iNDA2LDIzMCw1MjIsMjY2IiBocmVmPSJodHRwczovL2l0ZW0ucmFrdXRlbi5jby5qcC9iZXN0OTkvMjk4OTEwOS8iPgogIDxhcmVhIHNoYXBlPSJyZWN0IiBjb29yZHM9IjU0MywyMzAsNjU5LDI2NiIgaHJlZj0iaHR0cHM6Ly9pdGVtLnJha3V0ZW4uY28uanAvYmVzdDk5LzI5ODkxMTUvIj4KICA8YXJlYSBzaGFwZT0icmVjdCIgY29vcmRzPSI1NDMsMTc4LDY1OSwyMTQiIGhyZWY9Imh0dHBzOi8vaXRlbS5yYWt1dGVuLmNvLmpwL2Jlc3Q5OS8yOTg5MTE0LyI+CiAgPGFyZWEgc2hhcGU9InJlY3QiIGNvb3Jkcz0iNDA2LDE3OCw1MjIsMjE0IiBocmVmPSJodHRwczovL2l0ZW0ucmFrdXRlbi5jby5qcC9iZXN0OTkvMjk4OTEwOC8iPgogIDxhcmVhIHNoYXBlPSJyZWN0IiBjb29yZHM9IjQwNiwxMjksNTIyLDE2NSIgaHJlZj0iaHR0cHM6Ly9pdGVtLnJha3V0ZW4uY28uanAvYmVzdDk5LzI5ODkxMDcvIj4KICA8YXJlYSBzaGFwZT0icmVjdCIgY29vcmRzPSI1NDMsMTI5LDY1OSwxNjUiIGhyZWY9Imh0dHBzOi8vaXRlbS5yYWt1dGVuLmNvLmpwL2Jlc3Q5OS8yOTg5MTEzLyI+CjxhcmVhIHNoYXBlPSJyZWN0IiBjb29yZHM9IjU0Miw3OSw2NTgsMTE1IiBocmVmPSJodHRwczovL2l0ZW0ucmFrdXRlbi5jby5qcC9iZXN0OTkvMjk4OTExMi8iPjxhcmVhIHNoYXBlPSJyZWN0IiBjb29yZHM9IjQwNSw3OSw1MjEsMTE1IiBocmVmPSJodHRwczovL2l0ZW0ucmFrdXRlbi5jby5qcC9iZXN0OTkvMjk4OTEwNi8iPgo8L21hcD4KPGJyPjxicj48YnI+CjxpbWcgc3JjPSJodHRwczovL2ltYWdlLnJha3V0ZW4uY28uanAvYmVzdDk5L2NhYmluZXQvdGsxNC9ncmFuZHlfaGVhZGJvYXJkLmpwZyIgYm9yZGVyPTAiIHVzZW1hcD0iI2dyYW5keV9oZWFkYm9hcmQiPgo8bWFwIG5hbWU9ImdyYW5keV9oZWFkYm9hcmQiPgogIDxhcmVhIHNoYXBlPSJyZWN0IiBjb29yZHM9IjQ3LDM1MiwzMTMsNDYwIiBocmVmPSJodHRwczovL2l0ZW0ucmFrdXRlbi5jby5qcC9iZXN0OTkvMjk4OTEzMC8iPgogIDxhcmVhIHNoYXBlPSJyZWN0IiBjb29yZHM9IjM2MywzNTQsNjI5LDQ2MiIgaHJlZj0iaHR0cHM6Ly9pdGVtLnJha3V0ZW4uY28uanAvYmVzdDk5LzI5ODkxNDIvIj4KICA8YXJlYSBzaGFwZT0icmVjdCIgY29vcmRzPSIzNTgsMTU3LDYyNCwyNjUiIGhyZWY9Imh0dHBzOi8vaXRlbS5yYWt1dGVuLmNvLmpwL2Jlc3Q5OS8yOTg5MTE4LyI+CjxhcmVhIHNoYXBlPSJyZWN0IiBjb29yZHM9IjQ2LDE1NiwzMTIsMjY0IiBocmVmPSJodHRwczovL2l0ZW0ucmFrdXRlbi5jby5qcC9iZXN0OTkvMjk4OTEwNi8iPgo8L21hcD4KPGJyPgoKPGltZyBzcmM9Imh0dHBzOi8vaW1hZ2UucmFrdXRlbi5jby5qcC9iZXN0OTkvY2FiaW5ldC90azE0L2dyMDFfbGlua18yLmpwZyIgdXNlbWFwPSIjZ3IwMV9saW5rXzIiPgo8bWFwIG5hbWU9ImdyMDFfbGlua18yIiBpZD0iZ3IwMV9saW5rXzIiPgogIDxhcmVhIHNoYXBlPSJyZWN0IiBjb29yZHM9IjAsMTEsNjY5LDE2OCIgaHJlZj0iaHR0cHM6Ly9pdGVtLnJha3V0ZW4uY28uanAvYmVzdDk5LzI5MDAzMDAvIiAvPgogIDxhcmVhIHNoYXBlPSJyZWN0IiBjb29yZHM9IjM0MCwyNDMsNjY5LDM4OSIgaHJlZj0iaHR0cHM6Ly9pdGVtLnJha3V0ZW4uY28uanAvYmVzdDk5LzI5ODkxMDIvIiAvPgo8YXJlYSBzaGFwZT0icmVjdCIgY29vcmRzPSItMSwyNDMsMzI4LDM4OSIgaHJlZj0iaHR0cHM6Ly9pdGVtLnJha3V0ZW4uY28uanAvYmVzdDk5LzI5NjAyNTkvIiAvPjxhcmVhIHNoYXBlPSJyZWN0IiBjb29yZHM9Ii0zLDQwMyw2NjksNTQ5IiBocmVmPSJodHRwczovL2l0ZW0ucmFrdXRlbi5jby5qcC9iZXN0OTkvMjk4OTEwNC8iIC8+CjwvbWFwPgo8QlI+CjxpbWcgc3JjPSJodHRwczovL2ltYWdlLnJha3V0ZW4uY28uanAvYmVzdDk5L2NhYmluZXQvaDMvMjkxMDIxMWEzMS5qcGciIC8+PGJyPgo8YSBocmVmPSJodHRwczovL2l0ZW0ucmFrdXRlbi5jby5qcC9iZXN0OTkvMjkwNzEwMS8iPjxpbWcgc3JjPSJodHRwczovL2ltYWdlLnJha3V0ZW4uY28uanAvYmVzdDk5L2NhYmluZXQvaDMvMjkxMDIxMWEzMi5qcGciPjwvYT48YSBocmVmPSJodHRwczovL2l0ZW0ucmFrdXRlbi5jby5qcC9iZXN0OTkvMjkwNzIwMS8iPjxpbWcgc3JjPSJodHRwczovL2ltYWdlLnJha3V0ZW4uY28uanAvYmVzdDk5L2NhYmluZXQvaDMvMjkxMDIxMWEzMy5qcGciPjwvYT48dGFibGUgd2lkdGg9IjEwMCUiIGJvcmRlcj0iMCIgY2VsbHNwYWNpbmc9IjEiIGNlbGxwYWRkaW5nPSI4IiBjbGFzcz0iaV9pbmZvIj4KPHRyPgo8dGQgY29sc3Bhbj0iMiIgY2xhc3M9ImlfaW5mb190Ij4KPGI+PGZvbnQgY29sb3I9IiMzMzMzMzMiPqWkpfOl1aWppeGpYKW3peel8z/XotLiysLtlzwvZm9udD48L2I+CjwvdGQ+CjwvdHI+Cjx0cj4KPHRoPsvNwc+ky6TEpKSkxjwvdGg+Cjx0ZCBjbGFzcz0iaWF0dG5zb3J5byIgYmdjb2xvcj0iI0ZGRkZGRiI+PHA+PHAgY2xhc3M9ImRlbGl2X2ZlZV9ob2t1Ij6xsbqjtcCk2KTOxeTLzaTPhGXNvsvNwc+krKSrpKuk6qTepLmhozxicj6xsbqjtcDLzcHPo7qhvrGxNaG/pb+lpKXXPC9wPjwvcD4gPC90ZD4KPC90cj4KPHRyPgo8dGg+m1GcZ7e9t6iky6TEpKSkxjwvdGg+Cjx0ZCBiZ2NvbG9yPSIjRkZGRkZGIiBjbGFzcz0iaWF0dG5wZXkiPs2os6ObUZxnPGJyPjxwPqOopKrZSaSkzu+lrKWkpcmhuKSq1qeSQqSkt723qKTLpMSkpKTGobmk8qS0tF/VSqSvpMCktaSkoaOjqTwvcD48L3RkPiA8L3RyPjx0cj4KPHRoPsXkIMvNPC90aD4KPHRkIGNsYXNzPSJpYXR0bmRlbGkiIGJnY29sb3I9IiNGRkZGRkYiPqH5ytzXosn6rmLGt6TIpMqk6qTepLmho6SqveyksaTepMeky7xzMt9M6WezzO2UpKSkxqSqpOqk3qS5oaM8QlI+CqH5ytzXosn6rmLGt6TOnumhoqS016LOxOHhpM6lraXjpfOlu6XrpM+kqsrcpLGkx6StpN6ku6TzoaM8QlI+PGJyPqH5m1+/ST/reI11P9K7sr/faLj0tdik2KTOpKq97KSxpM+z9sC0pN6ku6TzoaM8QlI+PGJyPqH5lXLpZ9a4tqikzzGx46OoOS0xNJVyo6mhojKx46OoMTItMTiVcqOpoaK9S8jVseOjqDktMTiVcqOppM6k36TIpMqk6qTepLmhozxCUj4KP7XY0/Kky6TopMOkxsXky82kzurXyNWkrM/etqiktaTspOuI9rrPpOShopVy6WfWuLaopKyz0KTspMqkpIj2us+krKS0pLakpKTepLmhozxCUj48YnI+PC90ZD4gPC90cj4gCjwvdGFibGU+Cjx0YWJsZSB3aWR0aD0iMTAwJSIgYm9yZGVyPSIwIiBjZWxsc3BhY2luZz0iMSIgY2VsbHBhZGRpbmc9IjgiIGNsYXNzPSJpX2thbnJlbiI+Cjx0cj48dGQgY29sc3Bhbj0iMiIgYmdjb2xvcj0iI0YzRjNGMyI+IDxiPjxmb250IGNvbG9yPSIjMzMzMzMzIj7pdt9CyczGtzwvZm9udD48L2I+IDwvdGQ+PC90cj4KPHRyPjx0aD6lt6XqqWClutK700U8L3RoPgo8dGQgY2xhc3M9Iml2YWwiIGJnY29sb3I9IiNGRkZGRkYiPuuKhNOl2aXDpckoR1ItMDFGKSAxTaXVpeypYKXgIKXVpeypYKXgpM6k3yClt6XzpbCl6yA8QlI+PEJSPgrrioTTpdmlw6XJKEdSLTAxRikgMU2l1aXsqWCl4CCl1aXsqWCl4KTOpN8gpbul36XApdal6yA8QlI+PEJSPgrrioTTpdmlw6XJKEdSLTAxRikgMk2l1aXsqWCl4CCl1aXsqWCl4KTOpN8gpbel86WwpesgPEJSPjxCUj4K64qE06XZpcOlyShHUi0wMUYpIDJNpdWl7KlgpeAgpdWl7KlgpeCkzqTfIKW7pd+lwKXWpesgPEJSPjxCUj4K64qE06XZpcOlyShHUi0wMUYpIDJNpdWl7KlgpeAgpe+lpKXkpeyluSCl1aXsqWCl4KTOpN8gpbel86WwpesgPEJSPjxCUj4K64qE06XZpcOlyShHUi0wMUYpIDJNpdWl7KlgpeAgpe+lpKXkpeyluSCl1aXsqWCl4KTOpN8gpbel86WwpesgPEJSPjxCUj4K64qE06XZpcOlyShHUi0wMUYpIDFNpdWl7KlgpeAgpd6lw6XIuLYgpbel86WwpesgPEJSPjxCUj4K64qE06XZpcOlyShHUi0wMUYpIDFNpdWl7KlgpeAgpd6lw6XIuLYgpbul36XApdal6yA8QlI+PEJSPgrrioTTpdmlw6XJKEdSLTAxRikgMk2l1aXsqWCl4CCl3qXDpci4tiClt6XzpbCl6yA8QlI+PEJSPgrrioTTpdmlw6XJKEdSLTAxRikgMk2l1aXsqWCl4CCl3qXDpci4tiClu6XfpcCl1qXrIDxCUj48QlI+CuuKhNOl2aXDpckoR1ItMDFGKSAyTaXVpeypYKXgIKXvpaSl5KXspbkgpd6lw6XIuLYgpbel86WwpesgPEJSPjxCUj4K64qE06XZpcOlyShHUi0wMUYpIDJNpdWl7KlgpeAgpe+lpKXkpeyluSCl3qXDpci4tiClt6XzpbCl6yA8QlI+PEJSPjwvdGQ+CjwvdHI+CjwvdGFibGU+Cjx0YWJsZSB3aWR0aD0iMTAwJSIgYm9yZGVyPSIwIiBjZWxsc3BhY2luZz0iMSIgY2VsbHBhZGRpbmc9IjgiIGNsYXNzPSJpX3NwZWMiPjx0cj48dGQgY29sc3Bhbj0iMiIgYmdjb2xvcj0iI0YzRjNGMyI+CjxiPjxmb250IGNvbG9yPSIjMzMzMzMzIj7UlLyaP6W5pdqlw6WvPC9mb250PjwvYj48L3RkPjwvdHI+Cjx0cj4KPHRoPsnMxrfVaMP3PC90aD4KPHRkIGNsYXNzPSJpZXhwbGFuYXRpb24iIGJnY29sb3I9IiNGRkZGRkYiPp9v8WqkzqTKpKTPtL6apLWk7KS/pceltqWkpfOkzqXYpcOlyaXcqWClyaTPyaKk6aSrpOqkrKTBpMrV7dSqpKy/4MrWpMq3vaTLpKqE4aThpMekuaGjpLmkw6StpOqkt6S/g56kt6SkxL7Ev6Ssw8Ckt6SkoaLvlqStpLqky+lMpK/KuaSopOul2aXDpcmkx6S5oaM8YnI+64qE06XZpcOlyaTLpM/SiqSopMqkpKW3pfOl16XrpMqlx6W2paSl86TOpbCl6aXzpcelo6XZpcOlyaW3peqpYKW6oaOl2aXDpcmk2KTOxvCkrcnPpKyk6qTkgVyk6r21pOqk8tFh1vqkt6TGpK+k7KTepLmho6Xcpb+l86SsyrmkpKTkpLmkpKXqpeKls6XzpMey2df3pOK6hoVnpMekuaGjPGJyPjKl4qlgpb+pYCil76WkpeSl7KW5peql4qWzpfMppb+lpKXXpM+horGzyc+ksqTIvcXJz6SypKyEZYTT1/ekx7/JhNOkt6TepLmhowql76WkpeSl7KW5peql4qWzpfOkxwqy2df3pKy6hoVno6E8YnI+PC90ZD4KPC90cj4KPHRyPgo8dGg+pbWlpKW6KLxzKTwvdGg+Cjx0ZCBjbGFzcz0iaXNpemUiIGJnY29sb3I9IiNGRkZGRkYiPqXZpcOlybG+zOWjurf5OTihwbDC0NAxOTkuM6HBuN84N2NtKLSyw+a436O6MjZjbSk8YnI+pd6lw6XIpeyluaO6t/k5N6HBsMLQ0DE5NaHBuN8xN2NtPGJyPjwvdGQ+CjwvdHI+Cjx0cj4KPHRoPrLEINl8PC90aD4KPHRkIGNsYXNzPSJpbWF0ZXJpYWwiIGJnY29sb3I9IiNGRkZGRkYiPqXXpeql86XIu6+7krDlKKXYpcOlyaXcqWClyaTOpN+lqKXzpdylubzTuaQpPGJyPrSysOU/sryPiKTqPGJyPqG+pd6lw6XIpeyluaG/pd6lpKWvpe2luaXXpeql86WwoaKCyMn6tdg/pculw6XIPGJyPjwvdGQ+CjwvdHI+Cjx0cj4KPHRoPr1NwaI8L3RoPgo8dGQgY2xhc3M9ImlrdW1pdGF0ZSIgYmdjb2xvcj0iI0ZGRkZGRiI+pKq/zZiUvU3Boii088jLMsP7o7q8czMwt9YpPGJyPjwvdGQ+CjwvdHI+Cjx0cj4KPHRoPsn6rmK5+jwvdGg+Cjx0ZCBjbGFzcz0iaWNvdW50cnkiIGJnY29sb3I9IiNGRkZGRkYiPsjVsb48YnI+PC90ZD4KPC90cj4KPHRyPgo8dGg+pL2kzsv7P9ei0uLKwu2XPC90aD4KPHRkIGNsYXNzPSJpYXR0bnR4dCIgYmdjb2xvcj0iI0ZGRkZGRiI+MqXiqWClv6lgKKXvpaSl5KXspbkpo7qxs8nPpLI/vcXJz6SyoaGEZYTT1/ekuaTrpb+lpKXXKKXvpaSl5KXspbml6qXipbOl87i2KTxicj4KPC90ZD4KPC90cj4KPC90YWJsZT48YnIgc3R5bGU9ImNsZWFyOmJvdGgiIC8+,pdWl6aXzpbml2aXDpckg64qE06XZpcOlyShHUi0wMUYpIDKl4qlgpb+pYKXVpeypYKXgIKXvpaSl5KXspbkgpd6lw6XIpeylubi2KFJYLTAzMCkgpbel86WwpesgsbPJz6SypMi9xcnPpLKkrIRlhNPX9yCl76WkpeSl7KW5peql4qWzpfMg64qE06Xqpa+l6aWkpcul86Wwpdmlw6XJIMS+0XWl2aXDpckgZ3JhbmR5IKW5pdel6qXzpbCl3qXDpcil7KW5uLYgZnJhbmNlYmVkIDLE6rGj1F64tiCl1aXppfOluaXZpcOlydX90o7Gt6O6Qjk5,pdWl6aXzpbml2aXDpckg64qE06XZpcOlyShHUi0wMUYpIDKl4qlgpb+pYKXVpeypYKXgIKXvpaSl5KXspbkgpd6lw6XIpeylubi2KFJYLTAzMCkgpbel86WwpesgsbPJz6SypMi9xcnPpLKkrIRlhNPX9yCl76WkpeSl7KW5peql4qWzpfMg64qE06Xqpa+l6aWkpcul86Wwpdmlw6XJIMS+0XWl2aXDpckgZ3JhbmR5IKW5pdel6qXzpbCl3qXDpcil7KW5uLYgZnJhbmNlYmVkIDLE6rGj1F64tiCl1aXppfOluaXZpcOlydX90o7Gtw==,64qE06XZpcOlyShHUi0wMUYpIDKl4qlgpb+pYKXVpeypYKXgIKXvpaSl5KXspbkgpd6lw6XIpeylubi2oaOl1aXppfOluaXZpcOlySDrioTTpdmlw6XJKEdSLTAxRikgMqXiqWClv6lgpdWl7KlgpeAgpe+lpKXkpeyluSCl3qXDpcil7KW5uLYoUlgtMDMwKSClt6XzpbCl6yCxs8nPpLKkyL3Fyc+ksqSshGWE09f3IKXvpaSl5KXspbml6qXipbOl8yDrioTTpeqlr6XppaSly6XzpbCl2aXDpckgxL7RdaXZpcOlySBncmFuZHkgpbml16XqpfOlsKXepcOlyKXspbm4tiBmcmFuY2ViZWQgMsTqsaPUXri2IKXVpeml86W5pdmlw6XJ1f3Sjsa3[rn]
40-32960,aHR0cDovL3RzaG9wLnIxMHMuanAvYmVzdDk5L2NhYmluZXQvdGsxNC8yOTg5MTI4LmpwZz9maXRpbj03MDA6NzAw,MjMwNDAwLjAwMDA=,,paSl86XGpeqloj/H3r7fP4WnvHsgPiCl2aXDpckgPiDrioTTP6Xqpa+l6aWkpcul86Wwpdmlw6XJ,pdWl6aXzpbml2aXDpckg64qE06XZpcOlyShHUi0wMkYpIDKl4qlgpb+pYKXVpeypYKXgIKXvpaSl5KXspbkgpd6lw6XIpeylubi2KFJYLTAzMCkgpbul36XApdal6yCxs8nPpLKkyL3Fyc+ksqSshGWE09f3IKXvpaSl5KXspbml6qXipbOl8yDrioTTpeqlr6XppaSly6XzpbCl2aXDpckgxL7RdaXZpcOlySBncmFuZHkgpbml16XqpfOlsKXepcOlyKXspbm4tiBmcmFuY2ViZWQgMsTqsaPUXri2IKXVpeml86W5pdmlw6XJ1f3Sjsa3,64qE06XZpcOlyShHUi0wMkYpIDKl4qlgpb+pYKXVpeypYKXgIKXvpaSl5KXspbkgpd6lw6XIpeylubi2,Cgo8aW1nIHNyYz0iaHR0cHM6Ly9pbWFnZS5yYWt1dGVuLmNvLmpwL2Jlc3Q5OS9jYWJpbmV0L3RrMTQvMjk4OTEyOC5qcGciPjxicj4KPGltZyBzcmM9Imh0dHBzOi8vaW1hZ2UucmFrdXRlbi5jby5qcC9iZXN0OTkvY2FiaW5ldC90azE0L2ZyYW5jZWJlZF9raWtha3UuanBnIj48YnI+CjxpbWcgc3JjPSJodHRwczovL2ltYWdlLnJha3V0ZW4uY28uanAvYmVzdDk5L2NhYmluZXQvdGsxNC9ncjAyZl9oLmpwZyI+PGJyPjxicj4KPGltZyBzcmM9Imh0dHBzOi8vaW1hZ2UucmFrdXRlbi5jby5qcC9iZXN0OTkvY2FiaW5ldC90azE0L2dyLWRfMDEuanBnIj48YnI+PGJyPgo8aW1nIHNyYz0iaHR0cHM6Ly9pbWFnZS5yYWt1dGVuLmNvLmpwL2Jlc3Q5OS9jYWJpbmV0L3RrMTQvZ3ItZF8wNC5qcGciPjxicj4KPGltZyBzcmM9Imh0dHBzOi8vaW1hZ2UucmFrdXRlbi5jby5qcC9iZXN0OTkvY2FiaW5ldC90azE0L2dyLWRfMDUuanBnIj48YnI+PGJyPgoKPGltZyBzcmM9Imh0dHBzOi8vaW1hZ2UucmFrdXRlbi5jby5qcC9iZXN0OTkvY2FiaW5ldC90azE0LzI5ODkxMDRfMDIuanBnIj48YnI+CjxpbWcgc3JjPSJodHRwczovL2ltYWdlLnJha3V0ZW4uY28uanAvYmVzdDk5L2NhYmluZXQvdGsxNC8yOTg5MTA0XzAzLmpwZyI+PGJyPgo8aW1nIHNyYz0iaHR0cHM6Ly9pbWFnZS5yYWt1dGVuLmNvLmpwL2Jlc3Q5OS9jYWJpbmV0L3RrMTQvMnllYXJfaC5qcGciPjxicj48YnI+CjxpbWcgc3JjPSJodHRwczovL2ltYWdlLnJha3V0ZW4uY28uanAvYmVzdDk5L2NhYmluZXQvdGsxNC8yOTg5MTI4XzEuanBnIiBib3JkZXI9MCI+PGJyPgo8aW1nIHNyYz0iaHR0cHM6Ly9pbWFnZS5yYWt1dGVuLmNvLmpwL2Jlc3Q5OS9jYWJpbmV0L3RrMTQvZ3IwMl9saW5rLmpwZyIgYm9yZGVyPTAiIHVzZW1hcD0iI2dyMDFfbGluayI+CjxtYXAgbmFtZT0iZ3IwMV9saW5rIj4KICA8YXJlYSBzaGFwZT0icmVjdCIgY29vcmRzPSI0MDYsMzMyLDUyMiwzNjgiIGhyZWY9Imh0dHBzOi8vaXRlbS5yYWt1dGVuLmNvLmpwL2Jlc3Q5OS8yOTg5MTIzLyI+CiAgPGFyZWEgc2hhcGU9InJlY3QiIGNvb3Jkcz0iNTQzLDMzMiw2NTksMzY4IiBocmVmPSJodHRwczovL2l0ZW0ucmFrdXRlbi5jby5qcC9iZXN0OTkvMjk4OTEyOS8iPgogIDxhcmVhIHNoYXBlPSJyZWN0IiBjb29yZHM9IjU0MiwyODEsNjU4LDMxNyIgaHJlZj0iaHR0cHM6Ly9pdGVtLnJha3V0ZW4uY28uanAvYmVzdDk5LzI5ODkxMjgvIj4KICA8YXJlYSBzaGFwZT0icmVjdCIgY29vcmRzPSI0MDUsMjgxLDUyMSwzMTciIGhyZWY9Imh0dHBzOi8vaXRlbS5yYWt1dGVuLmNvLmpwL2Jlc3Q5OS8yOTg5MTIyLyI+CiAgPGFyZWEgc2hhcGU9InJlY3QiIGNvb3Jkcz0iNDA2LDIzMCw1MjIsMjY2IiBocmVmPSJodHRwczovL2l0ZW0ucmFrdXRlbi5jby5qcC9iZXN0OTkvMjk4OTEyMS8iPgogIDxhcmVhIHNoYXBlPSJyZWN0IiBjb29yZHM9IjU0MywyMzAsNjU5LDI2NiIgaHJlZj0iaHR0cHM6Ly9pdGVtLnJha3V0ZW4uY28uanAvYmVzdDk5LzI5ODkxMjcvIj4KICA8YXJlYSBzaGFwZT0icmVjdCIgY29vcmRzPSI1NDMsMTc4LDY1OSwyMTQiIGhyZWY9Imh0dHBzOi8vaXRlbS5yYWt1dGVuLmNvLmpwL2Jlc3Q5OS8yOTg5MTI2LyI+CiAgPGFyZWEgc2hhcGU9InJlY3QiIGNvb3Jkcz0iNDA2LDE3OCw1MjIsMjE0IiBocmVmPSJodHRwczovL2l0ZW0ucmFrdXRlbi5jby5qcC9iZXN0OTkvMjk4OTEyMC8iPgogIDxhcmVhIHNoYXBlPSJyZWN0IiBjb29yZHM9IjQwNiwxMjksNTIyLDE2NSIgaHJlZj0iaHR0cHM6Ly9pdGVtLnJha3V0ZW4uY28uanAvYmVzdDk5LzI5ODkxMTkvIj4KICA8YXJlYSBzaGFwZT0icmVjdCIgY29vcmRzPSI1NDMsMTI5LDY1OSwxNjUiIGhyZWY9Imh0dHBzOi8vaXRlbS5yYWt1dGVuLmNvLmpwL2Jlc3Q5OS8yOTg5MTI1LyI+CjxhcmVhIHNoYXBlPSJyZWN0IiBjb29yZHM9IjU0Miw3OSw2NTgsMTE1IiBocmVmPSJodHRwczovL2l0ZW0ucmFrdXRlbi5jby5qcC9iZXN0OTkvMjk4OTEyNC8iPjxhcmVhIHNoYXBlPSJyZWN0IiBjb29yZHM9IjQwNSw3OSw1MjEsMTE1IiBocmVmPSJodHRwczovL2l0ZW0ucmFrdXRlbi5jby5qcC9iZXN0OTkvMjk4OTExOC8iPgo8L21hcD4KPGJyPjxicj48YnI+CjxpbWcgc3JjPSJodHRwczovL2ltYWdlLnJha3V0ZW4uY28uanAvYmVzdDk5L2NhYmluZXQvdGsxNC9ncmFuZHlfaGVhZGJvYXJkLmpwZyIgYm9yZGVyPTAiIHVzZW1hcD0iI2dyYW5keV9oZWFkYm9hcmQiPgo8bWFwIG5hbWU9ImdyYW5keV9oZWFkYm9hcmQiPgogIDxhcmVhIHNoYXBlPSJyZWN0IiBjb29yZHM9IjQ3LDM1MiwzMTMsNDYwIiBocmVmPSJodHRwczovL2l0ZW0ucmFrdXRlbi5jby5qcC9iZXN0OTkvMjk4OTEzMC8iPgogIDxhcmVhIHNoYXBlPSJyZWN0IiBjb29yZHM9IjM2MywzNTQsNjI5LDQ2MiIgaHJlZj0iaHR0cHM6Ly9pdGVtLnJha3V0ZW4uY28uanAvYmVzdDk5LzI5ODkxNDIvIj4KICA8YXJlYSBzaGFwZT0icmVjdCIgY29vcmRzPSIzNTgsMTU3LDYyNCwyNjUiIGhyZWY9Imh0dHBzOi8vaXRlbS5yYWt1dGVuLmNvLmpwL2Jlc3Q5OS8yOTg5MTE4LyI+CjxhcmVhIHNoYXBlPSJyZWN0IiBjb29yZHM9IjQ2LDE1NiwzMTIsMjY0IiBocmVmPSJodHRwczovL2l0ZW0ucmFrdXRlbi5jby5qcC9iZXN0OTkvMjk4OTEwNi8iPgo8L21hcD4KPGJyPgoKPGltZyBzcmM9Imh0dHBzOi8vaW1hZ2UucmFrdXRlbi5jby5qcC9iZXN0OTkvY2FiaW5ldC90azE0L2dyMDFfbGlua18yLmpwZyIgdXNlbWFwPSIjZ3IwMV9saW5rXzIiPgo8bWFwIG5hbWU9ImdyMDFfbGlua18yIiBpZD0iZ3IwMV9saW5rXzIiPgogIDxhcmVhIHNoYXBlPSJyZWN0IiBjb29yZHM9IjAsMTEsNjY5LDE2OCIgaHJlZj0iaHR0cHM6Ly9pdGVtLnJha3V0ZW4uY28uanAvYmVzdDk5LzI5MDAzMDAvIiAvPgogIDxhcmVhIHNoYXBlPSJyZWN0IiBjb29yZHM9IjM0MCwyNDMsNjY5LDM4OSIgaHJlZj0iaHR0cHM6Ly9pdGVtLnJha3V0ZW4uY28uanAvYmVzdDk5LzI5ODkxMDIvIiAvPgo8YXJlYSBzaGFwZT0icmVjdCIgY29vcmRzPSItMSwyNDMsMzI4LDM4OSIgaHJlZj0iaHR0cHM6Ly9pdGVtLnJha3V0ZW4uY28uanAvYmVzdDk5LzI5NjAyNTkvIiAvPjxhcmVhIHNoYXBlPSJyZWN0IiBjb29yZHM9Ii0zLDQwMyw2NjksNTQ5IiBocmVmPSJodHRwczovL2l0ZW0ucmFrdXRlbi5jby5qcC9iZXN0OTkvMjk4OTEwNC8iIC8+CjwvbWFwPgo8QlI+CjxpbWcgc3JjPSJodHRwczovL2ltYWdlLnJha3V0ZW4uY28uanAvYmVzdDk5L2NhYmluZXQvaDMvMjkxMDIxMWEzMS5qcGciIC8+PGJyPgo8YSBocmVmPSJodHRwczovL2l0ZW0ucmFrdXRlbi5jby5qcC9iZXN0OTkvMjkwNzEwMS8iPjxpbWcgc3JjPSJodHRwczovL2ltYWdlLnJha3V0ZW4uY28uanAvYmVzdDk5L2NhYmluZXQvaDMvMjkxMDIxMWEzMi5qcGciPjwvYT48YSBocmVmPSJodHRwczovL2l0ZW0ucmFrdXRlbi5jby5qcC9iZXN0OTkvMjkwNzIwMS8iPjxpbWcgc3JjPSJodHRwczovL2ltYWdlLnJha3V0ZW4uY28uanAvYmVzdDk5L2NhYmluZXQvaDMvMjkxMDIxMWEzMy5qcGciPjwvYT48dGFibGUgd2lkdGg9IjEwMCUiIGJvcmRlcj0iMCIgY2VsbHNwYWNpbmc9IjEiIGNlbGxwYWRkaW5nPSI4IiBjbGFzcz0iaV9pbmZvIj4KPHRyPgo8dGQgY29sc3Bhbj0iMiIgY2xhc3M9ImlfaW5mb190Ij4KPGI+PGZvbnQgY29sb3I9IiMzMzMzMzMiPqWkpfOl1aWppeGpYKW3peel8z/XotLiysLtlzwvZm9udD48L2I+CjwvdGQ+CjwvdHI+Cjx0cj4KPHRoPsvNwc+ky6TEpKSkxjwvdGg+Cjx0ZCBjbGFzcz0iaWF0dG5zb3J5byIgYmdjb2xvcj0iI0ZGRkZGRiI+PHA+PHAgY2xhc3M9ImRlbGl2X2ZlZV9ob2t1Ij6xsbqjtcCk2KTOxeTLzaTPhGXNvsvNwc+krKSrpKuk6qTepLmhozxicj6xsbqjtcDLzcHPo7qhvrGxNaG/pb+lpKXXPC9wPjwvcD4gPC90ZD4KPC90cj4KPHRyPgo8dGg+m1GcZ7e9t6iky6TEpKSkxjwvdGg+Cjx0ZCBiZ2NvbG9yPSIjRkZGRkZGIiBjbGFzcz0iaWF0dG5wZXkiPs2os6ObUZxnPGJyPjxwPqOopKrZSaSkzu+lrKWkpcmhuKSq1qeSQqSkt723qKTLpMSkpKTGobmk8qS0tF/VSqSvpMCktaSkoaOjqTwvcD48L3RkPiA8L3RyPjx0cj4KPHRoPsXkIMvNPC90aD4KPHRkIGNsYXNzPSJpYXR0bmRlbGkiIGJnY29sb3I9IiNGRkZGRkYiPqH5ytzXosn6rmLGt6TIpMqk6qTepLmho6SqveyksaTepMeky7xzMt9M6WezzO2UpKSkxqSqpOqk3qS5oaM8QlI+CqH5ytzXosn6rmLGt6TOnumhoqS016LOxOHhpM6lraXjpfOlu6XrpM+kqsrcpLGkx6StpN6ku6TzoaM8QlI+PGJyPqH5m1+/ST/reI11P9K7sr/faLj0tdik2KTOpKq97KSxpM+z9sC0pN6ku6TzoaM8QlI+PGJyPqH5lXLpZ9a4tqikzzGx46OoOS0xNJVyo6mhojKx46OoMTItMTiVcqOpoaK9S8jVseOjqDktMTiVcqOppM6k36TIpMqk6qTepLmhozxCUj4KP7XY0/Kky6TopMOkxsXky82kzurXyNWkrM/etqiktaTspOuI9rrPpOShopVy6WfWuLaopKyz0KTspMqkpIj2us+krKS0pLakpKTepLmhozxCUj48YnI+PC90ZD4gPC90cj4gCjwvdGFibGU+Cjx0YWJsZSB3aWR0aD0iMTAwJSIgYm9yZGVyPSIwIiBjZWxsc3BhY2luZz0iMSIgY2VsbHBhZGRpbmc9IjgiIGNsYXNzPSJpX2thbnJlbiI+Cjx0cj48dGQgY29sc3Bhbj0iMiIgYmdjb2xvcj0iI0YzRjNGMyI+IDxiPjxmb250IGNvbG9yPSIjMzMzMzMzIj7pdt9CyczGtzwvZm9udD48L2I+IDwvdGQ+PC90cj4KPHRyPjx0aD6lt6XqqWClutK700U8L3RoPgo8dGQgY2xhc3M9Iml2YWwiIGJnY29sb3I9IiNGRkZGRkYiPuuKhNOl2aXDpckoR1ItMDJGKSAxTaXVpeypYKXgIKXVpeypYKXgpM6k3yClt6XzpbCl6yA8QlI+PEJSPgrrioTTpdmlw6XJKEdSLTAyRikgMU2l1aXsqWCl4CCl1aXsqWCl4KTOpN8gpbul36XApdal6yA8QlI+PEJSPgrrioTTpdmlw6XJKEdSLTAyRikgMk2l1aXsqWCl4CCl1aXsqWCl4KTOpN8gpbel86WwpesgPEJSPjxCUj4K64qE06XZpcOlyShHUi0wMkYpIDJNpdWl7KlgpeAgpdWl7KlgpeCkzqTfIKW7pd+lwKXWpesgPEJSPjxCUj4K64qE06XZpcOlyShHUi0wMkYpIDJNpdWl7KlgpeAgpe+lpKXkpeyluSCl1aXsqWCl4KTOpN8gpbul36XApdal6yA8QlI+PEJSPgrrioTTpdmlw6XJKEdSLTAyRikgMk2l1aXsqWCl4CCl76WkpeSl7KW5IKXVpeypYKXgpM6k3yClu6XfpcCl1qXrIDxCUj48QlI+CuuKhNOl2aXDpckoR1ItMDJGKSAxTaXVpeypYKXgIKXepcOlyLi2IKW3pfOlsKXrIDxCUj48QlI+CuuKhNOl2aXDpckoR1ItMDJGKSAxTaXVpeypYKXgIKXepcOlyLi2IKW7pd+lwKXWpesgPEJSPjxCUj4K64qE06XZpcOlyShHUi0wMkYpIDJNpdWl7KlgpeAgpd6lw6XIuLYgpbel86WwpesgPEJSPjxCUj4K64qE06XZpcOlyShHUi0wMkYpIDJNpdWl7KlgpeAgpd6lw6XIuLYgpbul36XApdal6yA8QlI+PEJSPgrrioTTpdmlw6XJKEdSLTAyRikgMk2l1aXsqWCl4CCl76WkpeSl7KW5IKXepcOlyLi2IKW7pd+lwKXWpesgPEJSPjxCUj4K64qE06XZpcOlyShHUi0wMkYpIDJNpdWl7KlgpeAgpe+lpKXkpeyluSCl3qXDpci4tiClu6XfpcCl1qXrIDxCUj48QlI+PC90ZD4KPC90cj4KPC90YWJsZT4KPHRhYmxlIHdpZHRoPSIxMDAlIiBib3JkZXI9IjAiIGNlbGxzcGFjaW5nPSIxIiBjZWxscGFkZGluZz0iOCIgY2xhc3M9Imlfc3BlYyI+PHRyPjx0ZCBjb2xzcGFuPSIyIiBiZ2NvbG9yPSIjRjNGM0YzIj4KPGI+PGZvbnQgY29sb3I9IiMzMzMzMzMiPtSUvJo/pbml2qXDpa88L2ZvbnQ+PC9iPjwvdGQ+PC90cj4KPHRyPgo8dGg+yczGt9Vow/c8L3RoPgo8dGQgY2xhc3M9ImlleHBsYW5hdGlvbiIgYmdjb2xvcj0iI0ZGRkZGRiI+n2/xaqTOpMqkpM+0vpqktaTspL+lx6W2paSl86TOpdilw6XJpdypYKXJpM/JoqTppKuk6qSspMGkytXt1KqkrL/gytakyre9pMukqoThpOGkx6S5oaOkuaTDpK2k6qS3pL+DnqS3pKTEvsS/pKzDwKS3pKShou+WpK2kuqTL6Uykr8q5pKik66XZpcOlyaTHpLmhozxicj7rioTTpdmlw6XJpMukz9KKpKikyqSkpbel86XXpeukyqXHpbalpKXzpM6lsKXppfOlx6Wjpdmlw6XJpbel6qlgpbqho6XZpcOlyaTYpM7G8KStyc+krKTqpOSBXKTqvbWk6qTy0WHW+qS3pMakr6TspN6kuaGjpdylv6XzpKzKuaSkpOSkuaSkpeql4qWzpfOkx7LZ1/ek4rqGhWekx6S5oaM8YnI+MqXiqWClv6lgKKXvpaSl5KXspbml6qXipbOl8ymlv6Wkpdekz6GisbPJz6SypMi9xcnPpLKkrIRlhNPX96THv8mE06S3pN6kuaGjCqXvpaSl5KXspbml6qXipbOl86THCrLZ1/ekrLqGhWejoTxicj48L3RkPgo8L3RyPgo8dHI+Cjx0aD6ltaWkpboovHMpPC90aD4KPHRkIGNsYXNzPSJpc2l6ZSIgYmdjb2xvcj0iI0ZGRkZGRiI+pdmlw6XJsb7M5aO6t/k5OKHBsMLQ0DIwMC44ocG43zg3Y20otLLD5rjfo7oyNmNtKTxicj6l3qXDpcil7KW5o7q3+Tk3ocGwwtDQMTk1ocG43zE3Y208YnI+PC90ZD4KPC90cj4KPHRyPgo8dGg+ssQg2Xw8L3RoPgo8dGQgY2xhc3M9ImltYXRlcmlhbCIgYmdjb2xvcj0iI0ZGRkZGRiI+pdel6qXzpci7r7uSsOUopdilw6XJpdypYKXJpM6k36WopfOl3KW5vNO5pCk8YnI+tLKw5T+yvI+IpOo8YnI+ob6l3qXDpcil7KW5ob+l3qWkpa+l7aW5pdel6qXzpbChooLIyfq12D+ly6XDpcg8YnI+PC90ZD4KPC90cj4KPHRyPgo8dGg+vU3BojwvdGg+Cjx0ZCBjbGFzcz0iaWt1bWl0YXRlIiBiZ2NvbG9yPSIjRkZGRkZGIj6kqr/NmJS9TcGiKLTzyMsyw/ujurxzMzC31ik8YnI+PC90ZD4KPC90cj4KPHRyPgo8dGg+yfquYrn6PC90aD4KPHRkIGNsYXNzPSJpY291bnRyeSIgYmdjb2xvcj0iI0ZGRkZGRiI+yNWxvjxicj48L3RkPgo8L3RyPgo8dHI+Cjx0aD6kvaTOy/s/16LS4srC7Zc8L3RoPgo8dGQgY2xhc3M9ImlhdHRudHh0IiBiZ2NvbG9yPSIjRkZGRkZGIj4ypeKpYKW/qWAope+lpKXkpeyluSmjurGzyc+ksj+9xcnPpLKhoYRlhNPX96S5pOulv6Wkpdcope+lpKXkpeyluaXqpeKls6XzuLYpPGJyPgo8L3RkPgo8L3RyPgo8L3RhYmxlPjxiciBzdHlsZT0iY2xlYXI6Ym90aCIgLz4=,pdWl6aXzpbml2aXDpckg64qE06XZpcOlyShHUi0wMkYpIDKl4qlgpb+pYKXVpeypYKXgIKXvpaSl5KXspbkgpd6lw6XIpeylubi2KFJYLTAzMCkgpbul36XApdal6yCxs8nPpLKkyL3Fyc+ksqSshGWE09f3IKXvpaSl5KXspbml6qXipbOl8yDrioTTpeqlr6XppaSly6XzpbCl2aXDpckgxL7RdaXZpcOlySBncmFuZHkgpbml16XqpfOlsKXepcOlyKXspbm4tiBmcmFuY2ViZWQgMsTqsaPUXri2IKXVpeml86W5pdmlw6XJ1f3Sjsa3o7pCOTk=,pdWl6aXzpbml2aXDpckg64qE06XZpcOlyShHUi0wMkYpIDKl4qlgpb+pYKXVpeypYKXgIKXvpaSl5KXspbkgpd6lw6XIpeylubi2KFJYLTAzMCkgpbul36XApdal6yCxs8nPpLKkyL3Fyc+ksqSshGWE09f3IKXvpaSl5KXspbml6qXipbOl8yDrioTTpeqlr6XppaSly6XzpbCl2aXDpckgxL7RdaXZpcOlySBncmFuZHkgpbml16XqpfOlsKXepcOlyKXspbm4tiBmcmFuY2ViZWQgMsTqsaPUXri2IKXVpeml86W5pdmlw6XJ1f3Sjsa3,64qE06XZpcOlyShHUi0wMkYpIDKl4qlgpb+pYKXVpeypYKXgIKXvpaSl5KXspbkgpd6lw6XIpeylubi2oaOl1aXppfOluaXZpcOlySDrioTTpdmlw6XJKEdSLTAyRikgMqXiqWClv6lgpdWl7KlgpeAgpe+lpKXkpeyluSCl3qXDpcil7KW5uLYoUlgtMDMwKSClu6XfpcCl1qXrILGzyc+ksqTIvcXJz6SypKyEZYTT1/cgpe+lpKXkpeyluaXqpeKls6XzIOuKhNOl6qWvpemlpKXLpfOlsKXZpcOlySDEvtF1pdmlw6XJIGdyYW5keSCluaXXpeql86Wwpd6lw6XIpeylubi2IGZyYW5jZWJlZCAyxOqxo9ReuLYgpdWl6aXzpbml2aXDpcnV/dKOxrc=[rn]
40-32961,aHR0cDovL3RzaG9wLnIxMHMuanAvYmVzdDk5L2NhYmluZXQvb3NhNi8yOTYwMTUyLmpwZz9maXRpbj03MDA6NzAw,MTUyMjI4LjAwMDA=,,paSl86XGpeqloj/H3r7fP4WnvHsgPiCl2aXDpckgPiDrioTTP6Xqpa+l6aWkpcul86Wwpdmlw6XJ,pdWl6aXzpbml2aXDpckg64qE06XZpcOlySCl6qWvpemlpKXLpfOlsKXZpcOlySDF77i2pK0gT9DN1qfUrqXQqWC4tiClt6W5pcal4KXVpaGl66XJMqXiqWClv6lgIKXVpeypYKXgpM6k3yClt6XzpbCl6y9mcmFuY2ViZWQgRjItTyAyTSDrioTTpeqlr6XppaSly6XzpbCl2aXDpckg64qE06XZpcOlySC+tMDPpM7I1SCkqsTqvMSk6ii0+tL9sru/ySko6V+XedRP1sOfb8HPKSDLzcHPn2/Bzw==,pdWl6aXzpbml2aXDpckgpdWl7KlgpeCkzqTfIEYyLU8gMk0gUw==,Cgo8YnI+PGJyPjxpbWcgc3JjPSJodHRwczovL2ltYWdlLnJha3V0ZW4uY28uanAvaS1vZmZpY2UxL2NhYmluZXQvdGFrZTExLzE2OV9rYWlrb25fZnJlZS5qcGciPjxicj48YnI+PHAgY2xhc3M9ImRlbGl2X2ZlZV9ob2t1Ij6xsbqjtcCk2KTOxeTLzaTPhGXNvsvNwc+krKSrpKuk6qTepLmhozxicj6xsbqjtcDLzcHPo7qhvrGxNaG/pb+lpKXXPC9wPgo8cCBzdHlsZT0iZm9udC1zaXplOiAxMnB4OyBjb2xvcjojQ0MwMDAwOyI+ofmVculn1ri2qKTPMbHjo6g5LTE0lXKjqaGiMrHjo6gxMi0xOJVyo6mhor1LyNWx46OoOS0xOJVyo6mkzqTfpMikyqTqpN6kuaGjPEJSPqH5tdjT8qTLpOikw6TGxeTLzaTO6tfI1aSsz962qKS1pOyk64j2us+k5KGilXLpZ9a4tqikrLPQpOykyqSkiPa6z6SspLSktqSkpN6kuaGjPEJSPqH5m1+/SaGi63iNdaTYpM6kqr3spLGkz7P2wLSk3qS7pPOhozxCUj48QlI+PC9wPjxwPjxpbWcgc3JjPSJodHRwczovL2ltYWdlLnJha3V0ZW4uY28uanAvaS1vZmZpY2UxL2NhYmluZXQvY2FtL2RpYmlraS5naWYiIGFsdD0itPq98NL9k1Gyu7/JyczGtyIgYm9yZGVyPSIwIiA+PC9wPgo8cCBzdHlsZT0iZm9udC1zaXplOiAxMnB4OyBjb2xvcjojQ0MwMDAwOyI+ofKxvsnMxrekzqSq1qeSQqSkt723qKTPoaKhuLT6vfDS/ZNRobmkzta4tqikrKTHpK2k3qS7pPOhowqlt6W5pcal4MnPoaKhuLT60v2yu7/JobnJzMa3pOKhuLT6vfDS/ZNRobmkzt94kmukrKTHpK2k3qS5pKyhogq0+r3w0v2TUaTHpM6bUZxnpKykx6StpN6ku6TzpM6kx6Gipa+l7KW4pcOlyKWrqWClyaTipLekr6TPoaIKx7CSQqSko6ils6XzpdOly5tRnGehouN50NDV8d56o6mkx6TOm1GcZ994kmuk8qSq7oqkpKSkpL+kt6TepLmhozxicj4KPEJSPqG+xeTLzdRP1sOfb8HPpbWpYKXTpbnW0KG/6V+XeT+9TcGi1E/Ww6SsvfGkwKSxn2/Bz6WtpeOl86XaqWCl89bQo6E8QlI+PC9wPjxwPjxGb250IFNpemU9IjQiPqW3pbmlxqXgpdWloaXrpcmlt6XqqWCluqTPpLOkwaTpoe88L2ZvbnQ+PC9wPgo8cCBzdHlsZT0iZm9udC1zaXplOjE0cHg7IGNvbG9yOiNGRjAwMDA7IGxpbmUtaGVpZ2h0OjIwcHgiPgqh+aXVpeml86W5pdmlw6XJpM7Rdca3pM/K3NeiyfquYsa3pMekuaGjpLTXos7EpKuk6bBry82k3qTHMTDI1aSrpOky30zpZ7PMpKqVculnpPLtlKSviPa6z6SspLSktqSkpN6kuaGjpLTBy7PQz8KktaSkoaM8YnI+CjwvcD4KofbJzMa31WjD9zxicj4KyrmkpKTkpLmktaTkmt2z1qTBwbyktaTH33ik1qGi2E64u6TKpdCl6qWoqWClt6XnpfOkzqG4pbeluaXGpeCl1aWhpeulyaG5pbel6qlgpbqhozxicj5P0M3Wp9SupdCpYLi2pK2hozxicj62wMGioaLfQoTTv8mE06TOsbOk4qS/pOyl6qWvpemlpKXLpfOlsJlDxNyjqLxzNzCh46OppMi9xcnPpLKZQ8Tco6i8czIwoeOjqTKl4qlgpb+pYKW/paSl16GjPGJyPqH5pd6lw6XIpeyluaTKpLelv6Wkpdehozxocj4KpbWlpKW6o7q3+TEwMy41ocHpTKS1MjAzLjWhwbjfpLU4MKHBtLLD5rjfMzkvNDYuNS81NGNto6i9TcGilXKky6Ozts7rQdV7uZ2/ycTco6k8YnI+ofnWp9SupdCpYMihpOq4tqSxlXKhorf5pM+jqzEuMWNtpMukyqTqpN6kuaGjPGhyPgqyxNl8o7rW97LEL7uvu5Kw5Txocj4KvU3BoqO6pKq/zZiUvU3Bojxocj4Kpaul6algo7qlpqWnpfOluKOoV0WjqS+l06lgpcGjqEJDSKOpPGhyPgrXotLiysLtl6O6PGJyPgo/yczGt7utz/Gkz8mrus+kpKTky9iyxLjQpKyMZ+tIpM7JzMa3pMiukKTKpOuI9rrPpKyktKS2pKSk3qS5oaM8YnI+CgogP6Xipculv6lgP6XHpaOluaXXpeylpKTLpOikw6TGpOLQtKTqt72krInkpOqk3qS5oaPT6KThpLTBy7PQpK+kwKS1pKShozxicj48c3R5bGUgdHlwZT0idGV4dC9jc3MiPgpAY2hhcnNldCAidXRmLTgiOwovKiBDU1MgRG9jdW1lbnQgKi8KCjwvc3R5bGU+CgoKCjxicj48YnI+CjxpbWcgc3JjPSJodHRwOi8vaW1hZ2UucmFrdXRlbi5jby5qcC9iZXN0OTkvY2FiaW5ldC8wMzk0MjA4MC9iZWRfbWVpbi5qcGciIHdpZHRoPSI4NDAiIC8+CgoKCgo8L2h0bWw+,pdWl6aXzpbml2aXDpckg64qE06XZpcOlySCl6qWvpemlpKXLpfOlsKXZpcOlySDF77i2pK0gT9DN1qfUrqXQqWC4tiClt6W5pcal4KXVpaGl66XJMqXiqWClv6lgIKXVpeypYKXgpM6k3yClt6XzpbCl6y9mcmFuY2ViZWQgRjItTyAyTSDrioTTpeqlr6XppaSly6XzpbCl2aXDpckg64qE06XZpcOlySC+tMDPpM7I1SCkqsTqvMSk6ii0+tL9sru/ySko6V+XedRP1sOfb8HPKSDLzcHPn2/Bz6O6Qjk5,pdWl6aXzpbml2aXDpckg64qE06XZpcOlySCl6qWvpemlpKXLpfOlsKXZpcOlySDF77i2pK0gT9DN1qfUrqXQqWC4tiClt6W5pcal4KXVpaGl66XJMqXiqWClv6lgIKXVpeypYKXgpM6k3yClt6XzpbCl6y9mcmFuY2ViZWQgRjItTyAyTSDrioTTpeqlr6XppaSly6XzpbCl2aXDpckg64qE06XZpcOlySC+tMDPpM7I1SCkqsTqvMSk6ii0+tL9sru/ySko6V+XedRP1sOfb8HPKSDLzcHPn2/Bzw==,pdWl6aXzpbml2aXDpckgpdWl7KlgpeCkzqTfIEYyLU8gMk0gU6GjpdWl6aXzpbml2aXDpckg64qE06XZpcOlySCl6qWvpemlpKXLpfOlsKXZpcOlySDF77i2pK0gT9DN1qfUrqXQqWC4tiClt6W5pcal4KXVpaGl66XJMqXiqWClv6lgIKXVpeypYKXgpM6k3yClt6XzpbCl6y9mcmFuY2ViZWQgRjItTyAyTSDrioTTpeqlr6XppaSly6XzpbCl2aXDpckg64qE06XZpcOlySC+tMDPpM7I1SCkqsTqvMSk6ii0+tL9sru/ySko6V+XedRP1sOfb8HPKSDLzcHPn2/Bzw==[rn]
40-32962,aHR0cDovL3RzaG9wLnIxMHMuanAvYmVzdDk5L2NhYmluZXQvaDYvMjkwMTc1NS5qcGc/Zml0aW49NzAwOjcwMA==,MTUxMjAwLjAwMDA=,,paSl86XGpeqloj/H3r7fP4WnvHsgPiCl2aXDpckgPiDrioTTP6Xqpa+l6aWkpcul86Wwpdmlw6XJ,pdWl6aXzpbml2aXDpckgpeqlr6XppaSly6XzpbCl2aXDpcmh7+uKhNOl2aXDpcmjq6XepcOlyKXspbmlu6XDpcggpdel7KWqpcOlr6W5UE8to8YzIDGl4qlgpb+pYKOrpd6lpKWvpe1SWC1Wpd6lw6XIpeyluSClu6XfpcCl1qXrIKW7pd+lwKXWpesgpbul36XApdal66XZpcOlySClu6XfpcCl1qXrpdmlw6XIIKXtqWAotPrS/bK7v8kpKOlfl3nUT9bDn2/Bzykgy83Bz59vwc8=,pdWl6aXzpbml2aXDpckg64qE06XZpcOlySul3qXDpcil7KW5IKXXpeylqqXDpa+luSClu6XfpcCl1qXr,Cgo8YnI+PGJyPjxpbWcgc3JjPSJodHRwczovL2ltYWdlLnJha3V0ZW4uY28uanAvYmVzdDk5L2NhYmluZXQvdGFrZTExLzE2OV9rYWlrb25fZnJlZS5qcGciPjxicj48YnI+PGltZyBzcmM9Imh0dHBzOi8vaW1hZ2UucmFrdXRlbi5jby5qcC9iZXN0OTkvY2FiaW5ldC9oNi9mcmFuY2ViZWRfbWljcm9yeHYuanBnIiA+ofml3qXDpcil7KW5ysuYlInkuPykzqS/pOHJ+rXYpceltqWkpfOkrInkuPykyKTKpOqk3qS3pL+ho6S0wcuz0KSvpMCktaSkoaM8YnI+PHAgY2xhc3M9ImRlbGl2X2ZlZV9ob2t1Ij6xsbqjtcCk2KTOxeTLzaTPhGXNvsvNwc+krKSrpKuk6qTepLmhozxicj6xsbqjtcDLzcHPo7qhvrGxNaG/pb+lpKXXPC9wPgo8cCBzdHlsZT0iZm9udC1zaXplOiAxMnB4OyBjb2xvcjojQ0MwMDAwOyI+ofmVculn1ri2qKTPMbHjo6g5LTE0lXKjqaGiMrHjo6gxMi0xOJVyo6mhor1LyNWx46OoOS0xOJVyo6mkzqTfpMikyqTqpN6kuaGjPEJSPqH5tdjT8qTLpOikw6TGxeTLzaTO6tfI1aSsz962qKS1pOyk64j2us+k5KGilXLpZ9a4tqikrLPQpOykyqSkiPa6z6SspLSktqSkpN6kuaGjPEJSPqH5m1+/SaGi63iNdaTYpM6kqr3spLGkz7P2wLSk3qS7pPOhozxCUj48L3A+PHA+PGltZyBzcmM9Imh0dHBzOi8vaW1hZ2UucmFrdXRlbi5jby5qcC9iZXN0OTkvY2FiaW5ldC9jYW0vZGliaWtpLmdpZiIgYWx0PSK0+r3w0v2TUbK7v8nJzMa3IiBib3JkZXI9IjAiID48L3A+CjxwIHN0eWxlPSJmb250LXNpemU6IDEycHg7IGNvbG9yOiNDQzAwMDA7Ij6h8rG+yczGt6TOpKrWp5JCpKS3vbeopM+hoqG4tPq98NL9k1GhuaTO1ri2qKSspMekraTepLuk86GjCqW3pbmlxqXgyc+hoqG4tPrS/bK7v8mhucnMxrek4qG4tPq98NL9k1GhuaTO33iSa6SspMekraTepLmkrKGiCrT6vfDS/ZNRpMekzptRnGekrKTHpK2k3qS7pPOkzqTHoaKlr6Xspbilw6XIpaupYKXJpOKkt6SvpM+hogrHsJJCpKSjqKWzpfOl06XLm1GcZ6Gi43nQ0NXx3nqjqaTHpM6bUZxn33iSa6TypKruiqSkpKSkv6S3pN6kuaGjPGJyPgo8QlI+ob7F5MvN1E/Ww59vwc+ltalgpdOludbQob/pX5d5P71NwaLUT9bDpKy98aTApLGfb8HPpa2l46XzpdqpYKXz1tCjoTxCUj48L3A+PEZPTlQgY29sb3I9I0ZGMDAwMCBzaXplPSIyIj48L0ZPTlQ+PGJyPjxicj6h9snMxrfVaMP3PGJyPgqlsKXqpcOl16TkpbWlpKXJpeypYKXrpKzIobi2v8nE3KTKoaLrioTTpeqlr6XppaSly6XzpbChuKXXpeylqqXDpa+luaG5oaGlz6WkpdWlw6XIpPLfeKTZpNChoqW3pculoqTOt72kzsq508Oky6TisLLQxD+wssiroaM8YnI+pbWlpKW6o7q3+TEzMS4yocHpTKS1MjAzLjKhwbjfpLU4MqHBpdWlw6XJuN80NT+0ssPmuN8yMz8zMC41Y208YnI+Clul1aXsqWCl4F27r7uSsOWhotK7zOXQzaW5pcGpYKXro9Kj2KXVpeypYKXgo6i0srDlsr+juqXvpaSl5KlgpeGlw6W3peWjqTxicj4KW6WrpempYF2lwKlgpa+lpqWpqWCl66XKpcOlyKGipdqpYKXrpaqpYKWvPGJyPgpbtqi48c/72U3risGmXTExMKPXPGJyPgpbzNiP1V2lyaWkpcTRdTGl4qlgpb+pYKOosbPJz6SyNjWh4z+9xcnPpLIzMKHj30KE06OpCjxicj6l1aXsqWCl4LjfpLUyts7Ve7mdv8nE3KOovU3BopVyo6kKPGJyPqW1paSlyaXsqWCl68ihuLa/ycTcCjxicj6loqlgpeDKvaPMo8WjxNVplfi1xsihuLa/ycTcCqXepcOlyKXspbmjuqXepaSlr6XtUlgtVqXepcOlyKXspbk8YnI+pbWlpKW6o7q3+TEyMqHB6UyktTEyMrjfpLUxMmNtPGJyPgpbpbml16XqpfOlsF2xodDNPGJyPtei0uLKwu2XPGJyPjxicj4/yczGt7utz/Gkz8mrus+kpKTky9iyxLjQpKyMZ+tIpM7JzMa3pMiukKTKpOuI9rrPpKyktKS2pKSk3qS5oaM8YnI+PHN0eWxlIHR5cGU9InRleHQvY3NzIj4KQGNoYXJzZXQgInV0Zi04IjsKLyogQ1NTIERvY3VtZW50ICovCgo8L3N0eWxlPgoKCgo8YnI+PGJyPgo8aW1nIHNyYz0iaHR0cDovL2ltYWdlLnJha3V0ZW4uY28uanAvYmVzdDk5L2NhYmluZXQvMDM5NDIwODAvYmVkX21laW4uanBnIiB3aWR0aD0iODQwIiAvPgoKCgoKPC9odG1sPg==,pdWl6aXzpbml2aXDpckgpeqlr6XppaSly6XzpbCl2aXDpcmh7+uKhNOl2aXDpcmjq6XepcOlyKXspbmlu6XDpcggpdel7KWqpcOlr6W5UE8to8YzIDGl4qlgpb+pYKOrpd6lpKWvpe1SWC1Wpd6lw6XIpeyluSClu6XfpcCl1qXrIKW7pd+lwKXWpesgpbul36XApdal66XZpcOlySClu6XfpcCl1qXrpdmlw6XIIKXtqWAotPrS/bK7v8kpKOlfl3nUT9bDn2/Bzykgy83Bz59vwc+jukI5OQ==,pdWl6aXzpbml2aXDpckgpeqlr6XppaSly6XzpbCl2aXDpcmh7+uKhNOl2aXDpcmjq6XepcOlyKXspbmlu6XDpcggpdel7KWqpcOlr6W5UE8to8YzIDGl4qlgpb+pYKOrpd6lpKWvpe1SWC1Wpd6lw6XIpeyluSClu6XfpcCl1qXrIKW7pd+lwKXWpesgpbul36XApdal66XZpcOlySClu6XfpcCl1qXrpdmlw6XIIKXtqWAotPrS/bK7v8kpKOlfl3nUT9bDn2/Bzykgy83Bz59vwc8=,pdWl6aXzpbml2aXDpckg64qE06XZpcOlySul3qXDpcil7KW5IKXXpeylqqXDpa+luSClu6XfpcCl1qXroaOl1aXppfOluaXZpcOlySCl6qWvpemlpKXLpfOlsKXZpcOlyaHv64qE06XZpcOlyaOrpd6lw6XIpeyluaW7pcOlyCCl16Xspaqlw6WvpblQTy2jxjMgMaXiqWClv6lgo6ul3qWkpa+l7VJYLVal3qXDpcil7KW5IKW7pd+lwKXWpesgpbul36XApdal6yClu6XfpcCl1qXrpdmlw6XJIKW7pd+lwKXWpeul2aXDpcggpe2pYCi0+tL9sru/ySko6V+XedRP1sOfb8HPKSDLzcHPn2/Bzw==[rn]
40-32963,aHR0cDovL3RzaG9wLnIxMHMuanAvYmVzdDk5L2NhYmluZXQvb3NhNi8yOTYwMDQ5LmpwZz9maXRpbj03MDA6NzAw,MTgwMDAwLjAwMDA=,,paSl86XGpeqloj/H3r7fP4WnvHsgPiCl2aXDpckgPiDrioTTP6Xqpa+l6aWkpcul86Wwpdmlw6XJ,pdWl6aXzpbml2aXDpckg64qE06XZpcOlySDF77i2pK0g1dXD97i2pK0gT9DN1qfUrqXQqWC4tiClt6W5pcal4KXVpaGl66XJMaXiqWClv6lgo6tTpdWloaXrpclSWKXepcOlyCClt6XzpbCl6y9mcmFuY2ViZWQgQzEtTyAxTSDrioTTpeqlr6XppaSly6XzpbCl2aXDpckg64qE06XZpcOlySC+tMDPpM7I1SCkqsTqvMSk6ii0+tL9sru/ySko6V+XedRP1sOfb8HPKSDLzcHPn2/Bzw==,pdWl6aXzpbml2aXDpckgQzEtTyAxTSBTo6ZTpdWloaXrpclSWKXepcOlyA==,Cgo8YnI+PGJyPjxpbWcgc3JjPSJodHRwczovL2ltYWdlLnJha3V0ZW4uY28uanAvaS1vZmZpY2UxL2NhYmluZXQvdGFrZTExLzE2OV9rYWlrb25fZnJlZS5qcGciPjxicj48YnI+PHAgY2xhc3M9ImRlbGl2X2ZlZV9ob2t1Ij6xsbqjtcCk2KTOxeTLzaTPhGXNvsvNwc+krKSrpKuk6qTepLmhozxicj6xsbqjtcDLzcHPo7qhvrGxNaG/pb+lpKXXPC9wPgo8cCBzdHlsZT0iZm9udC1zaXplOiAxMnB4OyBjb2xvcjojQ0MwMDAwOyI+ofmVculn1ri2qKTPMbHjo6g5LTE0lXKjqaGiMrHjo6gxMi0xOJVyo6mhor1LyNWx46OoOS0xOJVyo6mkzqTfpMikyqTqpN6kuaGjPEJSPqH5tdjT8qTLpOikw6TGxeTLzaTO6tfI1aSsz962qKS1pOyk64j2us+k5KGilXLpZ9a4tqikrLPQpOykyqSkiPa6z6SspLSktqSkpN6kuaGjPEJSPqH5m1+/SaGi63iNdaTYpM6kqr3spLGkz7P2wLSk3qS7pPOhozxCUj48QlI+PC9wPjxwPjxpbWcgc3JjPSJodHRwczovL2ltYWdlLnJha3V0ZW4uY28uanAvaS1vZmZpY2UxL2NhYmluZXQvY2FtL2RpYmlraS5naWYiIGFsdD0itPq98NL9k1Gyu7/JyczGtyIgYm9yZGVyPSIwIiA+PC9wPgo8cCBzdHlsZT0iZm9udC1zaXplOiAxMnB4OyBjb2xvcjojQ0MwMDAwOyI+ofKxvsnMxrekzqSq1qeSQqSkt723qKTPoaKhuLT6vfDS/ZNRobmkzta4tqikrKTHpK2k3qS7pPOhowqlt6W5pcal4MnPoaKhuLT60v2yu7/JobnJzMa3pOKhuLT6vfDS/ZNRobmkzt94kmukrKTHpK2k3qS5pKyhogq0+r3w0v2TUaTHpM6bUZxnpKykx6StpN6ku6TzpM6kx6Gipa+l7KW4pcOlyKWrqWClyaTipLekr6TPoaIKx7CSQqSko6ils6XzpdOly5tRnGehouN50NDV8d56o6mkx6TOm1GcZ994kmuk8qSq7oqkpKSkpL+kt6TepLmhozxicj4KPEJSPqG+xeTLzdRP1sOfb8HPpbWpYKXTpbnW0KG/6V+XeT+9TcGi1E/Ww6SsvfGkwKSxn2/Bz6WtpeOl86XaqWCl89bQo6E8QlI+PC9wPjxwPjxGb250IFNpemU9IjQiPqW3pbmlxqXgpdWloaXrpcmlt6XqqWCluqTPpLOkwaTpoe88L2ZvbnQ+PC9wPgo8cCBzdHlsZT0iZm9udC1zaXplOjE0cHg7IGNvbG9yOiNGRjAwMDA7IGxpbmUtaGVpZ2h0OjIwcHgiPgqh+aXVpeml86W5pdmlw6XJpM7Rdca3pM/K3NeiyfquYsa3pMekuaGjpLTXos7EpKuk6bBry82k3qTHMTDI1aSrpOky30zpZ7PMpKqVculnpPLtlKSviPa6z6SspLSktqSkpN6kuaGjpLTBy7PQz8KktaSkoaM8YnI+CjwvcD6h9snMxrfVaMP3PGJyPgrKuaSkpOSkuaS1pOSa3bPWpMHBvKS1pMffeKTWoaLYTri7pMql0KXqpaipYKW3peel86TOobilt6W5pcal4KXVpaGl66XJobmlt6XqqWCluqGjPGJyPgpP0M3Wp9SupdCpYLi2pK2hozxicj6xs6TipL+k7KXqpa+l6aWkpcul86WwmUPE3KOovHM3MKHjo6mkzjGl4qlgpb+pYKW/paSl16GjPGJyPgql2KXDpcml3Klgpcmky6TPlXLTi6TKpMmk8tbDpK+ks6TIpM6kx6StpOvF76SspKKk6qGipbmlpKXzpbCl6aWkpci4tqStoaM8YnI+peqlr6XppaSly6XzpbCl3qXDpcil7KW5P1Ol1aWhpeulyVJYpd6lw6XIpeylubi2pK2hozxocj6ltaWkpbqjurf5MTAzLjUoMTIyLjUpocHpTKS1MjIxocG436S1NzkuNSgxMDguNSmhwQq0ssPmuN8zOS80Ni41LzU0Y22jqL1NwaKVcqTLo7O2zutB1Xu5nb/JxNyjqTxicj6h+aXepcOlyKXspbm68TE3Y208YnI+ofnWp9SupdCpYMihpOq4tqSxlXKhorf5pM+jqzEuMWNtpMukyqTqpN6kuaGjPGhyPrLE2Xyjutb3ssQvu6+7krDlPGhyPgqC5L+8o7pbpbmlpKXzpbCl6aWkpchdz/vZTeuKwaajujQwVyAylXLpZygxyNWkoqS/pOq147XGz+u2qJVy6WcpLzGl9tTCo6Q1MC40PGJyPgo0MFejqKXhpaSl87XGo6mhojVXo6izo9K5tcajqaGisNef4euKx/IxtcbKudPDoaE8aHI+Cr1NwaKjuqSqv82YlL1NwaI8aHI+CqWrpempYKO6paalp6XzpbijqFdFo6kvpdOpYKXBo6hCQ0ijqTxocj4K16LS4srC7Zejujxicj4KP8nMxre7rc/xpM/Jq7rPpKSk5MvYssS40KSsjGfrSKTOyczGt6TIrpCkyqTriPa6z6SspLSktqSkpN6kuaGjPGJyPgogP6Xipculv6lgP6XHpaOluaXXpeylpKTLpOikw6TGpOLQtKTqt72krInkpOqk3qS5oaPT6KThpLTBy7PQpK+kwKS1pKShozxicj48c3R5bGUgdHlwZT0idGV4dC9jc3MiPgpAY2hhcnNldCAidXRmLTgiOwovKiBDU1MgRG9jdW1lbnQgKi8KCjwvc3R5bGU+CgoKCjxicj48YnI+CjxpbWcgc3JjPSJodHRwOi8vaW1hZ2UucmFrdXRlbi5jby5qcC9iZXN0OTkvY2FiaW5ldC8wMzk0MjA4MC9iZWRfbWVpbi5qcGciIHdpZHRoPSI4NDAiIC8+CgoKCgo8L2h0bWw+,pdWl6aXzpbml2aXDpckg64qE06XZpcOlySDF77i2pK0g1dXD97i2pK0gT9DN1qfUrqXQqWC4tiClt6W5pcal4KXVpaGl66XJMaXiqWClv6lgo6tTpdWloaXrpclSWKXepcOlyCClt6XzpbCl6y9mcmFuY2ViZWQgQzEtTyAxTSDrioTTpeqlr6XppaSly6XzpbCl2aXDpckg64qE06XZpcOlySC+tMDPpM7I1SCkqsTqvMSk6ii0+tL9sru/ySko6V+XedRP1sOfb8HPKSDLzcHPn2/Bz6O6Qjk5,pdWl6aXzpbml2aXDpckg64qE06XZpcOlySDF77i2pK0g1dXD97i2pK0gT9DN1qfUrqXQqWC4tiClt6W5pcal4KXVpaGl66XJMaXiqWClv6lgo6tTpdWloaXrpclSWKXepcOlyCClt6XzpbCl6y9mcmFuY2ViZWQgQzEtTyAxTSDrioTTpeqlr6XppaSly6XzpbCl2aXDpckg64qE06XZpcOlySC+tMDPpM7I1SCkqsTqvMSk6ii0+tL9sru/ySko6V+XedRP1sOfb8HPKSDLzcHPn2/Bzw==,pdWl6aXzpbml2aXDpckgQzEtTyAxTSBTo6ZTpdWloaXrpclSWKXepcOlyKGjpdWl6aXzpbml2aXDpckg64qE06XZpcOlySDF77i2pK0g1dXD97i2pK0gT9DN1qfUrqXQqWC4tiClt6W5pcal4KXVpaGl66XJMaXiqWClv6lgo6tTpdWloaXrpclSWKXepcOlyCClt6XzpbCl6y9mcmFuY2ViZWQgQzEtTyAxTSDrioTTpeqlr6XppaSly6XzpbCl2aXDpckg64qE06XZpcOlySC+tMDPpM7I1SCkqsTqvMSk6ii0+tL9sru/ySko6V+XedRP1sOfb8HPKSDLzcHPn2/Bzw==[rn]
40-32964,aHR0cDovL3RzaG9wLnIxMHMuanAvYmVzdDk5L2NhYmluZXQvdGsxNC8yOTg5MTE0LmpwZz9maXRpbj03MDA6NzAw,MTkwNDAwLjAwMDA=,,paSl86XGpeqloj/H3r7fP4WnvHsgPiCl2aXDpckgPiDrioTTP6Xqpa+l6aWkpcul86Wwpdmlw6XJ,pdWl6aXzpbml2aXDpckg64qE06XZpcOlyShHUi0wMUYpIDKl4qlgpb+pYKXVpeypYKXgIKXepcOlyKXspbm4tihSWC0wMzApIKW3pfOlsKXrILGzyc+ksqTIvcXJz6SypKyEZYTT1/cg64qE06Xqpa+l6aWkpcul86Wwpdmlw6XJIMS+0XWl2aXDpckgZ3JhbmR5IKW5pdel6qXzpbCl3qXDpcil7KW5uLYgZnJhbmNlYmVkIDLE6rGj1F64tiCl1aXppfOluaXZpcOlydX90o7Gtw==,64qE06XZpcOlyShHUi0wMUYpIDKl4qlgpb+pYKXVpeypYKXgIKXepcOlyKXspbm4tihSWC0wMzApIKW3,Cgo8aW1nIHNyYz0iaHR0cHM6Ly9pbWFnZS5yYWt1dGVuLmNvLmpwL2Jlc3Q5OS9jYWJpbmV0L3RrMTQvMjk4OTExNC5qcGciPjxicj4KPGltZyBzcmM9Imh0dHBzOi8vaW1hZ2UucmFrdXRlbi5jby5qcC9iZXN0OTkvY2FiaW5ldC90azE0L2ZyYW5jZWJlZF9raWtha3UuanBnIj48YnI+CjxpbWcgc3JjPSJodHRwczovL2ltYWdlLnJha3V0ZW4uY28uanAvYmVzdDk5L2NhYmluZXQvdGsxNC9ncjAxZl9oLmpwZyI+PGJyPjxicj4KPGltZyBzcmM9Imh0dHBzOi8vaW1hZ2UucmFrdXRlbi5jby5qcC9iZXN0OTkvY2FiaW5ldC90azE0L2dyLWRfMDEuanBnIj48YnI+PGJyPgo8aW1nIHNyYz0iaHR0cHM6Ly9pbWFnZS5yYWt1dGVuLmNvLmpwL2Jlc3Q5OS9jYWJpbmV0L3RrMTQvZ3ItZF8wMy5qcGciPjxicj4KPGltZyBzcmM9Imh0dHBzOi8vaW1hZ2UucmFrdXRlbi5jby5qcC9iZXN0OTkvY2FiaW5ldC90azE0L2dyLWRfMDUuanBnIj48YnI+PGJyPgoKPGltZyBzcmM9Imh0dHBzOi8vaW1hZ2UucmFrdXRlbi5jby5qcC9iZXN0OTkvY2FiaW5ldC90azE0LzI5ODkxMDRfMDIuanBnIj48YnI+CjxpbWcgc3JjPSJodHRwczovL2ltYWdlLnJha3V0ZW4uY28uanAvYmVzdDk5L2NhYmluZXQvdGsxNC8yOTg5MTA0XzAzLmpwZyI+PGJyPgo8aW1nIHNyYz0iaHR0cHM6Ly9pbWFnZS5yYWt1dGVuLmNvLmpwL2Jlc3Q5OS9jYWJpbmV0L3RrMTQvMnllYXJfaC5qcGciPjxicj48YnI+CjxpbWcgc3JjPSJodHRwczovL2ltYWdlLnJha3V0ZW4uY28uanAvYmVzdDk5L2NhYmluZXQvdGsxNC8yOTg5MTE0XzEuanBnIiBib3JkZXI9MCI+PGJyPgo8aW1nIHNyYz0iaHR0cHM6Ly9pbWFnZS5yYWt1dGVuLmNvLmpwL2Jlc3Q5OS9jYWJpbmV0L3RrMTQvZ3IwMV9saW5rLmpwZyIgYm9yZGVyPTAiIHVzZW1hcD0iI2dyMDFfbGluayI+CjxtYXAgbmFtZT0iZ3IwMV9saW5rIj4KICA8YXJlYSBzaGFwZT0icmVjdCIgY29vcmRzPSI0MDYsMzMyLDUyMiwzNjgiIGhyZWY9Imh0dHBzOi8vaXRlbS5yYWt1dGVuLmNvLmpwL2Jlc3Q5OS8yOTg5MTExLyI+CiAgPGFyZWEgc2hhcGU9InJlY3QiIGNvb3Jkcz0iNTQzLDMzMiw2NTksMzY4IiBocmVmPSJodHRwczovL2l0ZW0ucmFrdXRlbi5jby5qcC9iZXN0OTkvMjk4OTExNy8iPgogIDxhcmVhIHNoYXBlPSJyZWN0IiBjb29yZHM9IjU0MiwyODEsNjU4LDMxNyIgaHJlZj0iaHR0cHM6Ly9pdGVtLnJha3V0ZW4uY28uanAvYmVzdDk5LzI5ODkxMTYvIj4KICA8YXJlYSBzaGFwZT0icmVjdCIgY29vcmRzPSI0MDUsMjgxLDUyMSwzMTciIGhyZWY9Imh0dHBzOi8vaXRlbS5yYWt1dGVuLmNvLmpwL2Jlc3Q5OS8yOTg5MTEwLyI+CiAgPGFyZWEgc2hhcGU9InJlY3QiIGNvb3Jkcz0iNDA2LDIzMCw1MjIsMjY2IiBocmVmPSJodHRwczovL2l0ZW0ucmFrdXRlbi5jby5qcC9iZXN0OTkvMjk4OTEwOS8iPgogIDxhcmVhIHNoYXBlPSJyZWN0IiBjb29yZHM9IjU0MywyMzAsNjU5LDI2NiIgaHJlZj0iaHR0cHM6Ly9pdGVtLnJha3V0ZW4uY28uanAvYmVzdDk5LzI5ODkxMTUvIj4KICA8YXJlYSBzaGFwZT0icmVjdCIgY29vcmRzPSI1NDMsMTc4LDY1OSwyMTQiIGhyZWY9Imh0dHBzOi8vaXRlbS5yYWt1dGVuLmNvLmpwL2Jlc3Q5OS8yOTg5MTE0LyI+CiAgPGFyZWEgc2hhcGU9InJlY3QiIGNvb3Jkcz0iNDA2LDE3OCw1MjIsMjE0IiBocmVmPSJodHRwczovL2l0ZW0ucmFrdXRlbi5jby5qcC9iZXN0OTkvMjk4OTEwOC8iPgogIDxhcmVhIHNoYXBlPSJyZWN0IiBjb29yZHM9IjQwNiwxMjksNTIyLDE2NSIgaHJlZj0iaHR0cHM6Ly9pdGVtLnJha3V0ZW4uY28uanAvYmVzdDk5LzI5ODkxMDcvIj4KICA8YXJlYSBzaGFwZT0icmVjdCIgY29vcmRzPSI1NDMsMTI5LDY1OSwxNjUiIGhyZWY9Imh0dHBzOi8vaXRlbS5yYWt1dGVuLmNvLmpwL2Jlc3Q5OS8yOTg5MTEzLyI+CjxhcmVhIHNoYXBlPSJyZWN0IiBjb29yZHM9IjU0Miw3OSw2NTgsMTE1IiBocmVmPSJodHRwczovL2l0ZW0ucmFrdXRlbi5jby5qcC9iZXN0OTkvMjk4OTExMi8iPjxhcmVhIHNoYXBlPSJyZWN0IiBjb29yZHM9IjQwNSw3OSw1MjEsMTE1IiBocmVmPSJodHRwczovL2l0ZW0ucmFrdXRlbi5jby5qcC9iZXN0OTkvMjk4OTEwNi8iPgo8L21hcD4KPGJyPjxicj48YnI+CjxpbWcgc3JjPSJodHRwczovL2ltYWdlLnJha3V0ZW4uY28uanAvYmVzdDk5L2NhYmluZXQvdGsxNC9ncmFuZHlfaGVhZGJvYXJkLmpwZyIgYm9yZGVyPTAiIHVzZW1hcD0iI2dyYW5keV9oZWFkYm9hcmQiPgo8bWFwIG5hbWU9ImdyYW5keV9oZWFkYm9hcmQiPgogIDxhcmVhIHNoYXBlPSJyZWN0IiBjb29yZHM9IjQ3LDM1MiwzMTMsNDYwIiBocmVmPSJodHRwczovL2l0ZW0ucmFrdXRlbi5jby5qcC9iZXN0OTkvMjk4OTEzMC8iPgogIDxhcmVhIHNoYXBlPSJyZWN0IiBjb29yZHM9IjM2MywzNTQsNjI5LDQ2MiIgaHJlZj0iaHR0cHM6Ly9pdGVtLnJha3V0ZW4uY28uanAvYmVzdDk5LzI5ODkxNDIvIj4KICA8YXJlYSBzaGFwZT0icmVjdCIgY29vcmRzPSIzNTgsMTU3LDYyNCwyNjUiIGhyZWY9Imh0dHBzOi8vaXRlbS5yYWt1dGVuLmNvLmpwL2Jlc3Q5OS8yOTg5MTE4LyI+CjxhcmVhIHNoYXBlPSJyZWN0IiBjb29yZHM9IjQ2LDE1NiwzMTIsMjY0IiBocmVmPSJodHRwczovL2l0ZW0ucmFrdXRlbi5jby5qcC9iZXN0OTkvMjk4OTEwNi8iPgo8L21hcD4KPGJyPgoKPGltZyBzcmM9Imh0dHBzOi8vaW1hZ2UucmFrdXRlbi5jby5qcC9iZXN0OTkvY2FiaW5ldC90azE0L2dyMDFfbGlua18yLmpwZyIgdXNlbWFwPSIjZ3IwMV9saW5rXzIiPgo8bWFwIG5hbWU9ImdyMDFfbGlua18yIiBpZD0iZ3IwMV9saW5rXzIiPgogIDxhcmVhIHNoYXBlPSJyZWN0IiBjb29yZHM9IjAsMTEsNjY5LDE2OCIgaHJlZj0iaHR0cHM6Ly9pdGVtLnJha3V0ZW4uY28uanAvYmVzdDk5LzI5MDAzMDAvIiAvPgogIDxhcmVhIHNoYXBlPSJyZWN0IiBjb29yZHM9IjM0MCwyNDMsNjY5LDM4OSIgaHJlZj0iaHR0cHM6Ly9pdGVtLnJha3V0ZW4uY28uanAvYmVzdDk5LzI5ODkxMDIvIiAvPgo8YXJlYSBzaGFwZT0icmVjdCIgY29vcmRzPSItMSwyNDMsMzI4LDM4OSIgaHJlZj0iaHR0cHM6Ly9pdGVtLnJha3V0ZW4uY28uanAvYmVzdDk5LzI5NjAyNTkvIiAvPjxhcmVhIHNoYXBlPSJyZWN0IiBjb29yZHM9Ii0zLDQwMyw2NjksNTQ5IiBocmVmPSJodHRwczovL2l0ZW0ucmFrdXRlbi5jby5qcC9iZXN0OTkvMjk4OTEwNC8iIC8+CjwvbWFwPgo8QlI+CjxpbWcgc3JjPSJodHRwczovL2ltYWdlLnJha3V0ZW4uY28uanAvYmVzdDk5L2NhYmluZXQvaDMvMjkxMDIxMWEzMS5qcGciIC8+PGJyPgo8YSBocmVmPSJodHRwczovL2l0ZW0ucmFrdXRlbi5jby5qcC9iZXN0OTkvMjkwNzEwMS8iPjxpbWcgc3JjPSJodHRwczovL2ltYWdlLnJha3V0ZW4uY28uanAvYmVzdDk5L2NhYmluZXQvaDMvMjkxMDIxMWEzMi5qcGciPjwvYT48YSBocmVmPSJodHRwczovL2l0ZW0ucmFrdXRlbi5jby5qcC9iZXN0OTkvMjkwNzIwMS8iPjxpbWcgc3JjPSJodHRwczovL2ltYWdlLnJha3V0ZW4uY28uanAvYmVzdDk5L2NhYmluZXQvaDMvMjkxMDIxMWEzMy5qcGciPjwvYT48dGFibGUgd2lkdGg9IjEwMCUiIGJvcmRlcj0iMCIgY2VsbHNwYWNpbmc9IjEiIGNlbGxwYWRkaW5nPSI4IiBjbGFzcz0iaV9pbmZvIj4KPHRyPgo8dGQgY29sc3Bhbj0iMiIgY2xhc3M9ImlfaW5mb190Ij4KPGI+PGZvbnQgY29sb3I9IiMzMzMzMzMiPqWkpfOl1aWppeGpYKW3peel8z/XotLiysLtlzwvZm9udD48L2I+CjwvdGQ+CjwvdHI+Cjx0cj4KPHRoPsvNwc+ky6TEpKSkxjwvdGg+Cjx0ZCBjbGFzcz0iaWF0dG5zb3J5byIgYmdjb2xvcj0iI0ZGRkZGRiI+PHA+PHAgY2xhc3M9ImRlbGl2X2ZlZV9ob2t1Ij6xsbqjtcCk2KTOxeTLzaTPhGXNvsvNwc+krKSrpKuk6qTepLmhozxicj6xsbqjtcDLzcHPo7qhvrGxNaG/pb+lpKXXPC9wPjwvcD4gPC90ZD4KPC90cj4KPHRyPgo8dGg+m1GcZ7e9t6iky6TEpKSkxjwvdGg+Cjx0ZCBiZ2NvbG9yPSIjRkZGRkZGIiBjbGFzcz0iaWF0dG5wZXkiPs2os6ObUZxnPGJyPjxwPqOopKrZSaSkzu+lrKWkpcmhuKSq1qeSQqSkt723qKTLpMSkpKTGobmk8qS0tF/VSqSvpMCktaSkoaOjqTwvcD48L3RkPiA8L3RyPjx0cj4KPHRoPsXkIMvNPC90aD4KPHRkIGNsYXNzPSJpYXR0bmRlbGkiIGJnY29sb3I9IiNGRkZGRkYiPqH5ytzXosn6rmLGt6TIpMqk6qTepLmho6SqveyksaTepMeky7xzMt9M6WezzO2UpKSkxqSqpOqk3qS5oaM8QlI+CqH5ytzXosn6rmLGt6TOnumhoqS016LOxOHhpM6lraXjpfOlu6XrpM+kqsrcpLGkx6StpN6ku6TzoaM8QlI+PGJyPqH5m1+/ST/reI11P9K7sr/faLj0tdik2KTOpKq97KSxpM+z9sC0pN6ku6TzoaM8QlI+PGJyPqH5lXLpZ9a4tqikzzGx46OoOS0xNJVyo6mhojKx46OoMTItMTiVcqOpoaK9S8jVseOjqDktMTiVcqOppM6k36TIpMqk6qTepLmhozxCUj4KP7XY0/Kky6TopMOkxsXky82kzurXyNWkrM/etqiktaTspOuI9rrPpOShopVy6WfWuLaopKyz0KTspMqkpIj2us+krKS0pLakpKTepLmhozxCUj48YnI+PC90ZD4gPC90cj4gCjwvdGFibGU+Cjx0YWJsZSB3aWR0aD0iMTAwJSIgYm9yZGVyPSIwIiBjZWxsc3BhY2luZz0iMSIgY2VsbHBhZGRpbmc9IjgiIGNsYXNzPSJpX2thbnJlbiI+Cjx0cj48dGQgY29sc3Bhbj0iMiIgYmdjb2xvcj0iI0YzRjNGMyI+IDxiPjxmb250IGNvbG9yPSIjMzMzMzMzIj7pdt9CyczGtzwvZm9udD48L2I+IDwvdGQ+PC90cj4KPHRyPjx0aD6lt6XqqWClutK700U8L3RoPgo8dGQgY2xhc3M9Iml2YWwiIGJnY29sb3I9IiNGRkZGRkYiPuuKhNOl2aXDpckoR1ItMDFGKSAxTaXVpeypYKXgIKXVpeypYKXgpM6k3yClt6XzpbCl6yA8QlI+PEJSPgrrioTTpdmlw6XJKEdSLTAxRikgMU2l1aXsqWCl4CCl1aXsqWCl4KTOpN8gpbul36XApdal6yA8QlI+PEJSPgrrioTTpdmlw6XJKEdSLTAxRikgMk2l1aXsqWCl4CCl1aXsqWCl4KTOpN8gpbel86WwpesgPEJSPjxCUj4K64qE06XZpcOlyShHUi0wMUYpIDJNpdWl7KlgpeAgpdWl7KlgpeCkzqTfIKW7pd+lwKXWpesgPEJSPjxCUj4K64qE06XZpcOlyShHUi0wMUYpIDJNpdWl7KlgpeAgpe+lpKXkpeyluSCl1aXsqWCl4KTOpN8gpbel86WwpesgPEJSPjxCUj4K64qE06XZpcOlyShHUi0wMUYpIDJNpdWl7KlgpeAgpe+lpKXkpeyluSCl1aXsqWCl4KTOpN8gpbel86WwpesgPEJSPjxCUj4K64qE06XZpcOlyShHUi0wMUYpIDFNpdWl7KlgpeAgpd6lw6XIuLYgpbel86WwpesgPEJSPjxCUj4K64qE06XZpcOlyShHUi0wMUYpIDFNpdWl7KlgpeAgpd6lw6XIuLYgpbul36XApdal6yA8QlI+PEJSPgrrioTTpdmlw6XJKEdSLTAxRikgMk2l1aXsqWCl4CCl3qXDpci4tiClt6XzpbCl6yA8QlI+PEJSPgrrioTTpdmlw6XJKEdSLTAxRikgMk2l1aXsqWCl4CCl3qXDpci4tiClu6XfpcCl1qXrIDxCUj48QlI+CuuKhNOl2aXDpckoR1ItMDFGKSAyTaXVpeypYKXgIKXvpaSl5KXspbkgpd6lw6XIuLYgpbel86WwpesgPEJSPjxCUj4K64qE06XZpcOlyShHUi0wMUYpIDJNpdWl7KlgpeAgpe+lpKXkpeyluSCl3qXDpci4tiClt6XzpbCl6yA8QlI+PEJSPjwvdGQ+CjwvdHI+CjwvdGFibGU+Cjx0YWJsZSB3aWR0aD0iMTAwJSIgYm9yZGVyPSIwIiBjZWxsc3BhY2luZz0iMSIgY2VsbHBhZGRpbmc9IjgiIGNsYXNzPSJpX3NwZWMiPjx0cj48dGQgY29sc3Bhbj0iMiIgYmdjb2xvcj0iI0YzRjNGMyI+CjxiPjxmb250IGNvbG9yPSIjMzMzMzMzIj7UlLyaP6W5pdqlw6WvPC9mb250PjwvYj48L3RkPjwvdHI+Cjx0cj4KPHRoPsnMxrfVaMP3PC90aD4KPHRkIGNsYXNzPSJpZXhwbGFuYXRpb24iIGJnY29sb3I9IiNGRkZGRkYiPp9v8WqkzqTKpKTPtL6apLWk7KS/pceltqWkpfOkzqXYpcOlyaXcqWClyaTPyaKk6aSrpOqkrKTBpMrV7dSqpKy/4MrWpMq3vaTLpKqE4aThpMekuaGjpLmkw6StpOqkt6S/g56kt6SkxL7Ev6Ssw8Ckt6SkoaLvlqStpLqky+lMpK/KuaSopOul2aXDpcmkx6S5oaM8YnI+64qE06XZpcOlyaTLpM/SiqSopMqkpKW3pfOl16XrpMqlx6W2paSl86TOpbCl6aXzpcelo6XZpcOlyaW3peqpYKW6oaOl2aXDpcmk2KTOxvCkrcnPpKyk6qTkgVyk6r21pOqk8tFh1vqkt6TGpK+k7KTepLmho6Xcpb+l86SsyrmkpKTkpLmkpKXqpeKls6XzpMey2df3pOK6hoVnpMekuaGjPGJyPjKl4qlgpb+pYKW/paSl16TPoaKxs8nPpLKkyL3Fyc+ksqSshGWE09f3pMe/yYTTpLek3qS5oaM8YnI+PC90ZD4KPC90cj4KPHRyPgo8dGg+pbWlpKW6KLxzKTwvdGg+Cjx0ZCBjbGFzcz0iaXNpemUiIGJnY29sb3I9IiNGRkZGRkYiPqXZpcOlybG+zOWjurf5OTihwbDC0NAxOTkuM6HBuN84N2NtKLSyw+a436O6MjZjbSk8YnI+pd6lw6XIpeyluaO6t/k5N6HBsMLQ0DE5NaHBuN8xN2NtPGJyPjwvdGQ+CjwvdHI+Cjx0cj4KPHRoPrLEINl8PC90aD4KPHRkIGNsYXNzPSJpbWF0ZXJpYWwiIGJnY29sb3I9IiNGRkZGRkYiPqXXpeql86XIu6+7krDlKKXYpcOlyaXcqWClyaTOpN+lqKXzpdylubzTuaQpPGJyPrSysOU/sryPiKTqPGJyPqG+pd6lw6XIpeyluaG/pd6lpKWvpe2luaXXpeql86WwoaKCyMn6tdg/pculw6XIPGJyPjwvdGQ+CjwvdHI+Cjx0cj4KPHRoPr1NwaI8L3RoPgo8dGQgY2xhc3M9ImlrdW1pdGF0ZSIgYmdjb2xvcj0iI0ZGRkZGRiI+pKq/zZiUvU3Boii088jLMsP7o7q8czMwt9YpPGJyPjwvdGQ+CjwvdHI+Cjx0cj4KPHRoPsn6rmK5+jwvdGg+Cjx0ZCBjbGFzcz0iaWNvdW50cnkiIGJnY29sb3I9IiNGRkZGRkYiPsjVsb48YnI+PC90ZD4KPC90cj4KPHRyPgo8dGg+pL2kzsv7P9ei0uLKwu2XPC90aD4KPHRkIGNsYXNzPSJpYXR0bnR4dCIgYmdjb2xvcj0iI0ZGRkZGRiI+MqXiqWClv6lgo7qxs8nPpLI/vcXJz6SyoaGEZYTT1/ekuaTrpb+lpKXXPGJyPgo8L3RkPgo8L3RyPgo8L3RhYmxlPjxiciBzdHlsZT0iY2xlYXI6Ym90aCIgLz4=,pdWl6aXzpbml2aXDpckg64qE06XZpcOlyShHUi0wMUYpIDKl4qlgpb+pYKXVpeypYKXgIKXepcOlyKXspbm4tihSWC0wMzApIKW3pfOlsKXrILGzyc+ksqTIvcXJz6SypKyEZYTT1/cg64qE06Xqpa+l6aWkpcul86Wwpdmlw6XJIMS+0XWl2aXDpckgZ3JhbmR5IKW5pdel6qXzpbCl3qXDpcil7KW5uLYgZnJhbmNlYmVkIDLE6rGj1F64tiCl1aXppfOluaXZpcOlydX90o7Gt6O6Qjk5,pdWl6aXzpbml2aXDpckg64qE06XZpcOlyShHUi0wMUYpIDKl4qlgpb+pYKXVpeypYKXgIKXepcOlyKXspbm4tihSWC0wMzApIKW3pfOlsKXrILGzyc+ksqTIvcXJz6SypKyEZYTT1/cg64qE06Xqpa+l6aWkpcul86Wwpdmlw6XJIMS+0XWl2aXDpckgZ3JhbmR5IKW5pdel6qXzpbCl3qXDpcil7KW5uLYgZnJhbmNlYmVkIDLE6rGj1F64tiCl1aXppfOluaXZpcOlydX90o7Gtw==,64qE06XZpcOlyShHUi0wMUYpIDKl4qlgpb+pYKXVpeypYKXgIKXepcOlyKXspbm4tihSWC0wMzApIKW3oaOl1aXppfOluaXZpcOlySDrioTTpdmlw6XJKEdSLTAxRikgMqXiqWClv6lgpdWl7KlgpeAgpd6lw6XIpeylubi2KFJYLTAzMCkgpbel86WwpesgsbPJz6SypMi9xcnPpLKkrIRlhNPX9yDrioTTpeqlr6XppaSly6XzpbCl2aXDpckgxL7RdaXZpcOlySBncmFuZHkgpbml16XqpfOlsKXepcOlyKXspbm4tiBmcmFuY2ViZWQgMsTqsaPUXri2IKXVpeml86W5pdmlw6XJ1f3Sjsa3[rn]
40-32965,aHR0cDovL3RzaG9wLnIxMHMuanAvYmVzdDk5L2NhYmluZXQvdGsxNC8yOTg5MTQwLmpwZz9maXRpbj03MDA6NzAw,MjE0NDAwLjAwMDA=,,paSl86XGpeqloj/H3r7fP4WnvHsgPiCl2aXDpckgPiDrioTTP6Xqpa+l6aWkpcul86Wwpdmlw6XJ,pdWl6aXzpbml2aXDpckg64qE06XZpcOlyShHUi0wM0MgMqXiqWClv6lgpdWl7KlgpeAgpe+lpKXkpeyluSCl3qXDpcil7KW5uLYoUlgtMDMwKSClt6XzpbCl6yCxs8nPpLKkyL3Fyc+ksqSshGWE09f3IKXvpaSl5KXspbml6qXipbOl8yDrioTTpeqlr6XppaSly6XzpbCl2aXDpckgxe+4tqStINXVw/e4tqStIIxtuLakraXZpcOlySCls6Xzpbul86XIMb/aINXVw/e4tiCluaXXpeql86Wwpd6lw6XIpeylubi2IL3FuLakraXZpcOlyQ==,64qE06XZpcOlyShHUi0wM0MgMqXiqWClv6lgpdWl7KlgpeAgpe+lpKXkpeyluSCl3qXDpcil7KW5uLYo,Cgo8aW1nIHNyYz0iaHR0cHM6Ly9pbWFnZS5yYWt1dGVuLmNvLmpwL2Jlc3Q5OS9jYWJpbmV0L3RrMTQvMjk4OTE0MC5qcGciPjxicj4KPGltZyBzcmM9Imh0dHBzOi8vaW1hZ2UucmFrdXRlbi5jby5qcC9iZXN0OTkvY2FiaW5ldC90azE0L2ZyYW5jZWJlZF9raWtha3UuanBnIj48YnI+CjxpbWcgc3JjPSJodHRwczovL2ltYWdlLnJha3V0ZW4uY28uanAvYmVzdDk5L2NhYmluZXQvdGsxNC9ncjAzY19oLmpwZyI+PGJyPjxicj4KPGltZyBzcmM9Imh0dHBzOi8vaW1hZ2UucmFrdXRlbi5jby5qcC9iZXN0OTkvY2FiaW5ldC90azE0L2dyLWRfMDEuanBnIj48YnI+PGJyPgo8aW1nIHNyYz0iaHR0cHM6Ly9pbWFnZS5yYWt1dGVuLmNvLmpwL2Jlc3Q5OS9jYWJpbmV0L3RrMTQvZ3ItZF8wNC5qcGciPjxicj4KPGltZyBzcmM9Imh0dHBzOi8vaW1hZ2UucmFrdXRlbi5jby5qcC9iZXN0OTkvY2FiaW5ldC90azE0L2dyLWRfMDUuanBnIj48YnI+PGJyPgoKPGltZyBzcmM9Imh0dHBzOi8vaW1hZ2UucmFrdXRlbi5jby5qcC9iZXN0OTkvY2FiaW5ldC90azE0LzI5ODkxMDRfMDIuanBnIj48YnI+CjxpbWcgc3JjPSJodHRwczovL2ltYWdlLnJha3V0ZW4uY28uanAvYmVzdDk5L2NhYmluZXQvdGsxNC8yOTg5MTA0XzAzLmpwZyI+PGJyPgo8aW1nIHNyYz0iaHR0cHM6Ly9pbWFnZS5yYWt1dGVuLmNvLmpwL2Jlc3Q5OS9jYWJpbmV0L3RrMTQvMnllYXJfaC5qcGciPjxicj48YnI+CjxpbWcgc3JjPSJodHRwczovL2ltYWdlLnJha3V0ZW4uY28uanAvYmVzdDk5L2NhYmluZXQvdGsxNC8yOTg5MTQwXzEuanBnIiBib3JkZXI9MCI+PGJyPgo8aW1nIHNyYz0iaHR0cHM6Ly9pbWFnZS5yYWt1dGVuLmNvLmpwL2Jlc3Q5OS9jYWJpbmV0L3RrMTQvZ3IwM19saW5rLmpwZyIgYm9yZGVyPTAiIHVzZW1hcD0iI2dyMDFfbGluayI+CjxtYXAgbmFtZT0iZ3IwMV9saW5rIj4KICA8YXJlYSBzaGFwZT0icmVjdCIgY29vcmRzPSI0MDYsMzMyLDUyMiwzNjgiIGhyZWY9Imh0dHBzOi8vaXRlbS5yYWt1dGVuLmNvLmpwL2Jlc3Q5OS8yOTg5MTM1LyI+CiAgPGFyZWEgc2hhcGU9InJlY3QiIGNvb3Jkcz0iNTQzLDMzMiw2NTksMzY4IiBocmVmPSJodHRwczovL2l0ZW0ucmFrdXRlbi5jby5qcC9iZXN0OTkvMjk4OTE0MS8iPgogIDxhcmVhIHNoYXBlPSJyZWN0IiBjb29yZHM9IjU0MiwyODEsNjU4LDMxNyIgaHJlZj0iaHR0cHM6Ly9pdGVtLnJha3V0ZW4uY28uanAvYmVzdDk5LzI5ODkxNDAvIj4KICA8YXJlYSBzaGFwZT0icmVjdCIgY29vcmRzPSI0MDUsMjgxLDUyMSwzMTciIGhyZWY9Imh0dHBzOi8vaXRlbS5yYWt1dGVuLmNvLmpwL2Jlc3Q5OS8yOTg5MTM0LyI+CiAgPGFyZWEgc2hhcGU9InJlY3QiIGNvb3Jkcz0iNDA2LDIzMCw1MjIsMjY2IiBocmVmPSJodHRwczovL2l0ZW0ucmFrdXRlbi5jby5qcC9iZXN0OTkvMjk4OTEzMy8iPgogIDxhcmVhIHNoYXBlPSJyZWN0IiBjb29yZHM9IjU0MywyMzAsNjU5LDI2NiIgaHJlZj0iaHR0cHM6Ly9pdGVtLnJha3V0ZW4uY28uanAvYmVzdDk5LzI5ODkxMzkvIj4KICA8YXJlYSBzaGFwZT0icmVjdCIgY29vcmRzPSI1NDMsMTc4LDY1OSwyMTQiIGhyZWY9Imh0dHBzOi8vaXRlbS5yYWt1dGVuLmNvLmpwL2Jlc3Q5OS8yOTg5MTM4LyI+CiAgPGFyZWEgc2hhcGU9InJlY3QiIGNvb3Jkcz0iNDA2LDE3OCw1MjIsMjE0IiBocmVmPSJodHRwczovL2l0ZW0ucmFrdXRlbi5jby5qcC9iZXN0OTkvMjk4OTEzMi8iPgogIDxhcmVhIHNoYXBlPSJyZWN0IiBjb29yZHM9IjQwNiwxMjksNTIyLDE2NSIgaHJlZj0iaHR0cHM6Ly9pdGVtLnJha3V0ZW4uY28uanAvYmVzdDk5LzI5ODkxMzEvIj4KICA8YXJlYSBzaGFwZT0icmVjdCIgY29vcmRzPSI1NDMsMTI5LDY1OSwxNjUiIGhyZWY9Imh0dHBzOi8vaXRlbS5yYWt1dGVuLmNvLmpwL2Jlc3Q5OS8yOTg5MTM3LyI+CjxhcmVhIHNoYXBlPSJyZWN0IiBjb29yZHM9IjU0Miw3OSw2NTgsMTE1IiBocmVmPSJodHRwczovL2l0ZW0ucmFrdXRlbi5jby5qcC9iZXN0OTkvMjk4OTEzNi8iPjxhcmVhIHNoYXBlPSJyZWN0IiBjb29yZHM9IjQwNSw3OSw1MjEsMTE1IiBocmVmPSJodHRwczovL2l0ZW0ucmFrdXRlbi5jby5qcC9iZXN0OTkvMjk4OTEzMC8iPgo8L21hcD4KPGJyPjxicj48YnI+CjxpbWcgc3JjPSJodHRwczovL2ltYWdlLnJha3V0ZW4uY28uanAvYmVzdDk5L2NhYmluZXQvdGsxNC9ncmFuZHlfaGVhZGJvYXJkLmpwZyIgYm9yZGVyPTAiIHVzZW1hcD0iI2dyYW5keV9oZWFkYm9hcmQiPgo8bWFwIG5hbWU9ImdyYW5keV9oZWFkYm9hcmQiPgogIDxhcmVhIHNoYXBlPSJyZWN0IiBjb29yZHM9IjQ3LDM1MiwzMTMsNDYwIiBocmVmPSJodHRwczovL2l0ZW0ucmFrdXRlbi5jby5qcC9iZXN0OTkvMjk4OTEzMC8iPgogIDxhcmVhIHNoYXBlPSJyZWN0IiBjb29yZHM9IjM2MywzNTQsNjI5LDQ2MiIgaHJlZj0iaHR0cHM6Ly9pdGVtLnJha3V0ZW4uY28uanAvYmVzdDk5LzI5ODkxNDIvIj4KICA8YXJlYSBzaGFwZT0icmVjdCIgY29vcmRzPSIzNTgsMTU3LDYyNCwyNjUiIGhyZWY9Imh0dHBzOi8vaXRlbS5yYWt1dGVuLmNvLmpwL2Jlc3Q5OS8yOTg5MTE4LyI+CjxhcmVhIHNoYXBlPSJyZWN0IiBjb29yZHM9IjQ2LDE1NiwzMTIsMjY0IiBocmVmPSJodHRwczovL2l0ZW0ucmFrdXRlbi5jby5qcC9iZXN0OTkvMjk4OTEwNi8iPgo8L21hcD4KPGJyPgoKPGltZyBzcmM9Imh0dHBzOi8vaW1hZ2UucmFrdXRlbi5jby5qcC9iZXN0OTkvY2FiaW5ldC90azE0L2dyMDFfbGlua18yLmpwZyIgdXNlbWFwPSIjZ3IwMV9saW5rXzIiPgo8bWFwIG5hbWU9ImdyMDFfbGlua18yIiBpZD0iZ3IwMV9saW5rXzIiPgogIDxhcmVhIHNoYXBlPSJyZWN0IiBjb29yZHM9IjAsMTEsNjY5LDE2OCIgaHJlZj0iaHR0cHM6Ly9pdGVtLnJha3V0ZW4uY28uanAvYmVzdDk5LzI5MDAzMDAvIiAvPgogIDxhcmVhIHNoYXBlPSJyZWN0IiBjb29yZHM9IjM0MCwyNDMsNjY5LDM4OSIgaHJlZj0iaHR0cHM6Ly9pdGVtLnJha3V0ZW4uY28uanAvYmVzdDk5LzI5ODkxMDIvIiAvPgo8YXJlYSBzaGFwZT0icmVjdCIgY29vcmRzPSItMSwyNDMsMzI4LDM4OSIgaHJlZj0iaHR0cHM6Ly9pdGVtLnJha3V0ZW4uY28uanAvYmVzdDk5LzI5NjAyNTkvIiAvPjxhcmVhIHNoYXBlPSJyZWN0IiBjb29yZHM9Ii0zLDQwMyw2NjksNTQ5IiBocmVmPSJodHRwczovL2l0ZW0ucmFrdXRlbi5jby5qcC9iZXN0OTkvMjk4OTEwNC8iIC8+CjwvbWFwPgo8QlI+CjxpbWcgc3JjPSJodHRwczovL2ltYWdlLnJha3V0ZW4uY28uanAvYmVzdDk5L2NhYmluZXQvaDMvMjkxMDIxMWEzMS5qcGciIC8+PGJyPgo8YSBocmVmPSJodHRwczovL2l0ZW0ucmFrdXRlbi5jby5qcC9iZXN0OTkvMjkwNzEwMS8iPjxpbWcgc3JjPSJodHRwczovL2ltYWdlLnJha3V0ZW4uY28uanAvYmVzdDk5L2NhYmluZXQvaDMvMjkxMDIxMWEzMi5qcGciPjwvYT48YSBocmVmPSJodHRwczovL2l0ZW0ucmFrdXRlbi5jby5qcC9iZXN0OTkvMjkwNzIwMS8iPjxpbWcgc3JjPSJodHRwczovL2ltYWdlLnJha3V0ZW4uY28uanAvYmVzdDk5L2NhYmluZXQvaDMvMjkxMDIxMWEzMy5qcGciPjwvYT48dGFibGUgd2lkdGg9IjEwMCUiIGJvcmRlcj0iMCIgY2VsbHNwYWNpbmc9IjEiIGNlbGxwYWRkaW5nPSI4IiBjbGFzcz0iaV9pbmZvIj4KPHRyPgo8dGQgY29sc3Bhbj0iMiIgY2xhc3M9ImlfaW5mb190Ij4KPGI+PGZvbnQgY29sb3I9IiMzMzMzMzMiPqWkpfOl1aWppeGpYKW3peel8z/XotLiysLtlzwvZm9udD48L2I+CjwvdGQ+CjwvdHI+Cjx0cj4KPHRoPsvNwc+ky6TEpKSkxjwvdGg+Cjx0ZCBjbGFzcz0iaWF0dG5zb3J5byIgYmdjb2xvcj0iI0ZGRkZGRiI+PHA+PHAgY2xhc3M9ImRlbGl2X2ZlZV9ob2t1Ij6xsbqjtcCk2KTOxeTLzaTPhGXNvsvNwc+krKSrpKuk6qTepLmhozxicj6xsbqjtcDLzcHPo7qhvrGxNaG/pb+lpKXXPC9wPjwvcD4gPC90ZD4KPC90cj4KPHRyPgo8dGg+m1GcZ7e9t6iky6TEpKSkxjwvdGg+Cjx0ZCBiZ2NvbG9yPSIjRkZGRkZGIiBjbGFzcz0iaWF0dG5wZXkiPs2os6ObUZxnPGJyPjxwPqOopKrZSaSkzu+lrKWkpcmhuKSq1qeSQqSkt723qKTLpMSkpKTGobmk8qS0tF/VSqSvpMCktaSkoaOjqTwvcD48L3RkPiA8L3RyPjx0cj4KPHRoPsXkIMvNPC90aD4KPHRkIGNsYXNzPSJpYXR0bmRlbGkiIGJnY29sb3I9IiNGRkZGRkYiPqH5ytzXosn6rmLGt6TIpMqk6qTepLmho6SqveyksaTepMeky7xzMt9M6WezzO2UpKSkxqSqpOqk3qS5oaM8QlI+CqH5ytzXosn6rmLGt6TOnumhoqS016LOxOHhpM6lraXjpfOlu6XrpM+kqsrcpLGkx6StpN6ku6TzoaM8QlI+PGJyPqH5m1+/ST/reI11P9K7sr/faLj0tdik2KTOpKq97KSxpM+z9sC0pN6ku6TzoaM8QlI+PGJyPqH5lXLpZ9a4tqikzzGx46OoOS0xNJVyo6mhojKx46OoMTItMTiVcqOpoaK9S8jVseOjqDktMTiVcqOppM6k36TIpMqk6qTepLmhozxCUj4KP7XY0/Kky6TopMOkxsXky82kzurXyNWkrM/etqiktaTspOuI9rrPpOShopVy6WfWuLaopKyz0KTspMqkpIj2us+krKS0pLakpKTepLmhozxCUj48YnI+PC90ZD4gPC90cj4gCjwvdGFibGU+Cjx0YWJsZSB3aWR0aD0iMTAwJSIgYm9yZGVyPSIwIiBjZWxsc3BhY2luZz0iMSIgY2VsbHBhZGRpbmc9IjgiIGNsYXNzPSJpX2thbnJlbiI+Cjx0cj48dGQgY29sc3Bhbj0iMiIgYmdjb2xvcj0iI0YzRjNGMyI+IDxiPjxmb250IGNvbG9yPSIjMzMzMzMzIj7pdt9CyczGtzwvZm9udD48L2I+IDwvdGQ+PC90cj4KPHRyPjx0aD6lt6XqqWClutK700U8L3RoPgo8dGQgY2xhc3M9Iml2YWwiIGJnY29sb3I9IiNGRkZGRkYiPuuKhNOl2aXDpckoR1ItMDNDKSAxTaXVpeypYKXgIKXVpeypYKXgpM6k3yClt6XzpbCl6yA8QlI+PEJSPgrrioTTpdmlw6XJKEdSLTAzQykgMU2l1aXsqWCl4CCl1aXsqWCl4KTOpN8gpbul36XApdal6yA8QlI+PEJSPgrrioTTpdmlw6XJKEdSLTAzQykgMk2l1aXsqWCl4CCl1aXsqWCl4KTOpN8gpbel86WwpesgPEJSPjxCUj4K64qE06XZpcOlyShHUi0wM0MpIDJNpdWl7KlgpeAgpdWl7KlgpeCkzqTfIKW7pd+lwKXWpesgPEJSPjxCUj4K64qE06XZpcOlyShHUi0wM0MpIDJNpdWl7KlgpeAgpe+lpKXkpeyluSCl1aXsqWCl4KTOpN8gpbel86WwpesgPEJSPjxCUj4K64qE06XZpcOlyShHUi0wM0MpIDJNpdWl7KlgpeAgpe+lpKXkpeyluSCl1aXsqWCl4KTOpN8gpbul36XApdal6yA8QlI+PEJSPgrrioTTpdmlw6XJKEdSLTAzQykgMU2l1aXsqWCl4CCl3qXDpci4tiClt6XzpbCl6yA8QlI+PEJSPgrrioTTpdmlw6XJKEdSLTAzQykgMU2l1aXsqWCl4CCl3qXDpci4tiClu6XfpcCl1qXrIDxCUj48QlI+CuuKhNOl2aXDpckoR1ItMDNDKSAyTaXVpeypYKXgIKXepcOlyLi2IKW3pfOlsKXrIDxCUj48QlI+CuuKhNOl2aXDpckoR1ItMDNDKSAyTaXVpeypYKXgIKXepcOlyLi2IKW7pd+lwKXWpesgPEJSPjxCUj4K64qE06XZpcOlyShHUi0wM0MpIDJNpdWl7KlgpeAgpe+lpKXkpeyluSCl3qXDpci4tiClt6XzpbCl6yA8QlI+PEJSPgrrioTTpdmlw6XJKEdSLTAzQykgMk2l1aXsqWCl4CCl76WkpeSl7KW5IKXepcOlyLi2IKW7pd+lwKXWpesgPEJSPjxCUj48L3RkPgo8L3RyPgo8L3RhYmxlPgo8dGFibGUgd2lkdGg9IjEwMCUiIGJvcmRlcj0iMCIgY2VsbHNwYWNpbmc9IjEiIGNlbGxwYWRkaW5nPSI4IiBjbGFzcz0iaV9zcGVjIj48dHI+PHRkIGNvbHNwYW49IjIiIGJnY29sb3I9IiNGM0YzRjMiPgo8Yj48Zm9udCBjb2xvcj0iIzMzMzMzMyI+1JS8mj+luaXapcOlrzwvZm9udD48L2I+PC90ZD48L3RyPgo8dHI+Cjx0aD7JzMa31WjD9zwvdGg+Cjx0ZCBjbGFzcz0iaWV4cGxhbmF0aW9uIiBiZ2NvbG9yPSIjRkZGRkZGIj6x48D7pMoxv9qls6Xzpbul86XIo6aDnqS3pKS1xqTOTEVE1dXD96SspMSkpKS/pdilw6XJpdypYKXJoaM8YnI+sMLQ0KStMTJjbaTO0KHF76SsuLakpKTGpKSk66TOpMfEv9KZpN6kt5Vy04uk5NCvjqGkrNbDpLGkxrHjwPuho6S5pMOkraTqpLekv4OepLekpMS+xL+krMPApLekpKGi75akraS6pMvpTKSvyrmkqKTrpdmlw6XJpMekuaGjPGJyPuuKhNOl2aXDpcmky6TP0oqkqKTKpKSlt6Xzpdel66TKpceltqWkpfOkzqWwpeml86XHpaOl2aXDpcmlt6XqqWCluqGjpdmlw6XJpNikzsbwpK3Jz6SspOqk5IFcpOq9taTqpPLRYdb6pLekxqSvpOyk3qS5oaOl3KW/pfOkrMq5pKSk5KS5pKSl6qXipbOl86THstnX96TiuoaFZ6THpLmhozxicj4ypeKpYKW/qWAope+lpKXkpeyluaXqpeKls6XzKaW/paSl16TPoaKxs8nPpLKkyL3Fyc+ksqSshGWE09f3pMe/yYTTpLek3qS5oaMKpe+lpKXkpeyluaXqpeKls6XzpMcKstnX96SsuoaFZ6OhPGJyPjwvdGQ+CjwvdHI+Cjx0cj4KPHRoPqW1paSluii8cyk8L3RoPgo8dGQgY2xhc3M9ImlzaXplIiBiZ2NvbG9yPSIjRkZGRkZGIj6l2aXDpcmxvszlo7q3+Tk4ocGwwtDQMjExLjmhwbjfODdjbSi0ssPmuN+jujI2Y20pPGJyPsXvsMLQ0DEyY208YnI+pd6lw6XIpeyluaO6t/k5N6HBsMLQ0DE5NaHBuN8xN2NtPGJyPjwvdGQ+CjwvdHI+Cjx0cj4KPHRoPrLEINl8PC90aD4KPHRkIGNsYXNzPSJpbWF0ZXJpYWwiIGJnY29sb3I9IiNGRkZGRkYiPqXXpeql86XIu6+7krDlKKXYpcOlyaXcqWClyaTOpN+lqKXzpdylubzTuaQpPGJyPrSysOU/sryPiKTqPGJyPqG+pd6lw6XIpeyluaG/pd6lpKWvpe2luaXXpeql86WwoaKCyMn6tdg/pculw6XIPGJyPjwvdGQ+CjwvdHI+Cjx0cj4KPHRoPr1NwaI8L3RoPgo8dGQgY2xhc3M9ImlrdW1pdGF0ZSIgYmdjb2xvcj0iI0ZGRkZGRiI+pKq/zZiUvU3Boii088jLMsP7o7q8czMwt9YpPGJyPjwvdGQ+CjwvdHI+Cjx0cj4KPHRoPsn6rmK5+jwvdGg+Cjx0ZCBjbGFzcz0iaWNvdW50cnkiIGJnY29sb3I9IiNGRkZGRkYiPsjVsb48YnI+PC90ZD4KPC90cj4KPHRyPgo8dGg+pL2kzsv7P9ei0uLKwu2XPC90aD4KPHRkIGNsYXNzPSJpYXR0bnR4dCIgYmdjb2xvcj0iI0ZGRkZGRiI+MqXiqWClv6lgKKXvpaSl5KXspbkpo7qxs8nPpLI/vcXJz6SyoaGEZYTT1/ekuaTrpb+lpKXXKKXvpaSl5KXspbml6qXipbOl87i2KTxicj4KTEVE1dXD97i2oaIxv9qls6Xzpbul86XIuLYoMTIwMFcpPGJyPjwvdGQ+CjwvdHI+CjwvdGFibGU+PGJyIHN0eWxlPSJjbGVhcjpib3RoIiAvPg==,pdWl6aXzpbml2aXDpckg64qE06XZpcOlyShHUi0wM0MgMqXiqWClv6lgpdWl7KlgpeAgpe+lpKXkpeyluSCl3qXDpcil7KW5uLYoUlgtMDMwKSClt6XzpbCl6yCxs8nPpLKkyL3Fyc+ksqSshGWE09f3IKXvpaSl5KXspbml6qXipbOl8yDrioTTpeqlr6XppaSly6XzpbCl2aXDpckgxe+4tqStINXVw/e4tqStIIxtuLakraXZpcOlySCls6Xzpbul86XIMb/aINXVw/e4tiCluaXXpeql86Wwpd6lw6XIpeylubi2IL3FuLakraXZpcOlyaO6Qjk5,pdWl6aXzpbml2aXDpckg64qE06XZpcOlyShHUi0wM0MgMqXiqWClv6lgpdWl7KlgpeAgpe+lpKXkpeyluSCl3qXDpcil7KW5uLYoUlgtMDMwKSClt6XzpbCl6yCxs8nPpLKkyL3Fyc+ksqSshGWE09f3IKXvpaSl5KXspbml6qXipbOl8yDrioTTpeqlr6XppaSly6XzpbCl2aXDpckgxe+4tqStINXVw/e4tqStIIxtuLakraXZpcOlySCls6Xzpbul86XIMb/aINXVw/e4tiCluaXXpeql86Wwpd6lw6XIpeylubi2IL3FuLakraXZpcOlyQ==,64qE06XZpcOlyShHUi0wM0MgMqXiqWClv6lgpdWl7KlgpeAgpe+lpKXkpeyluSCl3qXDpcil7KW5uLYooaOl1aXppfOluaXZpcOlySDrioTTpdmlw6XJKEdSLTAzQyAypeKpYKW/qWCl1aXsqWCl4CCl76WkpeSl7KW5IKXepcOlyKXspbm4tihSWC0wMzApIKW3pfOlsKXrILGzyc+ksqTIvcXJz6SypKyEZYTT1/cgpe+lpKXkpeyluaXqpeKls6XzIOuKhNOl6qWvpemlpKXLpfOlsKXZpcOlySDF77i2pK0g1dXD97i2pK0gjG24tqStpdmlw6XJIKWzpfOlu6Xzpcgxv9og1dXD97i2IKW5pdel6qXzpbCl3qXDpcil7KW5uLYgvcW4tqStpdmlw6XJ[rn]
40-32966,aHR0cDovL3RzaG9wLnIxMHMuanAvYmVzdDk5L2NhYmluZXQvb3NhNi8yOTYwMjMwLmpwZz9maXRpbj03MDA6NzAw,MTc4NTYwLjAwMDA=,,paSl86XGpeqloj/H3r7fP4WnvHsgPiCl2aXDpckgPiDrioTTP6Xqpa+l6aWkpcul86Wwpdmlw6XJ,pdWl6aXzpbml2aXDpckg64qE06XZpcOlySCl6qWvpemlpKXLpfOlsKXZpcOlySDF77i2pK3V1cP3uLakrSDEvtF1pbWlpKXJpeypYKXrpMqkt6W3pbmlxqXgpdWloaXrpckypeKpYKW/qWAgpdWl7KlgpeCkzqTfpbel86WwpeultaWkpbovpbel86Wwpeul2aXDpckvL2ZyYW5jZWJlZC9DMVQtMk0g64qE06Xqpa+l6aWkpcul86Wwpdmlw6XJIOuKhNOl2aXDpck=,pdWl6aXzpbml2aXDpckgpbWlpKXJpeypYKXrpMqktyCl1aXsqWCl4KTOpN8gQzFULTJNIFM=,Cgo8YnI+PGJyPjxpbWcgc3JjPSJodHRwczovL2ltYWdlLnJha3V0ZW4uY28uanAvaS1vZmZpY2UxL2NhYmluZXQvdGFrZTExLzE2OV9rYWlrb25fZnJlZS5qcGciPjxicj48YnI+PHAgY2xhc3M9ImRlbGl2X2ZlZV9ob2t1Ij6xsbqjtcCk2KTOxeTLzaTPhGXNvsvNwc+krKSrpKuk6qTepLmhozxicj6xsbqjtcDLzcHPo7qhvrGxNaG/pb+lpKXXPC9wPgo8QlI+ob7F5MvN1E/Ww59vwc+ltalgpdOludbQob88QlI+PHAgc3R5bGU9ImZvbnQtc2l6ZTogMTJweDsgY29sb3I6I0NDMDAwMDsiPqH5lXLpZ9a4tqikzzGx46OoOS0xNJVyo6mhojKx46OoMTItMTiVcqOpoaK9S8jVseOjqDktMTiVcqOppM6k36TIpMqk6qTepLmhozxCUj6h+bXY0/Kky6TopMOkxsXky82kzurXyNWkrM/etqiktaTspOuI9rrPpOShopVy6WfWuLaopKyz0KTspMqkpIj2us+krKS0pLakpKTepLmhozxCUj6h+Ztfv0mhout4jXWk2KTOpKq97KSxpM+z9sC0pN6ku6TzoaM8QlI+PEJSPjwvcD48cD48Rm9udCBTaXplPSI0Ij6lt6W5pcal4KXVpaGl66XJpbel6qlgpbqkz6SzpMGk6aHvPC9mb250PjwvcD4KPHAgc3R5bGU9ImZvbnQtc2l6ZToxNHB4OyBjb2xvcjojRkYwMDAwOyBsaW5lLWhlaWdodDoyMHB4Ij4Kofml1aXppfOluaXZpcOlyaTO0XXGt6TPytzXosn6rmLGt6THpLmho6S016LOxKSrpOmwa8vNpN6kxzEwyNWkq6TpMt9M6WezzKSqlXLpZ6Ty7ZSkr4j2us+krKS0pLakpKTepLmho6S0wcuz0M/CpLWkpKGjPGJyPgo8L3A+CqH2yczGt9Vow/c8YnI+Csq5pKSk5KS5pLWk5Jrds9akwcG8pLWkx994pNahothOuLukyqXQpeqlqKlgpbel56XzpM6huKW3pbmlxqXgpdWloaXrpcmhuaW3peqpYKW6oaM8YnI+xL7RdaW1paSlyaXsqWCl66TKpLelv6Wkpdc8YnI+tsDBoqGi30KE07/JhNOkzrGzpOKkv6Tspeqlr6XppaSly6XzpbCZQ8Tco6i8czcwoeOjqaTIvcXJz6SymUPE3KOovHMyMKHjo6kypeKpYKW/qWClv6Wkpdehozxicj6l2KXDpcml3Klgpcmky6TPlXLTi6TKpMmk8tbDpK+ks6TIpM6kx6StpOvF76SspKKk6qGipbmlpKXzpbCl6aWkpci4tqStoaM8YnI+ofml3qXDpcil7KW5pMqkt6W/paSl16GjPGhyPgqltaWkpbqjurf5MTAzLjUoMTIyLjUpocHpTKS1MjIxocG436S1NzkuNSgxMDguNSmhwbSyw+a43zM5LzQ2LjUvNTRjbaOovU3BopVypMujs7bO60HVe7mdv8nE3KOpPGJyPgqh+SgpxNqkz6XppaSlyKTOpbelp6lgpcmk8o7apLKkv9futPO057eooaM8YnI+PGhyPgqyxNl8o7rW97LEL7uvu5Kw5Txocj4KguS/vKO6W6W5paSl86WwpemlpKXIXc/72U3risGmo7o0MFcgMpVy6WcoMcjVpKKkv6TqteO1xs/rtqiVculnKS8xpfbUwqOkNTAuNDxicj4KNDBXo6il4aWkpfO1xqOpoaI1V6Oos6PSubXGo6mhorDXn+HrisfyMbXGyrnTw6GhPGhyPgq9TcGio7qkqr/NmJS9TcGiPGhyPgqlq6XpqWCjuqWmpael86W4o6hXRaOpL6XTqWClwaOoQkNIo6k8aHI+Ctei0uLKwu2Xo7o8YnI+Cj/JzMa3u63P8aTPyau6z6SkpOTL2LLEuNCkrIxn60ikzsnMxrekyK6QpMqk64j2us+krKS0pLakpKTepLmhozxicj4KID+l4qXLpb+pYD+lx6Wjpbml16XspaSky6TopMOkxqTi0LSk6re9pKyJ5KTqpN6kuaGj0+ik4aS0wcuz0KSvpMCktaSkoaM8YnI+PHN0eWxlIHR5cGU9InRleHQvY3NzIj4KQGNoYXJzZXQgInV0Zi04IjsKLyogQ1NTIERvY3VtZW50ICovCgo8L3N0eWxlPgoKCgo8YnI+PGJyPgo8aW1nIHNyYz0iaHR0cDovL2ltYWdlLnJha3V0ZW4uY28uanAvYmVzdDk5L2NhYmluZXQvMDM5NDIwODAvYmVkX21laW4uanBnIiB3aWR0aD0iODQwIiAvPgoKCgoKPC9odG1sPg==,pdWl6aXzpbml2aXDpckg64qE06XZpcOlySCl6qWvpemlpKXLpfOlsKXZpcOlySDF77i2pK3V1cP3uLakrSDEvtF1pbWlpKXJpeypYKXrpMqkt6W3pbmlxqXgpdWloaXrpckypeKpYKW/qWAgpdWl7KlgpeCkzqTfpbel86WwpeultaWkpbovpbel86Wwpeul2aXDpckvL2ZyYW5jZWJlZC9DMVQtMk0g64qE06Xqpa+l6aWkpcul86Wwpdmlw6XJIOuKhNOl2aXDpcmjukI5OQ==,pdWl6aXzpbml2aXDpckg64qE06XZpcOlySCl6qWvpemlpKXLpfOlsKXZpcOlySDF77i2pK3V1cP3uLakrSDEvtF1pbWlpKXJpeypYKXrpMqkt6W3pbmlxqXgpdWloaXrpckypeKpYKW/qWAgpdWl7KlgpeCkzqTfpbel86WwpeultaWkpbovpbel86Wwpeul2aXDpckvL2ZyYW5jZWJlZC9DMVQtMk0g64qE06Xqpa+l6aWkpcul86Wwpdmlw6XJIOuKhNOl2aXDpck=,pdWl6aXzpbml2aXDpckgpbWlpKXJpeypYKXrpMqktyCl1aXsqWCl4KTOpN8gQzFULTJNIFOho6XVpeml86W5pdmlw6XJIOuKhNOl2aXDpckgpeqlr6XppaSly6XzpbCl2aXDpckgxe+4tqSt1dXD97i2pK0gxL7RdaW1paSlyaXsqWCl66TKpLelt6W5pcal4KXVpaGl66XJMqXiqWClv6lgIKXVpeypYKXgpM6k36W3pfOlsKXrpbWlpKW6L6W3pfOlsKXrpdmlw6XJLy9mcmFuY2ViZWQvQzFULTJNIOuKhNOl6qWvpemlpKXLpfOlsKXZpcOlySDrioTTpdmlw6XJ[rn]
40-32967,aHR0cDovL3RzaG9wLnIxMHMuanAvYmVzdDk5L2NhYmluZXQvaDYvMjkwMTczMC5qcGc/Zml0aW49NzAwOjcwMA==,MTkwMDgwLjAwMDA=,,paSl86XGpeqloj/H3r7fP4WnvHsgPiCl2aXDpckgPiDrioTTP6Xqpa+l6aWkpcul86Wwpdmlw6XJ,pdWl6aXzpbml2aXDpckgpeqlr6XppaSly6XzpbCl2aXDpcmh7+uKhNOl2aXDpcmjq6XepcOlyKXspbmlu6XDpcggpdel7KWqpcOlr6W5UE8tQzQgMqXiqWClv6lgo6ul3qWkpa+l7VJYLVal3qXDpcil7KW5IKW3pfOlsKXrIKW3pfOlsKXrIKW3pfOlsKXrpdmlw6XJIKXPpaQotPrS/bK7v8kpKOlfl3nUT9bDn2/Bzykgy83Bz59vwc8=,pdWl6aXzpbml2aXDpckg64qE06XZpcOlySul3qXDpcil7KW5IKXXpeylqqXDpa+luSClt6XzpbCl6w==,Cgo8YnI+PGJyPjxpbWcgc3JjPSJodHRwczovL2ltYWdlLnJha3V0ZW4uY28uanAvYmVzdDk5L2NhYmluZXQvdGFrZTExLzE2OV9rYWlrb25fZnJlZS5qcGciPjxicj48YnI+PGltZyBzcmM9Imh0dHBzOi8vaW1hZ2UucmFrdXRlbi5jby5qcC9iZXN0OTkvY2FiaW5ldC9oNi9mcmFuY2ViZWRfbWljcm9yeHYuanBnIiA+ofml3qXDpcil7KW5ysuYlInkuPykzqS/pOHJ+rXYpceltqWkpfOkrInkuPykyKTKpOqk3qS3pL+ho6S0wcuz0KSvpMCktaSkoaM8YnI+PHAgY2xhc3M9ImRlbGl2X2ZlZV9ob2t1Ij6xsbqjtcCk2KTOxeTLzaTPhGXNvsvNwc+krKSrpKuk6qTepLmhozxicj6xsbqjtcDLzcHPo7qhvrGxNaG/pb+lpKXXPC9wPgo8cCBzdHlsZT0iZm9udC1zaXplOiAxMnB4OyBjb2xvcjojQ0MwMDAwOyI+ofmVculn1ri2qKTPMbHjo6g5LTE0lXKjqaGiMrHjo6gxMi0xOJVyo6mhor1LyNWx46OoOS0xOJVyo6mkzqTfpMikyqTqpN6kuaGjPEJSPqH5tdjT8qTLpOikw6TGxeTLzaTO6tfI1aSsz962qKS1pOyk64j2us+k5KGilXLpZ9a4tqikrLPQpOykyqSkiPa6z6SspLSktqSkpN6kuaGjPEJSPqH5m1+/SaGi63iNdaTYpM6kqr3spLGkz7P2wLSk3qS7pPOhozxCUj48L3A+PHA+PGltZyBzcmM9Imh0dHBzOi8vaW1hZ2UucmFrdXRlbi5jby5qcC9iZXN0OTkvY2FiaW5ldC9jYW0vZGliaWtpLmdpZiIgYWx0PSK0+r3w0v2TUbK7v8nJzMa3IiBib3JkZXI9IjAiID48L3A+CjxwIHN0eWxlPSJmb250LXNpemU6IDEycHg7IGNvbG9yOiNDQzAwMDA7Ij6h8rG+yczGt6TOpKrWp5JCpKS3vbeopM+hoqG4tPq98NL9k1GhuaTO1ri2qKSspMekraTepLuk86GjCqW3pbmlxqXgyc+hoqG4tPrS/bK7v8mhucnMxrek4qG4tPq98NL9k1GhuaTO33iSa6SspMekraTepLmkrKGiCrT6vfDS/ZNRpMekzptRnGekrKTHpK2k3qS7pPOkzqTHoaKlr6Xspbilw6XIpaupYKXJpOKkt6SvpM+hogrHsJJCpKSjqKWzpfOl06XLm1GcZ6Gi43nQ0NXx3nqjqaTHpM6bUZxn33iSa6TypKruiqSkpKSkv6S3pN6kuaGjPGJyPgo8QlI+ob7F5MvN1E/Ww59vwc+ltalgpdOludbQob/pX5d5P71NwaLUT9bDpKy98aTApLGfb8HPpa2l46XzpdqpYKXz1tCjoTxCUj48L3A+PEZPTlQgY29sb3I9I0ZGMDAwMCBzaXplPSIyIj48L0ZPTlQ+PGJyPjxicj6h9snMxrfVaMP3PGJyPgqks6TspKuk6aTOlXK0+qTOpbmlv6XzpcCpYKXJoaPrioTTpeqlr6XppaSly6XzpbChuKXXpeylqqXDpa+luaG5oaGlraXjpdOlzaXDpcilv6Wkpdekz9XVw/ek5KWwpeqlw6XXmUPE3KTypMSksaS/pceltqWkpfOkx6S5oaM8YnI+pbWlpKW6o7q3+TEwNy4yocHpTKS1MjIxLjahwbjfpLU4NKHBpdWlw6XJuN83NT+0ssPmuN8yMz8zMC41Y208YnI+Clul1aXsqWCl4F27r7uSsOWhotK7zOXQzaW5pcGpYKXro9Kj2KXVpeypYKXgo6i0srDlsr+juqXvpaSl5KlgpeGlw6W3peWjqTxicj4KW6WrpempYF2lwKlgpa+lpqWpqWCl66XKpcOlyKGipdqpYKXrpaqpYKWvPGJyPgpbtqi48c/72U3risGmXTEzNaPXPGJyPgpbzNiP1V2lyaWkpcTRdTGl4qlgpb+pYKOosbPJz6SyNjWh4z+9xcnPpLIzNaHjtsDBoqOpCjxicj6l1aXsqWCl4LjfpLUyts7Ve7mdv8nE3KOovU3BopVyo6kKPGJyPqW1paSlyaXsqWCl68ihuLa/ycTcCjxicj6l2KXDpcml3KlgpcnQodL9s/aktz/V1cP3uLY8YnI+CqXepcOlyKXspbmjuqXepaSlr6XtUlgtVqXepcOlyKXspbk8YnI+pbWlpKW6o7q3+Tk3ocHpTKS1MTIyuN+ktTEyY208YnI+CluluaXXpeql86WwXbGh0M243zxicj7XotLiysLtlzxicj48YnI+P8nMxre7rc/xpM/Jq7rPpKSk5MvYssS40KSsjGfrSKTOyczGt6TIrpCkyqTriPa6z6SspLSktqSkpN6kuaGjPGJyPjxzdHlsZSB0eXBlPSJ0ZXh0L2NzcyI+CkBjaGFyc2V0ICJ1dGYtOCI7Ci8qIENTUyBEb2N1bWVudCAqLwoKPC9zdHlsZT4KCgoKPGJyPjxicj4KPGltZyBzcmM9Imh0dHA6Ly9pbWFnZS5yYWt1dGVuLmNvLmpwL2Jlc3Q5OS9jYWJpbmV0LzAzOTQyMDgwL2JlZF9tZWluLmpwZyIgd2lkdGg9Ijg0MCIgLz4KCgoKCjwvaHRtbD4=,pdWl6aXzpbml2aXDpckgpeqlr6XppaSly6XzpbCl2aXDpcmh7+uKhNOl2aXDpcmjq6XepcOlyKXspbmlu6XDpcggpdel7KWqpcOlr6W5UE8tQzQgMqXiqWClv6lgo6ul3qWkpa+l7VJYLVal3qXDpcil7KW5IKW3pfOlsKXrIKW3pfOlsKXrIKW3pfOlsKXrpdmlw6XJIKXPpaQotPrS/bK7v8kpKOlfl3nUT9bDn2/Bzykgy83Bz59vwc+jukI5OQ==,pdWl6aXzpbml2aXDpckgpeqlr6XppaSly6XzpbCl2aXDpcmh7+uKhNOl2aXDpcmjq6XepcOlyKXspbmlu6XDpcggpdel7KWqpcOlr6W5UE8tQzQgMqXiqWClv6lgo6ul3qWkpa+l7VJYLVal3qXDpcil7KW5IKW3pfOlsKXrIKW3pfOlsKXrIKW3pfOlsKXrpdmlw6XJIKXPpaQotPrS/bK7v8kpKOlfl3nUT9bDn2/Bzykgy83Bz59vwc8=,pdWl6aXzpbml2aXDpckg64qE06XZpcOlySul3qXDpcil7KW5IKXXpeylqqXDpa+luSClt6XzpbCl66GjpdWl6aXzpbml2aXDpckgpeqlr6XppaSly6XzpbCl2aXDpcmh7+uKhNOl2aXDpcmjq6XepcOlyKXspbmlu6XDpcggpdel7KWqpcOlr6W5UE8tQzQgMqXiqWClv6lgo6ul3qWkpa+l7VJYLVal3qXDpcil7KW5IKW3pfOlsKXrIKW3pfOlsKXrIKW3pfOlsKXrpdmlw6XJIKXPpaQotPrS/bK7v8kpKOlfl3nUT9bDn2/Bzykgy83Bz59vwc8=[rn]
40-32968,aHR0cDovL3RzaG9wLnIxMHMuanAvYmVzdDk5L2NhYmluZXQvdGsxNC8yOTg5MTQ4LmpwZz9maXRpbj03MDA6NzAw,MTcwNDAwLjAwMDA=,,paSl86XGpeqloj/H3r7fP4WnvHsgPiCl2aXDpckgPiDrioTTP6Xqpa+l6aWkpcul86Wwpdmlw6XJ,pdWl6aXzpbml2aXDpckg64qE06XZpcOlyShHUi0wNEMgMaXiqWClv6lgpdWl7KlgpeAgpd6lw6XIpeylubi2KFJYLTAzMCkgpbel86WwpesgsbPJz6SypMi9xcnPpLKkrM2slXKE09f3IOuKhNOl6qWvpemlpKXLpfOlsKXZpcOlySDF77i2pK0g1dXD97i2pK0gjG24tqStpdmlw6XJIKWzpfOlu6Xzpcgxv9og1dXD97i2IKW5pdel6qXzpbCl3qXDpcil7KW5uLYgvcW4tqStpdmlw6XJIGZyYW5jZWJlZCAyxOqxo9ReuLY=,64qE06XZpcOlyShHUi0wNEMgMaXiqWClv6lgpdWl7KlgpeAgpd6lw6XIpeylubi2KFJYLTAzMCkgpbc=,Cgo8aW1nIHNyYz0iaHR0cHM6Ly9pbWFnZS5yYWt1dGVuLmNvLmpwL2Jlc3Q5OS9jYWJpbmV0L3RrMTQvMjk4OTE0OC5qcGciPjxicj4KPGltZyBzcmM9Imh0dHBzOi8vaW1hZ2UucmFrdXRlbi5jby5qcC9iZXN0OTkvY2FiaW5ldC90azE0L2ZyYW5jZWJlZF9raWtha3UuanBnIj48YnI+CjxpbWcgc3JjPSJodHRwczovL2ltYWdlLnJha3V0ZW4uY28uanAvYmVzdDk5L2NhYmluZXQvdGsxNC9ncjA0Y19oLmpwZyI+PGJyPjxicj4KPGltZyBzcmM9Imh0dHBzOi8vaW1hZ2UucmFrdXRlbi5jby5qcC9iZXN0OTkvY2FiaW5ldC90azE0L2dyLWRfMDEuanBnIj48YnI+PGJyPgo8aW1nIHNyYz0iaHR0cHM6Ly9pbWFnZS5yYWt1dGVuLmNvLmpwL2Jlc3Q5OS9jYWJpbmV0L3RrMTQvZ3ItZF8wMi5qcGciPjxicj4KPGltZyBzcmM9Imh0dHBzOi8vaW1hZ2UucmFrdXRlbi5jby5qcC9iZXN0OTkvY2FiaW5ldC90azE0L2dyLWRfMDUuanBnIj48YnI+PGJyPgoKPGltZyBzcmM9Imh0dHBzOi8vaW1hZ2UucmFrdXRlbi5jby5qcC9iZXN0OTkvY2FiaW5ldC90azE0LzI5ODkxMDRfMDIuanBnIj48YnI+CjxpbWcgc3JjPSJodHRwczovL2ltYWdlLnJha3V0ZW4uY28uanAvYmVzdDk5L2NhYmluZXQvdGsxNC8yOTg5MTA0XzAzLmpwZyI+PGJyPgo8aW1nIHNyYz0iaHR0cHM6Ly9pbWFnZS5yYWt1dGVuLmNvLmpwL2Jlc3Q5OS9jYWJpbmV0L3RrMTQvMnllYXJfaC5qcGciPjxicj48YnI+CjxpbWcgc3JjPSJodHRwczovL2ltYWdlLnJha3V0ZW4uY28uanAvYmVzdDk5L2NhYmluZXQvdGsxNC8yOTg5MTQ4XzEuanBnIiBib3JkZXI9MCI+PGJyPgo8aW1nIHNyYz0iaHR0cHM6Ly9pbWFnZS5yYWt1dGVuLmNvLmpwL2Jlc3Q5OS9jYWJpbmV0L3RrMTQvZ3IwNF9saW5rLmpwZyIgYm9yZGVyPTAiIHVzZW1hcD0iI2dyMDFfbGluayI+CjxtYXAgbmFtZT0iZ3IwMV9saW5rIj4KICA8YXJlYSBzaGFwZT0icmVjdCIgY29vcmRzPSI0MDYsMzMyLDUyMiwzNjgiIGhyZWY9Imh0dHBzOi8vaXRlbS5yYWt1dGVuLmNvLmpwL2Jlc3Q5OS8yOTg5MTQ3LyI+CiAgPGFyZWEgc2hhcGU9InJlY3QiIGNvb3Jkcz0iNTQzLDMzMiw2NTksMzY4IiBocmVmPSJodHRwczovL2l0ZW0ucmFrdXRlbi5jby5qcC9iZXN0OTkvMjk4OTE1My8iPgogIDxhcmVhIHNoYXBlPSJyZWN0IiBjb29yZHM9IjU0MiwyODEsNjU4LDMxNyIgaHJlZj0iaHR0cHM6Ly9pdGVtLnJha3V0ZW4uY28uanAvYmVzdDk5LzI5ODkxNTIvIj4KICA8YXJlYSBzaGFwZT0icmVjdCIgY29vcmRzPSI0MDUsMjgxLDUyMSwzMTciIGhyZWY9Imh0dHBzOi8vaXRlbS5yYWt1dGVuLmNvLmpwL2Jlc3Q5OS8yOTg5MTQ2LyI+CiAgPGFyZWEgc2hhcGU9InJlY3QiIGNvb3Jkcz0iNDA2LDIzMCw1MjIsMjY2IiBocmVmPSJodHRwczovL2l0ZW0ucmFrdXRlbi5jby5qcC9iZXN0OTkvMjk4OTE0NS8iPgogIDxhcmVhIHNoYXBlPSJyZWN0IiBjb29yZHM9IjU0MywyMzAsNjU5LDI2NiIgaHJlZj0iaHR0cHM6Ly9pdGVtLnJha3V0ZW4uY28uanAvYmVzdDk5LzI5ODkxNTEvIj4KICA8YXJlYSBzaGFwZT0icmVjdCIgY29vcmRzPSI1NDMsMTc4LDY1OSwyMTQiIGhyZWY9Imh0dHBzOi8vaXRlbS5yYWt1dGVuLmNvLmpwL2Jlc3Q5OS8yOTg5MTUwLyI+CiAgPGFyZWEgc2hhcGU9InJlY3QiIGNvb3Jkcz0iNDA2LDE3OCw1MjIsMjE0IiBocmVmPSJodHRwczovL2l0ZW0ucmFrdXRlbi5jby5qcC9iZXN0OTkvMjk4OTE0NC8iPgogIDxhcmVhIHNoYXBlPSJyZWN0IiBjb29yZHM9IjQwNiwxMjksNTIyLDE2NSIgaHJlZj0iaHR0cHM6Ly9pdGVtLnJha3V0ZW4uY28uanAvYmVzdDk5LzI5ODkxNDMvIj4KICA8YXJlYSBzaGFwZT0icmVjdCIgY29vcmRzPSI1NDMsMTI5LDY1OSwxNjUiIGhyZWY9Imh0dHBzOi8vaXRlbS5yYWt1dGVuLmNvLmpwL2Jlc3Q5OS8yOTg5MTQ5LyI+CjxhcmVhIHNoYXBlPSJyZWN0IiBjb29yZHM9IjU0Miw3OSw2NTgsMTE1IiBocmVmPSJodHRwczovL2l0ZW0ucmFrdXRlbi5jby5qcC9iZXN0OTkvMjk4OTE0OC8iPjxhcmVhIHNoYXBlPSJyZWN0IiBjb29yZHM9IjQwNSw3OSw1MjEsMTE1IiBocmVmPSJodHRwczovL2l0ZW0ucmFrdXRlbi5jby5qcC9iZXN0OTkvMjk4OTE0Mi8iPgo8L21hcD4KPGJyPjxicj48YnI+CjxpbWcgc3JjPSJodHRwczovL2ltYWdlLnJha3V0ZW4uY28uanAvYmVzdDk5L2NhYmluZXQvdGsxNC9ncmFuZHlfaGVhZGJvYXJkLmpwZyIgYm9yZGVyPTAiIHVzZW1hcD0iI2dyYW5keV9oZWFkYm9hcmQiPgo8bWFwIG5hbWU9ImdyYW5keV9oZWFkYm9hcmQiPgogIDxhcmVhIHNoYXBlPSJyZWN0IiBjb29yZHM9IjQ3LDM1MiwzMTMsNDYwIiBocmVmPSJodHRwczovL2l0ZW0ucmFrdXRlbi5jby5qcC9iZXN0OTkvMjk4OTEzMC8iPgogIDxhcmVhIHNoYXBlPSJyZWN0IiBjb29yZHM9IjM2MywzNTQsNjI5LDQ2MiIgaHJlZj0iaHR0cHM6Ly9pdGVtLnJha3V0ZW4uY28uanAvYmVzdDk5LzI5ODkxNDIvIj4KICA8YXJlYSBzaGFwZT0icmVjdCIgY29vcmRzPSIzNTgsMTU3LDYyNCwyNjUiIGhyZWY9Imh0dHBzOi8vaXRlbS5yYWt1dGVuLmNvLmpwL2Jlc3Q5OS8yOTg5MTE4LyI+CjxhcmVhIHNoYXBlPSJyZWN0IiBjb29yZHM9IjQ2LDE1NiwzMTIsMjY0IiBocmVmPSJodHRwczovL2l0ZW0ucmFrdXRlbi5jby5qcC9iZXN0OTkvMjk4OTEwNi8iPgo8L21hcD4KPGJyPgoKPGltZyBzcmM9Imh0dHBzOi8vaW1hZ2UucmFrdXRlbi5jby5qcC9iZXN0OTkvY2FiaW5ldC90azE0L2dyMDFfbGlua18yLmpwZyIgdXNlbWFwPSIjZ3IwMV9saW5rXzIiPgo8bWFwIG5hbWU9ImdyMDFfbGlua18yIiBpZD0iZ3IwMV9saW5rXzIiPgogIDxhcmVhIHNoYXBlPSJyZWN0IiBjb29yZHM9IjAsMTEsNjY5LDE2OCIgaHJlZj0iaHR0cHM6Ly9pdGVtLnJha3V0ZW4uY28uanAvYmVzdDk5LzI5MDAzMDAvIiAvPgogIDxhcmVhIHNoYXBlPSJyZWN0IiBjb29yZHM9IjM0MCwyNDMsNjY5LDM4OSIgaHJlZj0iaHR0cHM6Ly9pdGVtLnJha3V0ZW4uY28uanAvYmVzdDk5LzI5ODkxMDIvIiAvPgo8YXJlYSBzaGFwZT0icmVjdCIgY29vcmRzPSItMSwyNDMsMzI4LDM4OSIgaHJlZj0iaHR0cHM6Ly9pdGVtLnJha3V0ZW4uY28uanAvYmVzdDk5LzI5NjAyNTkvIiAvPjxhcmVhIHNoYXBlPSJyZWN0IiBjb29yZHM9Ii0zLDQwMyw2NjksNTQ5IiBocmVmPSJodHRwczovL2l0ZW0ucmFrdXRlbi5jby5qcC9iZXN0OTkvMjk4OTEwNC8iIC8+CjwvbWFwPgo8QlI+CjxpbWcgc3JjPSJodHRwczovL2ltYWdlLnJha3V0ZW4uY28uanAvYmVzdDk5L2NhYmluZXQvaDMvMjkxMDIxMWEzMS5qcGciIC8+PGJyPgo8YSBocmVmPSJodHRwczovL2l0ZW0ucmFrdXRlbi5jby5qcC9iZXN0OTkvMjkwNzEwMS8iPjxpbWcgc3JjPSJodHRwczovL2ltYWdlLnJha3V0ZW4uY28uanAvYmVzdDk5L2NhYmluZXQvaDMvMjkxMDIxMWEzMi5qcGciPjwvYT48YSBocmVmPSJodHRwczovL2l0ZW0ucmFrdXRlbi5jby5qcC9iZXN0OTkvMjkwNzIwMS8iPjxpbWcgc3JjPSJodHRwczovL2ltYWdlLnJha3V0ZW4uY28uanAvYmVzdDk5L2NhYmluZXQvaDMvMjkxMDIxMWEzMy5qcGciPjwvYT48dGFibGUgd2lkdGg9IjEwMCUiIGJvcmRlcj0iMCIgY2VsbHNwYWNpbmc9IjEiIGNlbGxwYWRkaW5nPSI4IiBjbGFzcz0iaV9pbmZvIj4KPHRyPgo8dGQgY29sc3Bhbj0iMiIgY2xhc3M9ImlfaW5mb190Ij4KPGI+PGZvbnQgY29sb3I9IiMzMzMzMzMiPqWkpfOl1aWppeGpYKW3peel8z/XotLiysLtlzwvZm9udD48L2I+CjwvdGQ+CjwvdHI+Cjx0cj4KPHRoPsvNwc+ky6TEpKSkxjwvdGg+Cjx0ZCBjbGFzcz0iaWF0dG5zb3J5byIgYmdjb2xvcj0iI0ZGRkZGRiI+PHA+PHAgY2xhc3M9ImRlbGl2X2ZlZV9ob2t1Ij6xsbqjtcCk2KTOxeTLzaTPhGXNvsvNwc+krKSrpKuk6qTepLmhozxicj6xsbqjtcDLzcHPo7qhvrGxNaG/pb+lpKXXPC9wPjwvcD4gPC90ZD4KPC90cj4KPHRyPgo8dGg+m1GcZ7e9t6iky6TEpKSkxjwvdGg+Cjx0ZCBiZ2NvbG9yPSIjRkZGRkZGIiBjbGFzcz0iaWF0dG5wZXkiPs2os6ObUZxnPGJyPjxwPqOopKrZSaSkzu+lrKWkpcmhuKSq1qeSQqSkt723qKTLpMSkpKTGobmk8qS0tF/VSqSvpMCktaSkoaOjqTwvcD48L3RkPiA8L3RyPjx0cj4KPHRoPsXkIMvNPC90aD4KPHRkIGNsYXNzPSJpYXR0bmRlbGkiIGJnY29sb3I9IiNGRkZGRkYiPqH5ytzXosn6rmLGt6TIpMqk6qTepLmho6SqveyksaTepMeky7xzMt9M6WezzO2UpKSkxqSqpOqk3qS5oaM8QlI+CqH5ytzXosn6rmLGt6TOnumhoqS016LOxOHhpM6lraXjpfOlu6XrpM+kqsrcpLGkx6StpN6ku6TzoaM8QlI+PGJyPqH5m1+/ST/reI11P9K7sr/faLj0tdik2KTOpKq97KSxpM+z9sC0pN6ku6TzoaM8QlI+PGJyPqH5lXLpZ9a4tqikzzGx46OoOS0xNJVyo6mhojKx46OoMTItMTiVcqOpoaK9S8jVseOjqDktMTiVcqOppM6k36TIpMqk6qTepLmhozxCUj4KP7XY0/Kky6TopMOkxsXky82kzurXyNWkrM/etqiktaTspOuI9rrPpOShopVy6WfWuLaopKyz0KTspMqkpIj2us+krKS0pLakpKTepLmhozxCUj48YnI+PC90ZD4gPC90cj4gCjwvdGFibGU+Cjx0YWJsZSB3aWR0aD0iMTAwJSIgYm9yZGVyPSIwIiBjZWxsc3BhY2luZz0iMSIgY2VsbHBhZGRpbmc9IjgiIGNsYXNzPSJpX2thbnJlbiI+Cjx0cj48dGQgY29sc3Bhbj0iMiIgYmdjb2xvcj0iI0YzRjNGMyI+IDxiPjxmb250IGNvbG9yPSIjMzMzMzMzIj7pdt9CyczGtzwvZm9udD48L2I+IDwvdGQ+PC90cj4KPHRyPjx0aD6lt6XqqWClutK700U8L3RoPgo8dGQgY2xhc3M9Iml2YWwiIGJnY29sb3I9IiNGRkZGRkYiPuuKhNOl2aXDpckoR1ItMDRDKSAxTaXVpeypYKXgIKXVpeypYKXgpM6k3yClt6XzpbCl6yA8QlI+PEJSPgrrioTTpdmlw6XJKEdSLTA0QykgMU2l1aXsqWCl4CCl1aXsqWCl4KTOpN8gpbul36XApdal6yA8QlI+PEJSPgrrioTTpdmlw6XJKEdSLTA0QykgMk2l1aXsqWCl4CCl1aXsqWCl4KTOpN8gpbel86WwpesgPEJSPjxCUj4K64qE06XZpcOlyShHUi0wNEMpIDJNpdWl7KlgpeAgpdWl7KlgpeCkzqTfIKW7pd+lwKXWpesgPEJSPjxCUj4K64qE06XZpcOlyShHUi0wNEMpIDJNpdWl7KlgpeAgpe+lpKXkpeyluSCl1aXsqWCl4KTOpN8gpbel86WwpesgPEJSPjxCUj4K64qE06XZpcOlyShHUi0wNEMpIDJNpdWl7KlgpeAgpe+lpKXkpeyluSCl1aXsqWCl4KTOpN8gpbul36XApdal6yA8QlI+PEJSPgrrioTTpdmlw6XJKEdSLTA0QykgMU2l1aXsqWCl4CCl3qXDpci4tiClt6XzpbCl6yA8QlI+PEJSPgrrioTTpdmlw6XJKEdSLTA0QykgMU2l1aXsqWCl4CCl3qXDpci4tiClu6XfpcCl1qXrIDxCUj48QlI+CuuKhNOl2aXDpckoR1ItMDRDKSAyTaXVpeypYKXgIKXepcOlyLi2IKW3pfOlsKXrIDxCUj48QlI+CuuKhNOl2aXDpckoR1ItMDRDKSAyTaXVpeypYKXgIKXepcOlyLi2IKW7pd+lwKXWpesgPEJSPjxCUj4K64qE06XZpcOlyShHUi0wNEMpIDJNpdWl7KlgpeAgpe+lpKXkpeyluSCl3qXDpci4tiClt6XzpbCl6yA8QlI+PEJSPgrrioTTpdmlw6XJKEdSLTA0QykgMk2l1aXsqWCl4CCl76WkpeSl7KW5IKXepcOlyLi2IKW7pd+lwKXWpesgPEJSPjxCUj48L3RkPgo8L3RyPgo8L3RhYmxlPgo8dGFibGUgd2lkdGg9IjEwMCUiIGJvcmRlcj0iMCIgY2VsbHNwYWNpbmc9IjEiIGNlbGxwYWRkaW5nPSI4IiBjbGFzcz0iaV9zcGVjIj48dHI+PHRkIGNvbHNwYW49IjIiIGJnY29sb3I9IiNGM0YzRjMiPgo8Yj48Zm9udCBjb2xvcj0iIzMzMzMzMyI+1JS8mj+luaXapcOlrzwvZm9udD48L2I+PC90ZD48L3RyPgo8dHI+Cjx0aD7JzMa31WjD9zwvdGg+Cjx0ZCBjbGFzcz0iaWV4cGxhbmF0aW9uIiBiZ2NvbG9yPSIjRkZGRkZGIj6x48D7pMoxv9qls6Xzpbul86XIo6aDnqS3pKS1xqTOTEVE1dXD96SspMSkpKS/pdilw6XJpdypYKXJoaM8YnI+sMLQ0KStOGNtpM7QocXvpKy4tqSkpMakpKTrpM6kx8S/0pmk3qS3lXLTi6Tk0K+OoaSs1sOksaTGsePA+6GjpLmkw6StpOqkt6S/g56kt6SkxL7Ev6Ssw8Ckt6SkoaLvlqStpLqky+lMpK/KuaSopOul2aXDpcmkx6S5oaM8YnI+64qE06XZpcOlyaTLpM/SiqSopMqkpKW3pfOl16XrpMqlx6W2paSl86TOpbCl6aXzpcelo6XZpcOlyaW3peqpYKW6oaOl2aXDpcmk2KTOxvCkrcnPpKyk6qTkgVyk6r21pOqk8tFh1vqkt6TGpK+k7KTepLmho6Xcpb+l86SsyrmkpKTkpLmkpKXqpeKls6XzpMey2df3pOK6hoVnpMekuaGjPGJyPjGl4qlgpb+pYKW/paSl16TPoaKxs8nPpLKkyL3Fyc+ksqSszayVcoTT1/ekx7/JhNOkt6TepLmhozxicj48L3RkPgo8L3RyPgo8dHI+Cjx0aD6ltaWkpboovHMpPC90aD4KPHRkIGNsYXNzPSJpc2l6ZSIgYmdjb2xvcj0iI0ZGRkZGRiI+pdmlw6XJsb7M5aO6t/k5OKHBsMLQ0DIwNy45ocG43zg3Y20otLLD5rjfo7oyNmNtKTxicj7F77DC0NA4Y208YnI+pd6lw6XIpeyluaO6t/k5N6HBsMLQ0DE5NaHBuN8xN2NtPGJyPjwvdGQ+CjwvdHI+Cjx0cj4KPHRoPrLEINl8PC90aD4KPHRkIGNsYXNzPSJpbWF0ZXJpYWwiIGJnY29sb3I9IiNGRkZGRkYiPqXXpeql86XIu6+7krDlKKXYpcOlyaXcqWClyaTOpN+lqKXzpdylubzTuaQpPGJyPrSysOU/sryPiKTqPGJyPqG+pd6lw6XIpeyluaG/pd6lpKWvpe2luaXXpeql86WwoaKCyMn6tdg/pculw6XIPGJyPjwvdGQ+CjwvdHI+Cjx0cj4KPHRoPr1NwaI8L3RoPgo8dGQgY2xhc3M9ImlrdW1pdGF0ZSIgYmdjb2xvcj0iI0ZGRkZGRiI+pKq/zZiUvU3Boii088jLMsP7o7q8czMwt9YpPGJyPjwvdGQ+CjwvdHI+Cjx0cj4KPHRoPsn6rmK5+jwvdGg+Cjx0ZCBjbGFzcz0iaWNvdW50cnkiIGJnY29sb3I9IiNGRkZGRkYiPsjVsb48YnI+PC90ZD4KPC90cj4KPHRyPgo8dGg+pL2kzsv7P9ei0uLKwu2XPC90aD4KPHRkIGNsYXNzPSJpYXR0bnR4dCIgYmdjb2xvcj0iI0ZGRkZGRiI+MaXiqWClv6lgo7qxs8nPpLIrvcXJz6SyzayVcoTT1/ekuaTrpb+lpKXXPGJyPgpMRUTV1cP3uLahojG/2qWzpfOlu6Xzpci4tigxMjAwVyk8YnI+PC90ZD4KPC90cj4KPC90YWJsZT48YnIgc3R5bGU9ImNsZWFyOmJvdGgiIC8+,pdWl6aXzpbml2aXDpckg64qE06XZpcOlyShHUi0wNEMgMaXiqWClv6lgpdWl7KlgpeAgpd6lw6XIpeylubi2KFJYLTAzMCkgpbel86WwpesgsbPJz6SypMi9xcnPpLKkrM2slXKE09f3IOuKhNOl6qWvpemlpKXLpfOlsKXZpcOlySDF77i2pK0g1dXD97i2pK0gjG24tqStpdmlw6XJIKWzpfOlu6Xzpcgxv9og1dXD97i2IKW5pdel6qXzpbCl3qXDpcil7KW5uLYgvcW4tqStpdmlw6XJIGZyYW5jZWJlZCAyxOqxo9ReuLajukI5OQ==,pdWl6aXzpbml2aXDpckg64qE06XZpcOlyShHUi0wNEMgMaXiqWClv6lgpdWl7KlgpeAgpd6lw6XIpeylubi2KFJYLTAzMCkgpbel86WwpesgsbPJz6SypMi9xcnPpLKkrM2slXKE09f3IOuKhNOl6qWvpemlpKXLpfOlsKXZpcOlySDF77i2pK0g1dXD97i2pK0gjG24tqStpdmlw6XJIKWzpfOlu6Xzpcgxv9og1dXD97i2IKW5pdel6qXzpbCl3qXDpcil7KW5uLYgvcW4tqStpdmlw6XJIGZyYW5jZWJlZCAyxOqxo9ReuLY=,64qE06XZpcOlyShHUi0wNEMgMaXiqWClv6lgpdWl7KlgpeAgpd6lw6XIpeylubi2KFJYLTAzMCkgpbeho6XVpeml86W5pdmlw6XJIOuKhNOl2aXDpckoR1ItMDRDIDGl4qlgpb+pYKXVpeypYKXgIKXepcOlyKXspbm4tihSWC0wMzApIKW3pfOlsKXrILGzyc+ksqTIvcXJz6SypKzNrJVyhNPX9yDrioTTpeqlr6XppaSly6XzpbCl2aXDpckgxe+4tqStINXVw/e4tqStIIxtuLakraXZpcOlySCls6Xzpbul86XIMb/aINXVw/e4tiCluaXXpeql86Wwpd6lw6XIpeylubi2IL3FuLakraXZpcOlySBmcmFuY2ViZWQgMsTqsaPUXri2[rn]
40-32969,aHR0cDovL3RzaG9wLnIxMHMuanAvYmVzdDk5L2NhYmluZXQvb3NhNi8yOTYwMDU3LmpwZz9maXRpbj03MDA6NzAw,MTYyMTAzLjIwMDA=,,paSl86XGpeqloj/H3r7fP4WnvHsgPiCl2aXDpckgPiDrioTTP6Xqpa+l6aWkpcul86Wwpdmlw6XJ,pdWl6aXzpbml2aXDpckg64qE06XZpcOlySDF77i2pK0g0ru/2qWzpfOlu6Xzpci4tiBP0M3Wp9SupdCpYLi2IKW3pbmlxqXgpdWloaXrpckxpeKpYKW/qWCjq1Ol1aWhpeulyVJYpd6lw6XIIKW3pfOlsKXrL2ZyYW5jZWJlZCBDMi1PIDFNIOuKhNOl6qWvpemlpKXLpfOlsKXZpcOlySDrioTTpdmlw6XJIL60wM+kzsjVIKSqxOq8xKTqKLT60v2yu7/JKSjpX5d51E/Ww59vwc8pIMvNwc+fb8HP,pdWl6aXzpbml2aXDpckgQzItTyAxTSBTo6ZTpdWloaXrpclSWKXepcOlyA==,Cgo8YnI+PGJyPjxpbWcgc3JjPSJodHRwczovL2ltYWdlLnJha3V0ZW4uY28uanAvaS1vZmZpY2UxL2NhYmluZXQvdGFrZTExLzE2OV9rYWlrb25fZnJlZS5qcGciPjxicj48YnI+PHAgY2xhc3M9ImRlbGl2X2ZlZV9ob2t1Ij6xsbqjtcCk2KTOxeTLzaTPhGXNvsvNwc+krKSrpKuk6qTepLmhozxicj6xsbqjtcDLzcHPo7qhvrGxNaG/pb+lpKXXPC9wPgo8cCBzdHlsZT0iZm9udC1zaXplOiAxMnB4OyBjb2xvcjojQ0MwMDAwOyI+ofmVculn1ri2qKTPMbHjo6g5LTE0lXKjqaGiMrHjo6gxMi0xOJVyo6mhor1LyNWx46OoOS0xOJVyo6mkzqTfpMikyqTqpN6kuaGjPEJSPqH5tdjT8qTLpOikw6TGxeTLzaTO6tfI1aSsz962qKS1pOyk64j2us+k5KGilXLpZ9a4tqikrLPQpOykyqSkiPa6z6SspLSktqSkpN6kuaGjPEJSPqH5m1+/SaGi63iNdaTYpM6kqr3spLGkz7P2wLSk3qS7pPOhozxCUj48QlI+PC9wPjxwPjxpbWcgc3JjPSJodHRwczovL2ltYWdlLnJha3V0ZW4uY28uanAvaS1vZmZpY2UxL2NhYmluZXQvY2FtL2RpYmlraS5naWYiIGFsdD0itPq98NL9k1Gyu7/JyczGtyIgYm9yZGVyPSIwIiA+PC9wPgo8cCBzdHlsZT0iZm9udC1zaXplOiAxMnB4OyBjb2xvcjojQ0MwMDAwOyI+ofKxvsnMxrekzqSq1qeSQqSkt723qKTPoaKhuLT6vfDS/ZNRobmkzta4tqikrKTHpK2k3qS7pPOhowqlt6W5pcal4MnPoaKhuLT60v2yu7/JobnJzMa3pOKhuLT6vfDS/ZNRobmkzt94kmukrKTHpK2k3qS5pKyhogq0+r3w0v2TUaTHpM6bUZxnpKykx6StpN6ku6TzpM6kx6Gipa+l7KW4pcOlyKWrqWClyaTipLekr6TPoaIKx7CSQqSko6ils6XzpdOly5tRnGehouN50NDV8d56o6mkx6TOm1GcZ994kmuk8qSq7oqkpKSkpL+kt6TepLmhozxicj4KPEJSPqG+xeTLzdRP1sOfb8HPpbWpYKXTpbnW0KG/6V+XeT+9TcGi1E/Ww6SsvfGkwKSxn2/Bz6WtpeOl86XaqWCl89bQo6E8QlI+PC9wPjxwPjxGb250IFNpemU9IjQiPqW3pbmlxqXgpdWloaXrpcmlt6XqqWCluqTPpLOkwaTpoe88L2ZvbnQ+PC9wPgo8cCBzdHlsZT0iZm9udC1zaXplOjE0cHg7IGNvbG9yOiNGRjAwMDA7IGxpbmUtaGVpZ2h0OjIwcHgiPgqh+aXVpeml86W5pdmlw6XJpM7Rdca3pM/K3NeiyfquYsa3pMekuaGjpLTXos7EpKuk6bBry82k3qTHMTDI1aSrpOky30zpZ7PMpKqVculnpPLtlKSviPa6z6SspLSktqSkpN6kuaGjpLTBy7PQz8KktaSkoaM8YnI+CjwvcD6h9snMxrfVaMP3PGJyPgrKuaSkpOSkuaS1pOSa3bPWpMHBvKS1pMffeKTWoaLYTri7pMql0KXqpaipYKW3peel86TOobilt6W5pcal4KXVpaGl66XJobmlt6XqqWCluqGjPGJyPgpP0M3Wp9SupdCpYLi2pK2hozxicj6xs6TipL+k7KXqpa+l6aWkpcul86WwmUPE3KOovHM3MKHjo6mkzjGl4qlgpb+pYKW/paSl16GjPGJyPgrSu7/apbOl86W7pfOlyLi2pK2hozxicj6l6qWvpemlpKXLpfOlsKXepcOlyKXspbk/U6XVpaGl66XJUlil3qXDpcil7KW5uLakraGjPGhyPqW1paSluqO6t/kxMDMuNaHB6UyktTIxOaHBuN+ktTc2ocEKtLLD5rjfMzkvNDYuNS81NGNto6i9TcGilXKky6Ozts7rQdV7uZ2/ycTco6k8YnI+ofml3qXDpcil7KW5uvExN2NtPGJyPqH51qfUrqXQqWDIoaTquLaksZVyoaK3+aTPo6sxLjFjbaTLpMqk6qTepLmhozxocj6yxNl8o7rW97LEL7uvu5Kw5Txocj4KguS/vKO6W9K7v9qls6Xzpbul86XIXdfutPPKudPDyN3Bv6O6MTUwMFc8aHI+Cr1NwaKjuqSqv82YlL1NwaI8aHI+CqWrpempYKO6paalp6XzpbijqFdFo6kvpdOpYKXBo6hCQ0ijqTxocj4K16LS4srC7Zejujxicj4KP8nMxre7rc/xpM/Jq7rPpKSk5MvYssS40KSsjGfrSKTOyczGt6TIrpCkyqTriPa6z6SspLSktqSkpN6kuaGjPGJyPgogP6Xipculv6lgP6XHpaOluaXXpeylpKTLpOikw6TGpOLQtKTqt72krInkpOqk3qS5oaPT6KThpLTBy7PQpK+kwKS1pKShozxicj48c3R5bGUgdHlwZT0idGV4dC9jc3MiPgpAY2hhcnNldCAidXRmLTgiOwovKiBDU1MgRG9jdW1lbnQgKi8KCjwvc3R5bGU+CgoKCjxicj48YnI+CjxpbWcgc3JjPSJodHRwOi8vaW1hZ2UucmFrdXRlbi5jby5qcC9iZXN0OTkvY2FiaW5ldC8wMzk0MjA4MC9iZWRfbWVpbi5qcGciIHdpZHRoPSI4NDAiIC8+CgoKCgo8L2h0bWw+,pdWl6aXzpbml2aXDpckg64qE06XZpcOlySDF77i2pK0g0ru/2qWzpfOlu6Xzpci4tiBP0M3Wp9SupdCpYLi2IKW3pbmlxqXgpdWloaXrpckxpeKpYKW/qWCjq1Ol1aWhpeulyVJYpd6lw6XIIKW3pfOlsKXrL2ZyYW5jZWJlZCBDMi1PIDFNIOuKhNOl6qWvpemlpKXLpfOlsKXZpcOlySDrioTTpdmlw6XJIL60wM+kzsjVIKSqxOq8xKTqKLT60v2yu7/JKSjpX5d51E/Ww59vwc8pIMvNwc+fb8HPo7pCOTk=,pdWl6aXzpbml2aXDpckg64qE06XZpcOlySDF77i2pK0g0ru/2qWzpfOlu6Xzpci4tiBP0M3Wp9SupdCpYLi2IKW3pbmlxqXgpdWloaXrpckxpeKpYKW/qWCjq1Ol1aWhpeulyVJYpd6lw6XIIKW3pfOlsKXrL2ZyYW5jZWJlZCBDMi1PIDFNIOuKhNOl6qWvpemlpKXLpfOlsKXZpcOlySDrioTTpdmlw6XJIL60wM+kzsjVIKSqxOq8xKTqKLT60v2yu7/JKSjpX5d51E/Ww59vwc8pIMvNwc+fb8HP,pdWl6aXzpbml2aXDpckgQzItTyAxTSBTo6ZTpdWloaXrpclSWKXepcOlyKGjpdWl6aXzpbml2aXDpckg64qE06XZpcOlySDF77i2pK0g0ru/2qWzpfOlu6Xzpci4tiBP0M3Wp9SupdCpYLi2IKW3pbmlxqXgpdWloaXrpckxpeKpYKW/qWCjq1Ol1aWhpeulyVJYpd6lw6XIIKW3pfOlsKXrL2ZyYW5jZWJlZCBDMi1PIDFNIOuKhNOl6qWvpemlpKXLpfOlsKXZpcOlySDrioTTpdmlw6XJIL60wM+kzsjVIKSqxOq8xKTqKLT60v2yu7/JKSjpX5d51E/Ww59vwc8pIMvNwc+fb8HP[rn]
40-32970,aHR0cDovL3RzaG9wLnIxMHMuanAvYmVzdDk5L2NhYmluZXQvdGsxNC8yOTg5MTQ0LmpwZz9maXRpbj03MDA6NzAw,MTYyNDAwLjAwMDA=,,paSl86XGpeqloj/H3r7fP4WnvHsgPiCl2aXDpckgPiDrioTTP6Xqpa+l6aWkpcul86Wwpdmlw6XJ,pdWl6aXzpbml2aXDpckg64qE06XZpcOlyShHUi0wNEMgMqXiqWClv6lgpdWl7KlgpeAgpdWl7KlgpeCkzqTfIKW3pfOlsKXrILGzyc+ksqTIvcXJz6SypKyEZYTT1/cg64qE06Xqpa+l6aWkpcul86Wwpdmlw6XJIMXvuLakrSDV1cP3uLakrSCMbbi2pK2l2aXDpckgpbOl86W7pfOlyDG/2iDV1cP3uLYgvcW4tqStpdmlw6XJIL3FuLakraXZpcOlySBmcmFuY2ViZWQgMsTqsaPUXri2IKXVpeml86W5pdmlw6XJ1f3Sjsa3,64qE06XZpcOlyShHUi0wNEMgMqXiqWClv6lgpdWl7KlgpeAgpdWl7KlgpeCkzqTfIKW3pfOlsKXrIKXV,,pdWl6aXzpbml2aXDpckg64qE06XZpcOlyShHUi0wNEMgMqXiqWClv6lgpdWl7KlgpeAgpdWl7KlgpeCkzqTfIKW3pfOlsKXrILGzyc+ksqTIvcXJz6SypKyEZYTT1/cg64qE06Xqpa+l6aWkpcul86Wwpdmlw6XJIMXvuLakrSDV1cP3uLakrSCMbbi2pK2l2aXDpckgpbOl86W7pfOlyDG/2iDV1cP3uLYgvcW4tqStpdmlw6XJIL3FuLakraXZpcOlySBmcmFuY2ViZWQgMsTqsaPUXri2IKXVpeml86W5pdmlw6XJ1f3Sjsa3o7pCOTk=,pdWl6aXzpbml2aXDpckg64qE06XZpcOlyShHUi0wNEMgMqXiqWClv6lgpdWl7KlgpeAgpdWl7KlgpeCkzqTfIKW3pfOlsKXrILGzyc+ksqTIvcXJz6SypKyEZYTT1/cg64qE06Xqpa+l6aWkpcul86Wwpdmlw6XJIMXvuLakrSDV1cP3uLakrSCMbbi2pK2l2aXDpckgpbOl86W7pfOlyDG/2iDV1cP3uLYgvcW4tqStpdmlw6XJIL3FuLakraXZpcOlySBmcmFuY2ViZWQgMsTqsaPUXri2IKXVpeml86W5pdmlw6XJ1f3Sjsa3,64qE06XZpcOlyShHUi0wNEMgMqXiqWClv6lgpdWl7KlgpeAgpdWl7KlgpeCkzqTfIKW3pfOlsKXrIKXVoaOl1aXppfOluaXZpcOlySDrioTTpdmlw6XJKEdSLTA0QyAypeKpYKW/qWCl1aXsqWCl4CCl1aXsqWCl4KTOpN8gpbel86WwpesgsbPJz6SypMi9xcnPpLKkrIRlhNPX9yDrioTTpeqlr6XppaSly6XzpbCl2aXDpckgxe+4tqStINXVw/e4tqStIIxtuLakraXZpcOlySCls6Xzpbul86XIMb/aINXVw/e4tiC9xbi2pK2l2aXDpckgvcW4tqStpdmlw6XJIGZyYW5jZWJlZCAyxOqxo9ReuLYgpdWl6aXzpbml2aXDpcnV/dKOxrc=[rn]
40-32971,aHR0cDovL3RzaG9wLnIxMHMuanAvYmVzdDk5L2NhYmluZXQvdGJtMy8xNDYwMDE2MS5qcGc/Zml0aW49NzAwOjcwMA==,MTE5ODQwLjAwMDA=,,paSl86XGpeqloj/H3r7fP4WnvHsgPiCl2aXDpckgPiDrioTTP6Xqpa+l6aWkpcul86Wwpdmlw6XJ,pbGloqXspcOlyKXJpeupYKXBpacgsbPJz6SyMSsxpeKpYKW/qWCl2aXDpcmlu6XDpcgojG24tj+lqKXrpcCpYKW1pd2pYKXIpe+lpKXJpd6lw6XIpeyluSkg64qE0yCl2aXDpckgjG24tqW/paSl1yDrioTTIKXZpcOlySul3qXDpcil7KW5pbulw6XIIKXqpa+l6aWkpcul86Wwpdmlw6XJIL3p12+l2aXDpckg0r2vn6XZpcOlySClt6XzpbCl66XZpcOlySCl16XppcOlxCBQTEFUWiBwbGF0cyC9TcGi6V+XedRP1sOfb8HPIFvLzcHPn2/Bz10=,ob69TcGi6V+XedRP1sOfb8HPob8gpbGloqXspcOlyKXJpeupYKXBpacg64qE06XZpcOlyQ==,PGltZyBzcmM9Imh0dHBzOi8vaW1hZ2UucmFrdXRlbi5jby5qcC9iZXN0OTkvY2FiaW5ldC90Ym0zLzE0NjAwMTYxLmpwZyIgLz48YnIgLz4KPGltZyBzcmM9Imh0dHBzOi8vaW1hZ2UucmFrdXRlbi5jby5qcC9iZXN0OTkvY2FiaW5ldC90Ym0zLzE0NjAwMTYxXzEuanBnIiAvPjxiciAvPgo8aW1nIHNyYz0iaHR0cHM6Ly9pbWFnZS5yYWt1dGVuLmNvLmpwL2Jlc3Q5OS9jYWJpbmV0L3RibTMvMTQ2MDAxNjFfMi5qcGciIC8+PGJyIC8+CjxpbWcgc3JjPSJodHRwczovL2ltYWdlLnJha3V0ZW4uY28uanAvYmVzdDk5L2NhYmluZXQvdGJtMy8xNDYwMDE2MV8zLmpwZyIgLz48YnIgLz4KPGltZyBzcmM9Imh0dHBzOi8vaW1hZ2UucmFrdXRlbi5jby5qcC9iZXN0OTkvY2FiaW5ldC90Ym0zLzE0NjAwMTYxXzQuanBnIiAvPjxiciAvPgo8aW1nIHNyYz0iaHR0cHM6Ly9pbWFnZS5yYWt1dGVuLmNvLmpwL2Jlc3Q5OS9jYWJpbmV0L3RibTMvMTQ2MDAxNjFfNS5qcGciIC8+PGJyIC8+CjxpbWcgc3JjPSJodHRwczovL2ltYWdlLnJha3V0ZW4uY28uanAvYmVzdDk5L2NhYmluZXQvdGJtMy8xNDYwMDE2MV82LmpwZyIgLz48YnIgLz4KPGltZyBzcmM9Imh0dHBzOi8vaW1hZ2UucmFrdXRlbi5jby5qcC9iZXN0OTkvY2FiaW5ldC90Ym0zLzE0NjAwMTYxXzcuanBnIiAvPjxiciAvPgo8aW1nIHNyYz0iaHR0cHM6Ly9pbWFnZS5yYWt1dGVuLmNvLmpwL2Jlc3Q5OS9jYWJpbmV0L3RibTMvMTQ2MDAxNjFfOC5qcGciIC8+PGJyIC8+CjxpbWcgc3JjPSJodHRwczovL2ltYWdlLnJha3V0ZW4uY28uanAvYmVzdDk5L2NhYmluZXQvdGJtMy8xNDYwMDE2MV85LmpwZyIgLz48YnIgLz4KPGltZyBzcmM9Imh0dHBzOi8vaW1hZ2UucmFrdXRlbi5jby5qcC9iZXN0OTkvY2FiaW5ldC90Ym0zLzE0NjAwMTYxXzEwLmpwZyIgLz48YnIgLz4KPGltZyBzcmM9Imh0dHBzOi8vaW1hZ2UucmFrdXRlbi5jby5qcC9iZXN0OTkvY2FiaW5ldC9oNy9xYTEuanBnIiAvPjxicj4KPGltZyBzcmM9Imh0dHBzOi8vaW1hZ2UucmFrdXRlbi5jby5qcC9iZXN0OTkvY2FiaW5ldC9oNy9xYTIuanBnIiAvPjxicj4KPGltZyBzcmM9Imh0dHBzOi8vaW1hZ2UucmFrdXRlbi5jby5qcC9iZXN0OTkvY2FiaW5ldC9oNy9xYTMuanBnIiAvPjxicj4KPGltZyBzcmM9Imh0dHBzOi8vaW1hZ2UucmFrdXRlbi5jby5qcC9iZXN0OTkvY2FiaW5ldC9oNy9ucC5qcGciIC8+PGJyPgo8cCBzdHlsZT0iY29sb3I6cmVkOyI+PGZvbnQgc2l6ZT0iNCI+CqH5sb7JzMa3pM+0+tL9sru/ycnMxrekx6S5oaOhuLT60v2hudLUzeKkzqSq1qeSQqSkpPKkqt94pNPPwqS1pKShozxiciAvPgqh+bG+yczGt6TPyNXq1z/Xo8jVpM6kqr3spLGkrKTHpK2k3qS7pPOho6SipOmkq6S4pOGktMHLs9DPwqS1pKShozwvZm9udD48L3A+PGJyPjxicj4KPGltZyBzcmM9Imh0dHBzOi8vaW1hZ2UucmFrdXRlbi5jby5qcC9iZXN0OTkvY2FiaW5ldC90Ym0zL2RvX2wuanBnIiBib3JkZXI9IjAiIHVzZW1hcD0iI01hcCIgLz4KPG1hcCBuYW1lPSJNYXAiPgo8YXJlYSBzaGFwZT0icmVjdCIgY29vcmRzPSIzLDEzOCwxMzEsMjcxIiBocmVmPSJodHRwczovL2l0ZW0ucmFrdXRlbi5jby5qcC9iZXN0OTkvMTQ2MDAxNDUvIj4KPGFyZWEgc2hhcGU9InJlY3QiIGNvb3Jkcz0iMTMxLDEzOSwyNjUsMjcxIiBocmVmPSJodHRwczovL2l0ZW0ucmFrdXRlbi5jby5qcC9iZXN0OTkvMTQ2MDAxNDYvIj4KPGFyZWEgc2hhcGU9InJlY3QiIGNvb3Jkcz0iMjY3LDEzOCw0MDEsMjY5IiBocmVmPSJodHRwczovL2l0ZW0ucmFrdXRlbi5jby5qcC9iZXN0OTkvMTQ2MDAxNDcvIj4KPGFyZWEgc2hhcGU9InJlY3QiIGNvb3Jkcz0iNDAxLDE0MCw1MzUsMjczIiBocmVmPSJodHRwczovL2l0ZW0ucmFrdXRlbi5jby5qcC9iZXN0OTkvMTQ2MDAxNDgvIj4KPGFyZWEgc2hhcGU9InJlY3QiIGNvb3Jkcz0iNTM1LDEzNyw2NzEsMjcyIiBocmVmPSJodHRwczovL2l0ZW0ucmFrdXRlbi5jby5qcC9iZXN0OTkvMTQ2MDAxNDkvIj4KPGFyZWEgc2hhcGU9InJlY3QiIGNvb3Jkcz0iMiwyODksMTM1LDQxOSIgaHJlZj0iaHR0cHM6Ly9pdGVtLnJha3V0ZW4uY28uanAvYmVzdDk5LzE0NjAwMTU1LyI+CjxhcmVhIHNoYXBlPSJyZWN0IiBjb29yZHM9IjEzNywyOTAsMjY3LDQyMiIgaHJlZj0iaHR0cHM6Ly9pdGVtLnJha3V0ZW4uY28uanAvYmVzdDk5LzE0NjAwMTU2LyI+CjxhcmVhIHNoYXBlPSJyZWN0IiBjb29yZHM9IjI2OCwyODksMzk5LDQyMSIgaHJlZj0iaHR0cHM6Ly9pdGVtLnJha3V0ZW4uY28uanAvYmVzdDk5LzE0NjAwMTU3LyI+CjxhcmVhIHNoYXBlPSJyZWN0IiBjb29yZHM9IjM5OSwyODcsNTM1LDQyMiIgaHJlZj0iaHR0cHM6Ly9pdGVtLnJha3V0ZW4uY28uanAvYmVzdDk5LzE0NjAwMTU4LyI+CjxhcmVhIHNoYXBlPSJyZWN0IiBjb29yZHM9IjUzOCwyODYsNjc0LDQyMiIgaHJlZj0iaHR0cHM6Ly9pdGVtLnJha3V0ZW4uY28uanAvYmVzdDk5LzE0NjAwMTU5LyI+CjxhcmVhIHNoYXBlPSJyZWN0IiBjb29yZHM9IjMsNDMyLDEzMSw1NjkiIGhyZWY9Imh0dHBzOi8vaXRlbS5yYWt1dGVuLmNvLmpwL2Jlc3Q5OS8xNDYwMDE1MC8iPgo8YXJlYSBzaGFwZT0icmVjdCIgY29vcmRzPSIxMzUsNDM0LDI2Myw1NzAiIGhyZWY9Imh0dHBzOi8vaXRlbS5yYWt1dGVuLmNvLmpwL2Jlc3Q5OS8xNDYwMDE1MS8iPgo8YXJlYSBzaGFwZT0icmVjdCIgY29vcmRzPSIyNjYsNDM1LDQwMCw1NjkiIGhyZWY9Imh0dHBzOi8vaXRlbS5yYWt1dGVuLmNvLmpwL2Jlc3Q5OS8xNDYwMDE1Mi8iPgo8YXJlYSBzaGFwZT0icmVjdCIgY29vcmRzPSI0MDIsNDM0LDUzNCw1NzEiIGhyZWY9Imh0dHBzOi8vaXRlbS5yYWt1dGVuLmNvLmpwL2Jlc3Q5OS8xNDYwMDE1My8iPgo8YXJlYSBzaGFwZT0icmVjdCIgY29vcmRzPSI1MzgsNDM0LDY3MCw1NzAiIGhyZWY9Imh0dHBzOi8vaXRlbS5yYWt1dGVuLmNvLmpwL2Jlc3Q5OS8xNDYwMDE1NC8iPgo8YXJlYSBzaGFwZT0icmVjdCIgY29vcmRzPSIyLDU4NSwxMzEsNzE3IiBocmVmPSJodHRwczovL2l0ZW0ucmFrdXRlbi5jby5qcC9iZXN0OTkvMTQ2MDAxNjAvIj4KPGFyZWEgc2hhcGU9InJlY3QiIGNvb3Jkcz0iMTM1LDU4NSwyNjQsNzE4IiBocmVmPSJodHRwczovL2l0ZW0ucmFrdXRlbi5jby5qcC9iZXN0OTkvMTQ2MDAxNjEvIj4KPGFyZWEgc2hhcGU9InJlY3QiIGNvb3Jkcz0iMjY3LDU4NCwzOTgsNzIxIiBocmVmPSJodHRwczovL2l0ZW0ucmFrdXRlbi5jby5qcC9iZXN0OTkvMTQ2MDAxNjIvIj4KPGFyZWEgc2hhcGU9InJlY3QiIGNvb3Jkcz0iNDAxLDU4Miw1MzMsNzIxIiBocmVmPSJodHRwczovL2l0ZW0ucmFrdXRlbi5jby5qcC9iZXN0OTkvMTQ2MDAxNjMvIj4KPGFyZWEgc2hhcGU9InJlY3QiIGNvb3Jkcz0iNTM1LDU4Miw2NjcsNzIwIiBocmVmPSJodHRwczovL2l0ZW0ucmFrdXRlbi5jby5qcC9iZXN0OTkvMTQ2MDAxNjQvIj4KPC9tYXA+Cjxicj4KPGltZyBzcmM9Imh0dHBzOi8vaW1hZ2UucmFrdXRlbi5jby5qcC9iZXN0OTkvY2FiaW5ldC90Ym0zL2ZvX2wuanBnIiBib3JkZXI9IjAiIHVzZW1hcD0iI01hcDIiIC8+CjxtYXAgbmFtZT0iTWFwMiI+CjxhcmVhIHNoYXBlPSJyZWN0IiBjb29yZHM9IjUzNSw1MzYsNjY3LDY3NCIgaHJlZj0iaHR0cHM6Ly9pdGVtLnJha3V0ZW4uY28uanAvYmVzdDk5LzE0NjAwMTg0LyI+CjxhcmVhIHNoYXBlPSJyZWN0IiBjb29yZHM9IjQwMSw1MzYsNTMzLDY3NSIgaHJlZj0iaHR0cHM6Ly9pdGVtLnJha3V0ZW4uY28uanAvYmVzdDk5LzE0NjAwMTgzLyI+CjxhcmVhIHNoYXBlPSJyZWN0IiBjb29yZHM9IjI2Nyw1MzgsMzk4LDY3NSIgaHJlZj0iaHR0cHM6Ly9pdGVtLnJha3V0ZW4uY28uanAvYmVzdDk5LzE0NjAwMTgyLyI+CjxhcmVhIHNoYXBlPSJyZWN0IiBjb29yZHM9IjEzNSw1MzksMjY0LDY3MiIgaHJlZj0iaHR0cHM6Ly9pdGVtLnJha3V0ZW4uY28uanAvYmVzdDk5LzE0NjAwMTgxLyI+CjxhcmVhIHNoYXBlPSJyZWN0IiBjb29yZHM9IjIsNTM5LDEzMSw2NzEiIGhyZWY9Imh0dHBzOi8vaXRlbS5yYWt1dGVuLmNvLmpwL2Jlc3Q5OS8xNDYwMDE4MC8iPgo8YXJlYSBzaGFwZT0icmVjdCIgY29vcmRzPSIzLDM4NiwxMzEsNTIzIiBocmVmPSJodHRwczovL2l0ZW0ucmFrdXRlbi5jby5qcC9iZXN0OTkvMTQ2MDAxNzAvIj4KPGFyZWEgc2hhcGU9InJlY3QiIGNvb3Jkcz0iMTM1LDM4OCwyNjMsNTI0IiBocmVmPSJodHRwczovL2l0ZW0ucmFrdXRlbi5jby5qcC9iZXN0OTkvMTQ2MDAxNzEvIj4KPGFyZWEgc2hhcGU9InJlY3QiIGNvb3Jkcz0iMjY2LDM4OSw0MDAsNTIzIiBocmVmPSJodHRwczovL2l0ZW0ucmFrdXRlbi5jby5qcC9iZXN0OTkvMTQ2MDAxNzIvIj4KPGFyZWEgc2hhcGU9InJlY3QiIGNvb3Jkcz0iNDAyLDM4OCw1MzQsNTI1IiBocmVmPSJodHRwczovL2l0ZW0ucmFrdXRlbi5jby5qcC9iZXN0OTkvMTQ2MDAxNzMvIj4KPGFyZWEgc2hhcGU9InJlY3QiIGNvb3Jkcz0iNTM3LDM4Nyw2NjksNTIzIiBocmVmPSJodHRwczovL2l0ZW0ucmFrdXRlbi5jby5qcC9iZXN0OTkvMTQ2MDAxNzQvIj4KPGFyZWEgc2hhcGU9InJlY3QiIGNvb3Jkcz0iNTM2LDI0MCw2NzIsMzc2IiBocmVmPSJodHRwczovL2l0ZW0ucmFrdXRlbi5jby5qcC9iZXN0OTkvMTQ2MDAxNzkvIj4KPGFyZWEgc2hhcGU9InJlY3QiIGNvb3Jkcz0iMzk5LDI0MSw1MzUsMzc2IiBocmVmPSJodHRwczovL2l0ZW0ucmFrdXRlbi5jby5qcC9iZXN0OTkvMTQ2MDAxNzgvIj4KPGFyZWEgc2hhcGU9InJlY3QiIGNvb3Jkcz0iMjY4LDI0MywzOTksMzc1IiBocmVmPSJodHRwczovL2l0ZW0ucmFrdXRlbi5jby5qcC9iZXN0OTkvMTQ2MDAxNzcvIj4KPGFyZWEgc2hhcGU9InJlY3QiIGNvb3Jkcz0iMTM2LDI0NCwyNjYsMzc2IiBocmVmPSJodHRwczovL2l0ZW0ucmFrdXRlbi5jby5qcC9iZXN0OTkvMTQ2MDAxNzYvIj4KPGFyZWEgc2hhcGU9InJlY3QiIGNvb3Jkcz0iMiwyNDMsMTM1LDM3MyIgaHJlZj0iaHR0cHM6Ly9pdGVtLnJha3V0ZW4uY28uanAvYmVzdDk5LzE0NjAwMTc1LyI+CjxhcmVhIHNoYXBlPSJyZWN0IiBjb29yZHM9IjQsOTMsMTMyLDIyNiIgaHJlZj0iaHR0cHM6Ly9pdGVtLnJha3V0ZW4uY28uanAvYmVzdDk5LzE0NjAwMTY1LyI+CjxhcmVhIHNoYXBlPSJyZWN0IiBjb29yZHM9IjEzMSw5MywyNjUsMjI1IiBocmVmPSJodHRwczovL2l0ZW0ucmFrdXRlbi5jby5qcC9iZXN0OTkvMTQ2MDAxNjYvIj4KPGFyZWEgc2hhcGU9InJlY3QiIGNvb3Jkcz0iMjY2LDkyLDQwMCwyMjMiIGhyZWY9Imh0dHBzOi8vaXRlbS5yYWt1dGVuLmNvLmpwL2Jlc3Q5OS8xNDYwMDE2Ny8iPgo8YXJlYSBzaGFwZT0icmVjdCIgY29vcmRzPSI0MDEsOTQsNTM1LDIyNyIgaHJlZj0iaHR0cHM6Ly9pdGVtLnJha3V0ZW4uY28uanAvYmVzdDk5LzE0NjAwMTY4LyI+CjxhcmVhIHNoYXBlPSJyZWN0IiBjb29yZHM9IjUzNiw5Miw2NzIsMjI3IiBocmVmPSJodHRwczovL2l0ZW0ucmFrdXRlbi5jby5qcC9iZXN0OTkvMTQ2MDAxNjkvIj4KPC9tYXA+CjxiciAvPgo8aW1nIHNyYz0iaHR0cHM6Ly9pbWFnZS5yYWt1dGVuLmNvLmpwL2Jlc3Q5OS9jYWJpbmV0L3RibTMvbmVvX2wuanBnIiBib3JkZXI9IjAiIHVzZW1hcD0iI01hcDMiIC8+CjxtYXAgbmFtZT0iTWFwMyI+CjxhcmVhIHNoYXBlPSJyZWN0IiBjb29yZHM9IjUzNCw1NTgsNjY2LDY5NiIgaHJlZj0iaHR0cHM6Ly9pdGVtLnJha3V0ZW4uY28uanAvYmVzdDk5LzE0NjAwMjA0LyI+CjxhcmVhIHNoYXBlPSJyZWN0IiBjb29yZHM9IjM5OSw1NTksNTMxLDY5OCIgaHJlZj0iaHR0cHM6Ly9pdGVtLnJha3V0ZW4uY28uanAvYmVzdDk5LzE0NjAwMjAzLyI+CjxhcmVhIHNoYXBlPSJyZWN0IiBjb29yZHM9IjI2NSw1NjEsMzk2LDY5OCIgaHJlZj0iaHR0cHM6Ly9pdGVtLnJha3V0ZW4uY28uanAvYmVzdDk5LzE0NjAwMjAyLyI+CjxhcmVhIHNoYXBlPSJyZWN0IiBjb29yZHM9IjEzMyw1NjIsMjYyLDY5NSIgaHJlZj0iaHR0cHM6Ly9pdGVtLnJha3V0ZW4uY28uanAvYmVzdDk5LzE0NjAwMjAxLyI+CjxhcmVhIHNoYXBlPSJyZWN0IiBjb29yZHM9IjAsNTYyLDEyOSw2OTQiIGhyZWY9Imh0dHBzOi8vaXRlbS5yYWt1dGVuLmNvLmpwL2Jlc3Q5OS8xNDYwMDIwMC8iPgo8YXJlYSBzaGFwZT0icmVjdCIgY29vcmRzPSIxLDQwOSwxMjksNTQ2IiBocmVmPSJodHRwczovL2l0ZW0ucmFrdXRlbi5jby5qcC9iZXN0OTkvMTQ2MDAxOTAvIj4KPGFyZWEgc2hhcGU9InJlY3QiIGNvb3Jkcz0iMTMzLDQxMSwyNjEsNTQ3IiBocmVmPSJodHRwczovL2l0ZW0ucmFrdXRlbi5jby5qcC9iZXN0OTkvMTQ2MDAxOTEvIj4KPGFyZWEgc2hhcGU9InJlY3QiIGNvb3Jkcz0iMjY0LDQxMiwzOTgsNTQ2IiBocmVmPSJodHRwczovL2l0ZW0ucmFrdXRlbi5jby5qcC9iZXN0OTkvMTQ2MDAxOTIvIj4KPGFyZWEgc2hhcGU9InJlY3QiIGNvb3Jkcz0iNDAwLDQxMSw1MzIsNTQ4IiBocmVmPSJodHRwczovL2l0ZW0ucmFrdXRlbi5jby5qcC9iZXN0OTkvMTQ2MDAxOTMvIj4KPGFyZWEgc2hhcGU9InJlY3QiIGNvb3Jkcz0iNTM1LDQxMCw2NjcsNTQ2IiBocmVmPSJodHRwczovL2l0ZW0ucmFrdXRlbi5jby5qcC9iZXN0OTkvMTQ2MDAxOTQvIj4KPGFyZWEgc2hhcGU9InJlY3QiIGNvb3Jkcz0iNTM0LDI2Myw2NzAsMzk5IiBocmVmPSJodHRwczovL2l0ZW0ucmFrdXRlbi5jby5qcC9iZXN0OTkvMTQ2MDAxOTkvIj4KPGFyZWEgc2hhcGU9InJlY3QiIGNvb3Jkcz0iMzk3LDI2NCw1MzMsMzk5IiBocmVmPSJodHRwczovL2l0ZW0ucmFrdXRlbi5jby5qcC9iZXN0OTkvMTQ2MDAxOTgvIj4KPGFyZWEgc2hhcGU9InJlY3QiIGNvb3Jkcz0iMjY2LDI2NiwzOTcsMzk4IiBocmVmPSJodHRwczovL2l0ZW0ucmFrdXRlbi5jby5qcC9iZXN0OTkvMTQ2MDAxOTcvIj4KPGFyZWEgc2hhcGU9InJlY3QiIGNvb3Jkcz0iMTM0LDI2NywyNjQsMzk5IiBocmVmPSJodHRwczovL2l0ZW0ucmFrdXRlbi5jby5qcC9iZXN0OTkvMTQ2MDAxOTYvIj4KPGFyZWEgc2hhcGU9InJlY3QiIGNvb3Jkcz0iLTEsMjY2LDEzMiwzOTYiIGhyZWY9Imh0dHBzOi8vaXRlbS5yYWt1dGVuLmNvLmpwL2Jlc3Q5OS8xNDYwMDE5NS8iPgo8YXJlYSBzaGFwZT0icmVjdCIgY29vcmRzPSIxLDExNSwxMjksMjQ4IiBocmVmPSJodHRwczovL2l0ZW0ucmFrdXRlbi5jby5qcC9iZXN0OTkvMTQ2MDAxODUvIj4KPGFyZWEgc2hhcGU9InJlY3QiIGNvb3Jkcz0iMTI5LDExNiwyNjMsMjQ4IiBocmVmPSJodHRwczovL2l0ZW0ucmFrdXRlbi5jby5qcC9iZXN0OTkvMTQ2MDAxODYvIj4KPGFyZWEgc2hhcGU9InJlY3QiIGNvb3Jkcz0iMjY0LDExNSwzOTgsMjQ2IiBocmVmPSJodHRwczovL2l0ZW0ucmFrdXRlbi5jby5qcC9iZXN0OTkvMTQ2MDAxODcvIj4KPGFyZWEgc2hhcGU9InJlY3QiIGNvb3Jkcz0iMzk5LDExNyw1MzMsMjUwIiBocmVmPSJodHRwczovL2l0ZW0ucmFrdXRlbi5jby5qcC9iZXN0OTkvMTQ2MDAxODgvIj4KPGFyZWEgc2hhcGU9InJlY3QiIGNvb3Jkcz0iNTMzLDExNCw2NjksMjQ5IiBocmVmPSJodHRwczovL2l0ZW0ucmFrdXRlbi5jby5qcC9iZXN0OTkvMTQ2MDAxODkvIj4KPC9tYXA+CjxiciAvPgo8aW1nIHNyYz0iaHR0cHM6Ly9pbWFnZS5yYWt1dGVuLmNvLmpwL2Jlc3Q5OS9jYWJpbmV0L3RibTMvc2lvcF9sLmpwZyIgYm9yZGVyPSIwIiB1c2VtYXA9IiNNYXA0IiAvPgo8bWFwIG5hbWU9Ik1hcDQiPgo8YXJlYSBzaGFwZT0icmVjdCIgY29vcmRzPSI1MzYsMjM5LDY2OCwzNzciIGhyZWY9Imh0dHBzOi8vaXRlbS5yYWt1dGVuLmNvLmpwL2Jlc3Q5OS8xNDYwMDIxNC8iPgo8YXJlYSBzaGFwZT0icmVjdCIgY29vcmRzPSI0MDIsMjM5LDUzNCwzNzgiIGhyZWY9Imh0dHBzOi8vaXRlbS5yYWt1dGVuLmNvLmpwL2Jlc3Q5OS8xNDYwMDIxMy8iPgo8YXJlYSBzaGFwZT0icmVjdCIgY29vcmRzPSIyNjgsMjQxLDM5OSwzNzgiIGhyZWY9Imh0dHBzOi8vaXRlbS5yYWt1dGVuLmNvLmpwL2Jlc3Q5OS8xNDYwMDIxMi8iPgo8YXJlYSBzaGFwZT0icmVjdCIgY29vcmRzPSIxMzYsMjQyLDI2NSwzNzUiIGhyZWY9Imh0dHBzOi8vaXRlbS5yYWt1dGVuLmNvLmpwL2Jlc3Q5OS8xNDYwMDIxMS8iPgo8YXJlYSBzaGFwZT0icmVjdCIgY29vcmRzPSIzLDI0MiwxMzIsMzc0IiBocmVmPSJodHRwczovL2l0ZW0ucmFrdXRlbi5jby5qcC9iZXN0OTkvMTQ2MDAyMTAvIj4KPGFyZWEgc2hhcGU9InJlY3QiIGNvb3Jkcz0iNCw4OSwxMzIsMjI2IiBocmVmPSJodHRwczovL2l0ZW0ucmFrdXRlbi5jby5qcC9iZXN0OTkvMTQ2MDAyMDUvIj4KPGFyZWEgc2hhcGU9InJlY3QiIGNvb3Jkcz0iMTM2LDkxLDI2NCwyMjciIGhyZWY9Imh0dHBzOi8vaXRlbS5yYWt1dGVuLmNvLmpwL2Jlc3Q5OS8xNDYwMDIwNi8iPgo8YXJlYSBzaGFwZT0icmVjdCIgY29vcmRzPSIyNjcsOTIsNDAxLDIyNiIgaHJlZj0iaHR0cHM6Ly9pdGVtLnJha3V0ZW4uY28uanAvYmVzdDk5LzE0NjAwMjA3LyI+CjxhcmVhIHNoYXBlPSJyZWN0IiBjb29yZHM9IjQwMyw5MSw1MzUsMjI4IiBocmVmPSJodHRwczovL2l0ZW0ucmFrdXRlbi5jby5qcC9iZXN0OTkvMTQ2MDAyMDgvIj4KPGFyZWEgc2hhcGU9InJlY3QiIGNvb3Jkcz0iNTM4LDkwLDY3MCwyMjYiIGhyZWY9Imh0dHBzOi8vaXRlbS5yYWt1dGVuLmNvLmpwL2Jlc3Q5OS8xNDYwMDIwOS8iPgo8YXJlYSBzaGFwZT0icmVjdCIgY29vcmRzPSIxLDQ4MSwxNjYsNjQ0IiBocmVmPSJodHRwczovL2l0ZW0ucmFrdXRlbi5jby5qcC9iZXN0OTkvMTQ2MDAyMTUvIj4KPGFyZWEgc2hhcGU9InJlY3QiIGNvb3Jkcz0iMTY4LDQ4MywzMzIsNjQ0IiBocmVmPSJodHRwczovL2l0ZW0ucmFrdXRlbi5jby5qcC9iZXN0OTkvMTQ2MDAyMTYvIj4KPGFyZWEgc2hhcGU9InJlY3QiIGNvb3Jkcz0iMzM1LDQ4Myw0OTksNjQzIiBocmVmPSJodHRwczovL2l0ZW0ucmFrdXRlbi5jby5qcC9iZXN0OTkvMTQ2MDAyMTcvIj4KPGFyZWEgc2hhcGU9InJlY3QiIGNvb3Jkcz0iNTAyLDQ4Niw2NjksNjQzIiBocmVmPSJodHRwczovL2l0ZW0ucmFrdXRlbi5jby5qcC9iZXN0OTkvMTQ2MDAyMTgvIj4KPGFyZWEgc2hhcGU9InJlY3QiIGNvb3Jkcz0iMiw3MTAsMTY4LDg3MyIgaHJlZj0iaHR0cHM6Ly9pdGVtLnJha3V0ZW4uY28uanAvYmVzdDk5LzE0NjAwMjE5LyI+CjxhcmVhIHNoYXBlPSJyZWN0IiBjb29yZHM9IjE3MSw3MTAsMzMyLDg3NCIgaHJlZj0iaHR0cHM6Ly9pdGVtLnJha3V0ZW4uY28uanAvYmVzdDk5LzE0NjAwMjIwLyI+CjxhcmVhIHNoYXBlPSJyZWN0IiBjb29yZHM9IjMzNCw3MTEsNDk5LDg3MyIgaHJlZj0iaHR0cHM6Ly9pdGVtLnJha3V0ZW4uY28uanAvYmVzdDk5LzE0NjAwMjIxLyI+CjxhcmVhIHNoYXBlPSJyZWN0IiBjb29yZHM9IjIsOTM1LDE2NywxMTAxIiBocmVmPSJodHRwczovL2l0ZW0ucmFrdXRlbi5jby5qcC9iZXN0OTkvMTQ2MDAyMjIvIj4KPGFyZWEgc2hhcGU9InJlY3QiIGNvb3Jkcz0iMTY3LDkzNCwzMzEsMTExOSIgaHJlZj0iaHR0cHM6Ly9pdGVtLnJha3V0ZW4uY28uanAvYmVzdDk5LzE0NjAwMjIzLyI+CjwvbWFwPjx0YWJsZSB3aWR0aD0iMTAwJSIgYm9yZGVyPSIwIiBjZWxsc3BhY2luZz0iMSIgY2VsbHBhZGRpbmc9IjgiIGNsYXNzPSJpX2luZm8iPgo8dHI+Cjx0ZCBjb2xzcGFuPSIyIiBjbGFzcz0iaV9pbmZvX3QiPgo8Yj48Zm9udCBjb2xvcj0iMzMzIj6lpKXzpdWlqaXhqWClt6XnpfM/16LS4srC7Zc8L2ZvbnQ+PC9iPgo8L3RkPgo8L3RyPgo8dGg+y83Bz6TLpMSkpKTGPC90aD4KPHRkIGNsYXNzPSJpYXR0bnNvcnlvIiBiZ2NvbG9yPSIjRkZGRkZGIj7LzcHPn2/BzzwvdGQ+CjwvdHI+Cjx0aD6bUZxnt723qKTLpMSkpKTGPC90aD4KPHRkIGJnY29sb3I9IiNGRkZGRkYiIGNsYXNzPSJpYXR0bnBleSI+ofmxvsnMxrekz7T60v2yu7/JyczGt6THpLmho6G4tPrS/aG50tTN4qTOpKrWp5JCpKSk8qSq33ik08/CpLWkpKGjPGJyPgo8aW1nIHNyYz0iaHR0cHM6Ly9pbWFnZS5yYWt1dGVuLmNvLmpwL2Jlc3Q5OS9jYWJpbmV0L2NhbS9kaWJpa2kuZ2lmIiBhbHQ9IrT6vfDS/ZNRsru/ycnMxrciIGJvcmRlcj0iMCIgPjxicj4Kzaizo5tRnGejqKSq2UmkpM7vpaylpKXJobikqtankkKkpLe9t6iky6TEpKSkxqG5pPKktLRf1Uqkr6TApLWkpKGjPC90ZD4KPC90cj4KPHRoPsXkIMvNPC90aD4KPHRkIGNsYXNzPSJpYXR0bmRlbGkiIGJnY29sb3I9IiNGRkZGRkYiPgo8cCBzdHlsZT0iZm9udC1zaXplOiAxMnB4OyBjb2xvcjojQ0MwMDAwOyI+ofmkqr3spLGVculnjqGkzta4tqikrKSqytyksaTHpK2k3qS7pPOhozxicj4KofnJzMa3pM6kqr3spLGk3qTHvHMy30zpZ6TypKSkv6TApK2k3qS5oaM8YnI+CqH5sb7JzMa3pM/I1erXP9ejyNWkzqSqveyksaSspMekraTepLuk86GjpKKk6aSrpLik4aS0wcuz0M/CpLWkpKGjPGJyPgqh+Ztfv0k/63iNdaTYpM6kqr3spLGky6TPhGXNvsvNwc+k8u2UpK2k3qS5oaM8L3A+PC90ZD4KPC90cj4KPC90YWJsZT4KCjx0YWJsZSB3aWR0aD0iMTAwJSIgYm9yZGVyPSIwIiBjZWxsc3BhY2luZz0iMSIgY2VsbHBhZGRpbmc9IjgiIGNsYXNzPSJpX3NwZWMiPjx0cj48dGQgY29sc3Bhbj0iMiIgYmdjb2xvcj0iI0YzRjNGMyI+CjxiPjxmb250IGNvbG9yPSIzMzMiPtSUvJo/pbml2qXDpa88L2ZvbnQ+PC9iPjwvdGQ+PC90cj4KPHRyPgo8dGg+yczGt9Vow/c8L3RoPgo8dGQgY2xhc3M9ImlleHBsYW5hdGlvbiIgYmdjb2xvcj0iI0ZGRkZGRiI+CqHvpbGloqXspcOlyKXJpeupYKXBpacgsbPJz6SyMSsxpeKpYKW/qWCl2aXDpcmlu6XDpchbjG24tj+lqKXrpcCpYKW1pd2pYKXIpe+lpKXJpd6lw6XIpeyluV08YnI+Cgo8L3RkPgo8L3RyPgoKPHRyPgo8dGg+pbWlpKW6PC90aD4KPHRkIGNsYXNzPSJpc2l6ZSIgYmdjb2xvcj0iI0ZGRkZGRiI+Cj+l2aXDpck8YnI+CqXcqWClybf5o7oxMDcuMGNtPGJyPgql3Klgpcm436O6NzcuNaOvNDYuMGNtPGJyPgrpTKS1OjIyMi41Y208YnI+CrSyw+a436O6MjQuMKOvMzAuNaOvMzcuMGNtIKOopd6lw6XIpeyluaTyuqyk3qTKpKSjqTxicj4KPGJyPgo/pail66XAqWCltaXdqWClyKXvpaSlyaXepcOlyKXspbk8YnI+Crf5OTcuMKHBuvGktTEzLjChwelMpLUxOTYuMGNtPGJyPgql2aXDpcmkzrSyw+a436O6MzcuMKOvNDMuNaOvNTAuMGNtCjwvdGQ+CjwvdHI+Cgo8dHI+Cjx0aD6yxCDZfDwvdGg+Cjx0ZCBjbGFzcz0iaW1hdGVyaWFsIiBiZ2NvbG9yPSIjRkZGRkZGIj4KP6XZpcOlyTxicj4KpdmpYKW5pdWl7KlgpeCyvzqluaXBqWCl6zxicj4KxL6yvzpNREahoszsyLvEvs27sOWholBViVTXsDxicj4KPGJyPgo/pail66XAqWCltaXdqWClyKXvpaSlyaXepcOlyKXspbk8YnI+Cs3ipaul0Klgo7ql3aXqpailuaXGpes8YnI+CtbQssSjurXNt7Swa6Wmpeylv6XzoaKlpqXspb+l8wo8L3RkPgo8L3RyPgoKPHRyPgo8dGg+1tggwb88L3RoPgo8dGQgY2xhc3M9ImlrdW1pdGF0ZSIgYmdjb2xvcj0iI0ZGRkZGRiI+CqXZpcOlyaO6MTA5LjVrZzxicj4Kpd6lw6XIpeyluaO6Ny44a2cKPC90ZD4KPC90cj4KCjx0cj4KPHRoPrSyw+bQzte0PC90aD4KPHRkIGNsYXNzPSJpY291bnRyeSIgYmdjb2xvcj0iI0ZGRkZGRiI+CrGzyc+ksr3HtsijqDCh46GrNzCh46OpPGJyPgrPpcnPpLK9x7bIo6gwoeOhqzIyoeOjqTxicj4Kpdilw6XJpeyluaXIvce2yCgwoeOhqzI3oeMpCjwvdGQ+CjwvdHI+Cgo8dHI+Cjx0aD7riiDUtDwvdGg+Cjx0ZCBjbGFzcz0iaWNvdW50cnkiIGJnY29sb3I9IiNGRkZGRkYiPgoxMDBWo6g1MC82MEh6o6kKPC90ZD4KPC90cj4KCjx0cj4KPHRoPsn6rmK5+jwvdGg+Cjx0ZCBjbGFzcz0iaWNvdW50cnkiIGJnY29sb3I9IiNGRkZGRkYiPgqxvszlo7rW0Ln6PGJyPgrEvrK/o7ql2aXIpcql4Dxicj4Kpd6lw6XIpeyluaO6pdmlyKXKpeAKPC90ZD4KPC90cj4KCjx0cj4KPHRoPqXiqWClv6lgsr88L3RoPgo8dGQgY2xhc3M9Imljb3VudHJ5IiBiZ2NvbG9yPSIjRkZGRkZGIj4KTElNT1NTyefRdQo8L3RkPgo8L3RyPgoKPHRyPgo8dGg+l3kgsPw8L3RoPgo8dGQgY2xhc3M9Imljb3VudHJ5IiBiZ2NvbG9yPSIjRkZGRkZGIj4KNJd5sPwKPC90ZD4KPC90cj4KCjx0cj4KPHRoPtfutPPKudPD1d/M5dbYPC90aD4KPHRkIGNsYXNzPSJpY291bnRyeSIgYmdjb2xvcj0iI0ZGRkZGRiI+CjEyMGtno6+wssiryrnTw7rJ1tijujE3MDBOCjwvdGQ+CjwvdHI+Cgo8dHI+Cjx0aD6kvaTOy/s8L3RoPgo8dGQgY2xhc3M9ImlhdHRudHh0IiBiZ2NvbG9yPSIjRkZGRkZGIj4K1ti68bjQpM6koqTrwuSkwdfFpKSkv6XHpbalpKXzpKyhosjVoamkztDdz6Kk8tmYm2ekypVy6Weky4nkpKik66GjPGJyPgrLvaS/pMGkz8jLyfqky6SqpKSkxqGituCkr6TOlXLpZ6Typdmlw6XJpM7Jz6TH316ktKS3pMakpKTepLmhozxicj4Kpdmlw6XJpMekzpVy6WekzrPkjGekz6GipLmkyqTvpMHIy8n6pM6z5IxnpMukxKTKpKyk66TI0dSkw6TGpOLfXtHUpMekz6TKpKSkx6S3pOekpqGjPGJyPgqlsaWipeylw6XIpcml66lgpcGlp6TPoaLG1bbOpM7Q3c+ipM6VculnpPLL2JSzpMqVculnpMuJ5KSopMakr6TspOs/Pz+hozxicj4KpL2k86TKy7ykpKTyw9ik4aS/64qE06XZpcOlyaTHpLmhozxicj4KPGJyPgo/sbPJz6SyMSsxpeKpYKW/qWCl2aXDpcmlu6XDpcijqKXQpcOlr6WqpdWZQ5iLuLajqTxicj4Koe+l1aWjpcOlxqWjpfOlsJlDmIuhoqXQpcOlr6WqpdWZQ5iLpPK07t1koaOjsqTEpM6l4qlgpb+pYKTHsbPJz6SypMjPpcnPpLKk8t9ChNOkx6TioaKFZ7bApMek4tV71fukx6StpN6kuaGjPGJyPgqjqLGzyc+ksjcwoeMgsbPPpd9ChNM3MKHjLzIyoePPpcnPpLIyMqHjo6kKCj+lqKXrpcCpYKW1pd2pYKXIpe+lpKXJpd6lw6XIpeyluTxicj4KMozTmIvU7KTLpOik6t9ttsikytOypLWkyLXNt7Swa6Wmpeylv6XzpMuk6KTrpb2l1aXIpMrH3tDEtdik8te3vLCkt6TepLekv6GjPGJyPgrG1c2opM6lpqXspb+l86TItc23tLBrpaal7KW/pfOky6TopOuhoqTkpOTI4aTppKuk4aTOpd6lw6XIpeyluaTHpLmhozxicj4K3VjBv6W/paSl16THyKGk6pJRpKSk4rqGhWekx6S5oaM8YnI+CqH5zeKlq6XQqWCkz8ihpOrN4qS3pMekraTepLuk86GjCjwvdGQ+CjwvdHI+CjwvdGFibGU+PHN0eWxlIHR5cGU9InRleHQvY3NzIj4KQGNoYXJzZXQgInV0Zi04IjsKLyogQ1NTIERvY3VtZW50ICovCgo8L3N0eWxlPgoKCgo8YnI+PGJyPgo8aW1nIHNyYz0iaHR0cDovL2ltYWdlLnJha3V0ZW4uY28uanAvYmVzdDk5L2NhYmluZXQvMDM5NDIwODAvYmVkX21laW4uanBnIiB3aWR0aD0iODQwIiAvPgoKCgoKPC9odG1sPg==,pbGloqXspcOlyKXJpeupYKXBpacgsbPJz6SyMSsxpeKpYKW/qWCl2aXDpcmlu6XDpcgojG24tj+lqKXrpcCpYKW1pd2pYKXIpe+lpKXJpd6lw6XIpeyluSkg64qE0yCl2aXDpckgjG24tqW/paSl1yDrioTTIKXZpcOlySul3qXDpcil7KW5pbulw6XIIKXqpa+l6aWkpcul86Wwpdmlw6XJIL3p12+l2aXDpckg0r2vn6XZpcOlySClt6XzpbCl66XZpcOlySCl16XppcOlxCBQTEFUWiBwbGF0cyC9TcGi6V+XedRP1sOfb8HPIFvLzcHPn2/Bz12jukI5OQ==,pbGloqXspcOlyKXJpeupYKXBpacgsbPJz6SyMSsxpeKpYKW/qWCl2aXDpcmlu6XDpcgojG24tj+lqKXrpcCpYKW1pd2pYKXIpe+lpKXJpd6lw6XIpeyluSkg64qE0yCl2aXDpckgjG24tqW/paSl1yDrioTTIKXZpcOlySul3qXDpcil7KW5pbulw6XIIKXqpa+l6aWkpcul86Wwpdmlw6XJIL3p12+l2aXDpckg0r2vn6XZpcOlySClt6XzpbCl66XZpcOlySCl16XppcOlxCBQTEFUWiBwbGF0cyC9TcGi6V+XedRP1sOfb8HPIFvLzcHPn2/Bz10=,ob69TcGi6V+XedRP1sOfb8HPob8gpbGloqXspcOlyKXJpeupYKXBpacg64qE06XZpcOlyaGjpbGloqXspcOlyKXJpeupYKXBpacgsbPJz6SyMSsxpeKpYKW/qWCl2aXDpcmlu6XDpcgojG24tj+lqKXrpcCpYKW1pd2pYKXIpe+lpKXJpd6lw6XIpeyluSkg64qE0yCl2aXDpckgjG24tqW/paSl1yDrioTTIKXZpcOlySul3qXDpcil7KW5pbulw6XIIKXqpa+l6aWkpcul86Wwpdmlw6XJIL3p12+l2aXDpckg0r2vn6XZpcOlySClt6XzpbCl66XZpcOlySCl16XppcOlxCBQTEFUWiBwbGF0cyC9TcGi6V+XedRP1sOfb8HPIFvLzcHPn2/Bz10=[rn]
40-32972,aHR0cDovL3RzaG9wLnIxMHMuanAvYmVzdDk5L2NhYmluZXQvb3NhNi8yOTYwMjAyLmpwZz9maXRpbj03MDA6NzAw,MTY3MDQwLjAwMDA=,,paSl86XGpeqloj/H3r7fP4WnvHsgPiCl2aXDpckgPiDrioTTP6Xqpa+l6aWkpcul86Wwpdmlw6XJ,pdWl6aXzpbml2aXDpckg64qE06XZpcOlySCl6qWvpemlpKXLpfOlsKXZpcOlySDEvtF1pbWlpKXJpeypYKXruLYgpbeluaXGpeCl1aWhpeulyTGl4qlgpb+pYCCl1aXsqWCl4KTOpN+lu6XfpcCl1qXrpbWlpKW6L6W7pd+lwKXWpeul2aXDpckvpbul36XApdal66XZpcOlyC9mcmFuY2ViZWQvRjJULTFNIOuKhNOl6qWvpemlpKXLpfOlsKXZpcOlySDrioTTpdmlw6XJIKXXpeylvKXzpcg=,pdWl6aXzpbml2aXDpckgpdWl7KlgpeCkzqTfIEYyVC0xTSBN,Cgo8YnI+PGJyPjxpbWcgc3JjPSJodHRwczovL2ltYWdlLnJha3V0ZW4uY28uanAvaS1vZmZpY2UxL2NhYmluZXQvdGFrZTExLzE2OV9rYWlrb25fZnJlZS5qcGciPjxicj48YnI+PHAgY2xhc3M9ImRlbGl2X2ZlZV9ob2t1Ij6xsbqjtcCk2KTOxeTLzaTPhGXNvsvNwc+krKSrpKuk6qTepLmhozxicj6xsbqjtcDLzcHPo7qhvrGxNaG/pb+lpKXXPC9wPgo8QlI+ob7F5MvN1E/Ww59vwc+ltalgpdOludbQob88QlI+PHAgc3R5bGU9ImZvbnQtc2l6ZTogMTJweDsgY29sb3I6I0NDMDAwMDsiPqH5lXLpZ9a4tqikzzGx46OoOS0xNJVyo6mhojKx46OoMTItMTiVcqOpoaK9S8jVseOjqDktMTiVcqOppM6k36TIpMqk6qTepLmhozxCUj6h+bXY0/Kky6TopMOkxsXky82kzurXyNWkrM/etqiktaTspOuI9rrPpOShopVy6WfWuLaopKyz0KTspMqkpIj2us+krKS0pLakpKTepLmhozxCUj6h+Ztfv0mhout4jXWk2KTOpKq97KSxpM+z9sC0pN6ku6TzoaM8QlI+PEJSPjwvcD48cD48Rm9udCBTaXplPSI0Ij6lt6W5pcal4KXVpaGl66XJpbel6qlgpbqkz6SzpMGk6aHvPC9mb250PjwvcD4KPHAgc3R5bGU9ImZvbnQtc2l6ZToxNHB4OyBjb2xvcjojRkYwMDAwOyBsaW5lLWhlaWdodDoyMHB4Ij4Kofml1aXppfOluaXZpcOlyaTO0XXGt6TPytzXosn6rmLGt6THpLmho6S016LOxKSrpOmwa8vNpN6kxzEwyNWkq6TpMt9M6WezzKSqlXLpZ6Ty7ZSkr4j2us+krKS0pLakpKTepLmho6S0wcuz0M/CpLWkpKGjPGJyPgo8L3A+CqH2yczGt9Vow/c8YnI+Csq5pKSk5KS5pLWk5Jrds9akwcG8pLWkx994pNahothOuLukyqXQpeqlqKlgpbel56XzpM6huKW3pbmlxqXgpdWloaXrpcmhuaW3peqpYKW6oaM8YnI+xL7RdaW1paSlyaXsqWCl67Tu3WShozxicj6xs6TipL+k7KXqpa+l6aWkpcul86WwmUPE3KOovHM3MKHjo6mkzjGl4qlgpb+pYKW/paSl16GjPGJyPqH5pd6lw6XIpeyluaTKpLelv6Wkpdehozxocj4KpbWlpKW6o7q3+TEyOC41ocHpTKS1MjAzLjWhwbjfpLU4MqHBtLLD5rjfMzkvNDYuNS81NGNto6i9TcGilXKky6Ozts7rQdV7uZ2/ycTco6k8YnI+ofnEvtF160iltaWkpcml7KlgpevIoaTquLaksZVyoaK3+aTPo6szLjhjbaTLpMqk6qTepLmhozxocj4KssTZfKO61veyxC+7r7uSsOU8aHI+Cr1NwaKjuqSqv82YlL1NwaI8aHI+Cgqlq6XpqWCjuqWmpael86W4o6hXRaOpL6XTqWClwaOoQkNIo6k8aHI+Ctei0uLKwu2Xo7o8YnI+Cj/JzMa3u63P8aTPyau6z6SkpOTL2LLEuNCkrIxn60ikzsnMxrekyK6QpMqk64j2us+krKS0pLakpKTepLmhozxicj4KID+l4qXLpb+pYD+lx6Wjpbml16XspaSky6TopMOkxqTi0LSk6re9pKyJ5KTqpN6kuaGj0+ik4aS0wcuz0KSvpMCktaSkoaM8YnI+PHN0eWxlIHR5cGU9InRleHQvY3NzIj4KQGNoYXJzZXQgInV0Zi04IjsKLyogQ1NTIERvY3VtZW50ICovCgo8L3N0eWxlPgoKCgo8YnI+PGJyPgo8aW1nIHNyYz0iaHR0cDovL2ltYWdlLnJha3V0ZW4uY28uanAvYmVzdDk5L2NhYmluZXQvMDM5NDIwODAvYmVkX21laW4uanBnIiB3aWR0aD0iODQwIiAvPgoKCgoKPC9odG1sPg==,pdWl6aXzpbml2aXDpckg64qE06XZpcOlySCl6qWvpemlpKXLpfOlsKXZpcOlySDEvtF1pbWlpKXJpeypYKXruLYgpbeluaXGpeCl1aWhpeulyTGl4qlgpb+pYCCl1aXsqWCl4KTOpN+lu6XfpcCl1qXrpbWlpKW6L6W7pd+lwKXWpeul2aXDpckvpbul36XApdal66XZpcOlyC9mcmFuY2ViZWQvRjJULTFNIOuKhNOl6qWvpemlpKXLpfOlsKXZpcOlySDrioTTpdmlw6XJIKXXpeylvKXzpcijukI5OQ==,pdWl6aXzpbml2aXDpckg64qE06XZpcOlySCl6qWvpemlpKXLpfOlsKXZpcOlySDEvtF1pbWlpKXJpeypYKXruLYgpbeluaXGpeCl1aWhpeulyTGl4qlgpb+pYCCl1aXsqWCl4KTOpN+lu6XfpcCl1qXrpbWlpKW6L6W7pd+lwKXWpeul2aXDpckvpbul36XApdal66XZpcOlyC9mcmFuY2ViZWQvRjJULTFNIOuKhNOl6qWvpemlpKXLpfOlsKXZpcOlySDrioTTpdmlw6XJIKXXpeylvKXzpcg=,pdWl6aXzpbml2aXDpckgpdWl7KlgpeCkzqTfIEYyVC0xTSBNoaOl1aXppfOluaXZpcOlySDrioTTpdmlw6XJIKXqpa+l6aWkpcul86Wwpdmlw6XJIMS+0XWltaWkpcml7Klgpeu4tiClt6W5pcal4KXVpaGl66XJMaXiqWClv6lgIKXVpeypYKXgpM6k36W7pd+lwKXWpeultaWkpbovpbul36XApdal66XZpcOlyS+lu6XfpcCl1qXrpdmlw6XIL2ZyYW5jZWJlZC9GMlQtMU0g64qE06Xqpa+l6aWkpcul86Wwpdmlw6XJIOuKhNOl2aXDpckgpdel7KW8pfOlyA==[rn]
40-32973,aHR0cDovL3RzaG9wLnIxMHMuanAvYmVzdDk5L2NhYmluZXQvb3NhNi8yOTYwMDIxLmpwZz9maXRpbj03MDA6NzAw,MTk0NDAwLjAwMDA=,,paSl86XGpeqloj/H3r7fP4WnvHsgPiCl2aXDpckgPiDrioTTP6Xqpa+l6aWkpcul86Wwpdmlw6XJ,pdWl6aXzpbml2aXDpckg64qE06XZpcOlySCl6qWvpemlpKXLpfOlsKXZpcOlySDF77i2pK0g1dXD97i2pK0gVdDN1qfUrqXQqWC4tiClt6W5pcal4KXVpaGl66XJMaXiqWClv6lgo6tTpdWloaXrpclSWKXepcOlyCClu6XfpcCl1qXrL2ZyYW5jZWJlZCBDMS1VIDFNIOuKhNOl6qWvpemlpKXLpfOlsKXZpcOlySDrioTTpdmlw6XJIL60wM+kzsjVKLT60v2yu7/JKSjpX5d51E/Ww59vwc8p,pdWl6aXzpbml2aXDpckgQzEtVSAxTSBNo6ZTpdWloaXrpclSWKXepcOlyA==,Cgo8YnI+PGJyPjxpbWcgc3JjPSJodHRwczovL2ltYWdlLnJha3V0ZW4uY28uanAvaS1vZmZpY2UxL2NhYmluZXQvdGFrZTExLzE2OV9rYWlrb25fZnJlZS5qcGciPjxicj48YnI+PHAgY2xhc3M9ImRlbGl2X2ZlZV9ob2t1Ij6xsbqjtcCk2KTOxeTLzaTPhGXNvsvNwc+krKSrpKuk6qTepLmhozxicj6xsbqjtcDLzcHPo7qhvrGxNaG/pb+lpKXXPC9wPgo8cCBzdHlsZT0iZm9udC1zaXplOiAxMnB4OyBjb2xvcjojQ0MwMDAwOyI+ofmVculn1ri2qKTPMbHjo6g5LTE0lXKjqaGiMrHjo6gxMi0xOJVyo6mhor1LyNWx46OoOS0xOJVyo6mkzqTfpMikyqTqpN6kuaGjPEJSPqH5tdjT8qTLpOikw6TGxeTLzaTO6tfI1aSsz962qKS1pOyk64j2us+k5KGilXLpZ9a4tqikrLPQpOykyqSkiPa6z6SspLSktqSkpN6kuaGjPEJSPqH5m1+/SaGi63iNdaTYpM6kqr3spLGkz7P2wLSk3qS7pPOhozxCUj48QlI+PC9wPjxwPjxpbWcgc3JjPSJodHRwczovL2ltYWdlLnJha3V0ZW4uY28uanAvaS1vZmZpY2UxL2NhYmluZXQvY2FtL2RpYmlraS5naWYiIGFsdD0itPq98NL9k1Gyu7/JyczGtyIgYm9yZGVyPSIwIiA+PC9wPgo8cCBzdHlsZT0iZm9udC1zaXplOiAxMnB4OyBjb2xvcjojQ0MwMDAwOyI+ofKxvsnMxrekzqSq1qeSQqSkt723qKTPoaKhuLT6vfDS/ZNRobmkzta4tqikrKTHpK2k3qS7pPOhowqlt6W5pcal4MnPoaKhuLT60v2yu7/JobnJzMa3pOKhuLT6vfDS/ZNRobmkzt94kmukrKTHpK2k3qS5pKyhogq0+r3w0v2TUaTHpM6bUZxnpKykx6StpN6ku6TzpM6kx6Gipa+l7KW4pcOlyKWrqWClyaTipLekr6TPoaIKx7CSQqSko6ils6XzpdOly5tRnGehouN50NDV8d56o6mkx6TOm1GcZ994kmuk8qSq7oqkpKSkpL+kt6TepLmhozxicj4KPEJSPqG+xeTLzdRP1sOfb8HPpbWpYKXTpbnW0KG/6V+XeT+9TcGi1E/Ww6SsvfGkwKSxn2/Bz6WtpeOl86XaqWCl89bQo6E8QlI+PC9wPjxwPjxGb250IFNpemU9IjQiPqW3pbmlxqXgpdWloaXrpcmlt6XqqWCluqTPpLOkwaTpoe88L2ZvbnQ+PC9wPgo8cCBzdHlsZT0iZm9udC1zaXplOjE0cHg7IGNvbG9yOiNGRjAwMDA7IGxpbmUtaGVpZ2h0OjIwcHgiPgqh+aXVpeml86W5pdmlw6XJpM7Rdca3pM/K3NeiyfquYsa3pMekuaGjpLTXos7EpKuk6bBry82k3qTHMTDI1aSrpOky30zpZ7PMpKqVculnpPLtlKSviPa6z6SspLSktqSkpN6kuaGjpLTBy7PQz8KktaSkoaM8YnI+CjwvcD4KofbJzMa31WjD9zxicj4KyrmkpKTkpLmktaTkmt2z1qTBwbyktaTH33ik1qGi2E64u6TKpdCl6qWoqWClt6XnpfOkzqG4pbeluaXGpeCl1aWhpeulyaG5pbel6qlgpbqhozxicj5V0M3Wp9SupdCpYLi2pK2hozxicj6xs6TipL+k7KXqpa+l6aWkpcul86WwmUPE3KOovHM3MKHjo6mkzjGl4qlgpb+pYKW/paSl16GjPGJyPqXYpcOlyaXcqWClyaTLpM+VctOLpMqkyaTy1sOkr6SzpMikzqTHpK2k68XvpKykoqTqoaKluaWkpfOlsKXppaSlyLi2pK2hozxicj6l6qWvpemlpKXLpfOlsKXepcOlyKXspbk/U6XVpaGl66XJUlil3qXDpcil7KW5uLakraGjPGhyPgqltaWkpbqjurf5MTI4LjUoMTQ3LjUpocHpTKS1MjIxocG436S1NzkuNSgxMDguNSmhwbSyw+a43zM5LzQ2LjUvNTRjbaOovU3BopVypMujs7bO60HVe7mdv8nE3KOpPGJyPqH5pd6lw6XIpeylubrxMTdjbTxicj6h+dan1K6l0KlgyKGk6ri2pLGVcqGit/mkz6OrMS4xY22ky6TKpOqk3qS5oaM8aHI+ssTZfKO61veyxC+7r7uSsOU8aHI+CoLkv7yjululuaWkpfOlsKXppaSlyF3P+9lN64rBpqO6NDBXIDKVculnKDHI1aSipL+k6rXjtcbP67aolXLpZykvMaX21MKjpDUwLjQ8YnI+CjQwV6OopeGlpKXztcajqaGiNVejqLOj0rm1xqOpoaKw15/h64rH8jG1xsq508OhoTxocj4KvU3BoqO6pKq/zZiUvU3Bojxocj4Kpaul6algo7qlpqWnpfOluKOoV0WjqS+l06lgpcGjqEJDSKOpPGhyPgrXotLiysLtl6O6PGJyPgo/yczGt7utz/Gkz8mrus+kpKTky9iyxLjQpKyMZ+tIpM7JzMa3pMiukKTKpOuI9rrPpKyktKS2pKSk3qS5oaM8YnI+CiA/peKly6W/qWA/pcelo6W5pdel7KWkpMuk6KTDpMak4tC0pOq3vaSsieSk6qTepLmho9PopOGktMHLs9Ckr6TApLWkpKGjPGJyPjxzdHlsZSB0eXBlPSJ0ZXh0L2NzcyI+CkBjaGFyc2V0ICJ1dGYtOCI7Ci8qIENTUyBEb2N1bWVudCAqLwoKPC9zdHlsZT4KCgoKPGJyPjxicj4KPGltZyBzcmM9Imh0dHA6Ly9pbWFnZS5yYWt1dGVuLmNvLmpwL2Jlc3Q5OS9jYWJpbmV0LzAzOTQyMDgwL2JlZF9tZWluLmpwZyIgd2lkdGg9Ijg0MCIgLz4KCgoKCjwvaHRtbD4=,pdWl6aXzpbml2aXDpckg64qE06XZpcOlySCl6qWvpemlpKXLpfOlsKXZpcOlySDF77i2pK0g1dXD97i2pK0gVdDN1qfUrqXQqWC4tiClt6W5pcal4KXVpaGl66XJMaXiqWClv6lgo6tTpdWloaXrpclSWKXepcOlyCClu6XfpcCl1qXrL2ZyYW5jZWJlZCBDMS1VIDFNIOuKhNOl6qWvpemlpKXLpfOlsKXZpcOlySDrioTTpdmlw6XJIL60wM+kzsjVKLT60v2yu7/JKSjpX5d51E/Ww59vwc8po7pCOTk=,pdWl6aXzpbml2aXDpckg64qE06XZpcOlySCl6qWvpemlpKXLpfOlsKXZpcOlySDF77i2pK0g1dXD97i2pK0gVdDN1qfUrqXQqWC4tiClt6W5pcal4KXVpaGl66XJMaXiqWClv6lgo6tTpdWloaXrpclSWKXepcOlyCClu6XfpcCl1qXrL2ZyYW5jZWJlZCBDMS1VIDFNIOuKhNOl6qWvpemlpKXLpfOlsKXZpcOlySDrioTTpdmlw6XJIL60wM+kzsjVKLT60v2yu7/JKSjpX5d51E/Ww59vwc8p,pdWl6aXzpbml2aXDpckgQzEtVSAxTSBNo6ZTpdWloaXrpclSWKXepcOlyKGjpdWl6aXzpbml2aXDpckg64qE06XZpcOlySCl6qWvpemlpKXLpfOlsKXZpcOlySDF77i2pK0g1dXD97i2pK0gVdDN1qfUrqXQqWC4tiClt6W5pcal4KXVpaGl66XJMaXiqWClv6lgo6tTpdWloaXrpclSWKXepcOlyCClu6XfpcCl1qXrL2ZyYW5jZWJlZCBDMS1VIDFNIOuKhNOl6qWvpemlpKXLpfOlsKXZpcOlySDrioTTpdmlw6XJIL60wM+kzsjVKLT60v2yu7/JKSjpX5d51E/Ww59vwc8p[rn]
40-32974,aHR0cDovL3RzaG9wLnIxMHMuanAvYmVzdDk5L2NhYmluZXQvb3NhNi8yOTYwMDM4LmpwZz9maXRpbj03MDA6NzAw,MTkyMDAwLjAwMDA=,,paSl86XGpeqloj/H3r7fP4WnvHsgPiCl2aXDpckgPiDrioTTP6Xqpa+l6aWkpcul86Wwpdmlw6XJ,pdWl6aXzpbml2aXDpckg64qE06XZpcOlySCl6qWvpemlpKXLpfOlsKXZpcOlySDF77i2pK0gT9DN1qfUrqXQqWC4tiClt6W5pcal4KXVpaGl66XJMqXiqWClv6lgo6tTpdWloaXrpclSWKXepcOlyCClu6XfpcCl1qXrL2ZyYW5jZWJlZCBGMS1PIDJNIOuKhNOl6qWvpemlpKXLpfOlsKXZpcOlySDrioTTpdmlw6XJIL60wM+kzsjVIKSqxOq8xKTqKLT60v2yu7/JKSjpX5d51E/Ww59vwc8p,pdWl6aXzpbml2aXDpckgRjEtTyAyTSBNo6ZTpdWloaXrpclSWKXepcOlyA==,Cgo8YnI+PGJyPjxpbWcgc3JjPSJodHRwczovL2ltYWdlLnJha3V0ZW4uY28uanAvaS1vZmZpY2UxL2NhYmluZXQvdGFrZTExLzE2OV9rYWlrb25fZnJlZS5qcGciPjxicj48YnI+PHAgY2xhc3M9ImRlbGl2X2ZlZV9ob2t1Ij6xsbqjtcCk2KTOxeTLzaTPhGXNvsvNwc+krKSrpKuk6qTepLmhozxicj6xsbqjtcDLzcHPo7qhvrGxNaG/pb+lpKXXPC9wPgo8cCBzdHlsZT0iZm9udC1zaXplOiAxMnB4OyBjb2xvcjojQ0MwMDAwOyI+ofmVculn1ri2qKTPMbHjo6g5LTE0lXKjqaGiMrHjo6gxMi0xOJVyo6mhor1LyNWx46OoOS0xOJVyo6mkzqTfpMikyqTqpN6kuaGjPEJSPqH5tdjT8qTLpOikw6TGxeTLzaTO6tfI1aSsz962qKS1pOyk64j2us+k5KGilXLpZ9a4tqikrLPQpOykyqSkiPa6z6SspLSktqSkpN6kuaGjPEJSPqH5m1+/SaGi63iNdaTYpM6kqr3spLGkz7P2wLSk3qS7pPOhozxCUj48QlI+PC9wPjxwPjxpbWcgc3JjPSJodHRwczovL2ltYWdlLnJha3V0ZW4uY28uanAvaS1vZmZpY2UxL2NhYmluZXQvY2FtL2RpYmlraS5naWYiIGFsdD0itPq98NL9k1Gyu7/JyczGtyIgYm9yZGVyPSIwIiA+PC9wPgo8cCBzdHlsZT0iZm9udC1zaXplOiAxMnB4OyBjb2xvcjojQ0MwMDAwOyI+ofKxvsnMxrekzqSq1qeSQqSkt723qKTPoaKhuLT6vfDS/ZNRobmkzta4tqikrKTHpK2k3qS7pPOhowqlt6W5pcal4MnPoaKhuLT60v2yu7/JobnJzMa3pOKhuLT6vfDS/ZNRobmkzt94kmukrKTHpK2k3qS5pKyhogq0+r3w0v2TUaTHpM6bUZxnpKykx6StpN6ku6TzpM6kx6Gipa+l7KW4pcOlyKWrqWClyaTipLekr6TPoaIKx7CSQqSko6ils6XzpdOly5tRnGehouN50NDV8d56o6mkx6TOm1GcZ994kmuk8qSq7oqkpKSkpL+kt6TepLmhozxicj4KPEJSPqG+xeTLzdRP1sOfb8HPpbWpYKXTpbnW0KG/6V+XeT+9TcGi1E/Ww6SsvfGkwKSxn2/Bz6WtpeOl86XaqWCl89bQo6E8QlI+PC9wPjxwPjxGb250IFNpemU9IjQiPqW3pbmlxqXgpdWloaXrpcmlt6XqqWCluqTPpLOkwaTpoe88L2ZvbnQ+PC9wPgo8cCBzdHlsZT0iZm9udC1zaXplOjE0cHg7IGNvbG9yOiNGRjAwMDA7IGxpbmUtaGVpZ2h0OjIwcHgiPgqh+aXVpeml86W5pdmlw6XJpM7Rdca3pM/K3NeiyfquYsa3pMekuaGjpLTXos7EpKuk6bBry82k3qTHMTDI1aSrpOky30zpZ7PMpKqVculnpPLtlKSviPa6z6SspLSktqSkpN6kuaGjpLTBy7PQz8KktaSkoaM8YnI+CjwvcD6h9snMxrfVaMP3PGJyPgrKuaSkpOSkuaS1pOSa3bPWpMHBvKS1pMffeKTWoaLYTri7pMql0KXqpaipYKW3peel86TOobilt6W5pcal4KXVpaGl66XJobmlt6XqqWCluqGjPGJyPgpP0M3Wp9SupdCpYLi2pK2hozxicj62wMGioaLfQoTTv8mE06TOsbOk4qS/pOyl6qWvpemlpKXLpfOlsJlDxNyjqLxzNzCh46OppMi9xcnPpLKZQ8Tco6i8czIwoeOjqTKl4qlgpb+pYKW/paSl16GjPGJyPqXqpa+l6aWkpcul86Wwpd6lw6XIpeyluT9TpdWloaXrpclSWKXepcOlyKXspbm4tqStoaM8aHI+CqW1paSluqO6t/kxMjguNaHB6UyktTIwMy41ocG436S1ODKhwbSyw+a43zM5LzQ2LjUvNTRjbaOovU3BopVypMujs7bO60HVe7mdv8nE3KOpPGJyPqH5pd6lw6XIpeylubrxMTdjbTxicj6h+dan1K6l0KlgyKGk6ri2pLGVcqGit/mkz6OrMS4xY22ky6TKpOqk3qS5oaM8aHI+CrLE2Xyjutb3ssQvu6+7krDlPGhyPgq9TcGio7qkqr/NmJS9TcGiPGhyPgqlq6XpqWCjuqWmpael86W4o6hXRaOpL6XTqWClwaOoQkNIo6k8aHI+Ctei0uLKwu2Xo7o8YnI+Cj/JzMa3u63P8aTPyau6z6SkpOTL2LLEuNCkrIxn60ikzsnMxrekyK6QpMqk64j2us+krKS0pLakpKTepLmhozxicj4KID+l4qXLpb+pYD+lx6Wjpbml16XspaSky6TopMOkxqTi0LSk6re9pKyJ5KTqpN6kuaGj0+ik4aS0wcuz0KSvpMCktaSkoaM8YnI+PHN0eWxlIHR5cGU9InRleHQvY3NzIj4KQGNoYXJzZXQgInV0Zi04IjsKLyogQ1NTIERvY3VtZW50ICovCgo8L3N0eWxlPgoKCgo8YnI+PGJyPgo8aW1nIHNyYz0iaHR0cDovL2ltYWdlLnJha3V0ZW4uY28uanAvYmVzdDk5L2NhYmluZXQvMDM5NDIwODAvYmVkX21laW4uanBnIiB3aWR0aD0iODQwIiAvPgoKCgoKPC9odG1sPg==,pdWl6aXzpbml2aXDpckg64qE06XZpcOlySCl6qWvpemlpKXLpfOlsKXZpcOlySDF77i2pK0gT9DN1qfUrqXQqWC4tiClt6W5pcal4KXVpaGl66XJMqXiqWClv6lgo6tTpdWloaXrpclSWKXepcOlyCClu6XfpcCl1qXrL2ZyYW5jZWJlZCBGMS1PIDJNIOuKhNOl6qWvpemlpKXLpfOlsKXZpcOlySDrioTTpdmlw6XJIL60wM+kzsjVIKSqxOq8xKTqKLT60v2yu7/JKSjpX5d51E/Ww59vwc8po7pCOTk=,pdWl6aXzpbml2aXDpckg64qE06XZpcOlySCl6qWvpemlpKXLpfOlsKXZpcOlySDF77i2pK0gT9DN1qfUrqXQqWC4tiClt6W5pcal4KXVpaGl66XJMqXiqWClv6lgo6tTpdWloaXrpclSWKXepcOlyCClu6XfpcCl1qXrL2ZyYW5jZWJlZCBGMS1PIDJNIOuKhNOl6qWvpemlpKXLpfOlsKXZpcOlySDrioTTpdmlw6XJIL60wM+kzsjVIKSqxOq8xKTqKLT60v2yu7/JKSjpX5d51E/Ww59vwc8p,pdWl6aXzpbml2aXDpckgRjEtTyAyTSBNo6ZTpdWloaXrpclSWKXepcOlyKGjpdWl6aXzpbml2aXDpckg64qE06XZpcOlySCl6qWvpemlpKXLpfOlsKXZpcOlySDF77i2pK0gT9DN1qfUrqXQqWC4tiClt6W5pcal4KXVpaGl66XJMqXiqWClv6lgo6tTpdWloaXrpclSWKXepcOlyCClu6XfpcCl1qXrL2ZyYW5jZWJlZCBGMS1PIDJNIOuKhNOl6qWvpemlpKXLpfOlsKXZpcOlySDrioTTpdmlw6XJIL60wM+kzsjVIKSqxOq8xKTqKLT60v2yu7/JKSjpX5d51E/Ww59vwc8p[rn]
40-32975,aHR0cDovL3RzaG9wLnIxMHMuanAvYmVzdDk5L2NhYmluZXQvdGJtMy8xNDYwMDE2My5qcGc/Zml0aW49NzAwOjcwMA==,MTM1ODQwLjAwMDA=,,paSl86XGpeqloj/H3r7fP4WnvHsgPiCl2aXDpckgPiDrioTTP6Xqpa+l6aWkpcul86Wwpdmlw6XJ,pbGloqXspcOlyKXJpeupYKXBpacgsbPJz6SyMSsxpeKpYKW/qWCl2aXDpcmlu6XDpcgojG24tj+l3aWxpcOlyKWzpaSl66XepcOlyKXspbkpIOuKhNMgpdmlw6XJIIxtuLalv6Wkpdcg64qE0yCl2aXDpckrpd6lw6XIpeyluaW7pcOlyCCl6qWvpemlpKXLpfOlsKXZpcOlySC96ddvpdmlw6XJINK9r5+l2aXDpckgpbel86Wwpeul2aXDpckgpdel6aXDpcQgUExBVFogcGxhdHMgvU3Boulfl3nUT9bDn2/BzyBby83Bz59vwc9d,ob69TcGi6V+XedRP1sOfb8HPob8gpbGloqXspcOlyKXJpeupYKXBpacg64qE06XZpcOlyQ==,,pbGloqXspcOlyKXJpeupYKXBpacgsbPJz6SyMSsxpeKpYKW/qWCl2aXDpcmlu6XDpcgojG24tj+l3aWxpcOlyKWzpaSl66XepcOlyKXspbkpIOuKhNMgpdmlw6XJIIxtuLalv6Wkpdcg64qE0yCl2aXDpckrpd6lw6XIpeyluaW7pcOlyCCl6qWvpemlpKXLpfOlsKXZpcOlySC96ddvpdmlw6XJINK9r5+l2aXDpckgpbel86Wwpeul2aXDpckgpdel6aXDpcQgUExBVFogcGxhdHMgvU3Boulfl3nUT9bDn2/BzyBby83Bz59vwc9do7pCOTk=,pbGloqXspcOlyKXJpeupYKXBpacgsbPJz6SyMSsxpeKpYKW/qWCl2aXDpcmlu6XDpcgojG24tj+l3aWxpcOlyKWzpaSl66XepcOlyKXspbkpIOuKhNMgpdmlw6XJIIxtuLalv6Wkpdcg64qE0yCl2aXDpckrpd6lw6XIpeyluaW7pcOlyCCl6qWvpemlpKXLpfOlsKXZpcOlySC96ddvpdmlw6XJINK9r5+l2aXDpckgpbel86Wwpeul2aXDpckgpdel6aXDpcQgUExBVFogcGxhdHMgvU3Boulfl3nUT9bDn2/BzyBby83Bz59vwc9d,ob69TcGi6V+XedRP1sOfb8HPob8gpbGloqXspcOlyKXJpeupYKXBpacg64qE06XZpcOlyaGjpbGloqXspcOlyKXJpeupYKXBpacgsbPJz6SyMSsxpeKpYKW/qWCl2aXDpcmlu6XDpcgojG24tj+l3aWxpcOlyKWzpaSl66XepcOlyKXspbkpIOuKhNMgpdmlw6XJIIxtuLalv6Wkpdcg64qE0yCl2aXDpckrpd6lw6XIpeyluaW7pcOlyCCl6qWvpemlpKXLpfOlsKXZpcOlySC96ddvpdmlw6XJINK9r5+l2aXDpckgpbel86Wwpeul2aXDpckgpdel6aXDpcQgUExBVFogcGxhdHMgvU3Boulfl3nUT9bDn2/BzyBby83Bz59vwc9d[rn]
40-32976,aHR0cDovL3RzaG9wLnIxMHMuanAvYmVzdDk5L2NhYmluZXQvdGsxNC8yOTg5MTUxLmpwZz9maXRpbj03MDA6NzAw,MjI2NDAwLjAwMDA=,,paSl86XGpeqloj/H3r7fP4WnvHsgPiCl2aXDpckgPiDrioTTP6Xqpa+l6aWkpcul86Wwpdmlw6XJ,pdWl6aXzpbml2aXDpckg64qE06XZpcOlyShHUi0wNEMgMqXiqWClv6lgpdWl7KlgpeAgpd6lw6XIpeylubi2KFJYLTAzMCkgpbul36XApdal6yCxs8nPpLKkyL3Fyc+ksqSshGWE09f3IOuKhNOl6qWvpemlpKXLpfOlsKXZpcOlySDF77i2pK0g1dXD97i2pK0gjG24tqStpdmlw6XJIKWzpfOlu6Xzpcgxv9og1dXD97i2IKW5pdel6qXzpbCl3qXDpcil7KW5uLYgvcW4tqStpdmlw6XJIGZyYW5jZWJlZCAyxOqxo9ReuLY=,64qE06XZpcOlyShHUi0wNEMgMqXiqWClv6lgpdWl7KlgpeAgpd6lw6XIpeylubi2KFJYLTAzMCkgpbs=,Cgo8aW1nIHNyYz0iaHR0cHM6Ly9pbWFnZS5yYWt1dGVuLmNvLmpwL2Jlc3Q5OS9jYWJpbmV0L3RrMTQvMjk4OTE1MS5qcGciPjxicj4KPGltZyBzcmM9Imh0dHBzOi8vaW1hZ2UucmFrdXRlbi5jby5qcC9iZXN0OTkvY2FiaW5ldC90azE0L2ZyYW5jZWJlZF9raWtha3UuanBnIj48YnI+CjxpbWcgc3JjPSJodHRwczovL2ltYWdlLnJha3V0ZW4uY28uanAvYmVzdDk5L2NhYmluZXQvdGsxNC9ncjA0Y19oLmpwZyI+PGJyPjxicj4KPGltZyBzcmM9Imh0dHBzOi8vaW1hZ2UucmFrdXRlbi5jby5qcC9iZXN0OTkvY2FiaW5ldC90azE0L2dyLWRfMDEuanBnIj48YnI+PGJyPgo8aW1nIHNyYz0iaHR0cHM6Ly9pbWFnZS5yYWt1dGVuLmNvLmpwL2Jlc3Q5OS9jYWJpbmV0L3RrMTQvZ3ItZF8wMy5qcGciPjxicj4KPGltZyBzcmM9Imh0dHBzOi8vaW1hZ2UucmFrdXRlbi5jby5qcC9iZXN0OTkvY2FiaW5ldC90azE0L2dyLWRfMDUuanBnIj48YnI+PGJyPgoKPGltZyBzcmM9Imh0dHBzOi8vaW1hZ2UucmFrdXRlbi5jby5qcC9iZXN0OTkvY2FiaW5ldC90azE0LzI5ODkxMDRfMDIuanBnIj48YnI+CjxpbWcgc3JjPSJodHRwczovL2ltYWdlLnJha3V0ZW4uY28uanAvYmVzdDk5L2NhYmluZXQvdGsxNC8yOTg5MTA0XzAzLmpwZyI+PGJyPgo8aW1nIHNyYz0iaHR0cHM6Ly9pbWFnZS5yYWt1dGVuLmNvLmpwL2Jlc3Q5OS9jYWJpbmV0L3RrMTQvMnllYXJfaC5qcGciPjxicj48YnI+CjxpbWcgc3JjPSJodHRwczovL2ltYWdlLnJha3V0ZW4uY28uanAvYmVzdDk5L2NhYmluZXQvdGsxNC8yOTg5MTUxXzEuanBnIiBib3JkZXI9MCI+PGJyPgo8aW1nIHNyYz0iaHR0cHM6Ly9pbWFnZS5yYWt1dGVuLmNvLmpwL2Jlc3Q5OS9jYWJpbmV0L3RrMTQvZ3IwNF9saW5rLmpwZyIgYm9yZGVyPTAiIHVzZW1hcD0iI2dyMDFfbGluayI+CjxtYXAgbmFtZT0iZ3IwMV9saW5rIj4KICA8YXJlYSBzaGFwZT0icmVjdCIgY29vcmRzPSI0MDYsMzMyLDUyMiwzNjgiIGhyZWY9Imh0dHBzOi8vaXRlbS5yYWt1dGVuLmNvLmpwL2Jlc3Q5OS8yOTg5MTQ3LyI+CiAgPGFyZWEgc2hhcGU9InJlY3QiIGNvb3Jkcz0iNTQzLDMzMiw2NTksMzY4IiBocmVmPSJodHRwczovL2l0ZW0ucmFrdXRlbi5jby5qcC9iZXN0OTkvMjk4OTE1My8iPgogIDxhcmVhIHNoYXBlPSJyZWN0IiBjb29yZHM9IjU0MiwyODEsNjU4LDMxNyIgaHJlZj0iaHR0cHM6Ly9pdGVtLnJha3V0ZW4uY28uanAvYmVzdDk5LzI5ODkxNTIvIj4KICA8YXJlYSBzaGFwZT0icmVjdCIgY29vcmRzPSI0MDUsMjgxLDUyMSwzMTciIGhyZWY9Imh0dHBzOi8vaXRlbS5yYWt1dGVuLmNvLmpwL2Jlc3Q5OS8yOTg5MTQ2LyI+CiAgPGFyZWEgc2hhcGU9InJlY3QiIGNvb3Jkcz0iNDA2LDIzMCw1MjIsMjY2IiBocmVmPSJodHRwczovL2l0ZW0ucmFrdXRlbi5jby5qcC9iZXN0OTkvMjk4OTE0NS8iPgogIDxhcmVhIHNoYXBlPSJyZWN0IiBjb29yZHM9IjU0MywyMzAsNjU5LDI2NiIgaHJlZj0iaHR0cHM6Ly9pdGVtLnJha3V0ZW4uY28uanAvYmVzdDk5LzI5ODkxNTEvIj4KICA8YXJlYSBzaGFwZT0icmVjdCIgY29vcmRzPSI1NDMsMTc4LDY1OSwyMTQiIGhyZWY9Imh0dHBzOi8vaXRlbS5yYWt1dGVuLmNvLmpwL2Jlc3Q5OS8yOTg5MTUwLyI+CiAgPGFyZWEgc2hhcGU9InJlY3QiIGNvb3Jkcz0iNDA2LDE3OCw1MjIsMjE0IiBocmVmPSJodHRwczovL2l0ZW0ucmFrdXRlbi5jby5qcC9iZXN0OTkvMjk4OTE0NC8iPgogIDxhcmVhIHNoYXBlPSJyZWN0IiBjb29yZHM9IjQwNiwxMjksNTIyLDE2NSIgaHJlZj0iaHR0cHM6Ly9pdGVtLnJha3V0ZW4uY28uanAvYmVzdDk5LzI5ODkxNDMvIj4KICA8YXJlYSBzaGFwZT0icmVjdCIgY29vcmRzPSI1NDMsMTI5LDY1OSwxNjUiIGhyZWY9Imh0dHBzOi8vaXRlbS5yYWt1dGVuLmNvLmpwL2Jlc3Q5OS8yOTg5MTQ5LyI+CjxhcmVhIHNoYXBlPSJyZWN0IiBjb29yZHM9IjU0Miw3OSw2NTgsMTE1IiBocmVmPSJodHRwczovL2l0ZW0ucmFrdXRlbi5jby5qcC9iZXN0OTkvMjk4OTE0OC8iPjxhcmVhIHNoYXBlPSJyZWN0IiBjb29yZHM9IjQwNSw3OSw1MjEsMTE1IiBocmVmPSJodHRwczovL2l0ZW0ucmFrdXRlbi5jby5qcC9iZXN0OTkvMjk4OTE0Mi8iPgo8L21hcD4KPGJyPjxicj48YnI+CjxpbWcgc3JjPSJodHRwczovL2ltYWdlLnJha3V0ZW4uY28uanAvYmVzdDk5L2NhYmluZXQvdGsxNC9ncmFuZHlfaGVhZGJvYXJkLmpwZyIgYm9yZGVyPTAiIHVzZW1hcD0iI2dyYW5keV9oZWFkYm9hcmQiPgo8bWFwIG5hbWU9ImdyYW5keV9oZWFkYm9hcmQiPgogIDxhcmVhIHNoYXBlPSJyZWN0IiBjb29yZHM9IjQ3LDM1MiwzMTMsNDYwIiBocmVmPSJodHRwczovL2l0ZW0ucmFrdXRlbi5jby5qcC9iZXN0OTkvMjk4OTEzMC8iPgogIDxhcmVhIHNoYXBlPSJyZWN0IiBjb29yZHM9IjM2MywzNTQsNjI5LDQ2MiIgaHJlZj0iaHR0cHM6Ly9pdGVtLnJha3V0ZW4uY28uanAvYmVzdDk5LzI5ODkxNDIvIj4KICA8YXJlYSBzaGFwZT0icmVjdCIgY29vcmRzPSIzNTgsMTU3LDYyNCwyNjUiIGhyZWY9Imh0dHBzOi8vaXRlbS5yYWt1dGVuLmNvLmpwL2Jlc3Q5OS8yOTg5MTE4LyI+CjxhcmVhIHNoYXBlPSJyZWN0IiBjb29yZHM9IjQ2LDE1NiwzMTIsMjY0IiBocmVmPSJodHRwczovL2l0ZW0ucmFrdXRlbi5jby5qcC9iZXN0OTkvMjk4OTEwNi8iPgo8L21hcD4KPGJyPgoKPGltZyBzcmM9Imh0dHBzOi8vaW1hZ2UucmFrdXRlbi5jby5qcC9iZXN0OTkvY2FiaW5ldC90azE0L2dyMDFfbGlua18yLmpwZyIgdXNlbWFwPSIjZ3IwMV9saW5rXzIiPgo8bWFwIG5hbWU9ImdyMDFfbGlua18yIiBpZD0iZ3IwMV9saW5rXzIiPgogIDxhcmVhIHNoYXBlPSJyZWN0IiBjb29yZHM9IjAsMTEsNjY5LDE2OCIgaHJlZj0iaHR0cHM6Ly9pdGVtLnJha3V0ZW4uY28uanAvYmVzdDk5LzI5MDAzMDAvIiAvPgogIDxhcmVhIHNoYXBlPSJyZWN0IiBjb29yZHM9IjM0MCwyNDMsNjY5LDM4OSIgaHJlZj0iaHR0cHM6Ly9pdGVtLnJha3V0ZW4uY28uanAvYmVzdDk5LzI5ODkxMDIvIiAvPgo8YXJlYSBzaGFwZT0icmVjdCIgY29vcmRzPSItMSwyNDMsMzI4LDM4OSIgaHJlZj0iaHR0cHM6Ly9pdGVtLnJha3V0ZW4uY28uanAvYmVzdDk5LzI5NjAyNTkvIiAvPjxhcmVhIHNoYXBlPSJyZWN0IiBjb29yZHM9Ii0zLDQwMyw2NjksNTQ5IiBocmVmPSJodHRwczovL2l0ZW0ucmFrdXRlbi5jby5qcC9iZXN0OTkvMjk4OTEwNC8iIC8+CjwvbWFwPgo8QlI+CjxpbWcgc3JjPSJodHRwczovL2ltYWdlLnJha3V0ZW4uY28uanAvYmVzdDk5L2NhYmluZXQvaDMvMjkxMDIxMWEzMS5qcGciIC8+PGJyPgo8YSBocmVmPSJodHRwczovL2l0ZW0ucmFrdXRlbi5jby5qcC9iZXN0OTkvMjkwNzEwMS8iPjxpbWcgc3JjPSJodHRwczovL2ltYWdlLnJha3V0ZW4uY28uanAvYmVzdDk5L2NhYmluZXQvaDMvMjkxMDIxMWEzMi5qcGciPjwvYT48YSBocmVmPSJodHRwczovL2l0ZW0ucmFrdXRlbi5jby5qcC9iZXN0OTkvMjkwNzIwMS8iPjxpbWcgc3JjPSJodHRwczovL2ltYWdlLnJha3V0ZW4uY28uanAvYmVzdDk5L2NhYmluZXQvaDMvMjkxMDIxMWEzMy5qcGciPjwvYT48dGFibGUgd2lkdGg9IjEwMCUiIGJvcmRlcj0iMCIgY2VsbHNwYWNpbmc9IjEiIGNlbGxwYWRkaW5nPSI4IiBjbGFzcz0iaV9pbmZvIj4KPHRyPgo8dGQgY29sc3Bhbj0iMiIgY2xhc3M9ImlfaW5mb190Ij4KPGI+PGZvbnQgY29sb3I9IiMzMzMzMzMiPqWkpfOl1aWppeGpYKW3peel8z/XotLiysLtlzwvZm9udD48L2I+CjwvdGQ+CjwvdHI+Cjx0cj4KPHRoPsvNwc+ky6TEpKSkxjwvdGg+Cjx0ZCBjbGFzcz0iaWF0dG5zb3J5byIgYmdjb2xvcj0iI0ZGRkZGRiI+PHA+PHAgY2xhc3M9ImRlbGl2X2ZlZV9ob2t1Ij6xsbqjtcCk2KTOxeTLzaTPhGXNvsvNwc+krKSrpKuk6qTepLmhozxicj6xsbqjtcDLzcHPo7qhvrGxNaG/pb+lpKXXPC9wPjwvcD4gPC90ZD4KPC90cj4KPHRyPgo8dGg+m1GcZ7e9t6iky6TEpKSkxjwvdGg+Cjx0ZCBiZ2NvbG9yPSIjRkZGRkZGIiBjbGFzcz0iaWF0dG5wZXkiPs2os6ObUZxnPGJyPjxwPqOopKrZSaSkzu+lrKWkpcmhuKSq1qeSQqSkt723qKTLpMSkpKTGobmk8qS0tF/VSqSvpMCktaSkoaOjqTwvcD48L3RkPiA8L3RyPjx0cj4KPHRoPsXkIMvNPC90aD4KPHRkIGNsYXNzPSJpYXR0bmRlbGkiIGJnY29sb3I9IiNGRkZGRkYiPqH5ytzXosn6rmLGt6TIpMqk6qTepLmho6SqveyksaTepMeky7xzMt9M6WezzO2UpKSkxqSqpOqk3qS5oaM8QlI+CqH5ytzXosn6rmLGt6TOnumhoqS016LOxOHhpM6lraXjpfOlu6XrpM+kqsrcpLGkx6StpN6ku6TzoaM8QlI+PGJyPqH5m1+/ST/reI11P9K7sr/faLj0tdik2KTOpKq97KSxpM+z9sC0pN6ku6TzoaM8QlI+PGJyPqH5lXLpZ9a4tqikzzGx46OoOS0xNJVyo6mhojKx46OoMTItMTiVcqOpoaK9S8jVseOjqDktMTiVcqOppM6k36TIpMqk6qTepLmhozxCUj4KP7XY0/Kky6TopMOkxsXky82kzurXyNWkrM/etqiktaTspOuI9rrPpOShopVy6WfWuLaopKyz0KTspMqkpIj2us+krKS0pLakpKTepLmhozxCUj48YnI+PC90ZD4gPC90cj4gCjwvdGFibGU+Cjx0YWJsZSB3aWR0aD0iMTAwJSIgYm9yZGVyPSIwIiBjZWxsc3BhY2luZz0iMSIgY2VsbHBhZGRpbmc9IjgiIGNsYXNzPSJpX2thbnJlbiI+Cjx0cj48dGQgY29sc3Bhbj0iMiIgYmdjb2xvcj0iI0YzRjNGMyI+IDxiPjxmb250IGNvbG9yPSIjMzMzMzMzIj7pdt9CyczGtzwvZm9udD48L2I+IDwvdGQ+PC90cj4KPHRyPjx0aD6lt6XqqWClutK700U8L3RoPgo8dGQgY2xhc3M9Iml2YWwiIGJnY29sb3I9IiNGRkZGRkYiPuuKhNOl2aXDpckoR1ItMDRDKSAxTaXVpeypYKXgIKXVpeypYKXgpM6k3yClt6XzpbCl6yA8QlI+PEJSPgrrioTTpdmlw6XJKEdSLTA0QykgMU2l1aXsqWCl4CCl1aXsqWCl4KTOpN8gpbul36XApdal6yA8QlI+PEJSPgrrioTTpdmlw6XJKEdSLTA0QykgMk2l1aXsqWCl4CCl1aXsqWCl4KTOpN8gpbel86WwpesgPEJSPjxCUj4K64qE06XZpcOlyShHUi0wNEMpIDJNpdWl7KlgpeAgpdWl7KlgpeCkzqTfIKW7pd+lwKXWpesgPEJSPjxCUj4K64qE06XZpcOlyShHUi0wNEMpIDJNpdWl7KlgpeAgpe+lpKXkpeyluSCl1aXsqWCl4KTOpN8gpbel86WwpesgPEJSPjxCUj4K64qE06XZpcOlyShHUi0wNEMpIDJNpdWl7KlgpeAgpe+lpKXkpeyluSCl1aXsqWCl4KTOpN8gpbul36XApdal6yA8QlI+PEJSPgrrioTTpdmlw6XJKEdSLTA0QykgMU2l1aXsqWCl4CCl3qXDpci4tiClt6XzpbCl6yA8QlI+PEJSPgrrioTTpdmlw6XJKEdSLTA0QykgMU2l1aXsqWCl4CCl3qXDpci4tiClu6XfpcCl1qXrIDxCUj48QlI+CuuKhNOl2aXDpckoR1ItMDRDKSAyTaXVpeypYKXgIKXepcOlyLi2IKW3pfOlsKXrIDxCUj48QlI+CuuKhNOl2aXDpckoR1ItMDRDKSAyTaXVpeypYKXgIKXepcOlyLi2IKW7pd+lwKXWpesgPEJSPjxCUj4K64qE06XZpcOlyShHUi0wNEMpIDJNpdWl7KlgpeAgpe+lpKXkpeyluSCl3qXDpci4tiClt6XzpbCl6yA8QlI+PEJSPgrrioTTpdmlw6XJKEdSLTA0QykgMk2l1aXsqWCl4CCl76WkpeSl7KW5IKXepcOlyLi2IKW7pd+lwKXWpesgPEJSPjxCUj48L3RkPgo8L3RyPgo8L3RhYmxlPgo8dGFibGUgd2lkdGg9IjEwMCUiIGJvcmRlcj0iMCIgY2VsbHNwYWNpbmc9IjEiIGNlbGxwYWRkaW5nPSI4IiBjbGFzcz0iaV9zcGVjIj48dHI+PHRkIGNvbHNwYW49IjIiIGJnY29sb3I9IiNGM0YzRjMiPgo8Yj48Zm9udCBjb2xvcj0iIzMzMzMzMyI+1JS8mj+luaXapcOlrzwvZm9udD48L2I+PC90ZD48L3RyPgo8dHI+Cjx0aD7JzMa31WjD9zwvdGg+Cjx0ZCBjbGFzcz0iaWV4cGxhbmF0aW9uIiBiZ2NvbG9yPSIjRkZGRkZGIj6x48D7pMoxv9qls6Xzpbul86XIo6aDnqS3pKS1xqTOTEVE1dXD96SspMSkpKS/pdilw6XJpdypYKXJoaM8YnI+sMLQ0KStOGNtpM7QocXvpKy4tqSkpMakpKTrpM6kx8S/0pmk3qS3lXLTi6Tk0K+OoaSs1sOksaTGsePA+6GjpLmkw6StpOqkt6S/g56kt6SkxL7Ev6Ssw8Ckt6SkoaLvlqStpLqky+lMpK/KuaSopOul2aXDpcmkx6S5oaM8YnI+64qE06XZpcOlyaTLpM/SiqSopMqkpKW3pfOl16XrpMqlx6W2paSl86TOpbCl6aXzpcelo6XZpcOlyaW3peqpYKW6oaOl2aXDpcmk2KTOxvCkrcnPpKyk6qTkgVyk6r21pOqk8tFh1vqkt6TGpK+k7KTepLmho6Xcpb+l86SsyrmkpKTkpLmkpKXqpeKls6XzpMey2df3pOK6hoVnpMekuaGjPGJyPjKl4qlgpb+pYKW/paSl16TPoaKxs8nPpLKkyL3Fyc+ksqSshGWE09f3pMe/yYTTpLek3qS5oaM8YnI+PC90ZD4KPC90cj4KPHRyPgo8dGg+pbWlpKW6KLxzKTwvdGg+Cjx0ZCBjbGFzcz0iaXNpemUiIGJnY29sb3I9IiNGRkZGRkYiPqXZpcOlybG+zOWjurf5MTIzocGwwtDQMjA3LjmhwbjfODdjbSi0ssPmuN+jujI2Y20pPGJyPsXvsMLQ0DhjbTxicj6l3qXDpcil7KW5o7q3+TEyMqHBsMLQ0DE5NaHBuN8xN2NtPGJyPjwvdGQ+CjwvdHI+Cjx0cj4KPHRoPrLEINl8PC90aD4KPHRkIGNsYXNzPSJpbWF0ZXJpYWwiIGJnY29sb3I9IiNGRkZGRkYiPqXXpeql86XIu6+7krDlKKXYpcOlyaXcqWClyaTOpN+lqKXzpdylubzTuaQpPGJyPrSysOU/sryPiKTqPGJyPqG+pd6lw6XIpeyluaG/pd6lpKWvpe2luaXXpeql86WwoaKCyMn6tdg/pculw6XIPGJyPjwvdGQ+CjwvdHI+Cjx0cj4KPHRoPr1NwaI8L3RoPgo8dGQgY2xhc3M9ImlrdW1pdGF0ZSIgYmdjb2xvcj0iI0ZGRkZGRiI+pKq/zZiUvU3Boii088jLMsP7o7q8czMwt9YpPGJyPjwvdGQ+CjwvdHI+Cjx0cj4KPHRoPsn6rmK5+jwvdGg+Cjx0ZCBjbGFzcz0iaWNvdW50cnkiIGJnY29sb3I9IiNGRkZGRkYiPsjVsb48YnI+PC90ZD4KPC90cj4KPHRyPgo8dGg+pL2kzsv7P9ei0uLKwu2XPC90aD4KPHRkIGNsYXNzPSJpYXR0bnR4dCIgYmdjb2xvcj0iI0ZGRkZGRiI+MqXiqWClv6lgo7qxs8nPpLI/vcXJz6SyoaGEZYTT1/ekuaTrpb+lpKXXPGJyPgpMRUTV1cP3uLahojG/2qWzpfOlu6Xzpci4tigxMjAwVyk8YnI+PC90ZD4KPC90cj4KPC90YWJsZT48YnIgc3R5bGU9ImNsZWFyOmJvdGgiIC8+,pdWl6aXzpbml2aXDpckg64qE06XZpcOlyShHUi0wNEMgMqXiqWClv6lgpdWl7KlgpeAgpd6lw6XIpeylubi2KFJYLTAzMCkgpbul36XApdal6yCxs8nPpLKkyL3Fyc+ksqSshGWE09f3IOuKhNOl6qWvpemlpKXLpfOlsKXZpcOlySDF77i2pK0g1dXD97i2pK0gjG24tqStpdmlw6XJIKWzpfOlu6Xzpcgxv9og1dXD97i2IKW5pdel6qXzpbCl3qXDpcil7KW5uLYgvcW4tqStpdmlw6XJIGZyYW5jZWJlZCAyxOqxo9ReuLajukI5OQ==,pdWl6aXzpbml2aXDpckg64qE06XZpcOlyShHUi0wNEMgMqXiqWClv6lgpdWl7KlgpeAgpd6lw6XIpeylubi2KFJYLTAzMCkgpbul36XApdal6yCxs8nPpLKkyL3Fyc+ksqSshGWE09f3IOuKhNOl6qWvpemlpKXLpfOlsKXZpcOlySDF77i2pK0g1dXD97i2pK0gjG24tqStpdmlw6XJIKWzpfOlu6Xzpcgxv9og1dXD97i2IKW5pdel6qXzpbCl3qXDpcil7KW5uLYgvcW4tqStpdmlw6XJIGZyYW5jZWJlZCAyxOqxo9ReuLY=,64qE06XZpcOlyShHUi0wNEMgMqXiqWClv6lgpdWl7KlgpeAgpd6lw6XIpeylubi2KFJYLTAzMCkgpbuho6XVpeml86W5pdmlw6XJIOuKhNOl2aXDpckoR1ItMDRDIDKl4qlgpb+pYKXVpeypYKXgIKXepcOlyKXspbm4tihSWC0wMzApIKW7pd+lwKXWpesgsbPJz6SypMi9xcnPpLKkrIRlhNPX9yDrioTTpeqlr6XppaSly6XzpbCl2aXDpckgxe+4tqStINXVw/e4tqStIIxtuLakraXZpcOlySCls6Xzpbul86XIMb/aINXVw/e4tiCluaXXpeql86Wwpd6lw6XIpeylubi2IL3FuLakraXZpcOlySBmcmFuY2ViZWQgMsTqsaPUXri2[rn]
40-32977,aHR0cDovL3RzaG9wLnIxMHMuanAvYmVzdDk5L2NhYmluZXQvb3NhNi8yOTYwMjMzLmpwZz9maXRpbj03MDA6NzAw,MTk1MDE2LjgwMDA=,,paSl86XGpeqloj/H3r7fP4WnvHsgPiCl2aXDpckgPiDrioTTP6Xqpa+l6aWkpcul86Wwpdmlw6XJ,pdWl6aXzpbml2aXDpckg64qE06XZpcOlySCl6qWvpemlpKXLpfOlsKXZpcOlySDF77i2pK3V1cP3uLakrSDEvtF1pbWlpKXJpeypYKXrpMqkt6W3pbmlxqXgpdWloaXrpckypeKpYKW/qWAgpdWl7KlgpeCkzqTfpbul36XApdal66W1paSlui+lu6XfpcCl1qXrpdmlw6XJL6W7pd+lwKXWpeul2aXDpcgvZnJhbmNlYmVkL0MxVC0yTSDrioTTpeqlr6XppaSly6XzpbCl2aXDpckgy83Bz59vwc8=,pdWl6aXzpbml2aXDpckgpbWlpKXJpeypYKXrpMqktyCl1aXsqWCl4KTOpN8gQzFULTJNIE0=,Cgo8YnI+PGJyPjxpbWcgc3JjPSJodHRwczovL2ltYWdlLnJha3V0ZW4uY28uanAvaS1vZmZpY2UxL2NhYmluZXQvdGFrZTExLzE2OV9rYWlrb25fZnJlZS5qcGciPjxicj48YnI+PHAgY2xhc3M9ImRlbGl2X2ZlZV9ob2t1Ij6xsbqjtcCk2KTOxeTLzaTPhGXNvsvNwc+krKSrpKuk6qTepLmhozxicj6xsbqjtcDLzcHPo7qhvrGxNaG/pb+lpKXXPC9wPgo8QlI+ob7F5MvN1E/Ww59vwc+ltalgpdOludbQob88QlI+PHAgc3R5bGU9ImZvbnQtc2l6ZTogMTJweDsgY29sb3I6I0NDMDAwMDsiPqH5lXLpZ9a4tqikzzGx46OoOS0xNJVyo6mhojKx46OoMTItMTiVcqOpoaK9S8jVseOjqDktMTiVcqOppM6k36TIpMqk6qTepLmhozxCUj6h+bXY0/Kky6TopMOkxsXky82kzurXyNWkrM/etqiktaTspOuI9rrPpOShopVy6WfWuLaopKyz0KTspMqkpIj2us+krKS0pLakpKTepLmhozxCUj6h+Ztfv0mhout4jXWk2KTOpKq97KSxpM+z9sC0pN6ku6TzoaM8QlI+PEJSPjwvcD48cD48Rm9udCBTaXplPSI0Ij6lt6W5pcal4KXVpaGl66XJpbel6qlgpbqkz6SzpMGk6aHvPC9mb250PjwvcD4KPHAgc3R5bGU9ImZvbnQtc2l6ZToxNHB4OyBjb2xvcjojRkYwMDAwOyBsaW5lLWhlaWdodDoyMHB4Ij4Kofml1aXppfOluaXZpcOlyaTO0XXGt6TPytzXosn6rmLGt6THpLmho6S016LOxKSrpOmwa8vNpN6kxzEwyNWkq6TpMt9M6WezzKSqlXLpZ6Ty7ZSkr4j2us+krKS0pLakpKTepLmho6S0wcuz0M/CpLWkpKGjPGJyPgo8L3A+CqH2yczGt9Vow/c8YnI+Csq5pKSk5KS5pLWk5Jrds9akwcG8pLWkx994pNahothOuLukyqXQpeqlqKlgpbel56XzpM6huKW3pbmlxqXgpdWloaXrpcmhuaW3peqpYKW6oaM8YnI+xL7RdaW1paSlyaXsqWCl66TKpLelv6Wkpdc8YnI+tsDBoqGi30KE07/JhNOkzrGzpOKkv6Tspeqlr6XppaSly6XzpbCZQ8Tco6i8czcwoeOjqaTIvcXJz6SymUPE3KOovHMyMKHjo6kypeKpYKW/qWClv6Wkpdehozxicj6l2KXDpcml3Klgpcmky6TPlXLTi6TKpMmk8tbDpK+ks6TIpM6kx6StpOvF76SspKKk6qGipbmlpKXzpbCl6aWkpci4tqStoaM8YnI+ofml3qXDpcil7KW5pMqkt6W/paSl16GjPGhyPgqltaWkpbqjurf5MTI4LjUoMTQ3LjUpocHpTKS1MjIxocG436S1NzkuNSgxMDguNSmhwbSyw+a43zM5LzQ2LjUvNTRjbaOovU3BopVypMujs7bO60HVe7mdv8nE3KOpPGJyPgqh+SgpxNqkz6XppaSlyKTOpbelp6lgpcmk8o7apLKkv9futPO057eooaM8YnI+PGhyPgqyxNl8o7rW97LEL7uvu5Kw5Txocj4KguS/vKO6W6W5paSl86WwpemlpKXIXc/72U3risGmo7o0MFcgMpVy6WcoMcjVpKKkv6TqteO1xs/rtqiVculnKS8xpfbUwqOkNTAuNDxicj4KNDBXo6il4aWkpfO1xqOpoaI1V6Oos6PSubXGo6mhorDXn+HrisfyMbXGyrnTw6GhPGhyPgq9TcGio7qkqr/NmJS9TcGiPGhyPgqlq6XpqWCjuqWmpael86W4o6hXRaOpL6XTqWClwaOoQkNIo6k8aHI+Ctei0uLKwu2Xo7o8YnI+Cj/JzMa3u63P8aTPyau6z6SkpOTL2LLEuNCkrIxn60ikzsnMxrekyK6QpMqk64j2us+krKS0pLakpKTepLmhozxicj4KID+l4qXLpb+pYD+lx6Wjpbml16XspaSky6TopMOkxqTi0LSk6re9pKyJ5KTqpN6kuaGj0+ik4aS0wcuz0KSvpMCktaSkoaM8YnI+PHN0eWxlIHR5cGU9InRleHQvY3NzIj4KQGNoYXJzZXQgInV0Zi04IjsKLyogQ1NTIERvY3VtZW50ICovCgo8L3N0eWxlPgoKCgo8YnI+PGJyPgo8aW1nIHNyYz0iaHR0cDovL2ltYWdlLnJha3V0ZW4uY28uanAvYmVzdDk5L2NhYmluZXQvMDM5NDIwODAvYmVkX21laW4uanBnIiB3aWR0aD0iODQwIiAvPgoKCgoKPC9odG1sPg==,pdWl6aXzpbml2aXDpckg64qE06XZpcOlySCl6qWvpemlpKXLpfOlsKXZpcOlySDF77i2pK3V1cP3uLakrSDEvtF1pbWlpKXJpeypYKXrpMqkt6W3pbmlxqXgpdWloaXrpckypeKpYKW/qWAgpdWl7KlgpeCkzqTfpbul36XApdal66W1paSlui+lu6XfpcCl1qXrpdmlw6XJL6W7pd+lwKXWpeul2aXDpcgvZnJhbmNlYmVkL0MxVC0yTSDrioTTpeqlr6XppaSly6XzpbCl2aXDpckgy83Bz59vwc+jukI5OQ==,pdWl6aXzpbml2aXDpckg64qE06XZpcOlySCl6qWvpemlpKXLpfOlsKXZpcOlySDF77i2pK3V1cP3uLakrSDEvtF1pbWlpKXJpeypYKXrpMqkt6W3pbmlxqXgpdWloaXrpckypeKpYKW/qWAgpdWl7KlgpeCkzqTfpbul36XApdal66W1paSlui+lu6XfpcCl1qXrpdmlw6XJL6W7pd+lwKXWpeul2aXDpcgvZnJhbmNlYmVkL0MxVC0yTSDrioTTpeqlr6XppaSly6XzpbCl2aXDpckgy83Bz59vwc8=,pdWl6aXzpbml2aXDpckgpbWlpKXJpeypYKXrpMqktyCl1aXsqWCl4KTOpN8gQzFULTJNIE2ho6XVpeml86W5pdmlw6XJIOuKhNOl2aXDpckgpeqlr6XppaSly6XzpbCl2aXDpckgxe+4tqSt1dXD97i2pK0gxL7RdaW1paSlyaXsqWCl66TKpLelt6W5pcal4KXVpaGl66XJMqXiqWClv6lgIKXVpeypYKXgpM6k36W7pd+lwKXWpeultaWkpbovpbul36XApdal66XZpcOlyS+lu6XfpcCl1qXrpdmlw6XIL2ZyYW5jZWJlZC9DMVQtMk0g64qE06Xqpa+l6aWkpcul86Wwpdmlw6XJIMvNwc+fb8HP[rn]
40-32978,aHR0cDovL3RzaG9wLnIxMHMuanAvYmVzdDk5L2NhYmluZXQvb3NhNi8yOTYwMjIwLmpwZz9maXRpbj03MDA6NzAw,MTQ1NjQ1LjYwMDA=,,paSl86XGpeqloj/H3r7fP4WnvHsgPiCl2aXDpckgPiDrioTTP6Xqpa+l6aWkpcul86Wwpdmlw6XJ,pdWl6aXzpbml2aXDpckg64qE06XZpcOlySCl6qWvpemlpKXLpfOlsKXZpcOlySDEvtF1pbWlpKXJpeypYKXrpMqkt6W3pbmlxqXgpdWloaXrpckxpeKpYKW/qWAgpdWl7KlgpeCkzqTfpbul36XApdal66W1paSlui+lu6XfpcCl1qXrpdmlw6XJL6W7pd+lwKXWpeul2aXDpcgvZnJhbmNlYmVkL0YxVC0xTSDrioTTpeqlr6XppaSly6XzpbCl2aXDpckg64qE06XZpcOlySCl16Xspbyl86XI,pdWl6aXzpbml2aXDpckgpbWlpKXJpeypYKXrpMqktyCl1aXsqWCl4KTOpN8gRjJULTFNTQ==,,pdWl6aXzpbml2aXDpckg64qE06XZpcOlySCl6qWvpemlpKXLpfOlsKXZpcOlySDEvtF1pbWlpKXJpeypYKXrpMqkt6W3pbmlxqXgpdWloaXrpckxpeKpYKW/qWAgpdWl7KlgpeCkzqTfpbul36XApdal66W1paSlui+lu6XfpcCl1qXrpdmlw6XJL6W7pd+lwKXWpeul2aXDpcgvZnJhbmNlYmVkL0YxVC0xTSDrioTTpeqlr6XppaSly6XzpbCl2aXDpckg64qE06XZpcOlySCl16Xspbyl86XIo7pCOTk=,pdWl6aXzpbml2aXDpckg64qE06XZpcOlySCl6qWvpemlpKXLpfOlsKXZpcOlySDEvtF1pbWlpKXJpeypYKXrpMqkt6W3pbmlxqXgpdWloaXrpckxpeKpYKW/qWAgpdWl7KlgpeCkzqTfpbul36XApdal66W1paSlui+lu6XfpcCl1qXrpdmlw6XJL6W7pd+lwKXWpeul2aXDpcgvZnJhbmNlYmVkL0YxVC0xTSDrioTTpeqlr6XppaSly6XzpbCl2aXDpckg64qE06XZpcOlySCl16Xspbyl86XI,pdWl6aXzpbml2aXDpckgpbWlpKXJpeypYKXrpMqktyCl1aXsqWCl4KTOpN8gRjJULTFNTaGjpdWl6aXzpbml2aXDpckg64qE06XZpcOlySCl6qWvpemlpKXLpfOlsKXZpcOlySDEvtF1pbWlpKXJpeypYKXrpMqkt6W3pbmlxqXgpdWloaXrpckxpeKpYKW/qWAgpdWl7KlgpeCkzqTfpbul36XApdal66W1paSlui+lu6XfpcCl1qXrpdmlw6XJL6W7pd+lwKXWpeul2aXDpcgvZnJhbmNlYmVkL0YxVC0xTSDrioTTpeqlr6XppaSly6XzpbCl2aXDpckg64qE06XZpcOlySCl16Xspbyl86XI[rn]
40-32979,aHR0cDovL3RzaG9wLnIxMHMuanAvYmVzdDk5L2NhYmluZXQvb3NhNi8yOTYwMDM3LmpwZz9maXRpbj03MDA6NzAw,MTc2MDAwLjAwMDA=,,paSl86XGpeqloj/H3r7fP4WnvHsgPiCl2aXDpckgPiDrioTTP6Xqpa+l6aWkpcul86Wwpdmlw6XJ,pdWl6aXzpbml2aXDpckg64qE06XZpcOlySCl6qWvpemlpKXLpfOlsKXZpcOlySDF77i2pK0gT9DN1qfUrqXQqWC4tiClt6W5pcal4KXVpaGl66XJMaXiqWClv6lgo6tTpdWloaXrpclSWKXepcOlyCClu6XfpcCl1qXrL2ZyYW5jZWJlZCBGMS1PIDFNIOuKhNOl6qWvpemlpKXLpfOlsKXZpcOlySDrioTTpdmlw6XJIL60wM+kzsjVIKSqxOq8xKTqKLT60v2yu7/JKSjpX5d51E/Ww59vwc8p,pdWl6aXzpbml2aXDpckgRjEtTyAxTSBNo6ZTpdWloaXrpclSWKXepcOlyA==,Cgo8YnI+PGJyPjxpbWcgc3JjPSJodHRwczovL2ltYWdlLnJha3V0ZW4uY28uanAvaS1vZmZpY2UxL2NhYmluZXQvdGFrZTExLzE2OV9rYWlrb25fZnJlZS5qcGciPjxicj48YnI+PHAgY2xhc3M9ImRlbGl2X2ZlZV9ob2t1Ij6xsbqjtcCk2KTOxeTLzaTPhGXNvsvNwc+krKSrpKuk6qTepLmhozxicj6xsbqjtcDLzcHPo7qhvrGxNaG/pb+lpKXXPC9wPgo8cCBzdHlsZT0iZm9udC1zaXplOiAxMnB4OyBjb2xvcjojQ0MwMDAwOyI+ofmVculn1ri2qKTPMbHjo6g5LTE0lXKjqaGiMrHjo6gxMi0xOJVyo6mhor1LyNWx46OoOS0xOJVyo6mkzqTfpMikyqTqpN6kuaGjPEJSPqH5tdjT8qTLpOikw6TGxeTLzaTO6tfI1aSsz962qKS1pOyk64j2us+k5KGilXLpZ9a4tqikrLPQpOykyqSkiPa6z6SspLSktqSkpN6kuaGjPEJSPqH5m1+/SaGi63iNdaTYpM6kqr3spLGkz7P2wLSk3qS7pPOhozxCUj48QlI+PC9wPjxwPjxpbWcgc3JjPSJodHRwczovL2ltYWdlLnJha3V0ZW4uY28uanAvaS1vZmZpY2UxL2NhYmluZXQvY2FtL2RpYmlraS5naWYiIGFsdD0itPq98NL9k1Gyu7/JyczGtyIgYm9yZGVyPSIwIiA+PC9wPgo8cCBzdHlsZT0iZm9udC1zaXplOiAxMnB4OyBjb2xvcjojQ0MwMDAwOyI+ofKxvsnMxrekzqSq1qeSQqSkt723qKTPoaKhuLT6vfDS/ZNRobmkzta4tqikrKTHpK2k3qS7pPOhowqlt6W5pcal4MnPoaKhuLT60v2yu7/JobnJzMa3pOKhuLT6vfDS/ZNRobmkzt94kmukrKTHpK2k3qS5pKyhogq0+r3w0v2TUaTHpM6bUZxnpKykx6StpN6ku6TzpM6kx6Gipa+l7KW4pcOlyKWrqWClyaTipLekr6TPoaIKx7CSQqSko6ils6XzpdOly5tRnGehouN50NDV8d56o6mkx6TOm1GcZ994kmuk8qSq7oqkpKSkpL+kt6TepLmhozxicj4KPEJSPqG+xeTLzdRP1sOfb8HPpbWpYKXTpbnW0KG/6V+XeT+9TcGi1E/Ww6SsvfGkwKSxn2/Bz6WtpeOl86XaqWCl89bQo6E8QlI+PC9wPjxwPjxGb250IFNpemU9IjQiPqW3pbmlxqXgpdWloaXrpcmlt6XqqWCluqTPpLOkwaTpoe88L2ZvbnQ+PC9wPgo8cCBzdHlsZT0iZm9udC1zaXplOjE0cHg7IGNvbG9yOiNGRjAwMDA7IGxpbmUtaGVpZ2h0OjIwcHgiPgqh+aXVpeml86W5pdmlw6XJpM7Rdca3pM/K3NeiyfquYsa3pMekuaGjpLTXos7EpKuk6bBry82k3qTHMTDI1aSrpOky30zpZ7PMpKqVculnpPLtlKSviPa6z6SspLSktqSkpN6kuaGjpLTBy7PQz8KktaSkoaM8YnI+CjwvcD6h9snMxrfVaMP3PGJyPgrKuaSkpOSkuaS1pOSa3bPWpMHBvKS1pMffeKTWoaLYTri7pMql0KXqpaipYKW3peel86TOobilt6W5pcal4KXVpaGl66XJobmlt6XqqWCluqGjPGJyPgpP0M3Wp9SupdCpYLi2pK2hozxicj6xs6TipL+k7KXqpa+l6aWkpcul86WwmUPE3KOovHM3MKHjo6mkzjGl4qlgpb+pYKW/paSl16GjPGJyPqXqpa+l6aWkpcul86Wwpd6lw6XIpeyluT9TpdWloaXrpclSWKXepcOlyKXspbm4tqStoaM8aHI+CqW1paSluqO6t/kxMjguNaHB6UyktTIwMy41ocG436S1ODKhwbSyw+a43zM5LzQ2LjUvNTRjbaOovU3BopVypMujs7bO60HVe7mdv8nE3KOpPGJyPqH5pd6lw6XIpeylubrxMTdjbTxicj6h+dan1K6l0KlgyKGk6ri2pLGVcqGit/mkz6OrMS4xY22ky6TKpOqk3qS5oaM8aHI+CrLE2Xyjutb3ssQvu6+7krDlPGhyPgq9TcGio7qkqr/NmJS9TcGiPGhyPgqlq6XpqWCjuqWmpael86W4o6hXRaOpL6XTqWClwaOoQkNIo6k8aHI+Ctei0uLKwu2Xo7o8YnI+Cj/JzMa3u63P8aTPyau6z6SkpOTL2LLEuNCkrIxn60ikzsnMxrekyK6QpMqk64j2us+krKS0pLakpKTepLmhozxicj4KID+l4qXLpb+pYD+lx6Wjpbml16XspaSky6TopMOkxqTi0LSk6re9pKyJ5KTqpN6kuaGj0+ik4aS0wcuz0KSvpMCktaSkoaM8YnI+PHN0eWxlIHR5cGU9InRleHQvY3NzIj4KQGNoYXJzZXQgInV0Zi04IjsKLyogQ1NTIERvY3VtZW50ICovCgo8L3N0eWxlPgoKCgo8YnI+PGJyPgo8aW1nIHNyYz0iaHR0cDovL2ltYWdlLnJha3V0ZW4uY28uanAvYmVzdDk5L2NhYmluZXQvMDM5NDIwODAvYmVkX21laW4uanBnIiB3aWR0aD0iODQwIiAvPgoKCgoKPC9odG1sPg==,pdWl6aXzpbml2aXDpckg64qE06XZpcOlySCl6qWvpemlpKXLpfOlsKXZpcOlySDF77i2pK0gT9DN1qfUrqXQqWC4tiClt6W5pcal4KXVpaGl66XJMaXiqWClv6lgo6tTpdWloaXrpclSWKXepcOlyCClu6XfpcCl1qXrL2ZyYW5jZWJlZCBGMS1PIDFNIOuKhNOl6qWvpemlpKXLpfOlsKXZpcOlySDrioTTpdmlw6XJIL60wM+kzsjVIKSqxOq8xKTqKLT60v2yu7/JKSjpX5d51E/Ww59vwc8po7pCOTk=,pdWl6aXzpbml2aXDpckg64qE06XZpcOlySCl6qWvpemlpKXLpfOlsKXZpcOlySDF77i2pK0gT9DN1qfUrqXQqWC4tiClt6W5pcal4KXVpaGl66XJMaXiqWClv6lgo6tTpdWloaXrpclSWKXepcOlyCClu6XfpcCl1qXrL2ZyYW5jZWJlZCBGMS1PIDFNIOuKhNOl6qWvpemlpKXLpfOlsKXZpcOlySDrioTTpdmlw6XJIL60wM+kzsjVIKSqxOq8xKTqKLT60v2yu7/JKSjpX5d51E/Ww59vwc8p,pdWl6aXzpbml2aXDpckgRjEtTyAxTSBNo6ZTpdWloaXrpclSWKXepcOlyKGjpdWl6aXzpbml2aXDpckg64qE06XZpcOlySCl6qWvpemlpKXLpfOlsKXZpcOlySDF77i2pK0gT9DN1qfUrqXQqWC4tiClt6W5pcal4KXVpaGl66XJMaXiqWClv6lgo6tTpdWloaXrpclSWKXepcOlyCClu6XfpcCl1qXrL2ZyYW5jZWJlZCBGMS1PIDFNIOuKhNOl6qWvpemlpKXLpfOlsKXZpcOlySDrioTTpdmlw6XJIL60wM+kzsjVIKSqxOq8xKTqKLT60v2yu7/JKSjpX5d51E/Ww59vwc8p[rn]
40-32980,aHR0cDovL3RzaG9wLnIxMHMuanAvYmVzdDk5L2NhYmluZXQvb3NhOS80NzEwMDQ2LmpwZz9maXRpbj03MDA6NzAw,MTMxMjAuMDAwMA==,,paSl86XGpeqloj/H3r7fP4WnvHsgPiCl2aXDpckgPiDrioTTP6Xqpa+l6aWkpcul86Wwpdmlw6XJ,1duk6qS/pL+k36XZpcOlySDV26TqrpKk36XZpcOlySDV266SpN+l2aXDpckgpeqlr6XppaSly6XzpbCl2aXDpckgpdmlw6XIIMzY1FPIobXDo6Gk4qSzpOKks6WzpfOl0aWvpcil6qWvpemlpKXLpfOlsNXbpOqkv6S/pN+l2aXDpckgjG24tqStpdmlw6XJIMXvuLakraXZpcOlySClraXjpbmlv6lguLakrSCls6XzpdGlr6XIIIWnvHuluaXaqWCluVtieaSqpLmkuaThXVu0+tL9sru/yV0gy83Bz59vwc8=,pbOl86XRpa+lyKTLpL+kv6ThpOvV26TqpL+kv6Tfpeqlr6XppaSly6XzpbCl2aXDpck=,PGltZyBzcmM9Imh0dHBzOi8vaW1hZ2UucmFrdXRlbi5jby5qcC9iZXN0OTkvY2FiaW5ldC9vc2E5LzQ3MTAwNDZfMDEuanBnIiBhbHQ9IqXqpa+l6aWkpcul86WzpfOl0aWvpcjV26TqpL+kv6Tfpdmlw6XJIj48YnI+CjxpbWcgc3JjPSJodHRwczovL2ltYWdlLnJha3V0ZW4uY28uanAvYmVzdDk5L2NhYmluZXQvb3NhOS80NzEwMDQ2XzAyLmpwZyIgYWx0PSK6hoVnvU2k38GipMakx6S5pLCky8q5pKik6yI+PGJyPgo8aW1nIHNyYz0iaHR0cHM6Ly9pbWFnZS5yYWt1dGVuLmNvLmpwL2Jlc3Q5OS9jYWJpbmV0L29zYTkvNDcxMDA0Nl8wMy5qcGciIGFsdD0ipb2l1aWhqWCk5IGiw9/Tw6XZpcOlyaTIpLekxiI+PGJyPgo8aW1nIHNyYz0iaHR0cHM6Ly9pbWFnZS5yYWt1dGVuLmNvLmpwL2Jlc3Q5OS9jYWJpbmV0L29zYTkvNDcxMDA0Nl8wNC5qcGciIGFsdD0ipa2l46W5pb+pYKTOpN+kzrqGhWe9TaTfwaKkxiI+PGJyPgo8aW1nIHNyYz0iaHR0cHM6Ly9pbWFnZS5yYWt1dGVuLmNvLmpwL2Jlc3Q5OS9jYWJpbmV0L29zYTkvNDcxMDA0Nl8wNS5qcGciPjxicj4KPGltZyBzcmM9Imh0dHBzOi8vaW1hZ2UucmFrdXRlbi5jby5qcC9iZXN0OTkvY2FiaW5ldC9vc2E5LzQ3MTAwNDZfMDYuanBnIj48aW1nIHNyYz0iaHR0cHM6Ly9pbWFnZS5yYWt1dGVuLmNvLmpwL2Jlc3Q5OS9jYWJpbmV0L29zYTkvNDcxMDA0Nl8wNy5qcGciIGFsdD0isbOk4qS/pOwxNLbO60Gl6qWvpemlpKXLpfOlsCI+PGJyPgo8aW1nIHNyYz0iaHR0cHM6Ly9pbWFnZS5yYWt1dGVuLmNvLmpwL2Jlc3Q5OS9jYWJpbmV0L29zYTkvNDcxMDA0Nl8wMDguanBnIj48YnI+CjxpbWcgc3JjPSJodHRwczovL2ltYWdlLnJha3V0ZW4uY28uanAvYmVzdDk5L2NhYmluZXQvb3NhOS80NzEwMDQ2XzA4LmpwZyIgYWx0PSLM2NRTyKG1w6TOpOKks6TipLOl3qXDpcgiPjxicj4KPGltZyBzcmM9Imh0dHBzOi8vaW1hZ2UucmFrdXRlbi5jby5qcC9iZXN0OTkvY2FiaW5ldC9vc2E5LzQ3MTAwNDZfMDkuanBnIiBhbHQ9Is2omt3Q1KTOwbykpKXhpcOlt6Xly9iyxCI+PGJyPgo8aW1nIHNyYz0iaHR0cHM6Ly9pbWFnZS5yYWt1dGVuLmNvLmpwL2Jlc3Q5OS9jYWJpbmV0L29zYTkvNDcxMDA0Nl8xMF8xLmpwZyIgYWx0PSLKoaW5pdqpYKW51duk6qS/pL+k38q9Ij48YnI+CjxpbWcgc3JjPSJodHRwczovL2ltYWdlLnJha3V0ZW4uY28uanAvYmVzdDk5L2NhYmluZXQvb3NhOS80NzEwMDQ2XzEwXzIuanBnIiBhbHQ9ItLGhNOk4qTppK+k6aSvIj48YnI+CjxpbWcgc3JjPSJodHRwczovL2ltYWdlLnJha3V0ZW4uY28uanAvYmVzdDk5L2NhYmluZXQvb3NhOS80NzEwMDQ2XzExLmpwZyIgYWx0PSLpX6St1rmk4T+lraXjpbmlv6lgIj48YnI+CjxpbWcgc3JjPSJodHRwczovL2ltYWdlLnJha3V0ZW4uY28uanAvYmVzdDk5L2NhYmluZXQvb3NhOS80NzEwMDQ2XzEyLmpwZyI+PGJyPgo8cD48L3A+CjxhIGhyZWY9Imh0dHBzOi8vaXRlbS5yYWt1dGVuLmNvLmpwL2Jlc3Q5OS80NzEwMDQ3LyI+PGltZyBzcmM9Imh0dHBzOi8vaW1hZ2UucmFrdXRlbi5jby5qcC9iZXN0OTkvY2FiaW5ldC9vc2E5LzQ3MTAwNDdfbC5qcGciIGJvcmRlcj0iMCI+PC9hPjxicj4KPGltZyBzcmM9Imh0dHBzOi8vaW1hZ2UucmFrdXRlbi5jby5qcC9iZXN0OTkvY2FiaW5ldC9vc2E5L21vY29fbC5qcGciIGJvcmRlcj0iMCIgdXNlbWFwPSIjbW9jb21vY28iIGFsdD0i1duk6qS/pL+k36XZpcOlyOl230LJzMa3peql86WvIj4KPG1hcCBuYW1lPSJtb2NvbW9jbyIgaWQ9Im1vY29tb2NvIj4KICA8YXJlYSBzaGFwZT0icmVjdCIgY29vcmRzPSI2LDE0NSwyMTMsMzkzIiBocmVmPSJodHRwczovL2l0ZW0ucmFrdXRlbi5jby5qcC9iZXN0OTkvNDcxMDA0My8iPgogIDxhcmVhIHNoYXBlPSJyZWN0IiBjb29yZHM9IjIzMSwxNDUsNDM5LDM5NCIgaHJlZj0iaHR0cHM6Ly9pdGVtLnJha3V0ZW4uY28uanAvYmVzdDk5LzQ3MTAwNDAvIj4KICA8YXJlYSBzaGFwZT0icmVjdCIgY29vcmRzPSI0NTUsMTQ1LDY2NSwzOTUiIGhyZWY9Imh0dHBzOi8vaXRlbS5yYWt1dGVuLmNvLmpwL2Jlc3Q5OS80NzEwMDQ2LyI+CiAgPGFyZWEgc2hhcGU9InJlY3QiIGNvb3Jkcz0iNSw0NzUsMjEzLDcyOCIgaHJlZj0iaHR0cHM6Ly9pdGVtLnJha3V0ZW4uY28uanAvYmVzdDk5LzQ3MDAyMDMvIj4KICA8YXJlYSBzaGFwZT0icmVjdCIgY29vcmRzPSIyMzAsNDc1LDQzOCw3MzAiIGhyZWY9Imh0dHBzOi8vaXRlbS5yYWt1dGVuLmNvLmpwL2Jlc3Q5OS80NzEwMDQyLyI+CjxhcmVhIHNoYXBlPSJyZWN0IiBjb29yZHM9IjQ1NCw0NzYsNjY1LDczMyIgaHJlZj0iaHR0cHM6Ly9pdGVtLnJha3V0ZW4uY28uanAvYmVzdDk5LzQ3MDAwMDAvIj48L21hcD4KPGJyPgoKCgo8L2I+PC9wPgo8cD48aW1nIHNyYz0iaHR0cHM6Ly9pbWFnZS5yYWt1dGVuLmNvLmpwL2ktb2ZmaWNlMS9jYWJpbmV0L29zYTkvMzdfc2Vpbm91LmpwZyI+PC9wPjxwPjxpbWcgc3JjPSJodHRwczovL2ltYWdlLnJha3V0ZW4uY28uanAvYmVzdDk5L2NhYmluZXQvY2FtL2RpYmlraS5naWYiIGFsdD0itPq98NL9k1Gyu7/JyczGtyIgYm9yZGVyPSIwIiA+PC9wPjxmb250IGNvbG9yPSIjRkYwMDAwIj6h+cXk31+kzpVy6WfWuLaopPKz0KTrpLOkyKSspMekraTepLuk86GjPGJyPqH5m1+/SaGi63iNdaTYpM6kqr3spLGkz7P2wLSk3qS7pPOhozwvZm9udD48YnI+PGJyPjxmb250IHNpemU9IjIiPjxwPjxpbWcgYWx0PSKh9snMxrfKy5iUo7oiIHNyYz0iaHR0cHM6Ly9pbWFnZS5yYWt1dGVuLmNvLmpwL2Jlc3Q5OS9jYWJpbmV0L3NpL2IxLmdpZiIgd2lkdGg9IjQ1MCIgaGVpZ2h0PSIzMCI+PC9wPqH2yczGt8P7o7rM2NRTyKG1w6OhpOKks6TipLOls6XzpdGlr6XIpeqlr6XppaSly6XzpbDV26TqpL+kv6Tfpdmlw6XJPGJyPjxicj6h9snMxre3rLrFo7o0NzEwMDQ2PGJyPjxicj6h9qW1paSlujxicj6l2aXDpcmVcqO6t/k2MKHBsMLQ0DIwNKHBuN+ktTM1LjWj46PtPGJyPgrV26TqpL+kv6TflXKjurf5NjChwbDC0NCkrTM1ocG436S1MTAyY208YnI+CqXepcOlyKTOpN+jurf5NTmhwelMpLUxODehwbjfpLU5Y208YnI+CrSypKuk6aXepcOlyKXspbnJz6TepMekzrjfpLWjujMyLjWj46PtPGJyPjxicj4KofayxNl8PGJyPqXVpeypYKXgo7qluaXBqWCl66XRpaSl1zxicj4Kj4ik6rXYo7ql3aXqpailuaXGpesxMDCjpTxicj4K1JGk4c7vo7qlpqXspb+l86XVpampYKXgPGJyPjxicj6h9tbYwb88YnI+vHMxOGtnPGJyPjxicj4KofaC5L+8o7o8YnI+CszY1FPIobXDyczGt6O6pOKks6TipLOkztDO17Skx8zY1FPIobXDPGJyPgql6qWvpemlpKXLpfOlsKO6sbMxNLbO60GhoqH5vcWyv6TPoaKxs6Xqpa+l6aWkpcul86WwpMjfQoTTPGJyPgqlraXjpbmlv6lguLakrTxicj4KofmXebD8pbWlpKW6o7q3+TYyocGwwtDQMjihwbjfpLUxMDCj46PtoaExl3mw/Dxicj4KofnEzbrJ1tijurxzNzBrZzxicj4KpKq/zZiUvU3BosnMxrejuqOoMcP7pMe8czMwt9ajqTxicj48YnI+PHA+PGltZyBhbHQ9IqH26XbfQsnMxrejuiIgc3JjPSJodHRwczovL2ltYWdlLnJha3V0ZW4uY28uanAvYmVzdDk5L2NhYmluZXQvc2kvYjQuZ2lmIiBhbGlnbj0ibGVmdCIgYm9yZGVyPSIwIiB3aWR0aD0iNDUwIiBoZWlnaHQ9IjMwIj48L3A+PGJyPjxicj48cD4KzNjUU8ihtcOjoaTipLOk4qSzpeqlr6XppaSly6XzpbDV26TqpL+kv6Tfpdmlw6XJPC9wPgo8cD4KzNjUU8ihtcOjoaTipLOk4qSzpeqlr6XppaSly6XzpbDV26TqpL+kv6Tfpdmlw6XJo6ils6XzpdGlr6XIpb+lpKXXt/mjujU5Y22jqTwvcD4KPHA+CsXvuLakraOhpOKks6TipLOl6qWvpemlpKXLpfOlsNXbpOqkv6S/pN+l2aXDpck8L3A+CjxwPgrM2NRTyKG1w6OhpOKks6TipLOl6qWvpemlpKXLpfOlsNXbpOqkv6S/pN+l2aXDpcmjqOuKhNOl2aXDpcmlv6WkpdejqTwvcD48YnI+PHA+PHN0eWxlIHR5cGU9InRleHQvY3NzIj4KQGNoYXJzZXQgInV0Zi04IjsKLyogQ1NTIERvY3VtZW50ICovCgo8L3N0eWxlPgoKCgo8YnI+PGJyPgo8aW1nIHNyYz0iaHR0cDovL2ltYWdlLnJha3V0ZW4uY28uanAvYmVzdDk5L2NhYmluZXQvMDM5NDIwODAvYmVkX21laW4uanBnIiB3aWR0aD0iODQwIiAvPgoKCgoKPC9odG1sPg==,1duk6qS/pL+k36XZpcOlySDV26TqrpKk36XZpcOlySDV266SpN+l2aXDpckgpeqlr6XppaSly6XzpbCl2aXDpckgpdmlw6XIIMzY1FPIobXDo6Gk4qSzpOKks6WzpfOl0aWvpcil6qWvpemlpKXLpfOlsNXbpOqkv6S/pN+l2aXDpckgjG24tqStpdmlw6XJIMXvuLakraXZpcOlySClraXjpbmlv6lguLakrSCls6XzpdGlr6XIIIWnvHuluaXaqWCluVtieaSqpLmkuaThXVu0+tL9sru/yV0gy83Bz59vwc+jukI5OQ==,1duk6qS/pL+k36XZpcOlySDV26TqrpKk36XZpcOlySDV266SpN+l2aXDpckgpeqlr6XppaSly6XzpbCl2aXDpckgpdmlw6XIIMzY1FPIobXDo6Gk4qSzpOKks6WzpfOl0aWvpcil6qWvpemlpKXLpfOlsNXbpOqkv6S/pN+l2aXDpckgjG24tqStpdmlw6XJIMXvuLakraXZpcOlySClraXjpbmlv6lguLakrSCls6XzpdGlr6XIIIWnvHuluaXaqWCluVtieaSqpLmkuaThXVu0+tL9sru/yV0gy83Bz59vwc8=,pbOl86XRpa+lyKTLpL+kv6ThpOvV26TqpL+kv6Tfpeqlr6XppaSly6XzpbCl2aXDpcmho9XbpOqkv6S/pN+l2aXDpckg1duk6q6SpN+l2aXDpckg1duukqTfpdmlw6XJIKXqpa+l6aWkpcul86Wwpdmlw6XJIKXZpcOlyCDM2NRTyKG1w6OhpOKks6TipLOls6XzpdGlr6XIpeqlr6XppaSly6XzpbDV26TqpL+kv6Tfpdmlw6XJIIxtuLakraXZpcOlySDF77i2pK2l2aXDpckgpa2l46W5pb+pYLi2pK0gpbOl86XRpa+lyCCFp7x7pbml2qlgpblbYnmkqqS5pLmk4V1btPrS/bK7v8ldIMvNwc+fb8HP[rn]
40-32981,aHR0cDovL3RzaG9wLnIxMHMuanAvYmVzdDk5L2NhYmluZXQvdGJtMy8xNDYwMDE3NS5qcGc/Zml0aW49NzAwOjcwMA==,ODc4NDAuMDAwMA==,,paSl86XGpeqloj/H3r7fP4WnvHsgPiCl2aXDpckgPiDrioTTP6Xqpa+l6aWkpcul86Wwpdmlw6XJ,pbGloqXspcOlyKXVpaml66XGMiCxs8nPpLIxpeKpYKW/qWCl2aXDpcmlu6XDpcgojG24tj+l3qXDpcil7KW5n2+ktykg64qE0yCl2aXDpckgjG24tqW/paSl1yCl6qWvpemlpKXLpfOlsKXZpcOlySC96ddvpdmlw6XJINK9r5+l2aXDpckgpbel86Wwpeul2aXDpckgpdel6aXDpcQgUExBVFogcGxhdHMgvU3Boulfl3nUT9bDn2/BzyBby83Bz59vwc9d,ob69TcGi6V+XedRP1sOfb8HPob8gpbGloqXspcOlyKXVpaml66XGMiDrioTTpdmlw6XJ,PGltZyBzcmM9Imh0dHBzOi8vaW1hZ2UucmFrdXRlbi5jby5qcC9iZXN0OTkvY2FiaW5ldC90Ym0zLzE0NjAwMTc1LmpwZyIgLz48YnIgLz4KPGltZyBzcmM9Imh0dHBzOi8vaW1hZ2UucmFrdXRlbi5jby5qcC9iZXN0OTkvY2FiaW5ldC90Ym0zLzE0NjAwMTc1XzEuanBnIiAvPjxiciAvPgo8aW1nIHNyYz0iaHR0cHM6Ly9pbWFnZS5yYWt1dGVuLmNvLmpwL2Jlc3Q5OS9jYWJpbmV0L3RibTMvMTQ2MDAxNzVfMi5qcGciIC8+PGJyIC8+CjxpbWcgc3JjPSJodHRwczovL2ltYWdlLnJha3V0ZW4uY28uanAvYmVzdDk5L2NhYmluZXQvdGJtMy8xNDYwMDE3NV8zLmpwZyIgLz48YnIgLz4KPGltZyBzcmM9Imh0dHBzOi8vaW1hZ2UucmFrdXRlbi5jby5qcC9iZXN0OTkvY2FiaW5ldC90Ym0zLzE0NjAwMTc1XzQuanBnIiAvPjxiciAvPgo8aW1nIHNyYz0iaHR0cHM6Ly9pbWFnZS5yYWt1dGVuLmNvLmpwL2Jlc3Q5OS9jYWJpbmV0L3RibTMvMTQ2MDAxNzVfNS5qcGciIC8+PGJyIC8+CjxpbWcgc3JjPSJodHRwczovL2ltYWdlLnJha3V0ZW4uY28uanAvYmVzdDk5L2NhYmluZXQvdGJtMy8xNDYwMDE3NV82LmpwZyIgLz48YnIgLz4KPGltZyBzcmM9Imh0dHBzOi8vaW1hZ2UucmFrdXRlbi5jby5qcC9iZXN0OTkvY2FiaW5ldC90Ym0zLzE0NjAwMTc1XzcuanBnIiAvPjxiciAvPgo8aW1nIHNyYz0iaHR0cHM6Ly9pbWFnZS5yYWt1dGVuLmNvLmpwL2Jlc3Q5OS9jYWJpbmV0L3RibTMvMTQ2MDAxNzVfOC5qcGciIC8+PGJyIC8+CjxpbWcgc3JjPSJodHRwczovL2ltYWdlLnJha3V0ZW4uY28uanAvYmVzdDk5L2NhYmluZXQvdGJtMy8xNDYwMDE3NV85LmpwZyIgLz48YnIgLz4KPGltZyBzcmM9Imh0dHBzOi8vaW1hZ2UucmFrdXRlbi5jby5qcC9iZXN0OTkvY2FiaW5ldC90Ym0zLzE0NjAwMTc1XzEwLmpwZyIgLz48YnIgLz4KPGltZyBzcmM9Imh0dHBzOi8vaW1hZ2UucmFrdXRlbi5jby5qcC9iZXN0OTkvY2FiaW5ldC9oNy9xYTEuanBnIiAvPjxicj4KPGltZyBzcmM9Imh0dHBzOi8vaW1hZ2UucmFrdXRlbi5jby5qcC9iZXN0OTkvY2FiaW5ldC9oNy9xYTIuanBnIiAvPjxicj4KPGltZyBzcmM9Imh0dHBzOi8vaW1hZ2UucmFrdXRlbi5jby5qcC9iZXN0OTkvY2FiaW5ldC9oNy9xYTMuanBnIiAvPjxicj4KPGltZyBzcmM9Imh0dHBzOi8vaW1hZ2UucmFrdXRlbi5jby5qcC9iZXN0OTkvY2FiaW5ldC9oNy9ucC5qcGciIC8+PGJyPgo8cCBzdHlsZT0iY29sb3I6cmVkOyI+PGZvbnQgc2l6ZT0iNCI+ofmxvsnMxrekz6Giobi3x9Vuy7ChucnMxrekx6S5pKyhoqW3pbmlxqXgyc+huMuw3nqhub3w7n6krKGipKrWp5JCvfDufqTIpMqk6qTepLk8YnIgLz4KofmxvsnMxrekz7T60v2yu7/JyczGt6THpLmho6G4tPrS/aG50tTN4qTOpKrWp5JCpKSk8qSq33ik08/CpLWkpKGjPGJyIC8+CqH5sb7JzMa3pM/I1erXP9ejyNWkzqSqveyksaSspMekraTepLuk86GjpKKk6aSrpLik4aS0wcuz0M/CpLWkpKGjPC9mb250PjwvcD48YnI+PGJyPgo8aW1nIHNyYz0iaHR0cHM6Ly9pbWFnZS5yYWt1dGVuLmNvLmpwL2Jlc3Q5OS9jYWJpbmV0L3RibTMvZG9fbC5qcGciIGJvcmRlcj0iMCIgdXNlbWFwPSIjTWFwIiAvPgo8bWFwIG5hbWU9Ik1hcCI+CjxhcmVhIHNoYXBlPSJyZWN0IiBjb29yZHM9IjMsMTM4LDEzMSwyNzEiIGhyZWY9Imh0dHBzOi8vaXRlbS5yYWt1dGVuLmNvLmpwL2Jlc3Q5OS8xNDYwMDE0NS8iPgo8YXJlYSBzaGFwZT0icmVjdCIgY29vcmRzPSIxMzEsMTM5LDI2NSwyNzEiIGhyZWY9Imh0dHBzOi8vaXRlbS5yYWt1dGVuLmNvLmpwL2Jlc3Q5OS8xNDYwMDE0Ni8iPgo8YXJlYSBzaGFwZT0icmVjdCIgY29vcmRzPSIyNjcsMTM4LDQwMSwyNjkiIGhyZWY9Imh0dHBzOi8vaXRlbS5yYWt1dGVuLmNvLmpwL2Jlc3Q5OS8xNDYwMDE0Ny8iPgo8YXJlYSBzaGFwZT0icmVjdCIgY29vcmRzPSI0MDEsMTQwLDUzNSwyNzMiIGhyZWY9Imh0dHBzOi8vaXRlbS5yYWt1dGVuLmNvLmpwL2Jlc3Q5OS8xNDYwMDE0OC8iPgo8YXJlYSBzaGFwZT0icmVjdCIgY29vcmRzPSI1MzUsMTM3LDY3MSwyNzIiIGhyZWY9Imh0dHBzOi8vaXRlbS5yYWt1dGVuLmNvLmpwL2Jlc3Q5OS8xNDYwMDE0OS8iPgo8YXJlYSBzaGFwZT0icmVjdCIgY29vcmRzPSIyLDI4OSwxMzUsNDE5IiBocmVmPSJodHRwczovL2l0ZW0ucmFrdXRlbi5jby5qcC9iZXN0OTkvMTQ2MDAxNTUvIj4KPGFyZWEgc2hhcGU9InJlY3QiIGNvb3Jkcz0iMTM3LDI5MCwyNjcsNDIyIiBocmVmPSJodHRwczovL2l0ZW0ucmFrdXRlbi5jby5qcC9iZXN0OTkvMTQ2MDAxNTYvIj4KPGFyZWEgc2hhcGU9InJlY3QiIGNvb3Jkcz0iMjY4LDI4OSwzOTksNDIxIiBocmVmPSJodHRwczovL2l0ZW0ucmFrdXRlbi5jby5qcC9iZXN0OTkvMTQ2MDAxNTcvIj4KPGFyZWEgc2hhcGU9InJlY3QiIGNvb3Jkcz0iMzk5LDI4Nyw1MzUsNDIyIiBocmVmPSJodHRwczovL2l0ZW0ucmFrdXRlbi5jby5qcC9iZXN0OTkvMTQ2MDAxNTgvIj4KPGFyZWEgc2hhcGU9InJlY3QiIGNvb3Jkcz0iNTM4LDI4Niw2NzQsNDIyIiBocmVmPSJodHRwczovL2l0ZW0ucmFrdXRlbi5jby5qcC9iZXN0OTkvMTQ2MDAxNTkvIj4KPGFyZWEgc2hhcGU9InJlY3QiIGNvb3Jkcz0iMyw0MzIsMTMxLDU2OSIgaHJlZj0iaHR0cHM6Ly9pdGVtLnJha3V0ZW4uY28uanAvYmVzdDk5LzE0NjAwMTUwLyI+CjxhcmVhIHNoYXBlPSJyZWN0IiBjb29yZHM9IjEzNSw0MzQsMjYzLDU3MCIgaHJlZj0iaHR0cHM6Ly9pdGVtLnJha3V0ZW4uY28uanAvYmVzdDk5LzE0NjAwMTUxLyI+CjxhcmVhIHNoYXBlPSJyZWN0IiBjb29yZHM9IjI2Niw0MzUsNDAwLDU2OSIgaHJlZj0iaHR0cHM6Ly9pdGVtLnJha3V0ZW4uY28uanAvYmVzdDk5LzE0NjAwMTUyLyI+CjxhcmVhIHNoYXBlPSJyZWN0IiBjb29yZHM9IjQwMiw0MzQsNTM0LDU3MSIgaHJlZj0iaHR0cHM6Ly9pdGVtLnJha3V0ZW4uY28uanAvYmVzdDk5LzE0NjAwMTUzLyI+CjxhcmVhIHNoYXBlPSJyZWN0IiBjb29yZHM9IjUzOCw0MzQsNjcwLDU3MCIgaHJlZj0iaHR0cHM6Ly9pdGVtLnJha3V0ZW4uY28uanAvYmVzdDk5LzE0NjAwMTU0LyI+CjxhcmVhIHNoYXBlPSJyZWN0IiBjb29yZHM9IjIsNTg1LDEzMSw3MTciIGhyZWY9Imh0dHBzOi8vaXRlbS5yYWt1dGVuLmNvLmpwL2Jlc3Q5OS8xNDYwMDE2MC8iPgo8YXJlYSBzaGFwZT0icmVjdCIgY29vcmRzPSIxMzUsNTg1LDI2NCw3MTgiIGhyZWY9Imh0dHBzOi8vaXRlbS5yYWt1dGVuLmNvLmpwL2Jlc3Q5OS8xNDYwMDE2MS8iPgo8YXJlYSBzaGFwZT0icmVjdCIgY29vcmRzPSIyNjcsNTg0LDM5OCw3MjEiIGhyZWY9Imh0dHBzOi8vaXRlbS5yYWt1dGVuLmNvLmpwL2Jlc3Q5OS8xNDYwMDE2Mi8iPgo8YXJlYSBzaGFwZT0icmVjdCIgY29vcmRzPSI0MDEsNTgyLDUzMyw3MjEiIGhyZWY9Imh0dHBzOi8vaXRlbS5yYWt1dGVuLmNvLmpwL2Jlc3Q5OS8xNDYwMDE2My8iPgo8YXJlYSBzaGFwZT0icmVjdCIgY29vcmRzPSI1MzUsNTgyLDY2Nyw3MjAiIGhyZWY9Imh0dHBzOi8vaXRlbS5yYWt1dGVuLmNvLmpwL2Jlc3Q5OS8xNDYwMDE2NC8iPgo8L21hcD4KPGJyPgo8aW1nIHNyYz0iaHR0cHM6Ly9pbWFnZS5yYWt1dGVuLmNvLmpwL2Jlc3Q5OS9jYWJpbmV0L3RibTMvZm9fbC5qcGciIGJvcmRlcj0iMCIgdXNlbWFwPSIjTWFwMiIgLz4KPG1hcCBuYW1lPSJNYXAyIj4KPGFyZWEgc2hhcGU9InJlY3QiIGNvb3Jkcz0iNTM1LDUzNiw2NjcsNjc0IiBocmVmPSJodHRwczovL2l0ZW0ucmFrdXRlbi5jby5qcC9iZXN0OTkvMTQ2MDAxODQvIj4KPGFyZWEgc2hhcGU9InJlY3QiIGNvb3Jkcz0iNDAxLDUzNiw1MzMsNjc1IiBocmVmPSJodHRwczovL2l0ZW0ucmFrdXRlbi5jby5qcC9iZXN0OTkvMTQ2MDAxODMvIj4KPGFyZWEgc2hhcGU9InJlY3QiIGNvb3Jkcz0iMjY3LDUzOCwzOTgsNjc1IiBocmVmPSJodHRwczovL2l0ZW0ucmFrdXRlbi5jby5qcC9iZXN0OTkvMTQ2MDAxODIvIj4KPGFyZWEgc2hhcGU9InJlY3QiIGNvb3Jkcz0iMTM1LDUzOSwyNjQsNjcyIiBocmVmPSJodHRwczovL2l0ZW0ucmFrdXRlbi5jby5qcC9iZXN0OTkvMTQ2MDAxODEvIj4KPGFyZWEgc2hhcGU9InJlY3QiIGNvb3Jkcz0iMiw1MzksMTMxLDY3MSIgaHJlZj0iaHR0cHM6Ly9pdGVtLnJha3V0ZW4uY28uanAvYmVzdDk5LzE0NjAwMTgwLyI+CjxhcmVhIHNoYXBlPSJyZWN0IiBjb29yZHM9IjMsMzg2LDEzMSw1MjMiIGhyZWY9Imh0dHBzOi8vaXRlbS5yYWt1dGVuLmNvLmpwL2Jlc3Q5OS8xNDYwMDE3MC8iPgo8YXJlYSBzaGFwZT0icmVjdCIgY29vcmRzPSIxMzUsMzg4LDI2Myw1MjQiIGhyZWY9Imh0dHBzOi8vaXRlbS5yYWt1dGVuLmNvLmpwL2Jlc3Q5OS8xNDYwMDE3MS8iPgo8YXJlYSBzaGFwZT0icmVjdCIgY29vcmRzPSIyNjYsMzg5LDQwMCw1MjMiIGhyZWY9Imh0dHBzOi8vaXRlbS5yYWt1dGVuLmNvLmpwL2Jlc3Q5OS8xNDYwMDE3Mi8iPgo8YXJlYSBzaGFwZT0icmVjdCIgY29vcmRzPSI0MDIsMzg4LDUzNCw1MjUiIGhyZWY9Imh0dHBzOi8vaXRlbS5yYWt1dGVuLmNvLmpwL2Jlc3Q5OS8xNDYwMDE3My8iPgo8YXJlYSBzaGFwZT0icmVjdCIgY29vcmRzPSI1MzcsMzg3LDY2OSw1MjMiIGhyZWY9Imh0dHBzOi8vaXRlbS5yYWt1dGVuLmNvLmpwL2Jlc3Q5OS8xNDYwMDE3NC8iPgo8YXJlYSBzaGFwZT0icmVjdCIgY29vcmRzPSI1MzYsMjQwLDY3MiwzNzYiIGhyZWY9Imh0dHBzOi8vaXRlbS5yYWt1dGVuLmNvLmpwL2Jlc3Q5OS8xNDYwMDE3OS8iPgo8YXJlYSBzaGFwZT0icmVjdCIgY29vcmRzPSIzOTksMjQxLDUzNSwzNzYiIGhyZWY9Imh0dHBzOi8vaXRlbS5yYWt1dGVuLmNvLmpwL2Jlc3Q5OS8xNDYwMDE3OC8iPgo8YXJlYSBzaGFwZT0icmVjdCIgY29vcmRzPSIyNjgsMjQzLDM5OSwzNzUiIGhyZWY9Imh0dHBzOi8vaXRlbS5yYWt1dGVuLmNvLmpwL2Jlc3Q5OS8xNDYwMDE3Ny8iPgo8YXJlYSBzaGFwZT0icmVjdCIgY29vcmRzPSIxMzYsMjQ0LDI2NiwzNzYiIGhyZWY9Imh0dHBzOi8vaXRlbS5yYWt1dGVuLmNvLmpwL2Jlc3Q5OS8xNDYwMDE3Ni8iPgo8YXJlYSBzaGFwZT0icmVjdCIgY29vcmRzPSIyLDI0MywxMzUsMzczIiBocmVmPSJodHRwczovL2l0ZW0ucmFrdXRlbi5jby5qcC9iZXN0OTkvMTQ2MDAxNzUvIj4KPGFyZWEgc2hhcGU9InJlY3QiIGNvb3Jkcz0iNCw5MywxMzIsMjI2IiBocmVmPSJodHRwczovL2l0ZW0ucmFrdXRlbi5jby5qcC9iZXN0OTkvMTQ2MDAxNjUvIj4KPGFyZWEgc2hhcGU9InJlY3QiIGNvb3Jkcz0iMTMxLDkzLDI2NSwyMjUiIGhyZWY9Imh0dHBzOi8vaXRlbS5yYWt1dGVuLmNvLmpwL2Jlc3Q5OS8xNDYwMDE2Ni8iPgo8YXJlYSBzaGFwZT0icmVjdCIgY29vcmRzPSIyNjYsOTIsNDAwLDIyMyIgaHJlZj0iaHR0cHM6Ly9pdGVtLnJha3V0ZW4uY28uanAvYmVzdDk5LzE0NjAwMTY3LyI+CjxhcmVhIHNoYXBlPSJyZWN0IiBjb29yZHM9IjQwMSw5NCw1MzUsMjI3IiBocmVmPSJodHRwczovL2l0ZW0ucmFrdXRlbi5jby5qcC9iZXN0OTkvMTQ2MDAxNjgvIj4KPGFyZWEgc2hhcGU9InJlY3QiIGNvb3Jkcz0iNTM2LDkyLDY3MiwyMjciIGhyZWY9Imh0dHBzOi8vaXRlbS5yYWt1dGVuLmNvLmpwL2Jlc3Q5OS8xNDYwMDE2OS8iPgo8L21hcD4KPGJyIC8+CjxpbWcgc3JjPSJodHRwczovL2ltYWdlLnJha3V0ZW4uY28uanAvYmVzdDk5L2NhYmluZXQvdGJtMy9uZW9fbC5qcGciIGJvcmRlcj0iMCIgdXNlbWFwPSIjTWFwMyIgLz4KPG1hcCBuYW1lPSJNYXAzIj4KPGFyZWEgc2hhcGU9InJlY3QiIGNvb3Jkcz0iNTM0LDU1OCw2NjYsNjk2IiBocmVmPSJodHRwczovL2l0ZW0ucmFrdXRlbi5jby5qcC9iZXN0OTkvMTQ2MDAyMDQvIj4KPGFyZWEgc2hhcGU9InJlY3QiIGNvb3Jkcz0iMzk5LDU1OSw1MzEsNjk4IiBocmVmPSJodHRwczovL2l0ZW0ucmFrdXRlbi5jby5qcC9iZXN0OTkvMTQ2MDAyMDMvIj4KPGFyZWEgc2hhcGU9InJlY3QiIGNvb3Jkcz0iMjY1LDU2MSwzOTYsNjk4IiBocmVmPSJodHRwczovL2l0ZW0ucmFrdXRlbi5jby5qcC9iZXN0OTkvMTQ2MDAyMDIvIj4KPGFyZWEgc2hhcGU9InJlY3QiIGNvb3Jkcz0iMTMzLDU2MiwyNjIsNjk1IiBocmVmPSJodHRwczovL2l0ZW0ucmFrdXRlbi5jby5qcC9iZXN0OTkvMTQ2MDAyMDEvIj4KPGFyZWEgc2hhcGU9InJlY3QiIGNvb3Jkcz0iMCw1NjIsMTI5LDY5NCIgaHJlZj0iaHR0cHM6Ly9pdGVtLnJha3V0ZW4uY28uanAvYmVzdDk5LzE0NjAwMjAwLyI+CjxhcmVhIHNoYXBlPSJyZWN0IiBjb29yZHM9IjEsNDA5LDEyOSw1NDYiIGhyZWY9Imh0dHBzOi8vaXRlbS5yYWt1dGVuLmNvLmpwL2Jlc3Q5OS8xNDYwMDE5MC8iPgo8YXJlYSBzaGFwZT0icmVjdCIgY29vcmRzPSIxMzMsNDExLDI2MSw1NDciIGhyZWY9Imh0dHBzOi8vaXRlbS5yYWt1dGVuLmNvLmpwL2Jlc3Q5OS8xNDYwMDE5MS8iPgo8YXJlYSBzaGFwZT0icmVjdCIgY29vcmRzPSIyNjQsNDEyLDM5OCw1NDYiIGhyZWY9Imh0dHBzOi8vaXRlbS5yYWt1dGVuLmNvLmpwL2Jlc3Q5OS8xNDYwMDE5Mi8iPgo8YXJlYSBzaGFwZT0icmVjdCIgY29vcmRzPSI0MDAsNDExLDUzMiw1NDgiIGhyZWY9Imh0dHBzOi8vaXRlbS5yYWt1dGVuLmNvLmpwL2Jlc3Q5OS8xNDYwMDE5My8iPgo8YXJlYSBzaGFwZT0icmVjdCIgY29vcmRzPSI1MzUsNDEwLDY2Nyw1NDYiIGhyZWY9Imh0dHBzOi8vaXRlbS5yYWt1dGVuLmNvLmpwL2Jlc3Q5OS8xNDYwMDE5NC8iPgo8YXJlYSBzaGFwZT0icmVjdCIgY29vcmRzPSI1MzQsMjYzLDY3MCwzOTkiIGhyZWY9Imh0dHBzOi8vaXRlbS5yYWt1dGVuLmNvLmpwL2Jlc3Q5OS8xNDYwMDE5OS8iPgo8YXJlYSBzaGFwZT0icmVjdCIgY29vcmRzPSIzOTcsMjY0LDUzMywzOTkiIGhyZWY9Imh0dHBzOi8vaXRlbS5yYWt1dGVuLmNvLmpwL2Jlc3Q5OS8xNDYwMDE5OC8iPgo8YXJlYSBzaGFwZT0icmVjdCIgY29vcmRzPSIyNjYsMjY2LDM5NywzOTgiIGhyZWY9Imh0dHBzOi8vaXRlbS5yYWt1dGVuLmNvLmpwL2Jlc3Q5OS8xNDYwMDE5Ny8iPgo8YXJlYSBzaGFwZT0icmVjdCIgY29vcmRzPSIxMzQsMjY3LDI2NCwzOTkiIGhyZWY9Imh0dHBzOi8vaXRlbS5yYWt1dGVuLmNvLmpwL2Jlc3Q5OS8xNDYwMDE5Ni8iPgo8YXJlYSBzaGFwZT0icmVjdCIgY29vcmRzPSItMSwyNjYsMTMyLDM5NiIgaHJlZj0iaHR0cHM6Ly9pdGVtLnJha3V0ZW4uY28uanAvYmVzdDk5LzE0NjAwMTk1LyI+CjxhcmVhIHNoYXBlPSJyZWN0IiBjb29yZHM9IjEsMTE1LDEyOSwyNDgiIGhyZWY9Imh0dHBzOi8vaXRlbS5yYWt1dGVuLmNvLmpwL2Jlc3Q5OS8xNDYwMDE4NS8iPgo8YXJlYSBzaGFwZT0icmVjdCIgY29vcmRzPSIxMjksMTE2LDI2MywyNDgiIGhyZWY9Imh0dHBzOi8vaXRlbS5yYWt1dGVuLmNvLmpwL2Jlc3Q5OS8xNDYwMDE4Ni8iPgo8YXJlYSBzaGFwZT0icmVjdCIgY29vcmRzPSIyNjQsMTE1LDM5OCwyNDYiIGhyZWY9Imh0dHBzOi8vaXRlbS5yYWt1dGVuLmNvLmpwL2Jlc3Q5OS8xNDYwMDE4Ny8iPgo8YXJlYSBzaGFwZT0icmVjdCIgY29vcmRzPSIzOTksMTE3LDUzMywyNTAiIGhyZWY9Imh0dHBzOi8vaXRlbS5yYWt1dGVuLmNvLmpwL2Jlc3Q5OS8xNDYwMDE4OC8iPgo8YXJlYSBzaGFwZT0icmVjdCIgY29vcmRzPSI1MzMsMTE0LDY2OSwyNDkiIGhyZWY9Imh0dHBzOi8vaXRlbS5yYWt1dGVuLmNvLmpwL2Jlc3Q5OS8xNDYwMDE4OS8iPgo8L21hcD4KPGJyIC8+CjxpbWcgc3JjPSJodHRwczovL2ltYWdlLnJha3V0ZW4uY28uanAvYmVzdDk5L2NhYmluZXQvdGJtMy9zaW9wX2wuanBnIiBib3JkZXI9IjAiIHVzZW1hcD0iI01hcDQiIC8+CjxtYXAgbmFtZT0iTWFwNCI+CjxhcmVhIHNoYXBlPSJyZWN0IiBjb29yZHM9IjUzNiwyMzksNjY4LDM3NyIgaHJlZj0iaHR0cHM6Ly9pdGVtLnJha3V0ZW4uY28uanAvYmVzdDk5LzE0NjAwMjE0LyI+CjxhcmVhIHNoYXBlPSJyZWN0IiBjb29yZHM9IjQwMiwyMzksNTM0LDM3OCIgaHJlZj0iaHR0cHM6Ly9pdGVtLnJha3V0ZW4uY28uanAvYmVzdDk5LzE0NjAwMjEzLyI+CjxhcmVhIHNoYXBlPSJyZWN0IiBjb29yZHM9IjI2OCwyNDEsMzk5LDM3OCIgaHJlZj0iaHR0cHM6Ly9pdGVtLnJha3V0ZW4uY28uanAvYmVzdDk5LzE0NjAwMjEyLyI+CjxhcmVhIHNoYXBlPSJyZWN0IiBjb29yZHM9IjEzNiwyNDIsMjY1LDM3NSIgaHJlZj0iaHR0cHM6Ly9pdGVtLnJha3V0ZW4uY28uanAvYmVzdDk5LzE0NjAwMjExLyI+CjxhcmVhIHNoYXBlPSJyZWN0IiBjb29yZHM9IjMsMjQyLDEzMiwzNzQiIGhyZWY9Imh0dHBzOi8vaXRlbS5yYWt1dGVuLmNvLmpwL2Jlc3Q5OS8xNDYwMDIxMC8iPgo8YXJlYSBzaGFwZT0icmVjdCIgY29vcmRzPSI0LDg5LDEzMiwyMjYiIGhyZWY9Imh0dHBzOi8vaXRlbS5yYWt1dGVuLmNvLmpwL2Jlc3Q5OS8xNDYwMDIwNS8iPgo8YXJlYSBzaGFwZT0icmVjdCIgY29vcmRzPSIxMzYsOTEsMjY0LDIyNyIgaHJlZj0iaHR0cHM6Ly9pdGVtLnJha3V0ZW4uY28uanAvYmVzdDk5LzE0NjAwMjA2LyI+CjxhcmVhIHNoYXBlPSJyZWN0IiBjb29yZHM9IjI2Nyw5Miw0MDEsMjI2IiBocmVmPSJodHRwczovL2l0ZW0ucmFrdXRlbi5jby5qcC9iZXN0OTkvMTQ2MDAyMDcvIj4KPGFyZWEgc2hhcGU9InJlY3QiIGNvb3Jkcz0iNDAzLDkxLDUzNSwyMjgiIGhyZWY9Imh0dHBzOi8vaXRlbS5yYWt1dGVuLmNvLmpwL2Jlc3Q5OS8xNDYwMDIwOC8iPgo8YXJlYSBzaGFwZT0icmVjdCIgY29vcmRzPSI1MzgsOTAsNjcwLDIyNiIgaHJlZj0iaHR0cHM6Ly9pdGVtLnJha3V0ZW4uY28uanAvYmVzdDk5LzE0NjAwMjA5LyI+CjxhcmVhIHNoYXBlPSJyZWN0IiBjb29yZHM9IjEsNDgxLDE2Niw2NDQiIGhyZWY9Imh0dHBzOi8vaXRlbS5yYWt1dGVuLmNvLmpwL2Jlc3Q5OS8xNDYwMDIxNS8iPgo8YXJlYSBzaGFwZT0icmVjdCIgY29vcmRzPSIxNjgsNDgzLDMzMiw2NDQiIGhyZWY9Imh0dHBzOi8vaXRlbS5yYWt1dGVuLmNvLmpwL2Jlc3Q5OS8xNDYwMDIxNi8iPgo8YXJlYSBzaGFwZT0icmVjdCIgY29vcmRzPSIzMzUsNDgzLDQ5OSw2NDMiIGhyZWY9Imh0dHBzOi8vaXRlbS5yYWt1dGVuLmNvLmpwL2Jlc3Q5OS8xNDYwMDIxNy8iPgo8YXJlYSBzaGFwZT0icmVjdCIgY29vcmRzPSI1MDIsNDg2LDY2OSw2NDMiIGhyZWY9Imh0dHBzOi8vaXRlbS5yYWt1dGVuLmNvLmpwL2Jlc3Q5OS8xNDYwMDIxOC8iPgo8YXJlYSBzaGFwZT0icmVjdCIgY29vcmRzPSIyLDcxMCwxNjgsODczIiBocmVmPSJodHRwczovL2l0ZW0ucmFrdXRlbi5jby5qcC9iZXN0OTkvMTQ2MDAyMTkvIj4KPGFyZWEgc2hhcGU9InJlY3QiIGNvb3Jkcz0iMTcxLDcxMCwzMzIsODc0IiBocmVmPSJodHRwczovL2l0ZW0ucmFrdXRlbi5jby5qcC9iZXN0OTkvMTQ2MDAyMjAvIj4KPGFyZWEgc2hhcGU9InJlY3QiIGNvb3Jkcz0iMzM0LDcxMSw0OTksODczIiBocmVmPSJodHRwczovL2l0ZW0ucmFrdXRlbi5jby5qcC9iZXN0OTkvMTQ2MDAyMjEvIj4KPGFyZWEgc2hhcGU9InJlY3QiIGNvb3Jkcz0iMiw5MzUsMTY3LDExMDEiIGhyZWY9Imh0dHBzOi8vaXRlbS5yYWt1dGVuLmNvLmpwL2Jlc3Q5OS8xNDYwMDIyMi8iPgo8YXJlYSBzaGFwZT0icmVjdCIgY29vcmRzPSIxNjcsOTM0LDMzMSwxMTE5IiBocmVmPSJodHRwczovL2l0ZW0ucmFrdXRlbi5jby5qcC9iZXN0OTkvMTQ2MDAyMjMvIj4KPC9tYXA+PHRhYmxlIHdpZHRoPSIxMDAlIiBib3JkZXI9IjAiIGNlbGxzcGFjaW5nPSIxIiBjZWxscGFkZGluZz0iOCIgY2xhc3M9ImlfaW5mbyI+Cjx0cj4KPHRkIGNvbHNwYW49IjIiIGNsYXNzPSJpX2luZm9fdCI+CjxiPjxmb250IGNvbG9yPSIzMzMiPqWkpfOl1aWppeGpYKW3peel8z/XotLiysLtlzwvZm9udD48L2I+CjwvdGQ+CjwvdHI+Cjx0aD7LzcHPpMukxKSkpMY8L3RoPgo8dGQgY2xhc3M9ImlhdHRuc29yeW8iIGJnY29sb3I9IiNGRkZGRkYiPsvNwc+fb8HPPC90ZD4KPC90cj4KPHRoPptRnGe3vbeopMukxKSkpMY8L3RoPgo8dGQgYmdjb2xvcj0iI0ZGRkZGRiIgY2xhc3M9ImlhdHRucGV5Ij6h+bG+yczGt6TPtPrS/bK7v8nJzMa3pMekuaGjobi0+tL9obnS1M3ipM6kqtankkKkpKTypKrfeKTTz8KktaSkoaM8YnI+CjxpbWcgc3JjPSJodHRwczovL2ltYWdlLnJha3V0ZW4uY28uanAvYmVzdDk5L2NhYmluZXQvY2FtL2RpYmlraS5naWYiIGFsdD0itPq98NL9k1Gyu7/JyczGtyIgYm9yZGVyPSIwIiA+PGJyPgrNqLOjm1GcZ6OopKrZSaSkzu+lrKWkpcmhuKSq1qeSQqSkt723qKTLpMSkpKTGobmk8qS0tF/VSqSvpMCktaSkoaM8L3RkPgo8L3RyPgo8dGg+xeQgy808L3RoPgo8dGQgY2xhc3M9ImlhdHRuZGVsaSIgYmdjb2xvcj0iI0ZGRkZGRiI+CjxwIHN0eWxlPSJmb250LXNpemU6IDEycHg7IGNvbG9yOiNDQzAwMDA7Ij6h+aSqveyksZVy6WeOoaTO1ri2qKSspKrK3KSxpMekraTepLuk86GjPGJyPgqh+cnMxrekzqSqveyksaTepMe8czLfTOlnpPKkpKS/pMCkraTepLmhozxicj4KofmxvsnMxrekz8jV6tc/16PI1aTOpKq97KSxpKykx6StpN6ku6TzoaOkoqTppKukuKThpLTBy7PQz8KktaSkoaM8YnI+CqH5m1+/ST/reI11pNikzqSqveyksaTLpM+EZc2+y83Bz6Ty7ZSkraTepLmhozwvcD48L3RkPgo8L3RyPgo8L3RhYmxlPgoKPHRhYmxlIHdpZHRoPSIxMDAlIiBib3JkZXI9IjAiIGNlbGxzcGFjaW5nPSIxIiBjZWxscGFkZGluZz0iOCIgY2xhc3M9Imlfc3BlYyI+PHRyPjx0ZCBjb2xzcGFuPSIyIiBiZ2NvbG9yPSIjRjNGM0YzIj4KPGI+PGZvbnQgY29sb3I9IjMzMyI+1JS8mj+luaXapcOlrzwvZm9udD48L2I+PC90ZD48L3RyPgo8dHI+Cjx0aD7JzMa31WjD9zwvdGg+Cjx0ZCBjbGFzcz0iaWV4cGxhbmF0aW9uIiBiZ2NvbG9yPSIjRkZGRkZGIj4Koe+lsaWipeylw6XIpdWlqaXrpcYysbPJz6SyMaXiqWClv6lgpdmlw6XJpbulw6XIW4xtuLY/pd6lw6XIpeyluZ9vpLddPGJyPgqh+bG+yczGt6TPoaKhuLfH1W7LsKG5yczGt6THpLmkrKGipbeluaXGpeDJz6G4y7DeeqG5vfDufqSsoaKkqtankkK98O5+pMikyqTqpN6kuaGjCjwvdGQ+CjwvdHI+Cgo8dHI+Cjx0aD6ltaWkpbo8L3RoPgo8dGQgY2xhc3M9ImlzaXplIiBiZ2NvbG9yPSIjRkZGRkZGIj4KP6XZpcOlyTxicj4KpdypYKXJt/mjujEwMi4wLzEwNS4wY208YnI+CqXcqWClybjfo7o3NC4wo680Ni4wY208YnI+CulMpLU6MjE5LjVjbTxicj4KtLLD5rjfo7oyNC4wo68zMC41o68zNy4wY20go6il3qXDpcil7KW5pPK6rKTepMqkpKOpPGJyPgo8L3RkPgo8L3RyPgoKPHRyPgo8dGg+ssQg2Xw8L3RoPgo8dGQgY2xhc3M9ImltYXRlcmlhbCIgYmdjb2xvcj0iI0ZGRkZGRiI+Cj+l2aXDpck8YnI+CqXZqWCluaXVpeypYKXgsr86pbmlwalgpes8YnI+CsS+sr86TURGoaLM7Mi7xL7Nu7DloaJQVYlU17A8YnI+CjwvdGQ+CjwvdHI+Cgo8dHI+Cjx0aD7W2CDBvzwvdGg+Cjx0ZCBjbGFzcz0iaWt1bWl0YXRlIiBiZ2NvbG9yPSIjRkZGRkZGIj4Kpdmlw6XJo7o3OC41a2c8YnI+CjwvdGQ+CjwvdHI+Cgo8dHI+Cjx0aD60ssPm0M7XtDwvdGg+Cjx0ZCBjbGFzcz0iaWNvdW50cnkiIGJnY29sb3I9IiNGRkZGRkYiPgqxs8nPpLK9x7bIo6gwoeOhqzcwoeOjqTxicj4Kz6XJz6Syvce2yKOoMKHjoasyMqHjo6k8YnI+CqXYpcOlyaXspbmlyL3HtsgoMKHjoasyN6HjKQo8L3RkPgo8L3RyPgoKPHRyPgo8dGg+64og1LQ8L3RoPgo8dGQgY2xhc3M9Imljb3VudHJ5IiBiZ2NvbG9yPSIjRkZGRkZGIj4KMTAwVqOoNTAvNjBIeqOpCjwvdGQ+CjwvdHI+Cgo8dHI+Cjx0aD7J+q5iufo8L3RoPgo8dGQgY2xhc3M9Imljb3VudHJ5IiBiZ2NvbG9yPSIjRkZGRkZGIj4Ksb7M5aO61tC5+jxicj4KxL6yv6O6pdmlyKXKpeA8YnI+CjwvdGQ+CjwvdHI+Cgo8dHI+Cjx0aD6l4qlgpb+pYLK/PC90aD4KPHRkIGNsYXNzPSJpY291bnRyeSIgYmdjb2xvcj0iI0ZGRkZGRiI+CkxJTU9TU8nn0XUKPC90ZD4KPC90cj4KCjx0cj4KPHRoPpd5ILD8PC90aD4KPHRkIGNsYXNzPSJpY291bnRyeSIgYmdjb2xvcj0iI0ZGRkZGRiI+CjSXebD8CjwvdGQ+CjwvdHI+Cgo8dHI+Cjx0aD7X7rTzyrnTw9XfzOXW2DwvdGg+Cjx0ZCBjbGFzcz0iaWNvdW50cnkiIGJnY29sb3I9IiNGRkZGRkYiPgoxMjBrZ6OvsLLIq8q508O6ydbYo7oxNzAwTgo8L3RkPgo8L3RyPgoKPHRyPgo8dGg+pL2kzsv7PC90aD4KPHRkIGNsYXNzPSJpYXR0bnR4dCIgYmdjb2xvcj0iI0ZGRkZGRiI+CoG7vXm8vLeoobjKuNlOpOq807mkobmho8S+xL+k8rvupKukt6S/oaK6zaTI0fOkrMjaus+kt6S/w8Ckt6SkpceltqWkpfOhozxicj4KxL7Ev6TyyrikzqTopKaky9KKpLuk66Gigbu9ebXEpMrEvrmkvLy3qKG4yrjZTqTqobmk8qXcqWClyaTOpceltqWkpfOky5Lx08Okt6TepLekv6GjPGJyPgrSu8yo0rvMqKTOxL6kzrHtx+mkzt9gpKSk5KGi0oqk673HtsihornipM61saS/pOq3vaTLpOik68mrpM6d4rWtpMuhoqXZpcOlyaTOgoDQ1KTyuNCkuKTrpLOkyKSspMekraTrpMekt6TnpKahozxicj4KP7Gzyc+ksjGl4qlgpb+pYKXZpcOlyTxicj4Kpe+lpKXkqWCkzs3R18Wky6TopOqhorGzyc+ksoVntsCkq7Gzz6XfQoTTpeqlr6XppaSly6XzpbCky8fQpOrM5qSopOmk7KTepLmho6OosbPJz6SyNzCh4yCxs8+l30KE0zcwoeMvMjKh46OpPGJyPgqh+c+lhWe2wKTHpM6l6qWvpemlpKXLpfOlsKTPpMekraTepLuk86GjPGJyPgo8L3RkPgo8L3RyPgo8L3RhYmxlPjxzdHlsZSB0eXBlPSJ0ZXh0L2NzcyI+CkBjaGFyc2V0ICJ1dGYtOCI7Ci8qIENTUyBEb2N1bWVudCAqLwoKPC9zdHlsZT4KCgoKPGJyPjxicj4KPGltZyBzcmM9Imh0dHA6Ly9pbWFnZS5yYWt1dGVuLmNvLmpwL2Jlc3Q5OS9jYWJpbmV0LzAzOTQyMDgwL2JlZF9tZWluLmpwZyIgd2lkdGg9Ijg0MCIgLz4KCgoKCjwvaHRtbD4=,pbGloqXspcOlyKXVpaml66XGMiCxs8nPpLIxpeKpYKW/qWCl2aXDpcmlu6XDpcgojG24tj+l3qXDpcil7KW5n2+ktykg64qE0yCl2aXDpckgjG24tqW/paSl1yCl6qWvpemlpKXLpfOlsKXZpcOlySC96ddvpdmlw6XJINK9r5+l2aXDpckgpbel86Wwpeul2aXDpckgpdel6aXDpcQgUExBVFogcGxhdHMgvU3Boulfl3nUT9bDn2/BzyBby83Bz59vwc9do7pCOTk=,pbGloqXspcOlyKXVpaml66XGMiCxs8nPpLIxpeKpYKW/qWCl2aXDpcmlu6XDpcgojG24tj+l3qXDpcil7KW5n2+ktykg64qE0yCl2aXDpckgjG24tqW/paSl1yCl6qWvpemlpKXLpfOlsKXZpcOlySC96ddvpdmlw6XJINK9r5+l2aXDpckgpbel86Wwpeul2aXDpckgpdel6aXDpcQgUExBVFogcGxhdHMgvU3Boulfl3nUT9bDn2/BzyBby83Bz59vwc9d,ob69TcGi6V+XedRP1sOfb8HPob8gpbGloqXspcOlyKXVpaml66XGMiDrioTTpdmlw6XJoaOlsaWipeylw6XIpdWlqaXrpcYyILGzyc+ksjGl4qlgpb+pYKXZpcOlyaW7pcOlyCiMbbi2P6XepcOlyKXspbmfb6S3KSDrioTTIKXZpcOlySCMbbi2pb+lpKXXIKXqpa+l6aWkpcul86Wwpdmlw6XJIL3p12+l2aXDpckg0r2vn6XZpcOlySClt6XzpbCl66XZpcOlySCl16XppcOlxCBQTEFUWiBwbGF0cyC9TcGi6V+XedRP1sOfb8HPIFvLzcHPn2/Bz10=[rn]
40-32982,aHR0cDovL3RzaG9wLnIxMHMuanAvYmVzdDk5L2NhYmluZXQvdGJtMy8xNDYwMDE3Ni5qcGc/Zml0aW49NzAwOjcwMA==,OTU4NDAuMDAwMA==,,paSl86XGpeqloj/H3r7fP4WnvHsgPiCl2aXDpckgPiDrioTTP6Xqpa+l6aWkpcul86Wwpdmlw6XJ,pbGloqXspcOlyKXVpaml66XGMiCxs8nPpLIxpeKpYKW/qWCl2aXDpcmlu6XDpcgojG24tj+lqKXrpcCpYKW1pd2pYKXIpe+lpKXJpd6lw6XIpeyluSkg64qE0yCl2aXDpckgjG24tqW/paSl1yDrioTTIKXZpcOlySul3qXDpcil7KW5pbulw6XIIKXqpa+l6aWkpcul86Wwpdmlw6XJIL3p12+l2aXDpckg0r2vn6XZpcOlySClt6XzpbCl66XZpcOlySCl16XppcOlxCBQTEFUWiBwbGF0cyC9TcGi6V+XedRP1sOfb8HPIFvLzcHPn2/Bz10=,ob69TcGi6V+XedRP1sOfb8HPob8gpbGloqXspcOlyKXVpaml66XGMiDrioTTpdmlw6XJ,PGltZyBzcmM9Imh0dHBzOi8vaW1hZ2UucmFrdXRlbi5jby5qcC9iZXN0OTkvY2FiaW5ldC90Ym0zLzE0NjAwMTc2LmpwZyIgLz48YnIgLz4KPGltZyBzcmM9Imh0dHBzOi8vaW1hZ2UucmFrdXRlbi5jby5qcC9iZXN0OTkvY2FiaW5ldC90Ym0zLzE0NjAwMTc2XzEuanBnIiAvPjxiciAvPgo8aW1nIHNyYz0iaHR0cHM6Ly9pbWFnZS5yYWt1dGVuLmNvLmpwL2Jlc3Q5OS9jYWJpbmV0L3RibTMvMTQ2MDAxNzZfMi5qcGciIC8+PGJyIC8+CjxpbWcgc3JjPSJodHRwczovL2ltYWdlLnJha3V0ZW4uY28uanAvYmVzdDk5L2NhYmluZXQvdGJtMy8xNDYwMDE3Nl8zLmpwZyIgLz48YnIgLz4KPGltZyBzcmM9Imh0dHBzOi8vaW1hZ2UucmFrdXRlbi5jby5qcC9iZXN0OTkvY2FiaW5ldC90Ym0zLzE0NjAwMTc2XzQuanBnIiAvPjxiciAvPgo8aW1nIHNyYz0iaHR0cHM6Ly9pbWFnZS5yYWt1dGVuLmNvLmpwL2Jlc3Q5OS9jYWJpbmV0L3RibTMvMTQ2MDAxNzZfNS5qcGciIC8+PGJyIC8+CjxpbWcgc3JjPSJodHRwczovL2ltYWdlLnJha3V0ZW4uY28uanAvYmVzdDk5L2NhYmluZXQvdGJtMy8xNDYwMDE3Nl82LmpwZyIgLz48YnIgLz4KPGltZyBzcmM9Imh0dHBzOi8vaW1hZ2UucmFrdXRlbi5jby5qcC9iZXN0OTkvY2FiaW5ldC90Ym0zLzE0NjAwMTc2XzcuanBnIiAvPjxiciAvPgo8aW1nIHNyYz0iaHR0cHM6Ly9pbWFnZS5yYWt1dGVuLmNvLmpwL2Jlc3Q5OS9jYWJpbmV0L3RibTMvMTQ2MDAxNzZfOC5qcGciIC8+PGJyIC8+CjxpbWcgc3JjPSJodHRwczovL2ltYWdlLnJha3V0ZW4uY28uanAvYmVzdDk5L2NhYmluZXQvdGJtMy8xNDYwMDE3Nl85LmpwZyIgLz48YnIgLz4KPGltZyBzcmM9Imh0dHBzOi8vaW1hZ2UucmFrdXRlbi5jby5qcC9iZXN0OTkvY2FiaW5ldC90Ym0zLzE0NjAwMTc2XzEwLmpwZyIgLz48YnIgLz4KPGltZyBzcmM9Imh0dHBzOi8vaW1hZ2UucmFrdXRlbi5jby5qcC9iZXN0OTkvY2FiaW5ldC9oNy9xYTEuanBnIiAvPjxicj4KPGltZyBzcmM9Imh0dHBzOi8vaW1hZ2UucmFrdXRlbi5jby5qcC9iZXN0OTkvY2FiaW5ldC9oNy9xYTIuanBnIiAvPjxicj4KPGltZyBzcmM9Imh0dHBzOi8vaW1hZ2UucmFrdXRlbi5jby5qcC9iZXN0OTkvY2FiaW5ldC9oNy9xYTMuanBnIiAvPjxicj4KPGltZyBzcmM9Imh0dHBzOi8vaW1hZ2UucmFrdXRlbi5jby5qcC9iZXN0OTkvY2FiaW5ldC9oNy9ucC5qcGciIC8+PGJyPgo8cCBzdHlsZT0iY29sb3I6cmVkOyI+PGZvbnQgc2l6ZT0iNCI+ofmxvsnMxrekz6Giobi3x9Vuy7ChucnMxrekx6S5pKyhoqW3pbmlxqXgyc+huMuw3nqhub3w7n6krKGipKrWp5JCvfDufqTIpMqk6qTepLk8YnIgLz4KofmxvsnMxrekz7T60v2yu7/JyczGt6THpLmho6G4tPrS/aG50tTN4qTOpKrWp5JCpKSk8qSq33ik08/CpLWkpKGjPGJyIC8+CqH5sb7JzMa3pM/I1erXP9ejyNWkzqSqveyksaSspMekraTepLuk86GjpKKk6aSrpLik4aS0wcuz0M/CpLWkpKGjPC9mb250PjwvcD48YnI+PGJyPgo8aW1nIHNyYz0iaHR0cHM6Ly9pbWFnZS5yYWt1dGVuLmNvLmpwL2Jlc3Q5OS9jYWJpbmV0L3RibTMvZG9fbC5qcGciIGJvcmRlcj0iMCIgdXNlbWFwPSIjTWFwIiAvPgo8bWFwIG5hbWU9Ik1hcCI+CjxhcmVhIHNoYXBlPSJyZWN0IiBjb29yZHM9IjMsMTM4LDEzMSwyNzEiIGhyZWY9Imh0dHBzOi8vaXRlbS5yYWt1dGVuLmNvLmpwL2Jlc3Q5OS8xNDYwMDE0NS8iPgo8YXJlYSBzaGFwZT0icmVjdCIgY29vcmRzPSIxMzEsMTM5LDI2NSwyNzEiIGhyZWY9Imh0dHBzOi8vaXRlbS5yYWt1dGVuLmNvLmpwL2Jlc3Q5OS8xNDYwMDE0Ni8iPgo8YXJlYSBzaGFwZT0icmVjdCIgY29vcmRzPSIyNjcsMTM4LDQwMSwyNjkiIGhyZWY9Imh0dHBzOi8vaXRlbS5yYWt1dGVuLmNvLmpwL2Jlc3Q5OS8xNDYwMDE0Ny8iPgo8YXJlYSBzaGFwZT0icmVjdCIgY29vcmRzPSI0MDEsMTQwLDUzNSwyNzMiIGhyZWY9Imh0dHBzOi8vaXRlbS5yYWt1dGVuLmNvLmpwL2Jlc3Q5OS8xNDYwMDE0OC8iPgo8YXJlYSBzaGFwZT0icmVjdCIgY29vcmRzPSI1MzUsMTM3LDY3MSwyNzIiIGhyZWY9Imh0dHBzOi8vaXRlbS5yYWt1dGVuLmNvLmpwL2Jlc3Q5OS8xNDYwMDE0OS8iPgo8YXJlYSBzaGFwZT0icmVjdCIgY29vcmRzPSIyLDI4OSwxMzUsNDE5IiBocmVmPSJodHRwczovL2l0ZW0ucmFrdXRlbi5jby5qcC9iZXN0OTkvMTQ2MDAxNTUvIj4KPGFyZWEgc2hhcGU9InJlY3QiIGNvb3Jkcz0iMTM3LDI5MCwyNjcsNDIyIiBocmVmPSJodHRwczovL2l0ZW0ucmFrdXRlbi5jby5qcC9iZXN0OTkvMTQ2MDAxNTYvIj4KPGFyZWEgc2hhcGU9InJlY3QiIGNvb3Jkcz0iMjY4LDI4OSwzOTksNDIxIiBocmVmPSJodHRwczovL2l0ZW0ucmFrdXRlbi5jby5qcC9iZXN0OTkvMTQ2MDAxNTcvIj4KPGFyZWEgc2hhcGU9InJlY3QiIGNvb3Jkcz0iMzk5LDI4Nyw1MzUsNDIyIiBocmVmPSJodHRwczovL2l0ZW0ucmFrdXRlbi5jby5qcC9iZXN0OTkvMTQ2MDAxNTgvIj4KPGFyZWEgc2hhcGU9InJlY3QiIGNvb3Jkcz0iNTM4LDI4Niw2NzQsNDIyIiBocmVmPSJodHRwczovL2l0ZW0ucmFrdXRlbi5jby5qcC9iZXN0OTkvMTQ2MDAxNTkvIj4KPGFyZWEgc2hhcGU9InJlY3QiIGNvb3Jkcz0iMyw0MzIsMTMxLDU2OSIgaHJlZj0iaHR0cHM6Ly9pdGVtLnJha3V0ZW4uY28uanAvYmVzdDk5LzE0NjAwMTUwLyI+CjxhcmVhIHNoYXBlPSJyZWN0IiBjb29yZHM9IjEzNSw0MzQsMjYzLDU3MCIgaHJlZj0iaHR0cHM6Ly9pdGVtLnJha3V0ZW4uY28uanAvYmVzdDk5LzE0NjAwMTUxLyI+CjxhcmVhIHNoYXBlPSJyZWN0IiBjb29yZHM9IjI2Niw0MzUsNDAwLDU2OSIgaHJlZj0iaHR0cHM6Ly9pdGVtLnJha3V0ZW4uY28uanAvYmVzdDk5LzE0NjAwMTUyLyI+CjxhcmVhIHNoYXBlPSJyZWN0IiBjb29yZHM9IjQwMiw0MzQsNTM0LDU3MSIgaHJlZj0iaHR0cHM6Ly9pdGVtLnJha3V0ZW4uY28uanAvYmVzdDk5LzE0NjAwMTUzLyI+CjxhcmVhIHNoYXBlPSJyZWN0IiBjb29yZHM9IjUzOCw0MzQsNjcwLDU3MCIgaHJlZj0iaHR0cHM6Ly9pdGVtLnJha3V0ZW4uY28uanAvYmVzdDk5LzE0NjAwMTU0LyI+CjxhcmVhIHNoYXBlPSJyZWN0IiBjb29yZHM9IjIsNTg1LDEzMSw3MTciIGhyZWY9Imh0dHBzOi8vaXRlbS5yYWt1dGVuLmNvLmpwL2Jlc3Q5OS8xNDYwMDE2MC8iPgo8YXJlYSBzaGFwZT0icmVjdCIgY29vcmRzPSIxMzUsNTg1LDI2NCw3MTgiIGhyZWY9Imh0dHBzOi8vaXRlbS5yYWt1dGVuLmNvLmpwL2Jlc3Q5OS8xNDYwMDE2MS8iPgo8YXJlYSBzaGFwZT0icmVjdCIgY29vcmRzPSIyNjcsNTg0LDM5OCw3MjEiIGhyZWY9Imh0dHBzOi8vaXRlbS5yYWt1dGVuLmNvLmpwL2Jlc3Q5OS8xNDYwMDE2Mi8iPgo8YXJlYSBzaGFwZT0icmVjdCIgY29vcmRzPSI0MDEsNTgyLDUzMyw3MjEiIGhyZWY9Imh0dHBzOi8vaXRlbS5yYWt1dGVuLmNvLmpwL2Jlc3Q5OS8xNDYwMDE2My8iPgo8YXJlYSBzaGFwZT0icmVjdCIgY29vcmRzPSI1MzUsNTgyLDY2Nyw3MjAiIGhyZWY9Imh0dHBzOi8vaXRlbS5yYWt1dGVuLmNvLmpwL2Jlc3Q5OS8xNDYwMDE2NC8iPgo8L21hcD4KPGJyPgo8aW1nIHNyYz0iaHR0cHM6Ly9pbWFnZS5yYWt1dGVuLmNvLmpwL2Jlc3Q5OS9jYWJpbmV0L3RibTMvZm9fbC5qcGciIGJvcmRlcj0iMCIgdXNlbWFwPSIjTWFwMiIgLz4KPG1hcCBuYW1lPSJNYXAyIj4KPGFyZWEgc2hhcGU9InJlY3QiIGNvb3Jkcz0iNTM1LDUzNiw2NjcsNjc0IiBocmVmPSJodHRwczovL2l0ZW0ucmFrdXRlbi5jby5qcC9iZXN0OTkvMTQ2MDAxODQvIj4KPGFyZWEgc2hhcGU9InJlY3QiIGNvb3Jkcz0iNDAxLDUzNiw1MzMsNjc1IiBocmVmPSJodHRwczovL2l0ZW0ucmFrdXRlbi5jby5qcC9iZXN0OTkvMTQ2MDAxODMvIj4KPGFyZWEgc2hhcGU9InJlY3QiIGNvb3Jkcz0iMjY3LDUzOCwzOTgsNjc1IiBocmVmPSJodHRwczovL2l0ZW0ucmFrdXRlbi5jby5qcC9iZXN0OTkvMTQ2MDAxODIvIj4KPGFyZWEgc2hhcGU9InJlY3QiIGNvb3Jkcz0iMTM1LDUzOSwyNjQsNjcyIiBocmVmPSJodHRwczovL2l0ZW0ucmFrdXRlbi5jby5qcC9iZXN0OTkvMTQ2MDAxODEvIj4KPGFyZWEgc2hhcGU9InJlY3QiIGNvb3Jkcz0iMiw1MzksMTMxLDY3MSIgaHJlZj0iaHR0cHM6Ly9pdGVtLnJha3V0ZW4uY28uanAvYmVzdDk5LzE0NjAwMTgwLyI+CjxhcmVhIHNoYXBlPSJyZWN0IiBjb29yZHM9IjMsMzg2LDEzMSw1MjMiIGhyZWY9Imh0dHBzOi8vaXRlbS5yYWt1dGVuLmNvLmpwL2Jlc3Q5OS8xNDYwMDE3MC8iPgo8YXJlYSBzaGFwZT0icmVjdCIgY29vcmRzPSIxMzUsMzg4LDI2Myw1MjQiIGhyZWY9Imh0dHBzOi8vaXRlbS5yYWt1dGVuLmNvLmpwL2Jlc3Q5OS8xNDYwMDE3MS8iPgo8YXJlYSBzaGFwZT0icmVjdCIgY29vcmRzPSIyNjYsMzg5LDQwMCw1MjMiIGhyZWY9Imh0dHBzOi8vaXRlbS5yYWt1dGVuLmNvLmpwL2Jlc3Q5OS8xNDYwMDE3Mi8iPgo8YXJlYSBzaGFwZT0icmVjdCIgY29vcmRzPSI0MDIsMzg4LDUzNCw1MjUiIGhyZWY9Imh0dHBzOi8vaXRlbS5yYWt1dGVuLmNvLmpwL2Jlc3Q5OS8xNDYwMDE3My8iPgo8YXJlYSBzaGFwZT0icmVjdCIgY29vcmRzPSI1MzcsMzg3LDY2OSw1MjMiIGhyZWY9Imh0dHBzOi8vaXRlbS5yYWt1dGVuLmNvLmpwL2Jlc3Q5OS8xNDYwMDE3NC8iPgo8YXJlYSBzaGFwZT0icmVjdCIgY29vcmRzPSI1MzYsMjQwLDY3MiwzNzYiIGhyZWY9Imh0dHBzOi8vaXRlbS5yYWt1dGVuLmNvLmpwL2Jlc3Q5OS8xNDYwMDE3OS8iPgo8YXJlYSBzaGFwZT0icmVjdCIgY29vcmRzPSIzOTksMjQxLDUzNSwzNzYiIGhyZWY9Imh0dHBzOi8vaXRlbS5yYWt1dGVuLmNvLmpwL2Jlc3Q5OS8xNDYwMDE3OC8iPgo8YXJlYSBzaGFwZT0icmVjdCIgY29vcmRzPSIyNjgsMjQzLDM5OSwzNzUiIGhyZWY9Imh0dHBzOi8vaXRlbS5yYWt1dGVuLmNvLmpwL2Jlc3Q5OS8xNDYwMDE3Ny8iPgo8YXJlYSBzaGFwZT0icmVjdCIgY29vcmRzPSIxMzYsMjQ0LDI2NiwzNzYiIGhyZWY9Imh0dHBzOi8vaXRlbS5yYWt1dGVuLmNvLmpwL2Jlc3Q5OS8xNDYwMDE3Ni8iPgo8YXJlYSBzaGFwZT0icmVjdCIgY29vcmRzPSIyLDI0MywxMzUsMzczIiBocmVmPSJodHRwczovL2l0ZW0ucmFrdXRlbi5jby5qcC9iZXN0OTkvMTQ2MDAxNzUvIj4KPGFyZWEgc2hhcGU9InJlY3QiIGNvb3Jkcz0iNCw5MywxMzIsMjI2IiBocmVmPSJodHRwczovL2l0ZW0ucmFrdXRlbi5jby5qcC9iZXN0OTkvMTQ2MDAxNjUvIj4KPGFyZWEgc2hhcGU9InJlY3QiIGNvb3Jkcz0iMTMxLDkzLDI2NSwyMjUiIGhyZWY9Imh0dHBzOi8vaXRlbS5yYWt1dGVuLmNvLmpwL2Jlc3Q5OS8xNDYwMDE2Ni8iPgo8YXJlYSBzaGFwZT0icmVjdCIgY29vcmRzPSIyNjYsOTIsNDAwLDIyMyIgaHJlZj0iaHR0cHM6Ly9pdGVtLnJha3V0ZW4uY28uanAvYmVzdDk5LzE0NjAwMTY3LyI+CjxhcmVhIHNoYXBlPSJyZWN0IiBjb29yZHM9IjQwMSw5NCw1MzUsMjI3IiBocmVmPSJodHRwczovL2l0ZW0ucmFrdXRlbi5jby5qcC9iZXN0OTkvMTQ2MDAxNjgvIj4KPGFyZWEgc2hhcGU9InJlY3QiIGNvb3Jkcz0iNTM2LDkyLDY3MiwyMjciIGhyZWY9Imh0dHBzOi8vaXRlbS5yYWt1dGVuLmNvLmpwL2Jlc3Q5OS8xNDYwMDE2OS8iPgo8L21hcD4KPGJyIC8+CjxpbWcgc3JjPSJodHRwczovL2ltYWdlLnJha3V0ZW4uY28uanAvYmVzdDk5L2NhYmluZXQvdGJtMy9uZW9fbC5qcGciIGJvcmRlcj0iMCIgdXNlbWFwPSIjTWFwMyIgLz4KPG1hcCBuYW1lPSJNYXAzIj4KPGFyZWEgc2hhcGU9InJlY3QiIGNvb3Jkcz0iNTM0LDU1OCw2NjYsNjk2IiBocmVmPSJodHRwczovL2l0ZW0ucmFrdXRlbi5jby5qcC9iZXN0OTkvMTQ2MDAyMDQvIj4KPGFyZWEgc2hhcGU9InJlY3QiIGNvb3Jkcz0iMzk5LDU1OSw1MzEsNjk4IiBocmVmPSJodHRwczovL2l0ZW0ucmFrdXRlbi5jby5qcC9iZXN0OTkvMTQ2MDAyMDMvIj4KPGFyZWEgc2hhcGU9InJlY3QiIGNvb3Jkcz0iMjY1LDU2MSwzOTYsNjk4IiBocmVmPSJodHRwczovL2l0ZW0ucmFrdXRlbi5jby5qcC9iZXN0OTkvMTQ2MDAyMDIvIj4KPGFyZWEgc2hhcGU9InJlY3QiIGNvb3Jkcz0iMTMzLDU2MiwyNjIsNjk1IiBocmVmPSJodHRwczovL2l0ZW0ucmFrdXRlbi5jby5qcC9iZXN0OTkvMTQ2MDAyMDEvIj4KPGFyZWEgc2hhcGU9InJlY3QiIGNvb3Jkcz0iMCw1NjIsMTI5LDY5NCIgaHJlZj0iaHR0cHM6Ly9pdGVtLnJha3V0ZW4uY28uanAvYmVzdDk5LzE0NjAwMjAwLyI+CjxhcmVhIHNoYXBlPSJyZWN0IiBjb29yZHM9IjEsNDA5LDEyOSw1NDYiIGhyZWY9Imh0dHBzOi8vaXRlbS5yYWt1dGVuLmNvLmpwL2Jlc3Q5OS8xNDYwMDE5MC8iPgo8YXJlYSBzaGFwZT0icmVjdCIgY29vcmRzPSIxMzMsNDExLDI2MSw1NDciIGhyZWY9Imh0dHBzOi8vaXRlbS5yYWt1dGVuLmNvLmpwL2Jlc3Q5OS8xNDYwMDE5MS8iPgo8YXJlYSBzaGFwZT0icmVjdCIgY29vcmRzPSIyNjQsNDEyLDM5OCw1NDYiIGhyZWY9Imh0dHBzOi8vaXRlbS5yYWt1dGVuLmNvLmpwL2Jlc3Q5OS8xNDYwMDE5Mi8iPgo8YXJlYSBzaGFwZT0icmVjdCIgY29vcmRzPSI0MDAsNDExLDUzMiw1NDgiIGhyZWY9Imh0dHBzOi8vaXRlbS5yYWt1dGVuLmNvLmpwL2Jlc3Q5OS8xNDYwMDE5My8iPgo8YXJlYSBzaGFwZT0icmVjdCIgY29vcmRzPSI1MzUsNDEwLDY2Nyw1NDYiIGhyZWY9Imh0dHBzOi8vaXRlbS5yYWt1dGVuLmNvLmpwL2Jlc3Q5OS8xNDYwMDE5NC8iPgo8YXJlYSBzaGFwZT0icmVjdCIgY29vcmRzPSI1MzQsMjYzLDY3MCwzOTkiIGhyZWY9Imh0dHBzOi8vaXRlbS5yYWt1dGVuLmNvLmpwL2Jlc3Q5OS8xNDYwMDE5OS8iPgo8YXJlYSBzaGFwZT0icmVjdCIgY29vcmRzPSIzOTcsMjY0LDUzMywzOTkiIGhyZWY9Imh0dHBzOi8vaXRlbS5yYWt1dGVuLmNvLmpwL2Jlc3Q5OS8xNDYwMDE5OC8iPgo8YXJlYSBzaGFwZT0icmVjdCIgY29vcmRzPSIyNjYsMjY2LDM5NywzOTgiIGhyZWY9Imh0dHBzOi8vaXRlbS5yYWt1dGVuLmNvLmpwL2Jlc3Q5OS8xNDYwMDE5Ny8iPgo8YXJlYSBzaGFwZT0icmVjdCIgY29vcmRzPSIxMzQsMjY3LDI2NCwzOTkiIGhyZWY9Imh0dHBzOi8vaXRlbS5yYWt1dGVuLmNvLmpwL2Jlc3Q5OS8xNDYwMDE5Ni8iPgo8YXJlYSBzaGFwZT0icmVjdCIgY29vcmRzPSItMSwyNjYsMTMyLDM5NiIgaHJlZj0iaHR0cHM6Ly9pdGVtLnJha3V0ZW4uY28uanAvYmVzdDk5LzE0NjAwMTk1LyI+CjxhcmVhIHNoYXBlPSJyZWN0IiBjb29yZHM9IjEsMTE1LDEyOSwyNDgiIGhyZWY9Imh0dHBzOi8vaXRlbS5yYWt1dGVuLmNvLmpwL2Jlc3Q5OS8xNDYwMDE4NS8iPgo8YXJlYSBzaGFwZT0icmVjdCIgY29vcmRzPSIxMjksMTE2LDI2MywyNDgiIGhyZWY9Imh0dHBzOi8vaXRlbS5yYWt1dGVuLmNvLmpwL2Jlc3Q5OS8xNDYwMDE4Ni8iPgo8YXJlYSBzaGFwZT0icmVjdCIgY29vcmRzPSIyNjQsMTE1LDM5OCwyNDYiIGhyZWY9Imh0dHBzOi8vaXRlbS5yYWt1dGVuLmNvLmpwL2Jlc3Q5OS8xNDYwMDE4Ny8iPgo8YXJlYSBzaGFwZT0icmVjdCIgY29vcmRzPSIzOTksMTE3LDUzMywyNTAiIGhyZWY9Imh0dHBzOi8vaXRlbS5yYWt1dGVuLmNvLmpwL2Jlc3Q5OS8xNDYwMDE4OC8iPgo8YXJlYSBzaGFwZT0icmVjdCIgY29vcmRzPSI1MzMsMTE0LDY2OSwyNDkiIGhyZWY9Imh0dHBzOi8vaXRlbS5yYWt1dGVuLmNvLmpwL2Jlc3Q5OS8xNDYwMDE4OS8iPgo8L21hcD4KPGJyIC8+CjxpbWcgc3JjPSJodHRwczovL2ltYWdlLnJha3V0ZW4uY28uanAvYmVzdDk5L2NhYmluZXQvdGJtMy9zaW9wX2wuanBnIiBib3JkZXI9IjAiIHVzZW1hcD0iI01hcDQiIC8+CjxtYXAgbmFtZT0iTWFwNCI+CjxhcmVhIHNoYXBlPSJyZWN0IiBjb29yZHM9IjUzNiwyMzksNjY4LDM3NyIgaHJlZj0iaHR0cHM6Ly9pdGVtLnJha3V0ZW4uY28uanAvYmVzdDk5LzE0NjAwMjE0LyI+CjxhcmVhIHNoYXBlPSJyZWN0IiBjb29yZHM9IjQwMiwyMzksNTM0LDM3OCIgaHJlZj0iaHR0cHM6Ly9pdGVtLnJha3V0ZW4uY28uanAvYmVzdDk5LzE0NjAwMjEzLyI+CjxhcmVhIHNoYXBlPSJyZWN0IiBjb29yZHM9IjI2OCwyNDEsMzk5LDM3OCIgaHJlZj0iaHR0cHM6Ly9pdGVtLnJha3V0ZW4uY28uanAvYmVzdDk5LzE0NjAwMjEyLyI+CjxhcmVhIHNoYXBlPSJyZWN0IiBjb29yZHM9IjEzNiwyNDIsMjY1LDM3NSIgaHJlZj0iaHR0cHM6Ly9pdGVtLnJha3V0ZW4uY28uanAvYmVzdDk5LzE0NjAwMjExLyI+CjxhcmVhIHNoYXBlPSJyZWN0IiBjb29yZHM9IjMsMjQyLDEzMiwzNzQiIGhyZWY9Imh0dHBzOi8vaXRlbS5yYWt1dGVuLmNvLmpwL2Jlc3Q5OS8xNDYwMDIxMC8iPgo8YXJlYSBzaGFwZT0icmVjdCIgY29vcmRzPSI0LDg5LDEzMiwyMjYiIGhyZWY9Imh0dHBzOi8vaXRlbS5yYWt1dGVuLmNvLmpwL2Jlc3Q5OS8xNDYwMDIwNS8iPgo8YXJlYSBzaGFwZT0icmVjdCIgY29vcmRzPSIxMzYsOTEsMjY0LDIyNyIgaHJlZj0iaHR0cHM6Ly9pdGVtLnJha3V0ZW4uY28uanAvYmVzdDk5LzE0NjAwMjA2LyI+CjxhcmVhIHNoYXBlPSJyZWN0IiBjb29yZHM9IjI2Nyw5Miw0MDEsMjI2IiBocmVmPSJodHRwczovL2l0ZW0ucmFrdXRlbi5jby5qcC9iZXN0OTkvMTQ2MDAyMDcvIj4KPGFyZWEgc2hhcGU9InJlY3QiIGNvb3Jkcz0iNDAzLDkxLDUzNSwyMjgiIGhyZWY9Imh0dHBzOi8vaXRlbS5yYWt1dGVuLmNvLmpwL2Jlc3Q5OS8xNDYwMDIwOC8iPgo8YXJlYSBzaGFwZT0icmVjdCIgY29vcmRzPSI1MzgsOTAsNjcwLDIyNiIgaHJlZj0iaHR0cHM6Ly9pdGVtLnJha3V0ZW4uY28uanAvYmVzdDk5LzE0NjAwMjA5LyI+CjxhcmVhIHNoYXBlPSJyZWN0IiBjb29yZHM9IjEsNDgxLDE2Niw2NDQiIGhyZWY9Imh0dHBzOi8vaXRlbS5yYWt1dGVuLmNvLmpwL2Jlc3Q5OS8xNDYwMDIxNS8iPgo8YXJlYSBzaGFwZT0icmVjdCIgY29vcmRzPSIxNjgsNDgzLDMzMiw2NDQiIGhyZWY9Imh0dHBzOi8vaXRlbS5yYWt1dGVuLmNvLmpwL2Jlc3Q5OS8xNDYwMDIxNi8iPgo8YXJlYSBzaGFwZT0icmVjdCIgY29vcmRzPSIzMzUsNDgzLDQ5OSw2NDMiIGhyZWY9Imh0dHBzOi8vaXRlbS5yYWt1dGVuLmNvLmpwL2Jlc3Q5OS8xNDYwMDIxNy8iPgo8YXJlYSBzaGFwZT0icmVjdCIgY29vcmRzPSI1MDIsNDg2LDY2OSw2NDMiIGhyZWY9Imh0dHBzOi8vaXRlbS5yYWt1dGVuLmNvLmpwL2Jlc3Q5OS8xNDYwMDIxOC8iPgo8YXJlYSBzaGFwZT0icmVjdCIgY29vcmRzPSIyLDcxMCwxNjgsODczIiBocmVmPSJodHRwczovL2l0ZW0ucmFrdXRlbi5jby5qcC9iZXN0OTkvMTQ2MDAyMTkvIj4KPGFyZWEgc2hhcGU9InJlY3QiIGNvb3Jkcz0iMTcxLDcxMCwzMzIsODc0IiBocmVmPSJodHRwczovL2l0ZW0ucmFrdXRlbi5jby5qcC9iZXN0OTkvMTQ2MDAyMjAvIj4KPGFyZWEgc2hhcGU9InJlY3QiIGNvb3Jkcz0iMzM0LDcxMSw0OTksODczIiBocmVmPSJodHRwczovL2l0ZW0ucmFrdXRlbi5jby5qcC9iZXN0OTkvMTQ2MDAyMjEvIj4KPGFyZWEgc2hhcGU9InJlY3QiIGNvb3Jkcz0iMiw5MzUsMTY3LDExMDEiIGhyZWY9Imh0dHBzOi8vaXRlbS5yYWt1dGVuLmNvLmpwL2Jlc3Q5OS8xNDYwMDIyMi8iPgo8YXJlYSBzaGFwZT0icmVjdCIgY29vcmRzPSIxNjcsOTM0LDMzMSwxMTE5IiBocmVmPSJodHRwczovL2l0ZW0ucmFrdXRlbi5jby5qcC9iZXN0OTkvMTQ2MDAyMjMvIj4KPC9tYXA+PHRhYmxlIHdpZHRoPSIxMDAlIiBib3JkZXI9IjAiIGNlbGxzcGFjaW5nPSIxIiBjZWxscGFkZGluZz0iOCIgY2xhc3M9ImlfaW5mbyI+Cjx0cj4KPHRkIGNvbHNwYW49IjIiIGNsYXNzPSJpX2luZm9fdCI+CjxiPjxmb250IGNvbG9yPSIzMzMiPqWkpfOl1aWppeGpYKW3peel8z/XotLiysLtlzwvZm9udD48L2I+CjwvdGQ+CjwvdHI+Cjx0aD7LzcHPpMukxKSkpMY8L3RoPgo8dGQgY2xhc3M9ImlhdHRuc29yeW8iIGJnY29sb3I9IiNGRkZGRkYiPsvNwc+fb8HPPC90ZD4KPC90cj4KPHRoPptRnGe3vbeopMukxKSkpMY8L3RoPgo8dGQgYmdjb2xvcj0iI0ZGRkZGRiIgY2xhc3M9ImlhdHRucGV5Ij6h+bG+yczGt6TPtPrS/bK7v8nJzMa3pMekuaGjobi0+tL9obnS1M3ipM6kqtankkKkpKTypKrfeKTTz8KktaSkoaM8YnI+CjxpbWcgc3JjPSJodHRwczovL2ltYWdlLnJha3V0ZW4uY28uanAvYmVzdDk5L2NhYmluZXQvY2FtL2RpYmlraS5naWYiIGFsdD0itPq98NL9k1Gyu7/JyczGtyIgYm9yZGVyPSIwIiA+PGJyPgrNqLOjm1GcZ6OopKrZSaSkzu+lrKWkpcmhuKSq1qeSQqSkt723qKTLpMSkpKTGobmk8qS0tF/VSqSvpMCktaSkoaM8L3RkPgo8L3RyPgo8dGg+xeQgy808L3RoPgo8dGQgY2xhc3M9ImlhdHRuZGVsaSIgYmdjb2xvcj0iI0ZGRkZGRiI+CjxwIHN0eWxlPSJmb250LXNpemU6IDEycHg7IGNvbG9yOiNDQzAwMDA7Ij6h+aSqveyksZVy6WeOoaTO1ri2qKSspKrK3KSxpMekraTepLuk86GjPGJyPgqh+cnMxrekzqSqveyksaTepMe8czLfTOlnpPKkpKS/pMCkraTepLmhozxicj4KofmxvsnMxrekz8jV6tc/16PI1aTOpKq97KSxpKykx6StpN6ku6TzoaOkoqTppKukuKThpLTBy7PQz8KktaSkoaM8YnI+CqH5m1+/ST/reI11pNikzqSqveyksaTLpM+EZc2+y83Bz6Ty7ZSkraTepLmhozwvcD48L3RkPgo8L3RyPgo8L3RhYmxlPgoKPHRhYmxlIHdpZHRoPSIxMDAlIiBib3JkZXI9IjAiIGNlbGxzcGFjaW5nPSIxIiBjZWxscGFkZGluZz0iOCIgY2xhc3M9Imlfc3BlYyI+PHRyPjx0ZCBjb2xzcGFuPSIyIiBiZ2NvbG9yPSIjRjNGM0YzIj4KPGI+PGZvbnQgY29sb3I9IjMzMyI+1JS8mj+luaXapcOlrzwvZm9udD48L2I+PC90ZD48L3RyPgo8dHI+Cjx0aD7JzMa31WjD9zwvdGg+Cjx0ZCBjbGFzcz0iaWV4cGxhbmF0aW9uIiBiZ2NvbG9yPSIjRkZGRkZGIj4Koe+lsaWipeylw6XIpdWlqaXrpcYysbPJz6SyMaXiqWClv6lgpdmlw6XJpbulw6XIW4xtuLY/pail66XAqWCltaXdqWClyKXvpaSlyaXepcOlyKXspbldPGJyPgqh+bG+yczGt6TPoaKhuLfH1W7LsKG5yczGt6THpLmkrKGipbeluaXGpeDJz6G4y7DeeqG5vfDufqSsoaKkqtankkK98O5+pMikyqTqpN6kuaGjCjwvdGQ+CjwvdHI+Cgo8dHI+Cjx0aD6ltaWkpbo8L3RoPgo8dGQgY2xhc3M9ImlzaXplIiBiZ2NvbG9yPSIjRkZGRkZGIj4KP6XZpcOlyTxicj4KpdypYKXJt/mjujEwMi4wLzEwNS4wY208YnI+CqXcqWClybjfo7o3NC4wo680Ni4wY208YnI+CulMpLU6MjE5LjVjbTxicj4KtLLD5rjfo7oyNC4wo68zMC41o68zNy4wY20go6il3qXDpcil7KW5pPK6rKTepMqkpKOpPGJyPgo8YnI+Cj+lqKXrpcCpYKW1pd2pYKXIpe+lpKXJpd6lw6XIpeyluTxicj4Kt/k5Ny4wocG68aS1MTMuMKHB6UyktTE5Ni4wY208YnI+CqXZpcOlyaTOtLLD5rjfo7ozNy4wo680My41o681MC4wY20KPC90ZD4KPC90cj4KCjx0cj4KPHRoPrLEINl8PC90aD4KPHRkIGNsYXNzPSJpbWF0ZXJpYWwiIGJnY29sb3I9IiNGRkZGRkYiPgo/pdmlw6XJPGJyPgql2algpbml1aXsqWCl4LK/OqW5pcGpYKXrPGJyPgrEvrK/Ok1ERqGizOzIu8S+zbuw5aGiUFWJVNewPGJyPgo8YnI+Cj+lqKXrpcCpYKW1pd2pYKXIpe+lpKXJpd6lw6XIpeyluTxicj4KzeKlq6XQqWCjuqXdpeqlqKW5pcal6zxicj4K1tCyxKO6tc23tLBrpaal7KW/pfOhoqWmpeylv6XzCjwvdGQ+CjwvdHI+Cgo8dHI+Cjx0aD7W2CDBvzwvdGg+Cjx0ZCBjbGFzcz0iaWt1bWl0YXRlIiBiZ2NvbG9yPSIjRkZGRkZGIj4Kpdmlw6XJo7o3OC41a2c8YnI+CqXepcOlyKXspbmjujcuOGtnCjwvdGQ+CjwvdHI+Cgo8dHI+Cjx0aD60ssPm0M7XtDwvdGg+Cjx0ZCBjbGFzcz0iaWNvdW50cnkiIGJnY29sb3I9IiNGRkZGRkYiPgqxs8nPpLK9x7bIo6gwoeOhqzcwoeOjqTxicj4Kz6XJz6Syvce2yKOoMKHjoasyMqHjo6k8YnI+CqXYpcOlyaXspbmlyL3HtsgoMKHjoasyN6HjKQo8L3RkPgo8L3RyPgoKPHRyPgo8dGg+64og1LQ8L3RoPgo8dGQgY2xhc3M9Imljb3VudHJ5IiBiZ2NvbG9yPSIjRkZGRkZGIj4KMTAwVqOoNTAvNjBIeqOpCjwvdGQ+CjwvdHI+Cgo8dHI+Cjx0aD7J+q5iufo8L3RoPgo8dGQgY2xhc3M9Imljb3VudHJ5IiBiZ2NvbG9yPSIjRkZGRkZGIj4Ksb7M5aO61tC5+jxicj4KxL6yv6O6pdmlyKXKpeA8YnI+CqXepcOlyKXspbmjuqXZpcilyqXgCjwvdGQ+CjwvdHI+Cgo8dHI+Cjx0aD6l4qlgpb+pYLK/PC90aD4KPHRkIGNsYXNzPSJpY291bnRyeSIgYmdjb2xvcj0iI0ZGRkZGRiI+CkxJTU9TU8nn0XUKPC90ZD4KPC90cj4KCjx0cj4KPHRoPpd5ILD8PC90aD4KPHRkIGNsYXNzPSJpY291bnRyeSIgYmdjb2xvcj0iI0ZGRkZGRiI+CjSXebD8CjwvdGQ+CjwvdHI+Cgo8dHI+Cjx0aD7X7rTzyrnTw9XfzOXW2DwvdGg+Cjx0ZCBjbGFzcz0iaWNvdW50cnkiIGJnY29sb3I9IiNGRkZGRkYiPgoxMjBrZ6OvsLLIq8q508O6ydbYo7oxNzAwTgo8L3RkPgo8L3RyPgoKPHRyPgo8dGg+pL2kzsv7PC90aD4KPHRkIGNsYXNzPSJpYXR0bnR4dCIgYmdjb2xvcj0iI0ZGRkZGRiI+CoG7vXm8vLeoobjKuNlOpOq807mkobmho8S+xL+k8rvupKukt6S/oaK6zaTI0fOkrMjaus+kt6S/w8Ckt6SkpceltqWkpfOhozxicj4KxL7Ev6TyyrikzqTopKaky9KKpLuk66Gigbu9ebXEpMrEvrmkvLy3qKG4yrjZTqTqobmk8qXcqWClyaTOpceltqWkpfOky5Lx08Okt6TepLekv6GjPGJyPgrSu8yo0rvMqKTOxL6kzrHtx+mkzt9gpKSk5KGi0oqk673HtsihornipM61saS/pOq3vaTLpOik68mrpM6d4rWtpMuhoqXZpcOlyaTOgoDQ1KTyuNCkuKTrpLOkyKSspMekraTrpMekt6TnpKahozxicj4KP7Gzyc+ksjGl4qlgpb+pYKXZpcOlyTxicj4Kpe+lpKXkqWCkzs3R18Wky6TopOqhorGzyc+ksoVntsCkq7Gzz6XfQoTTpeqlr6XppaSly6XzpbCky8fQpOrM5qSopOmk7KTepLmho6OosbPJz6SyNzCh4yCxs8+l30KE0zcwoeMvMjKh46OpPGJyPgqh+c+lhWe2wKTHpM6l6qWvpemlpKXLpfOlsKTPpMekraTepLuk86GjPGJyPgo/pail66XAqWCltaXdqWClyKXvpaSlyaXepcOlyKXspbk8YnI+CjKM05iL1Oyky6TopOrfbbbIpMrTsqS1pMi1zbe0sGulpqXspb+l86TLpOik66W9pdWlyKTKx97QxLXYpPLXt7ywpLek3qS3pL+hozxicj4KxtXNqKTOpaal7KW/pfOkyLXNt7Swa6Wmpeylv6XzpMuk6KTroaKk5KTkyOGk6aSrpOGkzqXepcOlyKXspbmkx6S5oaM8YnI+Ct1Ywb+lv6Wkpdekx8ihpOqSUaSkpOK6hoVnpMekuaGjPGJyPgqh+c3ipaul0KlgpM/IoaTqzeKkt6THpK2k3qS7pPOhowo8L3RkPgo8L3RyPgo8L3RhYmxlPjxzdHlsZSB0eXBlPSJ0ZXh0L2NzcyI+CkBjaGFyc2V0ICJ1dGYtOCI7Ci8qIENTUyBEb2N1bWVudCAqLwoKPC9zdHlsZT4KCgoKPGJyPjxicj4KPGltZyBzcmM9Imh0dHA6Ly9pbWFnZS5yYWt1dGVuLmNvLmpwL2Jlc3Q5OS9jYWJpbmV0LzAzOTQyMDgwL2JlZF9tZWluLmpwZyIgd2lkdGg9Ijg0MCIgLz4KCgoKCjwvaHRtbD4=,pbGloqXspcOlyKXVpaml66XGMiCxs8nPpLIxpeKpYKW/qWCl2aXDpcmlu6XDpcgojG24tj+lqKXrpcCpYKW1pd2pYKXIpe+lpKXJpd6lw6XIpeyluSkg64qE0yCl2aXDpckgjG24tqW/paSl1yDrioTTIKXZpcOlySul3qXDpcil7KW5pbulw6XIIKXqpa+l6aWkpcul86Wwpdmlw6XJIL3p12+l2aXDpckg0r2vn6XZpcOlySClt6XzpbCl66XZpcOlySCl16XppcOlxCBQTEFUWiBwbGF0cyC9TcGi6V+XedRP1sOfb8HPIFvLzcHPn2/Bz12jukI5OQ==,pbGloqXspcOlyKXVpaml66XGMiCxs8nPpLIxpeKpYKW/qWCl2aXDpcmlu6XDpcgojG24tj+lqKXrpcCpYKW1pd2pYKXIpe+lpKXJpd6lw6XIpeyluSkg64qE0yCl2aXDpckgjG24tqW/paSl1yDrioTTIKXZpcOlySul3qXDpcil7KW5pbulw6XIIKXqpa+l6aWkpcul86Wwpdmlw6XJIL3p12+l2aXDpckg0r2vn6XZpcOlySClt6XzpbCl66XZpcOlySCl16XppcOlxCBQTEFUWiBwbGF0cyC9TcGi6V+XedRP1sOfb8HPIFvLzcHPn2/Bz10=,ob69TcGi6V+XedRP1sOfb8HPob8gpbGloqXspcOlyKXVpaml66XGMiDrioTTpdmlw6XJoaOlsaWipeylw6XIpdWlqaXrpcYyILGzyc+ksjGl4qlgpb+pYKXZpcOlyaW7pcOlyCiMbbi2P6WopeulwKlgpbWl3algpcil76Wkpcml3qXDpcil7KW5KSDrioTTIKXZpcOlySCMbbi2pb+lpKXXIOuKhNMgpdmlw6XJK6XepcOlyKXspbmlu6XDpcggpeqlr6XppaSly6XzpbCl2aXDpckgvenXb6XZpcOlySDSva+fpdmlw6XJIKW3pfOlsKXrpdmlw6XJIKXXpemlw6XEIFBMQVRaIHBsYXRzIL1NwaLpX5d51E/Ww59vwc8gW8vNwc+fb8HPXQ==[rn]
40-32983,aHR0cDovL3RzaG9wLnIxMHMuanAvYmVzdDk5L2NhYmluZXQvdGJtMy8xNDYwMDE3OS5qcGc/Zml0aW49NzAwOjcwMA==,MTE5ODQwLjAwMDA=,,paSl86XGpeqloj/H3r7fP4WnvHsgPiCl2aXDpckgPiDrioTTP6Xqpa+l6aWkpcul86Wwpdmlw6XJ,pbGloqXspcOlyKXVpaml66XGMiCxs8nPpLIxpeKpYKW/qWCl2aXDpcmlu6XDpcgojG24tj+lwKXWpeuls6Wkpeul3qXDpcil7KW5KSDrioTTpdmlw6XJIIxtuLalv6Wkpdcg64qE0yCl2aXDpckrpd6lw6XIpeyluaW7pcOlyCCl6qWvpemlpKXLpfOlsKXZpcOlySC96ddvpdmlw6XJINK9r5+l2aXDpckgpbel86Wwpeul2aXDpckgpdel6aXDpcQgUExBVFogcGxhdHMgvU3Boulfl3nUT9bDn2/BzyBby83Bz59vwc9d,ob69TcGi6V+XedRP1sOfb8HPob8gpbGloqXspcOlyKXVpaml66XGMiDrioTTpdmlw6XJ,PGltZyBzcmM9Imh0dHBzOi8vaW1hZ2UucmFrdXRlbi5jby5qcC9iZXN0OTkvY2FiaW5ldC90Ym0zLzE0NjAwMTc5LmpwZyIgLz48YnIgLz4KPGltZyBzcmM9Imh0dHBzOi8vaW1hZ2UucmFrdXRlbi5jby5qcC9iZXN0OTkvY2FiaW5ldC90Ym0zLzE0NjAwMTc5XzEuanBnIiAvPjxiciAvPgo8aW1nIHNyYz0iaHR0cHM6Ly9pbWFnZS5yYWt1dGVuLmNvLmpwL2Jlc3Q5OS9jYWJpbmV0L3RibTMvMTQ2MDAxNzlfMi5qcGciIC8+PGJyIC8+CjxpbWcgc3JjPSJodHRwczovL2ltYWdlLnJha3V0ZW4uY28uanAvYmVzdDk5L2NhYmluZXQvdGJtMy8xNDYwMDE3OV8zLmpwZyIgLz48YnIgLz4KPGltZyBzcmM9Imh0dHBzOi8vaW1hZ2UucmFrdXRlbi5jby5qcC9iZXN0OTkvY2FiaW5ldC90Ym0zLzE0NjAwMTc5XzQuanBnIiAvPjxiciAvPgo8aW1nIHNyYz0iaHR0cHM6Ly9pbWFnZS5yYWt1dGVuLmNvLmpwL2Jlc3Q5OS9jYWJpbmV0L3RibTMvMTQ2MDAxNzlfNS5qcGciIC8+PGJyIC8+CjxpbWcgc3JjPSJodHRwczovL2ltYWdlLnJha3V0ZW4uY28uanAvYmVzdDk5L2NhYmluZXQvdGJtMy8xNDYwMDE3OV82LmpwZyIgLz48YnIgLz4KPGltZyBzcmM9Imh0dHBzOi8vaW1hZ2UucmFrdXRlbi5jby5qcC9iZXN0OTkvY2FiaW5ldC90Ym0zLzE0NjAwMTc5XzcuanBnIiAvPjxiciAvPgo8aW1nIHNyYz0iaHR0cHM6Ly9pbWFnZS5yYWt1dGVuLmNvLmpwL2Jlc3Q5OS9jYWJpbmV0L3RibTMvMTQ2MDAxNzlfOC5qcGciIC8+PGJyIC8+CjxpbWcgc3JjPSJodHRwczovL2ltYWdlLnJha3V0ZW4uY28uanAvYmVzdDk5L2NhYmluZXQvdGJtMy8xNDYwMDE3OV85LmpwZyIgLz48YnIgLz4KPGltZyBzcmM9Imh0dHBzOi8vaW1hZ2UucmFrdXRlbi5jby5qcC9iZXN0OTkvY2FiaW5ldC90Ym0zLzE0NjAwMTc5XzEwLmpwZyIgLz48YnIgLz4KPGltZyBzcmM9Imh0dHBzOi8vaW1hZ2UucmFrdXRlbi5jby5qcC9iZXN0OTkvY2FiaW5ldC9oNy9xYTEuanBnIiAvPjxicj4KPGltZyBzcmM9Imh0dHBzOi8vaW1hZ2UucmFrdXRlbi5jby5qcC9iZXN0OTkvY2FiaW5ldC9oNy9xYTIuanBnIiAvPjxicj4KPGltZyBzcmM9Imh0dHBzOi8vaW1hZ2UucmFrdXRlbi5jby5qcC9iZXN0OTkvY2FiaW5ldC9oNy9xYTMuanBnIiAvPjxicj4KPGltZyBzcmM9Imh0dHBzOi8vaW1hZ2UucmFrdXRlbi5jby5qcC9iZXN0OTkvY2FiaW5ldC9oNy9ucC5qcGciIC8+PGJyPgo8cCBzdHlsZT0iY29sb3I6cmVkOyI+PGZvbnQgc2l6ZT0iNCI+ofmxvsnMxrekz6Giobi3x9Vuy7ChucnMxrekx6S5pKyhoqW3pbmlxqXgyc+huMuw3nqhub3w7n6krKGipKrWp5JCvfDufqTIpMqk6qTepLk8YnIgLz4KofmxvsnMxrekz7T60v2yu7/JyczGt6THpLmho6G4tPrS/aG50tTN4qTOpKrWp5JCpKSk8qSq33ik08/CpLWkpKGjPGJyIC8+CqH5sb7JzMa3pM/I1erXP9ejyNWkzqSqveyksaSspMekraTepLuk86GjpKKk6aSrpLik4aS0wcuz0M/CpLWkpKGjPC9mb250PjwvcD48YnI+PGJyPgo8aW1nIHNyYz0iaHR0cHM6Ly9pbWFnZS5yYWt1dGVuLmNvLmpwL2Jlc3Q5OS9jYWJpbmV0L3RibTMvZG9fbC5qcGciIGJvcmRlcj0iMCIgdXNlbWFwPSIjTWFwIiAvPgo8bWFwIG5hbWU9Ik1hcCI+CjxhcmVhIHNoYXBlPSJyZWN0IiBjb29yZHM9IjMsMTM4LDEzMSwyNzEiIGhyZWY9Imh0dHBzOi8vaXRlbS5yYWt1dGVuLmNvLmpwL2Jlc3Q5OS8xNDYwMDE0NS8iPgo8YXJlYSBzaGFwZT0icmVjdCIgY29vcmRzPSIxMzEsMTM5LDI2NSwyNzEiIGhyZWY9Imh0dHBzOi8vaXRlbS5yYWt1dGVuLmNvLmpwL2Jlc3Q5OS8xNDYwMDE0Ni8iPgo8YXJlYSBzaGFwZT0icmVjdCIgY29vcmRzPSIyNjcsMTM4LDQwMSwyNjkiIGhyZWY9Imh0dHBzOi8vaXRlbS5yYWt1dGVuLmNvLmpwL2Jlc3Q5OS8xNDYwMDE0Ny8iPgo8YXJlYSBzaGFwZT0icmVjdCIgY29vcmRzPSI0MDEsMTQwLDUzNSwyNzMiIGhyZWY9Imh0dHBzOi8vaXRlbS5yYWt1dGVuLmNvLmpwL2Jlc3Q5OS8xNDYwMDE0OC8iPgo8YXJlYSBzaGFwZT0icmVjdCIgY29vcmRzPSI1MzUsMTM3LDY3MSwyNzIiIGhyZWY9Imh0dHBzOi8vaXRlbS5yYWt1dGVuLmNvLmpwL2Jlc3Q5OS8xNDYwMDE0OS8iPgo8YXJlYSBzaGFwZT0icmVjdCIgY29vcmRzPSIyLDI4OSwxMzUsNDE5IiBocmVmPSJodHRwczovL2l0ZW0ucmFrdXRlbi5jby5qcC9iZXN0OTkvMTQ2MDAxNTUvIj4KPGFyZWEgc2hhcGU9InJlY3QiIGNvb3Jkcz0iMTM3LDI5MCwyNjcsNDIyIiBocmVmPSJodHRwczovL2l0ZW0ucmFrdXRlbi5jby5qcC9iZXN0OTkvMTQ2MDAxNTYvIj4KPGFyZWEgc2hhcGU9InJlY3QiIGNvb3Jkcz0iMjY4LDI4OSwzOTksNDIxIiBocmVmPSJodHRwczovL2l0ZW0ucmFrdXRlbi5jby5qcC9iZXN0OTkvMTQ2MDAxNTcvIj4KPGFyZWEgc2hhcGU9InJlY3QiIGNvb3Jkcz0iMzk5LDI4Nyw1MzUsNDIyIiBocmVmPSJodHRwczovL2l0ZW0ucmFrdXRlbi5jby5qcC9iZXN0OTkvMTQ2MDAxNTgvIj4KPGFyZWEgc2hhcGU9InJlY3QiIGNvb3Jkcz0iNTM4LDI4Niw2NzQsNDIyIiBocmVmPSJodHRwczovL2l0ZW0ucmFrdXRlbi5jby5qcC9iZXN0OTkvMTQ2MDAxNTkvIj4KPGFyZWEgc2hhcGU9InJlY3QiIGNvb3Jkcz0iMyw0MzIsMTMxLDU2OSIgaHJlZj0iaHR0cHM6Ly9pdGVtLnJha3V0ZW4uY28uanAvYmVzdDk5LzE0NjAwMTUwLyI+CjxhcmVhIHNoYXBlPSJyZWN0IiBjb29yZHM9IjEzNSw0MzQsMjYzLDU3MCIgaHJlZj0iaHR0cHM6Ly9pdGVtLnJha3V0ZW4uY28uanAvYmVzdDk5LzE0NjAwMTUxLyI+CjxhcmVhIHNoYXBlPSJyZWN0IiBjb29yZHM9IjI2Niw0MzUsNDAwLDU2OSIgaHJlZj0iaHR0cHM6Ly9pdGVtLnJha3V0ZW4uY28uanAvYmVzdDk5LzE0NjAwMTUyLyI+CjxhcmVhIHNoYXBlPSJyZWN0IiBjb29yZHM9IjQwMiw0MzQsNTM0LDU3MSIgaHJlZj0iaHR0cHM6Ly9pdGVtLnJha3V0ZW4uY28uanAvYmVzdDk5LzE0NjAwMTUzLyI+CjxhcmVhIHNoYXBlPSJyZWN0IiBjb29yZHM9IjUzOCw0MzQsNjcwLDU3MCIgaHJlZj0iaHR0cHM6Ly9pdGVtLnJha3V0ZW4uY28uanAvYmVzdDk5LzE0NjAwMTU0LyI+CjxhcmVhIHNoYXBlPSJyZWN0IiBjb29yZHM9IjIsNTg1LDEzMSw3MTciIGhyZWY9Imh0dHBzOi8vaXRlbS5yYWt1dGVuLmNvLmpwL2Jlc3Q5OS8xNDYwMDE2MC8iPgo8YXJlYSBzaGFwZT0icmVjdCIgY29vcmRzPSIxMzUsNTg1LDI2NCw3MTgiIGhyZWY9Imh0dHBzOi8vaXRlbS5yYWt1dGVuLmNvLmpwL2Jlc3Q5OS8xNDYwMDE2MS8iPgo8YXJlYSBzaGFwZT0icmVjdCIgY29vcmRzPSIyNjcsNTg0LDM5OCw3MjEiIGhyZWY9Imh0dHBzOi8vaXRlbS5yYWt1dGVuLmNvLmpwL2Jlc3Q5OS8xNDYwMDE2Mi8iPgo8YXJlYSBzaGFwZT0icmVjdCIgY29vcmRzPSI0MDEsNTgyLDUzMyw3MjEiIGhyZWY9Imh0dHBzOi8vaXRlbS5yYWt1dGVuLmNvLmpwL2Jlc3Q5OS8xNDYwMDE2My8iPgo8YXJlYSBzaGFwZT0icmVjdCIgY29vcmRzPSI1MzUsNTgyLDY2Nyw3MjAiIGhyZWY9Imh0dHBzOi8vaXRlbS5yYWt1dGVuLmNvLmpwL2Jlc3Q5OS8xNDYwMDE2NC8iPgo8L21hcD4KPGJyPgo8aW1nIHNyYz0iaHR0cHM6Ly9pbWFnZS5yYWt1dGVuLmNvLmpwL2Jlc3Q5OS9jYWJpbmV0L3RibTMvZm9fbC5qcGciIGJvcmRlcj0iMCIgdXNlbWFwPSIjTWFwMiIgLz4KPG1hcCBuYW1lPSJNYXAyIj4KPGFyZWEgc2hhcGU9InJlY3QiIGNvb3Jkcz0iNTM1LDUzNiw2NjcsNjc0IiBocmVmPSJodHRwczovL2l0ZW0ucmFrdXRlbi5jby5qcC9iZXN0OTkvMTQ2MDAxODQvIj4KPGFyZWEgc2hhcGU9InJlY3QiIGNvb3Jkcz0iNDAxLDUzNiw1MzMsNjc1IiBocmVmPSJodHRwczovL2l0ZW0ucmFrdXRlbi5jby5qcC9iZXN0OTkvMTQ2MDAxODMvIj4KPGFyZWEgc2hhcGU9InJlY3QiIGNvb3Jkcz0iMjY3LDUzOCwzOTgsNjc1IiBocmVmPSJodHRwczovL2l0ZW0ucmFrdXRlbi5jby5qcC9iZXN0OTkvMTQ2MDAxODIvIj4KPGFyZWEgc2hhcGU9InJlY3QiIGNvb3Jkcz0iMTM1LDUzOSwyNjQsNjcyIiBocmVmPSJodHRwczovL2l0ZW0ucmFrdXRlbi5jby5qcC9iZXN0OTkvMTQ2MDAxODEvIj4KPGFyZWEgc2hhcGU9InJlY3QiIGNvb3Jkcz0iMiw1MzksMTMxLDY3MSIgaHJlZj0iaHR0cHM6Ly9pdGVtLnJha3V0ZW4uY28uanAvYmVzdDk5LzE0NjAwMTgwLyI+CjxhcmVhIHNoYXBlPSJyZWN0IiBjb29yZHM9IjMsMzg2LDEzMSw1MjMiIGhyZWY9Imh0dHBzOi8vaXRlbS5yYWt1dGVuLmNvLmpwL2Jlc3Q5OS8xNDYwMDE3MC8iPgo8YXJlYSBzaGFwZT0icmVjdCIgY29vcmRzPSIxMzUsMzg4LDI2Myw1MjQiIGhyZWY9Imh0dHBzOi8vaXRlbS5yYWt1dGVuLmNvLmpwL2Jlc3Q5OS8xNDYwMDE3MS8iPgo8YXJlYSBzaGFwZT0icmVjdCIgY29vcmRzPSIyNjYsMzg5LDQwMCw1MjMiIGhyZWY9Imh0dHBzOi8vaXRlbS5yYWt1dGVuLmNvLmpwL2Jlc3Q5OS8xNDYwMDE3Mi8iPgo8YXJlYSBzaGFwZT0icmVjdCIgY29vcmRzPSI0MDIsMzg4LDUzNCw1MjUiIGhyZWY9Imh0dHBzOi8vaXRlbS5yYWt1dGVuLmNvLmpwL2Jlc3Q5OS8xNDYwMDE3My8iPgo8YXJlYSBzaGFwZT0icmVjdCIgY29vcmRzPSI1MzcsMzg3LDY2OSw1MjMiIGhyZWY9Imh0dHBzOi8vaXRlbS5yYWt1dGVuLmNvLmpwL2Jlc3Q5OS8xNDYwMDE3NC8iPgo8YXJlYSBzaGFwZT0icmVjdCIgY29vcmRzPSI1MzYsMjQwLDY3MiwzNzYiIGhyZWY9Imh0dHBzOi8vaXRlbS5yYWt1dGVuLmNvLmpwL2Jlc3Q5OS8xNDYwMDE3OS8iPgo8YXJlYSBzaGFwZT0icmVjdCIgY29vcmRzPSIzOTksMjQxLDUzNSwzNzYiIGhyZWY9Imh0dHBzOi8vaXRlbS5yYWt1dGVuLmNvLmpwL2Jlc3Q5OS8xNDYwMDE3OC8iPgo8YXJlYSBzaGFwZT0icmVjdCIgY29vcmRzPSIyNjgsMjQzLDM5OSwzNzUiIGhyZWY9Imh0dHBzOi8vaXRlbS5yYWt1dGVuLmNvLmpwL2Jlc3Q5OS8xNDYwMDE3Ny8iPgo8YXJlYSBzaGFwZT0icmVjdCIgY29vcmRzPSIxMzYsMjQ0LDI2NiwzNzYiIGhyZWY9Imh0dHBzOi8vaXRlbS5yYWt1dGVuLmNvLmpwL2Jlc3Q5OS8xNDYwMDE3Ni8iPgo8YXJlYSBzaGFwZT0icmVjdCIgY29vcmRzPSIyLDI0MywxMzUsMzczIiBocmVmPSJodHRwczovL2l0ZW0ucmFrdXRlbi5jby5qcC9iZXN0OTkvMTQ2MDAxNzUvIj4KPGFyZWEgc2hhcGU9InJlY3QiIGNvb3Jkcz0iNCw5MywxMzIsMjI2IiBocmVmPSJodHRwczovL2l0ZW0ucmFrdXRlbi5jby5qcC9iZXN0OTkvMTQ2MDAxNjUvIj4KPGFyZWEgc2hhcGU9InJlY3QiIGNvb3Jkcz0iMTMxLDkzLDI2NSwyMjUiIGhyZWY9Imh0dHBzOi8vaXRlbS5yYWt1dGVuLmNvLmpwL2Jlc3Q5OS8xNDYwMDE2Ni8iPgo8YXJlYSBzaGFwZT0icmVjdCIgY29vcmRzPSIyNjYsOTIsNDAwLDIyMyIgaHJlZj0iaHR0cHM6Ly9pdGVtLnJha3V0ZW4uY28uanAvYmVzdDk5LzE0NjAwMTY3LyI+CjxhcmVhIHNoYXBlPSJyZWN0IiBjb29yZHM9IjQwMSw5NCw1MzUsMjI3IiBocmVmPSJodHRwczovL2l0ZW0ucmFrdXRlbi5jby5qcC9iZXN0OTkvMTQ2MDAxNjgvIj4KPGFyZWEgc2hhcGU9InJlY3QiIGNvb3Jkcz0iNTM2LDkyLDY3MiwyMjciIGhyZWY9Imh0dHBzOi8vaXRlbS5yYWt1dGVuLmNvLmpwL2Jlc3Q5OS8xNDYwMDE2OS8iPgo8L21hcD4KPGJyIC8+CjxpbWcgc3JjPSJodHRwczovL2ltYWdlLnJha3V0ZW4uY28uanAvYmVzdDk5L2NhYmluZXQvdGJtMy9uZW9fbC5qcGciIGJvcmRlcj0iMCIgdXNlbWFwPSIjTWFwMyIgLz4KPG1hcCBuYW1lPSJNYXAzIj4KPGFyZWEgc2hhcGU9InJlY3QiIGNvb3Jkcz0iNTM0LDU1OCw2NjYsNjk2IiBocmVmPSJodHRwczovL2l0ZW0ucmFrdXRlbi5jby5qcC9iZXN0OTkvMTQ2MDAyMDQvIj4KPGFyZWEgc2hhcGU9InJlY3QiIGNvb3Jkcz0iMzk5LDU1OSw1MzEsNjk4IiBocmVmPSJodHRwczovL2l0ZW0ucmFrdXRlbi5jby5qcC9iZXN0OTkvMTQ2MDAyMDMvIj4KPGFyZWEgc2hhcGU9InJlY3QiIGNvb3Jkcz0iMjY1LDU2MSwzOTYsNjk4IiBocmVmPSJodHRwczovL2l0ZW0ucmFrdXRlbi5jby5qcC9iZXN0OTkvMTQ2MDAyMDIvIj4KPGFyZWEgc2hhcGU9InJlY3QiIGNvb3Jkcz0iMTMzLDU2MiwyNjIsNjk1IiBocmVmPSJodHRwczovL2l0ZW0ucmFrdXRlbi5jby5qcC9iZXN0OTkvMTQ2MDAyMDEvIj4KPGFyZWEgc2hhcGU9InJlY3QiIGNvb3Jkcz0iMCw1NjIsMTI5LDY5NCIgaHJlZj0iaHR0cHM6Ly9pdGVtLnJha3V0ZW4uY28uanAvYmVzdDk5LzE0NjAwMjAwLyI+CjxhcmVhIHNoYXBlPSJyZWN0IiBjb29yZHM9IjEsNDA5LDEyOSw1NDYiIGhyZWY9Imh0dHBzOi8vaXRlbS5yYWt1dGVuLmNvLmpwL2Jlc3Q5OS8xNDYwMDE5MC8iPgo8YXJlYSBzaGFwZT0icmVjdCIgY29vcmRzPSIxMzMsNDExLDI2MSw1NDciIGhyZWY9Imh0dHBzOi8vaXRlbS5yYWt1dGVuLmNvLmpwL2Jlc3Q5OS8xNDYwMDE5MS8iPgo8YXJlYSBzaGFwZT0icmVjdCIgY29vcmRzPSIyNjQsNDEyLDM5OCw1NDYiIGhyZWY9Imh0dHBzOi8vaXRlbS5yYWt1dGVuLmNvLmpwL2Jlc3Q5OS8xNDYwMDE5Mi8iPgo8YXJlYSBzaGFwZT0icmVjdCIgY29vcmRzPSI0MDAsNDExLDUzMiw1NDgiIGhyZWY9Imh0dHBzOi8vaXRlbS5yYWt1dGVuLmNvLmpwL2Jlc3Q5OS8xNDYwMDE5My8iPgo8YXJlYSBzaGFwZT0icmVjdCIgY29vcmRzPSI1MzUsNDEwLDY2Nyw1NDYiIGhyZWY9Imh0dHBzOi8vaXRlbS5yYWt1dGVuLmNvLmpwL2Jlc3Q5OS8xNDYwMDE5NC8iPgo8YXJlYSBzaGFwZT0icmVjdCIgY29vcmRzPSI1MzQsMjYzLDY3MCwzOTkiIGhyZWY9Imh0dHBzOi8vaXRlbS5yYWt1dGVuLmNvLmpwL2Jlc3Q5OS8xNDYwMDE5OS8iPgo8YXJlYSBzaGFwZT0icmVjdCIgY29vcmRzPSIzOTcsMjY0LDUzMywzOTkiIGhyZWY9Imh0dHBzOi8vaXRlbS5yYWt1dGVuLmNvLmpwL2Jlc3Q5OS8xNDYwMDE5OC8iPgo8YXJlYSBzaGFwZT0icmVjdCIgY29vcmRzPSIyNjYsMjY2LDM5NywzOTgiIGhyZWY9Imh0dHBzOi8vaXRlbS5yYWt1dGVuLmNvLmpwL2Jlc3Q5OS8xNDYwMDE5Ny8iPgo8YXJlYSBzaGFwZT0icmVjdCIgY29vcmRzPSIxMzQsMjY3LDI2NCwzOTkiIGhyZWY9Imh0dHBzOi8vaXRlbS5yYWt1dGVuLmNvLmpwL2Jlc3Q5OS8xNDYwMDE5Ni8iPgo8YXJlYSBzaGFwZT0icmVjdCIgY29vcmRzPSItMSwyNjYsMTMyLDM5NiIgaHJlZj0iaHR0cHM6Ly9pdGVtLnJha3V0ZW4uY28uanAvYmVzdDk5LzE0NjAwMTk1LyI+CjxhcmVhIHNoYXBlPSJyZWN0IiBjb29yZHM9IjEsMTE1LDEyOSwyNDgiIGhyZWY9Imh0dHBzOi8vaXRlbS5yYWt1dGVuLmNvLmpwL2Jlc3Q5OS8xNDYwMDE4NS8iPgo8YXJlYSBzaGFwZT0icmVjdCIgY29vcmRzPSIxMjksMTE2LDI2MywyNDgiIGhyZWY9Imh0dHBzOi8vaXRlbS5yYWt1dGVuLmNvLmpwL2Jlc3Q5OS8xNDYwMDE4Ni8iPgo8YXJlYSBzaGFwZT0icmVjdCIgY29vcmRzPSIyNjQsMTE1LDM5OCwyNDYiIGhyZWY9Imh0dHBzOi8vaXRlbS5yYWt1dGVuLmNvLmpwL2Jlc3Q5OS8xNDYwMDE4Ny8iPgo8YXJlYSBzaGFwZT0icmVjdCIgY29vcmRzPSIzOTksMTE3LDUzMywyNTAiIGhyZWY9Imh0dHBzOi8vaXRlbS5yYWt1dGVuLmNvLmpwL2Jlc3Q5OS8xNDYwMDE4OC8iPgo8YXJlYSBzaGFwZT0icmVjdCIgY29vcmRzPSI1MzMsMTE0LDY2OSwyNDkiIGhyZWY9Imh0dHBzOi8vaXRlbS5yYWt1dGVuLmNvLmpwL2Jlc3Q5OS8xNDYwMDE4OS8iPgo8L21hcD4KPGJyIC8+CjxpbWcgc3JjPSJodHRwczovL2ltYWdlLnJha3V0ZW4uY28uanAvYmVzdDk5L2NhYmluZXQvdGJtMy9zaW9wX2wuanBnIiBib3JkZXI9IjAiIHVzZW1hcD0iI01hcDQiIC8+CjxtYXAgbmFtZT0iTWFwNCI+CjxhcmVhIHNoYXBlPSJyZWN0IiBjb29yZHM9IjUzNiwyMzksNjY4LDM3NyIgaHJlZj0iaHR0cHM6Ly9pdGVtLnJha3V0ZW4uY28uanAvYmVzdDk5LzE0NjAwMjE0LyI+CjxhcmVhIHNoYXBlPSJyZWN0IiBjb29yZHM9IjQwMiwyMzksNTM0LDM3OCIgaHJlZj0iaHR0cHM6Ly9pdGVtLnJha3V0ZW4uY28uanAvYmVzdDk5LzE0NjAwMjEzLyI+CjxhcmVhIHNoYXBlPSJyZWN0IiBjb29yZHM9IjI2OCwyNDEsMzk5LDM3OCIgaHJlZj0iaHR0cHM6Ly9pdGVtLnJha3V0ZW4uY28uanAvYmVzdDk5LzE0NjAwMjEyLyI+CjxhcmVhIHNoYXBlPSJyZWN0IiBjb29yZHM9IjEzNiwyNDIsMjY1LDM3NSIgaHJlZj0iaHR0cHM6Ly9pdGVtLnJha3V0ZW4uY28uanAvYmVzdDk5LzE0NjAwMjExLyI+CjxhcmVhIHNoYXBlPSJyZWN0IiBjb29yZHM9IjMsMjQyLDEzMiwzNzQiIGhyZWY9Imh0dHBzOi8vaXRlbS5yYWt1dGVuLmNvLmpwL2Jlc3Q5OS8xNDYwMDIxMC8iPgo8YXJlYSBzaGFwZT0icmVjdCIgY29vcmRzPSI0LDg5LDEzMiwyMjYiIGhyZWY9Imh0dHBzOi8vaXRlbS5yYWt1dGVuLmNvLmpwL2Jlc3Q5OS8xNDYwMDIwNS8iPgo8YXJlYSBzaGFwZT0icmVjdCIgY29vcmRzPSIxMzYsOTEsMjY0LDIyNyIgaHJlZj0iaHR0cHM6Ly9pdGVtLnJha3V0ZW4uY28uanAvYmVzdDk5LzE0NjAwMjA2LyI+CjxhcmVhIHNoYXBlPSJyZWN0IiBjb29yZHM9IjI2Nyw5Miw0MDEsMjI2IiBocmVmPSJodHRwczovL2l0ZW0ucmFrdXRlbi5jby5qcC9iZXN0OTkvMTQ2MDAyMDcvIj4KPGFyZWEgc2hhcGU9InJlY3QiIGNvb3Jkcz0iNDAzLDkxLDUzNSwyMjgiIGhyZWY9Imh0dHBzOi8vaXRlbS5yYWt1dGVuLmNvLmpwL2Jlc3Q5OS8xNDYwMDIwOC8iPgo8YXJlYSBzaGFwZT0icmVjdCIgY29vcmRzPSI1MzgsOTAsNjcwLDIyNiIgaHJlZj0iaHR0cHM6Ly9pdGVtLnJha3V0ZW4uY28uanAvYmVzdDk5LzE0NjAwMjA5LyI+CjxhcmVhIHNoYXBlPSJyZWN0IiBjb29yZHM9IjEsNDgxLDE2Niw2NDQiIGhyZWY9Imh0dHBzOi8vaXRlbS5yYWt1dGVuLmNvLmpwL2Jlc3Q5OS8xNDYwMDIxNS8iPgo8YXJlYSBzaGFwZT0icmVjdCIgY29vcmRzPSIxNjgsNDgzLDMzMiw2NDQiIGhyZWY9Imh0dHBzOi8vaXRlbS5yYWt1dGVuLmNvLmpwL2Jlc3Q5OS8xNDYwMDIxNi8iPgo8YXJlYSBzaGFwZT0icmVjdCIgY29vcmRzPSIzMzUsNDgzLDQ5OSw2NDMiIGhyZWY9Imh0dHBzOi8vaXRlbS5yYWt1dGVuLmNvLmpwL2Jlc3Q5OS8xNDYwMDIxNy8iPgo8YXJlYSBzaGFwZT0icmVjdCIgY29vcmRzPSI1MDIsNDg2LDY2OSw2NDMiIGhyZWY9Imh0dHBzOi8vaXRlbS5yYWt1dGVuLmNvLmpwL2Jlc3Q5OS8xNDYwMDIxOC8iPgo8YXJlYSBzaGFwZT0icmVjdCIgY29vcmRzPSIyLDcxMCwxNjgsODczIiBocmVmPSJodHRwczovL2l0ZW0ucmFrdXRlbi5jby5qcC9iZXN0OTkvMTQ2MDAyMTkvIj4KPGFyZWEgc2hhcGU9InJlY3QiIGNvb3Jkcz0iMTcxLDcxMCwzMzIsODc0IiBocmVmPSJodHRwczovL2l0ZW0ucmFrdXRlbi5jby5qcC9iZXN0OTkvMTQ2MDAyMjAvIj4KPGFyZWEgc2hhcGU9InJlY3QiIGNvb3Jkcz0iMzM0LDcxMSw0OTksODczIiBocmVmPSJodHRwczovL2l0ZW0ucmFrdXRlbi5jby5qcC9iZXN0OTkvMTQ2MDAyMjEvIj4KPGFyZWEgc2hhcGU9InJlY3QiIGNvb3Jkcz0iMiw5MzUsMTY3LDExMDEiIGhyZWY9Imh0dHBzOi8vaXRlbS5yYWt1dGVuLmNvLmpwL2Jlc3Q5OS8xNDYwMDIyMi8iPgo8YXJlYSBzaGFwZT0icmVjdCIgY29vcmRzPSIxNjcsOTM0LDMzMSwxMTE5IiBocmVmPSJodHRwczovL2l0ZW0ucmFrdXRlbi5jby5qcC9iZXN0OTkvMTQ2MDAyMjMvIj4KPC9tYXA+PHRhYmxlIHdpZHRoPSIxMDAlIiBib3JkZXI9IjAiIGNlbGxzcGFjaW5nPSIxIiBjZWxscGFkZGluZz0iOCIgY2xhc3M9ImlfaW5mbyI+Cjx0cj4KPHRkIGNvbHNwYW49IjIiIGNsYXNzPSJpX2luZm9fdCI+CjxiPjxmb250IGNvbG9yPSIzMzMiPqWkpfOl1aWppeGpYKW3peel8z/XotLiysLtlzwvZm9udD48L2I+CjwvdGQ+CjwvdHI+Cjx0aD7LzcHPpMukxKSkpMY8L3RoPgo8dGQgY2xhc3M9ImlhdHRuc29yeW8iIGJnY29sb3I9IiNGRkZGRkYiPsvNwc+fb8HPPC90ZD4KPC90cj4KPHRoPptRnGe3vbeopMukxKSkpMY8L3RoPgo8dGQgYmdjb2xvcj0iI0ZGRkZGRiIgY2xhc3M9ImlhdHRucGV5Ij6h+bG+yczGt6TPtPrS/bK7v8nJzMa3pMekuaGjobi0+tL9obnS1M3ipM6kqtankkKkpKTypKrfeKTTz8KktaSkoaM8YnI+CjxpbWcgc3JjPSJodHRwczovL2ltYWdlLnJha3V0ZW4uY28uanAvYmVzdDk5L2NhYmluZXQvY2FtL2RpYmlraS5naWYiIGFsdD0itPq98NL9k1Gyu7/JyczGtyIgYm9yZGVyPSIwIiA+PGJyPgrNqLOjm1GcZ6OopKrZSaSkzu+lrKWkpcmhuKSq1qeSQqSkt723qKTLpMSkpKTGobmk8qS0tF/VSqSvpMCktaSkoaM8L3RkPgo8L3RyPgo8dGg+xeQgy808L3RoPgo8dGQgY2xhc3M9ImlhdHRuZGVsaSIgYmdjb2xvcj0iI0ZGRkZGRiI+CjxwIHN0eWxlPSJmb250LXNpemU6IDEycHg7IGNvbG9yOiNDQzAwMDA7Ij6h+aSqveyksZVy6WeOoaTO1ri2qKSspKrK3KSxpMekraTepLuk86GjPGJyPgqh+cnMxrekzqSqveyksaTepMe8czLfTOlnpPKkpKS/pMCkraTepLmhozxicj4KofmxvsnMxrekz8jV6tc/16PI1aTOpKq97KSxpKykx6StpN6ku6TzoaOkoqTppKukuKThpLTBy7PQz8KktaSkoaM8YnI+CqH5m1+/ST/reI11pNikzqSqveyksaTLpM+EZc2+y83Bz6Ty7ZSkraTepLmhozwvcD48L3RkPgo8L3RyPgo8L3RhYmxlPgoKPHRhYmxlIHdpZHRoPSIxMDAlIiBib3JkZXI9IjAiIGNlbGxzcGFjaW5nPSIxIiBjZWxscGFkZGluZz0iOCIgY2xhc3M9Imlfc3BlYyI+PHRyPjx0ZCBjb2xzcGFuPSIyIiBiZ2NvbG9yPSIjRjNGM0YzIj4KPGI+PGZvbnQgY29sb3I9IjMzMyI+1JS8mj+luaXapcOlrzwvZm9udD48L2I+PC90ZD48L3RyPgo8dHI+Cjx0aD7JzMa31WjD9zwvdGg+Cjx0ZCBjbGFzcz0iaWV4cGxhbmF0aW9uIiBiZ2NvbG9yPSIjRkZGRkZGIj4Koe+lsaWipeylw6XIpdWlqaXrpcYysbPJz6SyMaXiqWClv6lgpdmlw6XJpbulw6XIW4xtuLY/pcCl1qXrpbOlpKXrpd6lw6XIpeyluV08YnI+CqH5sb7JzMa3pM+hoqG4t8fVbsuwobnJzMa3pMekuaSsoaKlt6W5pcal4MnPobjLsN56obm98O5+pKyhoqSq1qeSQr3w7n6kyKTKpOqk3qS5oaMKPC90ZD4KPC90cj4KCjx0cj4KPHRoPqW1paSlujwvdGg+Cjx0ZCBjbGFzcz0iaXNpemUiIGJnY29sb3I9IiNGRkZGRkYiPgo/pdmlw6XJPGJyPgql3Klgpcm3+aO6MTAyLjAvMTA1LjBjbTxicj4KpdypYKXJuN+jujc0LjCjrzQ2LjBjbTxicj4K6UyktToyMTkuNWNtPGJyPgq0ssPmuN+jujI0LjCjrzMwLjWjrzM3LjBjbSCjqKXepcOlyKXspbmk8rqspN6kyqSko6k8YnI+Cjxicj4KP6XApdal66WzpaSl66XepcOlyKXspbk8YnI+Crf5OTYuMKHBuvGktTE4LjChwelMpLUxOTYuMGNtPGJyPgql2aXDpcmkzrSyw+a436O6NDIuMKOvNDguNaOvNTUuMGNtCjwvdGQ+CjwvdHI+Cgo8dHI+Cjx0aD6yxCDZfDwvdGg+Cjx0ZCBjbGFzcz0iaW1hdGVyaWFsIiBiZ2NvbG9yPSIjRkZGRkZGIj4KP6XZpcOlyTxicj4KpdmpYKW5pdWl7KlgpeCyvzqluaXBqWCl6zxicj4KxL6yvzpNREahoszsyLvEvs27sOWholBViVTXsDxicj4KPGJyPgo/pcCl1qXrpbOlpKXrpd6lw6XIpeyluTxicj4KzeKlq6XQqWCjuqXdpeqlqKW5pcal6zxicj4K1tCyxKO6pd2lsaXDpcils6WkpeuhoqWmpeylv6XzCjwvdGQ+CjwvdHI+Cgo8dHI+Cjx0aD7W2CDBvzwvdGg+Cjx0ZCBjbGFzcz0iaWt1bWl0YXRlIiBiZ2NvbG9yPSIjRkZGRkZGIj4Kpdmlw6XJo7o3OC41a2c8YnI+CqXepcOlyKXspbmjujI0LjBrZwo8L3RkPgo8L3RyPgoKPHRyPgo8dGg+tLLD5tDO17Q8L3RoPgo8dGQgY2xhc3M9Imljb3VudHJ5IiBiZ2NvbG9yPSIjRkZGRkZGIj4KsbPJz6Syvce2yKOoMKHjoas3MKHjo6k8YnI+Cs+lyc+ksr3HtsijqDCh46GrMjKh46OpPGJyPgql2KXDpcml7KW5pci9x7bIKDCh46GrMjeh4ykKPC90ZD4KPC90cj4KCjx0cj4KPHRoPuuKINS0PC90aD4KPHRkIGNsYXNzPSJpY291bnRyeSIgYmdjb2xvcj0iI0ZGRkZGRiI+CjEwMFajqDUwLzYwSHqjqQo8L3RkPgo8L3RyPgoKPHRyPgo8dGg+yfquYrn6PC90aD4KPHRkIGNsYXNzPSJpY291bnRyeSIgYmdjb2xvcj0iI0ZGRkZGRiI+CrG+zOWjutbQufo8YnI+CsS+sr+juqXZpcilyqXgPGJyPgql3qXDpcil7KW5o7rW0Ln6CjwvdGQ+CjwvdHI+Cgo8dHI+Cjx0aD6l4qlgpb+pYLK/PC90aD4KPHRkIGNsYXNzPSJpY291bnRyeSIgYmdjb2xvcj0iI0ZGRkZGRiI+CkxJTU9TU8nn0XUKPC90ZD4KPC90cj4KCjx0cj4KPHRoPpd5ILD8PC90aD4KPHRkIGNsYXNzPSJpY291bnRyeSIgYmdjb2xvcj0iI0ZGRkZGRiI+CjSXebD8CjwvdGQ+CjwvdHI+Cgo8dHI+Cjx0aD7X7rTzyrnTw9XfzOXW2DwvdGg+Cjx0ZCBjbGFzcz0iaWNvdW50cnkiIGJnY29sb3I9IiNGRkZGRkYiPgoxMjBrZ6OvsLLIq8q508O6ydbYo7oxNzAwTgo8L3RkPgo8L3RyPgoKPHRyPgo8dGg+pL2kzsv7PC90aD4KPHRkIGNsYXNzPSJpYXR0bnR4dCIgYmdjb2xvcj0iI0ZGRkZGRiI+CoG7vXm8vLeoobjKuNlOpOq807mkobmho8S+xL+k8rvupKukt6S/oaK6zaTI0fOkrMjaus+kt6S/w8Ckt6SkpceltqWkpfOhozxicj4KxL7Ev6TyyrikzqTopKaky9KKpLuk66Gigbu9ebXEpMrEvrmkvLy3qKG4yrjZTqTqobmk8qXcqWClyaTOpceltqWkpfOky5Lx08Okt6TepLekv6GjPGJyPgrSu8yo0rvMqKTOxL6kzrHtx+mkzt9gpKSk5KGi0oqk673HtsihornipM61saS/pOq3vaTLpOik68mrpM6d4rWtpMuhoqXZpcOlyaTOgoDQ1KTyuNCkuKTrpLOkyKSspMekraTrpMekt6TnpKahozxicj4KP7Gzyc+ksjGl4qlgpb+pYKXZpcOlyTxicj4Kpe+lpKXkqWCkzs3R18Wky6TopOqhorGzyc+ksoVntsCkq7Gzz6XfQoTTpeqlr6XppaSly6XzpbCky8fQpOrM5qSopOmk7KTepLmho6OosbPJz6SyNzCh4yCxs8+l30KE0zcwoeMvMjKh46OpPGJyPgqh+c+lhWe2wKTHpM6l6qWvpemlpKXLpfOlsKTPpMekraTepLuk86GjPGJyPgo/pcCl1qXrpbOlpKXrpd6lw6XIpeyluTxicj4K1+6437yJpM7H3tDEtdiho8nPz8IyjNOhorrP04sxNDIygoCkzqXdpbGlw6XIpbOlpKXrpKykuaTZpMakzsjLpPKDnqS3pK+w/KTf3nqk36TepLmhozxicj4Koe/Jz4zTpM++gL62MS40bW2kzrGh0M2lpKXzpcqpYKXdpbGlw6XIpbOlpKXrpPI5ODeCgKGiz8KM06TPvoC+tjEuOW1tpM6l3aWxpcOlyKWzpaSl66TyNDM1goDKudPDoaM8YnI+CqHvpd2lsaXDpcils6Wkpeukz7rhxeTB0KTHpbml4KlgpbqkyqXqpa+l6aWkpcul86WwpKy/ycTcpMekuaGjPGJyPgqh76O0pMSkzrP0mt2ky4S/ufuk8rBrk12kuaTruN/Q1MTcy9iyxKG4pa2l5algpcil6qlgL0NVVEVMWaG5pPKS8dPDoaM8YnI+CqGhurmz9KTkvNP9aLP0pM7UrdLypMikyqTrpaKl86XipculoqGi9aHL4aGipaSlvbyqst3L4aGipc6lzaXKqWCl64ydpLeDnqTspL/P+7P0hL+5+6TysGuTXaS3pN6kuaGjCjwvdGQ+CjwvdHI+CjwvdGFibGU+PHN0eWxlIHR5cGU9InRleHQvY3NzIj4KQGNoYXJzZXQgInV0Zi04IjsKLyogQ1NTIERvY3VtZW50ICovCgo8L3N0eWxlPgoKCgo8YnI+PGJyPgo8aW1nIHNyYz0iaHR0cDovL2ltYWdlLnJha3V0ZW4uY28uanAvYmVzdDk5L2NhYmluZXQvMDM5NDIwODAvYmVkX21laW4uanBnIiB3aWR0aD0iODQwIiAvPgoKCgoKPC9odG1sPg==,pbGloqXspcOlyKXVpaml66XGMiCxs8nPpLIxpeKpYKW/qWCl2aXDpcmlu6XDpcgojG24tj+lwKXWpeuls6Wkpeul3qXDpcil7KW5KSDrioTTpdmlw6XJIIxtuLalv6Wkpdcg64qE0yCl2aXDpckrpd6lw6XIpeyluaW7pcOlyCCl6qWvpemlpKXLpfOlsKXZpcOlySC96ddvpdmlw6XJINK9r5+l2aXDpckgpbel86Wwpeul2aXDpckgpdel6aXDpcQgUExBVFogcGxhdHMgvU3Boulfl3nUT9bDn2/BzyBby83Bz59vwc9do7pCOTk=,pbGloqXspcOlyKXVpaml66XGMiCxs8nPpLIxpeKpYKW/qWCl2aXDpcmlu6XDpcgojG24tj+lwKXWpeuls6Wkpeul3qXDpcil7KW5KSDrioTTpdmlw6XJIIxtuLalv6Wkpdcg64qE0yCl2aXDpckrpd6lw6XIpeyluaW7pcOlyCCl6qWvpemlpKXLpfOlsKXZpcOlySC96ddvpdmlw6XJINK9r5+l2aXDpckgpbel86Wwpeul2aXDpckgpdel6aXDpcQgUExBVFogcGxhdHMgvU3Boulfl3nUT9bDn2/BzyBby83Bz59vwc9d,ob69TcGi6V+XedRP1sOfb8HPob8gpbGloqXspcOlyKXVpaml66XGMiDrioTTpdmlw6XJoaOlsaWipeylw6XIpdWlqaXrpcYyILGzyc+ksjGl4qlgpb+pYKXZpcOlyaW7pcOlyCiMbbi2P6XApdal66WzpaSl66XepcOlyKXspbkpIOuKhNOl2aXDpckgjG24tqW/paSl1yDrioTTIKXZpcOlySul3qXDpcil7KW5pbulw6XIIKXqpa+l6aWkpcul86Wwpdmlw6XJIL3p12+l2aXDpckg0r2vn6XZpcOlySClt6XzpbCl66XZpcOlySCl16XppcOlxCBQTEFUWiBwbGF0cyC9TcGi6V+XedRP1sOfb8HPIFvLzcHPn2/Bz10=[rn]
40-32984,aHR0cDovL3RzaG9wLnIxMHMuanAvaS1vZmZpY2UxL2NhYmluZXQvdGs3LzI5MzMzNDYuanBnP2ZpdGluPTcwMDo3MDA=,MzYyODguMDAwMA==,,paSl86XGpeqloj/H3r7fP4WnvHsgPiDH3r7fID4gpdmlw6XJpdGlw6XJ,pdWl6aXzpbml2aXDpckgpaalqaXDpbel46XWpesgtc23tLBrpdmlw6XJpdGlw6XJIKXvpaSlyaXApdal6yAgt/Okr6TApLGkx7XNt7Swa5lDxNyl16Xppbkgz7SkqKTrILXNt7Swa6XZpcOlyaXRpcOlySCl76WkpcmlwKXWpesgt/Ol0aXDpckgt/OkraXRpcOlydF1IGZyYW5jZWJlZA==,paalqaXDpbel46XWpesgtc23tLBrpdmlw6XJpdGlw6XJIKXvpaSlyaXApdal6w==,Cgo8aW1nIHNyYz0iaHR0cHM6Ly9pbWFnZS5yYWt1dGVuLmNvLmpwL2ktb2ZmaWNlMS9jYWJpbmV0L3RrNy8yOTMzMzQ2LmpwZyIgYWx0PSIiICAgID48YnI+PGJyPgo8aW1nIHNyYz0iaHR0cHM6Ly9pbWFnZS5yYWt1dGVuLmNvLmpwL2ktb2ZmaWNlMS9jYWJpbmV0L3RrNy9lZmZlXzAyLmpwZyIgYWx0PSKl1aXppfOluaXZpcOlyaTLpMSkpKTGIiAgPjxicj48YnI+CjxpbWcgc3JjPSJodHRwczovL2ltYWdlLnJha3V0ZW4uY28uanAvaS1vZmZpY2UxL2NhYmluZXQvdGs3LzI5MzMzNDNfMDEuanBnIiBhbHQ9IiIgICAgPjxicj48YnI+CjxpbWcgc3JjPSJodHRwczovL2ltYWdlLnJha3V0ZW4uY28uanAvaS1vZmZpY2UxL2NhYmluZXQvdGs3LzI5MzMzNDNfMDIuanBnIiBhbHQ9IiIgICAgPjxicj48YnI+CjxpbWcgc3JjPSJodHRwczovL2ltYWdlLnJha3V0ZW4uY28uanAvaS1vZmZpY2UxL2NhYmluZXQvdGs3LzI5MzMzNDNfMDMuanBnIiBhbHQ9IiIgICAgPjxicj48YnI+Cgo8aW1nIHNyYz0iaHR0cHM6Ly9pbWFnZS5yYWt1dGVuLmNvLmpwL2ktb2ZmaWNlMS9jYWJpbmV0L3RrNy8yOTMzMzExXzAyLmpwZyIgYWx0PSIiICAgdXNlbWFwPSIjTWFwIiAgPgo8bWFwIG5hbWU9Ik1hcCI+CiAgPGFyZWEgc2hhcGU9InJlY3QiIGNvb3Jkcz0iMTMsMTkyLDE3MSwzMDgiIGhyZWY9Imh0dHBzOi8vaXRlbS5yYWt1dGVuLmNvLmpwL2ktb2ZmaWNlMS8yOTMzMzQ3LyI+CiAgPGFyZWEgc2hhcGU9InJlY3QiIGNvb3Jkcz0iNTAzLDY4LDY2MSwxODQiIGhyZWY9Imh0dHBzOi8vaXRlbS5yYWt1dGVuLmNvLmpwL2ktb2ZmaWNlMS8yOTMzMzQ2LyI+CiAgPGFyZWEgc2hhcGU9InJlY3QiIGNvb3Jkcz0iMzQwLDY4LDQ5OCwxODQiIGhyZWY9Imh0dHBzOi8vaXRlbS5yYWt1dGVuLmNvLmpwL2ktb2ZmaWNlMS8yOTMzMzQ1LyI+CjxhcmVhIHNoYXBlPSJyZWN0IiBjb29yZHM9IjE3OCw2OSwzMzYsMTg1IiBocmVmPSJodHRwczovL2l0ZW0ucmFrdXRlbi5jby5qcC9pLW9mZmljZTEvMjkzMzM0NC8iPjxhcmVhIHNoYXBlPSJyZWN0IiBjb29yZHM9IjEzLDY4LDE3MSwxODQiIGhyZWY9Imh0dHBzOi8vaXRlbS5yYWt1dGVuLmNvLmpwL2ktb2ZmaWNlMS8yOTMzMzQzLyI+CjwvbWFwPgo8YnI+PGJyPgo8aW1nIHNyYz0iaHR0cHM6Ly9pbWFnZS5yYWt1dGVuLmNvLmpwL2ktb2ZmaWNlMS9jYWJpbmV0L3RrNy9iZWRwYWRfbGluZS5qcGciIGFsdD0iIiAgICA+PGJyPjxicj4KPGltZyBzcmM9Imh0dHBzOi8vaW1hZ2UucmFrdXRlbi5jby5qcC9pLW9mZmljZTEvY2FiaW5ldC90azcvYmVkcGFkX2xpbmsuanBnIiBhbHQ9IiIgICB1c2VtYXA9IiNNYXAyOSIgID4KPG1hcCBuYW1lPSJNYXAyOSIgaWQ9Ik1hcDI5Ij4KICA8YXJlYSBzaGFwZT0icmVjdCIgY29vcmRzPSI1MTMsODI0LDY1OSw4NjAiIGhyZWY9Imh0dHBzOi8vaXRlbS5yYWt1dGVuLmNvLmpwL2ktb2ZmaWNlMS8yOTMzMzkxLyIgLz4KICA8YXJlYSBzaGFwZT0icmVjdCIgY29vcmRzPSI1MTMsNzgzLDY1OSw4MTkiIGhyZWY9Imh0dHBzOi8vaXRlbS5yYWt1dGVuLmNvLmpwL2ktb2ZmaWNlMS8yOTMzMzQzLyIgLz4KICA8YXJlYSBzaGFwZT0icmVjdCIgY29vcmRzPSI1MTQsNzI2LDY2MCw3NjIiIGhyZWY9Imh0dHBzOi8vaXRlbS5yYWt1dGVuLmNvLmpwL2ktb2ZmaWNlMS8yOTMzMzg2LyIgLz4KICA8YXJlYSBzaGFwZT0icmVjdCIgY29vcmRzPSI1MTQsNjgxLDY2MCw3MTciIGhyZWY9Imh0dHBzOi8vaXRlbS5yYWt1dGVuLmNvLmpwL2ktb2ZmaWNlMS8yOTAwMTc1LyIgLz4KICA8YXJlYSBzaGFwZT0icmVjdCIgY29vcmRzPSI1MTIsNjI2LDY1OCw2NjIiIGhyZWY9Imh0dHBzOi8vaXRlbS5yYWt1dGVuLmNvLmpwL2ktb2ZmaWNlMS8yOTMzMzgwLyIgLz4KICA8YXJlYSBzaGFwZT0icmVjdCIgY29vcmRzPSI1MTQsNTgxLDY2MCw2MTciIGhyZWY9Imh0dHBzOi8vaXRlbS5yYWt1dGVuLmNvLmpwL2ktb2ZmaWNlMS8yOTMzMzMyLyIgLz4KICA8YXJlYSBzaGFwZT0icmVjdCIgY29vcmRzPSI1MTIsNTMwLDY1OCw1NjYiIGhyZWY9Imh0dHBzOi8vaXRlbS5yYWt1dGVuLmNvLmpwL2ktb2ZmaWNlMS8yOTMzMzc1LyIgLz4KICA8YXJlYSBzaGFwZT0icmVjdCIgY29vcmRzPSI1MTMsNDg1LDY1OSw1MjEiIGhyZWY9Imh0dHBzOi8vaXRlbS5yYWt1dGVuLmNvLmpwL2ktb2ZmaWNlMS8yOTMzMzI3LyIgLz4KICA8YXJlYSBzaGFwZT0icmVjdCIgY29vcmRzPSI1MTMsNDI2LDY1OSw0NjIiIGhyZWY9Imh0dHBzOi8vaXRlbS5yYWt1dGVuLmNvLmpwL2ktb2ZmaWNlMS8yOTA3MjAxLyIgLz4KICA8YXJlYSBzaGFwZT0icmVjdCIgY29vcmRzPSI1MTQsMzg0LDY2MCw0MjAiIGhyZWY9Imh0dHBzOi8vaXRlbS5yYWt1dGVuLmNvLmpwL2ktb2ZmaWNlMS8yOTMzMzE2LyIgLz4KICA8YXJlYSBzaGFwZT0icmVjdCIgY29vcmRzPSI1MTQsMzI3LDY2MCwzNjMiIGhyZWY9Imh0dHBzOi8vaXRlbS5yYWt1dGVuLmNvLmpwL2ktb2ZmaWNlMS8yOTMzMzU5LyIgLz4KICA8YXJlYSBzaGFwZT0icmVjdCIgY29vcmRzPSI1MTEsMjg2LDY1NywzMjIiIGhyZWY9Imh0dHBzOi8vaXRlbS5yYWt1dGVuLmNvLmpwL2ktb2ZmaWNlMS8yOTMzMzExLyIgLz4KICA8YXJlYSBzaGFwZT0icmVjdCIgY29vcmRzPSI1MTIsMjI2LDY1OCwyNjIiIGhyZWY9Imh0dHBzOi8vaXRlbS5yYWt1dGVuLmNvLmpwL2ktb2ZmaWNlMS8yOTA3MTAxLyIgLz4KICA8YXJlYSBzaGFwZT0icmVjdCIgY29vcmRzPSI1MTMsMTgyLDY1OSwyMTgiIGhyZWY9Imh0dHBzOi8vaXRlbS5yYWt1dGVuLmNvLmpwL2ktb2ZmaWNlMS8yOTMzMzAwLyIgLz4KPC9tYXA+Cjxicj4KPGJyPjxwIGNsYXNzPSJkZWxpdl9mZWVfaG9rdSI+sbG6o7XApNikzsXky82kz4Rlzb7LzcHPpKykq6SrpOqk3qS5oaM8YnI+sbG6o7XAy83Bz6O6ob6xsTOhv6W/paSl1zwvcD4KPEJSPjxwIHN0eWxlPSJmb250LXNpemU6MTJweDsgY29sb3I6I0ZGMDAwMDsiPqH5lXLpZ9a4tqikzzGx46OoOS0xNJVyo6mhojKx46OoMTItMTiVcqOpoaK9S8jVseOjqDktMTiVcqOppM6k36TIpMqk6qTepLmhozxCUj6h+bXY0/Kky6TopMOkxsXky82kzurXyNWkrM/etqiktaTspOuI9rrPpOShopVy6WfWuLaopKyz0KTspMqkpIj2us+krKS0pLakpKTepLmhozxCUj6h+Ztfv0mhout4jXWk2KTOpKq97KSxpM+z9sC0pN6ku6TzoaM8QlI+PC9wPjxociBzdHlsZT0iYm9yZGVyOiBub25lOyBib3JkZXItdG9wOiBkYXNoZWQgMXB4ICMwMDAwMDA7aGVpZ2h0OiAxcHg7IGNvbG9yOiAjZmZmZmZmOyI+yczGt6W1paSluqO6t/kxNTShwbDC0NAxOTWhwbjfpLUzMGNtPEJSPoLIoaG12KO6se212KXdpeqlqKW5pcal6zYwJaGhvmQ0MKOlo6jO/Lq5P8vZx6zQ1KXRpaSl68n6tdijqTxCUj4K0Vm12KO6pd2l6qWopbmlxqXrODAloaG+ZDIwo6WjqKXRpaSl67XYo6k8QlI+ClvUkc7vo7o8QlI+CqXdpeqlpqXspb+l86XVpampYKXgPEJSPjxociBzdHlsZT0iYm9yZGVyOiBub25lOyBib3JkZXItdG9wOiBkYXNoZWQgMXB4ICMwMDAwMDA7aGVpZ2h0OiAxcHg7IGNvbG9yOiAjZmZmZmZmOyI+paalqaXDpbel46XWpeu1zbe0sGul2aXDpcml0aXDpcmkz6Giy66k4r/Vmt2k4qS5pKSkuaSkkmmksaTrpKuk6cuuz7SkpE9LIdDCpb+lpKXXpM6fb8Sktc23tLBrpdWlqalgpeCkwKSrpOmhos/EpM+l4KXspLqky6S1pO+k5KSroaK2rKTPv9Wa3aTOsaPOwozTpMukyqTqzsKkq6SkoaPO/Lq5y9nHrNDUpM6436Skyfq12KTykvHTw6S3pMakpKTepLmho7XNt7Swa6Wmpeylv6XzpM+hosntzOWkztDOpMu6z6TvpLukxsnypN/eeqTfoaLM5YhSpPK++dK7pMvO/IWnP7fWyaKkt6TGpK+k7KTepLmho6TepL+horKo0M2kzqXXpe2l1aWhpaSl67zTuaSk8pLx08Oho7XjpMex7cPmpM6k0qTIpMSk0qTIpMSkzrXjpKzJ7czlpPLWp6SopOukzqTHzOWIUqTyt9bJoqS3pMakr6TspN6kuaGjsaGkr6TG3VikpKXZpcOlyaXRpcOlyaTPoaK386SvpMCksaTHzOWIUrfWyaKEv7n7P8fe0MS12M/yyc+krMbatP2kx6StoaLPtKSopOukzqTHpKSkxKTHpOLH5Z2No6E8QlI+PHN0eWxlIHR5cGU9InRleHQvY3NzIj4KI3JhbmtpbmdfaXRlbXBhZ2Vfcm1zIHsKd2lkdGg6NjgwcHg7CmZvbnQtc2l6ZToxMnB4Owpib3JkZXI6c29saWQgNXB4ICNGRkI0MDA7CmJhY2tncm91bmQ6ICNmZmYKfQoKI3JhbmtpbmdfaXRlbXBhZ2Vfcm1zIGRpdiB7CmJhY2tncm91bmQ6IHVybChodHRwOi8vd3d3LnJha3V0ZW4ubmUuanAvZ29sZC9pLW9mZmljZTEvaW1hZ2VzL2JhY2tfcmFua2luZ19ybXMucG5nKSBuby1yZXBlYXQ7CmJvcmRlci10b3A6c29saWQgNXB4ICNGRkI0MDA7Cn0KCiNyYW5raW5nX2l0ZW1wYWdlX3JtcyBhIHsKdGV4dC1kZWNvcmF0aW9uOm5vbmU7Cn0KCiNyYW5raW5nX2l0ZW1wYWdlX3JtcyBpbWcgewpib3JkZXI6MAp9CgojcmFua2luZ19pdGVtcGFnZV9ybXMgYTpob3ZlciB7CnRleHQtZGVjb3JhdGlvbjp1bmRlcmxpbmUKfQoKI3JhbmtpbmdfaXRlbXBhZ2Vfcm1zIC50aXRsZSB7CnBhZGRpbmctdG9wOjIwcHg7Cm1hcmdpbjowCn0KCiNyYW5raW5nX2l0ZW1wYWdlX3JtcyAudGl0bGUgaW1nIHsKd2lkdGg6OTYuNSU7CnBhZGRpbmctbGVmdDoyJQp9CgojcmFua2luZ19pdGVtcGFnZV9ybXMgdWwgewptYXJnaW46MDsKcGFkZGluZzoyJTsKfQoKI3JhbmtpbmdfaXRlbXBhZ2Vfcm1zIGxpIHsKd2lkdGg6MTglOwptYXJnaW4tcmlnaHQ6MiU7Cmxpc3Qtc3R5bGU6IG5vbmU7CmZsb2F0OmxlZnQ7CmxpbmUtaGVpZ2h0OjEuNjsKfQoKI3JhbmtpbmdfaXRlbXBhZ2Vfcm1zIC5yYW5raWNvbiB7CndpZHRoOjY1cHg7Cm1hcmdpbi1ib3R0b206MTBweAp9CgojcmFua2luZ19pdGVtcGFnZV9ybXMgbGk6bnRoLWNoaWxkKDEpIHsKd2lkdGg6MjAlOwp9CgojcmFua2luZ19pdGVtcGFnZV9ybXMgbGk6bnRoLWNoaWxkKDUpIHsKbWFyZ2luLXJpZ2h0OjAKfQoKI3JhbmtpbmdfaXRlbXBhZ2Vfcm1zIGxpIGltZyB7CndpZHRoOjEwMCUKfQoKI3JhbmtpbmdfaXRlbXBhZ2Vfcm1zIGxpIHAgewpkaXNwbGF5OmJsb2NrOwptYXJnaW46MAp9CgojcmFua2luZ19pdGVtcGFnZV9ybXMgbGkgYSB7CmNvbG9yOiM1NzlERTUKfQoKI3JhbmtpbmdfaXRlbXBhZ2Vfcm1zIGxpIHAuaXRlbV9uYW1lIHsKZm9udC1zaXplOjExcHg7CmhlaWdodDo2MHB4Cn0KCiNyYW5raW5nX2l0ZW1wYWdlX3JtcyBsaTpudGgtY2hpbGQoMSkgcC5pdGVtX25hbWUgewpoZWlnaHQ6NjBweAp9CgojcmFua2luZ19pdGVtcGFnZV9ybXMgbGkgcC5wcmljZSB7CmZvbnQtc2l6ZToxNHB4Owpmb250LXdlaWdodDpib2xkOwpjb2xvcjojRkYwMDAwOwp9CgovKtlJpKTO76WrpbSl3KW/pfMqLwojcmFrdXRlbkxpbWl0ZWRJZF9hcm91bmRDYXJ0IGlucHV0W3ZhbHVlPSLZSaSkzu+kq6S0pMvI66TspOsiXSwgaW5wdXRbdmFsdWU9ItPovHOkuaTrIl0KIHsKd2lkdGg6IDIzM3B4OwpoZWlnaHQ6IDUycHg7CmJhY2tncm91bmQ6dXJsKGh0dHA6Ly9pbWFnZS5yYWt1dGVuLmNvLmpwL2ktb2ZmaWNlMS9jYWJpbmV0LzAzOTQyMDM3L2NhcnQuZ2lmKSAjZmNmY2ZjIG5vLXJlcGVhdDsKb3ZlcmZsb3c6IGhpZGRlbjsKYm9yZGVyLXdpZHRoOiAwcHg7CmN1cnNvcjogcG9pbnRlciAhaW1wb3J0YW50Owp0ZXh0LWluZGVudDogMTUwJTsKd2hpdGUtc3BhY2U6IG5vd3JhcDsKbWFyZ2luOiA1cHggMCAwIDA7Cn0KCgovKoKAyv3I68GmKi8KI3Jha3V0ZW5MaW1pdGVkSWRfYXJvdW5kQ2FydCBpbnB1dCN1bml0cyB7CmJvcmRlcjpzb2xpZCAjY2NjIDFweDsKYmFja2dyb3VuZDojZmZmIWltcG9ydGFudDsKY3Vyc29yOmF1dG87CnRleHQtaW5kZW50OiAwcHg7Cm92ZXJmbG93OiBoaWRkZW47Cn0KCiNyYWt1dGVuTGltaXRlZElkX2Fyb3VuZENhcnQgKiB7CmZvbnQtZmFtaWx5OiAio82j0yCj0KW0pbelw6WvIixzYW5zLXNlcmlmICFpbXBvcnRhbnQ7Cn0KCiNyYWt1dGVuTGltaXRlZElkX2Fyb3VuZENhcnQgI3NlcnZpY2VUYWJsZVNtbCB0ZC5mYXZvcml0ZSB7CndpZHRoOiAzMDBweCAhaW1wb3J0YW50Owp9CgovKqWrqWClyMnMxre3rLrFKi8Kc3Bhbi5pdGVtX251bWJlcl90aXRsZSB7CmJhY2tncm91bmQ6IG5vbmUgcmVwZWF0IHNjcm9sbCAwIDAgIzNiNTk5ODsKY29sb3I6ICNmZmY7CmRpc3BsYXk6IGJsb2NrOwpmbG9hdDogbGVmdDsKbWFyZ2luLWJvdHRvbTogMjBweDsKcGFkZGluZzogM3B4IDZweDsKZm9udC1zaXplOiAxMDAlICFpbXBvcnRhbnQ7Cn0KCnNwYW4uaXRlbV9udW1iZXIgewpib3JkZXI6IDFweCBzb2xpZCAjM2I1OTk4Owpjb2xvcjogIzAwMDAwMDsKZGlzcGxheTogYmxvY2s7CmZvbnQtd2VpZ2h0OiBib2xkOwpsZXR0ZXItc3BhY2luZzogMC4xZW07Cm1hcmdpbi1ib3R0b206IDIwcHg7Cm1hcmdpbi1sZWZ0OiAtMC41ZW07CnBhZGRpbmc6IDJweCA4cHg7Cn0KCjwvc3R5bGU+Cgo8ZGl2IGlkPSJyYW5raW5nX2l0ZW1wYWdlX3JtcyI+CjxkaXY+CjxwIGNsYXNzPSJ0aXRsZSI+PGltZyBzcmM9Imh0dHA6Ly93d3cucmFrdXRlbi5uZS5qcC9nb2xkL2ktb2ZmaWNlMS9pbWFnZXMvdGl0bGVfcmFua2luZ19ybXMucG5nIiAvPjwvcD4KPHVsPgo8bGk+PGltZyBzcmM9Imh0dHA6Ly93d3cucmFrdXRlbi5uZS5qcC9nb2xkL2ktb2ZmaWNlMS9pbWFnZXMvcmFua2ljb24xX3Jhbmtpbmdfcm1zLnBuZyIgY2xhc3M9InJhbmtpY29uIiAvPjxpbWcgc3JjPSJodHRwOi8vaW1hZ2UucmFrdXRlbi5jby5qcC9pLW9mZmljZTEvY2FiaW5ldC90YWtlOS8yMzMwMDAyMi5qcGciIC8+PHAgY2xhc3M9Iml0ZW1fbmFtZSI+ob7I1bG+0XWhv83oz7SkpE9Lo6HR8sOrMTAwo6XKudPDo6HP+7P0paapYKXrt/OkraXRpcOlyTwvcD48cCBjbGFzcz0icHJpY2UiPjUsOTgwg9I8L3A+PC9saT4KPGxpPjxpbWcgc3JjPSJodHRwOi8vd3d3LnJha3V0ZW4ubmUuanAvZ29sZC9pLW9mZmljZTEvaW1hZ2VzL3JhbmtpY29uMl9yYW5raW5nX3Jtcy5wbmciIGNsYXNzPSJyYW5raWNvbiIgLz48aW1nIHNyYz0iaHR0cDovL2ltYWdlLnJha3V0ZW4uY28uanAvaS1vZmZpY2UxL2NhYmluZXQvdGs5LzExMjAxMjE0LmpwZyIgLz48cCBjbGFzcz0iaXRlbV9uYW1lIj6k1aTvpNWk76Xepbel5aXepe2lv6XDpcGh76SipMOkv6Srpd6lpKWvpe2l1aWhpaSl0Klgt/Ol0aXDpck8L3A+PHAgY2xhc3M9InByaWNlIj4yLDI5MYPSPC9wPjwvbGk+CjxsaT48aW1nIHNyYz0iaHR0cDovL3d3dy5yYWt1dGVuLm5lLmpwL2dvbGQvaS1vZmZpY2UxL2ltYWdlcy9yYW5raWNvbjNfcmFua2luZ19ybXMucG5nIiBjbGFzcz0icmFua2ljb24iIC8+PGltZyBzcmM9Imh0dHA6Ly9pbWFnZS5yYWt1dGVuLmNvLmpwL2ktb2ZmaWNlMS9jYWJpbmV0L3RrOS8xMTIwMDY3Ny5qcGciIC8+PHAgY2xhc3M9Iml0ZW1fbmFtZSI+pNWk76TVpO+l3qW3peWl3qXtpb+lw6XBoe+koqTDpL+kq6XepaSlr6XtpdWloaWkpdCpYMOrsrw8L3A+PHAgY2xhc3M9InByaWNlIj4yLDI5MYPSPC9wPjwvbGk+CjxsaT48aW1nIHNyYz0iaHR0cDovL3d3dy5yYWt1dGVuLm5lLmpwL2dvbGQvaS1vZmZpY2UxL2ltYWdlcy9yYW5raWNvbjRfcmFua2luZ19ybXMucG5nIiBjbGFzcz0icmFua2ljb24iIC8+PGltZyBzcmM9Imh0dHA6Ly9pbWFnZS5yYWt1dGVuLmNvLmpwL2ktb2ZmaWNlMS9jYWJpbmV0L3RibTUvMTQwNTEwMjIuanBnIiAvPjxwIGNsYXNzPSJpdGVtX25hbWUiPqG+paKl5KXIpbmhv2ZpbmxheXNvbiCl0aXzpcCx+qXqpdCpYKW3pdal68OrsryhvpZ8vqnO97Soob88L3A+PHAgY2xhc3M9InByaWNlIj44LDY0MIPSPC9wPjwvbGk+CjxsaT48aW1nIHNyYz0iaHR0cDovL3d3dy5yYWt1dGVuLm5lLmpwL2dvbGQvaS1vZmZpY2UxL2ltYWdlcy9yYW5raWNvbjVfcmFua2luZ19ybXMucG5nIiBjbGFzcz0icmFua2ljb24iIC8+PGltZyBzcmM9Imh0dHA6Ly9pbWFnZS5yYWt1dGVuLmNvLmpwL2ktb2ZmaWNlMS9jYWJpbmV0L2ljaGkxMi8zODUwMDc0LmpwZyIgLz48cCBjbGFzcz0iaXRlbV9uYW1lIj6hvt1Ywb+hv9Pww6ukzjKxtqSipL+kv6SrpKSjoaW3pfOltaXsqWClyKWmpeulyKXpkuyksbK8h+I8L3A+PHAgY2xhc3M9InByaWNlIj41LDk4MIPSPC9wPjwvbGk+CgoKPGJyIHN0eWxlPSJjbGVhcjpib3RoIiAvPgo8L3VsPgo8L2Rpdj4KCgo8L2Rpdj4=,pdWl6aXzpbml2aXDpckgpaalqaXDpbel46XWpesgtc23tLBrpdmlw6XJpdGlw6XJIKXvpaSlyaXApdal6yAgt/Okr6TApLGkx7XNt7Swa5lDxNyl16Xppbkgz7SkqKTrILXNt7Swa6XZpcOlyaXRpcOlySCl76WkpcmlwKXWpesgt/Ol0aXDpckgt/OkraXRpcOlydF1IGZyYW5jZWJlZKO6vNK+36TOpaSl86XGpeqloqWqpdWlo6W5pe+l8w==,pdmlw6XJpb2l1aWhqWCl1aXppfOluaXZpcOlybzSvt8gzajYnMfevt+yvIfipaupYKXapcOlyKXHpbmlr6XBpaeloqlgpcapYKXWpeuFp7x7vNK+36W9pdWloalgpdmlw6XJpcal7KXTzKjX+dLO19PS/dS9pLfQwr7TpaupYKXGpfOlpKXzpcal6qWipbel56XDpdel1aXppfOluaXZpcOlySClpqWppcOlt6Xjpdal6yC1zbe0sGul2aXDpcml0aXDpckgpe+lpKXJpcCl1qXrICC386SvpMCksaTHtc23tLBrmUPE3KXXpemluSDPtKSopOsgtc23tLBrpdmlw6XJpdGlw6XJIKXvpaSlyaXApdal6yC386XRpcOlySC386StpdGlw6XJ0XUgZnJhbmNlYmVk,paalqaXDpbel46XWpesgtc23tLBrpdmlw6XJpdGlw6XJIKXvpaSlyaXApdal66GjpdWl6aXzpbml2aXDpckgpaalqaXDpbel46XWpesgtc23tLBrpdmlw6XJpdGlw6XJIKXvpaSlyaXApdal6yAgt/Okr6TApLGkx7XNt7Swa5lDxNyl16Xppbkgz7SkqKTrILXNt7Swa6XZpcOlyaXRpcOlySCl76WkpcmlwKXWpesgt/Ol0aXDpckgt/OkraXRpcOlydF1IGZyYW5jZWJlZA==[rn]
40-32985,aHR0cDovL3RzaG9wLnIxMHMuanAvaS1vZmZpY2UxL2NhYmluZXQvdGs1LzE0MDAwNjEzLmpwZz9maXRpbj03MDA6NzAw,Nzg0MC4wMDAw,,paSl86XGpeqloj/H3r7fP4WnvHsgPiDH3r7fID4gpdmlw6XJpdGlw6XJ,iYjBvyDR8sOrIKXZpcOlyaXRpcOlySClwKXWpeuhvsvNwc+fb8HPob+lpqlgpeu386StpdGlw6XJP6XApdal66Xcpeql5algpeCkv6TDpNek6tbQvmQzLjFrZyClpqlgpesgtqykz8WvpKukr6Giz8Skz5v2pLekpKXZpcOlyaXRpcOlyKGjvmSkzrfzpdGlw6XJo6Egpdmlw6XJ08PH3r7fIKXZpcOlyaXRpcOlyCC386XRpcOlyCCl2aXDpcml0aXDpck=,paapYKXrt/OkraXRpcOlyT+lwKXWpesgiYjBvyDR8sOrILfzpdGlw6XJoe8=,PGltZyBzcmM9Imh0dHBzOi8vaW1hZ2UucmFrdXRlbi5jby5qcC9pLW9mZmljZTEvY2FiaW5ldC90azUvMTQwMDA2MTMuanBnIiBib3JkZXI9IjAiPjxCUj4KPGltZyBzcmM9Imh0dHBzOi8vaW1hZ2UucmFrdXRlbi5jby5qcC9pLW9mZmljZTEvY2FiaW5ldC90azUvMTQwMDA2MTBfMDIuanBnIiBib3JkZXI9IjAiPjxCUj4KPGltZyBzcmM9Imh0dHBzOi8vaW1hZ2UucmFrdXRlbi5jby5qcC9pLW9mZmljZTEvY2FiaW5ldC90azUvMTQwMDA2MTBfMDMuanBnIiBib3JkZXI9IjAiPjxCUj4KPGltZyBzcmM9Imh0dHBzOi8vaW1hZ2UucmFrdXRlbi5jby5qcC9pLW9mZmljZTEvY2FiaW5ldC90azUvMTQwMDA2MTBfMDQuanBnIiBib3JkZXI9IjAiPjxCUj4KPGltZyBzcmM9Imh0dHBzOi8vaW1hZ2UucmFrdXRlbi5jby5qcC9pLW9mZmljZTEvY2FiaW5ldC90azUvMTQwMDA2MTBfMDUuanBnIiBib3JkZXI9IjAiPjxCUj4KPGltZyBzcmM9Imh0dHBzOi8vaW1hZ2UucmFrdXRlbi5jby5qcC9pLW9mZmljZTEvY2FiaW5ldC90azUvMTQwMDA2MTBfMDYuanBnIiBib3JkZXI9IjAiPjxCUj4KPGltZyBzcmM9Imh0dHBzOi8vaW1hZ2UucmFrdXRlbi5jby5qcC9pLW9mZmljZTEvY2FiaW5ldC90azUvMTQwMDA2MTBfMDcuanBnIiBib3JkZXI9IjAiPjxCUj4KPEJSPjxpbWcgc3JjPSJodHRwczovL2ltYWdlLnJha3V0ZW4uY28uanAvaS1vZmZpY2UxL2NhYmluZXQvdGs1LzE0MDAwNjEwXzA4LmpwZyIgYm9yZGVyPSIwIiB1c2VtYXA9IiNNYXAiPjxCUj4KPG1hcCBuYW1lPSJNYXAiPgogIDxhcmVhIHNoYXBlPSJyZWN0IiBjb29yZHM9IjUxMSw2OSw2NjEsMTk4IiBocmVmPSJodHRwczovL2l0ZW0ucmFrdXRlbi5jby5qcC9pLW9mZmljZTEvMTQwMDA2MTMvIj4KICA8YXJlYSBzaGFwZT0icmVjdCIgY29vcmRzPSIzNDksNzAsNDk5LDE5OSIgaHJlZj0iaHR0cHM6Ly9pdGVtLnJha3V0ZW4uY28uanAvaS1vZmZpY2UxLzE0MDAwNjEyLyI+CjxhcmVhIHNoYXBlPSJyZWN0IiBjb29yZHM9IjE4Miw3MCwzMzIsMTk5IiBocmVmPSJodHRwczovL2l0ZW0ucmFrdXRlbi5jby5qcC9pLW9mZmljZTEvMTQwMDA2MTEvIj48YXJlYSBzaGFwZT0icmVjdCIgY29vcmRzPSIxMyw3MSwxNjMsMjAwIiBocmVmPSJodHRwczovL2l0ZW0ucmFrdXRlbi5jby5qcC9pLW9mZmljZTEvMTQwMDA2MTAvIj48L21hcD4KPEJSPjxwIGNsYXNzPSJkZWxpdl9mZWVfaG9rdSI+sbG6o7XApNikzsXky82kz4Rlzb7LzcHPpKykq6SrpOqk3qS5oaM8YnI+sbG6o7XAy83Bz6O6ob6xsTKhv6W/paSl1zwvcD4KPGJyPjxwIHN0eWxlPSJmb250LXNpemU6MTJweDsgY29sb3I6I0ZGMDAwMDsiPqH5m1+/SaGi63iNdT/faLj0tdiky+l2pLek3qS3pMakz4Rlzb7LzcHPpKykq6SrpOqk3qS5oaM8L3A+PGhyIHN0eWxlPSJib3JkZXI6IG5vbmU7IGJvcmRlci10b3A6IGRhc2hlZCAxcHggIzAwMDAwMDtoZWlnaHQ6IDFweDsgY29sb3I6ICNmZmZmZmY7Ij7JzMa3pbWlpKW6o7q3+TE0MKHBsMLQ0DIwMGNtPGJyPtbYwb+jurxzMy40a2co1tC+ZNbYwb+jurxzMy4xa2cpPGJyPgrJ+rXYo7q+ZDEwMCUoMjAwsb6l1qXtqWClySk8YnI+CrdSxt6lraXrpcg/NKW5pd+ltKXguLY8YnI+CtHyw6ukz6GipdWl6aXzpbmuYtPWpM+ly6XlqWCluKlgpeml86XJrmKk8sq508Ohozxicj4KyNWxvtF1PGJyPjxociBzdHlsZT0iYm9yZGVyOiBub25lOyBib3JkZXItdG9wOiBkYXNoZWQgMXB4ICMwMDAwMDA7aGVpZ2h0OiAxcHg7IGNvbG9yOiAjZmZmZmZmOyI+paapYKXrvmSk8jEwMKOlP9mYm2eky8q508Okt6S/pdmlw6XJpdGlw6XJoaMKpcCl1qXrpM/R8sOrMy4xa2ekpKTspL+JiMG/pb+lpKXXo6HW0L5kpMukz6WmqWCl6zEwMKOlpPKS8dPDpLekxqSkpOukzqTHoaKkt6TDpKuk6qTIsaPOwj+3xcqqpLekxqSvpOyk66TOpMehoqWqqWCl66W3qWCluqXzv+zfbd9epLSku6TepLmhowrPxKTPm/akt6SvoaK2rKTPxa+kq6SkoaPM7Mi7pM6kzKSvpOKk6rjQpLik66XZpcOlyaXRpcOlyaTHpLmhozxicj48c3R5bGUgdHlwZT0idGV4dC9jc3MiPgojcmFua2luZ19pdGVtcGFnZV9ybXMgewp3aWR0aDo2ODBweDsKZm9udC1zaXplOjEycHg7CmJvcmRlcjpzb2xpZCA1cHggI0ZGQjQwMDsKYmFja2dyb3VuZDogI2ZmZgp9CgojcmFua2luZ19pdGVtcGFnZV9ybXMgZGl2IHsKYmFja2dyb3VuZDogdXJsKGh0dHA6Ly93d3cucmFrdXRlbi5uZS5qcC9nb2xkL2ktb2ZmaWNlMS9pbWFnZXMvYmFja19yYW5raW5nX3Jtcy5wbmcpIG5vLXJlcGVhdDsKYm9yZGVyLXRvcDpzb2xpZCA1cHggI0ZGQjQwMDsKfQoKI3JhbmtpbmdfaXRlbXBhZ2Vfcm1zIGEgewp0ZXh0LWRlY29yYXRpb246bm9uZTsKfQoKI3JhbmtpbmdfaXRlbXBhZ2Vfcm1zIGltZyB7CmJvcmRlcjowCn0KCiNyYW5raW5nX2l0ZW1wYWdlX3JtcyBhOmhvdmVyIHsKdGV4dC1kZWNvcmF0aW9uOnVuZGVybGluZQp9CgojcmFua2luZ19pdGVtcGFnZV9ybXMgLnRpdGxlIHsKcGFkZGluZy10b3A6MjBweDsKbWFyZ2luOjAKfQoKI3JhbmtpbmdfaXRlbXBhZ2Vfcm1zIC50aXRsZSBpbWcgewp3aWR0aDo5Ni41JTsKcGFkZGluZy1sZWZ0OjIlCn0KCiNyYW5raW5nX2l0ZW1wYWdlX3JtcyB1bCB7Cm1hcmdpbjowOwpwYWRkaW5nOjIlOwp9CgojcmFua2luZ19pdGVtcGFnZV9ybXMgbGkgewp3aWR0aDoxOCU7Cm1hcmdpbi1yaWdodDoyJTsKbGlzdC1zdHlsZTogbm9uZTsKZmxvYXQ6bGVmdDsKbGluZS1oZWlnaHQ6MS42Owp9CgojcmFua2luZ19pdGVtcGFnZV9ybXMgLnJhbmtpY29uIHsKd2lkdGg6NjVweDsKbWFyZ2luLWJvdHRvbToxMHB4Cn0KCiNyYW5raW5nX2l0ZW1wYWdlX3JtcyBsaTpudGgtY2hpbGQoMSkgewp3aWR0aDoyMCU7Cn0KCiNyYW5raW5nX2l0ZW1wYWdlX3JtcyBsaTpudGgtY2hpbGQoNSkgewptYXJnaW4tcmlnaHQ6MAp9CgojcmFua2luZ19pdGVtcGFnZV9ybXMgbGkgaW1nIHsKd2lkdGg6MTAwJQp9CgojcmFua2luZ19pdGVtcGFnZV9ybXMgbGkgcCB7CmRpc3BsYXk6YmxvY2s7Cm1hcmdpbjowCn0KCiNyYW5raW5nX2l0ZW1wYWdlX3JtcyBsaSBhIHsKY29sb3I6IzU3OURFNQp9CgojcmFua2luZ19pdGVtcGFnZV9ybXMgbGkgcC5pdGVtX25hbWUgewpmb250LXNpemU6MTFweDsKaGVpZ2h0OjYwcHgKfQoKI3JhbmtpbmdfaXRlbXBhZ2Vfcm1zIGxpOm50aC1jaGlsZCgxKSBwLml0ZW1fbmFtZSB7CmhlaWdodDo2MHB4Cn0KCiNyYW5raW5nX2l0ZW1wYWdlX3JtcyBsaSBwLnByaWNlIHsKZm9udC1zaXplOjE0cHg7CmZvbnQtd2VpZ2h0OmJvbGQ7CmNvbG9yOiNGRjAwMDA7Cn0KCi8q2UmkpM7vpaultKXcpb+l8yovCiNyYWt1dGVuTGltaXRlZElkX2Fyb3VuZENhcnQgaW5wdXRbdmFsdWU9ItlJpKTO76SrpLSky8jrpOyk6yJdLCBpbnB1dFt2YWx1ZT0i0+i8c6S5pOsiXQogewp3aWR0aDogMjMzcHg7CmhlaWdodDogNTJweDsKYmFja2dyb3VuZDp1cmwoaHR0cDovL2ltYWdlLnJha3V0ZW4uY28uanAvaS1vZmZpY2UxL2NhYmluZXQvMDM5NDIwMzcvY2FydC5naWYpICNmY2ZjZmMgbm8tcmVwZWF0OwpvdmVyZmxvdzogaGlkZGVuOwpib3JkZXItd2lkdGg6IDBweDsKY3Vyc29yOiBwb2ludGVyICFpbXBvcnRhbnQ7CnRleHQtaW5kZW50OiAxNTAlOwp3aGl0ZS1zcGFjZTogbm93cmFwOwptYXJnaW46IDVweCAwIDAgMDsKfQoKCi8qgoDK/cjrwaYqLwojcmFrdXRlbkxpbWl0ZWRJZF9hcm91bmRDYXJ0IGlucHV0I3VuaXRzIHsKYm9yZGVyOnNvbGlkICNjY2MgMXB4OwpiYWNrZ3JvdW5kOiNmZmYhaW1wb3J0YW50OwpjdXJzb3I6YXV0bzsKdGV4dC1pbmRlbnQ6IDBweDsKb3ZlcmZsb3c6IGhpZGRlbjsKfQoKI3Jha3V0ZW5MaW1pdGVkSWRfYXJvdW5kQ2FydCAqIHsKZm9udC1mYW1pbHk6ICKjzaPTIKPQpbSlt6XDpa8iLHNhbnMtc2VyaWYgIWltcG9ydGFudDsKfQoKI3Jha3V0ZW5MaW1pdGVkSWRfYXJvdW5kQ2FydCAjc2VydmljZVRhYmxlU21sIHRkLmZhdm9yaXRlIHsKd2lkdGg6IDMwMHB4ICFpbXBvcnRhbnQ7Cn0KCi8qpaupYKXIyczGt7esusUqLwpzcGFuLml0ZW1fbnVtYmVyX3RpdGxlIHsKYmFja2dyb3VuZDogbm9uZSByZXBlYXQgc2Nyb2xsIDAgMCAjM2I1OTk4Owpjb2xvcjogI2ZmZjsKZGlzcGxheTogYmxvY2s7CmZsb2F0OiBsZWZ0OwptYXJnaW4tYm90dG9tOiAyMHB4OwpwYWRkaW5nOiAzcHggNnB4Owpmb250LXNpemU6IDEwMCUgIWltcG9ydGFudDsKfQoKc3Bhbi5pdGVtX251bWJlciB7CmJvcmRlcjogMXB4IHNvbGlkICMzYjU5OTg7CmNvbG9yOiAjMDAwMDAwOwpkaXNwbGF5OiBibG9jazsKZm9udC13ZWlnaHQ6IGJvbGQ7CmxldHRlci1zcGFjaW5nOiAwLjFlbTsKbWFyZ2luLWJvdHRvbTogMjBweDsKbWFyZ2luLWxlZnQ6IC0wLjVlbTsKcGFkZGluZzogMnB4IDhweDsKfQoKPC9zdHlsZT4KCjxkaXYgaWQ9InJhbmtpbmdfaXRlbXBhZ2Vfcm1zIj4KPGRpdj4KPHAgY2xhc3M9InRpdGxlIj48aW1nIHNyYz0iaHR0cDovL3d3dy5yYWt1dGVuLm5lLmpwL2dvbGQvaS1vZmZpY2UxL2ltYWdlcy90aXRsZV9yYW5raW5nX3Jtcy5wbmciIC8+PC9wPgo8dWw+CjxsaT48aW1nIHNyYz0iaHR0cDovL3d3dy5yYWt1dGVuLm5lLmpwL2dvbGQvaS1vZmZpY2UxL2ltYWdlcy9yYW5raWNvbjFfcmFua2luZ19ybXMucG5nIiBjbGFzcz0icmFua2ljb24iIC8+PGltZyBzcmM9Imh0dHA6Ly9pbWFnZS5yYWt1dGVuLmNvLmpwL2ktb2ZmaWNlMS9jYWJpbmV0L3Rha2U5LzIzMzAwMDIyLmpwZyIgLz48cCBjbGFzcz0iaXRlbV9uYW1lIj6hvsjVsb7RdaG/zejPtKSkT0ujodHyw6sxMDCjpcq508Ojoc/7s/Slpqlgpeu386StpdGlw6XJPC9wPjxwIGNsYXNzPSJwcmljZSI+NSw5ODCD0jwvcD48L2xpPgo8bGk+PGltZyBzcmM9Imh0dHA6Ly93d3cucmFrdXRlbi5uZS5qcC9nb2xkL2ktb2ZmaWNlMS9pbWFnZXMvcmFua2ljb24yX3Jhbmtpbmdfcm1zLnBuZyIgY2xhc3M9InJhbmtpY29uIiAvPjxpbWcgc3JjPSJodHRwOi8vaW1hZ2UucmFrdXRlbi5jby5qcC9pLW9mZmljZTEvY2FiaW5ldC90azkvMTEyMDEyMTQuanBnIiAvPjxwIGNsYXNzPSJpdGVtX25hbWUiPqTVpO+k1aTvpd6lt6Xlpd6l7aW/pcOlwaHvpKKkw6S/pKul3qWkpa+l7aXVpaGlpKXQqWC386XRpcOlyTwvcD48cCBjbGFzcz0icHJpY2UiPjIsMjkxg9I8L3A+PC9saT4KPGxpPjxpbWcgc3JjPSJodHRwOi8vd3d3LnJha3V0ZW4ubmUuanAvZ29sZC9pLW9mZmljZTEvaW1hZ2VzL3JhbmtpY29uM19yYW5raW5nX3Jtcy5wbmciIGNsYXNzPSJyYW5raWNvbiIgLz48aW1nIHNyYz0iaHR0cDovL2ltYWdlLnJha3V0ZW4uY28uanAvaS1vZmZpY2UxL2NhYmluZXQvdGs5LzExMjAwNjc3LmpwZyIgLz48cCBjbGFzcz0iaXRlbV9uYW1lIj6k1aTvpNWk76Xepbel5aXepe2lv6XDpcGh76SipMOkv6Srpd6lpKWvpe2l1aWhpaSl0Klgw6uyvDwvcD48cCBjbGFzcz0icHJpY2UiPjIsMjkxg9I8L3A+PC9saT4KPGxpPjxpbWcgc3JjPSJodHRwOi8vd3d3LnJha3V0ZW4ubmUuanAvZ29sZC9pLW9mZmljZTEvaW1hZ2VzL3JhbmtpY29uNF9yYW5raW5nX3Jtcy5wbmciIGNsYXNzPSJyYW5raWNvbiIgLz48aW1nIHNyYz0iaHR0cDovL2ltYWdlLnJha3V0ZW4uY28uanAvaS1vZmZpY2UxL2NhYmluZXQvdGJtNS8xNDA1MTAyMi5qcGciIC8+PHAgY2xhc3M9Iml0ZW1fbmFtZSI+ob6loqXkpciluaG/ZmlubGF5c29uIKXRpfOlwLH6peql0Klgpbel1qXrw6uyvKG+lny+qc73tKihvzwvcD48cCBjbGFzcz0icHJpY2UiPjgsNjQwg9I8L3A+PC9saT4KPGxpPjxpbWcgc3JjPSJodHRwOi8vd3d3LnJha3V0ZW4ubmUuanAvZ29sZC9pLW9mZmljZTEvaW1hZ2VzL3JhbmtpY29uNV9yYW5raW5nX3Jtcy5wbmciIGNsYXNzPSJyYW5raWNvbiIgLz48aW1nIHNyYz0iaHR0cDovL2ltYWdlLnJha3V0ZW4uY28uanAvaS1vZmZpY2UxL2NhYmluZXQvaWNoaTEyLzM4NTAwNzQuanBnIiAvPjxwIGNsYXNzPSJpdGVtX25hbWUiPqG+3VjBv6G/0/DDq6TOMrG2pKKkv6S/pKukpKOhpbel86W1peypYKXIpaal66XIpemS7KSxsryH4jwvcD48cCBjbGFzcz0icHJpY2UiPjUsOTgwg9I8L3A+PC9saT4KCgo8YnIgc3R5bGU9ImNsZWFyOmJvdGgiIC8+CjwvdWw+CjwvZGl2PgoKCjwvZGl2Pg==,iYjBvyDR8sOrIKXZpcOlyaXRpcOlySClwKXWpeuhvsvNwc+fb8HPob+lpqlgpeu386StpdGlw6XJP6XApdal66Xcpeql5algpeCkv6TDpNek6tbQvmQzLjFrZyClpqlgpesgtqykz8WvpKukr6Giz8Skz5v2pLekpKXZpcOlyaXRpcOlyKGjvmSkzrfzpdGlw6XJo6Egpdmlw6XJ08PH3r7fIKXZpcOlyaXRpcOlyCC386XRpcOlyCCl2aXDpcml0aXDpcmjurzSvt+kzqWkpfOlxqXqpaKlqqXVpaOluaXvpfM=,pdmlw6XJpb2l1aWhqWCl1aXppfOluaXZpcOlybzSvt8gzajYnMfevt+yvIfipaupYKXapcOlyKXHpbmlr6XBpaeloqlgpcapYKXWpeuFp7x7vNK+36W9pdWloalgpdmlw6XJpcal7KXTzKjX+dLO19PS/dS9pLfQwr7TpaupYKXGpfOlpKXzpcal6qWipbel56XDpdeJiMG/INHyw6sgpdmlw6XJpdGlw6XJIKXApdal66G+y83Bz59vwc+hv6WmqWCl67fzpK2l0aXDpck/pcCl1qXrpdyl6qXlqWCl4KS/pMOk16Tq1tC+ZDMuMWtnIKWmqWCl6yC2rKTPxa+kq6SvoaLPxKTPm/akt6Skpdmlw6XJpdGlw6XIoaO+ZKTOt/Ol0aXDpcmjoSCl2aXDpcnTw8fevt8gpdmlw6XJpdGlw6XIILfzpdGlw6XIIKXZpcOlyaXRpcOlyQ==,paapYKXrt/OkraXRpcOlyT+lwKXWpesgiYjBvyDR8sOrILfzpdGlw6XJoe+ho4mIwb8g0fLDqyCl2aXDpcml0aXDpckgpcCl1qXrob7LzcHPn2/Bz6G/paapYKXrt/OkraXRpcOlyT+lwKXWpeul3KXqpeWpYKXgpL+kw6TXpOrW0L5kMy4xa2cgpaapYKXrILaspM/Fr6SrpK+hos/EpM+b9qS3pKSl2aXDpcml0aXDpciho75kpM6386XRpcOlyaOhIKXZpcOlydPDx96+3yCl2aXDpcml0aXDpcggt/Ol0aXDpcggpdmlw6XJpdGlw6XJ[rn]
40-32986,aHR0cDovL3RzaG9wLnIxMHMuanAvaS1vZmZpY2UxL2NhYmluZXQvMzMtMDIvMzMwNDE1Ny5qcGc/Zml0aW49NzAwOjcwMA==,NDgyMTEuMjAwMA==,,paSl86XGpeqloj/H3r7fP4WnvHsgPiDH3r7fID4gpdmlw6XJpdGlw6XJ,pcml6qlgpeCl2aXDpckgpdmlw6XJpdGlw6XJIKWvpaSpYKXzMiBQRC05Mzggpa2l46Xhpeul0KXDpckgUTIgt/OkraXRpcOlySC386StpdGlw6XIIKXZpcOlyKXRpcOlyCClyaXqqWCl4KXZpcOlySBkcmVhbWJlZA==,pdmlw6XJpdGlw6XJIFEy,PGltZyBzcmM9Imh0dHBzOi8vaW1hZ2UucmFrdXRlbi5jby5qcC9pLW9mZmljZTEvY2FiaW5ldC8zMy0wMi8zMzA0MTU3LmpwZyIgd2lkdGg9IjEwMCUiPjxicj48YnI+PGltZyBzcmM9Imh0dHBzOi8vaW1hZ2UucmFrdXRlbi5jby5qcC9pLW9mZmljZTEvY2FiaW5ldC8zMy0wMi8zMzA0MTU3XzEuanBnIiB3aWR0aD0iMTAwJSI+PHRhYmxlIHdpZHRoPSIxMDAlIiBib3JkZXI9IjAiIGNlbGxzcGFjaW5nPSIxIiBjZWxscGFkZGluZz0iOCIgY2xhc3M9ImlfaW5mbyI+PHRib2R5Pjx0cj48dGQgY29sc3Bhbj0iMiIgY2xhc3M9ImlfaW5mb190Ij48Yj48Zm9udCBjb2xvcj0iMzMzIj6lpKXzpdWlqaXhqWClt6XnpfM/16LS4srC7Zc8L2ZvbnQ+PC9iPjwvdGQ+PC90cj48dHI+PHRoPsvNwc+ky6TEpKSkxjwvdGg+PHRkIGNsYXNzPSJpYXR0bnNvcnlvIiBiZ2NvbG9yPSIjRkZGRkZGIj6xsbqjtcDLzcHPo7qhvrGxMqG/pb+lpKXXPC90ZD48L3RyPjx0cj48dGg+m1GcZ7e9t6iky6TEpKSkxjwvdGg+PHRkIGJnY29sb3I9IiNGRkZGRkYiIGNsYXNzPSJpYXR0bnBleSI+ob60+r3w0v2TUbK7v8mhvzwvdGQ+PC90cj48dHI+PHRoPsXkIMvNPC90aD48dGQgY2xhc3M9ImlhdHRuZGVsaSIgYmdjb2xvcj0iI0ZGRkZGRiI+PHAgc3R5bGU9ImZvbnQtc2l6ZTogMTJweDsgY29sb3I6I0NDMDAwMDsiPqG+ytzXosn6rmKjurx7xtq8czPfTOlnob+hvptfv0k/63iNdcXky82yu7/Job88L3A+PC90ZD48L3RyPjwvdGJvZHk+PC90YWJsZT48dGFibGUgd2lkdGg9IjEwMCUiIGJvcmRlcj0iMCIgY2VsbHNwYWNpbmc9IjEiIGNlbGxwYWRkaW5nPSI4IiBjbGFzcz0iaV9zcGVjIj48dGJvZHk+PHRyPjx0ZCBjb2xzcGFuPSIyIiBiZ2NvbG9yPSIjRjNGM0YzIj48Yj48Zm9udCBjb2xvcj0iMzMzIj7UlLyaP6W5pdqlw6WvPC9mb250PjwvYj48L3RkPjwvdHI+PHRyPjx0aD7JzMa31WjD9zwvdGg+PHRkIGNsYXNzPSJpZXhwbGFuYXRpb24iIGJnY29sb3I9IiNGRkZGRkYiPjxwPtLC7pDTw6TLpOLKuaSopOu8mqSvyOGk6aSrpMql2aXTqWClraXjpeGl66TyMTAwo6XKudPDIKWmqWCl66TLg56k67fFyqrQ1C/I4aTppKuktS+8oaS2pO+k6jwvcD48L3RkPjwvdHI+PHRyPjx0aD6ltaWkpbo8L3RoPjx0ZCBjbGFzcz0iaXNpemUiIGJnY29sb3I9IiNGRkZGRkYiPjxwPjxicj7N4rTnpbWlpKW6o7q3+TE2M2NtocGwwtDQpK0xOThjbTxicj48L3A+PC90ZD48L3RyPjx0cj48dGg+ssQg2Xw8L3RoPjx0ZCBjbGFzcz0iaW1hdGVyaWFsIiBiZ2NvbG9yPSIjRkZGRkZGIj48YnI+gsjJ+rXYo7q+ZDEwMKOlo6iluaXgqWCluaXLpcOlyKOpINbQssSjuqXdpeqlqKW5pcal6zEwMKOlINbQvmSjuqWtpeOl4aXrMTAwo6U8L3RkPjwvdHI+PHRyPjx0aD69TSDBojwvdGg+PHRkIGNsYXNzPSJpa3VtaXRhdGUiIGJnY29sb3I9IiNGRkZGRkYiPs3qs8nGtzxicj48dHI+PHRoPqS9pM7L+z/XotLiysLtlzwvdGg+PHRkIGNsYXNzPSJpYXR0bnR4dCIgYmdjb2xvcj0iI0ZGRkZGRiI+0XXGt9bYwb+jujEuNmtnPGJyPjxicj6h9s+0pKik66OopaalqaXDpbel46XWpeujqTxicj6h9srWz7SkpDxicj6h9qWzqWClyqlgpdml66XIuLakrTxicj6h+b5kpM6HirP2pLek8rfA1rmkuaTrpL+k4aGi1tCyxKTLsru/l7K8pPLI66TspL/Ky5iUpMukt6TGpKSk3qS5pKyhoqXZpdOpYKWtpeOl4aXrpM6YT7yav42+U6TOpLekyqTkpKuktaTyk3CkyqTvpMqkpKTopKaky6Giyfq12KTLvKG0paTqpM7BvKSkvmSly6XDpcik8pLx08Okt6TGpKSk3qS5pM6kx6GivmSkzoeKs/akt6TyzerIq6TLt8DWuaS5pOuks6TIpM+kx6StpN6ku6TzoaOkqs+05aqk8qS1pOyk6+tIpM+PiqSkxKaywaTysdyksaGiytbPtKSkpPKkt6TGz8KktaSkoaM8YnI+ofnK3NeiyfquYqTOpL+k4aGiM99M6WekpKS/pMCkraTepLmhozxicj48L3RkPjwvdHI+PC90Ym9keT48L3RhYmxlPjx0YWJsZSB3aWR0aD0iMTAwJSIgYm9yZGVyPSIwIiBjZWxsc3BhY2luZz0iMSIgY2VsbHBhZGRpbmc9IjgiIGNsYXNzPSJpX2thbnJlbiI+PHRyPjx0ZCBjb2xzcGFuPSIyIiBiZ2NvbG9yPSIjRjNGM0YzIj48Yj48Zm9udCBjb2xvcj0iMzMzIj7pdt9CyczGtzwvZm9udD48L2I+PC90ZD48L3RyPjx0aD6lt6XqqWClusnMxrc8L3RoPjx0ZCBjbGFzcz0iaXZhbCIgYmdjb2xvcj0iI0ZGRkZGRiI+PHA+pdmlw6XJpdGlw6XJIFBTPGJyPjxicj6l2aXDpcml0aXDpckgU0Q8YnI+PGJyPqXZpcOlyaXRpcOlySBEPGJyPjxicj6l2aXDpcml0aXDpckgUTE8YnI+PGJyPqXZpcOlyaXRpcOlySBRMjxicj48YnI+pdmlw6XJpdGlw6XJIFNLPGJyPjxicj6l2aXDpcml0aXDpckgSzI8YnI+PGJyPjwvcD48L3RkPjwvdHI+PC90YWJsZT48c3R5bGU+Ci8q2UmkpM7vpaultKXcpb+l8yovCiNyYWt1dGVuTGltaXRlZElkX2Fyb3VuZENhcnQgaW5wdXRbdmFsdWU9ItlJpKTO76SrpLSky8jrpOyk6yJdLCBpbnB1dFt2YWx1ZT0i0+i8c6S5pOsiXQogewogIHdpZHRoOiAyMzNweDsKICBoZWlnaHQ6IDUycHg7CiAgYmFja2dyb3VuZDp1cmwoaHR0cDovL2ltYWdlLnJha3V0ZW4uY28uanAvaS1vZmZpY2UxL2NhYmluZXQvMDM5NDIwMzcvY2FydC5naWYpICNmY2ZjZmMgbm8tcmVwZWF0OwogIG92ZXJmbG93OiBoaWRkZW47CiAgYm9yZGVyLXdpZHRoOiAwcHg7CiAgY3Vyc29yOiBwb2ludGVyICFpbXBvcnRhbnQ7CiAgdGV4dC1pbmRlbnQ6IDE1MCU7CiAgd2hpdGUtc3BhY2U6IG5vd3JhcDsKICBtYXJnaW46IDVweCAwIDAgMDsKfQoKCi8qgoDK/cjrwaYqLwojcmFrdXRlbkxpbWl0ZWRJZF9hcm91bmRDYXJ0IGlucHV0I3VuaXRzIHsKICBib3JkZXI6c29saWQgI2NjYyAxcHg7CiAgYmFja2dyb3VuZDojZmZmIWltcG9ydGFudDsKICBjdXJzb3I6YXV0bzsKICB0ZXh0LWluZGVudDogMHB4OwogIG92ZXJmbG93OiBoaWRkZW47Cn0KCiNyYWt1dGVuTGltaXRlZElkX2Fyb3VuZENhcnQgKiB7CiAgICBmb250LWZhbWlseTogIqPNo9Mgo9CltKW3pcOlryIsc2Fucy1zZXJpZiAhaW1wb3J0YW50Owp9CgoKI3Jha3V0ZW5MaW1pdGVkSWRfYXJvdW5kQ2FydCAjc2VydmljZVRhYmxlU21sIHRkLmZhdm9yaXRlIHsKd2lkdGg6IDMwMHB4ICFpbXBvcnRhbnQ7Cn0KLyqlq6lgpcjJzMa3t6y6xSovCnNwYW4uaXRlbV9udW1iZXJfdGl0bGUgewogICAgYmFja2dyb3VuZDogbm9uZSByZXBlYXQgc2Nyb2xsIDAgMCAjM2I1OTk4OwogICAgY29sb3I6ICNmZmY7CiAgICBkaXNwbGF5OiBibG9jazsKICAgIGZsb2F0OiBsZWZ0OwogICAgbWFyZ2luLWJvdHRvbTogMjBweDsKICAgIHBhZGRpbmc6IDNweCA2cHg7CiAgICBmb250LXNpemU6IDEwMCUgIWltcG9ydGFudDsKfQpzcGFuLml0ZW1fbnVtYmVyIHsKICAgIGJvcmRlcjogMXB4IHNvbGlkICMzYjU5OTg7CiAgICBjb2xvcjogIzAwMDAwMDsKICAgIGRpc3BsYXk6IGJsb2NrOwogICAgZm9udC13ZWlnaHQ6IGJvbGQ7CiAgICBsZXR0ZXItc3BhY2luZzogMC4xZW07CiAgICBtYXJnaW4tYm90dG9tOiAyMHB4OwogICAgbWFyZ2luLWxlZnQ6IC0wLjVlbTsKICAgIHBhZGRpbmc6IDJweCA4cHg7Cn0gCjwvc3R5bGU+,pcml6qlgpeCl2aXDpckgpdmlw6XJpdGlw6XJIKWvpaSpYKXzMiBQRC05Mzggpa2l46Xhpeul0KXDpckgUTIgt/OkraXRpcOlySC386StpdGlw6XIIKXZpcOlyKXRpcOlyCClyaXqqWCl4KXZpcOlySBkcmVhbWJlZKO6vNK+36TOpaSl86XGpeqloqWqpdWlo6W5pe+l8w==,pdmlw6XJpb2l1aWhqWCl1aXppfOluaXZpcOlybzSvt8gzajYnMfevt+yvIfipaupYKXapcOlyKXHpbmlr6XBpaeloqlgpcapYKXWpeuFp7x7vNK+36W9pdWloalgpdmlw6XJpcal7KXTzKjX+dLO19PS/dS9pLfQwr7TpaupYKXGpfOlpKXzpcal6qWipbel56XDpdelyaXqqWCl4KXZpcOlySCl2aXDpcml0aXDpckgpa+lpKlgpfMyIFBELTkzOCClraXjpeGl66XQpcOlySBRMiC386StpdGlw6XJILfzpK2l0aXDpcggpdmlw6XIpdGlw6XIIKXJpeqpYKXgpdmlw6XJIGRyZWFtYmVk,pdmlw6XJpdGlw6XJIFEyoaOlyaXqqWCl4KXZpcOlySCl2aXDpcml0aXDpckgpa+lpKlgpfMyIFBELTkzOCClraXjpeGl66XQpcOlySBRMiC386StpdGlw6XJILfzpK2l0aXDpcggpdmlw6XIpdGlw6XIIKXJpeqpYKXgpdmlw6XJIGRyZWFtYmVk[rn]
40-32987,aHR0cDovL3RzaG9wLnIxMHMuanAvaS1vZmZpY2UxL2NhYmluZXQvc2hpMDEvMjc1MTA3NjcuanBnP2ZpdGluPTcwMDo3MDA=,MTE1MDguODAwMA==,,paSl86XGpeqloj/H3r7fP4WnvHsgPiDH3r7fID4gpdmlw6XJpdGlw6XJ,QVNMRUVQKKWipbml6qlgpdcpIKXHpemlw6Wvpbml0aXDpckgpe+lpKXJpcCl1qXrIMjVuMmktz/Lrs+0pKSjz6PLIM+05aqlzaXDpci4tiCl3KXqpeWpYKXgpL+kw6TXpOogy9nHrNDUIL+5vvq3wLP0,QVNMRUVQKKWipbml6qlgpdcpICClx6XppcOlr6W5pdGlw6XJIKXvpaSlyaXApdal66GhyNW4yaS3Pw==,PGltZyBzcmM9Imh0dHBzOi8vaW1hZ2UucmFrdXRlbi5jby5qcC9pLW9mZmljZTEvY2FiaW5ldC9zaGkwMS8yNzUxMDc2Ny5qcGciPjx0YWJsZSB3aWR0aD0iMTAwJSIgYm9yZGVyPSIwIiBjZWxsc3BhY2luZz0iMSIgY2VsbHBhZGRpbmc9IjgiIGNsYXNzPSJpX2luZm8iPgogIDx0cj4KICAgIDx0ZCBjb2xzcGFuPSIyIiBjbGFzcz0iaV9pbmZvX3QiPgogICAgICA8Yj48Zm9udCBjb2xvcj0iMzMzIj6lpKXzpdWlqaXhqWClt6XnpfM/16LS4srC7Zc8L2ZvbnQ+PC9iPgogICAgPC90ZD4KICA8L3RyPgoKICA8dGg+y83Bz6TLpMSkpKTGPC90aD4KICA8dGQgY2xhc3M9ImlhdHRuc29yeW8iIGJnY29sb3I9IiNGRkZGRkYiPgogICAgPHAgY2xhc3M9ImRlbGl2X2ZlZV9ob2t1Ij6xsbqjtcCk2KTOxeTLzaTPhGXNvsvNwc+krKSrpKuk6qTepLmhozxicj6xsbqjtcDLzcHPo7qhvrGxMaG/pb+lpKXXICAgPC9wPiA8L3RkPgogIDwvdHI+CgogIDx0aD6bUZxnt723qKTLpMSkpKTGPC90aD4KICCh+bG+yczGt6TPtPrS/bK7v8nJzMa3pMekuaGjobi0+tL9obnS1M3ipM6kqtankkKkpKTypKrfeKTTz8KktaSkoaMKICA8YnI+CiAgPGltZyBzcmM9Imh0dHBzOi8vaW1hZ2UucmFrdXRlbi5jby5qcC9pLW9mZmljZTEvY2FiaW5ldC9jYW0vZGliaWtpLmdpZiIgYWx0PSK0+r3w0v2TUbK7v8nJzMa3IiBib3JkZXI9IjAiID48YnI+PGJyPgogICAgPGJyPgogICAgPGJyPgogICAgPHRkIGJnY29sb3I9IiNGRkZGRkYiIGNsYXNzPSJpYXR0bnBleSI+zaizo5tRnGejqKSq2UmkpM7vpaylpKXJobikqtankkKkpLe9t6iky6TEpKSkxqG5pPKktLRf1Uqkr6TApLWkpKGjPC90ZD4KICAgIDwvdHI+CiAgICA8dGg+xeQgy808L3RoPgogICAgPHRkIGNsYXNzPSJpYXR0bmRlbGkiIGJnY29sb3I9IiNGRkZGRkYiPgogICAgICA8cCBzdHlsZT0iZm9udC1zaXplOiAxMnB4OyBjb2xvcjojQ0MwMDAwOyI+m1+/SbywpNPreI11pNikz4Rlzb7F5MvNwc+krKSrpKuk6qTepLmho4xn2U3ViMfzpMiktaS7pMbtlKStpN6kuaTOpMektMHLs9DPwqS1pKShoyA8YnI+CpVy6WfWuLaopM8xseOjqDktMTSVcqOpoaIyseOjqDEyLTE4lXKjqaGivUvI1bHjo6g5LTE4lXKjqaTOpN+kyKTKpOqk3qS5oaM8YnI+CrXY0/Kky6TopMOkxsXky82kzurXyNWkrM/etqiktaTspOuI9rrPpOShopVy6WfWuLaopKyz0KTspMqkpIj2us+krKS0pLakpKTepLmhozxicj4KCjwvcD4KICAgIDwvdGQ+CiAgICA8L3RyPgo8L3RhYmxlPgoKPHRhYmxlIHdpZHRoPSIxMDAlIiBib3JkZXI9IjAiIGNlbGxzcGFjaW5nPSIxIiBjZWxscGFkZGluZz0iOCIgY2xhc3M9Imlfc3BlYyI+CiAgPHRyPgogICAgPHRkIGNvbHNwYW49IjIiIGJnY29sb3I9IiNGM0YzRjMiPgogICAgICA8Yj48Zm9udCBjb2xvcj0iMzMzIj7UlLyaP6W5pdqlw6WvPC9mb250PjwvYj48L3RkPgogIDwvdHI+CgogIDx0cj4KICAgIDx0aD7JzMa31WjD9zwvdGg+CiAgICA8dGQgY2xhc3M9ImlleHBsYW5hdGlvbiIgYmdjb2xvcj0iI0ZGRkZGRiI+pLS80s2lpMfI1bjJpLc/y67PtKSkpKykx6StpN6kuaGjPGJyPgrPtOWqpc2lw6XIuLahozxicj4Kpdyl6qXlqWCl4KS/pMOk16TqoaM8YnI+CsvZx6zQ1KTLpLmksKTsoaKktaTvpOSkq6GjCjwvdGQ+CiAgPC90cj4KCiAgPHRyPgogICAgPHRoPqW1paSlujwvdGg+CiAgICA8dGQgY2xhc3M9ImlzaXplIiBiZ2NvbG9yPSIjRkZGRkZGIj4KICAgICAgt/kxNTWhwbDC0NAyMDCj46PtPGJyPtbYwb8v1tC+ZDEuNWtnICAgIDwvdGQ+CiAgPC90cj4KCiAgPHRyPgogICAgPHRoPrLEINl8PC90aD4KICAgIDx0ZCBjbGFzcz0iaW1hdGVyaWFsIiBiZ2NvbG9yPSIjRkZGRkZGIj4KICAgICAg1tC+ZC+l3aXqpailuaXGpesxMDCjpaGhgsjJ+rXYL75kMTAwo6Whor+5vvq3wLP0vNO5pDx0cj4KICAgIDx0aD69TcGiPC90aD4KICAgIDx0ZCBjbGFzcz0iaWF0dG50eHQiIGJnY29sb3I9IiNGRkZGRkYiPs3qs8nGtzwvdGQ+CiAgPC90cj4KICA8dHI+CiAgICA8dGg+yfquYrn6CiAgICA8L3RoPgogICAgPHRkIGNsYXNzPSJpYXR0bnR4dCIgYmdjb2xvcj0iI0ZGRkZGRiI+yNWxvjwvdHI+CgogIDx0cj4KICAgIDx0aD6kvaTOy/s/16LS4srC7Zc8L3RoPgogICAgPHRkIGNsYXNzPSJpYXR0bnR4dCIgYmdjb2xvcj0iI0ZGRkZGRiI+PGJyPjxicj4KICAgICAgP8nMxre7rc/xpM/Jq7rPpKSk5MvYssS40KSsjGfrSKTOyczGt6TIrpCkyqTriPa6z6SspLSktqSkpN6kuaGjPGJyPgogICAgICA/peKly6W/qWA/pcelo6W5pdel7KWkpMuk6KTDpMak4tC0pOq3vaSsieSk6qTepLmho9PopOGktMHLs9Ckr6TApLWkpKGjPGJyPgogICAgPC90ZD4KICA8L3RyPgoKICA8dHI+CiAgICA8dGg+6XbfQsnMxrc8L3RoPgogICAgPHRkIGNsYXNzPSJpYXR0bnR4dCIgYmdjb2xvcj0iI0ZGRkZGRiI+CqXHpemlw6Wvpbml0aXDpckgpbel86Wwpes8YnI+pcel6aXDpa+luaXRpcOlySClu6XfpcCl1qXrPGJyPqXHpemlw6Wvpbml0aXDpckgpcCl1qXrPGJyPqXHpemlw6Wvpbml0aXDpckgpe+lpKXJpcCl1qXrPGJyPqXHpemlw6Wvpbml0aXDpckgpa+lpKlgpfM8YnI+CiAgICA8L3RkPgogIDwvdHI+CjwvdGFibGU+PHN0eWxlPgovKtlJpKTO76WrpbSl3KW/pfMqLwojcmFrdXRlbkxpbWl0ZWRJZF9hcm91bmRDYXJ0IGlucHV0W3ZhbHVlPSLZSaSkzu+kq6S0pMvI66TspOsiXSwgaW5wdXRbdmFsdWU9ItPovHOkuaTrIl0KIHsKICB3aWR0aDogMjMzcHg7CiAgaGVpZ2h0OiA1MnB4OwogIGJhY2tncm91bmQ6dXJsKGh0dHA6Ly9pbWFnZS5yYWt1dGVuLmNvLmpwL2ktb2ZmaWNlMS9jYWJpbmV0LzAzOTQyMDM3L2NhcnQuZ2lmKSAjZmNmY2ZjIG5vLXJlcGVhdDsKICBvdmVyZmxvdzogaGlkZGVuOwogIGJvcmRlci13aWR0aDogMHB4OwogIGN1cnNvcjogcG9pbnRlciAhaW1wb3J0YW50OwogIHRleHQtaW5kZW50OiAxNTAlOwogIHdoaXRlLXNwYWNlOiBub3dyYXA7CiAgbWFyZ2luOiA1cHggMCAwIDA7Cn0KCgovKoKAyv3I68GmKi8KI3Jha3V0ZW5MaW1pdGVkSWRfYXJvdW5kQ2FydCBpbnB1dCN1bml0cyB7CiAgYm9yZGVyOnNvbGlkICNjY2MgMXB4OwogIGJhY2tncm91bmQ6I2ZmZiFpbXBvcnRhbnQ7CiAgY3Vyc29yOmF1dG87CiAgdGV4dC1pbmRlbnQ6IDBweDsKICBvdmVyZmxvdzogaGlkZGVuOwp9CgojcmFrdXRlbkxpbWl0ZWRJZF9hcm91bmRDYXJ0ICogewogICAgZm9udC1mYW1pbHk6ICKjzaPTIKPQpbSlt6XDpa8iLHNhbnMtc2VyaWYgIWltcG9ydGFudDsKfQoKCiNyYWt1dGVuTGltaXRlZElkX2Fyb3VuZENhcnQgI3NlcnZpY2VUYWJsZVNtbCB0ZC5mYXZvcml0ZSB7CndpZHRoOiAzMDBweCAhaW1wb3J0YW50Owp9Ci8qpaupYKXIyczGt7esusUqLwpzcGFuLml0ZW1fbnVtYmVyX3RpdGxlIHsKICAgIGJhY2tncm91bmQ6IG5vbmUgcmVwZWF0IHNjcm9sbCAwIDAgIzNiNTk5ODsKICAgIGNvbG9yOiAjZmZmOwogICAgZGlzcGxheTogYmxvY2s7CiAgICBmbG9hdDogbGVmdDsKICAgIG1hcmdpbi1ib3R0b206IDIwcHg7CiAgICBwYWRkaW5nOiAzcHggNnB4OwogICAgZm9udC1zaXplOiAxMDAlICFpbXBvcnRhbnQ7Cn0Kc3Bhbi5pdGVtX251bWJlciB7CiAgICBib3JkZXI6IDFweCBzb2xpZCAjM2I1OTk4OwogICAgY29sb3I6ICMwMDAwMDA7CiAgICBkaXNwbGF5OiBibG9jazsKICAgIGZvbnQtd2VpZ2h0OiBib2xkOwogICAgbGV0dGVyLXNwYWNpbmc6IDAuMWVtOwogICAgbWFyZ2luLWJvdHRvbTogMjBweDsKICAgIG1hcmdpbi1sZWZ0OiAtMC41ZW07CiAgICBwYWRkaW5nOiAycHggOHB4Owp9IAo8L3N0eWxlPg==,QVNMRUVQKKWipbml6qlgpdcpIKXHpemlw6Wvpbml0aXDpckgpe+lpKXJpcCl1qXrIMjVuMmktz/Lrs+0pKSjz6PLIM+05aqlzaXDpci4tiCl3KXqpeWpYKXgpL+kw6TXpOogy9nHrNDUIL+5vvq3wLP0o7q80r7fpM6lpKXzpcal6qWipaql1aWjpbml76Xz,pdmlw6XJpb2l1aWhqWCl1aXppfOluaXZpcOlybzSvt8gzajYnMfevt+yvIfipaupYKXapcOlyKXHpbmlr6XBpaeloqlgpcapYKXWpeuFp7x7vNK+36W9pdWloalgpdmlw6XJpcal7KXTzKjX+dLO19PS/dS9pLfQwr7TpaupYKXGpfOlpKXzpcal6qWipbel56XDpddBU0xFRVAopaKluaXqqWCl1ykgpcel6aXDpa+luaXRpcOlySCl76WkpcmlwKXWpesgyNW4yaS3P8uuz7SkpKPPo8sgz7TlqqXNpcOlyLi2IKXcpeql5algpeCkv6TDpNek6iDL2ces0NQgv7m++rfAs/Q=,QVNMRUVQKKWipbml6qlgpdcpICClx6XppcOlr6W5pdGlw6XJIKXvpaSlyaXApdal66GhyNW4yaS3P6GjQVNMRUVQKKWipbml6qlgpdcpIKXHpemlw6Wvpbml0aXDpckgpe+lpKXJpcCl1qXrIMjVuMmktz/Lrs+0pKSjz6PLIM+05aqlzaXDpci4tiCl3KXqpeWpYKXgpL+kw6TXpOogy9nHrNDUIL+5vvq3wLP0[rn]
40-32988,aHR0cDovL3RzaG9wLnIxMHMuanAvaS1vZmZpY2UxL2NhYmluZXQvMzMtMDIvMzMwNDE2NC5qcGc/Zml0aW49NzAwOjcwMA==,MTk2OTkuMjAwMA==,,paSl86XGpeqloj/H3r7fP4WnvHsgPiDH3r7fID4gpdmlw6XJpdGlw6XJ,pcml6qlgpeCl2aXDpckgpdmlw6XJpdGlw6XJIKWvpaSpYKXzMiBCT1gtUEFEpa+l6aXUpaql8yBRMiC386StpdGlw6XJILfzpK2l0aXDpcggpdmlw6XIpdGlw6XIIKXJpeqpYKXgpdmlw6XJIGRyZWFtYmVk,pdmlw6XJpdGlw6XJIFEy,PGltZyBzcmM9Imh0dHBzOi8vaW1hZ2UucmFrdXRlbi5jby5qcC9pLW9mZmljZTEvY2FiaW5ldC8zMy0wMi8zMzA0MTY0LmpwZyIgd2lkdGg9IjEwMCUiPjxicj48YnI+PGltZyBzcmM9Imh0dHBzOi8vaW1hZ2UucmFrdXRlbi5jby5qcC9pLW9mZmljZTEvY2FiaW5ldC8zMy0wMi8zMzA0MTY0XzEuanBnIiB3aWR0aD0iMTAwJSI+PGJyPjxicj48aW1nIHNyYz0iaHR0cHM6Ly9pbWFnZS5yYWt1dGVuLmNvLmpwL2ktb2ZmaWNlMS9jYWJpbmV0LzMzLTAyLzMzMDQxNjRfMi5qcGciIHdpZHRoPSIxMDAlIj48dGFibGUgd2lkdGg9IjEwMCUiIGJvcmRlcj0iMCIgY2VsbHNwYWNpbmc9IjEiIGNlbGxwYWRkaW5nPSI4IiBjbGFzcz0iaV9pbmZvIj48dGJvZHk+PHRyPjx0ZCBjb2xzcGFuPSIyIiBjbGFzcz0iaV9pbmZvX3QiPjxiPjxmb250IGNvbG9yPSIzMzMiPqWkpfOl1aWppeGpYKW3peel8z/XotLiysLtlzwvZm9udD48L2I+PC90ZD48L3RyPjx0cj48dGg+y83Bz6TLpMSkpKTGPC90aD48dGQgY2xhc3M9ImlhdHRuc29yeW8iIGJnY29sb3I9IiNGRkZGRkYiPrGxuqO1wMvNwc+juqG+sbEyob+lv6Wkpdc8L3RkPjwvdHI+PHRyPjx0aD6bUZxnt723qKTLpMSkpKTGPC90aD48dGQgYmdjb2xvcj0iI0ZGRkZGRiIgY2xhc3M9ImlhdHRucGV5Ij6hvrT6vfDS/ZNRsru/yaG/PC90ZD48L3RyPjx0cj48dGg+xeQgy808L3RoPjx0ZCBjbGFzcz0iaWF0dG5kZWxpIiBiZ2NvbG9yPSIjRkZGRkZGIj48cCBzdHlsZT0iZm9udC1zaXplOiAxMnB4OyBjb2xvcjojQ0MwMDAwOyI+ob7K3NeiyfquYqO6vHvG2rxzM99M6Wehvzxicj6hvptfv0k/63iNdcXky82yu7/Job88L3A+PC90ZD48L3RyPjwvdGJvZHk+PC90YWJsZT48dGFibGUgd2lkdGg9IjEwMCUiIGJvcmRlcj0iMCIgY2VsbHNwYWNpbmc9IjEiIGNlbGxwYWRkaW5nPSI4IiBjbGFzcz0iaV9zcGVjIj48dGJvZHk+PHRyPjx0ZCBjb2xzcGFuPSIyIiBiZ2NvbG9yPSIjRjNGM0YzIj48Yj48Zm9udCBjb2xvcj0iMzMzIj7UlLyaP6W5pdqlw6WvPC9mb250PjwvYj48L3RkPjwvdHI+PHRyPjx0aD7JzMa31WjD9zwvdGg+PHRkIGNsYXNzPSJpZXhwbGFuYXRpb24iIGJnY29sb3I9IiNGRkZGRkYiPjxwPqXepcOlyKTLpKuk1qS7pOukwKSxpM66hoVnpdmlw6XJpeGpYKWtpfOlsKOhpdGlw6XJpMhCT1ilt6lgpcSkrNK7zOWkyKTKpMOkv0JPWNDNpdGlw6XJpbepYKXEoaM8YnI+PGJyPszsyLukzr+5vvqhorfAs/ShoyDKwL3nzNjUU6TyyKG1w6S3pL+lr6XppdSlqqXzP6WzpcOlyKXzPGJyPjxicj5CT1gtUEFEpa+l6aXUpaql8zxicj4/TG9uZyBLZWVwIKGrsLLQxNDUxNyhqyC/ub76hL+5+6SssLK2qKS3pMaz1r5BIDxicj4/UmVsaWVmIKGrpOSktaS3pLWZQ8TcoasgsaPKqtDUpMuDnqTsoaKkt6TDpMik6qTkpO+k6aSroaM8YnI+PGJyPqWvpeml1KWqpfM/pbOlw6XIpfM8YnI+pauly6Tkpail05qjpKuk6bPps/aktaTspOuhuKWtpcGl8z+lraXIpbWl86G5pPKhoqS9pM6k3qTe9Omky7yPpKSkwKG4pa+l6aXUpaql86G5pMihojxicj6Fl994pLWk7KS/wbzZfKTOpbOlw6XIpfOk8r1NpN+6z6TvpLukvzEwMCXM7Mi7y9iyxKTHpLmhoz8/P8rAvefM2NRTyKG1wzxicj48YnI+uN+kpL+5vvrQ1Dxicj6lraXBpfM/pa2lyKW1pfOkz6Wrpcuao6TLtuCkr7qspN6k7KTrzOzIu7bgzMfukKTHoaLM2KTLpL2kzr+5vvrQ1KTLpM/XosS/pKy8r6TepOqhotS6xNq40Mi+pNikzul230Kk8ta41aqktaTspMakpKTru8bJq6XWpcmlpte0x/K++qTkoaK088RjvvqhorfO0deXVb76oaKw16S7pPO++rXIpM6++qTLjJ2kt6TGuN+kpL+5vvqEv7n7pKzVSqThpOmk7KTGpKSk3qS5oaM8YnI+pN6kv6Giy2HGt4RJwO2kzr+5vvqEv7n7pMekyqSvoaIxMDAlzOzIu6TOv7m++rfAs/SZQ8TcpMqkzqTHoaLPtOWqpMqkyaTLpOik683RwuSkrKTKpK+horDr08C+w7XEpMuEv7n7pKywa5NdpLWk7KTepLmhozxicj4oz7TlqjEwMDC72OHhpOKEv7n7pMuJ5LuvpMqktyk8L3A+PC90ZD48L3RyPjx0cj48dGg+pbWlpKW6PC90aD48dGQgY2xhc3M9ImlzaXplIiBiZ2NvbG9yPSIjRkZGRkZGIj48cD48YnI+zeK056W1paSluqO6t/kxNjNjbaHBsMLQ0KStMTk4Y208YnI+PC9wPjwvdGQ+PC90cj48dHI+PHRoPrLEINl8PC90aD48dGQgY2xhc3M9ImltYXRlcmlhbCIgYmdjb2xvcj0iI0ZGRkZGRiI+PGJyPoLIyfq12KO6W6W3pfOlq6lgpdGlpKXrXaO8pdGlpKXrsr+jvqWzpcOlyKXzODWjpT+l7Klgpeil8zE1o6WhoqO8u/myvLK/o76l3aXqpailuaXGpesxMDCjpSDW0L5ko7ql3aXqpailuaXGpesxMDCjpaOo1sa++rzTuaSjqTwvdGQ+PC90cj48dHI+PHRoPr1NIMGiPC90aD48dGQgY2xhc3M9ImlrdW1pdGF0ZSIgYmdjb2xvcj0iI0ZGRkZGRiI+zeqzyca3PGJyPjx0cj48dGg+pL2kzsv7P9ei0uLKwu2XPC90aD48dGQgY2xhc3M9ImlhdHRudHh0IiBiZ2NvbG9yPSIjRkZGRkZGIj6h9s+0pKik66OopaalqaXDpbel46XWpeujqTxicj6h+crc16LJ+q5ipM6kv6ThoaIz30zpZ6SkpL+kwKStpN6kuaGjPGJyPjwvdGQ+PC90cj48L3Rib2R5PjwvdGFibGU+PHRhYmxlIHdpZHRoPSIxMDAlIiBib3JkZXI9IjAiIGNlbGxzcGFjaW5nPSIxIiBjZWxscGFkZGluZz0iOCIgY2xhc3M9Imlfa2FucmVuIj48dHI+PHRkIGNvbHNwYW49IjIiIGJnY29sb3I9IiNGM0YzRjMiPjxiPjxmb250IGNvbG9yPSIzMzMiPul230LJzMa3PC9mb250PjwvYj48L3RkPjwvdHI+PHRoPqW3peqpYKW6yczGtzwvdGg+PHRkIGNsYXNzPSJpdmFsIiBiZ2NvbG9yPSIjRkZGRkZGIj48cD6l2aXDpcml0aXDpckgpbel86Wwpes8YnI+PGJyPqXZpcOlyaXRpcOlySBTRDxicj48YnI+pdmlw6XJpdGlw6XJIEQ8YnI+PGJyPqXZpcOlyaXRpcOlySBRMTxicj48YnI+pdmlw6XJpdGlw6XJIFEyPGJyPjxicj6l2aXDpcml0aXDpckgU0s8YnI+PGJyPqXZpcOlyaXRpcOlySBLMjxicj48YnI+PC9wPjwvdGQ+PC90cj48L3RhYmxlPjxzdHlsZT4KLyrZSaSkzu+lq6W0pdylv6XzKi8KI3Jha3V0ZW5MaW1pdGVkSWRfYXJvdW5kQ2FydCBpbnB1dFt2YWx1ZT0i2UmkpM7vpKuktKTLyOuk7KTrIl0sIGlucHV0W3ZhbHVlPSLT6LxzpLmk6yJdCiB7CiAgd2lkdGg6IDIzM3B4OwogIGhlaWdodDogNTJweDsKICBiYWNrZ3JvdW5kOnVybChodHRwOi8vaW1hZ2UucmFrdXRlbi5jby5qcC9pLW9mZmljZTEvY2FiaW5ldC8wMzk0MjAzNy9jYXJ0LmdpZikgI2ZjZmNmYyBuby1yZXBlYXQ7CiAgb3ZlcmZsb3c6IGhpZGRlbjsKICBib3JkZXItd2lkdGg6IDBweDsKICBjdXJzb3I6IHBvaW50ZXIgIWltcG9ydGFudDsKICB0ZXh0LWluZGVudDogMTUwJTsKICB3aGl0ZS1zcGFjZTogbm93cmFwOwogIG1hcmdpbjogNXB4IDAgMCAwOwp9CgoKLyqCgMr9yOvBpiovCiNyYWt1dGVuTGltaXRlZElkX2Fyb3VuZENhcnQgaW5wdXQjdW5pdHMgewogIGJvcmRlcjpzb2xpZCAjY2NjIDFweDsKICBiYWNrZ3JvdW5kOiNmZmYhaW1wb3J0YW50OwogIGN1cnNvcjphdXRvOwogIHRleHQtaW5kZW50OiAwcHg7CiAgb3ZlcmZsb3c6IGhpZGRlbjsKfQoKI3Jha3V0ZW5MaW1pdGVkSWRfYXJvdW5kQ2FydCAqIHsKICAgIGZvbnQtZmFtaWx5OiAio82j0yCj0KW0pbelw6WvIixzYW5zLXNlcmlmICFpbXBvcnRhbnQ7Cn0KCgojcmFrdXRlbkxpbWl0ZWRJZF9hcm91bmRDYXJ0ICNzZXJ2aWNlVGFibGVTbWwgdGQuZmF2b3JpdGUgewp3aWR0aDogMzAwcHggIWltcG9ydGFudDsKfQovKqWrqWClyMnMxre3rLrFKi8Kc3Bhbi5pdGVtX251bWJlcl90aXRsZSB7CiAgICBiYWNrZ3JvdW5kOiBub25lIHJlcGVhdCBzY3JvbGwgMCAwICMzYjU5OTg7CiAgICBjb2xvcjogI2ZmZjsKICAgIGRpc3BsYXk6IGJsb2NrOwogICAgZmxvYXQ6IGxlZnQ7CiAgICBtYXJnaW4tYm90dG9tOiAyMHB4OwogICAgcGFkZGluZzogM3B4IDZweDsKICAgIGZvbnQtc2l6ZTogMTAwJSAhaW1wb3J0YW50Owp9CnNwYW4uaXRlbV9udW1iZXIgewogICAgYm9yZGVyOiAxcHggc29saWQgIzNiNTk5ODsKICAgIGNvbG9yOiAjMDAwMDAwOwogICAgZGlzcGxheTogYmxvY2s7CiAgICBmb250LXdlaWdodDogYm9sZDsKICAgIGxldHRlci1zcGFjaW5nOiAwLjFlbTsKICAgIG1hcmdpbi1ib3R0b206IDIwcHg7CiAgICBtYXJnaW4tbGVmdDogLTAuNWVtOwogICAgcGFkZGluZzogMnB4IDhweDsKfSAKPC9zdHlsZT4=,pcml6qlgpeCl2aXDpckgpdmlw6XJpdGlw6XJIKWvpaSpYKXzMiBCT1gtUEFEpa+l6aXUpaql8yBRMiC386StpdGlw6XJILfzpK2l0aXDpcggpdmlw6XIpdGlw6XIIKXJpeqpYKXgpdmlw6XJIGRyZWFtYmVko7q80r7fpM6lpKXzpcal6qWipaql1aWjpbml76Xz,pdmlw6XJpb2l1aWhqWCl1aXppfOluaXZpcOlybzSvt8gzajYnMfevt+yvIfipaupYKXapcOlyKXHpbmlr6XBpaeloqlgpcapYKXWpeuFp7x7vNK+36W9pdWloalgpdmlw6XJpcal7KXTzKjX+dLO19PS/dS9pLfQwr7TpaupYKXGpfOlpKXzpcal6qWipbel56XDpdelyaXqqWCl4KXZpcOlySCl2aXDpcml0aXDpckgpa+lpKlgpfMyIEJPWC1QQUSlr6XppdSlqqXzIFEyILfzpK2l0aXDpckgt/OkraXRpcOlyCCl2aXDpcil0aXDpcggpcml6qlgpeCl2aXDpckgZHJlYW1iZWQ=,pdmlw6XJpdGlw6XJIFEyoaOlyaXqqWCl4KXZpcOlySCl2aXDpcml0aXDpckgpa+lpKlgpfMyIEJPWC1QQUSlr6XppdSlqqXzIFEyILfzpK2l0aXDpckgt/OkraXRpcOlyCCl2aXDpcil0aXDpcggpcml6qlgpeCl2aXDpckgZHJlYW1iZWQ=[rn]
40-32989,aHR0cDovL3RzaG9wLnIxMHMuanAvaS1vZmZpY2UxL2NhYmluZXQvdGs3LzI5MzMzMzUuanBnP2ZpdGluPTcwMDo3MDA=,Mjg1MTIuMDAwMA==,,paSl86XGpeqloj/H3r7fP4WnvHsgPiDH3r7fID4gpdmlw6XJpdGlw6XJ,pdWl6aXzpbml2aXDpckgpeKlpKW5pbGloiCl4aXDpbel5aXRpcOlySCl76WkpcmlwKXWpesgIM/7s/Q/saPOwiC/ub76pMqkybbgmUPE3KOhpeql0Klgpbel1qXrIM/7s/Q/saPOwiC/ub76pMqkybbgmUPE3KOhpeql0Klgpbel1qXrIKXipaSluaWxpaIgpeGlw6W3peWl0aXDpckgpe+lpKXJpcCl1qXrILfzpdGlw6XJILfzpK2l0aXDpcnRdSBmcmFuY2ViZWQ=,peKlpKW5pbGloiCl4aXDpbel5aXRpcOlySCl76WkpcmlwKXWpes=,Cgo8aW1nIHNyYz0iaHR0cHM6Ly9pbWFnZS5yYWt1dGVuLmNvLmpwL2ktb2ZmaWNlMS9jYWJpbmV0L3RrNy8yOTMzMzM1LmpwZyIgYWx0PSIiICAgID48YnI+PGJyPgo8aW1nIHNyYz0iaHR0cHM6Ly9pbWFnZS5yYWt1dGVuLmNvLmpwL2ktb2ZmaWNlMS9jYWJpbmV0L3RrNy9lZmZlXzAyLmpwZyIgYWx0PSKl1aXppfOluaXZpcOlyaTLpMSkpKTGIiAgPjxicj48YnI+CjxpbWcgc3JjPSJodHRwczovL2ltYWdlLnJha3V0ZW4uY28uanAvaS1vZmZpY2UxL2NhYmluZXQvdGs3LzI5MzMzMzJfMDEuanBnIiBhbHQ9IiIgICAgPjxicj48YnI+PGltZyBzcmM9Imh0dHBzOi8vaW1hZ2UucmFrdXRlbi5jby5qcC9pLW9mZmljZTEvY2FiaW5ldC90azcvMjkzMzMzMl8wMi5qcGciIGFsdD0iIiAgICA+PGJyPjxicj4KCjxpbWcgc3JjPSJodHRwczovL2ltYWdlLnJha3V0ZW4uY28uanAvaS1vZmZpY2UxL2NhYmluZXQvdGs3LzI5MzMzMzJfbGluay5qcGciIGFsdD0iIiAgIHVzZW1hcD0iI01hcCIgID4KPG1hcCBuYW1lPSJNYXAiPgogIDxhcmVhIHNoYXBlPSJyZWN0IiBjb29yZHM9IjE3NSwxOTQsMzMzLDMxMCIgaHJlZj0iaHR0cHM6Ly9pdGVtLnJha3V0ZW4uY28uanAvaS1vZmZpY2UxLzI5MzMzMzcvIj4KICA8YXJlYSBzaGFwZT0icmVjdCIgY29vcmRzPSIxMywxOTIsMTcxLDMwOCIgaHJlZj0iaHR0cHM6Ly9pdGVtLnJha3V0ZW4uY28uanAvaS1vZmZpY2UxLzI5MzMzMzYvIj4KICA8YXJlYSBzaGFwZT0icmVjdCIgY29vcmRzPSI1MDMsNjgsNjYxLDE4NCIgaHJlZj0iaHR0cHM6Ly9pdGVtLnJha3V0ZW4uY28uanAvaS1vZmZpY2UxLzI5MzMzMzUvIj4KICA8YXJlYSBzaGFwZT0icmVjdCIgY29vcmRzPSIzNDAsNjgsNDk4LDE4NCIgaHJlZj0iaHR0cHM6Ly9pdGVtLnJha3V0ZW4uY28uanAvaS1vZmZpY2UxLzI5MzMzMzQvIj4KPGFyZWEgc2hhcGU9InJlY3QiIGNvb3Jkcz0iMTc4LDY5LDMzNiwxODUiIGhyZWY9Imh0dHBzOi8vaXRlbS5yYWt1dGVuLmNvLmpwL2ktb2ZmaWNlMS8yOTMzMzMzLyI+PGFyZWEgc2hhcGU9InJlY3QiIGNvb3Jkcz0iMTMsNjgsMTcxLDE4NCIgaHJlZj0iaHR0cHM6Ly9pdGVtLnJha3V0ZW4uY28uanAvaS1vZmZpY2UxLzI5MzMzMzIvIj4KPC9tYXA+Cjxicj48YnI+CjxpbWcgc3JjPSJodHRwczovL2ltYWdlLnJha3V0ZW4uY28uanAvaS1vZmZpY2UxL2NhYmluZXQvdGs3L2JlZHBhZF9saW5lLmpwZyIgYWx0PSIiICAgID48YnI+PGJyPgo8aW1nIHNyYz0iaHR0cHM6Ly9pbWFnZS5yYWt1dGVuLmNvLmpwL2ktb2ZmaWNlMS9jYWJpbmV0L3RrNy9iZWRwYWRfbGluay5qcGciIGFsdD0iIiAgIHVzZW1hcD0iI01hcDI5IiAgPgo8bWFwIG5hbWU9Ik1hcDI5IiBpZD0iTWFwMjkiPgogIDxhcmVhIHNoYXBlPSJyZWN0IiBjb29yZHM9IjUxMyw4MjQsNjU5LDg2MCIgaHJlZj0iaHR0cHM6Ly9pdGVtLnJha3V0ZW4uY28uanAvaS1vZmZpY2UxLzI5MzMzOTEvIiAvPgogIDxhcmVhIHNoYXBlPSJyZWN0IiBjb29yZHM9IjUxMyw3ODMsNjU5LDgxOSIgaHJlZj0iaHR0cHM6Ly9pdGVtLnJha3V0ZW4uY28uanAvaS1vZmZpY2UxLzI5MzMzNDMvIiAvPgogIDxhcmVhIHNoYXBlPSJyZWN0IiBjb29yZHM9IjUxNCw3MjYsNjYwLDc2MiIgaHJlZj0iaHR0cHM6Ly9pdGVtLnJha3V0ZW4uY28uanAvaS1vZmZpY2UxLzI5MzMzODYvIiAvPgogIDxhcmVhIHNoYXBlPSJyZWN0IiBjb29yZHM9IjUxNCw2ODEsNjYwLDcxNyIgaHJlZj0iaHR0cHM6Ly9pdGVtLnJha3V0ZW4uY28uanAvaS1vZmZpY2UxLzI5MDAxNzUvIiAvPgogIDxhcmVhIHNoYXBlPSJyZWN0IiBjb29yZHM9IjUxMiw2MjYsNjU4LDY2MiIgaHJlZj0iaHR0cHM6Ly9pdGVtLnJha3V0ZW4uY28uanAvaS1vZmZpY2UxLzI5MzMzODAvIiAvPgogIDxhcmVhIHNoYXBlPSJyZWN0IiBjb29yZHM9IjUxNCw1ODEsNjYwLDYxNyIgaHJlZj0iaHR0cHM6Ly9pdGVtLnJha3V0ZW4uY28uanAvaS1vZmZpY2UxLzI5MzMzMzIvIiAvPgogIDxhcmVhIHNoYXBlPSJyZWN0IiBjb29yZHM9IjUxMiw1MzAsNjU4LDU2NiIgaHJlZj0iaHR0cHM6Ly9pdGVtLnJha3V0ZW4uY28uanAvaS1vZmZpY2UxLzI5MzMzNzUvIiAvPgogIDxhcmVhIHNoYXBlPSJyZWN0IiBjb29yZHM9IjUxMyw0ODUsNjU5LDUyMSIgaHJlZj0iaHR0cHM6Ly9pdGVtLnJha3V0ZW4uY28uanAvaS1vZmZpY2UxLzI5MzMzMjcvIiAvPgogIDxhcmVhIHNoYXBlPSJyZWN0IiBjb29yZHM9IjUxMyw0MjYsNjU5LDQ2MiIgaHJlZj0iaHR0cHM6Ly9pdGVtLnJha3V0ZW4uY28uanAvaS1vZmZpY2UxLzI5MDcyMDEvIiAvPgogIDxhcmVhIHNoYXBlPSJyZWN0IiBjb29yZHM9IjUxNCwzODQsNjYwLDQyMCIgaHJlZj0iaHR0cHM6Ly9pdGVtLnJha3V0ZW4uY28uanAvaS1vZmZpY2UxLzI5MzMzMTYvIiAvPgogIDxhcmVhIHNoYXBlPSJyZWN0IiBjb29yZHM9IjUxNCwzMjcsNjYwLDM2MyIgaHJlZj0iaHR0cHM6Ly9pdGVtLnJha3V0ZW4uY28uanAvaS1vZmZpY2UxLzI5MzMzNTkvIiAvPgogIDxhcmVhIHNoYXBlPSJyZWN0IiBjb29yZHM9IjUxMSwyODYsNjU3LDMyMiIgaHJlZj0iaHR0cHM6Ly9pdGVtLnJha3V0ZW4uY28uanAvaS1vZmZpY2UxLzI5MzMzMTEvIiAvPgogIDxhcmVhIHNoYXBlPSJyZWN0IiBjb29yZHM9IjUxMiwyMjYsNjU4LDI2MiIgaHJlZj0iaHR0cHM6Ly9pdGVtLnJha3V0ZW4uY28uanAvaS1vZmZpY2UxLzI5MDcxMDEvIiAvPgogIDxhcmVhIHNoYXBlPSJyZWN0IiBjb29yZHM9IjUxMywxODIsNjU5LDIxOCIgaHJlZj0iaHR0cHM6Ly9pdGVtLnJha3V0ZW4uY28uanAvaS1vZmZpY2UxLzI5MzMzMDAvIiAvPgo8L21hcD4KPGJyPgo8YnI+PHAgY2xhc3M9ImRlbGl2X2ZlZV9ob2t1Ij6xsbqjtcCk2KTOxeTLzaTPhGXNvsvNwc+krKSrpKuk6qTepLmhozxicj6xsbqjtcDLzcHPo7qhvrGxM6G/pb+lpKXXPC9wPgo8QlI+PHAgc3R5bGU9ImZvbnQtc2l6ZToxMnB4OyBjb2xvcjojRkYwMDAwOyI+ofmVculn1ri2qKTPMbHjo6g5LTE0lXKjqaGiMrHjo6gxMi0xOJVyo6mhor1LyNWx46OoOS0xOJVyo6mkzqTfpMikyqTqpN6kuaGjPEJSPqH5tdjT8qTLpOikw6TGxeTLzaTO6tfI1aSsz962qKS1pOyk64j2us+k5KGilXLpZ9a4tqikrLPQpOykyqSkiPa6z6SspLSktqSkpN6kuaGjPEJSPqH5m1+/SaGi63iNdaTYpM6kqr3spLGkz7P2wLSk3qS7pPOhozxCUj48L3A+PGhyIHN0eWxlPSJib3JkZXI6IG5vbmU7IGJvcmRlci10b3A6IGRhc2hlZCAxcHggIzAwMDAwMDtoZWlnaHQ6IDFweDsgY29sb3I6ICNmZmZmZmY7Ij7JzMa3pbWlpKW6o7q3+TE1NKHBsMLQ0DE5NWNtPEJSPtSRzu+juqXdpeqlqKW5pcal6zcwo6WjqNbGvvq807mko6k8QlI+CqGhoaGhoaGhpaKlr6XqpeypYKXIz7W/jb5TMzCjpaOopeKlpKW5pbGloqOpPEJSPgqCyLXYo7qx7bXYo7ql3aXqpailuaXGpesxMDCjpaOopeGlw6W3peWjqTxCUj4KoaGhoaGhINFZtdijuqXdpeqlqKW5pcal6zY1o6Whor5kMzWjpTxCUj4KoaGhoaGhIKH5o7S9x7uspOrWuaThpbSl4Li2pK2hoaH5z7TlqqXNpcOlyLi2pK08QlI+PGhyIHN0eWxlPSJib3JkZXI6IG5vbmU7IGJvcmRlci10b3A6IGRhc2hlZCAxcHggIzAwMDAwMDtoZWlnaHQ6IDFweDsgY29sb3I6ICNmZmZmZmY7Ij6439DUxNy/jb5Tobil4qWkpbmlsaWiobmk8tbQpO+kv6TLyrnTw6S3pL+hotK7xOrW0L/s322kyqXZpcOlyaXRpcOlyaGjPEJSPgq6rqSkvL65naTPoaLH3rSyxNqkzsqqmt2k8p/hpMuJ5JNRpLekxs7CpOKk6qTypa2pYKXXoaPK7qSkvL65naTPoaKwa7q5lXKky6S5pNCk5KSvzvzKqqGjpeGlw6W3peXJ+rXYpMikzs/ggVyEv7n7pMehotK7lYrW0KW1pemltaXpuNCk8qWtqWCl16S3pN6kuaGjPEJSPjxzdHlsZSB0eXBlPSJ0ZXh0L2NzcyI+CiNyYW5raW5nX2l0ZW1wYWdlX3JtcyB7CndpZHRoOjY4MHB4Owpmb250LXNpemU6MTJweDsKYm9yZGVyOnNvbGlkIDVweCAjRkZCNDAwOwpiYWNrZ3JvdW5kOiAjZmZmCn0KCiNyYW5raW5nX2l0ZW1wYWdlX3JtcyBkaXYgewpiYWNrZ3JvdW5kOiB1cmwoaHR0cDovL3d3dy5yYWt1dGVuLm5lLmpwL2dvbGQvaS1vZmZpY2UxL2ltYWdlcy9iYWNrX3Jhbmtpbmdfcm1zLnBuZykgbm8tcmVwZWF0Owpib3JkZXItdG9wOnNvbGlkIDVweCAjRkZCNDAwOwp9CgojcmFua2luZ19pdGVtcGFnZV9ybXMgYSB7CnRleHQtZGVjb3JhdGlvbjpub25lOwp9CgojcmFua2luZ19pdGVtcGFnZV9ybXMgaW1nIHsKYm9yZGVyOjAKfQoKI3JhbmtpbmdfaXRlbXBhZ2Vfcm1zIGE6aG92ZXIgewp0ZXh0LWRlY29yYXRpb246dW5kZXJsaW5lCn0KCiNyYW5raW5nX2l0ZW1wYWdlX3JtcyAudGl0bGUgewpwYWRkaW5nLXRvcDoyMHB4OwptYXJnaW46MAp9CgojcmFua2luZ19pdGVtcGFnZV9ybXMgLnRpdGxlIGltZyB7CndpZHRoOjk2LjUlOwpwYWRkaW5nLWxlZnQ6MiUKfQoKI3JhbmtpbmdfaXRlbXBhZ2Vfcm1zIHVsIHsKbWFyZ2luOjA7CnBhZGRpbmc6MiU7Cn0KCiNyYW5raW5nX2l0ZW1wYWdlX3JtcyBsaSB7CndpZHRoOjE4JTsKbWFyZ2luLXJpZ2h0OjIlOwpsaXN0LXN0eWxlOiBub25lOwpmbG9hdDpsZWZ0OwpsaW5lLWhlaWdodDoxLjY7Cn0KCiNyYW5raW5nX2l0ZW1wYWdlX3JtcyAucmFua2ljb24gewp3aWR0aDo2NXB4OwptYXJnaW4tYm90dG9tOjEwcHgKfQoKI3JhbmtpbmdfaXRlbXBhZ2Vfcm1zIGxpOm50aC1jaGlsZCgxKSB7CndpZHRoOjIwJTsKfQoKI3JhbmtpbmdfaXRlbXBhZ2Vfcm1zIGxpOm50aC1jaGlsZCg1KSB7Cm1hcmdpbi1yaWdodDowCn0KCiNyYW5raW5nX2l0ZW1wYWdlX3JtcyBsaSBpbWcgewp3aWR0aDoxMDAlCn0KCiNyYW5raW5nX2l0ZW1wYWdlX3JtcyBsaSBwIHsKZGlzcGxheTpibG9jazsKbWFyZ2luOjAKfQoKI3JhbmtpbmdfaXRlbXBhZ2Vfcm1zIGxpIGEgewpjb2xvcjojNTc5REU1Cn0KCiNyYW5raW5nX2l0ZW1wYWdlX3JtcyBsaSBwLml0ZW1fbmFtZSB7CmZvbnQtc2l6ZToxMXB4OwpoZWlnaHQ6NjBweAp9CgojcmFua2luZ19pdGVtcGFnZV9ybXMgbGk6bnRoLWNoaWxkKDEpIHAuaXRlbV9uYW1lIHsKaGVpZ2h0OjYwcHgKfQoKI3JhbmtpbmdfaXRlbXBhZ2Vfcm1zIGxpIHAucHJpY2Ugewpmb250LXNpemU6MTRweDsKZm9udC13ZWlnaHQ6Ym9sZDsKY29sb3I6I0ZGMDAwMDsKfQoKLyrZSaSkzu+lq6W0pdylv6XzKi8KI3Jha3V0ZW5MaW1pdGVkSWRfYXJvdW5kQ2FydCBpbnB1dFt2YWx1ZT0i2UmkpM7vpKuktKTLyOuk7KTrIl0sIGlucHV0W3ZhbHVlPSLT6LxzpLmk6yJdCiB7CndpZHRoOiAyMzNweDsKaGVpZ2h0OiA1MnB4OwpiYWNrZ3JvdW5kOnVybChodHRwOi8vaW1hZ2UucmFrdXRlbi5jby5qcC9pLW9mZmljZTEvY2FiaW5ldC8wMzk0MjAzNy9jYXJ0LmdpZikgI2ZjZmNmYyBuby1yZXBlYXQ7Cm92ZXJmbG93OiBoaWRkZW47CmJvcmRlci13aWR0aDogMHB4OwpjdXJzb3I6IHBvaW50ZXIgIWltcG9ydGFudDsKdGV4dC1pbmRlbnQ6IDE1MCU7CndoaXRlLXNwYWNlOiBub3dyYXA7Cm1hcmdpbjogNXB4IDAgMCAwOwp9CgoKLyqCgMr9yOvBpiovCiNyYWt1dGVuTGltaXRlZElkX2Fyb3VuZENhcnQgaW5wdXQjdW5pdHMgewpib3JkZXI6c29saWQgI2NjYyAxcHg7CmJhY2tncm91bmQ6I2ZmZiFpbXBvcnRhbnQ7CmN1cnNvcjphdXRvOwp0ZXh0LWluZGVudDogMHB4OwpvdmVyZmxvdzogaGlkZGVuOwp9CgojcmFrdXRlbkxpbWl0ZWRJZF9hcm91bmRDYXJ0ICogewpmb250LWZhbWlseTogIqPNo9Mgo9CltKW3pcOlryIsc2Fucy1zZXJpZiAhaW1wb3J0YW50Owp9CgojcmFrdXRlbkxpbWl0ZWRJZF9hcm91bmRDYXJ0ICNzZXJ2aWNlVGFibGVTbWwgdGQuZmF2b3JpdGUgewp3aWR0aDogMzAwcHggIWltcG9ydGFudDsKfQoKLyqlq6lgpcjJzMa3t6y6xSovCnNwYW4uaXRlbV9udW1iZXJfdGl0bGUgewpiYWNrZ3JvdW5kOiBub25lIHJlcGVhdCBzY3JvbGwgMCAwICMzYjU5OTg7CmNvbG9yOiAjZmZmOwpkaXNwbGF5OiBibG9jazsKZmxvYXQ6IGxlZnQ7Cm1hcmdpbi1ib3R0b206IDIwcHg7CnBhZGRpbmc6IDNweCA2cHg7CmZvbnQtc2l6ZTogMTAwJSAhaW1wb3J0YW50Owp9CgpzcGFuLml0ZW1fbnVtYmVyIHsKYm9yZGVyOiAxcHggc29saWQgIzNiNTk5ODsKY29sb3I6ICMwMDAwMDA7CmRpc3BsYXk6IGJsb2NrOwpmb250LXdlaWdodDogYm9sZDsKbGV0dGVyLXNwYWNpbmc6IDAuMWVtOwptYXJnaW4tYm90dG9tOiAyMHB4OwptYXJnaW4tbGVmdDogLTAuNWVtOwpwYWRkaW5nOiAycHggOHB4Owp9Cgo8L3N0eWxlPgoKPGRpdiBpZD0icmFua2luZ19pdGVtcGFnZV9ybXMiPgo8ZGl2Pgo8cCBjbGFzcz0idGl0bGUiPjxpbWcgc3JjPSJodHRwOi8vd3d3LnJha3V0ZW4ubmUuanAvZ29sZC9pLW9mZmljZTEvaW1hZ2VzL3RpdGxlX3Jhbmtpbmdfcm1zLnBuZyIgLz48L3A+Cjx1bD4KPGxpPjxpbWcgc3JjPSJodHRwOi8vd3d3LnJha3V0ZW4ubmUuanAvZ29sZC9pLW9mZmljZTEvaW1hZ2VzL3JhbmtpY29uMV9yYW5raW5nX3Jtcy5wbmciIGNsYXNzPSJyYW5raWNvbiIgLz48aW1nIHNyYz0iaHR0cDovL2ltYWdlLnJha3V0ZW4uY28uanAvaS1vZmZpY2UxL2NhYmluZXQvdGFrZTkvMjMzMDAwMjIuanBnIiAvPjxwIGNsYXNzPSJpdGVtX25hbWUiPqG+yNWxvtF1ob/N6M+0pKRPS6Oh0fLDqzEwMKOlyrnTw6Ohz/uz9KWmqWCl67fzpK2l0aXDpck8L3A+PHAgY2xhc3M9InByaWNlIj41LDk4MIPSPC9wPjwvbGk+CjxsaT48aW1nIHNyYz0iaHR0cDovL3d3dy5yYWt1dGVuLm5lLmpwL2dvbGQvaS1vZmZpY2UxL2ltYWdlcy9yYW5raWNvbjJfcmFua2luZ19ybXMucG5nIiBjbGFzcz0icmFua2ljb24iIC8+PGltZyBzcmM9Imh0dHA6Ly9pbWFnZS5yYWt1dGVuLmNvLmpwL2ktb2ZmaWNlMS9jYWJpbmV0L3RrOS8xMTIwMTIxNC5qcGciIC8+PHAgY2xhc3M9Iml0ZW1fbmFtZSI+pNWk76TVpO+l3qW3peWl3qXtpb+lw6XBoe+koqTDpL+kq6XepaSlr6XtpdWloaWkpdCpYLfzpdGlw6XJPC9wPjxwIGNsYXNzPSJwcmljZSI+MiwyOTGD0jwvcD48L2xpPgo8bGk+PGltZyBzcmM9Imh0dHA6Ly93d3cucmFrdXRlbi5uZS5qcC9nb2xkL2ktb2ZmaWNlMS9pbWFnZXMvcmFua2ljb24zX3Jhbmtpbmdfcm1zLnBuZyIgY2xhc3M9InJhbmtpY29uIiAvPjxpbWcgc3JjPSJodHRwOi8vaW1hZ2UucmFrdXRlbi5jby5qcC9pLW9mZmljZTEvY2FiaW5ldC90azkvMTEyMDA2NzcuanBnIiAvPjxwIGNsYXNzPSJpdGVtX25hbWUiPqTVpO+k1aTvpd6lt6Xlpd6l7aW/pcOlwaHvpKKkw6S/pKul3qWkpa+l7aXVpaGlpKXQqWDDq7K8PC9wPjxwIGNsYXNzPSJwcmljZSI+MiwyOTGD0jwvcD48L2xpPgo8bGk+PGltZyBzcmM9Imh0dHA6Ly93d3cucmFrdXRlbi5uZS5qcC9nb2xkL2ktb2ZmaWNlMS9pbWFnZXMvcmFua2ljb240X3Jhbmtpbmdfcm1zLnBuZyIgY2xhc3M9InJhbmtpY29uIiAvPjxpbWcgc3JjPSJodHRwOi8vaW1hZ2UucmFrdXRlbi5jby5qcC9pLW9mZmljZTEvY2FiaW5ldC90Ym01LzE0MDUxMDIyLmpwZyIgLz48cCBjbGFzcz0iaXRlbV9uYW1lIj6hvqWipeSlyKW5ob9maW5sYXlzb24gpdGl86XAsfql6qXQqWClt6XWpevDq7K8ob6WfL6pzve0qKG/PC9wPjxwIGNsYXNzPSJwcmljZSI+OCw2NDCD0jwvcD48L2xpPgo8bGk+PGltZyBzcmM9Imh0dHA6Ly93d3cucmFrdXRlbi5uZS5qcC9nb2xkL2ktb2ZmaWNlMS9pbWFnZXMvcmFua2ljb241X3Jhbmtpbmdfcm1zLnBuZyIgY2xhc3M9InJhbmtpY29uIiAvPjxpbWcgc3JjPSJodHRwOi8vaW1hZ2UucmFrdXRlbi5jby5qcC9pLW9mZmljZTEvY2FiaW5ldC9pY2hpMTIvMzg1MDA3NC5qcGciIC8+PHAgY2xhc3M9Iml0ZW1fbmFtZSI+ob7dWMG/ob/T8MOrpM4ysbakoqS/pL+kq6Sko6Glt6XzpbWl7KlgpcilpqXrpcil6ZLspLGyvIfiPC9wPjxwIGNsYXNzPSJwcmljZSI+NSw5ODCD0jwvcD48L2xpPgoKCjxiciBzdHlsZT0iY2xlYXI6Ym90aCIgLz4KPC91bD4KPC9kaXY+CgoKPC9kaXY+,pdWl6aXzpbml2aXDpckgpeKlpKW5pbGloiCl4aXDpbel5aXRpcOlySCl76WkpcmlwKXWpesgIM/7s/Q/saPOwiC/ub76pMqkybbgmUPE3KOhpeql0Klgpbel1qXrIM/7s/Q/saPOwiC/ub76pMqkybbgmUPE3KOhpeql0Klgpbel1qXrIKXipaSluaWxpaIgpeGlw6W3peWl0aXDpckgpe+lpKXJpcCl1qXrILfzpdGlw6XJILfzpK2l0aXDpcnRdSBmcmFuY2ViZWSjurzSvt+kzqWkpfOlxqXqpaKlqqXVpaOluaXvpfM=,pdmlw6XJpb2l1aWhqWCl1aXppfOluaXZpcOlybzSvt8gzajYnMfevt+yvIfipaupYKXapcOlyKXHpbmlr6XBpaeloqlgpcapYKXWpeuFp7x7vNK+36W9pdWloalgpdmlw6XJpcal7KXTzKjX+dLO19PS/dS9pLfQwr7TpaupYKXGpfOlpKXzpcal6qWipbel56XDpdel1aXppfOluaXZpcOlySCl4qWkpbmlsaWiIKXhpcOlt6XlpdGlw6XJIKXvpaSlyaXApdal6yAgz/uz9D+xo87CIL+5vvqkyqTJtuCZQ8Tco6Gl6qXQqWClt6XWpesgz/uz9D+xo87CIL+5vvqkyqTJtuCZQ8Tco6Gl6qXQqWClt6XWpesgpeKlpKW5pbGloiCl4aXDpbel5aXRpcOlySCl76WkpcmlwKXWpesgt/Ol0aXDpckgt/OkraXRpcOlydF1IGZyYW5jZWJlZA==,peKlpKW5pbGloiCl4aXDpbel5aXRpcOlySCl76WkpcmlwKXWpeuho6XVpeml86W5pdmlw6XJIKXipaSluaWxpaIgpeGlw6W3peWl0aXDpckgpe+lpKXJpcCl1qXrICDP+7P0P7GjzsIgv7m++qTKpMm24JlDxNyjoaXqpdCpYKW3pdal6yDP+7P0P7GjzsIgv7m++qTKpMm24JlDxNyjoaXqpdCpYKW3pdal6yCl4qWkpbmlsaWiIKXhpcOlt6XlpdGlw6XJIKXvpaSlyaXApdal6yC386XRpcOlySC386StpdGlw6XJ0XUgZnJhbmNlYmVk[rn]
40-32990,aHR0cDovL3RzaG9wLnIxMHMuanAvaS1vZmZpY2UxL2NhYmluZXQvdGsxMS8yOTMzMzA5LmpwZz9maXRpbj03MDA6NzAw,OTUwNC4wMDAw,,paSl86XGpeqloj/H3r7fP4WnvHsgPiDH3r7fID4gpdmlw6XJpdGlw6XJ,pdWl6aXzpbml2aXDpckgpaalqaXDpbel46XWpesgpdClpKWqpdmlw6XJpdGlw6XJIKXvpaSlyaXApdal66XtpfOlsCClqqlgpeul3qWkpcalo6TLyrmkqKTro6G/ub76t8Cz9LzTuaQgz7SkqKTrIKXQpaSlqqXZpcOlyaXRpcOlySClu6Xfpbel86Wwpesgt/Ol0aXDpckgt/OkraXRpcOlydF1IGZyYW5jZWJlZA==,paalqaXDpbel46XWpesgpdClpKWqpdmlw6XJpdGlw6XJIKXvpaSlyaXApdal66XtpfOlsA==,Cgo8ZGl2IHN0eWxlPSJ3aWR0aDo2NzBweDsgZm9udC1zaXplOjE2cHg7IGxpbmUtaGVpZ2h0OjEuNjsgZm9udC1mYW1pbHk6J0hpcmFnaW5vIEtha3UgR290aGljIFByb04nLCBNZWlyeW8sIHNhbnMtc2VyaWY7IGNvbG9yOiMzMzMiPgogIDxpbWcgc3JjPSJodHRwczovL2ltYWdlLnJha3V0ZW4uY28uanAvaS1vZmZpY2UxL2NhYmluZXQvdGsxMS8yOTMzMzA5LmpwZyIgYWx0PSKl1aXppfOluaXZpcOlyaGhpdClpKWqpdmlw6XJpdGlw6XJK6W3qWClxDK146W7pcOlyCIgLz4KICA8aDQgc3R5bGU9ImJvcmRlci1sZWZ0OnNvbGlkIDhweCAjMzMzOyBwYWRkaW5nLWxlZnQ6MjBweDsgZm9udC1zaXplOjE4cHgiPqS1pO+k6tDEtdikrKTopOqlvaXVpciky6TKpMOkv6Giv7m++j+3wLP0pM6l0KWkpaql2aXDpcml0aXDpcmlt6XqqWCluqGjPC9oND4KPGltZyBzcmM9Imh0dHBzOi8vaW1hZ2UucmFrdXRlbi5jby5qcC9pLW9mZmljZTEvY2FiaW5ldC90azExLzI5MDcxMDFfMDMuanBnIiAvPgo8cCBzdHlsZT0icGFkZGluZzowIDEwcHg7IG1hcmdpbi1ib3R0b206MjBweCI+pdClpKWqpdmlw6XJpdGlw6XJpM+hos+05aqZQ6THzejPtKSkpKy/ycTcpMekuaGjpN6kv6Gi1tC+ZKTLpM+/ub76t8Cz9LzTuaSk8qS3pMakqqTqoaLH5Z2NpMuxo6TEpLOkyKSss/bAtKTepLmhozwvcD4KPGRpdiBzdHlsZT0id2lkdGg6MzI1cHg7IGZsb2F0OmxlZnQ7IG1hcmdpbi1yaWdodDoyMHB4Ij4KPGEgaHJlZj0idGsxMS8yOTA3MTAxXzA2LmpwZyIgc3R5bGU9ImN1cnNvcjp1cmwoaHR0cHM6Ly93d3cucmFrdXRlbi5uZS5qcC9nb2xkL2ktb2ZmaWNlMS9zZWFyY2gucG5nKSwgcG9pbnRlcjsiIHRhcmdldD0iX2JsYW5rIj48aW1nIHNyYz0iaHR0cHM6Ly9pbWFnZS5yYWt1dGVuLmNvLmpwL2ktb2ZmaWNlMS9jYWJpbmV0L3RrMTEvMjkwNzEwMV8wNi5qcGciICB3aWR0aD0iMzI1IiAvPjwvYT4KPHAgc3R5bGU9InBhZGRpbmc6MCAxMHB4OyBtYXJnaW4tYm90dG9tOjIwcHgiPqH2tKWk6tDEtdikrKTopOqlvaXVpcikyzxCUj6l2aXDpcml0aXDpcmkzrSlpOrQxLXYpKzI4aTppKukr6W9pdWlyKTLpMqk6qGipd6lw6XIpeyluaTOx97QxLXYpPKTcKTKpKSk3qS7pPOhozwvcD4KPC9kaXY+Cgo8ZGl2IHN0eWxlPSJ3aWR0aDozMjVweDsgZmxvYXQ6bGVmdCI+CjxhIGhyZWY9InRrMTEvMjkwNzEwMV8wNy5qcGciIHN0eWxlPSJjdXJzb3I6dXJsKGh0dHBzOi8vd3d3LnJha3V0ZW4ubmUuanAvZ29sZC9pLW9mZmljZTEvc2VhcmNoLnBuZyksIHBvaW50ZXI7IiB0YXJnZXQ9Il9ibGFuayI+PGltZyBzcmM9Imh0dHBzOi8vaW1hZ2UucmFrdXRlbi5jby5qcC9pLW9mZmljZTEvY2FiaW5ldC90azExLzI5MDcxMDFfMDcuanBnIiAgd2lkdGg9IjMyNSIgLz48L2E+CjxwIHN0eWxlPSJwYWRkaW5nOjAgMTBweDsgbWFyZ2luLWJvdHRvbToyMHB4Ij6h9tbQvmSkz1sgPGI+v7m++j+3wLP0PC9iPiBdvmSk8pLx08M8QlI+CtbQpM6l3aXqpailuaXGpeu+ZKTy0X3K/b76t06k2KGi0tbWxoS/ufuk8tbGvvql7KXZpeuky6XRpe+pYKWipcOl16S3pN6kt6S/oaMgIDwvcD4KPC9kaXY+CjxkaXYgc3R5bGU9IndpZHRoOjMyNXB4OyBmbG9hdDpsZWZ0OyBtYXJnaW4tcmlnaHQ6MjBweCI+CjxhIGhyZWY9InRrMTEvMjkwNzEwMV8wNC5qcGciIHN0eWxlPSJjdXJzb3I6dXJsKGh0dHBzOi8vd3d3LnJha3V0ZW4ubmUuanAvZ29sZC9pLW9mZmljZTEvc2VhcmNoLnBuZyksIHBvaW50ZXI7IiB0YXJnZXQ9Il9ibGFuayI+PGltZyBzcmM9Imh0dHBzOi8vaW1hZ2UucmFrdXRlbi5jby5qcC9pLW9mZmljZTEvY2FiaW5ldC90azExLzI5MDcxMDFfMDQuanBnIiAgd2lkdGg9IjMyNSIgLz48L2E+CjxwIHN0eWxlPSJwYWRkaW5nOjAgMTBweDsgbWFyZ2luLWJvdHRvbToyMHB4Ij6h9qW6pey3wNa5pM7LxNPnpbSl4Li2pK08L3A+CjwvZGl2PgoKPGRpdiBzdHlsZT0id2lkdGg6MzI1cHg7IGZsb2F0OmxlZnQiPgo8YSBocmVmPSJ0azExLzI5MDcxMDFfMDUuanBnIiBzdHlsZT0iY3Vyc29yOnVybChodHRwczovL3d3dy5yYWt1dGVuLm5lLmpwL2dvbGQvaS1vZmZpY2UxL3NlYXJjaC5wbmcpLCBwb2ludGVyOyIgdGFyZ2V0PSJfYmxhbmsiPjxpbWcgc3JjPSJodHRwczovL2ltYWdlLnJha3V0ZW4uY28uanAvaS1vZmZpY2UxL2NhYmluZXQvdGsxMS8yOTA3MTAxXzA1LmpwZyIgIHdpZHRoPSIzMjUiIC8+PC9hPgo8cCBzdHlsZT0icGFkZGluZzowIDEwcHg7IG1hcmdpbi1ib3R0b206MjBweCI+ofbPtOWqpc2lw6XIuLakrTwvcD4KPC9kaXY+CjwvZGl2PjxpbWcgc3JjPSJodHRwczovL2ltYWdlLnJha3V0ZW4uY28uanAvaS1vZmZpY2UxL2NhYmluZXQvdGsxMS8yOTMzMzA1X2xpbmsuanBnIiB1c2VtYXA9IiNNYXAyOTMzMzA1X2xpbmsiIC8+CjxtYXAgbmFtZT0iTWFwMjkzMzMwNV9saW5rIiBpZD0iTWFwMjkzMzMwNV9saW5rIj4KICA8YXJlYSBzaGFwZT0icmVjdCIgY29vcmRzPSIxNiw1MjMsMzI2LDU3MSIgaHJlZj0iaHR0cHM6Ly9pdGVtLnJha3V0ZW4uY28uanAvaS1vZmZpY2UxLzI5MzMzMTAvIiAvPgogIDxhcmVhIHNoYXBlPSJyZWN0IiBjb29yZHM9IjE3LDQ2MiwzMjcsNTEwIiBocmVmPSJodHRwczovL2l0ZW0ucmFrdXRlbi5jby5qcC9pLW9mZmljZTEvMjkzMzMwOC8iIC8+PGFyZWEgc2hhcGU9InJlY3QiIGNvb3Jkcz0iMzQ2LDQ2Miw2NTYsNTEwIiBocmVmPSJodHRwczovL2l0ZW0ucmFrdXRlbi5jby5qcC9pLW9mZmljZTEvMjkzMzMwOS8iIC8+CiAgPGFyZWEgc2hhcGU9InJlY3QiIGNvb3Jkcz0iMTcsNDAxLDMyNyw0NDkiIGhyZWY9Imh0dHBzOi8vaXRlbS5yYWt1dGVuLmNvLmpwL2ktb2ZmaWNlMS8yOTMzMzA2LyIgLz48YXJlYSBzaGFwZT0icmVjdCIgY29vcmRzPSIzNDYsNDAxLDY1Niw0NDkiIGhyZWY9Imh0dHBzOi8vaXRlbS5yYWt1dGVuLmNvLmpwL2ktb2ZmaWNlMS8yOTMzMzA3LyIgLz4KICA8YXJlYSBzaGFwZT0icmVjdCIgY29vcmRzPSIxNywyOTUsMzI3LDM0MyIgaHJlZj0iaHR0cHM6Ly9pdGVtLnJha3V0ZW4uY28uanAvaS1vZmZpY2UxLzI5MzMzMDQvIiAvPgogIDxhcmVhIHNoYXBlPSJyZWN0IiBjb29yZHM9IjM0NiwyOTUsNjU2LDM0MyIgaHJlZj0iaHR0cHM6Ly9pdGVtLnJha3V0ZW4uY28uanAvaS1vZmZpY2UxLzI5MzM1NzgvIiAvPgogIDxhcmVhIHNoYXBlPSJyZWN0IiBjb29yZHM9IjM0NiwyMzQsNjU2LDI4MiIgaHJlZj0iaHR0cHM6Ly9pdGVtLnJha3V0ZW4uY28uanAvaS1vZmZpY2UxLzI5MzMzMDMvIiAvPjxhcmVhIHNoYXBlPSJyZWN0IiBjb29yZHM9IjE3LDIzNCwzMjcsMjgyIiBocmVmPSJodHRwczovL2l0ZW0ucmFrdXRlbi5jby5qcC9pLW9mZmljZTEvMjkzMzMwMi8iIC8+CiAgPGFyZWEgc2hhcGU9InJlY3QiIGNvb3Jkcz0iMzQ2LDE3NCw2NTYsMjIyIiBocmVmPSJodHRwczovL2l0ZW0ucmFrdXRlbi5jby5qcC9pLW9mZmljZTEvMjkzMzMwMS8iIC8+PGFyZWEgc2hhcGU9InJlY3QiIGNvb3Jkcz0iMTcsMTc0LDMyNywyMjIiIGhyZWY9Imh0dHBzOi8vaXRlbS5yYWt1dGVuLmNvLmpwL2ktb2ZmaWNlMS8yOTMzNTc3LyIgLz4KPGFyZWEgc2hhcGU9InJlY3QiIGNvb3Jkcz0iMzQ4LDExMiw2NTgsMTYwIiBocmVmPSJodHRwczovL2l0ZW0ucmFrdXRlbi5jby5qcC9pLW9mZmljZTEvMjkzMzMwMC8iIC8+PGFyZWEgc2hhcGU9InJlY3QiIGNvb3Jkcz0iMTgsMTEzLDMyOCwxNjEiIGhyZWY9Imh0dHBzOi8vaXRlbS5yYWt1dGVuLmNvLmpwL2ktb2ZmaWNlMS8yOTMzMzA1LyIgLz48L21hcD48YnI+PGJyPgo8aW1nIHNyYz0iaHR0cHM6Ly9pbWFnZS5yYWt1dGVuLmNvLmpwL2ktb2ZmaWNlMS9jYWJpbmV0L3RrNy9iZWRwYWRfbGluZS5qcGciIGFsdD0iIiAgICA+PGJyPjxicj4KPGltZyBzcmM9Imh0dHBzOi8vaW1hZ2UucmFrdXRlbi5jby5qcC9pLW9mZmljZTEvY2FiaW5ldC90azcvYmVkcGFkX2xpbmsuanBnIiBhbHQ9IiIgICB1c2VtYXA9IiNNYXAyOSIgID4KPG1hcCBuYW1lPSJNYXAyOSIgaWQ9Ik1hcDI5Ij4KICA8YXJlYSBzaGFwZT0icmVjdCIgY29vcmRzPSI1MTMsODI0LDY1OSw4NjAiIGhyZWY9Imh0dHBzOi8vaXRlbS5yYWt1dGVuLmNvLmpwL2ktb2ZmaWNlMS8yOTMzMzkxLyIgLz4KICA8YXJlYSBzaGFwZT0icmVjdCIgY29vcmRzPSI1MTMsNzgzLDY1OSw4MTkiIGhyZWY9Imh0dHBzOi8vaXRlbS5yYWt1dGVuLmNvLmpwL2ktb2ZmaWNlMS8yOTMzMzQzLyIgLz4KICA8YXJlYSBzaGFwZT0icmVjdCIgY29vcmRzPSI1MTQsNzI2LDY2MCw3NjIiIGhyZWY9Imh0dHBzOi8vaXRlbS5yYWt1dGVuLmNvLmpwL2ktb2ZmaWNlMS8yOTMzMzg2LyIgLz4KICA8YXJlYSBzaGFwZT0icmVjdCIgY29vcmRzPSI1MTQsNjgxLDY2MCw3MTciIGhyZWY9Imh0dHBzOi8vaXRlbS5yYWt1dGVuLmNvLmpwL2ktb2ZmaWNlMS8yOTAwMTc1LyIgLz4KICA8YXJlYSBzaGFwZT0icmVjdCIgY29vcmRzPSI1MTIsNjI2LDY1OCw2NjIiIGhyZWY9Imh0dHBzOi8vaXRlbS5yYWt1dGVuLmNvLmpwL2ktb2ZmaWNlMS8yOTMzMzgwLyIgLz4KICA8YXJlYSBzaGFwZT0icmVjdCIgY29vcmRzPSI1MTQsNTgxLDY2MCw2MTciIGhyZWY9Imh0dHBzOi8vaXRlbS5yYWt1dGVuLmNvLmpwL2ktb2ZmaWNlMS8yOTMzMzMyLyIgLz4KICA8YXJlYSBzaGFwZT0icmVjdCIgY29vcmRzPSI1MTIsNTMwLDY1OCw1NjYiIGhyZWY9Imh0dHBzOi8vaXRlbS5yYWt1dGVuLmNvLmpwL2ktb2ZmaWNlMS8yOTMzMzc1LyIgLz4KICA8YXJlYSBzaGFwZT0icmVjdCIgY29vcmRzPSI1MTMsNDg1LDY1OSw1MjEiIGhyZWY9Imh0dHBzOi8vaXRlbS5yYWt1dGVuLmNvLmpwL2ktb2ZmaWNlMS8yOTMzMzI3LyIgLz4KICA8YXJlYSBzaGFwZT0icmVjdCIgY29vcmRzPSI1MTMsNDI2LDY1OSw0NjIiIGhyZWY9Imh0dHBzOi8vaXRlbS5yYWt1dGVuLmNvLmpwL2ktb2ZmaWNlMS8yOTA3MjAxLyIgLz4KICA8YXJlYSBzaGFwZT0icmVjdCIgY29vcmRzPSI1MTQsMzg0LDY2MCw0MjAiIGhyZWY9Imh0dHBzOi8vaXRlbS5yYWt1dGVuLmNvLmpwL2ktb2ZmaWNlMS8yOTMzMzE2LyIgLz4KICA8YXJlYSBzaGFwZT0icmVjdCIgY29vcmRzPSI1MTQsMzI3LDY2MCwzNjMiIGhyZWY9Imh0dHBzOi8vaXRlbS5yYWt1dGVuLmNvLmpwL2ktb2ZmaWNlMS8yOTMzMzU5LyIgLz4KICA8YXJlYSBzaGFwZT0icmVjdCIgY29vcmRzPSI1MTEsMjg2LDY1NywzMjIiIGhyZWY9Imh0dHBzOi8vaXRlbS5yYWt1dGVuLmNvLmpwL2ktb2ZmaWNlMS8yOTMzMzExLyIgLz4KICA8YXJlYSBzaGFwZT0icmVjdCIgY29vcmRzPSI1MTIsMjI2LDY1OCwyNjIiIGhyZWY9Imh0dHBzOi8vaXRlbS5yYWt1dGVuLmNvLmpwL2ktb2ZmaWNlMS8yOTA3MTAxLyIgLz4KICA8YXJlYSBzaGFwZT0icmVjdCIgY29vcmRzPSI1MTMsMTgyLDY1OSwyMTgiIGhyZWY9Imh0dHBzOi8vaXRlbS5yYWt1dGVuLmNvLmpwL2ktb2ZmaWNlMS8yOTMzMzAwLyIgLz4KPC9tYXA+Cjxicj4KPGJyPjxCUj48QlI+PGlmcmFtZSBzcmM9Imh0dHBzOi8vd3d3LnJha3V0ZW4ubmUuanAvZ29sZC9rYWd1bWFydS8wMzMvZnJhbmNlYmVkX2NhdF9pLW9mZmljZTEuaHRtbCIgd2lkdGg9IjY4NSIgaGVpZ2h0PSIyMzAwIiBmcmFtZWJvcmRlcj0iMCIgc2Nyb2xsaW5nPSJubyI+CqSqyrmkpKTOpdal6aWmpbakz6WkpfOl6aWkpfOl1aXsqWCl4KTLzrSMnY/qpM6k6KSmpMekuaGjCqSqytbK/aTHpLmkrKSzpM6yv7fWpM8gaWZyYW1lIIydj+qkzqXWpemlpqW2pMfSiqTGpK+kwKS1pKShozxicj4KPC9pZnJhbWU+PEJSPjxCUj48QlI+PHAgc3R5bGU9ImNvbG9yOiNGRjAwMDA7Ij6h+Ztfv0k/63iNdT/Su7K/32i49LXYpNikzqSqveyksaTPs/bAtKTepLuk86GjPEJSPgo8cCBjbGFzcz0iZGVsaXZfZmVlX2hva3UiPrGxuqO1wKTYpM7F5MvNpM+EZc2+y83Bz6SspKukq6TqpN6kuaGjPGJyPrGxuqO1wMvNwc+juqG+sbEzob+lv6Wkpdc8L3A+CqH5lXLpZ9a4tqikzzGx46OoOS0xNJVyo6mhojKx46OoMTItMTiVcqOpoaK9S8jVseOjqDktMTiVcqOppM6k36TIpMqk6qTepLmhozxCUj4KP7XY0/Kky6TopMOkxsXky82kzurXyNWkrM/etqiktaTspOuI9rrPpOShopVy6WfWuLaopKyz0KTspMqkpIj2us+krKS0pLakpKTepLmhozxCUj4KPEJSPjxwIHN0eWxlPSJjb2xvcjojRkYwMDAwOyI+ofml1aXppfOluaXZpcOlycnn0XXGt6TPobjK3NeiyfquYqG5pMikyqTqpN6kuaGjsGvLzaTepMcy30zpZ7PMpKqVculnpPLtlKSviPa6z6SspLSktqSkpN6kuaGjpMmkpqSrpLTBy7PQz8KktaSkoaM8L3A+PGhyIHN0eWxlPSJib3JkZXI6IG5vbmU7IGJvcmRlci10b3A6IGRhc2hlZCAxcHggIzAwMDAwMDtoZWlnaHQ6IDFweDsgY29sb3I6ICNmZmZmZmY7Ij7JzMa3pbWlpKW6o7q3+TE1NKHBsMLQ0DIwNWNtPEJSPqG+pdmlw6XJpdGlw6XJob+hwTHDtijPtOWqpc2lw6XIuLYpPGJyPgrUkaThzu+hoaXdpeqlqKW5pcal6zEwMCWjqL+5vvq3wLP0vNO5pKOpPGJyPgqCyLXYoaGl3aXqpailuaXGpes2NSWhob5kMzUlPGJyPsn6rmK5+qO61tC5+jxCUj4K1tjBv6O6CjEuM2tnPEJSPgo8aHIgc3R5bGU9ImJvcmRlcjogbm9uZTsgYm9yZGVyLXRvcDogZGFzaGVkIDFweCAjMDAwMDAwO2hlaWdodDogMXB4OyBjb2xvcjogI2ZmZmZmZjsiPqXQpaSlqqXZpcOlyaXRpcOlyaTPoaLPtOWqmUOkx83oz7SkpKSsv8nE3KTHpLmho6TepL+hotbQvmSky6TPv7m++rfAs/S807mkpPKkt6TGpKqk6qGix+WdjaTLsaOkxKSzpMikrLP2wLSk3qS5oaM8c3R5bGUgdHlwZT0idGV4dC9jc3MiPgojcmFua2luZ19pdGVtcGFnZV9ybXMgewp3aWR0aDo2ODBweDsKZm9udC1zaXplOjEycHg7CmJvcmRlcjpzb2xpZCA1cHggI0ZGQjQwMDsKYmFja2dyb3VuZDogI2ZmZgp9CgojcmFua2luZ19pdGVtcGFnZV9ybXMgZGl2IHsKYmFja2dyb3VuZDogdXJsKGh0dHA6Ly93d3cucmFrdXRlbi5uZS5qcC9nb2xkL2ktb2ZmaWNlMS9pbWFnZXMvYmFja19yYW5raW5nX3Jtcy5wbmcpIG5vLXJlcGVhdDsKYm9yZGVyLXRvcDpzb2xpZCA1cHggI0ZGQjQwMDsKfQoKI3JhbmtpbmdfaXRlbXBhZ2Vfcm1zIGEgewp0ZXh0LWRlY29yYXRpb246bm9uZTsKfQoKI3JhbmtpbmdfaXRlbXBhZ2Vfcm1zIGltZyB7CmJvcmRlcjowCn0KCiNyYW5raW5nX2l0ZW1wYWdlX3JtcyBhOmhvdmVyIHsKdGV4dC1kZWNvcmF0aW9uOnVuZGVybGluZQp9CgojcmFua2luZ19pdGVtcGFnZV9ybXMgLnRpdGxlIHsKcGFkZGluZy10b3A6MjBweDsKbWFyZ2luOjAKfQoKI3JhbmtpbmdfaXRlbXBhZ2Vfcm1zIC50aXRsZSBpbWcgewp3aWR0aDo5Ni41JTsKcGFkZGluZy1sZWZ0OjIlCn0KCiNyYW5raW5nX2l0ZW1wYWdlX3JtcyB1bCB7Cm1hcmdpbjowOwpwYWRkaW5nOjIlOwp9CgojcmFua2luZ19pdGVtcGFnZV9ybXMgbGkgewp3aWR0aDoxOCU7Cm1hcmdpbi1yaWdodDoyJTsKbGlzdC1zdHlsZTogbm9uZTsKZmxvYXQ6bGVmdDsKbGluZS1oZWlnaHQ6MS42Owp9CgojcmFua2luZ19pdGVtcGFnZV9ybXMgLnJhbmtpY29uIHsKd2lkdGg6NjVweDsKbWFyZ2luLWJvdHRvbToxMHB4Cn0KCiNyYW5raW5nX2l0ZW1wYWdlX3JtcyBsaTpudGgtY2hpbGQoMSkgewp3aWR0aDoyMCU7Cn0KCiNyYW5raW5nX2l0ZW1wYWdlX3JtcyBsaTpudGgtY2hpbGQoNSkgewptYXJnaW4tcmlnaHQ6MAp9CgojcmFua2luZ19pdGVtcGFnZV9ybXMgbGkgaW1nIHsKd2lkdGg6MTAwJQp9CgojcmFua2luZ19pdGVtcGFnZV9ybXMgbGkgcCB7CmRpc3BsYXk6YmxvY2s7Cm1hcmdpbjowCn0KCiNyYW5raW5nX2l0ZW1wYWdlX3JtcyBsaSBhIHsKY29sb3I6IzU3OURFNQp9CgojcmFua2luZ19pdGVtcGFnZV9ybXMgbGkgcC5pdGVtX25hbWUgewpmb250LXNpemU6MTFweDsKaGVpZ2h0OjYwcHgKfQoKI3JhbmtpbmdfaXRlbXBhZ2Vfcm1zIGxpOm50aC1jaGlsZCgxKSBwLml0ZW1fbmFtZSB7CmhlaWdodDo2MHB4Cn0KCiNyYW5raW5nX2l0ZW1wYWdlX3JtcyBsaSBwLnByaWNlIHsKZm9udC1zaXplOjE0cHg7CmZvbnQtd2VpZ2h0OmJvbGQ7CmNvbG9yOiNGRjAwMDA7Cn0KCi8q2UmkpM7vpaultKXcpb+l8yovCiNyYWt1dGVuTGltaXRlZElkX2Fyb3VuZENhcnQgaW5wdXRbdmFsdWU9ItlJpKTO76SrpLSky8jrpOyk6yJdLCBpbnB1dFt2YWx1ZT0i0+i8c6S5pOsiXQogewp3aWR0aDogMjMzcHg7CmhlaWdodDogNTJweDsKYmFja2dyb3VuZDp1cmwoaHR0cDovL2ltYWdlLnJha3V0ZW4uY28uanAvaS1vZmZpY2UxL2NhYmluZXQvMDM5NDIwMzcvY2FydC5naWYpICNmY2ZjZmMgbm8tcmVwZWF0OwpvdmVyZmxvdzogaGlkZGVuOwpib3JkZXItd2lkdGg6IDBweDsKY3Vyc29yOiBwb2ludGVyICFpbXBvcnRhbnQ7CnRleHQtaW5kZW50OiAxNTAlOwp3aGl0ZS1zcGFjZTogbm93cmFwOwptYXJnaW46IDVweCAwIDAgMDsKfQoKCi8qgoDK/cjrwaYqLwojcmFrdXRlbkxpbWl0ZWRJZF9hcm91bmRDYXJ0IGlucHV0I3VuaXRzIHsKYm9yZGVyOnNvbGlkICNjY2MgMXB4OwpiYWNrZ3JvdW5kOiNmZmYhaW1wb3J0YW50OwpjdXJzb3I6YXV0bzsKdGV4dC1pbmRlbnQ6IDBweDsKb3ZlcmZsb3c6IGhpZGRlbjsKfQoKI3Jha3V0ZW5MaW1pdGVkSWRfYXJvdW5kQ2FydCAqIHsKZm9udC1mYW1pbHk6ICKjzaPTIKPQpbSlt6XDpa8iLHNhbnMtc2VyaWYgIWltcG9ydGFudDsKfQoKI3Jha3V0ZW5MaW1pdGVkSWRfYXJvdW5kQ2FydCAjc2VydmljZVRhYmxlU21sIHRkLmZhdm9yaXRlIHsKd2lkdGg6IDMwMHB4ICFpbXBvcnRhbnQ7Cn0KCi8qpaupYKXIyczGt7esusUqLwpzcGFuLml0ZW1fbnVtYmVyX3RpdGxlIHsKYmFja2dyb3VuZDogbm9uZSByZXBlYXQgc2Nyb2xsIDAgMCAjM2I1OTk4Owpjb2xvcjogI2ZmZjsKZGlzcGxheTogYmxvY2s7CmZsb2F0OiBsZWZ0OwptYXJnaW4tYm90dG9tOiAyMHB4OwpwYWRkaW5nOiAzcHggNnB4Owpmb250LXNpemU6IDEwMCUgIWltcG9ydGFudDsKfQoKc3Bhbi5pdGVtX251bWJlciB7CmJvcmRlcjogMXB4IHNvbGlkICMzYjU5OTg7CmNvbG9yOiAjMDAwMDAwOwpkaXNwbGF5OiBibG9jazsKZm9udC13ZWlnaHQ6IGJvbGQ7CmxldHRlci1zcGFjaW5nOiAwLjFlbTsKbWFyZ2luLWJvdHRvbTogMjBweDsKbWFyZ2luLWxlZnQ6IC0wLjVlbTsKcGFkZGluZzogMnB4IDhweDsKfQoKPC9zdHlsZT4KCjxkaXYgaWQ9InJhbmtpbmdfaXRlbXBhZ2Vfcm1zIj4KPGRpdj4KPHAgY2xhc3M9InRpdGxlIj48aW1nIHNyYz0iaHR0cDovL3d3dy5yYWt1dGVuLm5lLmpwL2dvbGQvaS1vZmZpY2UxL2ltYWdlcy90aXRsZV9yYW5raW5nX3Jtcy5wbmciIC8+PC9wPgo8dWw+CjxsaT48aW1nIHNyYz0iaHR0cDovL3d3dy5yYWt1dGVuLm5lLmpwL2dvbGQvaS1vZmZpY2UxL2ltYWdlcy9yYW5raWNvbjFfcmFua2luZ19ybXMucG5nIiBjbGFzcz0icmFua2ljb24iIC8+PGltZyBzcmM9Imh0dHA6Ly9pbWFnZS5yYWt1dGVuLmNvLmpwL2ktb2ZmaWNlMS9jYWJpbmV0L3Rha2U5LzIzMzAwMDIyLmpwZyIgLz48cCBjbGFzcz0iaXRlbV9uYW1lIj6hvsjVsb7RdaG/zejPtKSkT0ujodHyw6sxMDCjpcq508Ojoc/7s/Slpqlgpeu386StpdGlw6XJPC9wPjxwIGNsYXNzPSJwcmljZSI+NSw5ODCD0jwvcD48L2xpPgo8bGk+PGltZyBzcmM9Imh0dHA6Ly93d3cucmFrdXRlbi5uZS5qcC9nb2xkL2ktb2ZmaWNlMS9pbWFnZXMvcmFua2ljb24yX3Jhbmtpbmdfcm1zLnBuZyIgY2xhc3M9InJhbmtpY29uIiAvPjxpbWcgc3JjPSJodHRwOi8vaW1hZ2UucmFrdXRlbi5jby5qcC9pLW9mZmljZTEvY2FiaW5ldC90azkvMTEyMDEyMTQuanBnIiAvPjxwIGNsYXNzPSJpdGVtX25hbWUiPqTVpO+k1aTvpd6lt6Xlpd6l7aW/pcOlwaHvpKKkw6S/pKul3qWkpa+l7aXVpaGlpKXQqWC386XRpcOlyTwvcD48cCBjbGFzcz0icHJpY2UiPjIsMjkxg9I8L3A+PC9saT4KPGxpPjxpbWcgc3JjPSJodHRwOi8vd3d3LnJha3V0ZW4ubmUuanAvZ29sZC9pLW9mZmljZTEvaW1hZ2VzL3JhbmtpY29uM19yYW5raW5nX3Jtcy5wbmciIGNsYXNzPSJyYW5raWNvbiIgLz48aW1nIHNyYz0iaHR0cDovL2ltYWdlLnJha3V0ZW4uY28uanAvaS1vZmZpY2UxL2NhYmluZXQvdGs5LzExMjAwNjc3LmpwZyIgLz48cCBjbGFzcz0iaXRlbV9uYW1lIj6k1aTvpNWk76Xepbel5aXepe2lv6XDpcGh76SipMOkv6Srpd6lpKWvpe2l1aWhpaSl0Klgw6uyvDwvcD48cCBjbGFzcz0icHJpY2UiPjIsMjkxg9I8L3A+PC9saT4KPGxpPjxpbWcgc3JjPSJodHRwOi8vd3d3LnJha3V0ZW4ubmUuanAvZ29sZC9pLW9mZmljZTEvaW1hZ2VzL3JhbmtpY29uNF9yYW5raW5nX3Jtcy5wbmciIGNsYXNzPSJyYW5raWNvbiIgLz48aW1nIHNyYz0iaHR0cDovL2ltYWdlLnJha3V0ZW4uY28uanAvaS1vZmZpY2UxL2NhYmluZXQvdGJtNS8xNDA1MTAyMi5qcGciIC8+PHAgY2xhc3M9Iml0ZW1fbmFtZSI+ob6loqXkpciluaG/ZmlubGF5c29uIKXRpfOlwLH6peql0Klgpbel1qXrw6uyvKG+lny+qc73tKihvzwvcD48cCBjbGFzcz0icHJpY2UiPjgsNjQwg9I8L3A+PC9saT4KPGxpPjxpbWcgc3JjPSJodHRwOi8vd3d3LnJha3V0ZW4ubmUuanAvZ29sZC9pLW9mZmljZTEvaW1hZ2VzL3JhbmtpY29uNV9yYW5raW5nX3Jtcy5wbmciIGNsYXNzPSJyYW5raWNvbiIgLz48aW1nIHNyYz0iaHR0cDovL2ltYWdlLnJha3V0ZW4uY28uanAvaS1vZmZpY2UxL2NhYmluZXQvaWNoaTEyLzM4NTAwNzQuanBnIiAvPjxwIGNsYXNzPSJpdGVtX25hbWUiPqG+3VjBv6G/0/DDq6TOMrG2pKKkv6S/pKukpKOhpbel86W1peypYKXIpaal66XIpemS7KSxsryH4jwvcD48cCBjbGFzcz0icHJpY2UiPjUsOTgwg9I8L3A+PC9saT4KCgo8YnIgc3R5bGU9ImNsZWFyOmJvdGgiIC8+CjwvdWw+CjwvZGl2PgoKCjwvZGl2Pg==,pdWl6aXzpbml2aXDpckgpaalqaXDpbel46XWpesgpdClpKWqpdmlw6XJpdGlw6XJIKXvpaSlyaXApdal66XtpfOlsCClqqlgpeul3qWkpcalo6TLyrmkqKTro6G/ub76t8Cz9LzTuaQgz7SkqKTrIKXQpaSlqqXZpcOlyaXRpcOlySClu6Xfpbel86Wwpesgt/Ol0aXDpckgt/OkraXRpcOlydF1IGZyYW5jZWJlZKO6vNK+36TOpaSl86XGpeqloqWqpdWlo6W5pe+l8w==,pdmlw6XJpb2l1aWhqWCl1aXppfOluaXZpcOlybzSvt8gzajYnMfevt+yvIfipaupYKXapcOlyKXHpbmlr6XBpaeloqlgpcapYKXWpeuFp7x7vNK+36W9pdWloalgpdmlw6XJpcal7KXTzKjX+dLO19PS/dS9pLfQwr7TpaupYKXGpfOlpKXzpcal6qWipbel56XDpdel1aXppfOluaXZpcOlySClpqWppcOlt6Xjpdal6yCl0KWkpaql2aXDpcml0aXDpckgpe+lpKXJpcCl1qXrpe2l86WwIKWqqWCl66XepaSlxqWjpMvKuaSopOujob+5vvq3wLP0vNO5pCDPtKSopOsgpdClpKWqpdmlw6XJpdGlw6XJIKW7pd+lt6XzpbCl6yC386XRpcOlySC386StpdGlw6XJ0XUgZnJhbmNlYmVk,paalqaXDpbel46XWpesgpdClpKWqpdmlw6XJpdGlw6XJIKXvpaSlyaXApdal66XtpfOlsKGjpdWl6aXzpbml2aXDpckgpaalqaXDpbel46XWpesgpdClpKWqpdmlw6XJpdGlw6XJIKXvpaSlyaXApdal66XtpfOlsCClqqlgpeul3qWkpcalo6TLyrmkqKTro6G/ub76t8Cz9LzTuaQgz7SkqKTrIKXQpaSlqqXZpcOlyaXRpcOlySClu6Xfpbel86Wwpesgt/Ol0aXDpckgt/OkraXRpcOlydF1IGZyYW5jZWJlZA==[rn]
40-32991,aHR0cDovL3RzaG9wLnIxMHMuanAvaS1vZmZpY2UxL2NhYmluZXQvMzMtMDIvMzMwNDE3MS5qcGc/Zml0aW49NzAwOjcwMA==,MTk2OTkuMjAwMA==,,paSl86XGpeqloj/H3r7fP4WnvHsgPiDH3r7fID4gpdmlw6XJpdGlw6XJ,pcml6qlgpeCl2aXDpckgpdmlw6XJpdGlw6XJIKWvpaSpYKXzMiBCT1gtUEFEpd6lpKXKpbmlpKWqpfMgUTIgt/OkraXRpcOlySC386StpdGlw6XIIKXZpcOlyKXRpcOlyCClyaXqqWCl4KXZpcOlySBkcmVhbWJlZA==,pdmlw6XJpdGlw6XJIFEy,PGltZyBzcmM9Imh0dHBzOi8vaW1hZ2UucmFrdXRlbi5jby5qcC9pLW9mZmljZTEvY2FiaW5ldC8zMy0wMi8zMzA0MTcxLmpwZyIgd2lkdGg9IjEwMCUiPjxicj48YnI+PGltZyBzcmM9Imh0dHBzOi8vaW1hZ2UucmFrdXRlbi5jby5qcC9pLW9mZmljZTEvY2FiaW5ldC8zMy0wMi8zMzA0MTcxXzEuanBnIiB3aWR0aD0iMTAwJSI+PGJyPjxicj48aW1nIHNyYz0iaHR0cHM6Ly9pbWFnZS5yYWt1dGVuLmNvLmpwL2ktb2ZmaWNlMS9jYWJpbmV0LzMzLTAyLzMzMDQxNzFfMi5qcGciIHdpZHRoPSIxMDAlIj48dGFibGUgd2lkdGg9IjEwMCUiIGJvcmRlcj0iMCIgY2VsbHNwYWNpbmc9IjEiIGNlbGxwYWRkaW5nPSI4IiBjbGFzcz0iaV9pbmZvIj48dGJvZHk+PHRyPjx0ZCBjb2xzcGFuPSIyIiBjbGFzcz0iaV9pbmZvX3QiPjxiPjxmb250IGNvbG9yPSIzMzMiPqWkpfOl1aWppeGpYKW3peel8z/XotLiysLtlzwvZm9udD48L2I+PC90ZD48L3RyPjx0cj48dGg+y83Bz6TLpMSkpKTGPC90aD48dGQgY2xhc3M9ImlhdHRuc29yeW8iIGJnY29sb3I9IiNGRkZGRkYiPrGxuqO1wMvNwc+juqG+sbEyob+lv6Wkpdc8L3RkPjwvdHI+PHRyPjx0aD6bUZxnt723qKTLpMSkpKTGPC90aD48dGQgYmdjb2xvcj0iI0ZGRkZGRiIgY2xhc3M9ImlhdHRucGV5Ij6hvrT6vfDS/ZNRsru/yaG/PC90ZD48L3RyPjx0cj48dGg+xeQgy808L3RoPjx0ZCBjbGFzcz0iaWF0dG5kZWxpIiBiZ2NvbG9yPSIjRkZGRkZGIj48cCBzdHlsZT0iZm9udC1zaXplOiAxMnB4OyBjb2xvcjojQ0MwMDAwOyI+ob7K3NeiyfquYqO6vHvG2rxzM99M6Wehvzxicj6hvptfv0k/63iNdcXky82yu7/Job88L3A+PC90ZD48L3RyPjwvdGJvZHk+PC90YWJsZT48dGFibGUgd2lkdGg9IjEwMCUiIGJvcmRlcj0iMCIgY2VsbHNwYWNpbmc9IjEiIGNlbGxwYWRkaW5nPSI4IiBjbGFzcz0iaV9zcGVjIj48dGJvZHk+PHRyPjx0ZCBjb2xzcGFuPSIyIiBiZ2NvbG9yPSIjRjNGM0YzIj48Yj48Zm9udCBjb2xvcj0iMzMzIj7UlLyaP6W5pdqlw6WvPC9mb250PjwvYj48L3RkPjwvdHI+PHRyPjx0aD7JzMa31WjD9zwvdGg+PHRkIGNsYXNzPSJpZXhwbGFuYXRpb24iIGJnY29sb3I9IiNGRkZGRkYiPjxwPqXepaSlyqW5paSlqqXzsGvJ+qGj32iz4IS/ufuho8/7s/SEv7n7oaM8YnI+Qk9Yo62j0KPBo8Sl3qWkpcqluaWkpaql86GjPGJyPjxicj5SZWZyZXNoaW5nIKGrguTpTMy/pMCkq6TpwFKk6re1pLe+QaSvz/uz9IS/ufuhqzxicj5IZWFsaW5nIKGrguTpTMy/pMCkq6Tppd6lpKXKpbmlpKWqpfOk8qS/pMOk16TqzOW40KGrPGJyPjxicj6l3qWkpcqluaWkpaql84S/ufs8YnI+guTpTMy/pKyl3qWkpcqluaWkpaql86TysGvJ+qS3pN6kuaGjPGJyPsj1xKaywZVypMu8czMwMIKAL0NDoaKPisSmssGVcqTLvHM5MDCCgC9DQ7Bryfqkt6TepLmkzqTHoaLLrL/spMqa3bfWpMel6qXppcOlr6W5pMekraTepLmhozxicj48YnI+32iz4M3ivoCEv7n7PGJyPrjfzsKkx5+GpKuk7KS/zL+krN9os+DN4r6ApPK3xbP2oaOhuMntzOWk8tC+pKuk6b6PpOGk66G5oaKhuNGq0NCkrMG8pK+kyqTrobmkyqTJpM6Ev7n7pKzG2rT9pMekraGitqykz8WvpKukr8/EpM+ltaXppbWl6aTLoaKa3bPWpMGkzsG8pKTH3tDEtdikrLXDpOmk7KTepLmhozxicj48YnI+z/uz9IS/ufs8YnI+guTpTMy/pM6DnqTspL/N0bP0xNzBpqSsoaK6uaTKpMmkzrK7v+ykyrP0pKSk8s/7s/Skt6GipKSkxKTiv+zfbaTLpLTKudPDpMekraTepLkuPGJyPqOoz7TlqjEwMDC72OHhpOKEv7n7pMuJ5LuvpMqktyk8L3A+PC90ZD48L3RyPjx0cj48dGg+pbWlpKW6PC90aD48dGQgY2xhc3M9ImlzaXplIiBiZ2NvbG9yPSIjRkZGRkZGIj48cD48YnI+zeK056W1paSluqO6MTYzocExOTihwTIwY208YnI+PC9wPjwvdGQ+PC90cj48dHI+PHRoPrLEINl8PC90aD48dGQgY2xhc3M9ImltYXRlcmlhbCIgYmdjb2xvcj0iI0ZGRkZGRiI+PGJyPoLIyfq12KO6W6W3pfOlq6lgpdGlpKXrXaO8pdGlpKXrsr+jvqWzpcOlyKXzODWjpT+l7Klgpeil8zE1o6WhoqO8u/myvLK/o76l3aXqpailuaXGpesxMDCjpSDW0L5ko7ql3aXqpailuaXGpesxMDCjpaOo1sa++rzTuaSjqTwvdGQ+PC90cj48dHI+PHRoPr1NIMGiPC90aD48dGQgY2xhc3M9ImlrdW1pdGF0ZSIgYmdjb2xvcj0iI0ZGRkZGRiI+zeqzyca3PGJyPjx0cj48dGg+pL2kzsv7P9ei0uLKwu2XPC90aD48dGQgY2xhc3M9ImlhdHRudHh0IiBiZ2NvbG9yPSIjRkZGRkZGIj6h9s+0pKik66OopaalqaXDpbel46XWpeujqTxicj6h+crc16LJ+q5ipM6kv6ThoaIz30zpZ6SkpL+kwKStpN6kuaGjPGJyPjwvdGQ+PC90cj48L3Rib2R5PjwvdGFibGU+PHRhYmxlIHdpZHRoPSIxMDAlIiBib3JkZXI9IjAiIGNlbGxzcGFjaW5nPSIxIiBjZWxscGFkZGluZz0iOCIgY2xhc3M9Imlfa2FucmVuIj48dHI+PHRkIGNvbHNwYW49IjIiIGJnY29sb3I9IiNGM0YzRjMiPjxiPjxmb250IGNvbG9yPSIzMzMiPul230LJzMa3PC9mb250PjwvYj48L3RkPjwvdHI+PHRoPqW3peqpYKW6yczGtzwvdGg+PHRkIGNsYXNzPSJpdmFsIiBiZ2NvbG9yPSIjRkZGRkZGIj48cD6l2aXDpcml0aXDpckgpbel86Wwpes8YnI+PGJyPqXZpcOlyaXRpcOlySBTRCA8YnI+PGJyPqXZpcOlyaXRpcOlySBEIDxicj48YnI+pdmlw6XJpdGlw6XJIFExPGJyPjxicj6l2aXDpcml0aXDpckgUTIgPGJyPjxicj6l2aXDpcml0aXDpckgU0s8YnI+PGJyPqXZpcOlyaXRpcOlySBLMjxicj48YnI+PC9wPjwvdGQ+PC90cj48L3RhYmxlPjxzdHlsZT4KLyrZSaSkzu+lq6W0pdylv6XzKi8KI3Jha3V0ZW5MaW1pdGVkSWRfYXJvdW5kQ2FydCBpbnB1dFt2YWx1ZT0i2UmkpM7vpKuktKTLyOuk7KTrIl0sIGlucHV0W3ZhbHVlPSLT6LxzpLmk6yJdCiB7CiAgd2lkdGg6IDIzM3B4OwogIGhlaWdodDogNTJweDsKICBiYWNrZ3JvdW5kOnVybChodHRwOi8vaW1hZ2UucmFrdXRlbi5jby5qcC9pLW9mZmljZTEvY2FiaW5ldC8wMzk0MjAzNy9jYXJ0LmdpZikgI2ZjZmNmYyBuby1yZXBlYXQ7CiAgb3ZlcmZsb3c6IGhpZGRlbjsKICBib3JkZXItd2lkdGg6IDBweDsKICBjdXJzb3I6IHBvaW50ZXIgIWltcG9ydGFudDsKICB0ZXh0LWluZGVudDogMTUwJTsKICB3aGl0ZS1zcGFjZTogbm93cmFwOwogIG1hcmdpbjogNXB4IDAgMCAwOwp9CgoKLyqCgMr9yOvBpiovCiNyYWt1dGVuTGltaXRlZElkX2Fyb3VuZENhcnQgaW5wdXQjdW5pdHMgewogIGJvcmRlcjpzb2xpZCAjY2NjIDFweDsKICBiYWNrZ3JvdW5kOiNmZmYhaW1wb3J0YW50OwogIGN1cnNvcjphdXRvOwogIHRleHQtaW5kZW50OiAwcHg7CiAgb3ZlcmZsb3c6IGhpZGRlbjsKfQoKI3Jha3V0ZW5MaW1pdGVkSWRfYXJvdW5kQ2FydCAqIHsKICAgIGZvbnQtZmFtaWx5OiAio82j0yCj0KW0pbelw6WvIixzYW5zLXNlcmlmICFpbXBvcnRhbnQ7Cn0KCgojcmFrdXRlbkxpbWl0ZWRJZF9hcm91bmRDYXJ0ICNzZXJ2aWNlVGFibGVTbWwgdGQuZmF2b3JpdGUgewp3aWR0aDogMzAwcHggIWltcG9ydGFudDsKfQovKqWrqWClyMnMxre3rLrFKi8Kc3Bhbi5pdGVtX251bWJlcl90aXRsZSB7CiAgICBiYWNrZ3JvdW5kOiBub25lIHJlcGVhdCBzY3JvbGwgMCAwICMzYjU5OTg7CiAgICBjb2xvcjogI2ZmZjsKICAgIGRpc3BsYXk6IGJsb2NrOwogICAgZmxvYXQ6IGxlZnQ7CiAgICBtYXJnaW4tYm90dG9tOiAyMHB4OwogICAgcGFkZGluZzogM3B4IDZweDsKICAgIGZvbnQtc2l6ZTogMTAwJSAhaW1wb3J0YW50Owp9CnNwYW4uaXRlbV9udW1iZXIgewogICAgYm9yZGVyOiAxcHggc29saWQgIzNiNTk5ODsKICAgIGNvbG9yOiAjMDAwMDAwOwogICAgZGlzcGxheTogYmxvY2s7CiAgICBmb250LXdlaWdodDogYm9sZDsKICAgIGxldHRlci1zcGFjaW5nOiAwLjFlbTsKICAgIG1hcmdpbi1ib3R0b206IDIwcHg7CiAgICBtYXJnaW4tbGVmdDogLTAuNWVtOwogICAgcGFkZGluZzogMnB4IDhweDsKfSAKPC9zdHlsZT4=,pcml6qlgpeCl2aXDpckgpdmlw6XJpdGlw6XJIKWvpaSpYKXzMiBCT1gtUEFEpd6lpKXKpbmlpKWqpfMgUTIgt/OkraXRpcOlySC386StpdGlw6XIIKXZpcOlyKXRpcOlyCClyaXqqWCl4KXZpcOlySBkcmVhbWJlZKO6vNK+36TOpaSl86XGpeqloqWqpdWlo6W5pe+l8w==,pdmlw6XJpb2l1aWhqWCl1aXppfOluaXZpcOlybzSvt8gzajYnMfevt+yvIfipaupYKXapcOlyKXHpbmlr6XBpaeloqlgpcapYKXWpeuFp7x7vNK+36W9pdWloalgpdmlw6XJpcal7KXTzKjX+dLO19PS/dS9pLfQwr7TpaupYKXGpfOlpKXzpcal6qWipbel56XDpdelyaXqqWCl4KXZpcOlySCl2aXDpcml0aXDpckgpa+lpKlgpfMyIEJPWC1QQUSl3qWkpcqluaWkpaql8yBRMiC386StpdGlw6XJILfzpK2l0aXDpcggpdmlw6XIpdGlw6XIIKXJpeqpYKXgpdmlw6XJIGRyZWFtYmVk,pdmlw6XJpdGlw6XJIFEyIKGjpcml6qlgpeCl2aXDpckgpdmlw6XJpdGlw6XJIKWvpaSpYKXzMiBCT1gtUEFEpd6lpKXKpbmlpKWqpfMgUTIgt/OkraXRpcOlySC386StpdGlw6XIIKXZpcOlyKXRpcOlyCClyaXqqWCl4KXZpcOlySBkcmVhbWJlZA==[rn]
40-32992,aHR0cDovL3RzaG9wLnIxMHMuanAvaS1vZmZpY2UxL2NhYmluZXQvaWNoaTIvMjkwOTc3NC5qcGc/Zml0aW49NzAwOjcwMA==,NjQzOC40MDAw,,paSl86XGpeqloj/H3r7fP4WnvHsgPiDH3r7fID4gpdmlw6XJpdGlw6XJ,pdWl6aXzpbml2aXDpcmh76XZpcOlyaXRpcOlySClwKXWpesopd+lx6WjpaKl4KW+qWCl8ymlzaWqpdmlw6XJpdGlw6XJpdClpKWqpdWl6aXzpbml2aXDpckgpaalqaXDpbel46XWpesgz7SkqKTrIL+5vvogt8Cz9CCluqXst8DWuaW0peC4tqStIM+05aqlzaXDpci4tqStIKXZpcOlyaXRpcOlyCClwKXWpeultaWkpbpbYnmkqqS5pLmk4V0=,pdWl6aXzpbml2aXDpcmh76XZpcOlyaXRpcOlySClzaWqpdmlw6XJpdGlw6XJpdClpKWq,Cgo8aW1nIHNyYz0iaHR0cHM6Ly9pbWFnZS5yYWt1dGVuLmNvLmpwL2ktb2ZmaWNlMS9jYWJpbmV0L2ljaGkyLzI5MDk3NzQuanBnIiBhbHQ9IiIgICAgPjxicj4KCjxwPjxmb250IGNvbG9yPSIjNWQ0OTNlIiBzaXplPSIyIj7K1t1YpMukqs+05apPS6THoaK/ub76t8Cz9JlDxNyk4qXXpemluaS3pL+l2aXDpcml0aXDpcmho6Xspa6l5aXpqWCltaWkpbogIKXApdal66W1paSlujwvZm9udD48L3A+CjxwPjxmb250IGNvbG9yPSIjNWQ0OTNlIiBzaXplPSIyIj40vceky6W6pey3wNa5pbSl4Li2PC9mb250PjwvcD4KPHA+PGZvbnQgY29sb3I9IiM1ZDQ5M2UiIHNpemU9IjIiPs+05aqlzaXDpci4tqStPC9mb250PjxpbWcgc3JjPSJodHRwczovL2ltYWdlLnJha3V0ZW4uY28uanAvaS1vZmZpY2UxL2NhYmluZXQvaWNoaTIvMjkwOTc3MC0yLmpwZyIgYWx0PSIiICAgID48YnI+PC9wPgoKPGZvbnQgY29sb3I9IiMzMzAwMDAiIHNpemU9IjIiPgqoi7+5vvq3wLP0mUPE3D+lzaWqpdmlw6XJpdGlw6XJpdClpKWqoaGoizxicj4KPGJyPgo8YSBocmVmPSJodHRwczovL2l0ZW0ucmFrdXRlbi5jby5qcC9pLW9mZmljZTEvMjkwOTc3MC8iPqW7pd+lt6XzpbCl6zwvYT6hoXyhoTxhIGhyZWY9Imh0dHBzOi8vaXRlbS5yYWt1dGVuLmNvLmpwL2ktb2ZmaWNlMS8yOTA5NzcxLyI+pbel86Wwpes8L2E+oaGhoXyhoTxhIGhyZWY9Imh0dHBzOi8vaXRlbS5yYWt1dGVuLmNvLmpwL2ktb2ZmaWNlMS8yOTA5NzcyLyI+pe+lpKXJpbel86Wwpes8L2E+oaF8oaE8YSBocmVmPSJodHRwczovL2l0ZW0ucmFrdXRlbi5jby5qcC9pLW9mZmljZTEvMjkwOTc3My8iPqW7pd+lwKXWpes8L2E+oaF8oaE8YSBocmVmPSJodHRwczovL2l0ZW0ucmFrdXRlbi5jby5qcC9pLW9mZmljZTEvMjkwOTc3NC8iPqXApdal6zwvYT6hoXyhoTxhIGhyZWY9Imh0dHBzOi8vaXRlbS5yYWt1dGVuLmNvLmpwL2ktb2ZmaWNlMS8yOTA5Nzc1LyI+pe+lpKXJpcCl1qXrPC9hPqGhfKGhPGEgaHJlZj0iaHR0cHM6Ly9pdGVtLnJha3V0ZW4uY28uanAvaS1vZmZpY2UxLzI5MDk3NzYvIj6lr6WjqWCl8zwvYT48YnI+Cjxicj4KPGJyPgqoi7+5vvq3wLP0mUPE3D+lzaWqpdmlw6XJpdGlw6XJpdClpKWqoaHJ2aS36Uyk4aTOpe2l86Wwpb+lpKXXqIs8YnI+Cjxicj4KPGEgaHJlZj0iaHR0cHM6Ly9pdGVtLnJha3V0ZW4uY28uanAvaS1vZmZpY2UxLzI5MDk3NzcvIj6lt6XzpbCl66XtpfOlsDwvYT6hoXyhoTxhIGhyZWY9Imh0dHBzOi8vaXRlbS5yYWt1dGVuLmNvLmpwL2ktb2ZmaWNlMS8yOTA5Nzc4LyI+pe+lpKXJpbel86Wwpeul7aXzpbA8L2E+oaGhoXyhoTxhIGhyZWY9Imh0dHBzOi8vaXRlbS5yYWt1dGVuLmNvLmpwL2ktb2ZmaWNlMS8yOTA5Nzc5LyI+pbul36XApdal66XtpfOlsDwvYT6hoXyhoTxhIGhyZWY9Imh0dHBzOi8vaXRlbS5yYWt1dGVuLmNvLmpwL2ktb2ZmaWNlMS8yOTA5NzgwLyI+pcCl1qXrpe2l86WwPC9hPqGhoaF8oaE8YSBocmVmPSJodHRwczovL2l0ZW0ucmFrdXRlbi5jby5qcC9pLW9mZmljZTEvMjkwOTc4MS8iPqXvpaSlyaXApdal66XtpfOlsDwvYT6hoXyhoTxhIGhyZWY9Imh0dHBzOi8vaXRlbS5yYWt1dGVuLmNvLmpwL2ktb2ZmaWNlMS8yOTA5NzgyCi8iPqWvpaOpYKXzpe2l86WwPC9hPqGhfKGhPGEgaHJlZj0iaHR0cHM6Ly9pdGVtLnJha3V0ZW4uY28uanAvaS1vZmZpY2UxLzI5MDk3ODMvIj6lt6XzpbCl66XtpfOlsKXtpfOlsDwvYT6hoXyhoTxhIGhyZWY9Imh0dHBzOi8vaXRlbS5yYWt1dGVuLmNvLmpwL2ktb2ZmaWNlMS8yOTA5Nzg0LyI+pbul36XApdal66XtpfOlsKXtpfOlsDwvYT6hoXyhoTxhIGhyZWY9Imh0dHBzOi8vaXRlbS5yYWt1dGVuLmNvLmpwL2ktb2ZmaWNlMS8yOTA5Nzg1LyI+pcCl1qXrpe2l86Wwpe2l86WwPC9hPjxicj48cCBjbGFzcz0iZGVsaXZfZmVlX2hva3UiPrGxuqO1wKTYpM7F5MvNpM+EZc2+y83Bz6SspKukq6TqpN6kuaGjPGJyPrGxuqO1wMvNwc+juqG+sbEzob+lv6Wkpdc8L3A+CjxwIGNsYXNzPSJkZWxpdl9mZWUiPsvNwc+jukGlv6Wkpdc8L3A+CjxwIHN0eWxlPSJmb250LXNpemU6IDEycHg7IGNvbG9yOiNDQzAwMDA7Ij6h+ZVy6WfWuLaopM8xseOjqDktMTSVcqOpoaIyseOjqDEyLTE4lXKjqaGivUvI1bHjo6g5LTE4lXKjqaTOpN+kyKTKpOqk3qS5oaM8QlI+ofm12NPypMuk6KTDpMbF5MvNpM7q18jVpKzP3raopLWk7KTriPa6z6TkoaKVculn1ri2qKSss9Ck7KTKpKSI9rrPpKyktKS2pKSk3qS5oaM8QlI+ofmbX79JoaLreI11pNikzqSqveyksaTPs/bAtKTepLuk86GjPEJSPjwvcD4KPHAgc3R5bGU9ImZvbnQtc2l6ZTogMTJweDsgY29sb3I6IHJnYigyNTUsIDAsIDApOyI+PC9wPqGhPHA+PGZvbnQgc2l6ZT0iMiI+IDxwIHN0eWxlPSJmb250LXNpemU6IDEycHg7IGNvbG9yOiByZ2IoMjU1LCAwLCAwKTsiPjwvcD48cD48Zm9udCBzaXplPSIyIj6h9snMxrfD+6O6pdWl6aXzpbml2aXDpcmh76XZpcOlyaXRpcOlyaGhpcCl1qXrKKXfpcelo6WipeClvqlgpfOjqaO6pc2lqqXZpcOlyaXRpcOlyaXQpaSlqiCl1aXppfOluaXZpcOlySCl2aXDpcml0aXDpcmhoTxicj4KICCh9snMxre3rLrFo7oyOTA5Nzc0PGJyPgogIKH2pbWlpKW6o7oxNDAweDE5NTChoaXApdal6y8xLjFrZ9SRzu/W2MG/PGJyPgogIKH2ssTZfKO6o9vL2LLEo92l3aXqpailuaXGpeujtqO1o6Whor5ko7OjtaOlo6i/ub76t8Cz9LzTuaSjqaPb1JHO76Pdpd2l6qWopbmlxqXro7GjsKOwo6WjqL+5vvq3wLP0vNO5pKOpPGJyPgqh8crW3Viky6Sqz7Tlqk9LpMehor+5vvq3wLP0mUPE3KTipdel6aW5pLekv6XZpcOlyaXRpcOlyaGjpeylrqXlpempYKW1paSluqGhL6Pbpaul6algo92lraXKpeovIDS9x6TLpbql7LfA1rmltKXguLYvz7TlqqXNpcOlyLi2pK08YnI+CqHxpd6lw6XIpeyluaTO07KktaTy1tKMZ6TLzOW40KS3pL+kpLe9pM+hotOypLmkrqS6yOGk6aSrpLmkrqTKpKSl2aXDpcml0aXDpcmk8qGjPHN0eWxlIHR5cGU9InRleHQvY3NzIj4KI3JhbmtpbmdfaXRlbXBhZ2Vfcm1zIHsKd2lkdGg6NjgwcHg7CmZvbnQtc2l6ZToxMnB4Owpib3JkZXI6c29saWQgNXB4ICNGRkI0MDA7CmJhY2tncm91bmQ6ICNmZmYKfQoKI3JhbmtpbmdfaXRlbXBhZ2Vfcm1zIGRpdiB7CmJhY2tncm91bmQ6IHVybChodHRwOi8vd3d3LnJha3V0ZW4ubmUuanAvZ29sZC9pLW9mZmljZTEvaW1hZ2VzL2JhY2tfcmFua2luZ19ybXMucG5nKSBuby1yZXBlYXQ7CmJvcmRlci10b3A6c29saWQgNXB4ICNGRkI0MDA7Cn0KCiNyYW5raW5nX2l0ZW1wYWdlX3JtcyBhIHsKdGV4dC1kZWNvcmF0aW9uOm5vbmU7Cn0KCiNyYW5raW5nX2l0ZW1wYWdlX3JtcyBpbWcgewpib3JkZXI6MAp9CgojcmFua2luZ19pdGVtcGFnZV9ybXMgYTpob3ZlciB7CnRleHQtZGVjb3JhdGlvbjp1bmRlcmxpbmUKfQoKI3JhbmtpbmdfaXRlbXBhZ2Vfcm1zIC50aXRsZSB7CnBhZGRpbmctdG9wOjIwcHg7Cm1hcmdpbjowCn0KCiNyYW5raW5nX2l0ZW1wYWdlX3JtcyAudGl0bGUgaW1nIHsKd2lkdGg6OTYuNSU7CnBhZGRpbmctbGVmdDoyJQp9CgojcmFua2luZ19pdGVtcGFnZV9ybXMgdWwgewptYXJnaW46MDsKcGFkZGluZzoyJTsKfQoKI3JhbmtpbmdfaXRlbXBhZ2Vfcm1zIGxpIHsKd2lkdGg6MTglOwptYXJnaW4tcmlnaHQ6MiU7Cmxpc3Qtc3R5bGU6IG5vbmU7CmZsb2F0OmxlZnQ7CmxpbmUtaGVpZ2h0OjEuNjsKfQoKI3JhbmtpbmdfaXRlbXBhZ2Vfcm1zIC5yYW5raWNvbiB7CndpZHRoOjY1cHg7Cm1hcmdpbi1ib3R0b206MTBweAp9CgojcmFua2luZ19pdGVtcGFnZV9ybXMgbGk6bnRoLWNoaWxkKDEpIHsKd2lkdGg6MjAlOwp9CgojcmFua2luZ19pdGVtcGFnZV9ybXMgbGk6bnRoLWNoaWxkKDUpIHsKbWFyZ2luLXJpZ2h0OjAKfQoKI3JhbmtpbmdfaXRlbXBhZ2Vfcm1zIGxpIGltZyB7CndpZHRoOjEwMCUKfQoKI3JhbmtpbmdfaXRlbXBhZ2Vfcm1zIGxpIHAgewpkaXNwbGF5OmJsb2NrOwptYXJnaW46MAp9CgojcmFua2luZ19pdGVtcGFnZV9ybXMgbGkgYSB7CmNvbG9yOiM1NzlERTUKfQoKI3JhbmtpbmdfaXRlbXBhZ2Vfcm1zIGxpIHAuaXRlbV9uYW1lIHsKZm9udC1zaXplOjExcHg7CmhlaWdodDo2MHB4Cn0KCiNyYW5raW5nX2l0ZW1wYWdlX3JtcyBsaTpudGgtY2hpbGQoMSkgcC5pdGVtX25hbWUgewpoZWlnaHQ6NjBweAp9CgojcmFua2luZ19pdGVtcGFnZV9ybXMgbGkgcC5wcmljZSB7CmZvbnQtc2l6ZToxNHB4Owpmb250LXdlaWdodDpib2xkOwpjb2xvcjojRkYwMDAwOwp9CgovKtlJpKTO76WrpbSl3KW/pfMqLwojcmFrdXRlbkxpbWl0ZWRJZF9hcm91bmRDYXJ0IGlucHV0W3ZhbHVlPSLZSaSkzu+kq6S0pMvI66TspOsiXSwgaW5wdXRbdmFsdWU9ItPovHOkuaTrIl0KIHsKd2lkdGg6IDIzM3B4OwpoZWlnaHQ6IDUycHg7CmJhY2tncm91bmQ6dXJsKGh0dHA6Ly9pbWFnZS5yYWt1dGVuLmNvLmpwL2ktb2ZmaWNlMS9jYWJpbmV0LzAzOTQyMDM3L2NhcnQuZ2lmKSAjZmNmY2ZjIG5vLXJlcGVhdDsKb3ZlcmZsb3c6IGhpZGRlbjsKYm9yZGVyLXdpZHRoOiAwcHg7CmN1cnNvcjogcG9pbnRlciAhaW1wb3J0YW50Owp0ZXh0LWluZGVudDogMTUwJTsKd2hpdGUtc3BhY2U6IG5vd3JhcDsKbWFyZ2luOiA1cHggMCAwIDA7Cn0KCgovKoKAyv3I68GmKi8KI3Jha3V0ZW5MaW1pdGVkSWRfYXJvdW5kQ2FydCBpbnB1dCN1bml0cyB7CmJvcmRlcjpzb2xpZCAjY2NjIDFweDsKYmFja2dyb3VuZDojZmZmIWltcG9ydGFudDsKY3Vyc29yOmF1dG87CnRleHQtaW5kZW50OiAwcHg7Cm92ZXJmbG93OiBoaWRkZW47Cn0KCiNyYWt1dGVuTGltaXRlZElkX2Fyb3VuZENhcnQgKiB7CmZvbnQtZmFtaWx5OiAio82j0yCj0KW0pbelw6WvIixzYW5zLXNlcmlmICFpbXBvcnRhbnQ7Cn0KCiNyYWt1dGVuTGltaXRlZElkX2Fyb3VuZENhcnQgI3NlcnZpY2VUYWJsZVNtbCB0ZC5mYXZvcml0ZSB7CndpZHRoOiAzMDBweCAhaW1wb3J0YW50Owp9CgovKqWrqWClyMnMxre3rLrFKi8Kc3Bhbi5pdGVtX251bWJlcl90aXRsZSB7CmJhY2tncm91bmQ6IG5vbmUgcmVwZWF0IHNjcm9sbCAwIDAgIzNiNTk5ODsKY29sb3I6ICNmZmY7CmRpc3BsYXk6IGJsb2NrOwpmbG9hdDogbGVmdDsKbWFyZ2luLWJvdHRvbTogMjBweDsKcGFkZGluZzogM3B4IDZweDsKZm9udC1zaXplOiAxMDAlICFpbXBvcnRhbnQ7Cn0KCnNwYW4uaXRlbV9udW1iZXIgewpib3JkZXI6IDFweCBzb2xpZCAjM2I1OTk4Owpjb2xvcjogIzAwMDAwMDsKZGlzcGxheTogYmxvY2s7CmZvbnQtd2VpZ2h0OiBib2xkOwpsZXR0ZXItc3BhY2luZzogMC4xZW07Cm1hcmdpbi1ib3R0b206IDIwcHg7Cm1hcmdpbi1sZWZ0OiAtMC41ZW07CnBhZGRpbmc6IDJweCA4cHg7Cn0KCjwvc3R5bGU+Cgo8ZGl2IGlkPSJyYW5raW5nX2l0ZW1wYWdlX3JtcyI+CjxkaXY+CjxwIGNsYXNzPSJ0aXRsZSI+PGltZyBzcmM9Imh0dHA6Ly93d3cucmFrdXRlbi5uZS5qcC9nb2xkL2ktb2ZmaWNlMS9pbWFnZXMvdGl0bGVfcmFua2luZ19ybXMucG5nIiAvPjwvcD4KPHVsPgo8bGk+PGltZyBzcmM9Imh0dHA6Ly93d3cucmFrdXRlbi5uZS5qcC9nb2xkL2ktb2ZmaWNlMS9pbWFnZXMvcmFua2ljb24xX3Jhbmtpbmdfcm1zLnBuZyIgY2xhc3M9InJhbmtpY29uIiAvPjxpbWcgc3JjPSJodHRwOi8vaW1hZ2UucmFrdXRlbi5jby5qcC9pLW9mZmljZTEvY2FiaW5ldC90YWtlOS8yMzMwMDAyMi5qcGciIC8+PHAgY2xhc3M9Iml0ZW1fbmFtZSI+ob7I1bG+0XWhv83oz7SkpE9Lo6HR8sOrMTAwo6XKudPDo6HP+7P0paapYKXrt/OkraXRpcOlyTwvcD48cCBjbGFzcz0icHJpY2UiPjUsOTgwg9I8L3A+PC9saT4KPGxpPjxpbWcgc3JjPSJodHRwOi8vd3d3LnJha3V0ZW4ubmUuanAvZ29sZC9pLW9mZmljZTEvaW1hZ2VzL3JhbmtpY29uMl9yYW5raW5nX3Jtcy5wbmciIGNsYXNzPSJyYW5raWNvbiIgLz48aW1nIHNyYz0iaHR0cDovL2ltYWdlLnJha3V0ZW4uY28uanAvaS1vZmZpY2UxL2NhYmluZXQvdGs5LzExMjAxMjE0LmpwZyIgLz48cCBjbGFzcz0iaXRlbV9uYW1lIj6k1aTvpNWk76Xepbel5aXepe2lv6XDpcGh76SipMOkv6Srpd6lpKWvpe2l1aWhpaSl0Klgt/Ol0aXDpck8L3A+PHAgY2xhc3M9InByaWNlIj4yLDI5MYPSPC9wPjwvbGk+CjxsaT48aW1nIHNyYz0iaHR0cDovL3d3dy5yYWt1dGVuLm5lLmpwL2dvbGQvaS1vZmZpY2UxL2ltYWdlcy9yYW5raWNvbjNfcmFua2luZ19ybXMucG5nIiBjbGFzcz0icmFua2ljb24iIC8+PGltZyBzcmM9Imh0dHA6Ly9pbWFnZS5yYWt1dGVuLmNvLmpwL2ktb2ZmaWNlMS9jYWJpbmV0L3RrOS8xMTIwMDY3Ny5qcGciIC8+PHAgY2xhc3M9Iml0ZW1fbmFtZSI+pNWk76TVpO+l3qW3peWl3qXtpb+lw6XBoe+koqTDpL+kq6XepaSlr6XtpdWloaWkpdCpYMOrsrw8L3A+PHAgY2xhc3M9InByaWNlIj4yLDI5MYPSPC9wPjwvbGk+CjxsaT48aW1nIHNyYz0iaHR0cDovL3d3dy5yYWt1dGVuLm5lLmpwL2dvbGQvaS1vZmZpY2UxL2ltYWdlcy9yYW5raWNvbjRfcmFua2luZ19ybXMucG5nIiBjbGFzcz0icmFua2ljb24iIC8+PGltZyBzcmM9Imh0dHA6Ly9pbWFnZS5yYWt1dGVuLmNvLmpwL2ktb2ZmaWNlMS9jYWJpbmV0L3RibTUvMTQwNTEwMjIuanBnIiAvPjxwIGNsYXNzPSJpdGVtX25hbWUiPqG+paKl5KXIpbmhv2ZpbmxheXNvbiCl0aXzpcCx+qXqpdCpYKW3pdal68OrsryhvpZ8vqnO97Soob88L3A+PHAgY2xhc3M9InByaWNlIj44LDY0MIPSPC9wPjwvbGk+CjxsaT48aW1nIHNyYz0iaHR0cDovL3d3dy5yYWt1dGVuLm5lLmpwL2dvbGQvaS1vZmZpY2UxL2ltYWdlcy9yYW5raWNvbjVfcmFua2luZ19ybXMucG5nIiBjbGFzcz0icmFua2ljb24iIC8+PGltZyBzcmM9Imh0dHA6Ly9pbWFnZS5yYWt1dGVuLmNvLmpwL2ktb2ZmaWNlMS9jYWJpbmV0L2ljaGkxMi8zODUwMDc0LmpwZyIgLz48cCBjbGFzcz0iaXRlbV9uYW1lIj6hvt1Ywb+hv9Pww6ukzjKxtqSipL+kv6SrpKSjoaW3pfOltaXsqWClyKWmpeulyKXpkuyksbK8h+I8L3A+PHAgY2xhc3M9InByaWNlIj41LDk4MIPSPC9wPjwvbGk+CgoKPGJyIHN0eWxlPSJjbGVhcjpib3RoIiAvPgo8L3VsPgo8L2Rpdj4KCgo8L2Rpdj4=,pdWl6aXzpbml2aXDpcmh76XZpcOlyaXRpcOlySClwKXWpesopd+lx6WjpaKl4KW+qWCl8ymlzaWqpdmlw6XJpdGlw6XJpdClpKWqpdWl6aXzpbml2aXDpckgpaalqaXDpbel46XWpesgz7SkqKTrIL+5vvogt8Cz9CCluqXst8DWuaW0peC4tqStIM+05aqlzaXDpci4tqStIKXZpcOlyaXRpcOlyCClwKXWpeultaWkpbpbYnmkqqS5pLmk4V2jurzSvt+kzqWkpfOlxqXqpaKlqqXVpaOluaXvpfM=,pdmlw6XJpb2l1aWhqWCl1aXppfOluaXZpcOlybzSvt8gzajYnMfevt+yvIfipaupYKXapcOlyKXHpbmlr6XBpaeloqlgpcapYKXWpeuFp7x7vNK+36W9pdWloalgpdmlw6XJpcal7KXTzKjX+dLO19PS/dS9pLfQwr7TpaupYKXGpfOlpKXzpcal6qWipbel56XDpdel1aXppfOluaXZpcOlyaHvpdmlw6XJpdGlw6XJIKXApdal6yil36XHpaOloqXgpb6pYKXzKaXNpaql2aXDpcml0aXDpcml0KWkpaql1aXppfOluaXZpcOlySClpqWppcOlt6Xjpdal6yDPtKSopOsgv7m++iC3wLP0IKW6pey3wNa5pbSl4Li2pK0gz7TlqqXNpcOlyLi2pK0gpdmlw6XJpdGlw6XIIKXApdal66W1paSlultieaSqpLmkuaThXQ==,pdWl6aXzpbml2aXDpcmh76XZpcOlyaXRpcOlySClzaWqpdmlw6XJpdGlw6XJpdClpKWqoaOl1aXppfOluaXZpcOlyaHvpdmlw6XJpdGlw6XJIKXApdal6yil36XHpaOloqXgpb6pYKXzKaXNpaql2aXDpcml0aXDpcml0KWkpaql1aXppfOluaXZpcOlySClpqWppcOlt6Xjpdal6yDPtKSopOsgv7m++iC3wLP0IKW6pey3wNa5pbSl4Li2pK0gz7TlqqXNpcOlyLi2pK0gpdmlw6XJpdGlw6XIIKXApdal66W1paSlultieaSqpLmkuaThXQ==[rn]
40-32993,aHR0cDovL3RzaG9wLnIxMHMuanAvaS1vZmZpY2UxL2NhYmluZXQvdGFrZTEyLzI4MDAzNzEuanBnP2ZpdGluPTcwMDo3MDA=,Mzg0MC4wMDAw,,paSl86XGpeqloj/H3r7fP4WnvHsgPiDH3r7fID4gpdmlw6XJpdGlw6XJ,pdmlw6XJpdGlw6XJIKW7pd+lwKXWpeultaWkpbogpcalpKW4pfM/pd6lpKXGpaOlyKXDpdcyob6lt6XnqWClyKG/ob7I1bG+0XWhvzE1pbWlpKW6pKuk6d94pNmk66Ohpbul36XApdal6y+386XRpcOlySC386StpdGlw6XJIKXZpcOlyaXRpcOlyCC0us/Ex++2rKGizajE6sq5pKik6yC/ub76t8Cz9D+3wKXApcu807mknGc=,pdmlw6XJpdGlw6XJIKXepaSlxqWjpcilw6XXMqW3peepYKXIIKW7pd+lwKXWpes=,PGltZyBzcmM9Imh0dHBzOi8vaW1hZ2UucmFrdXRlbi5jby5qcC9pLW9mZmljZTEvY2FiaW5ldC90YWtlMTIvMjgwMDM2NV8wMC5qcGciIGJvcmRlcj0iMCIgYWx0PSIiPjxCUj48QlI+Cgo8aW1nIHNyYz0iaHR0cHM6Ly9pbWFnZS5yYWt1dGVuLmNvLmpwL2ktb2ZmaWNlMS9jYWJpbmV0L3Rha2UxMi8yODAwMzY1XzAxLmpwZyIgYm9yZGVyPSIwIiBhbHQ9IiI+PEJSPgo8aW1nIHNyYz0iaHR0cHM6Ly9pbWFnZS5yYWt1dGVuLmNvLmpwL2ktb2ZmaWNlMS9jYWJpbmV0L3Rha2UxMi8yODAwMzY1XzAyLmpwZyIgYWx0PSIiIGJvcmRlcj0iMCIgdXNlbWFwPSIjTWFwIj48QlI+Cgo8aW1nIHNyYz0iaHR0cHM6Ly9pbWFnZS5yYWt1dGVuLmNvLmpwL2ktb2ZmaWNlMS9jYWJpbmV0L3Rha2UxMi8yODAwMzY1XzAzLmpwZyIgYm9yZGVyPSIwIiBhbHQ9IiI+PEJSPgo8aW1nIHNyYz0iaHR0cHM6Ly9pbWFnZS5yYWt1dGVuLmNvLmpwL2ktb2ZmaWNlMS9jYWJpbmV0L3Rha2UxMi8yODAwMzY1XzA1LmpwZyIgYm9yZGVyPSIwIiBhbHQ9IiI+PEJSPgo8aW1nIHNyYz0iaHR0cHM6Ly9pbWFnZS5yYWt1dGVuLmNvLmpwL2ktb2ZmaWNlMS9jYWJpbmV0L3Rha2UxMi8yODAwMzY1XzA2LmpwZyIgYm9yZGVyPSIwIiBhbHQ9IiI+PEJSPgo8aW1nIHNyYz0iaHR0cHM6Ly9pbWFnZS5yYWt1dGVuLmNvLmpwL2ktb2ZmaWNlMS9jYWJpbmV0L3Rha2UxMi8yODAwMzY1XzA3LmpwZyIgYm9yZGVyPSIwIiBhbHQ9IiI+PEJSPgo8aW1nIHNyYz0iaHR0cHM6Ly9pbWFnZS5yYWt1dGVuLmNvLmpwL2ktb2ZmaWNlMS9jYWJpbmV0L3Rha2UxMi8yODAwMzY1XzAyLmpwZyIgYWx0PSIiIGJvcmRlcj0iMCIgdXNlbWFwPSIjTWFwIj48QlI+CjxtYXAgbmFtZT0iTWFwIj4KICA8YXJlYSBzaGFwZT0icmVjdCIgY29vcmRzPSIyNzAsMzk0LDM1OSw0NjAiIGhyZWY9Imh0dHBzOi8vaXRlbS5yYWt1dGVuLmNvLmpwL2ktb2ZmaWNlMS8yODAwMzc2LyI+CiAgPGFyZWEgc2hhcGU9InJlY3QiIGNvb3Jkcz0iMzY4LDM5NCw0NTcsNDYwIiBocmVmPSJodHRwczovL2l0ZW0ucmFrdXRlbi5jby5qcC9pLW9mZmljZTEvMjgwMDM3Ny8iPgogIDxhcmVhIHNoYXBlPSJyZWN0IiBjb29yZHM9IjQ2NCwzOTQsNTUzLDQ2MCIgaHJlZj0iaHR0cHM6Ly9pdGVtLnJha3V0ZW4uY28uanAvaS1vZmZpY2UxLzI4MDAzNzgvIj48YXJlYSBzaGFwZT0icmVjdCIgY29vcmRzPSIxNzIsMzkzLDI2MSw0NTkiIGhyZWY9Imh0dHBzOi8vaXRlbS5yYWt1dGVuLmNvLmpwL2ktb2ZmaWNlMS8yODAwMzc1LyI+CiAgPGFyZWEgc2hhcGU9InJlY3QiIGNvb3Jkcz0iNTY0LDM5Myw2NTMsNDU5IiBocmVmPSJodHRwczovL2l0ZW0ucmFrdXRlbi5jby5qcC9pLW9mZmljZTEvMjgwMDM3OS8iPgogIDxhcmVhIHNoYXBlPSJyZWN0IiBjb29yZHM9IjI2OSwzMTQsMzU4LDM4MCIgaHJlZj0iaHR0cHM6Ly9pdGVtLnJha3V0ZW4uY28uanAvaS1vZmZpY2UxLzI4MDAzNjYvIj4KICA8YXJlYSBzaGFwZT0icmVjdCIgY29vcmRzPSIzNjksMzE0LDQ1OCwzODAiIGhyZWY9Imh0dHBzOi8vaXRlbS5yYWt1dGVuLmNvLmpwL2ktb2ZmaWNlMS8yODAwMzY3LyI+CiAgPGFyZWEgc2hhcGU9InJlY3QiIGNvb3Jkcz0iNDY2LDMxNCw1NTUsMzgwIiBocmVmPSJodHRwczovL2l0ZW0ucmFrdXRlbi5jby5qcC9pLW9mZmljZTEvMjgwMDM2OC8iPgogIDxhcmVhIHNoYXBlPSJyZWN0IiBjb29yZHM9IjE3MywzMTIsMjYyLDM3OCIgaHJlZj0iaHR0cHM6Ly9pdGVtLnJha3V0ZW4uY28uanAvaS1vZmZpY2UxLzI4MDAzNjUvIj48YXJlYSBzaGFwZT0icmVjdCIgY29vcmRzPSI1NjMsMzEzLDY1MiwzNzkiIGhyZWY9Imh0dHBzOi8vaXRlbS5yYWt1dGVuLmNvLmpwL2ktb2ZmaWNlMS8yODAwMzY5LyI+CiAgPGFyZWEgc2hhcGU9InJlY3QiIGNvb3Jkcz0iNTYyLDIzMCw2NTEsMjk2IiBocmVmPSJodHRwczovL2l0ZW0ucmFrdXRlbi5jby5qcC9pLW9mZmljZTEvMjgwMDM3NC8iPgogIDxhcmVhIHNoYXBlPSJyZWN0IiBjb29yZHM9IjQ2NSwyMzEsNTU0LDI5NyIgaHJlZj0iaHR0cHM6Ly9pdGVtLnJha3V0ZW4uY28uanAvaS1vZmZpY2UxLzI4MDAzNzMvIj4KICA8YXJlYSBzaGFwZT0icmVjdCIgY29vcmRzPSIzNjgsMjMxLDQ1NywyOTciIGhyZWY9Imh0dHBzOi8vaXRlbS5yYWt1dGVuLmNvLmpwL2ktb2ZmaWNlMS8yODAwMzcyLyI+PGFyZWEgc2hhcGU9InJlY3QiIGNvb3Jkcz0iMTcyLDIzMSwyNjEsMjk3IiBocmVmPSJodHRwczovL2l0ZW0ucmFrdXRlbi5jby5qcC9pLW9mZmljZTEvMjgwMDM3MC8iPjxhcmVhIHNoYXBlPSJyZWN0IiBjb29yZHM9IjE3MiwyMzEsMjYxLDI5NyIgaHJlZj0iIyI+CjxhcmVhIHNoYXBlPSJyZWN0IiBjb29yZHM9IjI2OSwyMzEsMzU4LDI5NyIgaHJlZj0iaHR0cHM6Ly9pdGVtLnJha3V0ZW4uY28uanAvaS1vZmZpY2UxLzI4MDAzNzEvIj48YXJlYSBzaGFwZT0icmVjdCIgY29vcmRzPSIxNzIsMjMxLDI2MSwyOTciIGhyZWY9IiMiPjwvbWFwPgo8QlI+PHAgY2xhc3M9ImRlbGl2X2ZlZV9ob2t1Ij6xsbqjtcCk2KTOxeTLzaTPhGXNvsvNwc+krKSrpKuk6qTepLmhozxicj6xsbqjtcDLzcHPo7qhvrGxMaG/pb+lpKXXPC9wPgo8cCBjbGFzcz0iZGVsaXZfZmVlIj7LzcHPo7pBpb+lpKXXPC9wPgo8cCBzdHlsZT0iZm9udC1zaXplOjEycHg7IGNvbG9yOiNGRjAwMDA7Ij6h+Ztfv0mhout4jXU/32i49LXYpMvpdqS3pN6kt6TGpM+EZc2+y83Bz6SspKukq6TqpN6kuaGjPC9wPgo8YnI+CjxUQUJMRSBjZWxsU3BhY2luZz0wIGNlbGxQYWRkaW5nPTIgd2lkdGg9MzcwIGJnQ29sb3I9IzgwODA4MCBib3JkZXI9MT4KPFRCT0RZPgo8VFIgYmdDb2xvcj0jZmZmZmZmPgo8VEQgYmdDb2xvcj0jOTk5OTk5IGNvbFNwYW49Mj48Rk9OVCBjb2xvcj0jZmZmZmZmPqH2yczGt9Vow/c8L0ZPTlQ+PC9URD4KPC9UUj4KPFRSPgo8VEQgYWxpZ249bGVmdCBiZ0NvbG9yPSNmZmZmZmYgY29sU3Bhbj0yIGhlaWdodD0yMD48cD48Zm9udCBjb2xvcj0iIzY2NjY2NiIgc2l6ZT0iMiI+IM3oz7SkpKTHpK2k68jLmt2kzraot6yl2aXDpcml0aXDpcmkx6S5oaOkt6SrpOKhoubSpLekpLfApcClyz+/ub76t8Cz9JlDxNy4tqStoaM8QlI+CqXepcOlyKXspbmkzsnPpMu386SvpLOkyKTHx+WdjaTLsaOkxKSzpMikrLP2wLSk3qS5oaPW0L5kpM+hsKXGpaSluKXzP6XepaSlxqWjpcilw6XXMqGxyrnTw6Oht8ClwKXLP7+5vvq3wLP0hL+5+6THoaKkpKTEpN6kx6Tipa+l6qlgpfOho6XYpeult6lgpMe/7N9tpMrD36TqpPKkqr3spLGkpKS/pLek3qS5oaM8QlI+CqXZpcOlyKXRpcOlyKOopcalpKW4pfM/pd6lpKXGpaOlyKXDpdcyo7q/ub76t8Cz9LfApcCly7zTuaSjqTxCUj4Kyfq12KO6pd2l6qWopbmlxqXrNjUlvmQzNSU8QlI+CqH2pbul36XApdal6ygxMjChwTE4NWNto6kKPC9mb250PjwvcD4gIDwvVEQ+CjwvVFI+CjxUUj4KPFREIGJnQ29sb3I9Izk5OTk5OSBjb2xTcGFuPTI+PEZPTlQgY29sb3I9I2ZmZmZmZj6h9tei0uLKwu2XPC9GT05UPjwvVEQ+CjwvVFI+CjxUUj4KPFREIGFsaWduPW1pZGRsZSB3aWR0aD02NyBiZ0NvbG9yPSNmZmZmZmYgaGVpCmdodD0zMD48Rk9OVCBjb2xvcj0jNjY2NjY2IHNpemU9IjIiPr1NpN/BoqTGPC9GT05UPjwvVEQ+CjxURCB3aWR0aD0yODkgYmdDb2xvcj0jZmZmZmZmPjxmb250IGNvbG9yPSIjNjY2NjY2IiBzaXplPSIyIj7N6rPJxrc8L2ZvbnQ+PC9URD4KPC9UUj4KPFRSPgo8VEQgdkFsaWduPXRvcCBhbGlnbj1taWRkbGUgd2lkdGg9NjcgYmdDb2xvcj0jZmZmZmZmPjxGT05UIGNvbG9yPSM2NjY2NjYgc2l6ZT0iMiI+guS/vDwvRk9OVD48L1REPgo8VEQgd2lkdGg9Mjg5IGJnQ29sb3I9I2ZmZmZmZj48Rk9OVCBjb2xvcj0jRkYwMDAwIHNpemU9IjIiPgo/m1+/SbywpNPreI11pNikz4Rlzb7F5MvNwc+krKSrpKuk6qTepLmho4xn2U3ViMfzpMiktaS7pMbtlKStpN6kuaTOpMektMHLs9DPwqS1pKShoyZuYnNwOzwvRk9OVD48Rk9OVCBjb2xvcj0jNjY2NjY2IHNpemU9IjIiPjxiciAvPgogICAgP8nMxre7rc/xpM/Jq7rPpKSk5MvYssS40KSsjGfrSKTOyczGt6TIrpCkyqTriPa6z6SspLSktqSkpN6kuaGjPEJSPgogIKXipculv6lgP6XHpaOluaXXpeylpKTLpOikw6TGpOLQtKTqt72krInkpOqk3qS5oaPT6KThpLTBy7PQpK+kwKS1pKShozwvRk9OVD48L1REPgo8L1RSPgo8VFI+CjxURCBhbGlnbj1taWRkbGUgYmdDb2xvcj0jOTk5OTk5IGNvbFNwYW49Mj48Rk9OVCBjb2xvcj0jZmZmZmZmPqWtqWCl76lgpck8L0ZPTlQ+PC9URD4KPC9UUj4KPFRSPgo8VEQgYWxpZ249bWlkZGxlIGJnQ29sb3I9I2ZmZmZmZiBjb2xTcGFuPTI+PGZvbnQgc2l6ZT0iMiIgY29sb3I9IiM2NjY2NjYiPgql2aXDpcml0aXDpckgpbul36XApdal69PDob7I1bG+0XWhvzE1pbWlpKW6pKuk6d94pNmk66OhpcalpKW4pfM/pd6lpKXGpaOlyKXDpdcypdmlw6XJpdGlw6XJob6lt6XnqWClyKG/pbul36XApdal6y+386XRpcOlySC386StpdGlw6XJIKXZpcOlyaXRpcOlyaXIvObTwyC/ub76t8Cz9D+3wKXApcu807mknGcKCjwvZm9udD48L1REPgo8L1RSPjwvVEJPRFk+PC9UQUJMRT48QlI+PHN0eWxlIHR5cGU9InRleHQvY3NzIj4KI3JhbmtpbmdfaXRlbXBhZ2Vfcm1zIHsKd2lkdGg6NjgwcHg7CmZvbnQtc2l6ZToxMnB4Owpib3JkZXI6c29saWQgNXB4ICNGRkI0MDA7CmJhY2tncm91bmQ6ICNmZmYKfQoKI3JhbmtpbmdfaXRlbXBhZ2Vfcm1zIGRpdiB7CmJhY2tncm91bmQ6IHVybChodHRwOi8vd3d3LnJha3V0ZW4ubmUuanAvZ29sZC9pLW9mZmljZTEvaW1hZ2VzL2JhY2tfcmFua2luZ19ybXMucG5nKSBuby1yZXBlYXQ7CmJvcmRlci10b3A6c29saWQgNXB4ICNGRkI0MDA7Cn0KCiNyYW5raW5nX2l0ZW1wYWdlX3JtcyBhIHsKdGV4dC1kZWNvcmF0aW9uOm5vbmU7Cn0KCiNyYW5raW5nX2l0ZW1wYWdlX3JtcyBpbWcgewpib3JkZXI6MAp9CgojcmFua2luZ19pdGVtcGFnZV9ybXMgYTpob3ZlciB7CnRleHQtZGVjb3JhdGlvbjp1bmRlcmxpbmUKfQoKI3JhbmtpbmdfaXRlbXBhZ2Vfcm1zIC50aXRsZSB7CnBhZGRpbmctdG9wOjIwcHg7Cm1hcmdpbjowCn0KCiNyYW5raW5nX2l0ZW1wYWdlX3JtcyAudGl0bGUgaW1nIHsKd2lkdGg6OTYuNSU7CnBhZGRpbmctbGVmdDoyJQp9CgojcmFua2luZ19pdGVtcGFnZV9ybXMgdWwgewptYXJnaW46MDsKcGFkZGluZzoyJTsKfQoKI3JhbmtpbmdfaXRlbXBhZ2Vfcm1zIGxpIHsKd2lkdGg6MTglOwptYXJnaW4tcmlnaHQ6MiU7Cmxpc3Qtc3R5bGU6IG5vbmU7CmZsb2F0OmxlZnQ7CmxpbmUtaGVpZ2h0OjEuNjsKfQoKI3JhbmtpbmdfaXRlbXBhZ2Vfcm1zIC5yYW5raWNvbiB7CndpZHRoOjY1cHg7Cm1hcmdpbi1ib3R0b206MTBweAp9CgojcmFua2luZ19pdGVtcGFnZV9ybXMgbGk6bnRoLWNoaWxkKDEpIHsKd2lkdGg6MjAlOwp9CgojcmFua2luZ19pdGVtcGFnZV9ybXMgbGk6bnRoLWNoaWxkKDUpIHsKbWFyZ2luLXJpZ2h0OjAKfQoKI3JhbmtpbmdfaXRlbXBhZ2Vfcm1zIGxpIGltZyB7CndpZHRoOjEwMCUKfQoKI3JhbmtpbmdfaXRlbXBhZ2Vfcm1zIGxpIHAgewpkaXNwbGF5OmJsb2NrOwptYXJnaW46MAp9CgojcmFua2luZ19pdGVtcGFnZV9ybXMgbGkgYSB7CmNvbG9yOiM1NzlERTUKfQoKI3JhbmtpbmdfaXRlbXBhZ2Vfcm1zIGxpIHAuaXRlbV9uYW1lIHsKZm9udC1zaXplOjExcHg7CmhlaWdodDo2MHB4Cn0KCiNyYW5raW5nX2l0ZW1wYWdlX3JtcyBsaTpudGgtY2hpbGQoMSkgcC5pdGVtX25hbWUgewpoZWlnaHQ6NjBweAp9CgojcmFua2luZ19pdGVtcGFnZV9ybXMgbGkgcC5wcmljZSB7CmZvbnQtc2l6ZToxNHB4Owpmb250LXdlaWdodDpib2xkOwpjb2xvcjojRkYwMDAwOwp9CgovKtlJpKTO76WrpbSl3KW/pfMqLwojcmFrdXRlbkxpbWl0ZWRJZF9hcm91bmRDYXJ0IGlucHV0W3ZhbHVlPSLZSaSkzu+kq6S0pMvI66TspOsiXSwgaW5wdXRbdmFsdWU9ItPovHOkuaTrIl0KIHsKd2lkdGg6IDIzM3B4OwpoZWlnaHQ6IDUycHg7CmJhY2tncm91bmQ6dXJsKGh0dHA6Ly9pbWFnZS5yYWt1dGVuLmNvLmpwL2ktb2ZmaWNlMS9jYWJpbmV0LzAzOTQyMDM3L2NhcnQuZ2lmKSAjZmNmY2ZjIG5vLXJlcGVhdDsKb3ZlcmZsb3c6IGhpZGRlbjsKYm9yZGVyLXdpZHRoOiAwcHg7CmN1cnNvcjogcG9pbnRlciAhaW1wb3J0YW50Owp0ZXh0LWluZGVudDogMTUwJTsKd2hpdGUtc3BhY2U6IG5vd3JhcDsKbWFyZ2luOiA1cHggMCAwIDA7Cn0KCgovKoKAyv3I68GmKi8KI3Jha3V0ZW5MaW1pdGVkSWRfYXJvdW5kQ2FydCBpbnB1dCN1bml0cyB7CmJvcmRlcjpzb2xpZCAjY2NjIDFweDsKYmFja2dyb3VuZDojZmZmIWltcG9ydGFudDsKY3Vyc29yOmF1dG87CnRleHQtaW5kZW50OiAwcHg7Cm92ZXJmbG93OiBoaWRkZW47Cn0KCiNyYWt1dGVuTGltaXRlZElkX2Fyb3VuZENhcnQgKiB7CmZvbnQtZmFtaWx5OiAio82j0yCj0KW0pbelw6WvIixzYW5zLXNlcmlmICFpbXBvcnRhbnQ7Cn0KCiNyYWt1dGVuTGltaXRlZElkX2Fyb3VuZENhcnQgI3NlcnZpY2VUYWJsZVNtbCB0ZC5mYXZvcml0ZSB7CndpZHRoOiAzMDBweCAhaW1wb3J0YW50Owp9CgovKqWrqWClyMnMxre3rLrFKi8Kc3Bhbi5pdGVtX251bWJlcl90aXRsZSB7CmJhY2tncm91bmQ6IG5vbmUgcmVwZWF0IHNjcm9sbCAwIDAgIzNiNTk5ODsKY29sb3I6ICNmZmY7CmRpc3BsYXk6IGJsb2NrOwpmbG9hdDogbGVmdDsKbWFyZ2luLWJvdHRvbTogMjBweDsKcGFkZGluZzogM3B4IDZweDsKZm9udC1zaXplOiAxMDAlICFpbXBvcnRhbnQ7Cn0KCnNwYW4uaXRlbV9udW1iZXIgewpib3JkZXI6IDFweCBzb2xpZCAjM2I1OTk4Owpjb2xvcjogIzAwMDAwMDsKZGlzcGxheTogYmxvY2s7CmZvbnQtd2VpZ2h0OiBib2xkOwpsZXR0ZXItc3BhY2luZzogMC4xZW07Cm1hcmdpbi1ib3R0b206IDIwcHg7Cm1hcmdpbi1sZWZ0OiAtMC41ZW07CnBhZGRpbmc6IDJweCA4cHg7Cn0KCjwvc3R5bGU+Cgo8ZGl2IGlkPSJyYW5raW5nX2l0ZW1wYWdlX3JtcyI+CjxkaXY+CjxwIGNsYXNzPSJ0aXRsZSI+PGltZyBzcmM9Imh0dHA6Ly93d3cucmFrdXRlbi5uZS5qcC9nb2xkL2ktb2ZmaWNlMS9pbWFnZXMvdGl0bGVfcmFua2luZ19ybXMucG5nIiAvPjwvcD4KPHVsPgo8bGk+PGltZyBzcmM9Imh0dHA6Ly93d3cucmFrdXRlbi5uZS5qcC9nb2xkL2ktb2ZmaWNlMS9pbWFnZXMvcmFua2ljb24xX3Jhbmtpbmdfcm1zLnBuZyIgY2xhc3M9InJhbmtpY29uIiAvPjxpbWcgc3JjPSJodHRwOi8vaW1hZ2UucmFrdXRlbi5jby5qcC9pLW9mZmljZTEvY2FiaW5ldC90YWtlOS8yMzMwMDAyMi5qcGciIC8+PHAgY2xhc3M9Iml0ZW1fbmFtZSI+ob7I1bG+0XWhv83oz7SkpE9Lo6HR8sOrMTAwo6XKudPDo6HP+7P0paapYKXrt/OkraXRpcOlyTwvcD48cCBjbGFzcz0icHJpY2UiPjUsOTgwg9I8L3A+PC9saT4KPGxpPjxpbWcgc3JjPSJodHRwOi8vd3d3LnJha3V0ZW4ubmUuanAvZ29sZC9pLW9mZmljZTEvaW1hZ2VzL3JhbmtpY29uMl9yYW5raW5nX3Jtcy5wbmciIGNsYXNzPSJyYW5raWNvbiIgLz48aW1nIHNyYz0iaHR0cDovL2ltYWdlLnJha3V0ZW4uY28uanAvaS1vZmZpY2UxL2NhYmluZXQvdGs5LzExMjAxMjE0LmpwZyIgLz48cCBjbGFzcz0iaXRlbV9uYW1lIj6k1aTvpNWk76Xepbel5aXepe2lv6XDpcGh76SipMOkv6Srpd6lpKWvpe2l1aWhpaSl0Klgt/Ol0aXDpck8L3A+PHAgY2xhc3M9InByaWNlIj4yLDI5MYPSPC9wPjwvbGk+CjxsaT48aW1nIHNyYz0iaHR0cDovL3d3dy5yYWt1dGVuLm5lLmpwL2dvbGQvaS1vZmZpY2UxL2ltYWdlcy9yYW5raWNvbjNfcmFua2luZ19ybXMucG5nIiBjbGFzcz0icmFua2ljb24iIC8+PGltZyBzcmM9Imh0dHA6Ly9pbWFnZS5yYWt1dGVuLmNvLmpwL2ktb2ZmaWNlMS9jYWJpbmV0L3RrOS8xMTIwMDY3Ny5qcGciIC8+PHAgY2xhc3M9Iml0ZW1fbmFtZSI+pNWk76TVpO+l3qW3peWl3qXtpb+lw6XBoe+koqTDpL+kq6XepaSlr6XtpdWloaWkpdCpYMOrsrw8L3A+PHAgY2xhc3M9InByaWNlIj4yLDI5MYPSPC9wPjwvbGk+CjxsaT48aW1nIHNyYz0iaHR0cDovL3d3dy5yYWt1dGVuLm5lLmpwL2dvbGQvaS1vZmZpY2UxL2ltYWdlcy9yYW5raWNvbjRfcmFua2luZ19ybXMucG5nIiBjbGFzcz0icmFua2ljb24iIC8+PGltZyBzcmM9Imh0dHA6Ly9pbWFnZS5yYWt1dGVuLmNvLmpwL2ktb2ZmaWNlMS9jYWJpbmV0L3RibTUvMTQwNTEwMjIuanBnIiAvPjxwIGNsYXNzPSJpdGVtX25hbWUiPqG+paKl5KXIpbmhv2ZpbmxheXNvbiCl0aXzpcCx+qXqpdCpYKW3pdal68OrsryhvpZ8vqnO97Soob88L3A+PHAgY2xhc3M9InByaWNlIj44LDY0MIPSPC9wPjwvbGk+CjxsaT48aW1nIHNyYz0iaHR0cDovL3d3dy5yYWt1dGVuLm5lLmpwL2dvbGQvaS1vZmZpY2UxL2ltYWdlcy9yYW5raWNvbjVfcmFua2luZ19ybXMucG5nIiBjbGFzcz0icmFua2ljb24iIC8+PGltZyBzcmM9Imh0dHA6Ly9pbWFnZS5yYWt1dGVuLmNvLmpwL2ktb2ZmaWNlMS9jYWJpbmV0L2ljaGkxMi8zODUwMDc0LmpwZyIgLz48cCBjbGFzcz0iaXRlbV9uYW1lIj6hvt1Ywb+hv9Pww6ukzjKxtqSipL+kv6SrpKSjoaW3pfOltaXsqWClyKWmpeulyKXpkuyksbK8h+I8L3A+PHAgY2xhc3M9InByaWNlIj41LDk4MIPSPC9wPjwvbGk+CgoKPGJyIHN0eWxlPSJjbGVhcjpib3RoIiAvPgo8L3VsPgo8L2Rpdj4KCgo8L2Rpdj4=,pdmlw6XJpdGlw6XJIKW7pd+lwKXWpeultaWkpbogpcalpKW4pfM/pd6lpKXGpaOlyKXDpdcyob6lt6XnqWClyKG/ob7I1bG+0XWhvzE1pbWlpKW6pKuk6d94pNmk66Ohpbul36XApdal6y+386XRpcOlySC386StpdGlw6XJIKXZpcOlyaXRpcOlyCC0us/Ex++2rKGizajE6sq5pKik6yC/ub76t8Cz9D+3wKXApcu807mknGejurzSvt+kzqWkpfOlxqXqpaKlqqXVpaOluaXvpfM=,pdmlw6XJpb2l1aWhqWCl1aXppfOluaXZpcOlybzSvt8gzajYnMfevt+yvIfipaupYKXapcOlyKXHpbmlr6XBpaeloqlgpcapYKXWpeuFp7x7vNK+36W9pdWloalgpdmlw6XJpcal7KXTzKjX+dLO19PS/dS9pLfQwr7TpaupYKXGpfOlpKXzpcal6qWipbel56XDpdel2aXDpcml0aXDpckgpbul36XApdal66W1paSluiClxqWkpbil8z+l3qWkpcalo6XIpcOl1zKhvqW3peepYKXIob+hvsjVsb7RdaG/MTWltaWkpbqkq6Tp33ik2aTro6Glu6XfpcCl1qXrL7fzpdGlw6XJILfzpK2l0aXDpckgpdmlw6XJpdGlw6XIILS6z8TH77asoaLNqMTqyrmkqKTrIL+5vvq3wLP0P7fApcCly7zTuaScZw==,pdmlw6XJpdGlw6XJIKXepaSlxqWjpcilw6XXMqW3peepYKXIIKW7pd+lwKXWpeuho6XZpcOlyaXRpcOlySClu6XfpcCl1qXrpbWlpKW6IKXGpaSluKXzP6XepaSlxqWjpcilw6XXMqG+pbel56lgpcihv6G+yNWxvtF1ob8xNaW1paSluqSrpOnfeKTZpOujoaW7pd+lwKXWpesvt/Ol0aXDpckgt/OkraXRpcOlySCl2aXDpcml0aXDpcggtLrPxMfvtqyhos2oxOrKuaSopOsgv7m++rfAs/Q/t8ClwKXLvNO5pJxn[rn]
40-32994,aHR0cDovL3RzaG9wLnIxMHMuanAvaS1vZmZpY2UxL2NhYmluZXQvdGsxMS8yOTMzMzIxLmpwZz9maXRpbj03MDA6NzAw,MTAzNjguMDAwMA==,,paSl86XGpeqloj/H3r7fP4WnvHsgPiDH3r7fID4gpdmlw6XJpdGlw6XJ,pdWl6aXzpbml2aXDpckgpaalqaXDpbel46XWpesg0fLDq6XZpcOlyaXRpcOlySClu6Xfpbel86WwpesgzvzKqj+wa8mipMuDnqTspL+l6Klgpe2lw6XRrmIgz7SkqKTrINHyw6sgMTAwJSCl2aXDpcml0aXDpckgpbul36W3pfOlsKXrILfzpdGlw6XJILfzpK2l0aXDpcnRdSBmcmFuY2ViZWQgpaapYKXrMTAwo6U=,paalqaXDpbel46XWpesg0fLDq6XZpcOlyaXRpcOlySClu6Xfpbel86Wwpes=,Cgo8ZGl2IHN0eWxlPSJ3aWR0aDo2NzBweDsgZm9udC1zaXplOjE2cHg7IGxpbmUtaGVpZ2h0OjEuNjsgZm9udC1mYW1pbHk6J0hpcmFnaW5vIEtha3UgR290aGljIFByb04nLCBNZWlyeW8sIHNhbnMtc2VyaWY7IGNvbG9yOiMzMzMiPgogIDxpbWcgc3JjPSJodHRwczovL2ltYWdlLnJha3V0ZW4uY28uanAvaS1vZmZpY2UxL2NhYmluZXQvdGsxMS8yOTMzMzIxLmpwZyIgYWx0PSKl1aXppfOluaXZpcOlyaGh0fLDq6XZpcOlyaXRpcOlySult6lgpcQyteOlu6XDpcgiIC8+CiAgPGg0IHN0eWxlPSJib3JkZXItbGVmdDpzb2xpZCA4cHggIzMzMzsgcGFkZGluZy1sZWZ0OjIwcHg7IGZvbnQtc2l6ZToxOHB4Ij6ktaTvpOrQxLXYpKyk6KTqpb2l1aXIpMukyqTDpL+hotOiufquYtHyw6ul2aXDpcml0aXDpcmlt6XqqWCluqGjPC9oND4KPGltZyBzcmM9Imh0dHBzOi8vaW1hZ2UucmFrdXRlbi5jby5qcC9pLW9mZmljZTEvY2FiaW5ldC90azExLzI5MDcyMDFfMDYuanBnIiAvPjxCUj4KPGltZyBzcmM9Imh0dHBzOi8vaW1hZ2UucmFrdXRlbi5jby5qcC9pLW9mZmljZTEvY2FiaW5ldC90azExLzI5MDcyMDFfMDUuanBnIiAvPgo8cCBzdHlsZT0icGFkZGluZzowIDEwcHg7IG1hcmdpbi1ib3R0b206MjBweCI+06K5+q5ipaapYKXrMTAwo6WkzqXZpcOlyaXRpcOlyaTPoaLM7Mi7v42+U6THzvzKqrBryaLQ1KTLg56k7KTGpKqk6qGiz8Skz7q5pPKkv6TDpNek6s78pKTIoaTDpMahoqW1pemlw6TIpLekv7yhtKWk6qGjtqykz7/Vmt2k8qS/pMOk16Tq6V2kuN56pOGkxrGjzsKkt6TepLmho6TepL+hos+05aqlzaXDpcikrLi2pKSkxqSqpOqhoqS0vNLNpaTHzejPtKSkv8nE3KTHpLmhozwvcD4KCjxkaXYgc3R5bGU9IndpZHRoOjMyNXB4OyBmbG9hdDpsZWZ0OyBtYXJnaW4tcmlnaHQ6MjBweCI+CjxhIGhyZWY9InRrMTEvMjkwNzIwMV8wMi5qcGciIHN0eWxlPSJjdXJzb3I6dXJsKGh0dHBzOi8vd3d3LnJha3V0ZW4ubmUuanAvZ29sZC9pLW9mZmljZTEvc2VhcmNoLnBuZyksIHBvaW50ZXI7IiB0YXJnZXQ9Il9ibGFuayI+PGltZyBzcmM9Imh0dHBzOi8vaW1hZ2UucmFrdXRlbi5jby5qcC9pLW9mZmljZTEvY2FiaW5ldC90azExLzI5MDcyMDFfMDIuanBnIiAgd2lkdGg9IjMyNSIgLz48L2E+CjxwIHN0eWxlPSJwYWRkaW5nOjAgMTBweDsgbWFyZ2luLWJvdHRvbToyMHB4Ij6h9rSlpOrQxLXYpKyk6KTqpb2l1aXIpMs8QlI+pdmlw6XJpdGlw6XJpM60paTq0MS12KSsyOGk6aSrpK+lvaXVpciky6TKpOqhoqXepcOlyKXspbmkzsfe0MS12KTyk3CkyqSkpN6ku6TzoaM8L3A+CjwvZGl2PgoKPGRpdiBzdHlsZT0id2lkdGg6MzI1cHg7IGZsb2F0OmxlZnQiPgo8YSBocmVmPSJ0azExLzI5MDcyMDFfMDMuanBnIiBzdHlsZT0iY3Vyc29yOnVybChodHRwczovL3d3dy5yYWt1dGVuLm5lLmpwL2dvbGQvaS1vZmZpY2UxL3NlYXJjaC5wbmcpLCBwb2ludGVyOyIgdGFyZ2V0PSJfYmxhbmsiPjxpbWcgc3JjPSJodHRwczovL2ltYWdlLnJha3V0ZW4uY28uanAvaS1vZmZpY2UxL2NhYmluZXQvdGsxMS8yOTA3MjAxXzAzLmpwZyIgIHdpZHRoPSIzMjUiIC8+PC9hPgo8cCBzdHlsZT0icGFkZGluZzowIDEwcHg7IG1hcmdpbi1ib3R0b206MjBweCI+ofbW0L5kpM9bIDxiPtOiufquYtHyw6s8L2I+IF2+ZKTyMTAwo6WS8dPDPEJSPgql2aXDpcml0aXDpcmkztbQvmSky9OiufrR8sOrKKW1pdWlqalgpa+3Timk8jEwMKOlyrnTw6GjICA8L3A+CjwvZGl2Pgo8ZGl2IHN0eWxlPSJ3aWR0aDozMjVweDsgZmxvYXQ6bGVmdDsgbWFyZ2luLXJpZ2h0OjIwcHgiPgo8YSBocmVmPSJ0azExLzI5MDcyMDFfMDQuanBnIiBzdHlsZT0iY3Vyc29yOnVybChodHRwczovL3d3dy5yYWt1dGVuLm5lLmpwL2dvbGQvaS1vZmZpY2UxL3NlYXJjaC5wbmcpLCBwb2ludGVyOyIgdGFyZ2V0PSJfYmxhbmsiPjxpbWcgc3JjPSJodHRwczovL2ltYWdlLnJha3V0ZW4uY28uanAvaS1vZmZpY2UxL2NhYmluZXQvdGsxMS8yOTA3MjAxXzA0LmpwZyIgIHdpZHRoPSIzMjUiIC8+PC9hPgo8cCBzdHlsZT0icGFkZGluZzowIDEwcHg7IG1hcmdpbi1ib3R0b206MjBweCI+ofaluqXst8DWuaTOy8TT56W0peC4tqStPC9wPgo8L2Rpdj4KCjxkaXYgc3R5bGU9IndpZHRoOjMyNXB4OyBmbG9hdDpsZWZ0Ij4KPGEgaHJlZj0idGsxMS8yOTA3MTAxXzA1LmpwZyIgc3R5bGU9ImN1cnNvcjp1cmwoaHR0cHM6Ly93d3cucmFrdXRlbi5uZS5qcC9nb2xkL2ktb2ZmaWNlMS9zZWFyY2gucG5nKSwgcG9pbnRlcjsiIHRhcmdldD0iX2JsYW5rIj48aW1nIHNyYz0iaHR0cHM6Ly9pbWFnZS5yYWt1dGVuLmNvLmpwL2ktb2ZmaWNlMS9jYWJpbmV0L3RrMTEvMjkwNzEwMV8wNS5qcGciICB3aWR0aD0iMzI1IiAvPjwvYT4KPHAgc3R5bGU9InBhZGRpbmc6MCAxMHB4OyBtYXJnaW4tYm90dG9tOjIwcHgiPqH2z7TlqqXNpcOlyLi2pK08L3A+CjwvZGl2Pgo8aW1nIHNyYz0iaHR0cHM6Ly9pbWFnZS5yYWt1dGVuLmNvLmpwL2ktb2ZmaWNlMS9jYWJpbmV0L3RrMTEvMjkzMzMwNV9saW5rLmpwZyIgdXNlbWFwPSIjTWFwMjkzMzMwNV9saW5rIiAvPgo8bWFwIG5hbWU9Ik1hcDI5MzMzMDVfbGluayIgaWQ9Ik1hcDI5MzMzMDVfbGluayI+CiAgPGFyZWEgc2hhcGU9InJlY3QiIGNvb3Jkcz0iMTYsNTIzLDMyNiw1NzEiIGhyZWY9Imh0dHBzOi8vaXRlbS5yYWt1dGVuLmNvLmpwL2ktb2ZmaWNlMS8yOTMzMzI2LyIgLz4KICA8YXJlYSBzaGFwZT0icmVjdCIgY29vcmRzPSIxNyw0NjIsMzI3LDUxMCIgaHJlZj0iaHR0cHM6Ly9pdGVtLnJha3V0ZW4uY28uanAvaS1vZmZpY2UxLzI5MzMzMjQvIiAvPjxhcmVhIHNoYXBlPSJyZWN0IiBjb29yZHM9IjM0Niw0NjIsNjU2LDUxMCIgaHJlZj0iaHR0cHM6Ly9pdGVtLnJha3V0ZW4uY28uanAvaS1vZmZpY2UxLzI5MzMzMjUvIiAvPgogIDxhcmVhIHNoYXBlPSJyZWN0IiBjb29yZHM9IjE3LDQwMSwzMjcsNDQ5IiBocmVmPSJodHRwczovL2l0ZW0ucmFrdXRlbi5jby5qcC9pLW9mZmljZTEvMjkzMzMyMi8iIC8+CiAgPGFyZWEgc2hhcGU9InJlY3QiIGNvb3Jkcz0iMzQ2LDQwMSw2NTYsNDQ5IiBocmVmPSJodHRwczovL2l0ZW0ucmFrdXRlbi5jby5qcC9pLW9mZmljZTEvMjkzMzMyMy8iIC8+CiAgPGFyZWEgc2hhcGU9InJlY3QiIGNvb3Jkcz0iMTcsMjk1LDMyNywzNDMiIGhyZWY9Imh0dHBzOi8vaXRlbS5yYWt1dGVuLmNvLmpwL2ktb2ZmaWNlMS8yOTMzMzIwLyIgLz4KICA8YXJlYSBzaGFwZT0icmVjdCIgY29vcmRzPSIzNDYsMjk1LDY1NiwzNDMiIGhyZWY9Imh0dHBzOi8vaXRlbS5yYWt1dGVuLmNvLmpwL2ktb2ZmaWNlMS8yOTMzNTgwLyIgLz4KICA8YXJlYSBzaGFwZT0icmVjdCIgY29vcmRzPSIzNDYsMjM0LDY1NiwyODIiIGhyZWY9Imh0dHBzOi8vaXRlbS5yYWt1dGVuLmNvLmpwL2ktb2ZmaWNlMS8yOTMzMzE5LyIgLz48YXJlYSBzaGFwZT0icmVjdCIgY29vcmRzPSIxNywyMzQsMzI3LDI4MiIgaHJlZj0iaHR0cHM6Ly9pdGVtLnJha3V0ZW4uY28uanAvaS1vZmZpY2UxLzI5MzMzMTgvIiAvPgogIDxhcmVhIHNoYXBlPSJyZWN0IiBjb29yZHM9IjM0NiwxNzQsNjU2LDIyMiIgaHJlZj0iaHR0cHM6Ly9pdGVtLnJha3V0ZW4uY28uanAvaS1vZmZpY2UxLzI5MzMzMTcvIiAvPjxhcmVhIHNoYXBlPSJyZWN0IiBjb29yZHM9IjE3LDE3NCwzMjcsMjIyIiBocmVmPSJodHRwczovL2l0ZW0ucmFrdXRlbi5jby5qcC9pLW9mZmljZTEvMjkzMzU3OS8iIC8+CjxhcmVhIHNoYXBlPSJyZWN0IiBjb29yZHM9IjM0OCwxMTIsNjU4LDE2MCIgaHJlZj0iaHR0cHM6Ly9pdGVtLnJha3V0ZW4uY28uanAvaS1vZmZpY2UxLzI5MzMzMTYvIiAvPjxhcmVhIHNoYXBlPSJyZWN0IiBjb29yZHM9IjE4LDExMywzMjgsMTYxIiBocmVmPSJodHRwczovL2l0ZW0ucmFrdXRlbi5jby5qcC9pLW9mZmljZTEvMjkzMzMyMS8iIC8+CjwvbWFwPjxicj48YnI+CjxpbWcgc3JjPSJodHRwczovL2ltYWdlLnJha3V0ZW4uY28uanAvaS1vZmZpY2UxL2NhYmluZXQvdGs3L2JlZHBhZF9saW5lLmpwZyIgYWx0PSIiICAgID48YnI+PGJyPgo8aW1nIHNyYz0iaHR0cHM6Ly9pbWFnZS5yYWt1dGVuLmNvLmpwL2ktb2ZmaWNlMS9jYWJpbmV0L3RrNy9iZWRwYWRfbGluay5qcGciIGFsdD0iIiAgIHVzZW1hcD0iI01hcDI5IiAgPgo8bWFwIG5hbWU9Ik1hcDI5IiBpZD0iTWFwMjkiPgogIDxhcmVhIHNoYXBlPSJyZWN0IiBjb29yZHM9IjUxMyw4MjQsNjU5LDg2MCIgaHJlZj0iaHR0cHM6Ly9pdGVtLnJha3V0ZW4uY28uanAvaS1vZmZpY2UxLzI5MzMzOTEvIiAvPgogIDxhcmVhIHNoYXBlPSJyZWN0IiBjb29yZHM9IjUxMyw3ODMsNjU5LDgxOSIgaHJlZj0iaHR0cHM6Ly9pdGVtLnJha3V0ZW4uY28uanAvaS1vZmZpY2UxLzI5MzMzNDMvIiAvPgogIDxhcmVhIHNoYXBlPSJyZWN0IiBjb29yZHM9IjUxNCw3MjYsNjYwLDc2MiIgaHJlZj0iaHR0cHM6Ly9pdGVtLnJha3V0ZW4uY28uanAvaS1vZmZpY2UxLzI5MzMzODYvIiAvPgogIDxhcmVhIHNoYXBlPSJyZWN0IiBjb29yZHM9IjUxNCw2ODEsNjYwLDcxNyIgaHJlZj0iaHR0cHM6Ly9pdGVtLnJha3V0ZW4uY28uanAvaS1vZmZpY2UxLzI5MDAxNzUvIiAvPgogIDxhcmVhIHNoYXBlPSJyZWN0IiBjb29yZHM9IjUxMiw2MjYsNjU4LDY2MiIgaHJlZj0iaHR0cHM6Ly9pdGVtLnJha3V0ZW4uY28uanAvaS1vZmZpY2UxLzI5MzMzODAvIiAvPgogIDxhcmVhIHNoYXBlPSJyZWN0IiBjb29yZHM9IjUxNCw1ODEsNjYwLDYxNyIgaHJlZj0iaHR0cHM6Ly9pdGVtLnJha3V0ZW4uY28uanAvaS1vZmZpY2UxLzI5MzMzMzIvIiAvPgogIDxhcmVhIHNoYXBlPSJyZWN0IiBjb29yZHM9IjUxMiw1MzAsNjU4LDU2NiIgaHJlZj0iaHR0cHM6Ly9pdGVtLnJha3V0ZW4uY28uanAvaS1vZmZpY2UxLzI5MzMzNzUvIiAvPgogIDxhcmVhIHNoYXBlPSJyZWN0IiBjb29yZHM9IjUxMyw0ODUsNjU5LDUyMSIgaHJlZj0iaHR0cHM6Ly9pdGVtLnJha3V0ZW4uY28uanAvaS1vZmZpY2UxLzI5MzMzMjcvIiAvPgogIDxhcmVhIHNoYXBlPSJyZWN0IiBjb29yZHM9IjUxMyw0MjYsNjU5LDQ2MiIgaHJlZj0iaHR0cHM6Ly9pdGVtLnJha3V0ZW4uY28uanAvaS1vZmZpY2UxLzI5MDcyMDEvIiAvPgogIDxhcmVhIHNoYXBlPSJyZWN0IiBjb29yZHM9IjUxNCwzODQsNjYwLDQyMCIgaHJlZj0iaHR0cHM6Ly9pdGVtLnJha3V0ZW4uY28uanAvaS1vZmZpY2UxLzI5MzMzMTYvIiAvPgogIDxhcmVhIHNoYXBlPSJyZWN0IiBjb29yZHM9IjUxNCwzMjcsNjYwLDM2MyIgaHJlZj0iaHR0cHM6Ly9pdGVtLnJha3V0ZW4uY28uanAvaS1vZmZpY2UxLzI5MzMzNTkvIiAvPgogIDxhcmVhIHNoYXBlPSJyZWN0IiBjb29yZHM9IjUxMSwyODYsNjU3LDMyMiIgaHJlZj0iaHR0cHM6Ly9pdGVtLnJha3V0ZW4uY28uanAvaS1vZmZpY2UxLzI5MzMzMTEvIiAvPgogIDxhcmVhIHNoYXBlPSJyZWN0IiBjb29yZHM9IjUxMiwyMjYsNjU4LDI2MiIgaHJlZj0iaHR0cHM6Ly9pdGVtLnJha3V0ZW4uY28uanAvaS1vZmZpY2UxLzI5MDcxMDEvIiAvPgogIDxhcmVhIHNoYXBlPSJyZWN0IiBjb29yZHM9IjUxMywxODIsNjU5LDIxOCIgaHJlZj0iaHR0cHM6Ly9pdGVtLnJha3V0ZW4uY28uanAvaS1vZmZpY2UxLzI5MzMzMDAvIiAvPgo8L21hcD4KPGJyPgo8YnI+PEJSPjxCUj48aWZyYW1lIHNyYz0iaHR0cHM6Ly93d3cucmFrdXRlbi5uZS5qcC9nb2xkL2thZ3VtYXJ1LzAzMy9mcmFuY2ViZWRfY2F0X2ktb2ZmaWNlMS5odG1sIiB3aWR0aD0iNjg1IiBoZWlnaHQ9IjIzMDAiIGZyYW1lYm9yZGVyPSIwIiBzY3JvbGxpbmc9Im5vIj4KpKrKuaSkpM6l1qXppaaltqTPpaSl86XppaSl86XVpeypYKXgpMvOtIydj+qkzqTopKakx6S5oaMKpKrK1sr9pMekuaSspLOkzrK/t9akzyBpZnJhbWUgjJ2P6qTOpdal6aWmpbakx9KKpMakr6TApLWkpKGjPGJyPgo8L2lmcmFtZT48QlI+PEJSPjxCUj48cCBzdHlsZT0iY29sb3I6I0ZGMDAwMDsiPqH5m1+/ST/reI11P9K7sr/faLj0tdik2KTOpKq97KSxpM+z9sC0pN6ku6TzoaM8QlI+CjxwIGNsYXNzPSJkZWxpdl9mZWVfaG9rdSI+sbG6o7XApNikzsXky82kz4Rlzb7LzcHPpKykq6SrpOqk3qS5oaM8YnI+sbG6o7XAy83Bz6O6ob6xsTOhv6W/paSl1zwvcD4KofmVculn1ri2qKTPMbHjo6g5LTE0lXKjqaGiMrHjo6gxMi0xOJVyo6mhor1LyNWx46OoOS0xOJVyo6mkzqTfpMikyqTqpN6kuaGjPEJSPgo/tdjT8qTLpOikw6TGxeTLzaTO6tfI1aSsz962qKS1pOyk64j2us+k5KGilXLpZ9a4tqikrLPQpOykyqSkiPa6z6SspLSktqSkpN6kuaGjPEJSPgo8QlI+PHAgc3R5bGU9ImNvbG9yOiNGRjAwMDA7Ij6h+aXVpeml86W5pdmlw6XJyefRdca3pM+huMrc16LJ+q5iobmkyKTKpOqk3qS5oaOwa8vNpN6kxzLfTOlns8ykqpVy6Wek8u2UpK+I9rrPpKyktKS2pKSk3qS5oaOkyaSmpKuktMHLs9DPwqS1pKShozwvcD48aHIgc3R5bGU9ImJvcmRlcjogbm9uZTsgYm9yZGVyLXRvcDogZGFzaGVkIDFweCAjMDAwMDAwO2hlaWdodDogMXB4OyBjb2xvcjogI2ZmZmZmZjsiPsnMxreltaWkpbqjurf5ODWhwbDC0NAxOTVjbTxCUj6hvqXZpcOlyaXRpcOlyaG/ocExw7Yoz7TlqqXNpcOlyLi2KTxicj4K1JGk4c7voaHTorn6rmLR8sOrMTAwJTxicj4Kgsi12KGhpd2l6qWopbmlxqXrODAloaG+ZDIwJTxicj4KyfquYrn6o7rW0Ln6PEJSPgrW2MG/o7oKMC42a2c8QlI+CjxociBzdHlsZT0iYm9yZGVyOiBub25lOyBib3JkZXItdG9wOiBkYXNoZWQgMXB4ICMwMDAwMDA7aGVpZ2h0OiAxcHg7IGNvbG9yOiAjZmZmZmZmOyI+06K5+q5ipaapYKXrMTAwo6WkzqXZpcOlyaXRpcOlyaTPoaLM7Mi7v42+U6THzvzKqrBryaLQ1KTLg56k7KTGpKqk6qGiz8Skz7q5pPKkv6TDpNek6s78pKTIoaTDpMahoqW1pemlw6TIpLekv7yhtKWk6qGjtqykz7/Vmt2k8qS/pMOk16Tq6V2kuN56pOGkxrGjzsKkt6TepLmho6TepL+hos+05aqlzaXDpcikrLi2pKSkxqSqpOqhoqS0vNLNpaTHzejPtKSkv8nE3KTHpLmhozxzdHlsZSB0eXBlPSJ0ZXh0L2NzcyI+CiNyYW5raW5nX2l0ZW1wYWdlX3JtcyB7CndpZHRoOjY4MHB4Owpmb250LXNpemU6MTJweDsKYm9yZGVyOnNvbGlkIDVweCAjRkZCNDAwOwpiYWNrZ3JvdW5kOiAjZmZmCn0KCiNyYW5raW5nX2l0ZW1wYWdlX3JtcyBkaXYgewpiYWNrZ3JvdW5kOiB1cmwoaHR0cDovL3d3dy5yYWt1dGVuLm5lLmpwL2dvbGQvaS1vZmZpY2UxL2ltYWdlcy9iYWNrX3Jhbmtpbmdfcm1zLnBuZykgbm8tcmVwZWF0Owpib3JkZXItdG9wOnNvbGlkIDVweCAjRkZCNDAwOwp9CgojcmFua2luZ19pdGVtcGFnZV9ybXMgYSB7CnRleHQtZGVjb3JhdGlvbjpub25lOwp9CgojcmFua2luZ19pdGVtcGFnZV9ybXMgaW1nIHsKYm9yZGVyOjAKfQoKI3JhbmtpbmdfaXRlbXBhZ2Vfcm1zIGE6aG92ZXIgewp0ZXh0LWRlY29yYXRpb246dW5kZXJsaW5lCn0KCiNyYW5raW5nX2l0ZW1wYWdlX3JtcyAudGl0bGUgewpwYWRkaW5nLXRvcDoyMHB4OwptYXJnaW46MAp9CgojcmFua2luZ19pdGVtcGFnZV9ybXMgLnRpdGxlIGltZyB7CndpZHRoOjk2LjUlOwpwYWRkaW5nLWxlZnQ6MiUKfQoKI3JhbmtpbmdfaXRlbXBhZ2Vfcm1zIHVsIHsKbWFyZ2luOjA7CnBhZGRpbmc6MiU7Cn0KCiNyYW5raW5nX2l0ZW1wYWdlX3JtcyBsaSB7CndpZHRoOjE4JTsKbWFyZ2luLXJpZ2h0OjIlOwpsaXN0LXN0eWxlOiBub25lOwpmbG9hdDpsZWZ0OwpsaW5lLWhlaWdodDoxLjY7Cn0KCiNyYW5raW5nX2l0ZW1wYWdlX3JtcyAucmFua2ljb24gewp3aWR0aDo2NXB4OwptYXJnaW4tYm90dG9tOjEwcHgKfQoKI3JhbmtpbmdfaXRlbXBhZ2Vfcm1zIGxpOm50aC1jaGlsZCgxKSB7CndpZHRoOjIwJTsKfQoKI3JhbmtpbmdfaXRlbXBhZ2Vfcm1zIGxpOm50aC1jaGlsZCg1KSB7Cm1hcmdpbi1yaWdodDowCn0KCiNyYW5raW5nX2l0ZW1wYWdlX3JtcyBsaSBpbWcgewp3aWR0aDoxMDAlCn0KCiNyYW5raW5nX2l0ZW1wYWdlX3JtcyBsaSBwIHsKZGlzcGxheTpibG9jazsKbWFyZ2luOjAKfQoKI3JhbmtpbmdfaXRlbXBhZ2Vfcm1zIGxpIGEgewpjb2xvcjojNTc5REU1Cn0KCiNyYW5raW5nX2l0ZW1wYWdlX3JtcyBsaSBwLml0ZW1fbmFtZSB7CmZvbnQtc2l6ZToxMXB4OwpoZWlnaHQ6NjBweAp9CgojcmFua2luZ19pdGVtcGFnZV9ybXMgbGk6bnRoLWNoaWxkKDEpIHAuaXRlbV9uYW1lIHsKaGVpZ2h0OjYwcHgKfQoKI3JhbmtpbmdfaXRlbXBhZ2Vfcm1zIGxpIHAucHJpY2Ugewpmb250LXNpemU6MTRweDsKZm9udC13ZWlnaHQ6Ym9sZDsKY29sb3I6I0ZGMDAwMDsKfQoKLyrZSaSkzu+lq6W0pdylv6XzKi8KI3Jha3V0ZW5MaW1pdGVkSWRfYXJvdW5kQ2FydCBpbnB1dFt2YWx1ZT0i2UmkpM7vpKuktKTLyOuk7KTrIl0sIGlucHV0W3ZhbHVlPSLT6LxzpLmk6yJdCiB7CndpZHRoOiAyMzNweDsKaGVpZ2h0OiA1MnB4OwpiYWNrZ3JvdW5kOnVybChodHRwOi8vaW1hZ2UucmFrdXRlbi5jby5qcC9pLW9mZmljZTEvY2FiaW5ldC8wMzk0MjAzNy9jYXJ0LmdpZikgI2ZjZmNmYyBuby1yZXBlYXQ7Cm92ZXJmbG93OiBoaWRkZW47CmJvcmRlci13aWR0aDogMHB4OwpjdXJzb3I6IHBvaW50ZXIgIWltcG9ydGFudDsKdGV4dC1pbmRlbnQ6IDE1MCU7CndoaXRlLXNwYWNlOiBub3dyYXA7Cm1hcmdpbjogNXB4IDAgMCAwOwp9CgoKLyqCgMr9yOvBpiovCiNyYWt1dGVuTGltaXRlZElkX2Fyb3VuZENhcnQgaW5wdXQjdW5pdHMgewpib3JkZXI6c29saWQgI2NjYyAxcHg7CmJhY2tncm91bmQ6I2ZmZiFpbXBvcnRhbnQ7CmN1cnNvcjphdXRvOwp0ZXh0LWluZGVudDogMHB4OwpvdmVyZmxvdzogaGlkZGVuOwp9CgojcmFrdXRlbkxpbWl0ZWRJZF9hcm91bmRDYXJ0ICogewpmb250LWZhbWlseTogIqPNo9Mgo9CltKW3pcOlryIsc2Fucy1zZXJpZiAhaW1wb3J0YW50Owp9CgojcmFrdXRlbkxpbWl0ZWRJZF9hcm91bmRDYXJ0ICNzZXJ2aWNlVGFibGVTbWwgdGQuZmF2b3JpdGUgewp3aWR0aDogMzAwcHggIWltcG9ydGFudDsKfQoKLyqlq6lgpcjJzMa3t6y6xSovCnNwYW4uaXRlbV9udW1iZXJfdGl0bGUgewpiYWNrZ3JvdW5kOiBub25lIHJlcGVhdCBzY3JvbGwgMCAwICMzYjU5OTg7CmNvbG9yOiAjZmZmOwpkaXNwbGF5OiBibG9jazsKZmxvYXQ6IGxlZnQ7Cm1hcmdpbi1ib3R0b206IDIwcHg7CnBhZGRpbmc6IDNweCA2cHg7CmZvbnQtc2l6ZTogMTAwJSAhaW1wb3J0YW50Owp9CgpzcGFuLml0ZW1fbnVtYmVyIHsKYm9yZGVyOiAxcHggc29saWQgIzNiNTk5ODsKY29sb3I6ICMwMDAwMDA7CmRpc3BsYXk6IGJsb2NrOwpmb250LXdlaWdodDogYm9sZDsKbGV0dGVyLXNwYWNpbmc6IDAuMWVtOwptYXJnaW4tYm90dG9tOiAyMHB4OwptYXJnaW4tbGVmdDogLTAuNWVtOwpwYWRkaW5nOiAycHggOHB4Owp9Cgo8L3N0eWxlPgoKPGRpdiBpZD0icmFua2luZ19pdGVtcGFnZV9ybXMiPgo8ZGl2Pgo8cCBjbGFzcz0idGl0bGUiPjxpbWcgc3JjPSJodHRwOi8vd3d3LnJha3V0ZW4ubmUuanAvZ29sZC9pLW9mZmljZTEvaW1hZ2VzL3RpdGxlX3Jhbmtpbmdfcm1zLnBuZyIgLz48L3A+Cjx1bD4KPGxpPjxpbWcgc3JjPSJodHRwOi8vd3d3LnJha3V0ZW4ubmUuanAvZ29sZC9pLW9mZmljZTEvaW1hZ2VzL3JhbmtpY29uMV9yYW5raW5nX3Jtcy5wbmciIGNsYXNzPSJyYW5raWNvbiIgLz48aW1nIHNyYz0iaHR0cDovL2ltYWdlLnJha3V0ZW4uY28uanAvaS1vZmZpY2UxL2NhYmluZXQvdGFrZTkvMjMzMDAwMjIuanBnIiAvPjxwIGNsYXNzPSJpdGVtX25hbWUiPqG+yNWxvtF1ob/N6M+0pKRPS6Oh0fLDqzEwMKOlyrnTw6Ohz/uz9KWmqWCl67fzpK2l0aXDpck8L3A+PHAgY2xhc3M9InByaWNlIj41LDk4MIPSPC9wPjwvbGk+CjxsaT48aW1nIHNyYz0iaHR0cDovL3d3dy5yYWt1dGVuLm5lLmpwL2dvbGQvaS1vZmZpY2UxL2ltYWdlcy9yYW5raWNvbjJfcmFua2luZ19ybXMucG5nIiBjbGFzcz0icmFua2ljb24iIC8+PGltZyBzcmM9Imh0dHA6Ly9pbWFnZS5yYWt1dGVuLmNvLmpwL2ktb2ZmaWNlMS9jYWJpbmV0L3RrOS8xMTIwMTIxNC5qcGciIC8+PHAgY2xhc3M9Iml0ZW1fbmFtZSI+pNWk76TVpO+l3qW3peWl3qXtpb+lw6XBoe+koqTDpL+kq6XepaSlr6XtpdWloaWkpdCpYLfzpdGlw6XJPC9wPjxwIGNsYXNzPSJwcmljZSI+MiwyOTGD0jwvcD48L2xpPgo8bGk+PGltZyBzcmM9Imh0dHA6Ly93d3cucmFrdXRlbi5uZS5qcC9nb2xkL2ktb2ZmaWNlMS9pbWFnZXMvcmFua2ljb24zX3Jhbmtpbmdfcm1zLnBuZyIgY2xhc3M9InJhbmtpY29uIiAvPjxpbWcgc3JjPSJodHRwOi8vaW1hZ2UucmFrdXRlbi5jby5qcC9pLW9mZmljZTEvY2FiaW5ldC90azkvMTEyMDA2NzcuanBnIiAvPjxwIGNsYXNzPSJpdGVtX25hbWUiPqTVpO+k1aTvpd6lt6Xlpd6l7aW/pcOlwaHvpKKkw6S/pKul3qWkpa+l7aXVpaGlpKXQqWDDq7K8PC9wPjxwIGNsYXNzPSJwcmljZSI+MiwyOTGD0jwvcD48L2xpPgo8bGk+PGltZyBzcmM9Imh0dHA6Ly93d3cucmFrdXRlbi5uZS5qcC9nb2xkL2ktb2ZmaWNlMS9pbWFnZXMvcmFua2ljb240X3Jhbmtpbmdfcm1zLnBuZyIgY2xhc3M9InJhbmtpY29uIiAvPjxpbWcgc3JjPSJodHRwOi8vaW1hZ2UucmFrdXRlbi5jby5qcC9pLW9mZmljZTEvY2FiaW5ldC90Ym01LzE0MDUxMDIyLmpwZyIgLz48cCBjbGFzcz0iaXRlbV9uYW1lIj6hvqWipeSlyKW5ob9maW5sYXlzb24gpdGl86XAsfql6qXQqWClt6XWpevDq7K8ob6WfL6pzve0qKG/PC9wPjxwIGNsYXNzPSJwcmljZSI+OCw2NDCD0jwvcD48L2xpPgo8bGk+PGltZyBzcmM9Imh0dHA6Ly93d3cucmFrdXRlbi5uZS5qcC9nb2xkL2ktb2ZmaWNlMS9pbWFnZXMvcmFua2ljb241X3Jhbmtpbmdfcm1zLnBuZyIgY2xhc3M9InJhbmtpY29uIiAvPjxpbWcgc3JjPSJodHRwOi8vaW1hZ2UucmFrdXRlbi5jby5qcC9pLW9mZmljZTEvY2FiaW5ldC9pY2hpMTIvMzg1MDA3NC5qcGciIC8+PHAgY2xhc3M9Iml0ZW1fbmFtZSI+ob7dWMG/ob/T8MOrpM4ysbakoqS/pL+kq6Sko6Glt6XzpbWl7KlgpcilpqXrpcil6ZLspLGyvIfiPC9wPjxwIGNsYXNzPSJwcmljZSI+NSw5ODCD0jwvcD48L2xpPgoKCjxiciBzdHlsZT0iY2xlYXI6Ym90aCIgLz4KPC91bD4KPC9kaXY+CgoKPC9kaXY+,pdWl6aXzpbml2aXDpckgpaalqaXDpbel46XWpesg0fLDq6XZpcOlyaXRpcOlySClu6Xfpbel86WwpesgzvzKqj+wa8mipMuDnqTspL+l6Klgpe2lw6XRrmIgz7SkqKTrINHyw6sgMTAwJSCl2aXDpcml0aXDpckgpbul36W3pfOlsKXrILfzpdGlw6XJILfzpK2l0aXDpcnRdSBmcmFuY2ViZWQgpaapYKXrMTAwo6WjurzSvt+kzqWkpfOlxqXqpaKlqqXVpaOluaXvpfM=,pdmlw6XJpb2l1aWhqWCl1aXppfOluaXZpcOlybzSvt8gzajYnMfevt+yvIfipaupYKXapcOlyKXHpbmlr6XBpaeloqlgpcapYKXWpeuFp7x7vNK+36W9pdWloalgpdmlw6XJpcal7KXTzKjX+dLO19PS/dS9pLfQwr7TpaupYKXGpfOlpKXzpcal6qWipbel56XDpdel1aXppfOluaXZpcOlySClpqWppcOlt6Xjpdal6yDR8sOrpdmlw6XJpdGlw6XJIKW7pd+lt6XzpbCl6yDO/MqqP7BryaKky4OepOykv6XoqWCl7aXDpdGuYiDPtKSopOsg0fLDqyAxMDAlIKXZpcOlyaXRpcOlySClu6Xfpbel86Wwpesgt/Ol0aXDpckgt/OkraXRpcOlydF1IGZyYW5jZWJlZCClpqlgpesxMDCjpQ==,paalqaXDpbel46XWpesg0fLDq6XZpcOlyaXRpcOlySClu6Xfpbel86Wwpeuho6XVpeml86W5pdmlw6XJIKWmpamlw6W3peOl1qXrINHyw6ul2aXDpcml0aXDpckgpbul36W3pfOlsKXrIM78yqo/sGvJoqTLg56k7KS/peipYKXtpcOl0a5iIM+0pKik6yDR8sOrIDEwMCUgpdmlw6XJpdGlw6XJIKW7pd+lt6XzpbCl6yC386XRpcOlySC386StpdGlw6XJ0XUgZnJhbmNlYmVkIKWmqWCl6zEwMKOl[rn]
40-32995,aHR0cDovL3RzaG9wLnIxMHMuanAvaS1vZmZpY2UxL2NhYmluZXQvdGsxMS8yOTMzNTc5LmpwZz9maXRpbj03MDA6NzAw,MTI5NjAuMDAwMA==,,paSl86XGpeqloj/H3r7fP4WnvHsgPiDH3r7fID4gpdmlw6XJpdGlw6XJ,pdWl6aXzpbml2aXDpckgpaalqaXDpbel46XWpesg0fLDq6XZpcOlyaXRpcOlySCl76Wkpcmlt6XzpbCl6yDO/MqqP7BryaKky4OepOykv6XoqWCl7aXDpdGuYiDPtKSopOsg0fLDqyAxMDAlIKXZpcOlyaXRpcOlySClu6Xfpbel86Wwpesgt/Ol0aXDpckgt/OkraXRpcOlydF1IGZyYW5jZWJlZCClpqlgpesxMDCjpQ==,paalqaXDpbel46XWpesg0fLDq6XZpcOlyaXRpcOlySCl76Wkpcmlt6XzpbCl6w==,Cgo8ZGl2IHN0eWxlPSJ3aWR0aDo2NzBweDsgZm9udC1zaXplOjE2cHg7IGxpbmUtaGVpZ2h0OjEuNjsgZm9udC1mYW1pbHk6J0hpcmFnaW5vIEtha3UgR290aGljIFByb04nLCBNZWlyeW8sIHNhbnMtc2VyaWY7IGNvbG9yOiMzMzMiPgogIDxpbWcgc3JjPSJodHRwczovL2ltYWdlLnJha3V0ZW4uY28uanAvaS1vZmZpY2UxL2NhYmluZXQvdGsxMS8yOTMzNTc5LmpwZyIgYWx0PSKl1aXppfOluaXZpcOlyaGh0fLDq6XZpcOlyaXRpcOlySult6lgpcQyteOlu6XDpcgiIC8+CiAgPGg0IHN0eWxlPSJib3JkZXItbGVmdDpzb2xpZCA4cHggIzMzMzsgcGFkZGluZy1sZWZ0OjIwcHg7IGZvbnQtc2l6ZToxOHB4Ij6ktaTvpOrQxLXYpKyk6KTqpb2l1aXIpMukyqTDpL+hotOiufquYtHyw6ul2aXDpcml0aXDpcmlt6XqqWCluqGjPC9oND4KPGltZyBzcmM9Imh0dHBzOi8vaW1hZ2UucmFrdXRlbi5jby5qcC9pLW9mZmljZTEvY2FiaW5ldC90azExLzI5MDcyMDFfMDYuanBnIiAvPjxCUj4KPGltZyBzcmM9Imh0dHBzOi8vaW1hZ2UucmFrdXRlbi5jby5qcC9pLW9mZmljZTEvY2FiaW5ldC90azExLzI5MDcyMDFfMDUuanBnIiAvPgo8cCBzdHlsZT0icGFkZGluZzowIDEwcHg7IG1hcmdpbi1ib3R0b206MjBweCI+06K5+q5ipaapYKXrMTAwo6WkzqXZpcOlyaXRpcOlyaTPoaLM7Mi7v42+U6THzvzKqrBryaLQ1KTLg56k7KTGpKqk6qGiz8Skz7q5pPKkv6TDpNek6s78pKTIoaTDpMahoqW1pemlw6TIpLekv7yhtKWk6qGjtqykz7/Vmt2k8qS/pMOk16Tq6V2kuN56pOGkxrGjzsKkt6TepLmho6TepL+hos+05aqlzaXDpcikrLi2pKSkxqSqpOqhoqS0vNLNpaTHzejPtKSkv8nE3KTHpLmhozwvcD4KCjxkaXYgc3R5bGU9IndpZHRoOjMyNXB4OyBmbG9hdDpsZWZ0OyBtYXJnaW4tcmlnaHQ6MjBweCI+CjxhIGhyZWY9InRrMTEvMjkwNzIwMV8wMi5qcGciIHN0eWxlPSJjdXJzb3I6dXJsKGh0dHBzOi8vd3d3LnJha3V0ZW4ubmUuanAvZ29sZC9pLW9mZmljZTEvc2VhcmNoLnBuZyksIHBvaW50ZXI7IiB0YXJnZXQ9Il9ibGFuayI+PGltZyBzcmM9Imh0dHBzOi8vaW1hZ2UucmFrdXRlbi5jby5qcC9pLW9mZmljZTEvY2FiaW5ldC90azExLzI5MDcyMDFfMDIuanBnIiAgd2lkdGg9IjMyNSIgLz48L2E+CjxwIHN0eWxlPSJwYWRkaW5nOjAgMTBweDsgbWFyZ2luLWJvdHRvbToyMHB4Ij6h9rSlpOrQxLXYpKyk6KTqpb2l1aXIpMs8QlI+pdmlw6XJpdGlw6XJpM60paTq0MS12KSsyOGk6aSrpK+lvaXVpciky6TKpOqhoqXepcOlyKXspbmkzsfe0MS12KTyk3CkyqSkpN6ku6TzoaM8L3A+CjwvZGl2PgoKPGRpdiBzdHlsZT0id2lkdGg6MzI1cHg7IGZsb2F0OmxlZnQiPgo8YSBocmVmPSJ0azExLzI5MDcyMDFfMDMuanBnIiBzdHlsZT0iY3Vyc29yOnVybChodHRwczovL3d3dy5yYWt1dGVuLm5lLmpwL2dvbGQvaS1vZmZpY2UxL3NlYXJjaC5wbmcpLCBwb2ludGVyOyIgdGFyZ2V0PSJfYmxhbmsiPjxpbWcgc3JjPSJodHRwczovL2ltYWdlLnJha3V0ZW4uY28uanAvaS1vZmZpY2UxL2NhYmluZXQvdGsxMS8yOTA3MjAxXzAzLmpwZyIgIHdpZHRoPSIzMjUiIC8+PC9hPgo8cCBzdHlsZT0icGFkZGluZzowIDEwcHg7IG1hcmdpbi1ib3R0b206MjBweCI+ofbW0L5kpM9bIDxiPtOiufquYtHyw6s8L2I+IF2+ZKTyMTAwo6WS8dPDPEJSPgql2aXDpcml0aXDpcmkztbQvmSky9OiufrR8sOrKKW1pdWlqalgpa+3Timk8jEwMKOlyrnTw6GjICA8L3A+CjwvZGl2Pgo8ZGl2IHN0eWxlPSJ3aWR0aDozMjVweDsgZmxvYXQ6bGVmdDsgbWFyZ2luLXJpZ2h0OjIwcHgiPgo8YSBocmVmPSJ0azExLzI5MDcyMDFfMDQuanBnIiBzdHlsZT0iY3Vyc29yOnVybChodHRwczovL3d3dy5yYWt1dGVuLm5lLmpwL2dvbGQvaS1vZmZpY2UxL3NlYXJjaC5wbmcpLCBwb2ludGVyOyIgdGFyZ2V0PSJfYmxhbmsiPjxpbWcgc3JjPSJodHRwczovL2ltYWdlLnJha3V0ZW4uY28uanAvaS1vZmZpY2UxL2NhYmluZXQvdGsxMS8yOTA3MjAxXzA0LmpwZyIgIHdpZHRoPSIzMjUiIC8+PC9hPgo8cCBzdHlsZT0icGFkZGluZzowIDEwcHg7IG1hcmdpbi1ib3R0b206MjBweCI+ofaluqXst8DWuaTOy8TT56W0peC4tqStPC9wPgo8L2Rpdj4KCjxkaXYgc3R5bGU9IndpZHRoOjMyNXB4OyBmbG9hdDpsZWZ0Ij4KPGEgaHJlZj0idGsxMS8yOTA3MTAxXzA1LmpwZyIgc3R5bGU9ImN1cnNvcjp1cmwoaHR0cHM6Ly93d3cucmFrdXRlbi5uZS5qcC9nb2xkL2ktb2ZmaWNlMS9zZWFyY2gucG5nKSwgcG9pbnRlcjsiIHRhcmdldD0iX2JsYW5rIj48aW1nIHNyYz0iaHR0cHM6Ly9pbWFnZS5yYWt1dGVuLmNvLmpwL2ktb2ZmaWNlMS9jYWJpbmV0L3RrMTEvMjkwNzEwMV8wNS5qcGciICB3aWR0aD0iMzI1IiAvPjwvYT4KPHAgc3R5bGU9InBhZGRpbmc6MCAxMHB4OyBtYXJnaW4tYm90dG9tOjIwcHgiPqH2z7TlqqXNpcOlyLi2pK08L3A+CjwvZGl2Pgo8aW1nIHNyYz0iaHR0cHM6Ly9pbWFnZS5yYWt1dGVuLmNvLmpwL2ktb2ZmaWNlMS9jYWJpbmV0L3RrMTEvMjkzMzMwNV9saW5rLmpwZyIgdXNlbWFwPSIjTWFwMjkzMzMwNV9saW5rIiAvPgo8bWFwIG5hbWU9Ik1hcDI5MzMzMDVfbGluayIgaWQ9Ik1hcDI5MzMzMDVfbGluayI+CiAgPGFyZWEgc2hhcGU9InJlY3QiIGNvb3Jkcz0iMTYsNTIzLDMyNiw1NzEiIGhyZWY9Imh0dHBzOi8vaXRlbS5yYWt1dGVuLmNvLmpwL2ktb2ZmaWNlMS8yOTMzMzI2LyIgLz4KICA8YXJlYSBzaGFwZT0icmVjdCIgY29vcmRzPSIxNyw0NjIsMzI3LDUxMCIgaHJlZj0iaHR0cHM6Ly9pdGVtLnJha3V0ZW4uY28uanAvaS1vZmZpY2UxLzI5MzMzMjQvIiAvPjxhcmVhIHNoYXBlPSJyZWN0IiBjb29yZHM9IjM0Niw0NjIsNjU2LDUxMCIgaHJlZj0iaHR0cHM6Ly9pdGVtLnJha3V0ZW4uY28uanAvaS1vZmZpY2UxLzI5MzMzMjUvIiAvPgogIDxhcmVhIHNoYXBlPSJyZWN0IiBjb29yZHM9IjE3LDQwMSwzMjcsNDQ5IiBocmVmPSJodHRwczovL2l0ZW0ucmFrdXRlbi5jby5qcC9pLW9mZmljZTEvMjkzMzMyMi8iIC8+CiAgPGFyZWEgc2hhcGU9InJlY3QiIGNvb3Jkcz0iMzQ2LDQwMSw2NTYsNDQ5IiBocmVmPSJodHRwczovL2l0ZW0ucmFrdXRlbi5jby5qcC9pLW9mZmljZTEvMjkzMzMyMy8iIC8+CiAgPGFyZWEgc2hhcGU9InJlY3QiIGNvb3Jkcz0iMTcsMjk1LDMyNywzNDMiIGhyZWY9Imh0dHBzOi8vaXRlbS5yYWt1dGVuLmNvLmpwL2ktb2ZmaWNlMS8yOTMzMzIwLyIgLz4KICA8YXJlYSBzaGFwZT0icmVjdCIgY29vcmRzPSIzNDYsMjk1LDY1NiwzNDMiIGhyZWY9Imh0dHBzOi8vaXRlbS5yYWt1dGVuLmNvLmpwL2ktb2ZmaWNlMS8yOTMzNTgwLyIgLz4KICA8YXJlYSBzaGFwZT0icmVjdCIgY29vcmRzPSIzNDYsMjM0LDY1NiwyODIiIGhyZWY9Imh0dHBzOi8vaXRlbS5yYWt1dGVuLmNvLmpwL2ktb2ZmaWNlMS8yOTMzMzE5LyIgLz48YXJlYSBzaGFwZT0icmVjdCIgY29vcmRzPSIxNywyMzQsMzI3LDI4MiIgaHJlZj0iaHR0cHM6Ly9pdGVtLnJha3V0ZW4uY28uanAvaS1vZmZpY2UxLzI5MzMzMTgvIiAvPgogIDxhcmVhIHNoYXBlPSJyZWN0IiBjb29yZHM9IjM0NiwxNzQsNjU2LDIyMiIgaHJlZj0iaHR0cHM6Ly9pdGVtLnJha3V0ZW4uY28uanAvaS1vZmZpY2UxLzI5MzMzMTcvIiAvPjxhcmVhIHNoYXBlPSJyZWN0IiBjb29yZHM9IjE3LDE3NCwzMjcsMjIyIiBocmVmPSJodHRwczovL2l0ZW0ucmFrdXRlbi5jby5qcC9pLW9mZmljZTEvMjkzMzU3OS8iIC8+CjxhcmVhIHNoYXBlPSJyZWN0IiBjb29yZHM9IjM0OCwxMTIsNjU4LDE2MCIgaHJlZj0iaHR0cHM6Ly9pdGVtLnJha3V0ZW4uY28uanAvaS1vZmZpY2UxLzI5MzMzMTYvIiAvPjxhcmVhIHNoYXBlPSJyZWN0IiBjb29yZHM9IjE4LDExMywzMjgsMTYxIiBocmVmPSJodHRwczovL2l0ZW0ucmFrdXRlbi5jby5qcC9pLW9mZmljZTEvMjkzMzMyMS8iIC8+CjwvbWFwPjxicj48YnI+CjxpbWcgc3JjPSJodHRwczovL2ltYWdlLnJha3V0ZW4uY28uanAvaS1vZmZpY2UxL2NhYmluZXQvdGs3L2JlZHBhZF9saW5lLmpwZyIgYWx0PSIiICAgID48YnI+PGJyPgo8aW1nIHNyYz0iaHR0cHM6Ly9pbWFnZS5yYWt1dGVuLmNvLmpwL2ktb2ZmaWNlMS9jYWJpbmV0L3RrNy9iZWRwYWRfbGluay5qcGciIGFsdD0iIiAgIHVzZW1hcD0iI01hcDI5IiAgPgo8bWFwIG5hbWU9Ik1hcDI5IiBpZD0iTWFwMjkiPgogIDxhcmVhIHNoYXBlPSJyZWN0IiBjb29yZHM9IjUxMyw4MjQsNjU5LDg2MCIgaHJlZj0iaHR0cHM6Ly9pdGVtLnJha3V0ZW4uY28uanAvaS1vZmZpY2UxLzI5MzMzOTEvIiAvPgogIDxhcmVhIHNoYXBlPSJyZWN0IiBjb29yZHM9IjUxMyw3ODMsNjU5LDgxOSIgaHJlZj0iaHR0cHM6Ly9pdGVtLnJha3V0ZW4uY28uanAvaS1vZmZpY2UxLzI5MzMzNDMvIiAvPgogIDxhcmVhIHNoYXBlPSJyZWN0IiBjb29yZHM9IjUxNCw3MjYsNjYwLDc2MiIgaHJlZj0iaHR0cHM6Ly9pdGVtLnJha3V0ZW4uY28uanAvaS1vZmZpY2UxLzI5MzMzODYvIiAvPgogIDxhcmVhIHNoYXBlPSJyZWN0IiBjb29yZHM9IjUxNCw2ODEsNjYwLDcxNyIgaHJlZj0iaHR0cHM6Ly9pdGVtLnJha3V0ZW4uY28uanAvaS1vZmZpY2UxLzI5MDAxNzUvIiAvPgogIDxhcmVhIHNoYXBlPSJyZWN0IiBjb29yZHM9IjUxMiw2MjYsNjU4LDY2MiIgaHJlZj0iaHR0cHM6Ly9pdGVtLnJha3V0ZW4uY28uanAvaS1vZmZpY2UxLzI5MzMzODAvIiAvPgogIDxhcmVhIHNoYXBlPSJyZWN0IiBjb29yZHM9IjUxNCw1ODEsNjYwLDYxNyIgaHJlZj0iaHR0cHM6Ly9pdGVtLnJha3V0ZW4uY28uanAvaS1vZmZpY2UxLzI5MzMzMzIvIiAvPgogIDxhcmVhIHNoYXBlPSJyZWN0IiBjb29yZHM9IjUxMiw1MzAsNjU4LDU2NiIgaHJlZj0iaHR0cHM6Ly9pdGVtLnJha3V0ZW4uY28uanAvaS1vZmZpY2UxLzI5MzMzNzUvIiAvPgogIDxhcmVhIHNoYXBlPSJyZWN0IiBjb29yZHM9IjUxMyw0ODUsNjU5LDUyMSIgaHJlZj0iaHR0cHM6Ly9pdGVtLnJha3V0ZW4uY28uanAvaS1vZmZpY2UxLzI5MzMzMjcvIiAvPgogIDxhcmVhIHNoYXBlPSJyZWN0IiBjb29yZHM9IjUxMyw0MjYsNjU5LDQ2MiIgaHJlZj0iaHR0cHM6Ly9pdGVtLnJha3V0ZW4uY28uanAvaS1vZmZpY2UxLzI5MDcyMDEvIiAvPgogIDxhcmVhIHNoYXBlPSJyZWN0IiBjb29yZHM9IjUxNCwzODQsNjYwLDQyMCIgaHJlZj0iaHR0cHM6Ly9pdGVtLnJha3V0ZW4uY28uanAvaS1vZmZpY2UxLzI5MzMzMTYvIiAvPgogIDxhcmVhIHNoYXBlPSJyZWN0IiBjb29yZHM9IjUxNCwzMjcsNjYwLDM2MyIgaHJlZj0iaHR0cHM6Ly9pdGVtLnJha3V0ZW4uY28uanAvaS1vZmZpY2UxLzI5MzMzNTkvIiAvPgogIDxhcmVhIHNoYXBlPSJyZWN0IiBjb29yZHM9IjUxMSwyODYsNjU3LDMyMiIgaHJlZj0iaHR0cHM6Ly9pdGVtLnJha3V0ZW4uY28uanAvaS1vZmZpY2UxLzI5MzMzMTEvIiAvPgogIDxhcmVhIHNoYXBlPSJyZWN0IiBjb29yZHM9IjUxMiwyMjYsNjU4LDI2MiIgaHJlZj0iaHR0cHM6Ly9pdGVtLnJha3V0ZW4uY28uanAvaS1vZmZpY2UxLzI5MDcxMDEvIiAvPgogIDxhcmVhIHNoYXBlPSJyZWN0IiBjb29yZHM9IjUxMywxODIsNjU5LDIxOCIgaHJlZj0iaHR0cHM6Ly9pdGVtLnJha3V0ZW4uY28uanAvaS1vZmZpY2UxLzI5MzMzMDAvIiAvPgo8L21hcD4KPGJyPgo8YnI+PEJSPjxCUj48aWZyYW1lIHNyYz0iaHR0cHM6Ly93d3cucmFrdXRlbi5uZS5qcC9nb2xkL2thZ3VtYXJ1LzAzMy9mcmFuY2ViZWRfY2F0X2ktb2ZmaWNlMS5odG1sIiB3aWR0aD0iNjg1IiBoZWlnaHQ9IjIzMDAiIGZyYW1lYm9yZGVyPSIwIiBzY3JvbGxpbmc9Im5vIj4KpKrKuaSkpM6l1qXppaaltqTPpaSl86XppaSl86XVpeypYKXgpMvOtIydj+qkzqTopKakx6S5oaMKpKrK1sr9pMekuaSspLOkzrK/t9akzyBpZnJhbWUgjJ2P6qTOpdal6aWmpbakx9KKpMakr6TApLWkpKGjPGJyPgo8L2lmcmFtZT48QlI+PEJSPjxCUj48cCBzdHlsZT0iY29sb3I6I0ZGMDAwMDsiPqH5m1+/ST/reI11P9K7sr/faLj0tdik2KTOpKq97KSxpM+z9sC0pN6ku6TzoaM8QlI+CjxwIGNsYXNzPSJkZWxpdl9mZWVfaG9rdSI+sbG6o7XApNikzsXky82kz4Rlzb7LzcHPpKykq6SrpOqk3qS5oaM8YnI+sbG6o7XAy83Bz6O6ob6xsTOhv6W/paSl1zwvcD4KofmVculn1ri2qKTPMbHjo6g5LTE0lXKjqaGiMrHjo6gxMi0xOJVyo6mhor1LyNWx46OoOS0xOJVyo6mkzqTfpMikyqTqpN6kuaGjPEJSPgo/tdjT8qTLpOikw6TGxeTLzaTO6tfI1aSsz962qKS1pOyk64j2us+k5KGilXLpZ9a4tqikrLPQpOykyqSkiPa6z6SspLSktqSkpN6kuaGjPEJSPgo8QlI+PHAgc3R5bGU9ImNvbG9yOiNGRjAwMDA7Ij6h+aXVpeml86W5pdmlw6XJyefRdca3pM+huMrc16LJ+q5iobmkyKTKpOqk3qS5oaOwa8vNpN6kxzLfTOlns8ykqpVy6Wek8u2UpK+I9rrPpKyktKS2pKSk3qS5oaOkyaSmpKuktMHLs9DPwqS1pKShozwvcD48aHIgc3R5bGU9ImJvcmRlcjogbm9uZTsgYm9yZGVyLXRvcDogZGFzaGVkIDFweCAjMDAwMDAwO2hlaWdodDogMXB4OyBjb2xvcjogI2ZmZmZmZjsiPsnMxreltaWkpbqjurf5MTEwocGwwtDQMTk1Y208QlI+ob6l2aXDpcml0aXDpcmhv6HBMcO2KM+05aqlzaXDpci4tik8YnI+CtSRpOHO76Gh06K5+q5i0fLDqzEwMCU8YnI+CoLItdihoaXdpeqlqKW5pcal6zgwJaGhvmQyMCU8YnI+Csn6rmK5+qO61tC5+jxCUj4K1tjBv6O6CjFrZzxCUj4KPGhyIHN0eWxlPSJib3JkZXI6IG5vbmU7IGJvcmRlci10b3A6IGRhc2hlZCAxcHggIzAwMDAwMDtoZWlnaHQ6IDFweDsgY29sb3I6ICNmZmZmZmY7Ij7Torn6rmKlpqlgpesxMDCjpaTOpdmlw6XJpdGlw6XJpM+hoszsyLu/jb5TpMfO/MqqsGvJotDUpMuDnqTspMakqqTqoaLPxKTPurmk8qS/pMOk16TqzvykpMihpMOkxqGipbWl6aXDpMikt6S/vKG0paTqoaO2rKTPv9Wa3aTypL+kw6TXpOrpXaS43nqk4aTGsaPOwqS3pN6kuaGjpN6kv6Giz7TlqqXNpcOlyKSsuLakpKTGpKqk6qGipLS80s2lpMfN6M+0pKS/ycTcpMekuaGjPHN0eWxlPgovKtlJpKTO76WrpbSl3KW/pfMqLwojcmFrdXRlbkxpbWl0ZWRJZF9hcm91bmRDYXJ0IGlucHV0W3ZhbHVlPSLZSaSkzu+kq6S0pMvI66TspOsiXSwgaW5wdXRbdmFsdWU9ItPovHOkuaTrIl0KIHsKICB3aWR0aDogMjMzcHg7CiAgaGVpZ2h0OiA1MnB4OwogIGJhY2tncm91bmQ6dXJsKGh0dHA6Ly9pbWFnZS5yYWt1dGVuLmNvLmpwL2ktb2ZmaWNlMS9jYWJpbmV0LzAzOTQyMDM3L2NhcnQuZ2lmKSAjZmNmY2ZjIG5vLXJlcGVhdDsKICBvdmVyZmxvdzogaGlkZGVuOwogIGJvcmRlci13aWR0aDogMHB4OwogIGN1cnNvcjogcG9pbnRlciAhaW1wb3J0YW50OwogIHRleHQtaW5kZW50OiAxNTAlOwogIHdoaXRlLXNwYWNlOiBub3dyYXA7CiAgbWFyZ2luOiA1cHggMCAwIDA7Cn0KCgovKoKAyv3I68GmKi8KI3Jha3V0ZW5MaW1pdGVkSWRfYXJvdW5kQ2FydCBpbnB1dCN1bml0cyB7CiAgYm9yZGVyOnNvbGlkICNjY2MgMXB4OwogIGJhY2tncm91bmQ6I2ZmZiFpbXBvcnRhbnQ7CiAgY3Vyc29yOmF1dG87CiAgdGV4dC1pbmRlbnQ6IDBweDsKICBvdmVyZmxvdzogaGlkZGVuOwp9CgojcmFrdXRlbkxpbWl0ZWRJZF9hcm91bmRDYXJ0ICogewogICAgZm9udC1mYW1pbHk6ICKjzaPTIKPQpbSlt6XDpa8iLHNhbnMtc2VyaWYgIWltcG9ydGFudDsKfQoKCiNyYWt1dGVuTGltaXRlZElkX2Fyb3VuZENhcnQgI3NlcnZpY2VUYWJsZVNtbCB0ZC5mYXZvcml0ZSB7CndpZHRoOiAzMDBweCAhaW1wb3J0YW50Owp9Ci8qpaupYKXIyczGt7esusUqLwpzcGFuLml0ZW1fbnVtYmVyX3RpdGxlIHsKICAgIGJhY2tncm91bmQ6IG5vbmUgcmVwZWF0IHNjcm9sbCAwIDAgIzNiNTk5ODsKICAgIGNvbG9yOiAjZmZmOwogICAgZGlzcGxheTogYmxvY2s7CiAgICBmbG9hdDogbGVmdDsKICAgIG1hcmdpbi1ib3R0b206IDIwcHg7CiAgICBwYWRkaW5nOiAzcHggNnB4OwogICAgZm9udC1zaXplOiAxMDAlICFpbXBvcnRhbnQ7Cn0Kc3Bhbi5pdGVtX251bWJlciB7CiAgICBib3JkZXI6IDFweCBzb2xpZCAjM2I1OTk4OwogICAgY29sb3I6ICMwMDAwMDA7CiAgICBkaXNwbGF5OiBibG9jazsKICAgIGZvbnQtd2VpZ2h0OiBib2xkOwogICAgbGV0dGVyLXNwYWNpbmc6IDAuMWVtOwogICAgbWFyZ2luLWJvdHRvbTogMjBweDsKICAgIG1hcmdpbi1sZWZ0OiAtMC41ZW07CiAgICBwYWRkaW5nOiAycHggOHB4Owp9IAo8L3N0eWxlPg==,pdWl6aXzpbml2aXDpckgpaalqaXDpbel46XWpesg0fLDq6XZpcOlyaXRpcOlySCl76Wkpcmlt6XzpbCl6yDO/MqqP7BryaKky4OepOykv6XoqWCl7aXDpdGuYiDPtKSopOsg0fLDqyAxMDAlIKXZpcOlyaXRpcOlySClu6Xfpbel86Wwpesgt/Ol0aXDpckgt/OkraXRpcOlydF1IGZyYW5jZWJlZCClpqlgpesxMDCjpaO6vNK+36TOpaSl86XGpeqloqWqpdWlo6W5pe+l8w==,pdmlw6XJpb2l1aWhqWCl1aXppfOluaXZpcOlybzSvt8gzajYnMfevt+yvIfipaupYKXapcOlyKXHpbmlr6XBpaeloqlgpcapYKXWpeuFp7x7vNK+36W9pdWloalgpdmlw6XJpcal7KXTzKjX+dLO19PS/dS9pLfQwr7TpaupYKXGpfOlpKXzpcal6qWipbel56XDpdel1aXppfOluaXZpcOlySClpqWppcOlt6Xjpdal6yDR8sOrpdmlw6XJpdGlw6XJIKXvpaSlyaW3pfOlsKXrIM78yqo/sGvJoqTLg56k7KS/peipYKXtpcOl0a5iIM+0pKik6yDR8sOrIDEwMCUgpdmlw6XJpdGlw6XJIKW7pd+lt6XzpbCl6yC386XRpcOlySC386StpdGlw6XJ0XUgZnJhbmNlYmVkIKWmqWCl6zEwMKOl,paalqaXDpbel46XWpesg0fLDq6XZpcOlyaXRpcOlySCl76Wkpcmlt6XzpbCl6yCho6XVpeml86W5pdmlw6XJIKWmpamlw6W3peOl1qXrINHyw6ul2aXDpcml0aXDpckgpe+lpKXJpbel86WwpesgzvzKqj+wa8mipMuDnqTspL+l6Klgpe2lw6XRrmIgz7SkqKTrINHyw6sgMTAwJSCl2aXDpcml0aXDpckgpbul36W3pfOlsKXrILfzpdGlw6XJILfzpK2l0aXDpcnRdSBmcmFuY2ViZWQgpaapYKXrMTAwo6U=[rn]
40-32996,aHR0cDovL3RzaG9wLnIxMHMuanAvaS1vZmZpY2UxL2NhYmluZXQvdGsxMS8yOTMzMzAzLmpwZz9maXRpbj03MDA6NzAw,ODY0MC4wMDAw,,paSl86XGpeqloj/H3r7fP4WnvHsgPiDH3r7fID4gpdmlw6XJpdGlw6XJ,pdWl6aXzpbml2aXDpckgpaalqaXDpbel46XWpesgpdClpKWqpdmlw6XJpdGlw6XJIKXvpaSlyaXApdal6yClqqlgpeul3qWkpcalo6TLyrmkqKTro6G/ub76t8Cz9LzTuaQgz7SkqKTrIKXQpaSlqqXZpcOlyaXRpcOlySClu6Xfpbel86Wwpesgt/Ol0aXDpckgt/OkraXRpcOlydF1IGZyYW5jZWJlZA==,paalqaXDpbel46XWpesgpdClpKWqpdmlw6XJpdGlw6XJIKXvpaSlyaXApdal6w==,Cgo8ZGl2IHN0eWxlPSJ3aWR0aDo2NzBweDsgZm9udC1zaXplOjE2cHg7IGxpbmUtaGVpZ2h0OjEuNjsgZm9udC1mYW1pbHk6J0hpcmFnaW5vIEtha3UgR290aGljIFByb04nLCBNZWlyeW8sIHNhbnMtc2VyaWY7IGNvbG9yOiMzMzMiPgogIDxpbWcgc3JjPSJodHRwczovL2ltYWdlLnJha3V0ZW4uY28uanAvaS1vZmZpY2UxL2NhYmluZXQvdGsxMS8yOTMzMzAzLmpwZyIgYWx0PSKl1aXppfOluaXZpcOlyaGhpdClpKWqpdmlw6XJpdGlw6XJK6W3qWClxDK146W7pcOlyCIgLz4KICA8aDQgc3R5bGU9ImJvcmRlci1sZWZ0OnNvbGlkIDhweCAjMzMzOyBwYWRkaW5nLWxlZnQ6MjBweDsgZm9udC1zaXplOjE4cHgiPqS1pO+k6tDEtdikrKTopOqlvaXVpciky6TKpMOkv6Giv7m++j+3wLP0pM6l0KWkpaql2aXDpcml0aXDpcmlt6XqqWCluqGjPC9oND4KPGltZyBzcmM9Imh0dHBzOi8vaW1hZ2UucmFrdXRlbi5jby5qcC9pLW9mZmljZTEvY2FiaW5ldC90azExLzI5MDcxMDFfMDMuanBnIiAvPgo8cCBzdHlsZT0icGFkZGluZzowIDEwcHg7IG1hcmdpbi1ib3R0b206MjBweCI+pdClpKWqpdmlw6XJpdGlw6XJpM+hos+05aqZQ6THzejPtKSkpKy/ycTcpMekuaGjpN6kv6Gi1tC+ZKTLpM+/ub76t8Cz9LzTuaSk8qS3pMakqqTqoaLH5Z2NpMuxo6TEpLOkyKSss/bAtKTepLmhozwvcD4KPGRpdiBzdHlsZT0id2lkdGg6MzI1cHg7IGZsb2F0OmxlZnQ7IG1hcmdpbi1yaWdodDoyMHB4Ij4KPGEgaHJlZj0idGsxMS8yOTA3MTAxXzA2LmpwZyIgc3R5bGU9ImN1cnNvcjp1cmwoaHR0cHM6Ly93d3cucmFrdXRlbi5uZS5qcC9nb2xkL2ktb2ZmaWNlMS9zZWFyY2gucG5nKSwgcG9pbnRlcjsiIHRhcmdldD0iX2JsYW5rIj48aW1nIHNyYz0iaHR0cHM6Ly9pbWFnZS5yYWt1dGVuLmNvLmpwL2ktb2ZmaWNlMS9jYWJpbmV0L3RrMTEvMjkwNzEwMV8wNi5qcGciICB3aWR0aD0iMzI1IiAvPjwvYT4KPHAgc3R5bGU9InBhZGRpbmc6MCAxMHB4OyBtYXJnaW4tYm90dG9tOjIwcHgiPqH2tKWk6tDEtdikrKTopOqlvaXVpcikyzxCUj6l2aXDpcml0aXDpcmkzrSlpOrQxLXYpKzI4aTppKukr6W9pdWlyKTLpMqk6qGipd6lw6XIpeyluaTOx97QxLXYpPKTcKTKpKSk3qS7pPOhozwvcD4KPC9kaXY+Cgo8ZGl2IHN0eWxlPSJ3aWR0aDozMjVweDsgZmxvYXQ6bGVmdCI+CjxhIGhyZWY9InRrMTEvMjkwNzEwMV8wNy5qcGciIHN0eWxlPSJjdXJzb3I6dXJsKGh0dHBzOi8vd3d3LnJha3V0ZW4ubmUuanAvZ29sZC9pLW9mZmljZTEvc2VhcmNoLnBuZyksIHBvaW50ZXI7IiB0YXJnZXQ9Il9ibGFuayI+PGltZyBzcmM9Imh0dHBzOi8vaW1hZ2UucmFrdXRlbi5jby5qcC9pLW9mZmljZTEvY2FiaW5ldC90azExLzI5MDcxMDFfMDcuanBnIiAgd2lkdGg9IjMyNSIgLz48L2E+CjxwIHN0eWxlPSJwYWRkaW5nOjAgMTBweDsgbWFyZ2luLWJvdHRvbToyMHB4Ij6h9tbQvmSkz1sgPGI+v7m++j+3wLP0PC9iPiBdvmSk8pLx08M8QlI+CtbQpM6l3aXqpailuaXGpeu+ZKTy0X3K/b76t06k2KGi0tbWxoS/ufuk8tbGvvql7KXZpeuky6XRpe+pYKWipcOl16S3pN6kt6S/oaMgIDwvcD4KPC9kaXY+CjxkaXYgc3R5bGU9IndpZHRoOjMyNXB4OyBmbG9hdDpsZWZ0OyBtYXJnaW4tcmlnaHQ6MjBweCI+CjxhIGhyZWY9InRrMTEvMjkwNzEwMV8wNC5qcGciIHN0eWxlPSJjdXJzb3I6dXJsKGh0dHBzOi8vd3d3LnJha3V0ZW4ubmUuanAvZ29sZC9pLW9mZmljZTEvc2VhcmNoLnBuZyksIHBvaW50ZXI7IiB0YXJnZXQ9Il9ibGFuayI+PGltZyBzcmM9Imh0dHBzOi8vaW1hZ2UucmFrdXRlbi5jby5qcC9pLW9mZmljZTEvY2FiaW5ldC90azExLzI5MDcxMDFfMDQuanBnIiAgd2lkdGg9IjMyNSIgLz48L2E+CjxwIHN0eWxlPSJwYWRkaW5nOjAgMTBweDsgbWFyZ2luLWJvdHRvbToyMHB4Ij6h9qW6pey3wNa5pM7LxNPnpbSl4Li2pK08L3A+CjwvZGl2PgoKPGRpdiBzdHlsZT0id2lkdGg6MzI1cHg7IGZsb2F0OmxlZnQiPgo8YSBocmVmPSJ0azExLzI5MDcxMDFfMDUuanBnIiBzdHlsZT0iY3Vyc29yOnVybChodHRwczovL3d3dy5yYWt1dGVuLm5lLmpwL2dvbGQvaS1vZmZpY2UxL3NlYXJjaC5wbmcpLCBwb2ludGVyOyIgdGFyZ2V0PSJfYmxhbmsiPjxpbWcgc3JjPSJodHRwczovL2ltYWdlLnJha3V0ZW4uY28uanAvaS1vZmZpY2UxL2NhYmluZXQvdGsxMS8yOTA3MTAxXzA1LmpwZyIgIHdpZHRoPSIzMjUiIC8+PC9hPgo8cCBzdHlsZT0icGFkZGluZzowIDEwcHg7IG1hcmdpbi1ib3R0b206MjBweCI+ofbPtOWqpc2lw6XIuLakrTwvcD4KPC9kaXY+CjwvZGl2PjxpbWcgc3JjPSJodHRwczovL2ltYWdlLnJha3V0ZW4uY28uanAvaS1vZmZpY2UxL2NhYmluZXQvdGsxMS8yOTMzMzA1X2xpbmsuanBnIiB1c2VtYXA9IiNNYXAyOTMzMzA1X2xpbmsiIC8+CjxtYXAgbmFtZT0iTWFwMjkzMzMwNV9saW5rIiBpZD0iTWFwMjkzMzMwNV9saW5rIj4KICA8YXJlYSBzaGFwZT0icmVjdCIgY29vcmRzPSIxNiw1MjMsMzI2LDU3MSIgaHJlZj0iaHR0cHM6Ly9pdGVtLnJha3V0ZW4uY28uanAvaS1vZmZpY2UxLzI5MzMzMTAvIiAvPgogIDxhcmVhIHNoYXBlPSJyZWN0IiBjb29yZHM9IjE3LDQ2MiwzMjcsNTEwIiBocmVmPSJodHRwczovL2l0ZW0ucmFrdXRlbi5jby5qcC9pLW9mZmljZTEvMjkzMzMwOC8iIC8+PGFyZWEgc2hhcGU9InJlY3QiIGNvb3Jkcz0iMzQ2LDQ2Miw2NTYsNTEwIiBocmVmPSJodHRwczovL2l0ZW0ucmFrdXRlbi5jby5qcC9pLW9mZmljZTEvMjkzMzMwOS8iIC8+CiAgPGFyZWEgc2hhcGU9InJlY3QiIGNvb3Jkcz0iMTcsNDAxLDMyNyw0NDkiIGhyZWY9Imh0dHBzOi8vaXRlbS5yYWt1dGVuLmNvLmpwL2ktb2ZmaWNlMS8yOTMzMzA2LyIgLz48YXJlYSBzaGFwZT0icmVjdCIgY29vcmRzPSIzNDYsNDAxLDY1Niw0NDkiIGhyZWY9Imh0dHBzOi8vaXRlbS5yYWt1dGVuLmNvLmpwL2ktb2ZmaWNlMS8yOTMzMzA3LyIgLz4KICA8YXJlYSBzaGFwZT0icmVjdCIgY29vcmRzPSIxNywyOTUsMzI3LDM0MyIgaHJlZj0iaHR0cHM6Ly9pdGVtLnJha3V0ZW4uY28uanAvaS1vZmZpY2UxLzI5MzMzMDQvIiAvPgogIDxhcmVhIHNoYXBlPSJyZWN0IiBjb29yZHM9IjM0NiwyOTUsNjU2LDM0MyIgaHJlZj0iaHR0cHM6Ly9pdGVtLnJha3V0ZW4uY28uanAvaS1vZmZpY2UxLzI5MzM1NzgvIiAvPgogIDxhcmVhIHNoYXBlPSJyZWN0IiBjb29yZHM9IjM0NiwyMzQsNjU2LDI4MiIgaHJlZj0iaHR0cHM6Ly9pdGVtLnJha3V0ZW4uY28uanAvaS1vZmZpY2UxLzI5MzMzMDMvIiAvPjxhcmVhIHNoYXBlPSJyZWN0IiBjb29yZHM9IjE3LDIzNCwzMjcsMjgyIiBocmVmPSJodHRwczovL2l0ZW0ucmFrdXRlbi5jby5qcC9pLW9mZmljZTEvMjkzMzMwMi8iIC8+CiAgPGFyZWEgc2hhcGU9InJlY3QiIGNvb3Jkcz0iMzQ2LDE3NCw2NTYsMjIyIiBocmVmPSJodHRwczovL2l0ZW0ucmFrdXRlbi5jby5qcC9pLW9mZmljZTEvMjkzMzMwMS8iIC8+PGFyZWEgc2hhcGU9InJlY3QiIGNvb3Jkcz0iMTcsMTc0LDMyNywyMjIiIGhyZWY9Imh0dHBzOi8vaXRlbS5yYWt1dGVuLmNvLmpwL2ktb2ZmaWNlMS8yOTMzNTc3LyIgLz4KPGFyZWEgc2hhcGU9InJlY3QiIGNvb3Jkcz0iMzQ4LDExMiw2NTgsMTYwIiBocmVmPSJodHRwczovL2l0ZW0ucmFrdXRlbi5jby5qcC9pLW9mZmljZTEvMjkzMzMwMC8iIC8+PGFyZWEgc2hhcGU9InJlY3QiIGNvb3Jkcz0iMTgsMTEzLDMyOCwxNjEiIGhyZWY9Imh0dHBzOi8vaXRlbS5yYWt1dGVuLmNvLmpwL2ktb2ZmaWNlMS8yOTMzMzA1LyIgLz48L21hcD48YnI+PGJyPgo8aW1nIHNyYz0iaHR0cHM6Ly9pbWFnZS5yYWt1dGVuLmNvLmpwL2ktb2ZmaWNlMS9jYWJpbmV0L3RrNy9iZWRwYWRfbGluZS5qcGciIGFsdD0iIiAgICA+PGJyPjxicj4KPGltZyBzcmM9Imh0dHBzOi8vaW1hZ2UucmFrdXRlbi5jby5qcC9pLW9mZmljZTEvY2FiaW5ldC90azcvYmVkcGFkX2xpbmsuanBnIiBhbHQ9IiIgICB1c2VtYXA9IiNNYXAyOSIgID4KPG1hcCBuYW1lPSJNYXAyOSIgaWQ9Ik1hcDI5Ij4KICA8YXJlYSBzaGFwZT0icmVjdCIgY29vcmRzPSI1MTMsODI0LDY1OSw4NjAiIGhyZWY9Imh0dHBzOi8vaXRlbS5yYWt1dGVuLmNvLmpwL2ktb2ZmaWNlMS8yOTMzMzkxLyIgLz4KICA8YXJlYSBzaGFwZT0icmVjdCIgY29vcmRzPSI1MTMsNzgzLDY1OSw4MTkiIGhyZWY9Imh0dHBzOi8vaXRlbS5yYWt1dGVuLmNvLmpwL2ktb2ZmaWNlMS8yOTMzMzQzLyIgLz4KICA8YXJlYSBzaGFwZT0icmVjdCIgY29vcmRzPSI1MTQsNzI2LDY2MCw3NjIiIGhyZWY9Imh0dHBzOi8vaXRlbS5yYWt1dGVuLmNvLmpwL2ktb2ZmaWNlMS8yOTMzMzg2LyIgLz4KICA8YXJlYSBzaGFwZT0icmVjdCIgY29vcmRzPSI1MTQsNjgxLDY2MCw3MTciIGhyZWY9Imh0dHBzOi8vaXRlbS5yYWt1dGVuLmNvLmpwL2ktb2ZmaWNlMS8yOTAwMTc1LyIgLz4KICA8YXJlYSBzaGFwZT0icmVjdCIgY29vcmRzPSI1MTIsNjI2LDY1OCw2NjIiIGhyZWY9Imh0dHBzOi8vaXRlbS5yYWt1dGVuLmNvLmpwL2ktb2ZmaWNlMS8yOTMzMzgwLyIgLz4KICA8YXJlYSBzaGFwZT0icmVjdCIgY29vcmRzPSI1MTQsNTgxLDY2MCw2MTciIGhyZWY9Imh0dHBzOi8vaXRlbS5yYWt1dGVuLmNvLmpwL2ktb2ZmaWNlMS8yOTMzMzMyLyIgLz4KICA8YXJlYSBzaGFwZT0icmVjdCIgY29vcmRzPSI1MTIsNTMwLDY1OCw1NjYiIGhyZWY9Imh0dHBzOi8vaXRlbS5yYWt1dGVuLmNvLmpwL2ktb2ZmaWNlMS8yOTMzMzc1LyIgLz4KICA8YXJlYSBzaGFwZT0icmVjdCIgY29vcmRzPSI1MTMsNDg1LDY1OSw1MjEiIGhyZWY9Imh0dHBzOi8vaXRlbS5yYWt1dGVuLmNvLmpwL2ktb2ZmaWNlMS8yOTMzMzI3LyIgLz4KICA8YXJlYSBzaGFwZT0icmVjdCIgY29vcmRzPSI1MTMsNDI2LDY1OSw0NjIiIGhyZWY9Imh0dHBzOi8vaXRlbS5yYWt1dGVuLmNvLmpwL2ktb2ZmaWNlMS8yOTA3MjAxLyIgLz4KICA8YXJlYSBzaGFwZT0icmVjdCIgY29vcmRzPSI1MTQsMzg0LDY2MCw0MjAiIGhyZWY9Imh0dHBzOi8vaXRlbS5yYWt1dGVuLmNvLmpwL2ktb2ZmaWNlMS8yOTMzMzE2LyIgLz4KICA8YXJlYSBzaGFwZT0icmVjdCIgY29vcmRzPSI1MTQsMzI3LDY2MCwzNjMiIGhyZWY9Imh0dHBzOi8vaXRlbS5yYWt1dGVuLmNvLmpwL2ktb2ZmaWNlMS8yOTMzMzU5LyIgLz4KICA8YXJlYSBzaGFwZT0icmVjdCIgY29vcmRzPSI1MTEsMjg2LDY1NywzMjIiIGhyZWY9Imh0dHBzOi8vaXRlbS5yYWt1dGVuLmNvLmpwL2ktb2ZmaWNlMS8yOTMzMzExLyIgLz4KICA8YXJlYSBzaGFwZT0icmVjdCIgY29vcmRzPSI1MTIsMjI2LDY1OCwyNjIiIGhyZWY9Imh0dHBzOi8vaXRlbS5yYWt1dGVuLmNvLmpwL2ktb2ZmaWNlMS8yOTA3MTAxLyIgLz4KICA8YXJlYSBzaGFwZT0icmVjdCIgY29vcmRzPSI1MTMsMTgyLDY1OSwyMTgiIGhyZWY9Imh0dHBzOi8vaXRlbS5yYWt1dGVuLmNvLmpwL2ktb2ZmaWNlMS8yOTMzMzAwLyIgLz4KPC9tYXA+Cjxicj4KPGJyPjxCUj48QlI+PGlmcmFtZSBzcmM9Imh0dHBzOi8vd3d3LnJha3V0ZW4ubmUuanAvZ29sZC9rYWd1bWFydS8wMzMvZnJhbmNlYmVkX2NhdF9pLW9mZmljZTEuaHRtbCIgd2lkdGg9IjY4NSIgaGVpZ2h0PSIyMzAwIiBmcmFtZWJvcmRlcj0iMCIgc2Nyb2xsaW5nPSJubyI+CqSqyrmkpKTOpdal6aWmpbakz6WkpfOl6aWkpfOl1aXsqWCl4KTLzrSMnY/qpM6k6KSmpMekuaGjCqSqytbK/aTHpLmkrKSzpM6yv7fWpM8gaWZyYW1lIIydj+qkzqXWpemlpqW2pMfSiqTGpK+kwKS1pKShozxicj4KPC9pZnJhbWU+PEJSPjxCUj48QlI+PHAgc3R5bGU9ImNvbG9yOiNGRjAwMDA7Ij6h+Ztfv0k/63iNdT/Su7K/32i49LXYpNikzqSqveyksaTPs/bAtKTepLuk86GjPEJSPgo8cCBjbGFzcz0iZGVsaXZfZmVlX2hva3UiPrGxuqO1wKTYpM7F5MvNpM+EZc2+y83Bz6SspKukq6TqpN6kuaGjPGJyPrGxuqO1wMvNwc+juqG+sbEzob+lv6Wkpdc8L3A+CqH5lXLpZ9a4tqikzzGx46OoOS0xNJVyo6mhojKx46OoMTItMTiVcqOpoaK9S8jVseOjqDktMTiVcqOppM6k36TIpMqk6qTepLmhozxCUj4KP7XY0/Kky6TopMOkxsXky82kzurXyNWkrM/etqiktaTspOuI9rrPpOShopVy6WfWuLaopKyz0KTspMqkpIj2us+krKS0pLakpKTepLmhozxCUj4KPEJSPjxwIHN0eWxlPSJjb2xvcjojRkYwMDAwOyI+ofml1aXppfOluaXZpcOlycnn0XXGt6TPobjK3NeiyfquYqG5pMikyqTqpN6kuaGjsGvLzaTepMcy30zpZ7PMpKqVculnpPLtlKSviPa6z6SspLSktqSkpN6kuaGjpMmkpqSrpLTBy7PQz8KktaSkoaM8L3A+PGhyIHN0eWxlPSJib3JkZXI6IG5vbmU7IGJvcmRlci10b3A6IGRhc2hlZCAxcHggIzAwMDAwMDtoZWlnaHQ6IDFweDsgY29sb3I6ICNmZmZmZmY7Ij7JzMa3pbWlpKW6o7q3+TE1NKHBsMLQ0DE5NWNtPEJSPqG+pdmlw6XJpdGlw6XJob+hwTHDtijPtOWqpc2lw6XIuLYpPGJyPgrUkaThzu+hoaXdpeqlqKW5pcal6zEwMCWjqL+5vvq3wLP0vNO5pKOpPGJyPgqCyLXYoaGl3aXqpailuaXGpes2NSWhob5kMzUlPGJyPsn6rmK5+qO61tC5+jxCUj4K1tjBv6O6CjEuMmtnPEJSPgo8aHIgc3R5bGU9ImJvcmRlcjogbm9uZTsgYm9yZGVyLXRvcDogZGFzaGVkIDFweCAjMDAwMDAwO2hlaWdodDogMXB4OyBjb2xvcjogI2ZmZmZmZjsiPqXQpaSlqqXZpcOlyaXRpcOlyaTPoaLPtOWqmUOkx83oz7SkpKSsv8nE3KTHpLmho6TepL+hotbQvmSky6TPv7m++rfAs/S807mkpPKkt6TGpKqk6qGix+WdjaTLsaOkxKSzpMikrLP2wLSk3qS5oaM8c3R5bGUgdHlwZT0idGV4dC9jc3MiPgojcmFua2luZ19pdGVtcGFnZV9ybXMgewp3aWR0aDo2ODBweDsKZm9udC1zaXplOjEycHg7CmJvcmRlcjpzb2xpZCA1cHggI0ZGQjQwMDsKYmFja2dyb3VuZDogI2ZmZgp9CgojcmFua2luZ19pdGVtcGFnZV9ybXMgZGl2IHsKYmFja2dyb3VuZDogdXJsKGh0dHA6Ly93d3cucmFrdXRlbi5uZS5qcC9nb2xkL2ktb2ZmaWNlMS9pbWFnZXMvYmFja19yYW5raW5nX3Jtcy5wbmcpIG5vLXJlcGVhdDsKYm9yZGVyLXRvcDpzb2xpZCA1cHggI0ZGQjQwMDsKfQoKI3JhbmtpbmdfaXRlbXBhZ2Vfcm1zIGEgewp0ZXh0LWRlY29yYXRpb246bm9uZTsKfQoKI3JhbmtpbmdfaXRlbXBhZ2Vfcm1zIGltZyB7CmJvcmRlcjowCn0KCiNyYW5raW5nX2l0ZW1wYWdlX3JtcyBhOmhvdmVyIHsKdGV4dC1kZWNvcmF0aW9uOnVuZGVybGluZQp9CgojcmFua2luZ19pdGVtcGFnZV9ybXMgLnRpdGxlIHsKcGFkZGluZy10b3A6MjBweDsKbWFyZ2luOjAKfQoKI3JhbmtpbmdfaXRlbXBhZ2Vfcm1zIC50aXRsZSBpbWcgewp3aWR0aDo5Ni41JTsKcGFkZGluZy1sZWZ0OjIlCn0KCiNyYW5raW5nX2l0ZW1wYWdlX3JtcyB1bCB7Cm1hcmdpbjowOwpwYWRkaW5nOjIlOwp9CgojcmFua2luZ19pdGVtcGFnZV9ybXMgbGkgewp3aWR0aDoxOCU7Cm1hcmdpbi1yaWdodDoyJTsKbGlzdC1zdHlsZTogbm9uZTsKZmxvYXQ6bGVmdDsKbGluZS1oZWlnaHQ6MS42Owp9CgojcmFua2luZ19pdGVtcGFnZV9ybXMgLnJhbmtpY29uIHsKd2lkdGg6NjVweDsKbWFyZ2luLWJvdHRvbToxMHB4Cn0KCiNyYW5raW5nX2l0ZW1wYWdlX3JtcyBsaTpudGgtY2hpbGQoMSkgewp3aWR0aDoyMCU7Cn0KCiNyYW5raW5nX2l0ZW1wYWdlX3JtcyBsaTpudGgtY2hpbGQoNSkgewptYXJnaW4tcmlnaHQ6MAp9CgojcmFua2luZ19pdGVtcGFnZV9ybXMgbGkgaW1nIHsKd2lkdGg6MTAwJQp9CgojcmFua2luZ19pdGVtcGFnZV9ybXMgbGkgcCB7CmRpc3BsYXk6YmxvY2s7Cm1hcmdpbjowCn0KCiNyYW5raW5nX2l0ZW1wYWdlX3JtcyBsaSBhIHsKY29sb3I6IzU3OURFNQp9CgojcmFua2luZ19pdGVtcGFnZV9ybXMgbGkgcC5pdGVtX25hbWUgewpmb250LXNpemU6MTFweDsKaGVpZ2h0OjYwcHgKfQoKI3JhbmtpbmdfaXRlbXBhZ2Vfcm1zIGxpOm50aC1jaGlsZCgxKSBwLml0ZW1fbmFtZSB7CmhlaWdodDo2MHB4Cn0KCiNyYW5raW5nX2l0ZW1wYWdlX3JtcyBsaSBwLnByaWNlIHsKZm9udC1zaXplOjE0cHg7CmZvbnQtd2VpZ2h0OmJvbGQ7CmNvbG9yOiNGRjAwMDA7Cn0KCi8q2UmkpM7vpaultKXcpb+l8yovCiNyYWt1dGVuTGltaXRlZElkX2Fyb3VuZENhcnQgaW5wdXRbdmFsdWU9ItlJpKTO76SrpLSky8jrpOyk6yJdLCBpbnB1dFt2YWx1ZT0i0+i8c6S5pOsiXQogewp3aWR0aDogMjMzcHg7CmhlaWdodDogNTJweDsKYmFja2dyb3VuZDp1cmwoaHR0cDovL2ltYWdlLnJha3V0ZW4uY28uanAvaS1vZmZpY2UxL2NhYmluZXQvMDM5NDIwMzcvY2FydC5naWYpICNmY2ZjZmMgbm8tcmVwZWF0OwpvdmVyZmxvdzogaGlkZGVuOwpib3JkZXItd2lkdGg6IDBweDsKY3Vyc29yOiBwb2ludGVyICFpbXBvcnRhbnQ7CnRleHQtaW5kZW50OiAxNTAlOwp3aGl0ZS1zcGFjZTogbm93cmFwOwptYXJnaW46IDVweCAwIDAgMDsKfQoKCi8qgoDK/cjrwaYqLwojcmFrdXRlbkxpbWl0ZWRJZF9hcm91bmRDYXJ0IGlucHV0I3VuaXRzIHsKYm9yZGVyOnNvbGlkICNjY2MgMXB4OwpiYWNrZ3JvdW5kOiNmZmYhaW1wb3J0YW50OwpjdXJzb3I6YXV0bzsKdGV4dC1pbmRlbnQ6IDBweDsKb3ZlcmZsb3c6IGhpZGRlbjsKfQoKI3Jha3V0ZW5MaW1pdGVkSWRfYXJvdW5kQ2FydCAqIHsKZm9udC1mYW1pbHk6ICKjzaPTIKPQpbSlt6XDpa8iLHNhbnMtc2VyaWYgIWltcG9ydGFudDsKfQoKI3Jha3V0ZW5MaW1pdGVkSWRfYXJvdW5kQ2FydCAjc2VydmljZVRhYmxlU21sIHRkLmZhdm9yaXRlIHsKd2lkdGg6IDMwMHB4ICFpbXBvcnRhbnQ7Cn0KCi8qpaupYKXIyczGt7esusUqLwpzcGFuLml0ZW1fbnVtYmVyX3RpdGxlIHsKYmFja2dyb3VuZDogbm9uZSByZXBlYXQgc2Nyb2xsIDAgMCAjM2I1OTk4Owpjb2xvcjogI2ZmZjsKZGlzcGxheTogYmxvY2s7CmZsb2F0OiBsZWZ0OwptYXJnaW4tYm90dG9tOiAyMHB4OwpwYWRkaW5nOiAzcHggNnB4Owpmb250LXNpemU6IDEwMCUgIWltcG9ydGFudDsKfQoKc3Bhbi5pdGVtX251bWJlciB7CmJvcmRlcjogMXB4IHNvbGlkICMzYjU5OTg7CmNvbG9yOiAjMDAwMDAwOwpkaXNwbGF5OiBibG9jazsKZm9udC13ZWlnaHQ6IGJvbGQ7CmxldHRlci1zcGFjaW5nOiAwLjFlbTsKbWFyZ2luLWJvdHRvbTogMjBweDsKbWFyZ2luLWxlZnQ6IC0wLjVlbTsKcGFkZGluZzogMnB4IDhweDsKfQoKPC9zdHlsZT4KCjxkaXYgaWQ9InJhbmtpbmdfaXRlbXBhZ2Vfcm1zIj4KPGRpdj4KPHAgY2xhc3M9InRpdGxlIj48aW1nIHNyYz0iaHR0cDovL3d3dy5yYWt1dGVuLm5lLmpwL2dvbGQvaS1vZmZpY2UxL2ltYWdlcy90aXRsZV9yYW5raW5nX3Jtcy5wbmciIC8+PC9wPgo8dWw+CjxsaT48aW1nIHNyYz0iaHR0cDovL3d3dy5yYWt1dGVuLm5lLmpwL2dvbGQvaS1vZmZpY2UxL2ltYWdlcy9yYW5raWNvbjFfcmFua2luZ19ybXMucG5nIiBjbGFzcz0icmFua2ljb24iIC8+PGltZyBzcmM9Imh0dHA6Ly9pbWFnZS5yYWt1dGVuLmNvLmpwL2ktb2ZmaWNlMS9jYWJpbmV0L3Rha2U5LzIzMzAwMDIyLmpwZyIgLz48cCBjbGFzcz0iaXRlbV9uYW1lIj6hvsjVsb7RdaG/zejPtKSkT0ujodHyw6sxMDCjpcq508Ojoc/7s/Slpqlgpeu386StpdGlw6XJPC9wPjxwIGNsYXNzPSJwcmljZSI+NSw5ODCD0jwvcD48L2xpPgo8bGk+PGltZyBzcmM9Imh0dHA6Ly93d3cucmFrdXRlbi5uZS5qcC9nb2xkL2ktb2ZmaWNlMS9pbWFnZXMvcmFua2ljb24yX3Jhbmtpbmdfcm1zLnBuZyIgY2xhc3M9InJhbmtpY29uIiAvPjxpbWcgc3JjPSJodHRwOi8vaW1hZ2UucmFrdXRlbi5jby5qcC9pLW9mZmljZTEvY2FiaW5ldC90azkvMTEyMDEyMTQuanBnIiAvPjxwIGNsYXNzPSJpdGVtX25hbWUiPqTVpO+k1aTvpd6lt6Xlpd6l7aW/pcOlwaHvpKKkw6S/pKul3qWkpa+l7aXVpaGlpKXQqWC386XRpcOlyTwvcD48cCBjbGFzcz0icHJpY2UiPjIsMjkxg9I8L3A+PC9saT4KPGxpPjxpbWcgc3JjPSJodHRwOi8vd3d3LnJha3V0ZW4ubmUuanAvZ29sZC9pLW9mZmljZTEvaW1hZ2VzL3JhbmtpY29uM19yYW5raW5nX3Jtcy5wbmciIGNsYXNzPSJyYW5raWNvbiIgLz48aW1nIHNyYz0iaHR0cDovL2ltYWdlLnJha3V0ZW4uY28uanAvaS1vZmZpY2UxL2NhYmluZXQvdGs5LzExMjAwNjc3LmpwZyIgLz48cCBjbGFzcz0iaXRlbV9uYW1lIj6k1aTvpNWk76Xepbel5aXepe2lv6XDpcGh76SipMOkv6Srpd6lpKWvpe2l1aWhpaSl0Klgw6uyvDwvcD48cCBjbGFzcz0icHJpY2UiPjIsMjkxg9I8L3A+PC9saT4KPGxpPjxpbWcgc3JjPSJodHRwOi8vd3d3LnJha3V0ZW4ubmUuanAvZ29sZC9pLW9mZmljZTEvaW1hZ2VzL3JhbmtpY29uNF9yYW5raW5nX3Jtcy5wbmciIGNsYXNzPSJyYW5raWNvbiIgLz48aW1nIHNyYz0iaHR0cDovL2ltYWdlLnJha3V0ZW4uY28uanAvaS1vZmZpY2UxL2NhYmluZXQvdGJtNS8xNDA1MTAyMi5qcGciIC8+PHAgY2xhc3M9Iml0ZW1fbmFtZSI+ob6loqXkpciluaG/ZmlubGF5c29uIKXRpfOlwLH6peql0Klgpbel1qXrw6uyvKG+lny+qc73tKihvzwvcD48cCBjbGFzcz0icHJpY2UiPjgsNjQwg9I8L3A+PC9saT4KPGxpPjxpbWcgc3JjPSJodHRwOi8vd3d3LnJha3V0ZW4ubmUuanAvZ29sZC9pLW9mZmljZTEvaW1hZ2VzL3JhbmtpY29uNV9yYW5raW5nX3Jtcy5wbmciIGNsYXNzPSJyYW5raWNvbiIgLz48aW1nIHNyYz0iaHR0cDovL2ltYWdlLnJha3V0ZW4uY28uanAvaS1vZmZpY2UxL2NhYmluZXQvaWNoaTEyLzM4NTAwNzQuanBnIiAvPjxwIGNsYXNzPSJpdGVtX25hbWUiPqG+3VjBv6G/0/DDq6TOMrG2pKKkv6S/pKukpKOhpbel86W1peypYKXIpaal66XIpemS7KSxsryH4jwvcD48cCBjbGFzcz0icHJpY2UiPjUsOTgwg9I8L3A+PC9saT4KCgo8YnIgc3R5bGU9ImNsZWFyOmJvdGgiIC8+CjwvdWw+CjwvZGl2PgoKCjwvZGl2Pg==,pdWl6aXzpbml2aXDpckgpaalqaXDpbel46XWpesgpdClpKWqpdmlw6XJpdGlw6XJIKXvpaSlyaXApdal6yClqqlgpeul3qWkpcalo6TLyrmkqKTro6G/ub76t8Cz9LzTuaQgz7SkqKTrIKXQpaSlqqXZpcOlyaXRpcOlySClu6Xfpbel86Wwpesgt/Ol0aXDpckgt/OkraXRpcOlydF1IGZyYW5jZWJlZKO6vNK+36TOpaSl86XGpeqloqWqpdWlo6W5pe+l8w==,pdmlw6XJpb2l1aWhqWCl1aXppfOluaXZpcOlybzSvt8gzajYnMfevt+yvIfipaupYKXapcOlyKXHpbmlr6XBpaeloqlgpcapYKXWpeuFp7x7vNK+36W9pdWloalgpdmlw6XJpcal7KXTzKjX+dLO19PS/dS9pLfQwr7TpaupYKXGpfOlpKXzpcal6qWipbel56XDpdel1aXppfOluaXZpcOlySClpqWppcOlt6Xjpdal6yCl0KWkpaql2aXDpcml0aXDpckgpe+lpKXJpcCl1qXrIKWqqWCl66XepaSlxqWjpMvKuaSopOujob+5vvq3wLP0vNO5pCDPtKSopOsgpdClpKWqpdmlw6XJpdGlw6XJIKW7pd+lt6XzpbCl6yC386XRpcOlySC386StpdGlw6XJ0XUgZnJhbmNlYmVk,paalqaXDpbel46XWpesgpdClpKWqpdmlw6XJpdGlw6XJIKXvpaSlyaXApdal6yCho6XVpeml86W5pdmlw6XJIKWmpamlw6W3peOl1qXrIKXQpaSlqqXZpcOlyaXRpcOlySCl76WkpcmlwKXWpesgpaqpYKXrpd6lpKXGpaOky8q5pKik66Ohv7m++rfAs/S807mkIM+0pKik6yCl0KWkpaql2aXDpcml0aXDpckgpbul36W3pfOlsKXrILfzpdGlw6XJILfzpK2l0aXDpcnRdSBmcmFuY2ViZWQ=[rn]
40-32997,aHR0cDovL3RzaG9wLnIxMHMuanAvaS1vZmZpY2UxL2NhYmluZXQvdGsxMS8yOTMzMzA1LmpwZz9maXRpbj03MDA6NzAw,NTYxNi4wMDAw,,paSl86XGpeqloj/H3r7fP4WnvHsgPiDH3r7fID4gpdmlw6XJpdGlw6XJ,pdWl6aXzpbml2aXDpckgpaalqaXDpbel46XWpesgpdClpKWqpdmlw6XJpdGlw6XJIKW7pd+lt6XzpbCl6yClqqlgpeul3qWkpcalo6TLyrmkqKTro6G/ub76t8Cz9LzTuaQgz7SkqKTrIKXQpaSlqqXZpcOlyaXRpcOlySClu6Xfpbel86Wwpesgt/Ol0aXDpckgt/OkraXRpcOlydF1IGZyYW5jZWJlZA==,paalqaXDpbel46XWpesgpdClpKWqpdmlw6XJpdGlw6XJIKW7pd+lt6XzpbCl6w==,Cgo8ZGl2IHN0eWxlPSJ3aWR0aDo2NzBweDsgZm9udC1zaXplOjE2cHg7IGxpbmUtaGVpZ2h0OjEuNjsgZm9udC1mYW1pbHk6J0hpcmFnaW5vIEtha3UgR290aGljIFByb04nLCBNZWlyeW8sIHNhbnMtc2VyaWY7IGNvbG9yOiMzMzMiPgogIDxpbWcgc3JjPSJodHRwczovL2ltYWdlLnJha3V0ZW4uY28uanAvaS1vZmZpY2UxL2NhYmluZXQvdGsxMS8yOTMzMzA1LmpwZyIgYWx0PSKl1aXppfOluaXZpcOlyaGhpdClpKWqpdmlw6XJpdGlw6XJK6W3qWClxDK146W7pcOlyCIgLz4KICA8aDQgc3R5bGU9ImJvcmRlci1sZWZ0OnNvbGlkIDhweCAjMzMzOyBwYWRkaW5nLWxlZnQ6MjBweDsgZm9udC1zaXplOjE4cHgiPqS1pO+k6tDEtdikrKTopOqlvaXVpciky6TKpMOkv6Giv7m++j+3wLP0pM6l0KWkpaql2aXDpcml0aXDpcmlt6XqqWCluqGjPC9oND4KPGltZyBzcmM9Imh0dHBzOi8vaW1hZ2UucmFrdXRlbi5jby5qcC9pLW9mZmljZTEvY2FiaW5ldC90azExLzI5MDcxMDFfMDMuanBnIiAvPgo8cCBzdHlsZT0icGFkZGluZzowIDEwcHg7IG1hcmdpbi1ib3R0b206MjBweCI+pdClpKWqpdmlw6XJpdGlw6XJpM+hos+05aqZQ6THzejPtKSkpKy/ycTcpMekuaGjpN6kv6Gi1tC+ZKTLpM+/ub76t8Cz9LzTuaSk8qS3pMakqqTqoaLH5Z2NpMuxo6TEpLOkyKSss/bAtKTepLmhozwvcD4KPGRpdiBzdHlsZT0id2lkdGg6MzI1cHg7IGZsb2F0OmxlZnQ7IG1hcmdpbi1yaWdodDoyMHB4Ij4KPGEgaHJlZj0idGsxMS8yOTA3MTAxXzA2LmpwZyIgc3R5bGU9ImN1cnNvcjp1cmwoaHR0cHM6Ly93d3cucmFrdXRlbi5uZS5qcC9nb2xkL2ktb2ZmaWNlMS9zZWFyY2gucG5nKSwgcG9pbnRlcjsiIHRhcmdldD0iX2JsYW5rIj48aW1nIHNyYz0iaHR0cHM6Ly9pbWFnZS5yYWt1dGVuLmNvLmpwL2ktb2ZmaWNlMS9jYWJpbmV0L3RrMTEvMjkwNzEwMV8wNi5qcGciICB3aWR0aD0iMzI1IiAvPjwvYT4KPHAgc3R5bGU9InBhZGRpbmc6MCAxMHB4OyBtYXJnaW4tYm90dG9tOjIwcHgiPqH2tKWk6tDEtdikrKTopOqlvaXVpcikyzxCUj6l2aXDpcml0aXDpcmkzrSlpOrQxLXYpKzI4aTppKukr6W9pdWlyKTLpMqk6qGipd6lw6XIpeyluaTOx97QxLXYpPKTcKTKpKSk3qS7pPOhozwvcD4KPC9kaXY+Cgo8ZGl2IHN0eWxlPSJ3aWR0aDozMjVweDsgZmxvYXQ6bGVmdCI+CjxhIGhyZWY9InRrMTEvMjkwNzEwMV8wNy5qcGciIHN0eWxlPSJjdXJzb3I6dXJsKGh0dHBzOi8vd3d3LnJha3V0ZW4ubmUuanAvZ29sZC9pLW9mZmljZTEvc2VhcmNoLnBuZyksIHBvaW50ZXI7IiB0YXJnZXQ9Il9ibGFuayI+PGltZyBzcmM9Imh0dHBzOi8vaW1hZ2UucmFrdXRlbi5jby5qcC9pLW9mZmljZTEvY2FiaW5ldC90azExLzI5MDcxMDFfMDcuanBnIiAgd2lkdGg9IjMyNSIgLz48L2E+CjxwIHN0eWxlPSJwYWRkaW5nOjAgMTBweDsgbWFyZ2luLWJvdHRvbToyMHB4Ij6h9tbQvmSkz1sgPGI+v7m++j+3wLP0PC9iPiBdvmSk8pLx08M8QlI+CtbQpM6l3aXqpailuaXGpeu+ZKTy0X3K/b76t06k2KGi0tbWxoS/ufuk8tbGvvql7KXZpeuky6XRpe+pYKWipcOl16S3pN6kt6S/oaMgIDwvcD4KPC9kaXY+CjxkaXYgc3R5bGU9IndpZHRoOjMyNXB4OyBmbG9hdDpsZWZ0OyBtYXJnaW4tcmlnaHQ6MjBweCI+CjxhIGhyZWY9InRrMTEvMjkwNzEwMV8wNC5qcGciIHN0eWxlPSJjdXJzb3I6dXJsKGh0dHBzOi8vd3d3LnJha3V0ZW4ubmUuanAvZ29sZC9pLW9mZmljZTEvc2VhcmNoLnBuZyksIHBvaW50ZXI7IiB0YXJnZXQ9Il9ibGFuayI+PGltZyBzcmM9Imh0dHBzOi8vaW1hZ2UucmFrdXRlbi5jby5qcC9pLW9mZmljZTEvY2FiaW5ldC90azExLzI5MDcxMDFfMDQuanBnIiAgd2lkdGg9IjMyNSIgLz48L2E+CjxwIHN0eWxlPSJwYWRkaW5nOjAgMTBweDsgbWFyZ2luLWJvdHRvbToyMHB4Ij6h9qW6pey3wNa5pM7LxNPnpbSl4Li2pK08L3A+CjwvZGl2PgoKPGRpdiBzdHlsZT0id2lkdGg6MzI1cHg7IGZsb2F0OmxlZnQiPgo8YSBocmVmPSJ0azExLzI5MDcxMDFfMDUuanBnIiBzdHlsZT0iY3Vyc29yOnVybChodHRwczovL3d3dy5yYWt1dGVuLm5lLmpwL2dvbGQvaS1vZmZpY2UxL3NlYXJjaC5wbmcpLCBwb2ludGVyOyIgdGFyZ2V0PSJfYmxhbmsiPjxpbWcgc3JjPSJodHRwczovL2ltYWdlLnJha3V0ZW4uY28uanAvaS1vZmZpY2UxL2NhYmluZXQvdGsxMS8yOTA3MTAxXzA1LmpwZyIgIHdpZHRoPSIzMjUiIC8+PC9hPgo8cCBzdHlsZT0icGFkZGluZzowIDEwcHg7IG1hcmdpbi1ib3R0b206MjBweCI+ofbPtOWqpc2lw6XIuLakrTwvcD4KPC9kaXY+CjwvZGl2PjxpbWcgc3JjPSJodHRwczovL2ltYWdlLnJha3V0ZW4uY28uanAvaS1vZmZpY2UxL2NhYmluZXQvdGsxMS8yOTMzMzA1X2xpbmsuanBnIiB1c2VtYXA9IiNNYXAyOTMzMzA1X2xpbmsiIC8+CjxtYXAgbmFtZT0iTWFwMjkzMzMwNV9saW5rIiBpZD0iTWFwMjkzMzMwNV9saW5rIj4KICA8YXJlYSBzaGFwZT0icmVjdCIgY29vcmRzPSIxNiw1MjMsMzI2LDU3MSIgaHJlZj0iaHR0cHM6Ly9pdGVtLnJha3V0ZW4uY28uanAvaS1vZmZpY2UxLzI5MzMzMTAvIiAvPgogIDxhcmVhIHNoYXBlPSJyZWN0IiBjb29yZHM9IjE3LDQ2MiwzMjcsNTEwIiBocmVmPSJodHRwczovL2l0ZW0ucmFrdXRlbi5jby5qcC9pLW9mZmljZTEvMjkzMzMwOC8iIC8+PGFyZWEgc2hhcGU9InJlY3QiIGNvb3Jkcz0iMzQ2LDQ2Miw2NTYsNTEwIiBocmVmPSJodHRwczovL2l0ZW0ucmFrdXRlbi5jby5qcC9pLW9mZmljZTEvMjkzMzMwOS8iIC8+CiAgPGFyZWEgc2hhcGU9InJlY3QiIGNvb3Jkcz0iMTcsNDAxLDMyNyw0NDkiIGhyZWY9Imh0dHBzOi8vaXRlbS5yYWt1dGVuLmNvLmpwL2ktb2ZmaWNlMS8yOTMzMzA2LyIgLz48YXJlYSBzaGFwZT0icmVjdCIgY29vcmRzPSIzNDYsNDAxLDY1Niw0NDkiIGhyZWY9Imh0dHBzOi8vaXRlbS5yYWt1dGVuLmNvLmpwL2ktb2ZmaWNlMS8yOTMzMzA3LyIgLz4KICA8YXJlYSBzaGFwZT0icmVjdCIgY29vcmRzPSIxNywyOTUsMzI3LDM0MyIgaHJlZj0iaHR0cHM6Ly9pdGVtLnJha3V0ZW4uY28uanAvaS1vZmZpY2UxLzI5MzMzMDQvIiAvPgogIDxhcmVhIHNoYXBlPSJyZWN0IiBjb29yZHM9IjM0NiwyOTUsNjU2LDM0MyIgaHJlZj0iaHR0cHM6Ly9pdGVtLnJha3V0ZW4uY28uanAvaS1vZmZpY2UxLzI5MzM1NzgvIiAvPgogIDxhcmVhIHNoYXBlPSJyZWN0IiBjb29yZHM9IjM0NiwyMzQsNjU2LDI4MiIgaHJlZj0iaHR0cHM6Ly9pdGVtLnJha3V0ZW4uY28uanAvaS1vZmZpY2UxLzI5MzMzMDMvIiAvPjxhcmVhIHNoYXBlPSJyZWN0IiBjb29yZHM9IjE3LDIzNCwzMjcsMjgyIiBocmVmPSJodHRwczovL2l0ZW0ucmFrdXRlbi5jby5qcC9pLW9mZmljZTEvMjkzMzMwMi8iIC8+CiAgPGFyZWEgc2hhcGU9InJlY3QiIGNvb3Jkcz0iMzQ2LDE3NCw2NTYsMjIyIiBocmVmPSJodHRwczovL2l0ZW0ucmFrdXRlbi5jby5qcC9pLW9mZmljZTEvMjkzMzMwMS8iIC8+PGFyZWEgc2hhcGU9InJlY3QiIGNvb3Jkcz0iMTcsMTc0LDMyNywyMjIiIGhyZWY9Imh0dHBzOi8vaXRlbS5yYWt1dGVuLmNvLmpwL2ktb2ZmaWNlMS8yOTMzNTc3LyIgLz4KPGFyZWEgc2hhcGU9InJlY3QiIGNvb3Jkcz0iMzQ4LDExMiw2NTgsMTYwIiBocmVmPSJodHRwczovL2l0ZW0ucmFrdXRlbi5jby5qcC9pLW9mZmljZTEvMjkzMzMwMC8iIC8+PGFyZWEgc2hhcGU9InJlY3QiIGNvb3Jkcz0iMTgsMTEzLDMyOCwxNjEiIGhyZWY9Imh0dHBzOi8vaXRlbS5yYWt1dGVuLmNvLmpwL2ktb2ZmaWNlMS8yOTMzMzA1LyIgLz48L21hcD48YnI+PGJyPgo8aW1nIHNyYz0iaHR0cHM6Ly9pbWFnZS5yYWt1dGVuLmNvLmpwL2ktb2ZmaWNlMS9jYWJpbmV0L3RrNy9iZWRwYWRfbGluZS5qcGciIGFsdD0iIiAgICA+PGJyPjxicj4KPGltZyBzcmM9Imh0dHBzOi8vaW1hZ2UucmFrdXRlbi5jby5qcC9pLW9mZmljZTEvY2FiaW5ldC90azcvYmVkcGFkX2xpbmsuanBnIiBhbHQ9IiIgICB1c2VtYXA9IiNNYXAyOSIgID4KPG1hcCBuYW1lPSJNYXAyOSIgaWQ9Ik1hcDI5Ij4KICA8YXJlYSBzaGFwZT0icmVjdCIgY29vcmRzPSI1MTMsODI0LDY1OSw4NjAiIGhyZWY9Imh0dHBzOi8vaXRlbS5yYWt1dGVuLmNvLmpwL2ktb2ZmaWNlMS8yOTMzMzkxLyIgLz4KICA8YXJlYSBzaGFwZT0icmVjdCIgY29vcmRzPSI1MTMsNzgzLDY1OSw4MTkiIGhyZWY9Imh0dHBzOi8vaXRlbS5yYWt1dGVuLmNvLmpwL2ktb2ZmaWNlMS8yOTMzMzQzLyIgLz4KICA8YXJlYSBzaGFwZT0icmVjdCIgY29vcmRzPSI1MTQsNzI2LDY2MCw3NjIiIGhyZWY9Imh0dHBzOi8vaXRlbS5yYWt1dGVuLmNvLmpwL2ktb2ZmaWNlMS8yOTMzMzg2LyIgLz4KICA8YXJlYSBzaGFwZT0icmVjdCIgY29vcmRzPSI1MTQsNjgxLDY2MCw3MTciIGhyZWY9Imh0dHBzOi8vaXRlbS5yYWt1dGVuLmNvLmpwL2ktb2ZmaWNlMS8yOTAwMTc1LyIgLz4KICA8YXJlYSBzaGFwZT0icmVjdCIgY29vcmRzPSI1MTIsNjI2LDY1OCw2NjIiIGhyZWY9Imh0dHBzOi8vaXRlbS5yYWt1dGVuLmNvLmpwL2ktb2ZmaWNlMS8yOTMzMzgwLyIgLz4KICA8YXJlYSBzaGFwZT0icmVjdCIgY29vcmRzPSI1MTQsNTgxLDY2MCw2MTciIGhyZWY9Imh0dHBzOi8vaXRlbS5yYWt1dGVuLmNvLmpwL2ktb2ZmaWNlMS8yOTMzMzMyLyIgLz4KICA8YXJlYSBzaGFwZT0icmVjdCIgY29vcmRzPSI1MTIsNTMwLDY1OCw1NjYiIGhyZWY9Imh0dHBzOi8vaXRlbS5yYWt1dGVuLmNvLmpwL2ktb2ZmaWNlMS8yOTMzMzc1LyIgLz4KICA8YXJlYSBzaGFwZT0icmVjdCIgY29vcmRzPSI1MTMsNDg1LDY1OSw1MjEiIGhyZWY9Imh0dHBzOi8vaXRlbS5yYWt1dGVuLmNvLmpwL2ktb2ZmaWNlMS8yOTMzMzI3LyIgLz4KICA8YXJlYSBzaGFwZT0icmVjdCIgY29vcmRzPSI1MTMsNDI2LDY1OSw0NjIiIGhyZWY9Imh0dHBzOi8vaXRlbS5yYWt1dGVuLmNvLmpwL2ktb2ZmaWNlMS8yOTA3MjAxLyIgLz4KICA8YXJlYSBzaGFwZT0icmVjdCIgY29vcmRzPSI1MTQsMzg0LDY2MCw0MjAiIGhyZWY9Imh0dHBzOi8vaXRlbS5yYWt1dGVuLmNvLmpwL2ktb2ZmaWNlMS8yOTMzMzE2LyIgLz4KICA8YXJlYSBzaGFwZT0icmVjdCIgY29vcmRzPSI1MTQsMzI3LDY2MCwzNjMiIGhyZWY9Imh0dHBzOi8vaXRlbS5yYWt1dGVuLmNvLmpwL2ktb2ZmaWNlMS8yOTMzMzU5LyIgLz4KICA8YXJlYSBzaGFwZT0icmVjdCIgY29vcmRzPSI1MTEsMjg2LDY1NywzMjIiIGhyZWY9Imh0dHBzOi8vaXRlbS5yYWt1dGVuLmNvLmpwL2ktb2ZmaWNlMS8yOTMzMzExLyIgLz4KICA8YXJlYSBzaGFwZT0icmVjdCIgY29vcmRzPSI1MTIsMjI2LDY1OCwyNjIiIGhyZWY9Imh0dHBzOi8vaXRlbS5yYWt1dGVuLmNvLmpwL2ktb2ZmaWNlMS8yOTA3MTAxLyIgLz4KICA8YXJlYSBzaGFwZT0icmVjdCIgY29vcmRzPSI1MTMsMTgyLDY1OSwyMTgiIGhyZWY9Imh0dHBzOi8vaXRlbS5yYWt1dGVuLmNvLmpwL2ktb2ZmaWNlMS8yOTMzMzAwLyIgLz4KPC9tYXA+Cjxicj4KPGJyPjxCUj48QlI+PGlmcmFtZSBzcmM9Imh0dHBzOi8vd3d3LnJha3V0ZW4ubmUuanAvZ29sZC9rYWd1bWFydS8wMzMvZnJhbmNlYmVkX2NhdF9pLW9mZmljZTEuaHRtbCIgd2lkdGg9IjY4NSIgaGVpZ2h0PSIyMzAwIiBmcmFtZWJvcmRlcj0iMCIgc2Nyb2xsaW5nPSJubyI+CqSqyrmkpKTOpdal6aWmpbakz6WkpfOl6aWkpfOl1aXsqWCl4KTLzrSMnY/qpM6k6KSmpMekuaGjCqSqytbK/aTHpLmkrKSzpM6yv7fWpM8gaWZyYW1lIIydj+qkzqXWpemlpqW2pMfSiqTGpK+kwKS1pKShozxicj4KPC9pZnJhbWU+PEJSPjxCUj48QlI+PHAgc3R5bGU9ImNvbG9yOiNGRjAwMDA7Ij6h+Ztfv0k/63iNdT/Su7K/32i49LXYpNikzqSqveyksaTPs/bAtKTepLuk86GjPEJSPgo8cCBjbGFzcz0iZGVsaXZfZmVlX2hva3UiPrGxuqO1wKTYpM7F5MvNpM+EZc2+y83Bz6SspKukq6TqpN6kuaGjPGJyPrGxuqO1wMvNwc+juqG+sbEzob+lv6Wkpdc8L3A+CqH5lXLpZ9a4tqikzzGx46OoOS0xNJVyo6mhojKx46OoMTItMTiVcqOpoaK9S8jVseOjqDktMTiVcqOppM6k36TIpMqk6qTepLmhozxCUj4KP7XY0/Kky6TopMOkxsXky82kzurXyNWkrM/etqiktaTspOuI9rrPpOShopVy6WfWuLaopKyz0KTspMqkpIj2us+krKS0pLakpKTepLmhozxCUj4KPEJSPjxwIHN0eWxlPSJjb2xvcjojRkYwMDAwOyI+ofml1aXppfOluaXZpcOlycnn0XXGt6TPobjK3NeiyfquYqG5pMikyqTqpN6kuaGjsGvLzaTepMcy30zpZ7PMpKqVculnpPLtlKSviPa6z6SspLSktqSkpN6kuaGjpMmkpqSrpLTBy7PQz8KktaSkoaM8L3A+PGhyIHN0eWxlPSJib3JkZXI6IG5vbmU7IGJvcmRlci10b3A6IGRhc2hlZCAxcHggIzAwMDAwMDtoZWlnaHQ6IDFweDsgY29sb3I6ICNmZmZmZmY7Ij7JzMa3pbWlpKW6o7q3+Tg1ocGwwtDQMTk1Y208QlI+ob6l2aXDpcml0aXDpcmhv6HBMcO2KM+05aqlzaXDpci4tik8YnI+CtSRpOHO76Ghpd2l6qWopbmlxqXrMTAwJaOov7m++rfAs/S807mko6k8YnI+CoLItdihoaXdpeqlqKW5pcal6zY1JaGhvmQzNSU8YnI+yfquYrn6o7rW0Ln6PEJSPgrW2MG/o7oKMC42a2c8QlI+CjxociBzdHlsZT0iYm9yZGVyOiBub25lOyBib3JkZXItdG9wOiBkYXNoZWQgMXB4ICMwMDAwMDA7aGVpZ2h0OiAxcHg7IGNvbG9yOiAjZmZmZmZmOyI+pdClpKWqpdmlw6XJpdGlw6XJpM+hos+05aqZQ6THzejPtKSkpKy/ycTcpMekuaGjpN6kv6Gi1tC+ZKTLpM+/ub76t8Cz9LzTuaSk8qS3pMakqqTqoaLH5Z2NpMuxo6TEpLOkyKSss/bAtKTepLmhozxzdHlsZSB0eXBlPSJ0ZXh0L2NzcyI+CiNyYW5raW5nX2l0ZW1wYWdlX3JtcyB7CndpZHRoOjY4MHB4Owpmb250LXNpemU6MTJweDsKYm9yZGVyOnNvbGlkIDVweCAjRkZCNDAwOwpiYWNrZ3JvdW5kOiAjZmZmCn0KCiNyYW5raW5nX2l0ZW1wYWdlX3JtcyBkaXYgewpiYWNrZ3JvdW5kOiB1cmwoaHR0cDovL3d3dy5yYWt1dGVuLm5lLmpwL2dvbGQvaS1vZmZpY2UxL2ltYWdlcy9iYWNrX3Jhbmtpbmdfcm1zLnBuZykgbm8tcmVwZWF0Owpib3JkZXItdG9wOnNvbGlkIDVweCAjRkZCNDAwOwp9CgojcmFua2luZ19pdGVtcGFnZV9ybXMgYSB7CnRleHQtZGVjb3JhdGlvbjpub25lOwp9CgojcmFua2luZ19pdGVtcGFnZV9ybXMgaW1nIHsKYm9yZGVyOjAKfQoKI3JhbmtpbmdfaXRlbXBhZ2Vfcm1zIGE6aG92ZXIgewp0ZXh0LWRlY29yYXRpb246dW5kZXJsaW5lCn0KCiNyYW5raW5nX2l0ZW1wYWdlX3JtcyAudGl0bGUgewpwYWRkaW5nLXRvcDoyMHB4OwptYXJnaW46MAp9CgojcmFua2luZ19pdGVtcGFnZV9ybXMgLnRpdGxlIGltZyB7CndpZHRoOjk2LjUlOwpwYWRkaW5nLWxlZnQ6MiUKfQoKI3JhbmtpbmdfaXRlbXBhZ2Vfcm1zIHVsIHsKbWFyZ2luOjA7CnBhZGRpbmc6MiU7Cn0KCiNyYW5raW5nX2l0ZW1wYWdlX3JtcyBsaSB7CndpZHRoOjE4JTsKbWFyZ2luLXJpZ2h0OjIlOwpsaXN0LXN0eWxlOiBub25lOwpmbG9hdDpsZWZ0OwpsaW5lLWhlaWdodDoxLjY7Cn0KCiNyYW5raW5nX2l0ZW1wYWdlX3JtcyAucmFua2ljb24gewp3aWR0aDo2NXB4OwptYXJnaW4tYm90dG9tOjEwcHgKfQoKI3JhbmtpbmdfaXRlbXBhZ2Vfcm1zIGxpOm50aC1jaGlsZCgxKSB7CndpZHRoOjIwJTsKfQoKI3JhbmtpbmdfaXRlbXBhZ2Vfcm1zIGxpOm50aC1jaGlsZCg1KSB7Cm1hcmdpbi1yaWdodDowCn0KCiNyYW5raW5nX2l0ZW1wYWdlX3JtcyBsaSBpbWcgewp3aWR0aDoxMDAlCn0KCiNyYW5raW5nX2l0ZW1wYWdlX3JtcyBsaSBwIHsKZGlzcGxheTpibG9jazsKbWFyZ2luOjAKfQoKI3JhbmtpbmdfaXRlbXBhZ2Vfcm1zIGxpIGEgewpjb2xvcjojNTc5REU1Cn0KCiNyYW5raW5nX2l0ZW1wYWdlX3JtcyBsaSBwLml0ZW1fbmFtZSB7CmZvbnQtc2l6ZToxMXB4OwpoZWlnaHQ6NjBweAp9CgojcmFua2luZ19pdGVtcGFnZV9ybXMgbGk6bnRoLWNoaWxkKDEpIHAuaXRlbV9uYW1lIHsKaGVpZ2h0OjYwcHgKfQoKI3JhbmtpbmdfaXRlbXBhZ2Vfcm1zIGxpIHAucHJpY2Ugewpmb250LXNpemU6MTRweDsKZm9udC13ZWlnaHQ6Ym9sZDsKY29sb3I6I0ZGMDAwMDsKfQoKLyrZSaSkzu+lq6W0pdylv6XzKi8KI3Jha3V0ZW5MaW1pdGVkSWRfYXJvdW5kQ2FydCBpbnB1dFt2YWx1ZT0i2UmkpM7vpKuktKTLyOuk7KTrIl0sIGlucHV0W3ZhbHVlPSLT6LxzpLmk6yJdCiB7CndpZHRoOiAyMzNweDsKaGVpZ2h0OiA1MnB4OwpiYWNrZ3JvdW5kOnVybChodHRwOi8vaW1hZ2UucmFrdXRlbi5jby5qcC9pLW9mZmljZTEvY2FiaW5ldC8wMzk0MjAzNy9jYXJ0LmdpZikgI2ZjZmNmYyBuby1yZXBlYXQ7Cm92ZXJmbG93OiBoaWRkZW47CmJvcmRlci13aWR0aDogMHB4OwpjdXJzb3I6IHBvaW50ZXIgIWltcG9ydGFudDsKdGV4dC1pbmRlbnQ6IDE1MCU7CndoaXRlLXNwYWNlOiBub3dyYXA7Cm1hcmdpbjogNXB4IDAgMCAwOwp9CgoKLyqCgMr9yOvBpiovCiNyYWt1dGVuTGltaXRlZElkX2Fyb3VuZENhcnQgaW5wdXQjdW5pdHMgewpib3JkZXI6c29saWQgI2NjYyAxcHg7CmJhY2tncm91bmQ6I2ZmZiFpbXBvcnRhbnQ7CmN1cnNvcjphdXRvOwp0ZXh0LWluZGVudDogMHB4OwpvdmVyZmxvdzogaGlkZGVuOwp9CgojcmFrdXRlbkxpbWl0ZWRJZF9hcm91bmRDYXJ0ICogewpmb250LWZhbWlseTogIqPNo9Mgo9CltKW3pcOlryIsc2Fucy1zZXJpZiAhaW1wb3J0YW50Owp9CgojcmFrdXRlbkxpbWl0ZWRJZF9hcm91bmRDYXJ0ICNzZXJ2aWNlVGFibGVTbWwgdGQuZmF2b3JpdGUgewp3aWR0aDogMzAwcHggIWltcG9ydGFudDsKfQoKLyqlq6lgpcjJzMa3t6y6xSovCnNwYW4uaXRlbV9udW1iZXJfdGl0bGUgewpiYWNrZ3JvdW5kOiBub25lIHJlcGVhdCBzY3JvbGwgMCAwICMzYjU5OTg7CmNvbG9yOiAjZmZmOwpkaXNwbGF5OiBibG9jazsKZmxvYXQ6IGxlZnQ7Cm1hcmdpbi1ib3R0b206IDIwcHg7CnBhZGRpbmc6IDNweCA2cHg7CmZvbnQtc2l6ZTogMTAwJSAhaW1wb3J0YW50Owp9CgpzcGFuLml0ZW1fbnVtYmVyIHsKYm9yZGVyOiAxcHggc29saWQgIzNiNTk5ODsKY29sb3I6ICMwMDAwMDA7CmRpc3BsYXk6IGJsb2NrOwpmb250LXdlaWdodDogYm9sZDsKbGV0dGVyLXNwYWNpbmc6IDAuMWVtOwptYXJnaW4tYm90dG9tOiAyMHB4OwptYXJnaW4tbGVmdDogLTAuNWVtOwpwYWRkaW5nOiAycHggOHB4Owp9Cgo8L3N0eWxlPgoKPGRpdiBpZD0icmFua2luZ19pdGVtcGFnZV9ybXMiPgo8ZGl2Pgo8cCBjbGFzcz0idGl0bGUiPjxpbWcgc3JjPSJodHRwOi8vd3d3LnJha3V0ZW4ubmUuanAvZ29sZC9pLW9mZmljZTEvaW1hZ2VzL3RpdGxlX3Jhbmtpbmdfcm1zLnBuZyIgLz48L3A+Cjx1bD4KPGxpPjxpbWcgc3JjPSJodHRwOi8vd3d3LnJha3V0ZW4ubmUuanAvZ29sZC9pLW9mZmljZTEvaW1hZ2VzL3JhbmtpY29uMV9yYW5raW5nX3Jtcy5wbmciIGNsYXNzPSJyYW5raWNvbiIgLz48aW1nIHNyYz0iaHR0cDovL2ltYWdlLnJha3V0ZW4uY28uanAvaS1vZmZpY2UxL2NhYmluZXQvdGFrZTkvMjMzMDAwMjIuanBnIiAvPjxwIGNsYXNzPSJpdGVtX25hbWUiPqG+yNWxvtF1ob/N6M+0pKRPS6Oh0fLDqzEwMKOlyrnTw6Ohz/uz9KWmqWCl67fzpK2l0aXDpck8L3A+PHAgY2xhc3M9InByaWNlIj41LDk4MIPSPC9wPjwvbGk+CjxsaT48aW1nIHNyYz0iaHR0cDovL3d3dy5yYWt1dGVuLm5lLmpwL2dvbGQvaS1vZmZpY2UxL2ltYWdlcy9yYW5raWNvbjJfcmFua2luZ19ybXMucG5nIiBjbGFzcz0icmFua2ljb24iIC8+PGltZyBzcmM9Imh0dHA6Ly9pbWFnZS5yYWt1dGVuLmNvLmpwL2ktb2ZmaWNlMS9jYWJpbmV0L3RrOS8xMTIwMTIxNC5qcGciIC8+PHAgY2xhc3M9Iml0ZW1fbmFtZSI+pNWk76TVpO+l3qW3peWl3qXtpb+lw6XBoe+koqTDpL+kq6XepaSlr6XtpdWloaWkpdCpYLfzpdGlw6XJPC9wPjxwIGNsYXNzPSJwcmljZSI+MiwyOTGD0jwvcD48L2xpPgo8bGk+PGltZyBzcmM9Imh0dHA6Ly93d3cucmFrdXRlbi5uZS5qcC9nb2xkL2ktb2ZmaWNlMS9pbWFnZXMvcmFua2ljb24zX3Jhbmtpbmdfcm1zLnBuZyIgY2xhc3M9InJhbmtpY29uIiAvPjxpbWcgc3JjPSJodHRwOi8vaW1hZ2UucmFrdXRlbi5jby5qcC9pLW9mZmljZTEvY2FiaW5ldC90azkvMTEyMDA2NzcuanBnIiAvPjxwIGNsYXNzPSJpdGVtX25hbWUiPqTVpO+k1aTvpd6lt6Xlpd6l7aW/pcOlwaHvpKKkw6S/pKul3qWkpa+l7aXVpaGlpKXQqWDDq7K8PC9wPjxwIGNsYXNzPSJwcmljZSI+MiwyOTGD0jwvcD48L2xpPgo8bGk+PGltZyBzcmM9Imh0dHA6Ly93d3cucmFrdXRlbi5uZS5qcC9nb2xkL2ktb2ZmaWNlMS9pbWFnZXMvcmFua2ljb240X3Jhbmtpbmdfcm1zLnBuZyIgY2xhc3M9InJhbmtpY29uIiAvPjxpbWcgc3JjPSJodHRwOi8vaW1hZ2UucmFrdXRlbi5jby5qcC9pLW9mZmljZTEvY2FiaW5ldC90Ym01LzE0MDUxMDIyLmpwZyIgLz48cCBjbGFzcz0iaXRlbV9uYW1lIj6hvqWipeSlyKW5ob9maW5sYXlzb24gpdGl86XAsfql6qXQqWClt6XWpevDq7K8ob6WfL6pzve0qKG/PC9wPjxwIGNsYXNzPSJwcmljZSI+OCw2NDCD0jwvcD48L2xpPgo8bGk+PGltZyBzcmM9Imh0dHA6Ly93d3cucmFrdXRlbi5uZS5qcC9nb2xkL2ktb2ZmaWNlMS9pbWFnZXMvcmFua2ljb241X3Jhbmtpbmdfcm1zLnBuZyIgY2xhc3M9InJhbmtpY29uIiAvPjxpbWcgc3JjPSJodHRwOi8vaW1hZ2UucmFrdXRlbi5jby5qcC9pLW9mZmljZTEvY2FiaW5ldC9pY2hpMTIvMzg1MDA3NC5qcGciIC8+PHAgY2xhc3M9Iml0ZW1fbmFtZSI+ob7dWMG/ob/T8MOrpM4ysbakoqS/pL+kq6Sko6Glt6XzpbWl7KlgpcilpqXrpcil6ZLspLGyvIfiPC9wPjxwIGNsYXNzPSJwcmljZSI+NSw5ODCD0jwvcD48L2xpPgoKCjxiciBzdHlsZT0iY2xlYXI6Ym90aCIgLz4KPC91bD4KPC9kaXY+CgoKPC9kaXY+,pdWl6aXzpbml2aXDpckgpaalqaXDpbel46XWpesgpdClpKWqpdmlw6XJpdGlw6XJIKW7pd+lt6XzpbCl6yClqqlgpeul3qWkpcalo6TLyrmkqKTro6G/ub76t8Cz9LzTuaQgz7SkqKTrIKXQpaSlqqXZpcOlyaXRpcOlySClu6Xfpbel86Wwpesgt/Ol0aXDpckgt/OkraXRpcOlydF1IGZyYW5jZWJlZKO6vNK+36TOpaSl86XGpeqloqWqpdWlo6W5pe+l8w==,pdmlw6XJpb2l1aWhqWCl1aXppfOluaXZpcOlybzSvt8gzajYnMfevt+yvIfipaupYKXapcOlyKXHpbmlr6XBpaeloqlgpcapYKXWpeuFp7x7vNK+36W9pdWloalgpdmlw6XJpcal7KXTzKjX+dLO19PS/dS9pLfQwr7TpaupYKXGpfOlpKXzpcal6qWipbel56XDpdel1aXppfOluaXZpcOlySClpqWppcOlt6Xjpdal6yCl0KWkpaql2aXDpcml0aXDpckgpbul36W3pfOlsKXrIKWqqWCl66XepaSlxqWjpMvKuaSopOujob+5vvq3wLP0vNO5pCDPtKSopOsgpdClpKWqpdmlw6XJpdGlw6XJIKW7pd+lt6XzpbCl6yC386XRpcOlySC386StpdGlw6XJ0XUgZnJhbmNlYmVk,paalqaXDpbel46XWpesgpdClpKWqpdmlw6XJpdGlw6XJIKW7pd+lt6XzpbCl6yCho6XVpeml86W5pdmlw6XJIKWmpamlw6W3peOl1qXrIKXQpaSlqqXZpcOlyaXRpcOlySClu6Xfpbel86WwpesgpaqpYKXrpd6lpKXGpaOky8q5pKik66Ohv7m++rfAs/S807mkIM+0pKik6yCl0KWkpaql2aXDpcml0aXDpckgpbul36W3pfOlsKXrILfzpdGlw6XJILfzpK2l0aXDpcnRdSBmcmFuY2ViZWQ=[rn]
40-32998,aHR0cDovL3RzaG9wLnIxMHMuanAvaS1vZmZpY2UxL2NhYmluZXQvdGsxMS8yOTMzMzA2LmpwZz9maXRpbj03MDA6NzAw,NjkxMi4wMDAw,,paSl86XGpeqloj/H3r7fP4WnvHsgPiDH3r7fID4gpdmlw6XJpdGlw6XJ,pdWl6aXzpbml2aXDpckgpaalqaXDpbel46XWpesgpdClpKWqpdmlw6XJpdGlw6XJIKW3pfOlsKXrpe2l86WwIKWqqWCl66XepaSlxqWjpMvKuaSopOujob+5vvq3wLP0vNO5pCDPtKSopOsgpdClpKWqpdmlw6XJpdGlw6XJIKW7pd+lt6XzpbCl6yC386XRpcOlySC386StpdGlw6XJ0XUgZnJhbmNlYmVk,paalqaXDpbel46XWpesgpdClpKWqpdmlw6XJpdGlw6XJIKW3pfOlsKXrpe2l86Ww,Cgo8ZGl2IHN0eWxlPSJ3aWR0aDo2NzBweDsgZm9udC1zaXplOjE2cHg7IGxpbmUtaGVpZ2h0OjEuNjsgZm9udC1mYW1pbHk6J0hpcmFnaW5vIEtha3UgR290aGljIFByb04nLCBNZWlyeW8sIHNhbnMtc2VyaWY7IGNvbG9yOiMzMzMiPgogIDxpbWcgc3JjPSJodHRwczovL2ltYWdlLnJha3V0ZW4uY28uanAvaS1vZmZpY2UxL2NhYmluZXQvdGsxMS8yOTMzMzA2LmpwZyIgYWx0PSKl1aXppfOluaXZpcOlyaGhpdClpKWqpdmlw6XJpdGlw6XJK6W3qWClxDK146W7pcOlyCIgLz4KICA8aDQgc3R5bGU9ImJvcmRlci1sZWZ0OnNvbGlkIDhweCAjMzMzOyBwYWRkaW5nLWxlZnQ6MjBweDsgZm9udC1zaXplOjE4cHgiPqS1pO+k6tDEtdikrKTopOqlvaXVpciky6TKpMOkv6Giv7m++j+3wLP0pM6l0KWkpaql2aXDpcml0aXDpcmlt6XqqWCluqGjPC9oND4KPGltZyBzcmM9Imh0dHBzOi8vaW1hZ2UucmFrdXRlbi5jby5qcC9pLW9mZmljZTEvY2FiaW5ldC90azExLzI5MDcxMDFfMDMuanBnIiAvPgo8cCBzdHlsZT0icGFkZGluZzowIDEwcHg7IG1hcmdpbi1ib3R0b206MjBweCI+pdClpKWqpdmlw6XJpdGlw6XJpM+hos+05aqZQ6THzejPtKSkpKy/ycTcpMekuaGjpN6kv6Gi1tC+ZKTLpM+/ub76t8Cz9LzTuaSk8qS3pMakqqTqoaLH5Z2NpMuxo6TEpLOkyKSss/bAtKTepLmhozwvcD4KPGRpdiBzdHlsZT0id2lkdGg6MzI1cHg7IGZsb2F0OmxlZnQ7IG1hcmdpbi1yaWdodDoyMHB4Ij4KPGEgaHJlZj0idGsxMS8yOTA3MTAxXzA2LmpwZyIgc3R5bGU9ImN1cnNvcjp1cmwoaHR0cHM6Ly93d3cucmFrdXRlbi5uZS5qcC9nb2xkL2ktb2ZmaWNlMS9zZWFyY2gucG5nKSwgcG9pbnRlcjsiIHRhcmdldD0iX2JsYW5rIj48aW1nIHNyYz0iaHR0cHM6Ly9pbWFnZS5yYWt1dGVuLmNvLmpwL2ktb2ZmaWNlMS9jYWJpbmV0L3RrMTEvMjkwNzEwMV8wNi5qcGciICB3aWR0aD0iMzI1IiAvPjwvYT4KPHAgc3R5bGU9InBhZGRpbmc6MCAxMHB4OyBtYXJnaW4tYm90dG9tOjIwcHgiPqH2tKWk6tDEtdikrKTopOqlvaXVpcikyzxCUj6l2aXDpcml0aXDpcmkzrSlpOrQxLXYpKzI4aTppKukr6W9pdWlyKTLpMqk6qGipd6lw6XIpeyluaTOx97QxLXYpPKTcKTKpKSk3qS7pPOhozwvcD4KPC9kaXY+Cgo8ZGl2IHN0eWxlPSJ3aWR0aDozMjVweDsgZmxvYXQ6bGVmdCI+CjxhIGhyZWY9InRrMTEvMjkwNzEwMV8wNy5qcGciIHN0eWxlPSJjdXJzb3I6dXJsKGh0dHBzOi8vd3d3LnJha3V0ZW4ubmUuanAvZ29sZC9pLW9mZmljZTEvc2VhcmNoLnBuZyksIHBvaW50ZXI7IiB0YXJnZXQ9Il9ibGFuayI+PGltZyBzcmM9Imh0dHBzOi8vaW1hZ2UucmFrdXRlbi5jby5qcC9pLW9mZmljZTEvY2FiaW5ldC90azExLzI5MDcxMDFfMDcuanBnIiAgd2lkdGg9IjMyNSIgLz48L2E+CjxwIHN0eWxlPSJwYWRkaW5nOjAgMTBweDsgbWFyZ2luLWJvdHRvbToyMHB4Ij6h9tbQvmSkz1sgPGI+v7m++j+3wLP0PC9iPiBdvmSk8pLx08M8QlI+CtbQpM6l3aXqpailuaXGpeu+ZKTy0X3K/b76t06k2KGi0tbWxoS/ufuk8tbGvvql7KXZpeuky6XRpe+pYKWipcOl16S3pN6kt6S/oaMgIDwvcD4KPC9kaXY+CjxkaXYgc3R5bGU9IndpZHRoOjMyNXB4OyBmbG9hdDpsZWZ0OyBtYXJnaW4tcmlnaHQ6MjBweCI+CjxhIGhyZWY9InRrMTEvMjkwNzEwMV8wNC5qcGciIHN0eWxlPSJjdXJzb3I6dXJsKGh0dHBzOi8vd3d3LnJha3V0ZW4ubmUuanAvZ29sZC9pLW9mZmljZTEvc2VhcmNoLnBuZyksIHBvaW50ZXI7IiB0YXJnZXQ9Il9ibGFuayI+PGltZyBzcmM9Imh0dHBzOi8vaW1hZ2UucmFrdXRlbi5jby5qcC9pLW9mZmljZTEvY2FiaW5ldC90azExLzI5MDcxMDFfMDQuanBnIiAgd2lkdGg9IjMyNSIgLz48L2E+CjxwIHN0eWxlPSJwYWRkaW5nOjAgMTBweDsgbWFyZ2luLWJvdHRvbToyMHB4Ij6h9qW6pey3wNa5pM7LxNPnpbSl4Li2pK08L3A+CjwvZGl2PgoKPGRpdiBzdHlsZT0id2lkdGg6MzI1cHg7IGZsb2F0OmxlZnQiPgo8YSBocmVmPSJ0azExLzI5MDcxMDFfMDUuanBnIiBzdHlsZT0iY3Vyc29yOnVybChodHRwczovL3d3dy5yYWt1dGVuLm5lLmpwL2dvbGQvaS1vZmZpY2UxL3NlYXJjaC5wbmcpLCBwb2ludGVyOyIgdGFyZ2V0PSJfYmxhbmsiPjxpbWcgc3JjPSJodHRwczovL2ltYWdlLnJha3V0ZW4uY28uanAvaS1vZmZpY2UxL2NhYmluZXQvdGsxMS8yOTA3MTAxXzA1LmpwZyIgIHdpZHRoPSIzMjUiIC8+PC9hPgo8cCBzdHlsZT0icGFkZGluZzowIDEwcHg7IG1hcmdpbi1ib3R0b206MjBweCI+ofbPtOWqpc2lw6XIuLakrTwvcD4KPC9kaXY+CjwvZGl2PjxpbWcgc3JjPSJodHRwczovL2ltYWdlLnJha3V0ZW4uY28uanAvaS1vZmZpY2UxL2NhYmluZXQvdGsxMS8yOTMzMzA1X2xpbmsuanBnIiB1c2VtYXA9IiNNYXAyOTMzMzA1X2xpbmsiIC8+CjxtYXAgbmFtZT0iTWFwMjkzMzMwNV9saW5rIiBpZD0iTWFwMjkzMzMwNV9saW5rIj4KICA8YXJlYSBzaGFwZT0icmVjdCIgY29vcmRzPSIxNiw1MjMsMzI2LDU3MSIgaHJlZj0iaHR0cHM6Ly9pdGVtLnJha3V0ZW4uY28uanAvaS1vZmZpY2UxLzI5MzMzMTAvIiAvPgogIDxhcmVhIHNoYXBlPSJyZWN0IiBjb29yZHM9IjE3LDQ2MiwzMjcsNTEwIiBocmVmPSJodHRwczovL2l0ZW0ucmFrdXRlbi5jby5qcC9pLW9mZmljZTEvMjkzMzMwOC8iIC8+PGFyZWEgc2hhcGU9InJlY3QiIGNvb3Jkcz0iMzQ2LDQ2Miw2NTYsNTEwIiBocmVmPSJodHRwczovL2l0ZW0ucmFrdXRlbi5jby5qcC9pLW9mZmljZTEvMjkzMzMwOS8iIC8+CiAgPGFyZWEgc2hhcGU9InJlY3QiIGNvb3Jkcz0iMTcsNDAxLDMyNyw0NDkiIGhyZWY9Imh0dHBzOi8vaXRlbS5yYWt1dGVuLmNvLmpwL2ktb2ZmaWNlMS8yOTMzMzA2LyIgLz48YXJlYSBzaGFwZT0icmVjdCIgY29vcmRzPSIzNDYsNDAxLDY1Niw0NDkiIGhyZWY9Imh0dHBzOi8vaXRlbS5yYWt1dGVuLmNvLmpwL2ktb2ZmaWNlMS8yOTMzMzA3LyIgLz4KICA8YXJlYSBzaGFwZT0icmVjdCIgY29vcmRzPSIxNywyOTUsMzI3LDM0MyIgaHJlZj0iaHR0cHM6Ly9pdGVtLnJha3V0ZW4uY28uanAvaS1vZmZpY2UxLzI5MzMzMDQvIiAvPgogIDxhcmVhIHNoYXBlPSJyZWN0IiBjb29yZHM9IjM0NiwyOTUsNjU2LDM0MyIgaHJlZj0iaHR0cHM6Ly9pdGVtLnJha3V0ZW4uY28uanAvaS1vZmZpY2UxLzI5MzM1NzgvIiAvPgogIDxhcmVhIHNoYXBlPSJyZWN0IiBjb29yZHM9IjM0NiwyMzQsNjU2LDI4MiIgaHJlZj0iaHR0cHM6Ly9pdGVtLnJha3V0ZW4uY28uanAvaS1vZmZpY2UxLzI5MzMzMDMvIiAvPjxhcmVhIHNoYXBlPSJyZWN0IiBjb29yZHM9IjE3LDIzNCwzMjcsMjgyIiBocmVmPSJodHRwczovL2l0ZW0ucmFrdXRlbi5jby5qcC9pLW9mZmljZTEvMjkzMzMwMi8iIC8+CiAgPGFyZWEgc2hhcGU9InJlY3QiIGNvb3Jkcz0iMzQ2LDE3NCw2NTYsMjIyIiBocmVmPSJodHRwczovL2l0ZW0ucmFrdXRlbi5jby5qcC9pLW9mZmljZTEvMjkzMzMwMS8iIC8+PGFyZWEgc2hhcGU9InJlY3QiIGNvb3Jkcz0iMTcsMTc0LDMyNywyMjIiIGhyZWY9Imh0dHBzOi8vaXRlbS5yYWt1dGVuLmNvLmpwL2ktb2ZmaWNlMS8yOTMzNTc3LyIgLz4KPGFyZWEgc2hhcGU9InJlY3QiIGNvb3Jkcz0iMzQ4LDExMiw2NTgsMTYwIiBocmVmPSJodHRwczovL2l0ZW0ucmFrdXRlbi5jby5qcC9pLW9mZmljZTEvMjkzMzMwMC8iIC8+PGFyZWEgc2hhcGU9InJlY3QiIGNvb3Jkcz0iMTgsMTEzLDMyOCwxNjEiIGhyZWY9Imh0dHBzOi8vaXRlbS5yYWt1dGVuLmNvLmpwL2ktb2ZmaWNlMS8yOTMzMzA1LyIgLz48L21hcD48YnI+PGJyPgo8aW1nIHNyYz0iaHR0cHM6Ly9pbWFnZS5yYWt1dGVuLmNvLmpwL2ktb2ZmaWNlMS9jYWJpbmV0L3RrNy9iZWRwYWRfbGluZS5qcGciIGFsdD0iIiAgICA+PGJyPjxicj4KPGltZyBzcmM9Imh0dHBzOi8vaW1hZ2UucmFrdXRlbi5jby5qcC9pLW9mZmljZTEvY2FiaW5ldC90azcvYmVkcGFkX2xpbmsuanBnIiBhbHQ9IiIgICB1c2VtYXA9IiNNYXAyOSIgID4KPG1hcCBuYW1lPSJNYXAyOSIgaWQ9Ik1hcDI5Ij4KICA8YXJlYSBzaGFwZT0icmVjdCIgY29vcmRzPSI1MTMsODI0LDY1OSw4NjAiIGhyZWY9Imh0dHBzOi8vaXRlbS5yYWt1dGVuLmNvLmpwL2ktb2ZmaWNlMS8yOTMzMzkxLyIgLz4KICA8YXJlYSBzaGFwZT0icmVjdCIgY29vcmRzPSI1MTMsNzgzLDY1OSw4MTkiIGhyZWY9Imh0dHBzOi8vaXRlbS5yYWt1dGVuLmNvLmpwL2ktb2ZmaWNlMS8yOTMzMzQzLyIgLz4KICA8YXJlYSBzaGFwZT0icmVjdCIgY29vcmRzPSI1MTQsNzI2LDY2MCw3NjIiIGhyZWY9Imh0dHBzOi8vaXRlbS5yYWt1dGVuLmNvLmpwL2ktb2ZmaWNlMS8yOTMzMzg2LyIgLz4KICA8YXJlYSBzaGFwZT0icmVjdCIgY29vcmRzPSI1MTQsNjgxLDY2MCw3MTciIGhyZWY9Imh0dHBzOi8vaXRlbS5yYWt1dGVuLmNvLmpwL2ktb2ZmaWNlMS8yOTAwMTc1LyIgLz4KICA8YXJlYSBzaGFwZT0icmVjdCIgY29vcmRzPSI1MTIsNjI2LDY1OCw2NjIiIGhyZWY9Imh0dHBzOi8vaXRlbS5yYWt1dGVuLmNvLmpwL2ktb2ZmaWNlMS8yOTMzMzgwLyIgLz4KICA8YXJlYSBzaGFwZT0icmVjdCIgY29vcmRzPSI1MTQsNTgxLDY2MCw2MTciIGhyZWY9Imh0dHBzOi8vaXRlbS5yYWt1dGVuLmNvLmpwL2ktb2ZmaWNlMS8yOTMzMzMyLyIgLz4KICA8YXJlYSBzaGFwZT0icmVjdCIgY29vcmRzPSI1MTIsNTMwLDY1OCw1NjYiIGhyZWY9Imh0dHBzOi8vaXRlbS5yYWt1dGVuLmNvLmpwL2ktb2ZmaWNlMS8yOTMzMzc1LyIgLz4KICA8YXJlYSBzaGFwZT0icmVjdCIgY29vcmRzPSI1MTMsNDg1LDY1OSw1MjEiIGhyZWY9Imh0dHBzOi8vaXRlbS5yYWt1dGVuLmNvLmpwL2ktb2ZmaWNlMS8yOTMzMzI3LyIgLz4KICA8YXJlYSBzaGFwZT0icmVjdCIgY29vcmRzPSI1MTMsNDI2LDY1OSw0NjIiIGhyZWY9Imh0dHBzOi8vaXRlbS5yYWt1dGVuLmNvLmpwL2ktb2ZmaWNlMS8yOTA3MjAxLyIgLz4KICA8YXJlYSBzaGFwZT0icmVjdCIgY29vcmRzPSI1MTQsMzg0LDY2MCw0MjAiIGhyZWY9Imh0dHBzOi8vaXRlbS5yYWt1dGVuLmNvLmpwL2ktb2ZmaWNlMS8yOTMzMzE2LyIgLz4KICA8YXJlYSBzaGFwZT0icmVjdCIgY29vcmRzPSI1MTQsMzI3LDY2MCwzNjMiIGhyZWY9Imh0dHBzOi8vaXRlbS5yYWt1dGVuLmNvLmpwL2ktb2ZmaWNlMS8yOTMzMzU5LyIgLz4KICA8YXJlYSBzaGFwZT0icmVjdCIgY29vcmRzPSI1MTEsMjg2LDY1NywzMjIiIGhyZWY9Imh0dHBzOi8vaXRlbS5yYWt1dGVuLmNvLmpwL2ktb2ZmaWNlMS8yOTMzMzExLyIgLz4KICA8YXJlYSBzaGFwZT0icmVjdCIgY29vcmRzPSI1MTIsMjI2LDY1OCwyNjIiIGhyZWY9Imh0dHBzOi8vaXRlbS5yYWt1dGVuLmNvLmpwL2ktb2ZmaWNlMS8yOTA3MTAxLyIgLz4KICA8YXJlYSBzaGFwZT0icmVjdCIgY29vcmRzPSI1MTMsMTgyLDY1OSwyMTgiIGhyZWY9Imh0dHBzOi8vaXRlbS5yYWt1dGVuLmNvLmpwL2ktb2ZmaWNlMS8yOTMzMzAwLyIgLz4KPC9tYXA+Cjxicj4KPGJyPjxCUj48QlI+PGlmcmFtZSBzcmM9Imh0dHBzOi8vd3d3LnJha3V0ZW4ubmUuanAvZ29sZC9rYWd1bWFydS8wMzMvZnJhbmNlYmVkX2NhdF9pLW9mZmljZTEuaHRtbCIgd2lkdGg9IjY4NSIgaGVpZ2h0PSIyMzAwIiBmcmFtZWJvcmRlcj0iMCIgc2Nyb2xsaW5nPSJubyI+CqSqyrmkpKTOpdal6aWmpbakz6WkpfOl6aWkpfOl1aXsqWCl4KTLzrSMnY/qpM6k6KSmpMekuaGjCqSqytbK/aTHpLmkrKSzpM6yv7fWpM8gaWZyYW1lIIydj+qkzqXWpemlpqW2pMfSiqTGpK+kwKS1pKShozxicj4KPC9pZnJhbWU+PEJSPjxCUj48QlI+PHAgc3R5bGU9ImNvbG9yOiNGRjAwMDA7Ij6h+Ztfv0k/63iNdT/Su7K/32i49LXYpNikzqSqveyksaTPs/bAtKTepLuk86GjPEJSPgo8cCBjbGFzcz0iZGVsaXZfZmVlX2hva3UiPrGxuqO1wKTYpM7F5MvNpM+EZc2+y83Bz6SspKukq6TqpN6kuaGjPGJyPrGxuqO1wMvNwc+juqG+sbEzob+lv6Wkpdc8L3A+CqH5lXLpZ9a4tqikzzGx46OoOS0xNJVyo6mhojKx46OoMTItMTiVcqOpoaK9S8jVseOjqDktMTiVcqOppM6k36TIpMqk6qTepLmhozxCUj4KP7XY0/Kky6TopMOkxsXky82kzurXyNWkrM/etqiktaTspOuI9rrPpOShopVy6WfWuLaopKyz0KTspMqkpIj2us+krKS0pLakpKTepLmhozxCUj4KPEJSPjxwIHN0eWxlPSJjb2xvcjojRkYwMDAwOyI+ofml1aXppfOluaXZpcOlycnn0XXGt6TPobjK3NeiyfquYqG5pMikyqTqpN6kuaGjsGvLzaTepMcy30zpZ7PMpKqVculnpPLtlKSviPa6z6SspLSktqSkpN6kuaGjpMmkpqSrpLTBy7PQz8KktaSkoaM8L3A+PGhyIHN0eWxlPSJib3JkZXI6IG5vbmU7IGJvcmRlci10b3A6IGRhc2hlZCAxcHggIzAwMDAwMDtoZWlnaHQ6IDFweDsgY29sb3I6ICNmZmZmZmY7Ij7JzMa3pbWlpKW6o7q3+Tk3ocGwwtDQMjA1Y208QlI+ob6l2aXDpcml0aXDpcmhv6HBMcO2KM+05aqlzaXDpci4tik8YnI+CtSRpOHO76Ghpd2l6qWopbmlxqXrMTAwJaOov7m++rfAs/S807mko6k8YnI+CoLItdihoaXdpeqlqKW5pcal6zY1JaGhvmQzNSU8YnI+yfquYrn6o7rW0Ln6PEJSPgrW2MG/o7oKMC44a2c8QlI+CjxociBzdHlsZT0iYm9yZGVyOiBub25lOyBib3JkZXItdG9wOiBkYXNoZWQgMXB4ICMwMDAwMDA7aGVpZ2h0OiAxcHg7IGNvbG9yOiAjZmZmZmZmOyI+pdClpKWqpdmlw6XJpdGlw6XJpM+hos+05aqZQ6THzejPtKSkpKy/ycTcpMekuaGjpN6kv6Gi1tC+ZKTLpM+/ub76t8Cz9LzTuaSk8qS3pMakqqTqoaLH5Z2NpMuxo6TEpLOkyKSss/bAtKTepLmhozxzdHlsZSB0eXBlPSJ0ZXh0L2NzcyI+CiNyYW5raW5nX2l0ZW1wYWdlX3JtcyB7CndpZHRoOjY4MHB4Owpmb250LXNpemU6MTJweDsKYm9yZGVyOnNvbGlkIDVweCAjRkZCNDAwOwpiYWNrZ3JvdW5kOiAjZmZmCn0KCiNyYW5raW5nX2l0ZW1wYWdlX3JtcyBkaXYgewpiYWNrZ3JvdW5kOiB1cmwoaHR0cDovL3d3dy5yYWt1dGVuLm5lLmpwL2dvbGQvaS1vZmZpY2UxL2ltYWdlcy9iYWNrX3Jhbmtpbmdfcm1zLnBuZykgbm8tcmVwZWF0Owpib3JkZXItdG9wOnNvbGlkIDVweCAjRkZCNDAwOwp9CgojcmFua2luZ19pdGVtcGFnZV9ybXMgYSB7CnRleHQtZGVjb3JhdGlvbjpub25lOwp9CgojcmFua2luZ19pdGVtcGFnZV9ybXMgaW1nIHsKYm9yZGVyOjAKfQoKI3JhbmtpbmdfaXRlbXBhZ2Vfcm1zIGE6aG92ZXIgewp0ZXh0LWRlY29yYXRpb246dW5kZXJsaW5lCn0KCiNyYW5raW5nX2l0ZW1wYWdlX3JtcyAudGl0bGUgewpwYWRkaW5nLXRvcDoyMHB4OwptYXJnaW46MAp9CgojcmFua2luZ19pdGVtcGFnZV9ybXMgLnRpdGxlIGltZyB7CndpZHRoOjk2LjUlOwpwYWRkaW5nLWxlZnQ6MiUKfQoKI3JhbmtpbmdfaXRlbXBhZ2Vfcm1zIHVsIHsKbWFyZ2luOjA7CnBhZGRpbmc6MiU7Cn0KCiNyYW5raW5nX2l0ZW1wYWdlX3JtcyBsaSB7CndpZHRoOjE4JTsKbWFyZ2luLXJpZ2h0OjIlOwpsaXN0LXN0eWxlOiBub25lOwpmbG9hdDpsZWZ0OwpsaW5lLWhlaWdodDoxLjY7Cn0KCiNyYW5raW5nX2l0ZW1wYWdlX3JtcyAucmFua2ljb24gewp3aWR0aDo2NXB4OwptYXJnaW4tYm90dG9tOjEwcHgKfQoKI3JhbmtpbmdfaXRlbXBhZ2Vfcm1zIGxpOm50aC1jaGlsZCgxKSB7CndpZHRoOjIwJTsKfQoKI3JhbmtpbmdfaXRlbXBhZ2Vfcm1zIGxpOm50aC1jaGlsZCg1KSB7Cm1hcmdpbi1yaWdodDowCn0KCiNyYW5raW5nX2l0ZW1wYWdlX3JtcyBsaSBpbWcgewp3aWR0aDoxMDAlCn0KCiNyYW5raW5nX2l0ZW1wYWdlX3JtcyBsaSBwIHsKZGlzcGxheTpibG9jazsKbWFyZ2luOjAKfQoKI3JhbmtpbmdfaXRlbXBhZ2Vfcm1zIGxpIGEgewpjb2xvcjojNTc5REU1Cn0KCiNyYW5raW5nX2l0ZW1wYWdlX3JtcyBsaSBwLml0ZW1fbmFtZSB7CmZvbnQtc2l6ZToxMXB4OwpoZWlnaHQ6NjBweAp9CgojcmFua2luZ19pdGVtcGFnZV9ybXMgbGk6bnRoLWNoaWxkKDEpIHAuaXRlbV9uYW1lIHsKaGVpZ2h0OjYwcHgKfQoKI3JhbmtpbmdfaXRlbXBhZ2Vfcm1zIGxpIHAucHJpY2Ugewpmb250LXNpemU6MTRweDsKZm9udC13ZWlnaHQ6Ym9sZDsKY29sb3I6I0ZGMDAwMDsKfQoKLyrZSaSkzu+lq6W0pdylv6XzKi8KI3Jha3V0ZW5MaW1pdGVkSWRfYXJvdW5kQ2FydCBpbnB1dFt2YWx1ZT0i2UmkpM7vpKuktKTLyOuk7KTrIl0sIGlucHV0W3ZhbHVlPSLT6LxzpLmk6yJdCiB7CndpZHRoOiAyMzNweDsKaGVpZ2h0OiA1MnB4OwpiYWNrZ3JvdW5kOnVybChodHRwOi8vaW1hZ2UucmFrdXRlbi5jby5qcC9pLW9mZmljZTEvY2FiaW5ldC8wMzk0MjAzNy9jYXJ0LmdpZikgI2ZjZmNmYyBuby1yZXBlYXQ7Cm92ZXJmbG93OiBoaWRkZW47CmJvcmRlci13aWR0aDogMHB4OwpjdXJzb3I6IHBvaW50ZXIgIWltcG9ydGFudDsKdGV4dC1pbmRlbnQ6IDE1MCU7CndoaXRlLXNwYWNlOiBub3dyYXA7Cm1hcmdpbjogNXB4IDAgMCAwOwp9CgoKLyqCgMr9yOvBpiovCiNyYWt1dGVuTGltaXRlZElkX2Fyb3VuZENhcnQgaW5wdXQjdW5pdHMgewpib3JkZXI6c29saWQgI2NjYyAxcHg7CmJhY2tncm91bmQ6I2ZmZiFpbXBvcnRhbnQ7CmN1cnNvcjphdXRvOwp0ZXh0LWluZGVudDogMHB4OwpvdmVyZmxvdzogaGlkZGVuOwp9CgojcmFrdXRlbkxpbWl0ZWRJZF9hcm91bmRDYXJ0ICogewpmb250LWZhbWlseTogIqPNo9Mgo9CltKW3pcOlryIsc2Fucy1zZXJpZiAhaW1wb3J0YW50Owp9CgojcmFrdXRlbkxpbWl0ZWRJZF9hcm91bmRDYXJ0ICNzZXJ2aWNlVGFibGVTbWwgdGQuZmF2b3JpdGUgewp3aWR0aDogMzAwcHggIWltcG9ydGFudDsKfQoKLyqlq6lgpcjJzMa3t6y6xSovCnNwYW4uaXRlbV9udW1iZXJfdGl0bGUgewpiYWNrZ3JvdW5kOiBub25lIHJlcGVhdCBzY3JvbGwgMCAwICMzYjU5OTg7CmNvbG9yOiAjZmZmOwpkaXNwbGF5OiBibG9jazsKZmxvYXQ6IGxlZnQ7Cm1hcmdpbi1ib3R0b206IDIwcHg7CnBhZGRpbmc6IDNweCA2cHg7CmZvbnQtc2l6ZTogMTAwJSAhaW1wb3J0YW50Owp9CgpzcGFuLml0ZW1fbnVtYmVyIHsKYm9yZGVyOiAxcHggc29saWQgIzNiNTk5ODsKY29sb3I6ICMwMDAwMDA7CmRpc3BsYXk6IGJsb2NrOwpmb250LXdlaWdodDogYm9sZDsKbGV0dGVyLXNwYWNpbmc6IDAuMWVtOwptYXJnaW4tYm90dG9tOiAyMHB4OwptYXJnaW4tbGVmdDogLTAuNWVtOwpwYWRkaW5nOiAycHggOHB4Owp9Cgo8L3N0eWxlPgoKPGRpdiBpZD0icmFua2luZ19pdGVtcGFnZV9ybXMiPgo8ZGl2Pgo8cCBjbGFzcz0idGl0bGUiPjxpbWcgc3JjPSJodHRwOi8vd3d3LnJha3V0ZW4ubmUuanAvZ29sZC9pLW9mZmljZTEvaW1hZ2VzL3RpdGxlX3Jhbmtpbmdfcm1zLnBuZyIgLz48L3A+Cjx1bD4KPGxpPjxpbWcgc3JjPSJodHRwOi8vd3d3LnJha3V0ZW4ubmUuanAvZ29sZC9pLW9mZmljZTEvaW1hZ2VzL3JhbmtpY29uMV9yYW5raW5nX3Jtcy5wbmciIGNsYXNzPSJyYW5raWNvbiIgLz48aW1nIHNyYz0iaHR0cDovL2ltYWdlLnJha3V0ZW4uY28uanAvaS1vZmZpY2UxL2NhYmluZXQvdGFrZTkvMjMzMDAwMjIuanBnIiAvPjxwIGNsYXNzPSJpdGVtX25hbWUiPqG+yNWxvtF1ob/N6M+0pKRPS6Oh0fLDqzEwMKOlyrnTw6Ohz/uz9KWmqWCl67fzpK2l0aXDpck8L3A+PHAgY2xhc3M9InByaWNlIj41LDk4MIPSPC9wPjwvbGk+CjxsaT48aW1nIHNyYz0iaHR0cDovL3d3dy5yYWt1dGVuLm5lLmpwL2dvbGQvaS1vZmZpY2UxL2ltYWdlcy9yYW5raWNvbjJfcmFua2luZ19ybXMucG5nIiBjbGFzcz0icmFua2ljb24iIC8+PGltZyBzcmM9Imh0dHA6Ly9pbWFnZS5yYWt1dGVuLmNvLmpwL2ktb2ZmaWNlMS9jYWJpbmV0L3RrOS8xMTIwMTIxNC5qcGciIC8+PHAgY2xhc3M9Iml0ZW1fbmFtZSI+pNWk76TVpO+l3qW3peWl3qXtpb+lw6XBoe+koqTDpL+kq6XepaSlr6XtpdWloaWkpdCpYLfzpdGlw6XJPC9wPjxwIGNsYXNzPSJwcmljZSI+MiwyOTGD0jwvcD48L2xpPgo8bGk+PGltZyBzcmM9Imh0dHA6Ly93d3cucmFrdXRlbi5uZS5qcC9nb2xkL2ktb2ZmaWNlMS9pbWFnZXMvcmFua2ljb24zX3Jhbmtpbmdfcm1zLnBuZyIgY2xhc3M9InJhbmtpY29uIiAvPjxpbWcgc3JjPSJodHRwOi8vaW1hZ2UucmFrdXRlbi5jby5qcC9pLW9mZmljZTEvY2FiaW5ldC90azkvMTEyMDA2NzcuanBnIiAvPjxwIGNsYXNzPSJpdGVtX25hbWUiPqTVpO+k1aTvpd6lt6Xlpd6l7aW/pcOlwaHvpKKkw6S/pKul3qWkpa+l7aXVpaGlpKXQqWDDq7K8PC9wPjxwIGNsYXNzPSJwcmljZSI+MiwyOTGD0jwvcD48L2xpPgo8bGk+PGltZyBzcmM9Imh0dHA6Ly93d3cucmFrdXRlbi5uZS5qcC9nb2xkL2ktb2ZmaWNlMS9pbWFnZXMvcmFua2ljb240X3Jhbmtpbmdfcm1zLnBuZyIgY2xhc3M9InJhbmtpY29uIiAvPjxpbWcgc3JjPSJodHRwOi8vaW1hZ2UucmFrdXRlbi5jby5qcC9pLW9mZmljZTEvY2FiaW5ldC90Ym01LzE0MDUxMDIyLmpwZyIgLz48cCBjbGFzcz0iaXRlbV9uYW1lIj6hvqWipeSlyKW5ob9maW5sYXlzb24gpdGl86XAsfql6qXQqWClt6XWpevDq7K8ob6WfL6pzve0qKG/PC9wPjxwIGNsYXNzPSJwcmljZSI+OCw2NDCD0jwvcD48L2xpPgo8bGk+PGltZyBzcmM9Imh0dHA6Ly93d3cucmFrdXRlbi5uZS5qcC9nb2xkL2ktb2ZmaWNlMS9pbWFnZXMvcmFua2ljb241X3Jhbmtpbmdfcm1zLnBuZyIgY2xhc3M9InJhbmtpY29uIiAvPjxpbWcgc3JjPSJodHRwOi8vaW1hZ2UucmFrdXRlbi5jby5qcC9pLW9mZmljZTEvY2FiaW5ldC9pY2hpMTIvMzg1MDA3NC5qcGciIC8+PHAgY2xhc3M9Iml0ZW1fbmFtZSI+ob7dWMG/ob/T8MOrpM4ysbakoqS/pL+kq6Sko6Glt6XzpbWl7KlgpcilpqXrpcil6ZLspLGyvIfiPC9wPjxwIGNsYXNzPSJwcmljZSI+NSw5ODCD0jwvcD48L2xpPgoKCjxiciBzdHlsZT0iY2xlYXI6Ym90aCIgLz4KPC91bD4KPC9kaXY+CgoKPC9kaXY+,pdWl6aXzpbml2aXDpckgpaalqaXDpbel46XWpesgpdClpKWqpdmlw6XJpdGlw6XJIKW3pfOlsKXrpe2l86WwIKWqqWCl66XepaSlxqWjpMvKuaSopOujob+5vvq3wLP0vNO5pCDPtKSopOsgpdClpKWqpdmlw6XJpdGlw6XJIKW7pd+lt6XzpbCl6yC386XRpcOlySC386StpdGlw6XJ0XUgZnJhbmNlYmVko7q80r7fpM6lpKXzpcal6qWipaql1aWjpbml76Xz,pdmlw6XJpb2l1aWhqWCl1aXppfOluaXZpcOlybzSvt8gzajYnMfevt+yvIfipaupYKXapcOlyKXHpbmlr6XBpaeloqlgpcapYKXWpeuFp7x7vNK+36W9pdWloalgpdmlw6XJpcal7KXTzKjX+dLO19PS/dS9pLfQwr7TpaupYKXGpfOlpKXzpcal6qWipbel56XDpdel1aXppfOluaXZpcOlySClpqWppcOlt6Xjpdal6yCl0KWkpaql2aXDpcml0aXDpckgpbel86Wwpeul7aXzpbAgpaqpYKXrpd6lpKXGpaOky8q5pKik66Ohv7m++rfAs/S807mkIM+0pKik6yCl0KWkpaql2aXDpcml0aXDpckgpbul36W3pfOlsKXrILfzpdGlw6XJILfzpK2l0aXDpcnRdSBmcmFuY2ViZWQ=,paalqaXDpbel46XWpesgpdClpKWqpdmlw6XJpdGlw6XJIKW3pfOlsKXrpe2l86WwoaOl1aXppfOluaXZpcOlySClpqWppcOlt6Xjpdal6yCl0KWkpaql2aXDpcml0aXDpckgpbel86Wwpeul7aXzpbAgpaqpYKXrpd6lpKXGpaOky8q5pKik66Ohv7m++rfAs/S807mkIM+0pKik6yCl0KWkpaql2aXDpcml0aXDpckgpbul36W3pfOlsKXrILfzpdGlw6XJILfzpK2l0aXDpcnRdSBmcmFuY2ViZWQ=[rn]
40-32999,aHR0cDovL3RzaG9wLnIxMHMuanAvaS1vZmZpY2UxL2NhYmluZXQvdGsxMS8yOTMzMzIyLmpwZz9maXRpbj03MDA6NzAw,MTI5NjAuMDAwMA==,,paSl86XGpeqloj/H3r7fP4WnvHsgPiDH3r7fID4gpdmlw6XJpdGlw6XJ,pdWl6aXzpbml2aXDpckgpaalqaXDpbel46XWpesg0fLDq6XZpcOlyaXRpcOlySClt6XzpbCl66XtpfOlsCDO/MqqP7BryaKky4OepOykv6XoqWCl7aXDpdGuYiDPtKSopOsg0fLDqyAxMDAlIKXZpcOlyaXRpcOlySClu6Xfpbel86Wwpesgt/Ol0aXDpckgt/OkraXRpcOlydF1IGZyYW5jZWJlZCClpqlgpesxMDCjpQ==,paalqaXDpbel46XWpesg0fLDq6XZpcOlyaXRpcOlySClt6XzpbCl66XtpfOlsA==,Cgo8ZGl2IHN0eWxlPSJ3aWR0aDo2NzBweDsgZm9udC1zaXplOjE2cHg7IGxpbmUtaGVpZ2h0OjEuNjsgZm9udC1mYW1pbHk6J0hpcmFnaW5vIEtha3UgR290aGljIFByb04nLCBNZWlyeW8sIHNhbnMtc2VyaWY7IGNvbG9yOiMzMzMiPgogIDxpbWcgc3JjPSJodHRwczovL2ltYWdlLnJha3V0ZW4uY28uanAvaS1vZmZpY2UxL2NhYmluZXQvdGsxMS8yOTMzMzIyLmpwZyIgYWx0PSKl1aXppfOluaXZpcOlyaGh0fLDq6XZpcOlyaXRpcOlySult6lgpcQyteOlu6XDpcgiIC8+CiAgPGg0IHN0eWxlPSJib3JkZXItbGVmdDpzb2xpZCA4cHggIzMzMzsgcGFkZGluZy1sZWZ0OjIwcHg7IGZvbnQtc2l6ZToxOHB4Ij6ktaTvpOrQxLXYpKyk6KTqpb2l1aXIpMukyqTDpL+hotOiufquYtHyw6ul2aXDpcml0aXDpcmlt6XqqWCluqGjPC9oND4KPGltZyBzcmM9Imh0dHBzOi8vaW1hZ2UucmFrdXRlbi5jby5qcC9pLW9mZmljZTEvY2FiaW5ldC90azExLzI5MDcyMDFfMDYuanBnIiAvPjxCUj4KPGltZyBzcmM9Imh0dHBzOi8vaW1hZ2UucmFrdXRlbi5jby5qcC9pLW9mZmljZTEvY2FiaW5ldC90azExLzI5MDcyMDFfMDUuanBnIiAvPgo8cCBzdHlsZT0icGFkZGluZzowIDEwcHg7IG1hcmdpbi1ib3R0b206MjBweCI+06K5+q5ipaapYKXrMTAwo6WkzqXZpcOlyaXRpcOlyaTPoaLM7Mi7v42+U6THzvzKqrBryaLQ1KTLg56k7KTGpKqk6qGiz8Skz7q5pPKkv6TDpNek6s78pKTIoaTDpMahoqW1pemlw6TIpLekv7yhtKWk6qGjtqykz7/Vmt2k8qS/pMOk16Tq6V2kuN56pOGkxrGjzsKkt6TepLmho6TepL+hos+05aqlzaXDpcikrLi2pKSkxqSqpOqhoqS0vNLNpaTHzejPtKSkv8nE3KTHpLmhozwvcD4KCjxkaXYgc3R5bGU9IndpZHRoOjMyNXB4OyBmbG9hdDpsZWZ0OyBtYXJnaW4tcmlnaHQ6MjBweCI+CjxhIGhyZWY9InRrMTEvMjkwNzIwMV8wMi5qcGciIHN0eWxlPSJjdXJzb3I6dXJsKGh0dHBzOi8vd3d3LnJha3V0ZW4ubmUuanAvZ29sZC9pLW9mZmljZTEvc2VhcmNoLnBuZyksIHBvaW50ZXI7IiB0YXJnZXQ9Il9ibGFuayI+PGltZyBzcmM9Imh0dHBzOi8vaW1hZ2UucmFrdXRlbi5jby5qcC9pLW9mZmljZTEvY2FiaW5ldC90azExLzI5MDcyMDFfMDIuanBnIiAgd2lkdGg9IjMyNSIgLz48L2E+CjxwIHN0eWxlPSJwYWRkaW5nOjAgMTBweDsgbWFyZ2luLWJvdHRvbToyMHB4Ij6h9rSlpOrQxLXYpKyk6KTqpb2l1aXIpMs8QlI+pdmlw6XJpdGlw6XJpM60paTq0MS12KSsyOGk6aSrpK+lvaXVpciky6TKpOqhoqXepcOlyKXspbmkzsfe0MS12KTyk3CkyqSkpN6ku6TzoaM8L3A+CjwvZGl2PgoKPGRpdiBzdHlsZT0id2lkdGg6MzI1cHg7IGZsb2F0OmxlZnQiPgo8YSBocmVmPSJ0azExLzI5MDcyMDFfMDMuanBnIiBzdHlsZT0iY3Vyc29yOnVybChodHRwczovL3d3dy5yYWt1dGVuLm5lLmpwL2dvbGQvaS1vZmZpY2UxL3NlYXJjaC5wbmcpLCBwb2ludGVyOyIgdGFyZ2V0PSJfYmxhbmsiPjxpbWcgc3JjPSJodHRwczovL2ltYWdlLnJha3V0ZW4uY28uanAvaS1vZmZpY2UxL2NhYmluZXQvdGsxMS8yOTA3MjAxXzAzLmpwZyIgIHdpZHRoPSIzMjUiIC8+PC9hPgo8cCBzdHlsZT0icGFkZGluZzowIDEwcHg7IG1hcmdpbi1ib3R0b206MjBweCI+ofbW0L5kpM9bIDxiPtOiufquYtHyw6s8L2I+IF2+ZKTyMTAwo6WS8dPDPEJSPgql2aXDpcml0aXDpcmkztbQvmSky9OiufrR8sOrKKW1pdWlqalgpa+3Timk8jEwMKOlyrnTw6GjICA8L3A+CjwvZGl2Pgo8ZGl2IHN0eWxlPSJ3aWR0aDozMjVweDsgZmxvYXQ6bGVmdDsgbWFyZ2luLXJpZ2h0OjIwcHgiPgo8YSBocmVmPSJ0azExLzI5MDcyMDFfMDQuanBnIiBzdHlsZT0iY3Vyc29yOnVybChodHRwczovL3d3dy5yYWt1dGVuLm5lLmpwL2dvbGQvaS1vZmZpY2UxL3NlYXJjaC5wbmcpLCBwb2ludGVyOyIgdGFyZ2V0PSJfYmxhbmsiPjxpbWcgc3JjPSJodHRwczovL2ltYWdlLnJha3V0ZW4uY28uanAvaS1vZmZpY2UxL2NhYmluZXQvdGsxMS8yOTA3MjAxXzA0LmpwZyIgIHdpZHRoPSIzMjUiIC8+PC9hPgo8cCBzdHlsZT0icGFkZGluZzowIDEwcHg7IG1hcmdpbi1ib3R0b206MjBweCI+ofaluqXst8DWuaTOy8TT56W0peC4tqStPC9wPgo8L2Rpdj4KCjxkaXYgc3R5bGU9IndpZHRoOjMyNXB4OyBmbG9hdDpsZWZ0Ij4KPGEgaHJlZj0idGsxMS8yOTA3MTAxXzA1LmpwZyIgc3R5bGU9ImN1cnNvcjp1cmwoaHR0cHM6Ly93d3cucmFrdXRlbi5uZS5qcC9nb2xkL2ktb2ZmaWNlMS9zZWFyY2gucG5nKSwgcG9pbnRlcjsiIHRhcmdldD0iX2JsYW5rIj48aW1nIHNyYz0iaHR0cHM6Ly9pbWFnZS5yYWt1dGVuLmNvLmpwL2ktb2ZmaWNlMS9jYWJpbmV0L3RrMTEvMjkwNzEwMV8wNS5qcGciICB3aWR0aD0iMzI1IiAvPjwvYT4KPHAgc3R5bGU9InBhZGRpbmc6MCAxMHB4OyBtYXJnaW4tYm90dG9tOjIwcHgiPqH2z7TlqqXNpcOlyLi2pK08L3A+CjwvZGl2Pgo8aW1nIHNyYz0iaHR0cHM6Ly9pbWFnZS5yYWt1dGVuLmNvLmpwL2ktb2ZmaWNlMS9jYWJpbmV0L3RrMTEvMjkzMzMwNV9saW5rLmpwZyIgdXNlbWFwPSIjTWFwMjkzMzMwNV9saW5rIiAvPgo8bWFwIG5hbWU9Ik1hcDI5MzMzMDVfbGluayIgaWQ9Ik1hcDI5MzMzMDVfbGluayI+CiAgPGFyZWEgc2hhcGU9InJlY3QiIGNvb3Jkcz0iMTYsNTIzLDMyNiw1NzEiIGhyZWY9Imh0dHBzOi8vaXRlbS5yYWt1dGVuLmNvLmpwL2ktb2ZmaWNlMS8yOTMzMzI2LyIgLz4KICA8YXJlYSBzaGFwZT0icmVjdCIgY29vcmRzPSIxNyw0NjIsMzI3LDUxMCIgaHJlZj0iaHR0cHM6Ly9pdGVtLnJha3V0ZW4uY28uanAvaS1vZmZpY2UxLzI5MzMzMjQvIiAvPjxhcmVhIHNoYXBlPSJyZWN0IiBjb29yZHM9IjM0Niw0NjIsNjU2LDUxMCIgaHJlZj0iaHR0cHM6Ly9pdGVtLnJha3V0ZW4uY28uanAvaS1vZmZpY2UxLzI5MzMzMjUvIiAvPgogIDxhcmVhIHNoYXBlPSJyZWN0IiBjb29yZHM9IjE3LDQwMSwzMjcsNDQ5IiBocmVmPSJodHRwczovL2l0ZW0ucmFrdXRlbi5jby5qcC9pLW9mZmljZTEvMjkzMzMyMi8iIC8+CiAgPGFyZWEgc2hhcGU9InJlY3QiIGNvb3Jkcz0iMzQ2LDQwMSw2NTYsNDQ5IiBocmVmPSJodHRwczovL2l0ZW0ucmFrdXRlbi5jby5qcC9pLW9mZmljZTEvMjkzMzMyMy8iIC8+CiAgPGFyZWEgc2hhcGU9InJlY3QiIGNvb3Jkcz0iMTcsMjk1LDMyNywzNDMiIGhyZWY9Imh0dHBzOi8vaXRlbS5yYWt1dGVuLmNvLmpwL2ktb2ZmaWNlMS8yOTMzMzIwLyIgLz4KICA8YXJlYSBzaGFwZT0icmVjdCIgY29vcmRzPSIzNDYsMjk1LDY1NiwzNDMiIGhyZWY9Imh0dHBzOi8vaXRlbS5yYWt1dGVuLmNvLmpwL2ktb2ZmaWNlMS8yOTMzNTgwLyIgLz4KICA8YXJlYSBzaGFwZT0icmVjdCIgY29vcmRzPSIzNDYsMjM0LDY1NiwyODIiIGhyZWY9Imh0dHBzOi8vaXRlbS5yYWt1dGVuLmNvLmpwL2ktb2ZmaWNlMS8yOTMzMzE5LyIgLz48YXJlYSBzaGFwZT0icmVjdCIgY29vcmRzPSIxNywyMzQsMzI3LDI4MiIgaHJlZj0iaHR0cHM6Ly9pdGVtLnJha3V0ZW4uY28uanAvaS1vZmZpY2UxLzI5MzMzMTgvIiAvPgogIDxhcmVhIHNoYXBlPSJyZWN0IiBjb29yZHM9IjM0NiwxNzQsNjU2LDIyMiIgaHJlZj0iaHR0cHM6Ly9pdGVtLnJha3V0ZW4uY28uanAvaS1vZmZpY2UxLzI5MzMzMTcvIiAvPjxhcmVhIHNoYXBlPSJyZWN0IiBjb29yZHM9IjE3LDE3NCwzMjcsMjIyIiBocmVmPSJodHRwczovL2l0ZW0ucmFrdXRlbi5jby5qcC9pLW9mZmljZTEvMjkzMzU3OS8iIC8+CjxhcmVhIHNoYXBlPSJyZWN0IiBjb29yZHM9IjM0OCwxMTIsNjU4LDE2MCIgaHJlZj0iaHR0cHM6Ly9pdGVtLnJha3V0ZW4uY28uanAvaS1vZmZpY2UxLzI5MzMzMTYvIiAvPjxhcmVhIHNoYXBlPSJyZWN0IiBjb29yZHM9IjE4LDExMywzMjgsMTYxIiBocmVmPSJodHRwczovL2l0ZW0ucmFrdXRlbi5jby5qcC9pLW9mZmljZTEvMjkzMzMyMS8iIC8+CjwvbWFwPjxicj48YnI+CjxpbWcgc3JjPSJodHRwczovL2ltYWdlLnJha3V0ZW4uY28uanAvaS1vZmZpY2UxL2NhYmluZXQvdGs3L2JlZHBhZF9saW5lLmpwZyIgYWx0PSIiICAgID48YnI+PGJyPgo8aW1nIHNyYz0iaHR0cHM6Ly9pbWFnZS5yYWt1dGVuLmNvLmpwL2ktb2ZmaWNlMS9jYWJpbmV0L3RrNy9iZWRwYWRfbGluay5qcGciIGFsdD0iIiAgIHVzZW1hcD0iI01hcDI5IiAgPgo8bWFwIG5hbWU9Ik1hcDI5IiBpZD0iTWFwMjkiPgogIDxhcmVhIHNoYXBlPSJyZWN0IiBjb29yZHM9IjUxMyw4MjQsNjU5LDg2MCIgaHJlZj0iaHR0cHM6Ly9pdGVtLnJha3V0ZW4uY28uanAvaS1vZmZpY2UxLzI5MzMzOTEvIiAvPgogIDxhcmVhIHNoYXBlPSJyZWN0IiBjb29yZHM9IjUxMyw3ODMsNjU5LDgxOSIgaHJlZj0iaHR0cHM6Ly9pdGVtLnJha3V0ZW4uY28uanAvaS1vZmZpY2UxLzI5MzMzNDMvIiAvPgogIDxhcmVhIHNoYXBlPSJyZWN0IiBjb29yZHM9IjUxNCw3MjYsNjYwLDc2MiIgaHJlZj0iaHR0cHM6Ly9pdGVtLnJha3V0ZW4uY28uanAvaS1vZmZpY2UxLzI5MzMzODYvIiAvPgogIDxhcmVhIHNoYXBlPSJyZWN0IiBjb29yZHM9IjUxNCw2ODEsNjYwLDcxNyIgaHJlZj0iaHR0cHM6Ly9pdGVtLnJha3V0ZW4uY28uanAvaS1vZmZpY2UxLzI5MDAxNzUvIiAvPgogIDxhcmVhIHNoYXBlPSJyZWN0IiBjb29yZHM9IjUxMiw2MjYsNjU4LDY2MiIgaHJlZj0iaHR0cHM6Ly9pdGVtLnJha3V0ZW4uY28uanAvaS1vZmZpY2UxLzI5MzMzODAvIiAvPgogIDxhcmVhIHNoYXBlPSJyZWN0IiBjb29yZHM9IjUxNCw1ODEsNjYwLDYxNyIgaHJlZj0iaHR0cHM6Ly9pdGVtLnJha3V0ZW4uY28uanAvaS1vZmZpY2UxLzI5MzMzMzIvIiAvPgogIDxhcmVhIHNoYXBlPSJyZWN0IiBjb29yZHM9IjUxMiw1MzAsNjU4LDU2NiIgaHJlZj0iaHR0cHM6Ly9pdGVtLnJha3V0ZW4uY28uanAvaS1vZmZpY2UxLzI5MzMzNzUvIiAvPgogIDxhcmVhIHNoYXBlPSJyZWN0IiBjb29yZHM9IjUxMyw0ODUsNjU5LDUyMSIgaHJlZj0iaHR0cHM6Ly9pdGVtLnJha3V0ZW4uY28uanAvaS1vZmZpY2UxLzI5MzMzMjcvIiAvPgogIDxhcmVhIHNoYXBlPSJyZWN0IiBjb29yZHM9IjUxMyw0MjYsNjU5LDQ2MiIgaHJlZj0iaHR0cHM6Ly9pdGVtLnJha3V0ZW4uY28uanAvaS1vZmZpY2UxLzI5MDcyMDEvIiAvPgogIDxhcmVhIHNoYXBlPSJyZWN0IiBjb29yZHM9IjUxNCwzODQsNjYwLDQyMCIgaHJlZj0iaHR0cHM6Ly9pdGVtLnJha3V0ZW4uY28uanAvaS1vZmZpY2UxLzI5MzMzMTYvIiAvPgogIDxhcmVhIHNoYXBlPSJyZWN0IiBjb29yZHM9IjUxNCwzMjcsNjYwLDM2MyIgaHJlZj0iaHR0cHM6Ly9pdGVtLnJha3V0ZW4uY28uanAvaS1vZmZpY2UxLzI5MzMzNTkvIiAvPgogIDxhcmVhIHNoYXBlPSJyZWN0IiBjb29yZHM9IjUxMSwyODYsNjU3LDMyMiIgaHJlZj0iaHR0cHM6Ly9pdGVtLnJha3V0ZW4uY28uanAvaS1vZmZpY2UxLzI5MzMzMTEvIiAvPgogIDxhcmVhIHNoYXBlPSJyZWN0IiBjb29yZHM9IjUxMiwyMjYsNjU4LDI2MiIgaHJlZj0iaHR0cHM6Ly9pdGVtLnJha3V0ZW4uY28uanAvaS1vZmZpY2UxLzI5MDcxMDEvIiAvPgogIDxhcmVhIHNoYXBlPSJyZWN0IiBjb29yZHM9IjUxMywxODIsNjU5LDIxOCIgaHJlZj0iaHR0cHM6Ly9pdGVtLnJha3V0ZW4uY28uanAvaS1vZmZpY2UxLzI5MzMzMDAvIiAvPgo8L21hcD4KPGJyPgo8YnI+PEJSPjxCUj48aWZyYW1lIHNyYz0iaHR0cHM6Ly93d3cucmFrdXRlbi5uZS5qcC9nb2xkL2thZ3VtYXJ1LzAzMy9mcmFuY2ViZWRfY2F0X2ktb2ZmaWNlMS5odG1sIiB3aWR0aD0iNjg1IiBoZWlnaHQ9IjIzMDAiIGZyYW1lYm9yZGVyPSIwIiBzY3JvbGxpbmc9Im5vIj4KpKrKuaSkpM6l1qXppaaltqTPpaSl86XppaSl86XVpeypYKXgpMvOtIydj+qkzqTopKakx6S5oaMKpKrK1sr9pMekuaSspLOkzrK/t9akzyBpZnJhbWUgjJ2P6qTOpdal6aWmpbakx9KKpMakr6TApLWkpKGjPGJyPgo8L2lmcmFtZT48QlI+PEJSPjxCUj48cCBzdHlsZT0iY29sb3I6I0ZGMDAwMDsiPqH5m1+/ST/reI11P9K7sr/faLj0tdik2KTOpKq97KSxpM+z9sC0pN6ku6TzoaM8QlI+CjxwIGNsYXNzPSJkZWxpdl9mZWVfaG9rdSI+sbG6o7XApNikzsXky82kz4Rlzb7LzcHPpKykq6SrpOqk3qS5oaM8YnI+sbG6o7XAy83Bz6O6ob6xsTOhv6W/paSl1zwvcD4KofmVculn1ri2qKTPMbHjo6g5LTE0lXKjqaGiMrHjo6gxMi0xOJVyo6mhor1LyNWx46OoOS0xOJVyo6mkzqTfpMikyqTqpN6kuaGjPEJSPgo/tdjT8qTLpOikw6TGxeTLzaTO6tfI1aSsz962qKS1pOyk64j2us+k5KGilXLpZ9a4tqikrLPQpOykyqSkiPa6z6SspLSktqSkpN6kuaGjPEJSPgo8QlI+PHAgc3R5bGU9ImNvbG9yOiNGRjAwMDA7Ij6h+aXVpeml86W5pdmlw6XJyefRdca3pM+huMrc16LJ+q5iobmkyKTKpOqk3qS5oaOwa8vNpN6kxzLfTOlns8ykqpVy6Wek8u2UpK+I9rrPpKyktKS2pKSk3qS5oaOkyaSmpKuktMHLs9DPwqS1pKShozwvcD48aHIgc3R5bGU9ImJvcmRlcjogbm9uZTsgYm9yZGVyLXRvcDogZGFzaGVkIDFweCAjMDAwMDAwO2hlaWdodDogMXB4OyBjb2xvcjogI2ZmZmZmZjsiPsnMxreltaWkpbqjurf5OTehwbDC0NAyMDVjbTxCUj6hvqXZpcOlyaXRpcOlyaG/ocExw7Yoz7TlqqXNpcOlyLi2KTxicj4K1JGk4c7voaHTorn6rmLR8sOrMTAwJTxicj4Kgsi12KGhpd2l6qWopbmlxqXrODAloaG+ZDIwJTxicj4KyfquYrn6o7rW0Ln6PEJSPgrW2MG/o7oKMC44a2c8QlI+CjxociBzdHlsZT0iYm9yZGVyOiBub25lOyBib3JkZXItdG9wOiBkYXNoZWQgMXB4ICMwMDAwMDA7aGVpZ2h0OiAxcHg7IGNvbG9yOiAjZmZmZmZmOyI+06K5+q5ipaapYKXrMTAwo6WkzqXZpcOlyaXRpcOlyaTPoaLM7Mi7v42+U6THzvzKqrBryaLQ1KTLg56k7KTGpKqk6qGiz8Skz7q5pPKkv6TDpNek6s78pKTIoaTDpMahoqW1pemlw6TIpLekv7yhtKWk6qGjtqykz7/Vmt2k8qS/pMOk16Tq6V2kuN56pOGkxrGjzsKkt6TepLmho6TepL+hos+05aqlzaXDpcikrLi2pKSkxqSqpOqhoqS0vNLNpaTHzejPtKSkv8nE3KTHpLmhozxzdHlsZSB0eXBlPSJ0ZXh0L2NzcyI+CiNyYW5raW5nX2l0ZW1wYWdlX3JtcyB7CndpZHRoOjY4MHB4Owpmb250LXNpemU6MTJweDsKYm9yZGVyOnNvbGlkIDVweCAjRkZCNDAwOwpiYWNrZ3JvdW5kOiAjZmZmCn0KCiNyYW5raW5nX2l0ZW1wYWdlX3JtcyBkaXYgewpiYWNrZ3JvdW5kOiB1cmwoaHR0cDovL3d3dy5yYWt1dGVuLm5lLmpwL2dvbGQvaS1vZmZpY2UxL2ltYWdlcy9iYWNrX3Jhbmtpbmdfcm1zLnBuZykgbm8tcmVwZWF0Owpib3JkZXItdG9wOnNvbGlkIDVweCAjRkZCNDAwOwp9CgojcmFua2luZ19pdGVtcGFnZV9ybXMgYSB7CnRleHQtZGVjb3JhdGlvbjpub25lOwp9CgojcmFua2luZ19pdGVtcGFnZV9ybXMgaW1nIHsKYm9yZGVyOjAKfQoKI3JhbmtpbmdfaXRlbXBhZ2Vfcm1zIGE6aG92ZXIgewp0ZXh0LWRlY29yYXRpb246dW5kZXJsaW5lCn0KCiNyYW5raW5nX2l0ZW1wYWdlX3JtcyAudGl0bGUgewpwYWRkaW5nLXRvcDoyMHB4OwptYXJnaW46MAp9CgojcmFua2luZ19pdGVtcGFnZV9ybXMgLnRpdGxlIGltZyB7CndpZHRoOjk2LjUlOwpwYWRkaW5nLWxlZnQ6MiUKfQoKI3JhbmtpbmdfaXRlbXBhZ2Vfcm1zIHVsIHsKbWFyZ2luOjA7CnBhZGRpbmc6MiU7Cn0KCiNyYW5raW5nX2l0ZW1wYWdlX3JtcyBsaSB7CndpZHRoOjE4JTsKbWFyZ2luLXJpZ2h0OjIlOwpsaXN0LXN0eWxlOiBub25lOwpmbG9hdDpsZWZ0OwpsaW5lLWhlaWdodDoxLjY7Cn0KCiNyYW5raW5nX2l0ZW1wYWdlX3JtcyAucmFua2ljb24gewp3aWR0aDo2NXB4OwptYXJnaW4tYm90dG9tOjEwcHgKfQoKI3JhbmtpbmdfaXRlbXBhZ2Vfcm1zIGxpOm50aC1jaGlsZCgxKSB7CndpZHRoOjIwJTsKfQoKI3JhbmtpbmdfaXRlbXBhZ2Vfcm1zIGxpOm50aC1jaGlsZCg1KSB7Cm1hcmdpbi1yaWdodDowCn0KCiNyYW5raW5nX2l0ZW1wYWdlX3JtcyBsaSBpbWcgewp3aWR0aDoxMDAlCn0KCiNyYW5raW5nX2l0ZW1wYWdlX3JtcyBsaSBwIHsKZGlzcGxheTpibG9jazsKbWFyZ2luOjAKfQoKI3JhbmtpbmdfaXRlbXBhZ2Vfcm1zIGxpIGEgewpjb2xvcjojNTc5REU1Cn0KCiNyYW5raW5nX2l0ZW1wYWdlX3JtcyBsaSBwLml0ZW1fbmFtZSB7CmZvbnQtc2l6ZToxMXB4OwpoZWlnaHQ6NjBweAp9CgojcmFua2luZ19pdGVtcGFnZV9ybXMgbGk6bnRoLWNoaWxkKDEpIHAuaXRlbV9uYW1lIHsKaGVpZ2h0OjYwcHgKfQoKI3JhbmtpbmdfaXRlbXBhZ2Vfcm1zIGxpIHAucHJpY2Ugewpmb250LXNpemU6MTRweDsKZm9udC13ZWlnaHQ6Ym9sZDsKY29sb3I6I0ZGMDAwMDsKfQoKLyrZSaSkzu+lq6W0pdylv6XzKi8KI3Jha3V0ZW5MaW1pdGVkSWRfYXJvdW5kQ2FydCBpbnB1dFt2YWx1ZT0i2UmkpM7vpKuktKTLyOuk7KTrIl0sIGlucHV0W3ZhbHVlPSLT6LxzpLmk6yJdCiB7CndpZHRoOiAyMzNweDsKaGVpZ2h0OiA1MnB4OwpiYWNrZ3JvdW5kOnVybChodHRwOi8vaW1hZ2UucmFrdXRlbi5jby5qcC9pLW9mZmljZTEvY2FiaW5ldC8wMzk0MjAzNy9jYXJ0LmdpZikgI2ZjZmNmYyBuby1yZXBlYXQ7Cm92ZXJmbG93OiBoaWRkZW47CmJvcmRlci13aWR0aDogMHB4OwpjdXJzb3I6IHBvaW50ZXIgIWltcG9ydGFudDsKdGV4dC1pbmRlbnQ6IDE1MCU7CndoaXRlLXNwYWNlOiBub3dyYXA7Cm1hcmdpbjogNXB4IDAgMCAwOwp9CgoKLyqCgMr9yOvBpiovCiNyYWt1dGVuTGltaXRlZElkX2Fyb3VuZENhcnQgaW5wdXQjdW5pdHMgewpib3JkZXI6c29saWQgI2NjYyAxcHg7CmJhY2tncm91bmQ6I2ZmZiFpbXBvcnRhbnQ7CmN1cnNvcjphdXRvOwp0ZXh0LWluZGVudDogMHB4OwpvdmVyZmxvdzogaGlkZGVuOwp9CgojcmFrdXRlbkxpbWl0ZWRJZF9hcm91bmRDYXJ0ICogewpmb250LWZhbWlseTogIqPNo9Mgo9CltKW3pcOlryIsc2Fucy1zZXJpZiAhaW1wb3J0YW50Owp9CgojcmFrdXRlbkxpbWl0ZWRJZF9hcm91bmRDYXJ0ICNzZXJ2aWNlVGFibGVTbWwgdGQuZmF2b3JpdGUgewp3aWR0aDogMzAwcHggIWltcG9ydGFudDsKfQoKLyqlq6lgpcjJzMa3t6y6xSovCnNwYW4uaXRlbV9udW1iZXJfdGl0bGUgewpiYWNrZ3JvdW5kOiBub25lIHJlcGVhdCBzY3JvbGwgMCAwICMzYjU5OTg7CmNvbG9yOiAjZmZmOwpkaXNwbGF5OiBibG9jazsKZmxvYXQ6IGxlZnQ7Cm1hcmdpbi1ib3R0b206IDIwcHg7CnBhZGRpbmc6IDNweCA2cHg7CmZvbnQtc2l6ZTogMTAwJSAhaW1wb3J0YW50Owp9CgpzcGFuLml0ZW1fbnVtYmVyIHsKYm9yZGVyOiAxcHggc29saWQgIzNiNTk5ODsKY29sb3I6ICMwMDAwMDA7CmRpc3BsYXk6IGJsb2NrOwpmb250LXdlaWdodDogYm9sZDsKbGV0dGVyLXNwYWNpbmc6IDAuMWVtOwptYXJnaW4tYm90dG9tOiAyMHB4OwptYXJnaW4tbGVmdDogLTAuNWVtOwpwYWRkaW5nOiAycHggOHB4Owp9Cgo8L3N0eWxlPgoKPGRpdiBpZD0icmFua2luZ19pdGVtcGFnZV9ybXMiPgo8ZGl2Pgo8cCBjbGFzcz0idGl0bGUiPjxpbWcgc3JjPSJodHRwOi8vd3d3LnJha3V0ZW4ubmUuanAvZ29sZC9pLW9mZmljZTEvaW1hZ2VzL3RpdGxlX3Jhbmtpbmdfcm1zLnBuZyIgLz48L3A+Cjx1bD4KPGxpPjxpbWcgc3JjPSJodHRwOi8vd3d3LnJha3V0ZW4ubmUuanAvZ29sZC9pLW9mZmljZTEvaW1hZ2VzL3JhbmtpY29uMV9yYW5raW5nX3Jtcy5wbmciIGNsYXNzPSJyYW5raWNvbiIgLz48aW1nIHNyYz0iaHR0cDovL2ltYWdlLnJha3V0ZW4uY28uanAvaS1vZmZpY2UxL2NhYmluZXQvdGFrZTkvMjMzMDAwMjIuanBnIiAvPjxwIGNsYXNzPSJpdGVtX25hbWUiPqG+yNWxvtF1ob/N6M+0pKRPS6Oh0fLDqzEwMKOlyrnTw6Ohz/uz9KWmqWCl67fzpK2l0aXDpck8L3A+PHAgY2xhc3M9InByaWNlIj41LDk4MIPSPC9wPjwvbGk+CjxsaT48aW1nIHNyYz0iaHR0cDovL3d3dy5yYWt1dGVuLm5lLmpwL2dvbGQvaS1vZmZpY2UxL2ltYWdlcy9yYW5raWNvbjJfcmFua2luZ19ybXMucG5nIiBjbGFzcz0icmFua2ljb24iIC8+PGltZyBzcmM9Imh0dHA6Ly9pbWFnZS5yYWt1dGVuLmNvLmpwL2ktb2ZmaWNlMS9jYWJpbmV0L3RrOS8xMTIwMTIxNC5qcGciIC8+PHAgY2xhc3M9Iml0ZW1fbmFtZSI+pNWk76TVpO+l3qW3peWl3qXtpb+lw6XBoe+koqTDpL+kq6XepaSlr6XtpdWloaWkpdCpYLfzpdGlw6XJPC9wPjxwIGNsYXNzPSJwcmljZSI+MiwyOTGD0jwvcD48L2xpPgo8bGk+PGltZyBzcmM9Imh0dHA6Ly93d3cucmFrdXRlbi5uZS5qcC9nb2xkL2ktb2ZmaWNlMS9pbWFnZXMvcmFua2ljb24zX3Jhbmtpbmdfcm1zLnBuZyIgY2xhc3M9InJhbmtpY29uIiAvPjxpbWcgc3JjPSJodHRwOi8vaW1hZ2UucmFrdXRlbi5jby5qcC9pLW9mZmljZTEvY2FiaW5ldC90azkvMTEyMDA2NzcuanBnIiAvPjxwIGNsYXNzPSJpdGVtX25hbWUiPqTVpO+k1aTvpd6lt6Xlpd6l7aW/pcOlwaHvpKKkw6S/pKul3qWkpa+l7aXVpaGlpKXQqWDDq7K8PC9wPjxwIGNsYXNzPSJwcmljZSI+MiwyOTGD0jwvcD48L2xpPgo8bGk+PGltZyBzcmM9Imh0dHA6Ly93d3cucmFrdXRlbi5uZS5qcC9nb2xkL2ktb2ZmaWNlMS9pbWFnZXMvcmFua2ljb240X3Jhbmtpbmdfcm1zLnBuZyIgY2xhc3M9InJhbmtpY29uIiAvPjxpbWcgc3JjPSJodHRwOi8vaW1hZ2UucmFrdXRlbi5jby5qcC9pLW9mZmljZTEvY2FiaW5ldC90Ym01LzE0MDUxMDIyLmpwZyIgLz48cCBjbGFzcz0iaXRlbV9uYW1lIj6hvqWipeSlyKW5ob9maW5sYXlzb24gpdGl86XAsfql6qXQqWClt6XWpevDq7K8ob6WfL6pzve0qKG/PC9wPjxwIGNsYXNzPSJwcmljZSI+OCw2NDCD0jwvcD48L2xpPgo8bGk+PGltZyBzcmM9Imh0dHA6Ly93d3cucmFrdXRlbi5uZS5qcC9nb2xkL2ktb2ZmaWNlMS9pbWFnZXMvcmFua2ljb241X3Jhbmtpbmdfcm1zLnBuZyIgY2xhc3M9InJhbmtpY29uIiAvPjxpbWcgc3JjPSJodHRwOi8vaW1hZ2UucmFrdXRlbi5jby5qcC9pLW9mZmljZTEvY2FiaW5ldC9pY2hpMTIvMzg1MDA3NC5qcGciIC8+PHAgY2xhc3M9Iml0ZW1fbmFtZSI+ob7dWMG/ob/T8MOrpM4ysbakoqS/pL+kq6Sko6Glt6XzpbWl7KlgpcilpqXrpcil6ZLspLGyvIfiPC9wPjxwIGNsYXNzPSJwcmljZSI+NSw5ODCD0jwvcD48L2xpPgoKCjxiciBzdHlsZT0iY2xlYXI6Ym90aCIgLz4KPC91bD4KPC9kaXY+CgoKPC9kaXY+,pdWl6aXzpbml2aXDpckgpaalqaXDpbel46XWpesg0fLDq6XZpcOlyaXRpcOlySClt6XzpbCl66XtpfOlsCDO/MqqP7BryaKky4OepOykv6XoqWCl7aXDpdGuYiDPtKSopOsg0fLDqyAxMDAlIKXZpcOlyaXRpcOlySClu6Xfpbel86Wwpesgt/Ol0aXDpckgt/OkraXRpcOlydF1IGZyYW5jZWJlZCClpqlgpesxMDCjpaO6vNK+36TOpaSl86XGpeqloqWqpdWlo6W5pe+l8w==,pdmlw6XJpb2l1aWhqWCl1aXppfOluaXZpcOlybzSvt8gzajYnMfevt+yvIfipaupYKXapcOlyKXHpbmlr6XBpaeloqlgpcapYKXWpeuFp7x7vNK+36W9pdWloalgpdmlw6XJpcal7KXTzKjX+dLO19PS/dS9pLfQwr7TpaupYKXGpfOlpKXzpcal6qWipbel56XDpdel1aXppfOluaXZpcOlySClpqWppcOlt6Xjpdal6yDR8sOrpdmlw6XJpdGlw6XJIKW3pfOlsKXrpe2l86WwIM78yqo/sGvJoqTLg56k7KS/peipYKXtpcOl0a5iIM+0pKik6yDR8sOrIDEwMCUgpdmlw6XJpdGlw6XJIKW7pd+lt6XzpbCl6yC386XRpcOlySC386StpdGlw6XJ0XUgZnJhbmNlYmVkIKWmqWCl6zEwMKOl,paalqaXDpbel46XWpesg0fLDq6XZpcOlyaXRpcOlySClt6XzpbCl66XtpfOlsCCho6XVpeml86W5pdmlw6XJIKWmpamlw6W3peOl1qXrINHyw6ul2aXDpcml0aXDpckgpbel86Wwpeul7aXzpbAgzvzKqj+wa8mipMuDnqTspL+l6Klgpe2lw6XRrmIgz7SkqKTrINHyw6sgMTAwJSCl2aXDpcml0aXDpckgpbul36W3pfOlsKXrILfzpdGlw6XJILfzpK2l0aXDpcnRdSBmcmFuY2ViZWQgpaapYKXrMTAwo6U=[rn]
40-33000,aHR0cDovL3RzaG9wLnIxMHMuanAvaS1vZmZpY2UxL2NhYmluZXQvMzMtMDIvMzMwNDA0OS5qcGc/Zml0aW49NzAwOjcwMA==,MTMzOTIuMDAwMA==,,paSl86XGpeqloj/H3r7fP4WnvHsgPiDH3r7fID4gpdmlw6XJpdGlw6XJ,pcml6qlgpeCl2aXDpckg0fLDq6XZpcOlyaXRpcOlySCl0algpb2lyqXrpbel86WwpesgUEQtOTI2IKWmqWCl66XRpcOlySBQUyC386StpdGlw6XJILfzpK2l0aXDpcggpdmlw6XIpdGlw6XIIKXJpeqpYKXgpdmlw6XJIGRyZWFtYmVkINK7yMvEuqTppLcgMcjLxLqk6aS3INDCyfq77g==,pdmlw6XJpdGlw6XJIFBT,PGltZyBzcmM9Imh0dHBzOi8vaW1hZ2UucmFrdXRlbi5jby5qcC9pLW9mZmljZTEvY2FiaW5ldC8zMy0wMi8zMzA0MDQ5LmpwZyIgd2lkdGg9IjEwMCUiPjxicj48YnI+PGltZyBzcmM9Imh0dHBzOi8vaW1hZ2UucmFrdXRlbi5jby5qcC9pLW9mZmljZTEvY2FiaW5ldC8zMy0wMi8zMzA0MDQ5XzEuanBnIiB3aWR0aD0iMTAwJSI+PHRhYmxlIHdpZHRoPSIxMDAlIiBib3JkZXI9IjAiIGNlbGxzcGFjaW5nPSIxIiBjZWxscGFkZGluZz0iOCIgY2xhc3M9ImlfaW5mbyI+PHRib2R5Pjx0cj48dGQgY29sc3Bhbj0iMiIgY2xhc3M9ImlfaW5mb190Ij48Yj48Zm9udCBjb2xvcj0iMzMzIj6lpKXzpdWlqaXhqWClt6XnpfM/16LS4srC7Zc8L2ZvbnQ+PC9iPjwvdGQ+PC90cj48dHI+PHRoPsvNwc+ky6TEpKSkxjwvdGg+PHRkIGNsYXNzPSJpYXR0bnNvcnlvIiBiZ2NvbG9yPSIjRkZGRkZGIj6xsbqjtcDLzcHPo7qhvrGxMqG/pb+lpKXXPC90ZD48L3RyPjx0cj48dGg+m1GcZ7e9t6iky6TEpKSkxjwvdGg+PHRkIGJnY29sb3I9IiNGRkZGRkYiIGNsYXNzPSJpYXR0bnBleSI+ob60+r3w0v2TUbK7v8mhvzwvdGQ+PC90cj48dHI+PHRoPsXkIMvNPC90aD48dGQgY2xhc3M9ImlhdHRuZGVsaSIgYmdjb2xvcj0iI0ZGRkZGRiI+PHAgc3R5bGU9ImZvbnQtc2l6ZTogMTJweDsgY29sb3I6I0NDMDAwMDsiPqG+m1+/ST/reI11xeTLzbK7v8mhvzwvcD48L3RkPjwvdHI+PC90Ym9keT48L3RhYmxlPjx0YWJsZSB3aWR0aD0iMTAwJSIgYm9yZGVyPSIwIiBjZWxsc3BhY2luZz0iMSIgY2VsbHBhZGRpbmc9IjgiIGNsYXNzPSJpX3NwZWMiPjx0Ym9keT48dHI+PHRkIGNvbHNwYW49IjIiIGJnY29sb3I9IiNGM0YzRjMiPjxiPjxmb250IGNvbG9yPSIzMzMiPtSUvJo/pbml2qXDpa88L2ZvbnQ+PC9iPjwvdGQ+PC90cj48dHI+PHRoPsnMxrfVaMP3PC90aD48dGQgY2xhc3M9ImlleHBsYW5hdGlvbiIgYmdjb2xvcj0iI0ZGRkZGRiI+PHA+y6/D39bQpMuhoszlxNqkq6Tpt8Wz9qS1pOyk67q5pPLO/IWnpLehoqXepcOlyKXspbmk8sflnY2ky7GjpMSl0aXDpcmlt6XqqWCluqTHpLmhoyA8YnI+ytbdWKTLyrmkqKTrpaapYKXry9iyxKTOtqi3rMa3PGJyPs78t8XKqtDUL8TNz7TlqtDUPC9wPjwvdGQ+PC90cj48dHI+PHRoPqW1paSlujwvdGg+PHRkIGNsYXNzPSJpc2l6ZSIgYmdjb2xvcj0iI0ZGRkZGRiI+PHA+PGJyPs3itOeltaWkpbqjurf5OTdjbaHBsMLQ0KStMTk4Y208YnI+PC9wPjwvdGQ+PC90cj48dHI+PHRoPrLEINl8PC90aD48dGQgY2xhc3M9ImltYXRlcmlhbCIgYmdjb2xvcj0iI0ZGRkZGRiI+PGJyPoLIyfq12KO6vmQyMKOlP6XdpeqlqKW5pcal6zgwo6Uv1tC+ZKO6paapYKXrODCjpT+l3aXqpailuaXGpesyMKOlPC90ZD48L3RyPjx0cj48dGg+vU0gwaI8L3RoPjx0ZCBjbGFzcz0iaWt1bWl0YXRlIiBiZ2NvbG9yPSIjRkZGRkZGIj7N6rPJxrc8YnI+PHRyPjx0aD6kvaTOy/s/16LS4srC7Zc8L3RoPjx0ZCBjbGFzcz0iaWF0dG50eHQiIGJnY29sb3I9IiNGRkZGRkYiPqH2z7SkqKTro6ilpqWppcOlt6Xjpdal66OpPGJyPqH2yN3BvzUtOGtnpM7PtOWqmUOkx09Lo6E8YnI+ofbPtOWqjJ/Tw6XNpcOlyLi2pK08YnI+ofals6lgpcqpYKW0peCl2aXrpci4tqSto6il3qXDpcil7KW5uN+ktbxzNDCk3qTHjJ2P6qOpPGJyPjwvdGQ+PC90cj48L3Rib2R5PjwvdGFibGU+PHRhYmxlIHdpZHRoPSIxMDAlIiBib3JkZXI9IjAiIGNlbGxzcGFjaW5nPSIxIiBjZWxscGFkZGluZz0iOCIgY2xhc3M9Imlfa2FucmVuIj48dHI+PHRkIGNvbHNwYW49IjIiIGJnY29sb3I9IiNGM0YzRjMiPjxiPjxmb250IGNvbG9yPSIzMzMiPul230LJzMa3PC9mb250PjwvYj48L3RkPjwvdHI+PHRoPqW3peqpYKW6yczGtzwvdGg+PHRkIGNsYXNzPSJpdmFsIiBiZ2NvbG9yPSIjRkZGRkZGIj48cD6l2aXDpcml0aXDpckgUFM8YnI+PGJyPqXZpcOlyaXRpcOlySBTRDxicj48YnI+pdmlw6XJpdGlw6XJIEQ8YnI+PGJyPqXZpcOlyaXRpcOlySBRMTxicj48YnI+pdmlw6XJpdGlw6XJIFEyPGJyPjxicj6l2aXDpcml0aXDpckgU0s8YnI+PGJyPqXZpcOlyaXRpcOlySBLMjxicj48YnI+x96+36W7pcOlyCBQUyClt6lgpcSjqKXepcG43zMwo6k8YnI+PGJyPsfevt+lu6XDpcggUFMgpbepYKXEo6il3qXBuN8zNqOpPGJyPjxicj7H3r7fpbulw6XIIFBTIKW3qWClxKOopd6lwbjfNDWjqTxicj48YnI+x96+36W7pcOlyCBTRCClt6lgpcSjqKXepcG43zMwo6k8YnI+PGJyPsfevt+lu6XDpcggU0QgpbepYKXEo6il3qXBuN8zNqOpPGJyPjxicj7H3r7fpbulw6XIIFNEIKW3qWClxKOopd6lwbjfNDWjqTxicj48YnI+x96+36W7pcOlyCBEIKW3qWClxKOopd6lwbjfMzCjqTxicj48YnI+x96+36W7pcOlyCBEIKW3qWClxKOopd6lwbjfMzajqTxicj48YnI+x96+36W7pcOlyCBEIKW3qWClxKOopd6lwbjfNDWjqTxicj48YnI+x96+36W7pcOlyCBRMSClt6lgpcSjqKXepcG43zMwo6k8YnI+PGJyPsfevt+lu6XDpcggUTEgpbepYKXEo6il3qXBuN8zNqOpPGJyPjxicj7H3r7fpbulw6XIIFExIKW3qWClxKOopd6lwbjfNDWjqTxicj48YnI+x96+36W7pcOlyCBRMiClt6lgpcSjqKXepcG43zMwo6k8YnI+PGJyPsfevt+lu6XDpcggUTIgpbepYKXEo6il3qXBuN8zNqOpPGJyPjxicj7H3r7fpbulw6XIIFEyIKW3qWClxKOopd6lwbjfNDWjqTxicj48YnI+x96+36W7pcOlyCBTSyClt6lgpcSjqKXepcG43zMwo6k8YnI+PGJyPsfevt+lu6XDpcggU0sgpbepYKXEo6il3qXBuN8zNqOpPGJyPjxicj7H3r7fpbulw6XIIFNLIKW3qWClxKOopd6lwbjfNDWjqTxicj48YnI+x96+36W7pcOlyCBLMiClt6lgpcSjqKXepcG43zMwo6k8YnI+PGJyPsfevt+lu6XDpcggSzIgpbepYKXEo6il3qXBuN8zNqOpPGJyPjxicj7H3r7fpbulw6XIIEsyIKW3qWClxKOopd6lwbjfNDWjqTxicj48YnI+PC9wPjwvdGQ+PC90cj48L3RhYmxlPjxzdHlsZT4KLyrZSaSkzu+lq6W0pdylv6XzKi8KI3Jha3V0ZW5MaW1pdGVkSWRfYXJvdW5kQ2FydCBpbnB1dFt2YWx1ZT0i2UmkpM7vpKuktKTLyOuk7KTrIl0sIGlucHV0W3ZhbHVlPSLT6LxzpLmk6yJdCiB7CiAgd2lkdGg6IDIzM3B4OwogIGhlaWdodDogNTJweDsKICBiYWNrZ3JvdW5kOnVybChodHRwOi8vaW1hZ2UucmFrdXRlbi5jby5qcC9pLW9mZmljZTEvY2FiaW5ldC8wMzk0MjAzNy9jYXJ0LmdpZikgI2ZjZmNmYyBuby1yZXBlYXQ7CiAgb3ZlcmZsb3c6IGhpZGRlbjsKICBib3JkZXItd2lkdGg6IDBweDsKICBjdXJzb3I6IHBvaW50ZXIgIWltcG9ydGFudDsKICB0ZXh0LWluZGVudDogMTUwJTsKICB3aGl0ZS1zcGFjZTogbm93cmFwOwogIG1hcmdpbjogNXB4IDAgMCAwOwp9CgoKLyqCgMr9yOvBpiovCiNyYWt1dGVuTGltaXRlZElkX2Fyb3VuZENhcnQgaW5wdXQjdW5pdHMgewogIGJvcmRlcjpzb2xpZCAjY2NjIDFweDsKICBiYWNrZ3JvdW5kOiNmZmYhaW1wb3J0YW50OwogIGN1cnNvcjphdXRvOwogIHRleHQtaW5kZW50OiAwcHg7CiAgb3ZlcmZsb3c6IGhpZGRlbjsKfQoKI3Jha3V0ZW5MaW1pdGVkSWRfYXJvdW5kQ2FydCAqIHsKICAgIGZvbnQtZmFtaWx5OiAio82j0yCj0KW0pbelw6WvIixzYW5zLXNlcmlmICFpbXBvcnRhbnQ7Cn0KCgojcmFrdXRlbkxpbWl0ZWRJZF9hcm91bmRDYXJ0ICNzZXJ2aWNlVGFibGVTbWwgdGQuZmF2b3JpdGUgewp3aWR0aDogMzAwcHggIWltcG9ydGFudDsKfQovKqWrqWClyMnMxre3rLrFKi8Kc3Bhbi5pdGVtX251bWJlcl90aXRsZSB7CiAgICBiYWNrZ3JvdW5kOiBub25lIHJlcGVhdCBzY3JvbGwgMCAwICMzYjU5OTg7CiAgICBjb2xvcjogI2ZmZjsKICAgIGRpc3BsYXk6IGJsb2NrOwogICAgZmxvYXQ6IGxlZnQ7CiAgICBtYXJnaW4tYm90dG9tOiAyMHB4OwogICAgcGFkZGluZzogM3B4IDZweDsKICAgIGZvbnQtc2l6ZTogMTAwJSAhaW1wb3J0YW50Owp9CnNwYW4uaXRlbV9udW1iZXIgewogICAgYm9yZGVyOiAxcHggc29saWQgIzNiNTk5ODsKICAgIGNvbG9yOiAjMDAwMDAwOwogICAgZGlzcGxheTogYmxvY2s7CiAgICBmb250LXdlaWdodDogYm9sZDsKICAgIGxldHRlci1zcGFjaW5nOiAwLjFlbTsKICAgIG1hcmdpbi1ib3R0b206IDIwcHg7CiAgICBtYXJnaW4tbGVmdDogLTAuNWVtOwogICAgcGFkZGluZzogMnB4IDhweDsKfSAKPC9zdHlsZT4=,pcml6qlgpeCl2aXDpckg0fLDq6XZpcOlyaXRpcOlySCl0algpb2lyqXrpbel86WwpesgUEQtOTI2IKWmqWCl66XRpcOlySBQUyC386StpdGlw6XJILfzpK2l0aXDpcggpdmlw6XIpdGlw6XIIKXJpeqpYKXgpdmlw6XJIGRyZWFtYmVkINK7yMvEuqTppLcgMcjLxLqk6aS3INDCyfq77qO6vNK+36TOpaSl86XGpeqloqWqpdWlo6W5pe+l8w==,pdmlw6XJpb2l1aWhqWCl1aXppfOluaXZpcOlybzSvt8gzajYnMfevt+yvIfipaupYKXapcOlyKXHpbmlr6XBpaeloqlgpcapYKXWpeuFp7x7vNK+36W9pdWloalgpdmlw6XJpcal7KXTzKjX+dLO19PS/dS9pLfQwr7TpaupYKXGpfOlpKXzpcal6qWipbel56XDpdelyaXqqWCl4KXZpcOlySDR8sOrpdmlw6XJpdGlw6XJIKXRqWClvaXKpeult6XzpbCl6yBQRC05MjYgpaapYKXrpdGlw6XJIFBTILfzpK2l0aXDpckgt/OkraXRpcOlyCCl2aXDpcil0aXDpcggpcml6qlgpeCl2aXDpckgZHJlYW1iZWQg0rvIy8S6pOmktyAxyMvEuqTppLcg0MLJ+rvu,pdmlw6XJpdGlw6XJIFBToaOlyaXqqWCl4KXZpcOlySDR8sOrpdmlw6XJpdGlw6XJIKXRqWClvaXKpeult6XzpbCl6yBQRC05MjYgpaapYKXrpdGlw6XJIFBTILfzpK2l0aXDpckgt/OkraXRpcOlyCCl2aXDpcil0aXDpcggpcml6qlgpeCl2aXDpckgZHJlYW1iZWQg0rvIy8S6pOmktyAxyMvEuqTppLcg0MLJ+rvu[rn]
