31-51686,aHR0cDovL3RzaG9wLnIxMHMuanAvZ2FuYmFyaXlhL2NhYmluZXQvMDUwNzc1MjEvaW1ncmMwMDY4NDU3MDk3LmpwZz9maXRpbj03MDA6NzAw,MjQ2OS42MDAw,,u6g/paypYKXHpfM/RElZID4gpaypYKXHpcul86WwP95ymEkgPiC89Lao08O+3yA+IIhA3L/Tw6TPpLWk3w==,paKl66W5pbOpYKXdpeypYKW3peel86Oo1uqjqSAgpaKl66W5oaGloqXrpbm89Lao5GWl1qWkpailuaWopaSlyKGhVlMtOFogIDG2oaG+MzgyLTU3NTKhvw==,paKl66W5pbOpYKXdpeypYKW3peel86Oo1uqjqaGhiEDcv9PDpc+ltaXf,PGJyPjxpbWcgc3JjPWh0dHA6Ly9pbWFnZS5yYWt1dGVuLmNvLmpwL2dhbmJhcml5YS9jYWJpbmV0LzA1MDcxNTY0L2ltZ3JjMDA2ODQ1NzA5NC5qcGcgd2lkdGg9ODAwID48L2JyPjxicj48aW1nIHNyYz1odHRwOi8vaW1hZ2UucmFrdXRlbi5jby5qcC9nYW5iYXJpeWEvY2FiaW5ldC8wNTA3MTU2NC9pbWdyYzAwNjg0NTcwOTUuanBnIHdpZHRoPTgwMCA+PC9icj6hvszY6Uyhvzxicj6h8bH6pMjI0LK/pM69x7bIpPLVe9X7pLehosjQpKy086StpK/pX6SkpMak4s7VpOqk5KS5pK+hosrWpKzHsKTLpLmk2aXqpMukr6Skobqlx6WjqWCl16XppaSl89RP04uhu6TykvHTw6S3pN6kt6S/oaOh8cjQpM+lz6lgpcmlr6XtpeCl4aXDpa3Ky8nPpLKhosrcyNCkz6Xkpcucz7zTuaSkx6S5oaOh8bTypMG6z6Sksr+ky6TPpaal7KW/pfOk8pLx08Okt6TGpKSk66S/pOGhorz0tqiVcqTOpbel56XDpa+k4s78haekt6GiytakrMajpOyk3qS7pPOho6HxpbCl6qXDpdek8s7VpOukwKSxpMeluaXIpcOl0algpKy94rP9pLWk7KTrsLLIq6XvpfOlv6XDpcGluaXIpcOl0algpPKS8dPDoaKlsalgpbmkyqTJpKuk6cihpOqz9qS3pMakuaSwpMvKudPDpMekraTepLmhozxicj6hvtPDzb6hvzxicj6h8dampM689Lao08Ohozxicj6hvsrLmJShvzxicj6h8cfQts/E3MGmKG1tKToxNaHxyNDpTChtbSk6NTSh8cir6UwobW0pOjIwMKHx2XzBvyhnKToyMjA8YnI+ob7ZfMG/ob88YnI+MjIwRzxicj6hvrLE2Xyjr8rLyc+hvzxicj6h8cjQOrjfzL/L2MjQzu/kk6HxpbCl6qXDpdc6paKl66XfpcClpKWrpbmlyD+JY7uvpdOly6lgpeujqFBWQ6OpPGJyPqG+1K2uYrn6o6jD+7PGo6mhvzxicj7I1bG+PGJyPqG+peGpYKWrqWDD+6G/PGJyPqWipeuluaWzqWCl3aXsqWClt6XnpfOjqNbqo6k8YnI+ob5KQU6ls6lgpcmhvzxicj40OTY1MjgwNjc5MTg1PGJyPqG+6XbfQqWtqWCl76lgpcmjuqTipM6kxaSvpOqkzqSspPOk0KTqzt2YU8zsytCI9rXqoaG+druv08PGt6GhiEDcv9PDxrehocmiy67Tw8a3oaGlrKlgpcely6XzpbChobz0tqijqKS7pPOkxqSko6mlz6W1pd+hoaS7pPOkxqSkpNCktaTfoaG89Lao5GWhoURJWaGhsb648aGhpdel7aGhwprIy6GhmEmE1dPDoaHK1sjrpOyhoY+KwaahodayxL6hoc2lxL6hoaWzpfOl0aWvpcihoVBSVU5JTkehoVNIRUFSU6G/PHRhYmxlIGJvcmRlcj0iMCI+CiAgPHRib2R5PgogICA8dHI+CjxpbWcgc3JjPSJodHRwczovL3d3dy5yYWt1dGVuLmNvLmpwL3Nob3BzL21hbnVhbC9zb20vMjAxMS9pbWcvMTEwMy8yMDExMDNfZmxvd2VyLmdpZiJ3aWR0aD0iMTUwIiBoZWlnaHQ9IjY2Ij4KICAgPC90cj4KICAgIDx0cj4KPGltZyBzcmM9Imh0dHA6Ly9pbWFnZS5yYWt1dGVuLmNvLmpwL2NvbS9pbWcvcm1zL2NhYmluZXQvcmVjb21tZW5kX25ldy9pbWcwMDAwNjYwNi5naWYid2lkdGg9IjI2MyIgaGVpZ2h0PSI1MyI+CiAgICA8L3RyPgogIDwvdGJvZHk+CjwvdGFibGU+Cgo8IS0tIKW5pemlpKXJpbel56lgo6jpX8q8o6kgLS0+CjxjZW50ZXI+Cgo8L2NlbnRlcj4KPCEtLSCluaXppaSlyaW3peepYKOovUvBy6OpIC0tPgoKCjx0YWJsZSBib3JkZXI9IjAiPgogIDx0Ym9keT4KICAgIDx0cj4KICAgICAgPHRkIGNvbHNwYW49IjMiPjxpbWcgc3JjPSJodHRwOi8vaW1hZ2UucmFrdXRlbi5jby5qcC9nYW5iYXJpeWEvY2FiaW5ldC9rYW5iYW5uMDEvMDMyOTAwNzkvaW1nNjEyMTQ4MjguanBnIndpZHRoPSI4MDAiPgogICAgJm5ic3A7PC90ZD4KICAgIDwvdHI+CiAgIDx0cj4gIAogIDwvdGJvZHk+CjwvdGFibGU+Cgo8dGFibGUgYm9yZGVyPSIwIj4KICA8dGJvZHk+CiAgICA8dHI+CiAgICAgIDx0ZCBoZWlnaHQ9IjEwMCIgd2lkdGg9IjIwMCI+PGltZyBzcmM9Imh0dHA6Ly9pbWFnZS5yYWt1dGVuLmNvLmpwL2dhbmJhcml5YS9jYWJpbmV0L2thbmJhbm4wMS8wMzI5MDA3OS9pbWc2MTIxNTI4Ni5qcGcid2lkdGg9IjIwMCIgaGVpZ2h0PSIxMjAiPjwvdGQ+CiAgICAgIDx0ZCBoZWlnaHQ9IjEwMCIgd2lkdGg9IjIwMCI+PGltZyBzcmM9Imh0dHA6Ly9pbWFnZS5yYWt1dGVuLmNvLmpwL2dhbmJhcml5YS9jYWJpbmV0L2thbmJhbm4wMS8wMzI5MDA3OS9pbWc2MTIxNTI4Mi5qcGcid2lkdGg9IjIwMCIgaGVpZ2h0PSIxMjAiPjwvdGQ+CiAgICAgIDx0ZCBoZWlnaHQ9IjEwMCIgd2lkdGg9IjIwMCI+PGltZyBzcmM9Imh0dHA6Ly9pbWFnZS5yYWt1dGVuLmNvLmpwL2dhbmJhcml5YS9jYWJpbmV0L2thbmJhbm4wMS8wMzI5MDA3OS9pbWc2MTIxNTI4NC5qcGcid2lkdGg9IjIwMCIgaGVpZ2h0PSIxMjAiPjwvdGQ+CiAgICAgIDx0ZCBoZWlnaHQ9IjEwMCIgd2lkdGg9IjIwMCI+PGltZyBzcmM9Imh0dHA6Ly9pbWFnZS5yYWt1dGVuLmNvLmpwL2dhbmJhcml5YS9jYWJpbmV0L2thbmJhbm4wMS8wMzI5MDA3OS9pbWc2MTIxNTI4OC5qcGcid2lkdGg9IjIwMCIgaGVpZ2h0PSIxMjAiPjwvdGQ+CiAgICA8L3RyPgoKICAgIDx0cj4KICAgICAgPHRkIGhlaWdodD0iMTAwIiB3aWR0aD0iMjAwIj48aW1nIHNyYz0iaHR0cDovL2ltYWdlLnJha3V0ZW4uY28uanAvZ2FuYmFyaXlhL2NhYmluZXQva2FuYmFubjAxLzAzMjkwMDc5L2ltZzYxMjE1Mjg1LmpwZyJ3aWR0aD0iMjAwIiBoZWlnaHQ9IjEyMCI+PC90ZD4KICAgICAgPHRkIGhlaWdodD0iMTAwIiB3aWR0aD0iMjAwIj48aW1nIHNyYz0iaHR0cDovL2ltYWdlLnJha3V0ZW4uY28uanAvZ2FuYmFyaXlhL2NhYmluZXQva2FuYmFubjAxLzAzMjkwMDc5L2ltZzYxMjE1MjgzLmpwZyJ3aWR0aD0iMjAwIiBoZWlnaHQ9IjEyMCI+PC90ZD4KICAgICAgPHRkIGhlaWdodD0iMTAwIiB3aWR0aD0iMjAwIj48aW1nIHNyYz0iaHR0cDovL2ltYWdlLnJha3V0ZW4uY28uanAvZ2FuYmFyaXlhL2NhYmluZXQva2FuYmFubjAxLzAzMjkwMDc5L2ltZzYxMjE1MTM4LmpwZyIgd2lkdGg9IjIwMCIgaGVpZ2h0PSIxMjAiPjwvdGQ+CiAgICAgIDx0ZCBoZWlnaHQ9IjEwMCIgd2lkdGg9IjIwMCI+PGltZyBzcmM9Imh0dHA6Ly9pbWFnZS5yYWt1dGVuLmNvLmpwL2dhbmJhcml5YS9jYWJpbmV0L2thbmJhbm4wMS8wMzI5MDA3OS9pbWc2MTIxNTEzNS5qcGciIHdpZHRoPSIyMDAiIGhlaWdodD0iMTIwIj48L3RkPgogICAgPC90cj4KCiAgICA8dHI+CiAgICAgIDx0ZCBoZWlnaHQ9IjEwMCIgd2lkdGg9IjIwMCI+PGltZyBzcmM9Imh0dHA6Ly9pbWFnZS5yYWt1dGVuLmNvLmpwL2dhbmJhcml5YS9jYWJpbmV0L2thbmJhbm4wMS8wMzI5MDA3OS9pbWc2MTIxNTEzNC5qcGciIHdpZHRoPSIyMDAiIGhlaWdodD0iMTIwIj48L3RkPgogICAgICA8dGQgaGVpZ2h0PSIxMDAiIHdpZHRoPSIyMDAiPjxpbWcgc3JjPSJodHRwOi8vaW1hZ2UucmFrdXRlbi5jby5qcC9nYW5iYXJpeWEvY2FiaW5ldC9rYW5iYW5uMDEvMDMyOTAwNzkvaW1nNjEyMTUxMzkuanBnIiB3aWR0aD0iMjAwIiBoZWlnaHQ9IjEyMCI+PC90ZD4KICAgICAgPHRkIGhlaWdodD0iMTAwIiB3aWR0aD0iMjAwIj48aW1nIHNyYz0iaHR0cDovL2ltYWdlLnJha3V0ZW4uY28uanAvZ2FuYmFyaXlhL2NhYmluZXQva2FuYmFubjAxLzAzMjkwMDc5L2ltZzYxMjE1MTM2LmpwZyIgd2lkdGg9IjIwMCIgaGVpZ2h0PSIxMjAiPjwvdGQ+CiAgICAgIDx0ZCBoZWlnaHQ9IjEwMCIgd2lkdGg9IjIwMCI+PGltZyBzcmM9Imh0dHA6Ly9pbWFnZS5yYWt1dGVuLmNvLmpwL2dhbmJhcml5YS9jYWJpbmV0L2thbmJhbm4wMS8wMzI5MDA3OS9pbWc2MTIxNTEzNy5qcGciIHdpZHRoPSIyMDAiIGhlaWdodD0iMTIwIj48L3RkPgogICAgPC90cj4KICA8L3Rib2R5Pgo8L3RhYmxlPgoKCjx0YWJsZSBib3JkZXI9IjAiPgogIDx0Ym9keT4KICAgIDx0cj4KPHRkIHdpZHRoPSI4MDAiPjxpbWcKc3JjPSJodHRwczovL2ltYWdlLnJha3V0ZW4uY28uanAvX25hZ295YTc1OC9jYWJpbmV0L3Rva2FpMi8wMzY5NDA4My9wb2ludDdiYWkuanBnIndpZHRoPSI4MDAiPjwvdGQ+CiAgICA8L3RyPgogIDwvdGJvZHk+CjwvdGFibGU+Cgo8YnI+CjwhLS0gpbml6aWkpcmlt6XnqWCjqOlfyryjqSAtLT4KPGNlbnRlcj48L2NlbnRlcj4KPCEtLSCluaXppaSlyaW3peepYKOovUvBy6OpIC0tPgo8L2JyPgoKPCEtLUdvUVN5c3RlbaXppfOlraXzpbDX1ITTuPzQwqXEqWCl66XvpaSlyS0tPgo8dGFibGUgYWxpZ249ImNlbnRlciIgd2lkdGg9IjgwMCIgYm9yZGVyPSIwIiBjZWxscGFkZGluZz0iMCIgY2VsbHNwYWNpbmc9IjAiIGJnY29sb3I9IiNGRkZGRkYiPgo8dHI+Cjx0ZD4KPHRhYmxlIGFsaWduPSJjZW50ZXIiIHdpZHRoPSI4MDAiIGJvcmRlcj0iMCIgY2VsbHBhZGRpbmc9IjAiIGNlbGxzcGFjaW5nPSIwIiBiZ2NvbG9yPSIjRkZGRkZGIj4KPHRyPgo8dGQgYWxpZ249ImNlbnRlciIgdmFsaWduPSJib3R0b20iIGJnY29sb3I9IiNjY2NjY2MiPjxpbWcgc3JjPSJodHRwOi8vd3d3LnJha3V0ZW4ubmUuanAvZ29sZC9nYW5iYXJpeWEvZ29xc3lzdGVtLzYwMHJhbmtpbmd0aXRlbC5naWYiIHdpZHRoPSI4MDAiIC8+PC90ZD4KPC90cj4KPC90YWJsZT4KPHRhYmxlIGFsaWduPSJjZW50ZXIiIHdpZHRoPSI3OTYiIGJvcmRlcj0iMCIgY2VsbHBhZGRpbmc9IjAiIGNlbGxzcGFjaW5nPSIwIiBiZ2NvbG9yPSIjQ0NDQ0NDIiBzdHlsZT0iYm9yZGVyLWxlZnQ6c29saWQ7Ym9yZGVyLWxlZnQtd2lkdGg6MXB4O2JvcmRlci1yaWdodDpzb2xpZDtib3JkZXItcmlnaHQtd2lkdGg6MXB4O2JvcmRlci1ib3R0b206c29saWQ7Ym9yZGVyLWJvdHRvbS13aWR0aDoxcHg7Ym9yZGVyLWNvbG9yOiNDQ0NDQ0M7Ij4KPHRyPgo8dGQgYWxpZ249ImNlbnRlciIgYmdjb2xvcj0iI0ZGRkZGRiI+CjxkaXYgY2xhc3M9Imlmcm0tY29udGFpbmVyIiBzdHlsZT0id2lkdGg6Nzk4cHg7aGVpZ2h0OjIyMHB4O292ZXJmbG93OmF1dG87LXdlYmtpdC1vdmVyZmxvdy1zY3JvbGxpbmc6dG91Y2g7Ij4KCjwvZGl2Pgo8L3RkPgo8L3RyPgo8dHI+Cjx0ZCBhbGlnbj0icmlnaHQiIGJnY29sb3I9IiNGRkZGRkYiIHN0eWxlPSJwYWRkaW5nOjJweDsiPgo8aW1nIHNyYz0iaHR0cDovL3d3dy5yYWt1dGVuLm5lLmpwL2dvbGQvZ2FuYmFyaXlhL2dvcXN5c3RlbS9wb3dlcmVkX2J5X2Jhbm5lci5naWYiIHdpZHRoPSIxMjUiIC8+CjwvdGQ+CjwvdHI+CjwvdGFibGU+CjwvdGQ+CjwvdHI+CjwvdGFibGU+CjwhLS1Hb1FTeXN0ZW2l6aXzpa2l86Ww19SE07j80MKlxKlgpeul76WkpcktLT4KCgoKCgoKCgoKCgo8IS0tIFVWRVijqOlfyryjqSAtLT4KPHRhYmxlIGJvcmRlcj0iMCI+CiAgPHRib2R5PgogICAgPHRyPgo8dGQgd2lkdGg9IjgwMCI+PGltZwpzcmM9Imh0dHA6Ly9pbWFnZS5yYWt1dGVuLmNvLmpwL2dhbmJhcml5YS9jYWJpbmV0L2ltYWdlcy9pbWdyYzAwNjkxMTAxNTUuanBnIndpZHRoPSI4MDAiPjwvdGQ+CiAgICA8L3RyPgogIDwvdGJvZHk+CjwvdGFibGU+CjwhLS0gVVZFWKOovUvBy6OpIC0tPgoKPCEtLSDUwrnipcml6qXro6jpX8q8o6kgLS0+Cjx0YWJsZSBib3JkZXI9IjAiPgogIDx0Ym9keT4KICAgIDx0cj4KPHRkIHdpZHRoPSI4MDAiPjxpbWcKc3JjPSJodHRwOi8vaW1hZ2UucmFrdXRlbi5jby5qcC9nYW5iYXJpeWEvY2FiaW5ldC9pbWFnZXMvaW1ncmMwMDY5ODgxNjE4LmpwZyJ3aWR0aD0iODAwIj48L3RkPgogICAgPC90cj4KICA8L3Rib2R5Pgo8L3RhYmxlPgo8IS0tINTCueKlyaXqpeujqL1LwcujqSAtLT4KCjwhLS0gpbGl66XSpeOpYKOo6V/KvKOpIC0tPgo8dGFibGUgYm9yZGVyPSIwIj4KICA8dGJvZHk+CiAgICA8dHI+Cjx0ZCB3aWR0aD0iODAwIj48aW1nCnNyYz0iaHR0cHM6Ly9pbWFnZS5yYWt1dGVuLmNvLmpwL2dhbmJhcml5YS9jYWJpbmV0L2ltYWdlcy9pbWdyYzAwNzAzNzA1MzEuanBnIndpZHRoPSI4MDAiPjwvdGQ+CiAgICA8L3RyPgogIDwvdGJvZHk+CjwvdGFibGU+CjwhLS0gpbGl66XSpeOpYKOovUvBy6OpIC0tPg==,paKl66W5pbOpYKXdpeypYKW3peel86Oo1uqjqSAgpaKl66W5oaGloqXrpbm89Lao5GWl1qWkpailuaWopaSlyKGhVlMtOFogIDG2oaG+MzgyLTU3NTKhv6O6pOKkzqTFpK+k6qTOpKyk86TQpOrO3Q==,RElZVE9PTKXEqWCl67mkvt+1wL7fpd6lraW/peql56lgpdPEvrmkpOKkzqTFpK+k6rGj12++3+uKhNO5pL7fpdil66XhpcOlyIhA3L+434hSz7Sbt5lDpeKlzqW/pe2lpr3T18WEiNFh0N6EiKXbqWCl4KW7pfOlv6lgvOa3vzNNpaKl66W5pbOpYKXdpeypYKW3peel86Oo1uqjqSAgpaKl66W5oaGloqXrpbm89Lao5GWl1qWkpailuaWopaSlyKGhVlMtOFogIDG2oaG+MzgyLTU3NTKhvw==,paKl66W5pbOpYKXdpeypYKW3peel86Oo1uqjqaGhiEDcv9PDpc+ltaXfoaOloqXrpbmls6lgpd2l7Klgpbel56Xzo6jW6qOpICCloqXrpbmhoaWipeulubz0tqjkZaXWpaSlqKW5pailpKXIoaFWUy04WiAgMbahob4zODItNTc1MqG/[rn]
31-51687,aHR0cDovL3RzaG9wLnIxMHMuanAvdGFudGFuL2NhYmluZXQvbTAwMS8xMTQvMTExNDM4My5qcGc/Zml0aW49NzAwOjcwMA==,NjE0MS42MDAw,,u6g/paypYKXHpfM/RElZID4gpaypYKXHpcul86WwP95ymEkgPiC89Lao08O+3yA+IIhA3L/Tw6TPpLWk3w==,pdWluMq4IKWipeul36WxqWCl1qXrpaulw6W/qWAgTk8uNjAwLTUwMCA0OTUyNTIwMDYwMTE3,pdWluMq4INf3mEnTw8a3,PGZvbnQgc2l6ZT0zIGNvbG9yPSNmZjAwMDA+PGI+IKHxpeGpYKWrqWDWscvNxreky7i2pK2hoqSq1qeSQqSkpM+huMewyOu98KG5pM6k36TOjJ2P6qTIpMqk6qTepLmhozxicj4gofGYU8zspbeluaXGpeDJz8irpMakzsnMxrekrKG4tPrS/aStP5Vy6WfWuLaoobmk8t94kmuz9sC0pMakt6TepKSk3qS5pKyhojxicj4gIKXhqWClq6lg1rHLzca3pM+z0KTspN6ku6TzpM6kx6S0wcuz0KSvpMCktaSkpN6ku6GjPGJyPqHxtPrS/aStpMekzqS016LOxKTP43nQ0M/I1fHeeqTfpM6kqtankkKkpKTLieS4/KS3t7XQxaS1pLukxu2UpK2k3qS5oaMgPC9iPjwvZm9udD48YnI+PGJyPqHx64qa3bmkysKkx6TOpbGpYKXWpeu+gMfQts/X95hJpMvX7t9tpMekuaGjPGJyPqHxob7Tw82+ob88YnI+ofHriprduaTKwqTKpMmkzqWxqWCl1qXrvoDH0LbP1/eYSaGjPGJyPqHxob6ZQ8TcP8zYj9XNvqG/PGJyPqHxpc+l86XJpeuky6Wipeul36XRpaSl16TyyrnTw6S33VjBv6GivNOkqKTGpaKl66XepaSlyLzTuaSk8sqppLehorTzieSkraTspKSkx6S5oaM8YnI+ofHI0LK/pM++q8Pc5ZLU7KS1pOykv8jQzu/Tw8zYyuLkk6TyyrnTw6S3pMakpKTepLmhozxicj6h8cjQsr+kzqXcpeulyKTPpa+l7aXgpeKl6qXWpcel8+STpPLKudPDpLehotbQ0MSlyqXDpcikrL6PpOCks6TIpKykyqSvoaKlrKW/pKyz9qTepLuk86GjPGJyPqHxob7Ky5iUob88YnI+ofHH0LbPxNzBpqOoo8mj1r6Ao6mjuqOyo7WjsKPto+2jsqGjPGJyPqHxx9C2z8TcwaajqKPWo9aj0r6Ao6mjuqOxo7CjsKPto+2jsqGjPGJyPqHxpbWlpKW6o7Gjusir6UyjtaOwo7Cj7aPtP9bYwb+jsaOwo7SjtaPno6+j96GjPGJyPqHxpbWlpKW6o7Kjus7VpOqyv7f5o7GjtaOwo+2j7T+68aTfo7OjtKPto+0/yNC3+aO2o7aj7aPtoaM8YnI+ofGhvrLE2Xyhvzxicj6h8bG+zOWjuszYyuLkk6GjPGJyPqHxsfqjuqXdpeqJY7uvpdOly6XroaM8YnI+ofGhvsnMxreltaWkpbqhvzxicj6h8bf5o7GjtaOwocG436S1o7WjsKOwocGwwtDQo7OjtKPto+2hodbYwb+jsaOwo7SjtaPnPGJyPqHxyczGt6WzqWClyaO6NDk1MjUyMDA2MDExNzxicj6h8UpBTqWzqWClyaO6NDk1MjUyMDA2MDExNzxicj6h8aXWpeml86XJw/ujuqXVpbjKuDxicj6h8cnMxrfD+6O6paKl66XfpbGpYKXWpeulq6XDpb+pYDxicj6h8dKOuPGjuqPOo8+jrqO2o7CjsKOto7WjsKOwPGJyPqHxob7XotLiysLtl6TbpKuhvzxicj6h8bG+wLSkzsS/tcTS1M3ipMekz8q508Okt6TKpKSkx8/CpLWkpKGjPGJyPqHx1/eYSZVypM/W3KTqpM6wssirpPK0X6SrpOGkxqS0yrnTw8/CpLWkpKGjPGJyPqHxsaPXb6XhpaylzbXIpPLXxdPDpLekxtf3mEmk8qS3pMbPwqS1pKShozxicj6h8cTcwabS1MnPpM7KudPDpM+kt6TKpKSkx8/CpLWkpKGjPGJyPqHxpeGpYKWrqWDWscvNxreky7i2pK2hoqSq1qeSQqSkpM+huMewyOu98KG5pM6k36TOjJ2P6qTIpMqk6qTepLmhozxicj6h8aG4tPrS/aStP5Vy6WfWuLaoobmkz6THpK2k3qS7pPOkzqTHpLTBy7PQpK+kwKS1pKShozxicj6h8aG4teruXtL9tsmkt6G5pM+kx6StpN6ku6TzpM6kx6S0wcuz0KSvpMCktaSkoaM8YnI+ofFKQU6ls6lgpcmjujQ5NTI1MjAwNjAxMTc8YnI+PGZvbnQgc2l6ZT0yIGNvbG9yPSM2Njk5ZmY+uaS+3z/X95hJ08PGt6O+1/eYSdPDxrejvsrW1/eYSbmkvt8vx9C2z9PDxrejvqXVpbjKuDQ5NTI1MjAwNjAxMTc8L2ZvbnQ+PGJyPqSzpMGk6aTOyczGt6TOy83Bz8f4t9akz6G4MaG5pMekuaGjPGRpdiBzdHlsZT0iY29sb3I6I2ZmMDAwMDsgZm9udC13ZWlnaHQ6Ym9sZDsgIj48Yj6h+TxzdHJvbmcgc3R5bGU9ImJhY2tncm91bmQtY29sb3I6I2ZmZmYwMDsgY29sb3I6IzAwMDBmZjsgIj7Rfcr9zKjK/bywpNPRfcr9paKlpKXGpeAKPC9zdHJvbmc+pM6ktNeizsSk8u2UpKSkv4j2us+hos2os6Ok6KTqvHsgxtqk8iDtlKSviPa6z6SspLSktqSkpN6kuaGjPGJyIC8+CqH5pLTXos7EyczGt6Sso6ij1KPWt8XTs6TKpMmky6TopOvXos7EmqK1vbXIo6nNu7BrtcSkys3qidOky6TopOqktNPD0uKkx6StpMqkpIj2us+k4qS0pLakpKTepLmhozxicj4Kofml4algpaupYNaxy83Gt6GisdfJ54J9juyz9rrJoaKEZYJ9juyz9rrJxrekzs2sl3nF5MvNpM+z9sC0pN6ku6TzoaM8YnI+CqH52Y/I68nMxrekrM3qidOkzp7ppLTTw9LipMekraTKpKSI9rrPpOKktKS2pKSk3qS5oaM8YnI+CqH51f20X6TK1NqO7KGivHvG2iy6z9OLy83Bz6SstF/VSrP2wLS0zrXaoaKktLC4xNqk8iCktaS7pMbtlKStpN6kuaTOpMektLRf1Uqk8qSq7oqkpKSkpL+kt6TepLmhozxicj4Kofmz9rrJx7DI1aGrpM7Xocv5ieS4/KGipa2l46Xzpbul66TPs9Ck68rCpKyz9sC0pN6ku6TzpM6kx6S0wcuz0KSvpMCktaSkoaOhozwvYj48YnI+PGJyPjwvZGl2PqGhCgoKPGJyPjxpbWcgc3JjPSJodHRwOi8vaW1hZ2UucmFrdXRlbi5jby5qcC90YW50YW4vY2FiaW5ldC9tYWlsX21hZ2F6aW5lL2ltZzU1NjU5NjgwLmdpZiI+PGJyPgo8dGFibGUgd2lkdGg9NzAwPjx0cj48dGQgd2lkdGg9NTU4IHZhbGlnbj10b3A+PGJyPjwvdGQ+PHRkIHdpZHRoPTE1MCB2YWxpZ249dG9wPjxpbWcgc3JjPWh0dHA6Ly93d3cucmFrdXRlbi5uZS5qcC9nb2xkL3RhbnRhbi9fY2RpL3JpbWczLmdpZj48L3RkPjwvdHI+PC90YWJsZT4KCjwhLS0KPGZvbnQgc2l6ZT0zCiBjb2xvcj0icmVkIj48Yj6hvqTepMik4dlJpKS1yKGipKrSirdlpOqhoqSqhpakpLrPpO+ku6TPoaKks6TBpOmk8qWvpeqlw6Wvob88L2I+PC9mb250Pjxicj48YnI+Cjxmb250IHNpemU9MyBjb2xvcj0icmVkIj4KLS0+CqH5t7XGtz+9u5NRpMukxKSkpMakzqS0sLjE2iA8L2ZvbnQ+PGJyPgqh+bBry83h4aTOyczGt7e1xrehor27k1Gkz7P2wLSk3qS7pPOkzqTHoaLXos7ElXKkzsrLmJShosmrtcikzqS0tF/VSqTypKruiqSkpKSkv6S3pN6kuaGjPGJyPgqh+cnMxrekztSUvJqkz6S016LOxMewpMul4algpaupYKW1paSlyKTipLekr6TPpaulv6XtpbC1yKTH0/m0X9VKpK+kwKS1pKShozxicj4Kofm1sbXqpM6l2qlgpbihotC01eahoqXhqWCl66XepayluKXztcikztOb3WS8sKTT1WjD9+ln32CkpLXIpM7A7dPJpMekzre1xrekz6Sqyty4tqTHpK2k3qS7pPOkzqTHpLTBy7PQz8KktaSkoaM8YnI+o6jQtNXmpM+lpKXhqWCluKTIpMqk6qTepLmjqTxicj48YnI+CqH5tbG16qTHpM+kqsihpOq8xKS7pMukyqTryczGt6TipLSktqSkpN6kuaGi0+ik4aS0wcuz0KSvpMCktaSkoaOhoQo8YnI+PGJyPjwhLS2jqqOqo6qjqqOqo6qjqqOqo6qjqqOqo6qjqqOqo6qjqqOqo6qjqqOqo6qjqqOqo6qjqqOqo6qjqqOqo6qjqqOqo6qjqqOqo6o8YnI+CqH5pdWl6qlgpeGpYKXro6jA/aO6SG90bWFpbD9NU06hollhaG9vIaXhqWCl67XIo6k8YnI+pLTKudPDpM6kqr/NmJSkxwqhuLWxteqkq6TppM6l4algpeukrL3spKukyqSkobmkyKSkpKakqsnqpLez9qSstuCkr6S0pLakpKTepLmhozxicj4KpbWpYKXQqWCkrNfUhNO1xKTLobjD1LvzpeGpYKXrobmkyKS3pMaEScDtpPKktaTspMakpKTrpLOkyKSstPOw66TOwO3TyaTIpMqkw6TGpKqk6qTepLmhozxicj4KtbG16qSrpOmkzqXhqWCl68vN0MWkrIPSu6yky9DQpKikyqSkiPa6z6SspLSktqSkpN6kuaTOpMehojxicj4KmE/BpqXVpeqpYKXhqWCl66TOpLTA+9PDpPKkqr/YpKikpKS/pMCkr6SroaI8YnI+CqXVpeqpYKXhqWCl66TOpLTA+9PDpM7rSKTPoaKkqsrWyv2kx6TPpLSktqSkpN6kuaSsPGJyPgqx2KS6obrD1LvzpeGpYKXrpdWlo6Xrpb+pYKG7pM7UT7aopPK94rP9pLekxqSkpL+kwKSvpOikpqSq7oqkpMnqpLfJz6SypN6kuaGjPGJyPgqjqqOqo6qjqqOqo6qjqqOqo6qjqqOqo6qjqqOqo6qjqqOqo6qjqqOqo6qjqqOqo6qjqqOqo6qjqqOqo6qjqqOqo6qjqqOqo6o8YnI+PGJyPi0tPgo8IS0tsrvD9wo8YnI+Cjxicj4KLS0+CgoKPGltZyBzcmM9Imh0dHA6Ly9pbWFnZS5yYWt1dGVuLmNvLmpwL3RhbnRhbi9jYWJpbmV0L2ltZzU1NjE3Njk4LmpwZyI+PGI+ofvR0+lMsaPUXqTPpLOkwaTppPKlr6XqpcOlrzwvYj48YnI+ofnR0+lMsaPUXqTO33iSa9arpKyhoqTvpKuk6aTKpKS3vaGi16LOxKXVpampYKXgpM6C5L+8mdqky7rOxOqkztHT6Uyxo9RepMvI66TrpMjTm91k7ZSksaTspNChojxicj6ks6TBpOmkx4ydz/OZQ7dOpKu0X9VKpLfXt7zTpPKkt6TGvfDufqTO0N7V/aXhqWCl66TypLWku6TG7ZSkraTepLmhozxicj48YnI+Cgo8YnI+ofmks6TBpOmkz6H9of3QodDNyczGt6TOu/mxvrXEpMrLzcHPse2ky6TKpOqk3qS5oaLUlKS3pK+kz8vNwc+x7aTHtF/VSqTHpK2k3qS5oaM8YnI+PGltZyBzcmM9Imh0dHA6Ly9pbWFnZS5yYWt1dGVuLmNvLmpwL3RhbnRhbi9jYWJpbmV0LzAwOTYyNTU5L2RlbGl2X2ZlZS5naWYiIHdpZHRoPSI3MjAiIGhlaWdodD0iMTU2Ij48YnI+Cjxmb250IHNpemU9MiBjb2xvcj0icmVkIj6h+cvNwc+fb8HPpM7JzMa3oaLLzcHPx/i31qG4MKG5pMek4qGi63iNdaGi0ruyv7XY0/I/m1+/ST+xsbqjtcCkz4Rlzb6kqtKKt2Wk4qTqpMikyqTqpN6kuaGjPGJyPgo8L2ZvbnQ+Cjxicj48L2ZvbnQ+PC9iPgqhuKTOpLehuaG4sPzXsKG5pMukxKSkpMYgPGJyPgqh+aWupdWlyD/Zm6Tqzu8/pKrXo6TKpMmhoqTOpLc/sPzXsKTypMSksaTGpKrLzaTq1sKkt6TepLmhozxicj6h+YLkv7yZ2qTLpLTI68GmpKSkv6TApLGk7KTQvfDufqTO0N7V/aTIzO24tqSsv8nE3KSrpPK0X9VKpLc8YnI+oaGhoaS0sLjE2qSkpL+kt6TepLmho6Oo09DBz6Gho7GCgKO6uPczMzCD0qOoy7DeeqOpo6kgCjxicj6h+aS016LOxKTO60iky6TPoaKkqr3spLHPyKTOpLTWuLaopOKz9sC0pN6kuaGj1+69S9eizsTLzdDFpdqpYKW4pMukxqS01ri2qKSvpMCktaSkoaMgCjxicj6h+c2os6OkzrBry83I1aTopOq8czLI1eHhpM6wa8vNpMikyqTqpN6kuaTOpMehotPg1KOk8rPWpMOkxqS016LOxKSvpMCktaSkoaMgCjxicj4KPGltZyBzcmM9Imh0dHA6Ly9pbWFnZS5yYWt1dGVuLmNvLmpwL3RhbnRhbi9jYWJpbmV0L2ltZzU1NjE3Njk0LmpwZyI+Cjxicj4KCgoKPCEtLQo8Y2VudGVyPgoKPGJyPjwvYj48L2ZvbnQ+PGNlbnRlcj48dHI+PHRhYmxlIGJvcmRlcj0iMCIgd2lkdGg9IjcyMCIgY2VsbHBhZGRpbmc9IjAiIGNlbGxzcGFjaW5nPSIwIj4KCjx0ZCBhbGlnbj0iY2VudGVyIiBjb2xzcGFuPSIyIj48aW1nIHNyYz0iaHR0cDovL2ltYWdlLnJha3V0ZW4uY28uanAvdGFudGFuL2NhYmluZXQvaW1nNTU2MTU3MDcuanBnIiB3aWR0aD0iNzIwIiBoZWlnaHQ9IjEwMCIgYm9yZGVyPSIwIj48L3RkPgo8dHI+Cjx0ZCBhbGlnbj0iY2VudGVyIiBjb2xzcGFuPSIyIj48aW1nIHNyYz0iaHR0cDovL2ltYWdlLnJha3V0ZW4uY28uanAvdGFudGFuL2NhYmluZXQvaW1nNTU0MjQ5MzguanBnIiB3aWR0aD0iNzIwIiBoZWlnaHQ9IjYwIiBib3JkZXI9IjAiPjwvdGQ+CjwvdHI+Cjx0cj48dGQgYWxpZ249ImNlbnRlciIgY29sc3Bhbj0iMiI+PGltZyBzcmM9Imh0dHA6Ly93d3cucmFrdXRlbi5uZS5qcC9nb2xkL3RhbnRhbjIwMDZJTUcvbnVsbC5naWYiIHdpZHRoPSI3MjAiIGhlaWdodD0iNSIgYm9yZGVyPSIwIj48L3RkPjwvdHI+Cgo8dHI+PHRkIGFsaWduPSJjZW50ZXIiIGNvbHNwYW49IjIiPjxpbWcgc3JjPSJodHRwOi8vd3d3LnJha3V0ZW4ubmUuanAvZ29sZC90YW50YW4vMjAwNklNRy9udWxsLmdpZiIgd2lkdGg9IjcyMCIgaGVpZ2h0PSI1IiBib3JkZXI9IjAiPjwvdGQ+PC90cj4KCjx0cj4KPHRkIGFsaWduPSJsZWZ0Ij48aW1nIHNyYz0iaHR0cDovL3d3dy5yYWt1dGVuLm5lLmpwL2dvbGQvdGFudGFuLzIwMDZjYW1wL0lNRy9icmFuZF9ibnJfaGFsZi5naWYiIHdpZHRoPSIzNTciIGhlaWdodD0iNjAiIGJvcmRlcj0iMCI+PC90ZD4KPHRkIGFsaWduPSJyaWdodCI+PGltZyBzcmM9Imh0dHA6Ly93d3cucmFrdXRlbi5uZS5qcC9nb2xkL3RhbnRhbi8yMDA2Y2FtcC9JTUcvYmFnZ2VnZV9ibnJfaGFsZi5naWYiIHdpZHRoPSIzNTciIGhlaWdodD0iNjAiIGJvcmRlcj0iMCI+PC90ZD4KPC90cj4KPC90YWJsZT4tLT4KPGJyPjxicj4KCjwvY2VudGVyPgoKCgoKCgo8YnI+PGJyPgo8VEFCTEUgQk9SREVSPSIwIiBXSURUSD0iNzIwIiBDRUxMUEFERElORz0iMCIgQ0VMTFNQQUNJTkc9IjAiPgo8VFI+PFREIFZBTElHTj0iVE9QIiBBTElHTj0iQ0VOVEVSIj4KPGltZyBzcmM9Imh0dHA6Ly9pbWFnZS5yYWt1dGVuLmNvLmpwL3RhbnRhbi9jYWJpbmV0L2ltZzU1NTUzNDQ4LmpwZyI+CjwvVEQ+PC9UUj4KPC9UQUJMRT4=,pdWluMq4IKWipeul36WxqWCl1qXrpaulw6W/qWAgTk8uNjAwLTUwMCA0OTUyNTIwMDYwMTE3o7q8pLCyo6G80uuKpM6lv6Xzpb+l86W3peelw6XX,pailoqWzpfObt8uuxvelq6lgpcil6qXDpbi/1Zrdx+Wbt5lDpdWlo6Xrpb+pYMj9weKl7KWkpeil8z+lr6XqpfOluaWkpeipYKWwpeulyKXhqWClq6lgpaKlpKXqpbmlqqlgpeSl3qXVpbjKuCCloqXrpd+lsalgpdal66WrpcOlv6lgIE5PLjYwMC01MDAgNDk1MjUyMDA2MDExNw==,pdWluMq4INf3mEnTw8a3oaOl1aW4yrggpaKl66XfpbGpYKXWpeulq6XDpb+pYCBOTy42MDAtNTAwIDQ5NTI1MjAwNjAxMTc=[rn]
31-51688,aHR0cDovL3RzaG9wLnIxMHMuanAva2Vua29jb20vY2FiaW5ldC9lMTI5Mi9lMTI5MjczaF9sLmpwZz9maXRpbj03MDA6NzAw,NzI0LjgwMDA=,,pdqlw6XIP6XapcOlyKWwpcOluiA+IKXapcOlyNPDpKrK1sjrpOzTw8a3ID4gpcel86W/peulsaWi08PGtyA+IKS9pM7L+w==,TkVXmm6k36SspK2luKWnpesgNTBtbFulyaWuqWCl3qXzIJpupM6lsaWi08PGt10=,pcmlrqlgpd6l8y/LsJJpMTkwMIPS0tTJz8vNwc+fb8HP,pcmlrqlgpd6l86XPpeSlt6G4TkVXmm6k36SspK2luKWnpesgNTBtbKG5pM6lzaXDpcjNqNicpM+lsaXzpbOpYKWzpeCYU8zsytCI9tanteqkx6OhPGJyPjxicj48YnI+PHNtYWxsPqH5pdGlw6WxqWCluKXHpbalpKXztcikz9PouOakyqSvieS4/KS1pOyk66SzpMikrKSipOqk3qS5oaM8L3NtYWxsPjxicj48YnI+PHRhYmxlPjx0cj48dGQgd2lkdGg9IjEwMCUiPjxwIGNsYXNzPSJwZGVzYyI+PGRpdiBjbGFzcz0icGRlc2N0aXRsZSI+yczGt9Vow/c8L2Rpdj48ZGl2IGNsYXNzPSJwZGVzY2hvbmJ1biI+obhORVeabqTfpKykraW4pael6yA1MG1sobmkz6GikNvIrqTIpbOl36Xlpculsalgpbel56XzpPKkyKTqpMqkrKTppbGloqSss/bAtKTrpcel86W/peulsaWi08PGtyil2qXDpcjTwymkx6S5Pzxicj6abqTfpKykraW4pael66TPoaLIy+ln08OkzppupN+krKStt9ukzqTopKaky6S5pLmksLHY0qqk4qSipOqk3qS7pPM/PGJyPqTipMGk7aTzoaKl1qXppcOlt6XzpbCk8qSipO+ku6TspNCktaTppMuEv7n7tcSkx6S5P752suiz6bP2zu+kx8+ipOLLrKTkpKs/x+Ck6qTzpLTOtj88L2Rpdj48ZGl2IGNsYXNzPSJwZGVzY3RpdGxlIj6zybfWPC9kaXY+PGRpdiBjbGFzcz0icGRlc2Nob25idW4iPr52suiz6bP2zu8osuil1aXppdylzqWkpckpoaKl16Xtpd2l6qW5KLNDzraEiCmhoqXUpeqlyaWtpbel84ljy+GJYyil06W/pd+l80I2KaGiz+PBzzwvZGl2PjwvcD48L3RkPjwvdHI+PC90YWJsZT48YnI+pdal6aXzpcmjuqXJpa6pYKXepfM8YnI+pbGl86WzqWCls6XgVE9Qo76l2qXDpcjTw8a3o76l2qXDpcilsaWi08PGt6O+paqpYKXppeulsaWiP6XapcOlyNPDxrejvppupM6lsaWi08PGt6O+TkVXmm6k36SspK2luKWnpesgNTBtbDxicj7YnInT1KqjuqXJpa6pYKXepfOlz6Xkpbc8YnI+1K2uYrn6IMjVsb48YnI+xNrI3cG/o7o1MG1sPGJyPjxicj48YnI+PGJyPkpBTqWzqWClyaO6oaE0OTc2NTU1OTQxNDAxPGJyPjxicj48dGFibGUgd2lkdGg9IjEwMCUiIGJvcmRlcj0wIGNlbGxzcGFjaW5nPTAgY2VsbHBhZGRpbmc9NT48dHI+PHRkPjxwIGNsYXNzPSJzZWlkZXNjIj48L3A+PC90ZD48dHI+PHRkPjwvdGQ+PC90cj48L3RhYmxlPjxicj48YnI+PGJyPo7auObOxNifo7qlsaXzpbOpYKWzpeDW6sq9u+HJ5zxicj5URUyjujA1MC01NTc3LTUwNDI8YnI+PGJyPlulyaWuqWCl3qXzXTxicj6l2qXDpcilsaWi08PGty+lqqlgpeml66WxpaI/pdqlw6XI08PGty+abqTOpbGlotPDxrc8YnI+PGJyPqXGpeyl071CvemjugoKpcil3qXIpbil5algpbkgLyAKpd6lq6XHpd+loqXKpcOlxKWqpaSl6yAvIArrioTTpdal7KXDpcmlq6XDpb+pYCAvIAql66WkpdyluaXGpaOpYCAvIAqk6qTzpLT1oSAvIAq2qLesyczGtyAvIAo8YnI+PGJyPgoKPGRpdiBzdHlsZT0ibWFyZ2luLWJvdHRvbToxMHB4OyI+Cgo8aW1nIHNyYz0iaHR0cHM6Ly9pbWFnZS5yYWt1dGVuLmNvLmpwL3Jha3V0ZW4yNC9jYWJpbmV0L2NvdXBvbi9ibnJfMTAwXzcwMF82MC5qcGciIGFsdD0is/Wk4aTGpM63vc/etqgxMDCD0k9GRqOhIiB3aWR0aD0iNzAwIiBoZWlnaHQ9IjYwIiAKCmJvcmRlcj0iMCI+CjwvZGl2PgoKCjwhLS1kaXYgc3R5bGU9Im1hcmdpbi1ib3R0b206MTBweDsiPgoKPGltZyBzcmM9Imh0dHA6Ly9pbWFnZS5yYWt1dGVuLmNvLmpwL3Jha3V0ZW4yNC9jYWJpbmV0L2NvdXBvbi9ibnJfNzAwXzYwXzQuanBnIiBhbHQ9IjQsMDAwg9LS1MnP2Y/I66THMTAlT0ZGo6EiIHdpZHRoPSI3MDAiIAoKaGVpZ2h0PSI2MCIgYm9yZGVyPSIwIj4KPC9kaXYtLT4KCgo8ZGl2IHN0eWxlPSJtYXJnaW4tYm90dG9tOjEwcHg7Ij4KCjxpbWcgc3JjPSJodHRwOi8vaW1hZ2UucmFrdXRlbi5jby5qcC9rZW5rb2NvbS9jYWJpbmV0L2Jucl83MDBfNjBfNTAwMC5qcGciIGFsdD0iNSwwMDCD0tLUyc/Zj8jrpMcxMCVPRkajoSIgd2lkdGg9IjcwMCIgaGVpZ2h0PSI2MCIgCgpib3JkZXI9IjAiPgo8L2Rpdj4KCgo8IS0tZGl2IHN0eWxlPSJtYXJnaW4tYm90dG9tOjEwcHg7Ij4KCjxpbWcgc3JjPSJodHRwOi8vaW1hZ2UucmFrdXRlbi5jby5qcC9rZW5rb2NvbS9jYWJpbmV0L2Jucl83MDBfNjBfMTIuanBnIiBhbHQ9IjEwLDAwMIPS0tTJz9mPyOukxzEyJU9GRqOhIiB3aWR0aD0iNzAwIiBoZWlnaHQ9IjYwIiAKCmJvcmRlcj0iMCI+CjwvZGl2LS0+CgoKCgo8IS0tZGl2IHN0eWxlPSJtYXJnaW4tYm90dG9tOjEwcHg7Ij4KCjxpbWcgc3JjPSJodHRwOi8vaW1hZ2UucmFrdXRlbi5jby5qcC9yYWt1dGVuMjQvY2FiaW5ldC9jYW1wYWlnbi9hc3VyYWt1L2Jucl83MDBfNjAuanBnIiBhbHQ9IqSipLmYU8nMxrel3aWkpfOlyDOxtqOhIiB3aWR0aD0iNzAwIiAKCmhlaWdodD0iNjAiIGJvcmRlcj0iMCI+CjwvZGl2LS0+Cgo8ZGl2IHN0eWxlPSJtYXJnaW4tYm90dG9tOjEwcHg7Ij4KCjxpbWcgc3JjPSJodHRwczovL2ltYWdlLnJha3V0ZW4uY28uanAvcmFrdXRlbjI0L2NhYmluZXQvc3BlY2lhbC8yMDE2X2VjYW1wYWlnbi5qcGciIGFsdD0ipaSpYKWwpeuluaGhpfSlo6XDpbul64TZpMOkv6TpUDKxtiIgIAoKd2lkdGg9IjQ2OCIgaGVpZ2h0PSI2MCIgYm9yZGVyPSIwIj4KPC9kaXY+Cgo8IS0tZGl2IHN0eWxlPSJtYXJnaW4tYm90dG9tOjEwcHg7Ij4KPHRhYmxlPgo8dGQ+CjxpbWcgc3JjPSJodHRwOi8vaW1hZ2UucmFrdXRlbi5jby5qcC9rZW5rb2NvbS9jYWJpbmV0L3NwZWNpYWwveDUyMDE2MWguanBnIiBhbHQ9IqXVpeulsKXpIiB3aWR0aD0iMTgwIiBoZWlnaHQ9IjE4MCIgYm9yZGVyPSIwIj48L3RkPgoKPHRkPgo8aW1nIHNyYz0iaHR0cDovL2ltYWdlLnJha3V0ZW4uY28uanAva2Vua29jb20vY2FiaW5ldC9zcGVjaWFsL2UxMTQ2NzdoLmpwZyIgYWx0PSKlr6Xqpbmlv6XrpaylpKW2qWAiIHdpZHRoPSIxODAiIGhlaWdodD0iMTgwIiAKCmJvcmRlcj0iMCI+PC90ZD4KCjx0ZD4KPGltZyBzcmM9Imh0dHA6Ly9pbWFnZS5yYWt1dGVuLmNvLmpwL2tlbmtvY29tL2NhYmluZXQvc3BlY2lhbC9lMTEwODUzaC5qcGciIGFsdD0ipc+l7algIKXGpaOlw6W3peUiIHdpZHRoPSIxODAiIGhlaWdodD0iMTgwIiAKCmJvcmRlcj0iMCI+PC90ZD4KCjx0ZD4KPGltZyBzcmM9Imh0dHA6Ly9pbWFnZS5yYWt1dGVuLmNvLmpwL2tlbmtvY29tL2NhYmluZXQvc3BlY2lhbC9lMzcyMDgyaC5qcGciIGFsdD0ipaKlv6XDpa9ORU8iIHdpZHRoPSIxODAiIGhlaWdodD0iMTgwIiAKCmJvcmRlcj0iMCI+PC90ZD4KCjwvdGFibGU+CjwvZGl2LS0+CgoKCgoKCjwhLS1kaXYgc3R5bGU9Im1hcmdpbi1ib3R0b206MTBweDsiPgoKPGltZyBzcmM9Imh0dHA6Ly9pbWFnZS5yYWt1dGVuLmNvLmpwL3Jha3V0ZW4yNC9jYWJpbmV0L2NvdXBvbi9ibnJfNzAwXzYwXzEwMDAwLmpwZyIgYWx0PSIxMCwwMDCD0tLUyc/Zj8jrpMcxNSVPRkajoSIgd2lkdGg9IjcwMCIgCgpoZWlnaHQ9IjYwIiBib3JkZXI9IjAiPgo8L2Rpdi0tPgoKCjwhLS1kaXYgc3R5bGU9Im1hcmdpbi1ib3R0b206MTBweDsiPgoKPGltZyBzcmM9Imh0dHA6Ly9pbWFnZS5yYWt1dGVuLmNvLmpwL3Jha3V0ZW4yNC9jYWJpbmV0L2NhbXBhaWduL3BvaW50dXAvaG91c2Vob2xkL2Jucl9wdDRfdHVlXzcwMF85MC5naWYiIGFsdD0iyKvJzMa3pd2lpKXzpcjX7rTzNLG2o6EiIAoKd2lkdGg9IjQ2OCIgaGVpZ2h0PSI2MCIgYm9yZGVyPSIwIj4KPC9kaXYtLT4KCgoKCjwhLS1kaXYgc3R5bGU9Im1hcmdpbi1ib3R0b206MTBweDsiPgoKPGltZyBzcmM9Imh0dHA6Ly9pbWFnZS5yYWt1dGVuLmNvLmpwL2tlbmtvY29tL2NhYmluZXQvaW1nLzIwMTZfZWNhbXBhaWduLmpwZyIgYWx0PSLIq8nMxrel3aWkpfOlyDKxtqOhIiB3aWR0aD0iNDY4IiBoZWlnaHQ9IjYwIiAKCmJvcmRlcj0iMCI+CjwvZGl2LS0+Cgo8IS0tZGl2IHN0eWxlPSJtYXJnaW4tYm90dG9tOjEwcHg7Ij4KCjxpbWcgc3JjPSJodHRwOi8vaW1hZ2UucmFrdXRlbi5jby5qcC9rZW5rb2NvbS9jYWJpbmV0L2ltZy8yMDE2X3ZjYW1wYWlnbi5qcGciIGFsdD0ipfSlo6XDpbul68nxkfWE2cD705vE7qXdpaSl86XIMrG2o6EiIHdpZHRoPSI0NjgiIAoKaGVpZ2h0PSI2MCIgYm9yZGVyPSIwIj4KPC9kaXYtLT4KCgo8IS0tZGl2IHN0eWxlPSJtYXJnaW4tYm90dG9tOjEwcHg7Ij4KCjxpbWcgc3JjPSJodHRwOi8vaW1hZ2UucmFrdXRlbi5jby5qcC9rZW5rb2NvbS9jYWJpbmV0L2ltZy8yMDE2X2V2Y2FtcGFpZ24uanBnIiBhbHQ9IphTzOylpKlgpbCl66OmpfSlo6XDpbul68nxkfWE2cD705vE7qXdpaSl86XIM7G2o6EiIAoKd2lkdGg9IjQ2OCIgaGVpZ2h0PSI2MCIgYm9yZGVyPSIwIj4KPC9kaXYtLT4=,TkVXmm6k36SspK2luKWnpesgNTBtbFulyaWuqWCl3qXzIJpupM6lsaWi08PGt12juqWxpfOls6lgpbOl4A==,pbGl86WzqWCls6XgpbGl86WzqWCls6Xg1qe16qWvpeqluaW/peulrKWkpbapYKXfpc2l6aXrpaalqalgpb+pYKXqpaKlw6XXpeqloqXDpdd4NaXApaaly6lgpbOl86XJqWCl4KXapeqlqKW1qWCl4qW5pbOl86XIpeylw6WvpbnI1Z+GpLHWuaThpbOls6XKpcOlxKWqpaSl66SopLSk3qSzpOHTzaW1pfOl2qXspbCl6qXOycjvTJlDpa+l6qW5pb+l66WspaSltqlgIDUwMG1sIDQ4sb6+dqTOxKfFrrjKvsZORVeabqTfpKykraW4pael6yA1MG1sW6XJpa6pYKXepfMgmm6kzqWxpaLTw8a3XQ==,pcmlrqlgpd6l8y/LsJJpMTkwMIPS0tTJz8vNwc+fb8HPoaNORVeabqTfpKykraW4pael6yA1MG1sW6XJpa6pYKXepfMgmm6kzqWxpaLTw8a3XQ==[rn]
31-51689,aHR0cDovL3RzaG9wLnIxMHMuanAva2Vua29jb20vY2FiaW5ldC9lMDgzMS9lMDgzMTg4aF9sLmpwZz9maXRpbj03MDA6NzAw,MzkxLjIwMDA=,,pdqlw6XIP6XapcOlyKWwpcOluiA+IKXapcOlyNPDpKrK1sjrpOzTw8a3ID4gpcel86W/peulsaWi08PGtyA+IKS9pM7L+w==,w6i/2qWxpaIgpcalo6lgpbml1qXppbdbw6i/2qWxpaIgpcel86W/peulsaWi08PGtyil2qXDpcjTwyld,w6i/2qWxpaIvy7CSaTE5MDCD0tLUyc/LzcHPn2/Bzw==,pd6lpKXzpcmloqXDpdehuMOov9qlsaWiIKXGpaOpYKW5pdal6aW3obmkzqXNpcOlyM2o2Jykz6WxpfOls6lgpbOl4JhTzOzK0Ij21qe16qTHo6E8YnI+PGJyPjxicj48c21hbGw+ofml0aXDpbGpYKW4pceltqWkpfO1yKTP0+i45qTKpK+J5Lj8pLWk7KTrpLOkyKSspKKk6qTepLmhozwvc21hbGw+PGJyPjxicj48dGFibGU+PHRyPjx0ZCB3aWR0aD0iMTAwJSI+PHAgY2xhc3M9InBkZXNjIj48ZGl2IGNsYXNzPSJwZGVzY3RpdGxlIj7JzMa31WjD9zwvZGl2PjxkaXYgY2xhc3M9InBkZXNjaG9uYnVuIj6huMOov9qlsaWiIKXGpaOpYKW5pdal6aW3obmkz6Giw6jTw6TOmm6l1qXppbekx6S5oaOQ28OopKykpKTEpN6kx6Ti19S31qTOmm6kx6SqpKSkt6SvyrPKwqSspMekraTrpOikpqTLoaKasMjVpM6lx6Xzpb+l66WxpaKky6Sq0tvBoqTGpK+kwKS1pKShozwvZGl2PjxkaXYgY2xhc3M9InBkZXNjdGl0bGUiPsq508O3vbeoPC9kaXY+PGRpdiBjbGFzcz0icGRlc2Nob25idW4iPsnPytaky8Orz8ik8sq5pMOkxqGig56kt6Sv0KG/zKTfpMvEpaSkpMakr6TApLWkpKGjwaak8sjrpOzfXqSupOukyJpupLCkraTygvukxKSxpOvUrdLypMukyqTqpN6kuaGjmm6l1qXppbekz6GigUm3vaSrpOmlu6XDpcikx6StpN6kuaTOpMehosq508Oyv867pMu6z6S7pMa0X4xnpMuy7qS33nqk86THpLTKudPDz8KktaSkoaM8L2Rpdj48ZGl2IGNsYXNzPSJwZGVzY3RpdGxlIj6ktNei0uI8L2Rpdj48ZGl2IGNsYXNzPSJwZGVzY2hvbmJ1biI+ofGxvsa3pPKE087vpMuHeaTepLukyqSkpMfPwqS1pKShozxicj6h8cOopM6/2se7pbGlotLUzeKky8q508Okt6TKpKSkx8/CpLWkpKGjPGJyPqHx1tyH7KTOrWi+s6TLmt2k8qTEpLGkxqS0yrnTw8/CpLWkpKGjPGJyPqHxpLTKudPD4eGkz6Gisb7Gt6TypOikr8+0pMOkxsuut9ak8srDpK3IoaTqx+WdjaTLsLLIq6TKpMiks6TtpMexo7ncpLekxs/CpLWkpKGjPGJyPqHx09eDuaTOytakzr3spK+I9sv5pMvWw6SrpMqkpKTHz8KktaSkoaM8YnI+ofGl1qXppbekrKW7pcOlyKS1pOyk66WipcCl16W/qWCl26lgpeukz6Gi6UyVculnyrnTw6S5pOukyMSmssGky6TopOq907rPsr++j6SvpMqk6qTepLmho5Dbw6ikzr/ax7vE2qTLpdal6aW3pKzC5M/CpLekyqSkpOikpqTLpLTXotLiz8KktaSkoaM8L2Rpdj48ZGl2IGNsYXNzPSJwZGVzY3RpdGxlIj6yxNl8PC9kaXY+PGRpdiBjbGFzcz0icGRlc2Nob25idW4iPrH6P6XWpemlt6XYpcOlyaO6QUJTmOTGpDxicj6l1qXppbfDq6O6pcqlpKXtpfM8L2Rpdj48ZGl2IGNsYXNzPSJwZGVzY3RpdGxlIj7Ura5iufo8L2Rpdj48ZGl2IGNsYXNzPSJwZGVzY2hvbmJ1biI+yNWxvjwvZGl2PjwvcD48L3RkPjwvdHI+PC90YWJsZT48YnI+pdal6aXzpcmjusOov9qlsaWiPGJyPqWxpfOls6lgpbOl4FRPUKO+pdqlw6XI08PGt6O+w6jTw8a3KKWwpcOluimjvsOo08Olx6WkpeqpYKWwpcOluqO+pcel86W/peulsaWi08PGtyjDqNPDKaO+w6i/2qWxpaIgpcalo6lgpbml1qXppbc8YnI+0XXU7NSqo7ql3qWkpfOlyaWipcOl1zxicj7Ura5iufogyNWxvjxicj48YnI+PGJyPjxicj6ltaWkpbqjurf5MTkwKrDC0NAyMCq436S1MzUobW0pIDxicj5KQU6ls6lgpcmjuqGhNDk0NzY1MTk1MjAwNDxicj48YnI+PHRhYmxlIHdpZHRoPSIxMDAlIiBib3JkZXI9MCBjZWxsc3BhY2luZz0wIGNlbGxwYWRkaW5nPTU+PHRyPjx0ZD48cCBjbGFzcz0ic2VpZGVzYyI+PC9wPjwvdGQ+PHRyPjx0ZD48L3RkPjwvdHI+PC90YWJsZT48YnI+PGJyPjxicj6O2rjmzsTYn6O6pbGl86WzqWCls6Xg1urKvbvhyec8YnI+VEVMo7owNTAtNTU3Ny01MDQyPGJyPjxicj5bw6i/2qWxpaJdPGJyPsOo08PGtyilsKXDpbopL8Oo08Olx6WkpeqpYKWwpcOlui+lx6Xzpb+l66WxpaLTw8a3KMOo08MpPGJyPjxicj6lxqXspdO9Qr3po7oKCqXIpd6lyKW4peWpYKW5IC8gCqXepaulx6XfpaKlyqXDpcSlqqWkpesgLyAK64qE06XWpeylw6XJpaulw6W/qWAgLyAKpeulpKXcpbmlxqWjqWAgLyAKpOqk86S09aEgLyAKtqi3rMnMxrcgLyAKPGJyPjxicj4KCjxkaXYgc3R5bGU9Im1hcmdpbi1ib3R0b206MTBweDsiPgoKPGltZyBzcmM9Imh0dHBzOi8vaW1hZ2UucmFrdXRlbi5jby5qcC9yYWt1dGVuMjQvY2FiaW5ldC9jb3Vwb24vYm5yXzEwMF83MDBfNjAuanBnIiBhbHQ9IrP1pOGkxqTOt73P3raoMTAwg9JPRkajoSIgd2lkdGg9IjcwMCIgaGVpZ2h0PSI2MCIgCgpib3JkZXI9IjAiPgo8L2Rpdj4KCgo8IS0tZGl2IHN0eWxlPSJtYXJnaW4tYm90dG9tOjEwcHg7Ij4KCjxpbWcgc3JjPSJodHRwOi8vaW1hZ2UucmFrdXRlbi5jby5qcC9yYWt1dGVuMjQvY2FiaW5ldC9jb3Vwb24vYm5yXzcwMF82MF80LmpwZyIgYWx0PSI0LDAwMIPS0tTJz9mPyOukxzEwJU9GRqOhIiB3aWR0aD0iNzAwIiAKCmhlaWdodD0iNjAiIGJvcmRlcj0iMCI+CjwvZGl2LS0+CgoKPGRpdiBzdHlsZT0ibWFyZ2luLWJvdHRvbToxMHB4OyI+Cgo8aW1nIHNyYz0iaHR0cDovL2ltYWdlLnJha3V0ZW4uY28uanAva2Vua29jb20vY2FiaW5ldC9ibnJfNzAwXzYwXzUwMDAuanBnIiBhbHQ9IjUsMDAwg9LS1MnP2Y/I66THMTAlT0ZGo6EiIHdpZHRoPSI3MDAiIGhlaWdodD0iNjAiIAoKYm9yZGVyPSIwIj4KPC9kaXY+CgoKPCEtLWRpdiBzdHlsZT0ibWFyZ2luLWJvdHRvbToxMHB4OyI+Cgo8aW1nIHNyYz0iaHR0cDovL2ltYWdlLnJha3V0ZW4uY28uanAva2Vua29jb20vY2FiaW5ldC9ibnJfNzAwXzYwXzEyLmpwZyIgYWx0PSIxMCwwMDCD0tLUyc/Zj8jrpMcxMiVPRkajoSIgd2lkdGg9IjcwMCIgaGVpZ2h0PSI2MCIgCgpib3JkZXI9IjAiPgo8L2Rpdi0tPgoKCgoKPCEtLWRpdiBzdHlsZT0ibWFyZ2luLWJvdHRvbToxMHB4OyI+Cgo8aW1nIHNyYz0iaHR0cDovL2ltYWdlLnJha3V0ZW4uY28uanAvcmFrdXRlbjI0L2NhYmluZXQvY2FtcGFpZ24vYXN1cmFrdS9ibnJfNzAwXzYwLmpwZyIgYWx0PSKkoqS5mFPJzMa3pd2lpKXzpcgzsbajoSIgd2lkdGg9IjcwMCIgCgpoZWlnaHQ9IjYwIiBib3JkZXI9IjAiPgo8L2Rpdi0tPgoKPGRpdiBzdHlsZT0ibWFyZ2luLWJvdHRvbToxMHB4OyI+Cgo8aW1nIHNyYz0iaHR0cHM6Ly9pbWFnZS5yYWt1dGVuLmNvLmpwL3Jha3V0ZW4yNC9jYWJpbmV0L3NwZWNpYWwvMjAxNl9lY2FtcGFpZ24uanBnIiBhbHQ9IqWkqWClsKXrpbmhoaX0paOlw6W7peuE2aTDpL+k6VAysbYiICAKCndpZHRoPSI0NjgiIGhlaWdodD0iNjAiIGJvcmRlcj0iMCI+CjwvZGl2PgoKPCEtLWRpdiBzdHlsZT0ibWFyZ2luLWJvdHRvbToxMHB4OyI+Cjx0YWJsZT4KPHRkPgo8aW1nIHNyYz0iaHR0cDovL2ltYWdlLnJha3V0ZW4uY28uanAva2Vua29jb20vY2FiaW5ldC9zcGVjaWFsL3g1MjAxNjFoLmpwZyIgYWx0PSKl1aXrpbCl6SIgd2lkdGg9IjE4MCIgaGVpZ2h0PSIxODAiIGJvcmRlcj0iMCI+PC90ZD4KCjx0ZD4KPGltZyBzcmM9Imh0dHA6Ly9pbWFnZS5yYWt1dGVuLmNvLmpwL2tlbmtvY29tL2NhYmluZXQvc3BlY2lhbC9lMTE0Njc3aC5qcGciIGFsdD0ipa+l6qW5pb+l66WspaSltqlgIiB3aWR0aD0iMTgwIiBoZWlnaHQ9IjE4MCIgCgpib3JkZXI9IjAiPjwvdGQ+Cgo8dGQ+CjxpbWcgc3JjPSJodHRwOi8vaW1hZ2UucmFrdXRlbi5jby5qcC9rZW5rb2NvbS9jYWJpbmV0L3NwZWNpYWwvZTExMDg1M2guanBnIiBhbHQ9IqXPpe2pYCClxqWjpcOlt6XlIiB3aWR0aD0iMTgwIiBoZWlnaHQ9IjE4MCIgCgpib3JkZXI9IjAiPjwvdGQ+Cgo8dGQ+CjxpbWcgc3JjPSJodHRwOi8vaW1hZ2UucmFrdXRlbi5jby5qcC9rZW5rb2NvbS9jYWJpbmV0L3NwZWNpYWwvZTM3MjA4MmguanBnIiBhbHQ9IqWipb+lw6WvTkVPIiB3aWR0aD0iMTgwIiBoZWlnaHQ9IjE4MCIgCgpib3JkZXI9IjAiPjwvdGQ+Cgo8L3RhYmxlPgo8L2Rpdi0tPgoKCgoKCgo8IS0tZGl2IHN0eWxlPSJtYXJnaW4tYm90dG9tOjEwcHg7Ij4KCjxpbWcgc3JjPSJodHRwOi8vaW1hZ2UucmFrdXRlbi5jby5qcC9yYWt1dGVuMjQvY2FiaW5ldC9jb3Vwb24vYm5yXzcwMF82MF8xMDAwMC5qcGciIGFsdD0iMTAsMDAwg9LS1MnP2Y/I66THMTUlT0ZGo6EiIHdpZHRoPSI3MDAiIAoKaGVpZ2h0PSI2MCIgYm9yZGVyPSIwIj4KPC9kaXYtLT4KCgo8IS0tZGl2IHN0eWxlPSJtYXJnaW4tYm90dG9tOjEwcHg7Ij4KCjxpbWcgc3JjPSJodHRwOi8vaW1hZ2UucmFrdXRlbi5jby5qcC9yYWt1dGVuMjQvY2FiaW5ldC9jYW1wYWlnbi9wb2ludHVwL2hvdXNlaG9sZC9ibnJfcHQ0X3R1ZV83MDBfOTAuZ2lmIiBhbHQ9IsiryczGt6XdpaSl86XI1+608zSxtqOhIiAKCndpZHRoPSI0NjgiIGhlaWdodD0iNjAiIGJvcmRlcj0iMCI+CjwvZGl2LS0+CgoKCgo8IS0tZGl2IHN0eWxlPSJtYXJnaW4tYm90dG9tOjEwcHg7Ij4KCjxpbWcgc3JjPSJodHRwOi8vaW1hZ2UucmFrdXRlbi5jby5qcC9rZW5rb2NvbS9jYWJpbmV0L2ltZy8yMDE2X2VjYW1wYWlnbi5qcGciIGFsdD0iyKvJzMa3pd2lpKXzpcgysbajoSIgd2lkdGg9IjQ2OCIgaGVpZ2h0PSI2MCIgCgpib3JkZXI9IjAiPgo8L2Rpdi0tPgoKPCEtLWRpdiBzdHlsZT0ibWFyZ2luLWJvdHRvbToxMHB4OyI+Cgo8aW1nIHNyYz0iaHR0cDovL2ltYWdlLnJha3V0ZW4uY28uanAva2Vua29jb20vY2FiaW5ldC9pbWcvMjAxNl92Y2FtcGFpZ24uanBnIiBhbHQ9IqX0paOlw6W7pevJ8ZH1hNnA+9ObxO6l3aWkpfOlyDKxtqOhIiB3aWR0aD0iNDY4IiAKCmhlaWdodD0iNjAiIGJvcmRlcj0iMCI+CjwvZGl2LS0+CgoKPCEtLWRpdiBzdHlsZT0ibWFyZ2luLWJvdHRvbToxMHB4OyI+Cgo8aW1nIHNyYz0iaHR0cDovL2ltYWdlLnJha3V0ZW4uY28uanAva2Vua29jb20vY2FiaW5ldC9pbWcvMjAxNl9ldmNhbXBhaWduLmpwZyIgYWx0PSKYU8zspaSpYKWwpeujpqX0paOlw6W7pevJ8ZH1hNnA+9ObxO6l3aWkpfOlyDOxtqOhIiAKCndpZHRoPSI0NjgiIGhlaWdodD0iNjAiIGJvcmRlcj0iMCI+CjwvZGl2LS0+,w6i/2qWxpaIgpcalo6lgpbml1qXppbdbw6i/2qWxpaIgpcel86W/peulsaWi08PGtyil2qXDpcjTwyldo7qlsaXzpbOpYKWzpeA=,pbGl86WzqWCls6XgpbGl86WzqWCls6Xg1qe16qWvpeqluaW/peulrKWkpbapYKXfpc2l6aXrpaalqalgpb+pYKXqpaKlw6XXpeqloqXDpdd4NaXApaaly6lgpbOl86XJqWCl4KXapeqlqKW1qWCl4qW5pbOl86XIpeylw6WvpbnI1Z+GpLHWuaThpbOls6XKpcOlxKWqpaSl66SopLSk3qSzpOHTzaW1pfOl2qXspbCl6qXOycjvTJlDpa+l6qW5pb+l66WspaSltqlgIDUwMG1sIDQ4sb6+dqTOxKfFrrjKvsbDqL/apbGloiClxqWjqWCluaXWpemlt1vDqL/apbGloiClx6Xzpb+l66WxpaLTw8a3KKXapcOlyNPDKV0=,w6i/2qWxpaIvy7CSaTE5MDCD0tLUyc/LzcHPn2/Bz6Gjw6i/2qWxpaIgpcalo6lgpbml1qXppbdbw6i/2qWxpaIgpcel86W/peulsaWi08PGtyil2qXDpcjTwyld[rn]
31-51690,aHR0cDovL3RzaG9wLnIxMHMuanAva2Vua29jb20vY2FiaW5ldC9lMTEzNy9lMTEzNzc0aF9sLmpwZz9maXRpbj03MDA6NzAw,NTE0LjQwMDA=,,pdqlw6XIP6XapcOlyKWwpcOluiA+IKXapcOlyNPDpKrK1sjrpOzTw8a3ID4gpcel86W/peulsaWi08PGtyA+IKS9pM7L+w==,w6i/2qWxpaIgw6jTw9K617Skz6TfpKykrVvDqL/apbGloiClx6Xzpb+l66WxpaLTw8a3KKXapcOlyNPDKV0=,w6i/2qWxpaIvy7CSaTE5MDCD0tLUyc/LzcHPn2/Bzw==,PGJyPjxkaXYgY2xhc3M9InJldmlld0JuciI+PGRpdj48Zm9udCBzaXplID0gMz48c3BhbiBzdHlsZT0ibGluZS1oZWlnaHQ6MTMwJSI+pLOkwaTppM7JzMa3PC9zcGFuPtK7t6yBXKTqpa2l46XzpdqpYKXzjJ3P88nMxrejoaOhPGJyPjxzcGFuIHN0eWxlPSJsaW5lLWhlaWdodDoxMzAlIj6ks6TOyczGt6TOPHNwYW4+yczGt6XspdOl5algpPI8c3Ryb25nPjG3rKTLPC9zdHJvbmc+zba45aS3pMbtlKSkpL+3vTwvc3Bhbj6kyzwvc3Bhbj48YnI+IDxzdHJvbmc+MzAwg9JPRkalr6lgpd2l8zwvc3Ryb25nPqTypdel7KW8pfOlyKOhPGJyPjwvZGl2PjwvZGl2PqH5P6XspdOl5algzba45ZVypMult6XnpcOl16TY16LOxLesusWk8taqpOmku6TroaOkzqXBpaelw6WvpPLI66TspMakr6TApLWkpKGjPGJyPj/h4cjVpeGpYKXrpMukxqWvqWCl3aXzVVJMpPKkqsvNpOqkt6TepLmhozxhIGhyZWY9Imh0dHA6Ly93d3cucmFrdXRlbi5uZS5qcC9nb2xkL2tlbmtvY29tL2ZlYXR1cmVsaW5rL3Jldmlldy9pbmRleC5odG1sIj6h9qH11JSkt6SvpM+ks6TBpOmh9aH2PC9hPjxicj4/y/ukzre9pKzPyKTLzba45aS3pL+I9rrPpM+lr6lgpd2l899Ns8qkzoydz/PN4qTIpMqk6qTepLmkzqTHpLTXotLipK+kwKS1pKSho6XspdOl5algzba45aTPz8Kyv6TL05vdZKS3pMakpKTepLmhozxicj4/peyl06XlqWDNtrjlpKuk6be007Ok3qTHlXKy7qSspKKk66S/pOGhosnMxre7rcPmyc+kzqXspdOl5algvP7K/aTIjGfrSKTOzba45bz+yv2krK6QpMqk64j2us+krKSipOqk3qS5pM6kx9PopOGktMHLs9Ckr6TApLWkpKGjPGJyPqXepaSl86XJpaKlw6XXobjDqL/apbGloiDDqNPD0rrXtKTPpN+krKStobmkzqXNpcOlyM2o2Jykz6WxpfOls6lgpbOl4JhTzOzK0Ij21qe16qTHo6E8YnI+PGJyPjxicj48c21hbGw+ofml0aXDpbGpYKW4pceltqWkpfO1yKTP0+i45qTKpK+J5Lj8pLWk7KTrpLOkyKSspKKk6qTepLmhozwvc21hbGw+PGJyPjxicj48dGFibGU+PHRyPjx0ZCB3aWR0aD0iMTAwJSI+PHAgY2xhc3M9InBkZXNjIj48ZGl2IGNsYXNzPSJwZGVzY3RpdGxlIj7JzMa31WjD9zwvZGl2PjxkaXYgY2xhc3M9InBkZXNjaG9uYnVuIj6huMOov9qlsaWiIMOo08PSute0pM+k36SspK2huaTPoaKabsSlpK3h4aTL74uk3956pPOkx6TitPPVybfypMql2qXDpcjTw9K617Skz6TfpKykraTHpLmho6XNpbOkwaTjpPOkrKG4pKqkpKS3pKShuaTIuNCkuKTppOyk66Xfpeulr6XVpeypYKXQqWCkx8rLyc+ksqTepLekv6GjyMvpZ6TLpOLKudPDpLWk7KTGpKSk67PJt9akx5iLs8mktaTspMakpKTepLmho5Dbw6ikzr/as/TT6LfAoaKabrm4s/3IpaGimm6ksKStpbGloqTLpKrS28GipMakr6TApLWkpKGjPC9kaXY+PGRpdiBjbGFzcz0icGRlc2N0aXRsZSI+yrnTw7e9t6g8L2Rpdj48ZGl2IGNsYXNzPSJwZGVzY2hvbmJ1biI+mm6l1qXppbek5KWsqWClvKTOyc+ky6GiMS0ztc6kv6TppLekxqSrpOmabsSlpK2k8qS3pMakoqSypMakr6TApLWkpKGjmm7EpaSt4eGky++LpN/eeqTzpMek4rTz1cm38qTHpLmhozwvZGl2PjxkaXYgY2xhc3M9InBkZXNjdGl0bGUiPsq508PJz6TO16LS4jwvZGl2PjxkaXYgY2xhc3M9InBkZXNjaG9uYnVuIj7DqKTOv9rHu6WxpaLS1M3ipMukz8q508Okt6TKpKSkx8/CpLWkpKGjw6ikzr/axNqky66Qs6OkrKSipOuVcqTkoaLM5dV7pKykuaSwpOykyqSklXKky6TPyrnTw6S3pMqkpKTHz8KktaSkoaOabsSlpK2krL/gytakysOopMufb8DtpMvKudPDpLekyqSkpMfPwqS1pKSho8q508OkzutIoaLDqKTLh3mk3qTspMqkpKTopKaky9ei0uKkt6TGz8KktaSkoaPKudPD1tCkzppupdal6aW3pOSlrKlgpbykyqTJpKyhotaxvdOlzqW6peuyv6TLvdO0paS3pMqkpKTopKaky6S016LS4qSvpMCktaSkoaPN8tK7oaK0paTspL+I9rrPpM+kuaSwpMukvaTOsr+31qTypNWkraTIpMOkxs/CpLWkpKGjPC9kaXY+PGRpdiBjbGFzcz0icGRlc2N0aXRsZSI+saO53MnPpM7XotLiPC9kaXY+PGRpdiBjbGFzcz0icGRlc2Nob25idW4iPrjfzsKhotaxyeTI1bnipPKx3KSxpMaxo7TmpLekxqSvpMCktaSkoaPpX7fi4eGkz6Sq1OfEv6TLpLTKudPDz8KktaSkoaPT14O5pM7K1qTOveykr4j2y/mky9bDpKukyqSkpMfPwqS1pKSho7G+xrcopa2l46XDpdehosjdxvcppPKE087vpMuHeaTepLukyqSkpMfPwqS1pKShoyqzybfWpKy4od9bP8nyte6kuaTrpLOkyKTkoaKVculnpM69Vd9epMuk6KTq0rrJq6SsieS7r6S5pOuks6TIpKykoqTqpN6kuaSsxrfZfKTLpM+Glu59pKKk6qTepLuk86GjPC9kaXY+PGRpdiBjbGFzcz0icGRlc2N0aXRsZSI+s8m31jwvZGl2PjxkaXYgY2xhc3M9InBkZXNjaG9uYnVuIj7LrqGipb2l66XTpcipYKXroaKlsKXqpbul6qXzoaKlu6Xrpe2pYKW5payl4KGipailv6XOqWCl66GipdWlraWopa2luaGipa+ls6Wopa2luaGipaapYKXtpfOy6KWopa2luaGipbOls6WkpeuloqXrpa6ly6XzpailwaXrUENBoaLjeaGi9aHL4aGipdWlo6XBpfPL4aGizL/L4U5hoaKlsKXqpcGl66XqpcGl88vhMkuhoqXPpcOlq9PNoaJQRUctNjDLrsztpdKl3qW3082horCyz6LP48vhTmGhos/jwc8opd+l66WvpdWl7KlgpdCpYCk8L2Rpdj48ZGl2IGNsYXNzPSJwZGVzY3RpdGxlIj7Ura5iufo8L2Rpdj48ZGl2IGNsYXNzPSJwZGVzY2hvbmJ1biI+yNWxvjwvZGl2PjxkaXYgY2xhc3M9InBkZXNjdGl0bGUiPqSqhpakpLrPpO+ku8/IPC9kaXY+PGRpdiBjbGFzcz0icGRlc2Nob25idW4iPtbqyr274cnnpd6lpKXzpcmloqXDpdc8YnI+VEVMo7owNTUtMjIyLTQ2MTg8L2Rpdj48L3A+PC90ZD48L3RyPjwvdGFibGU+PGJyPqXWpeml86XJo7rDqL/apbGlojxicj6lsaXzpbOpYKWzpeBUT1CjvqXapcOlyNPDxrejvsOo08PGtyilsKXDpbopo77DqNPDpcelpKXqqWClsKXDpbqjvqXHpfOlv6XrpbGlotPDxrcow6jTwymjvsOov9qlsaWiIMOo08PSute0pM+k36SspK08YnI+0XXU7NicidPUqqO6pd6lpKXzpcmloqXDpdc8YnI+1K2uYrn6IMjVsb48YnI+xNrI3cG/o7ozMG1sPGJyPjxicj48YnI+pbWlpKW6o7ozNSoxNjgqMjgobW0pPGJyPkpBTqWzqWClyaO6oaE0OTQ3NjUxOTU0MDA4PGJyPjxicj48dGFibGUgd2lkdGg9IjEwMCUiIGJvcmRlcj0wIGNlbGxzcGFjaW5nPTAgY2VsbHBhZGRpbmc9NT48dHI+PHRkPjxwIGNsYXNzPSJzZWlkZXNjIj48L3A+PC90ZD48dHI+PHRkPjwvdGQ+PC90cj48L3RhYmxlPjxicj48YnI+PGJyPo7auObOxNifo7qlsaXzpbOpYKWzpeDW6sq9u+HJ5zxicj5URUyjujA1MC01NTc3LTUwNDI8YnI+PGJyPlvDqL/apbGlol08YnI+w6jTw8a3KKWwpcOluikvw6jTw6XHpaSl6qlgpbClw6W6L6XHpfOlv6XrpbGlotPDxrcow6jTwyk8YnI+PGJyPqXGpeyl071CvemjugoKpcil3qXIpbil5algpbkgLyAKpd6lq6XHpd+loqXKpcOlxKWqpaSl6yAvIArrioTTpdal7KXDpcmlq6XDpb+pYCAvIAql66WkpdyluaXGpaOpYCAvIAqk6qTzpLT1oSAvIAq2qLesyczGtyAvIAo8YnI+PGJyPgoKPGRpdiBzdHlsZT0ibWFyZ2luLWJvdHRvbToxMHB4OyI+Cgo8aW1nIHNyYz0iaHR0cHM6Ly9pbWFnZS5yYWt1dGVuLmNvLmpwL3Jha3V0ZW4yNC9jYWJpbmV0L2NvdXBvbi9ibnJfMTAwXzcwMF82MC5qcGciIGFsdD0is/Wk4aTGpM63vc/etqgxMDCD0k9GRqOhIiB3aWR0aD0iNzAwIiBoZWlnaHQ9IjYwIiAKCmJvcmRlcj0iMCI+CjwvZGl2PgoKCjwhLS1kaXYgc3R5bGU9Im1hcmdpbi1ib3R0b206MTBweDsiPgoKPGltZyBzcmM9Imh0dHA6Ly9pbWFnZS5yYWt1dGVuLmNvLmpwL3Jha3V0ZW4yNC9jYWJpbmV0L2NvdXBvbi9ibnJfNzAwXzYwXzQuanBnIiBhbHQ9IjQsMDAwg9LS1MnP2Y/I66THMTAlT0ZGo6EiIHdpZHRoPSI3MDAiIAoKaGVpZ2h0PSI2MCIgYm9yZGVyPSIwIj4KPC9kaXYtLT4KCgo8ZGl2IHN0eWxlPSJtYXJnaW4tYm90dG9tOjEwcHg7Ij4KCjxpbWcgc3JjPSJodHRwOi8vaW1hZ2UucmFrdXRlbi5jby5qcC9rZW5rb2NvbS9jYWJpbmV0L2Jucl83MDBfNjBfNTAwMC5qcGciIGFsdD0iNSwwMDCD0tLUyc/Zj8jrpMcxMCVPRkajoSIgd2lkdGg9IjcwMCIgaGVpZ2h0PSI2MCIgCgpib3JkZXI9IjAiPgo8L2Rpdj4KCgo8IS0tZGl2IHN0eWxlPSJtYXJnaW4tYm90dG9tOjEwcHg7Ij4KCjxpbWcgc3JjPSJodHRwOi8vaW1hZ2UucmFrdXRlbi5jby5qcC9rZW5rb2NvbS9jYWJpbmV0L2Jucl83MDBfNjBfMTIuanBnIiBhbHQ9IjEwLDAwMIPS0tTJz9mPyOukxzEyJU9GRqOhIiB3aWR0aD0iNzAwIiBoZWlnaHQ9IjYwIiAKCmJvcmRlcj0iMCI+CjwvZGl2LS0+CgoKCgo8IS0tZGl2IHN0eWxlPSJtYXJnaW4tYm90dG9tOjEwcHg7Ij4KCjxpbWcgc3JjPSJodHRwOi8vaW1hZ2UucmFrdXRlbi5jby5qcC9yYWt1dGVuMjQvY2FiaW5ldC9jYW1wYWlnbi9hc3VyYWt1L2Jucl83MDBfNjAuanBnIiBhbHQ9IqSipLmYU8nMxrel3aWkpfOlyDOxtqOhIiB3aWR0aD0iNzAwIiAKCmhlaWdodD0iNjAiIGJvcmRlcj0iMCI+CjwvZGl2LS0+Cgo8ZGl2IHN0eWxlPSJtYXJnaW4tYm90dG9tOjEwcHg7Ij4KCjxpbWcgc3JjPSJodHRwczovL2ltYWdlLnJha3V0ZW4uY28uanAvcmFrdXRlbjI0L2NhYmluZXQvc3BlY2lhbC8yMDE2X2VjYW1wYWlnbi5qcGciIGFsdD0ipaSpYKWwpeuluaGhpfSlo6XDpbul64TZpMOkv6TpUDKxtiIgIAoKd2lkdGg9IjQ2OCIgaGVpZ2h0PSI2MCIgYm9yZGVyPSIwIj4KPC9kaXY+Cgo8IS0tZGl2IHN0eWxlPSJtYXJnaW4tYm90dG9tOjEwcHg7Ij4KPHRhYmxlPgo8dGQ+CjxpbWcgc3JjPSJodHRwOi8vaW1hZ2UucmFrdXRlbi5jby5qcC9rZW5rb2NvbS9jYWJpbmV0L3NwZWNpYWwveDUyMDE2MWguanBnIiBhbHQ9IqXVpeulsKXpIiB3aWR0aD0iMTgwIiBoZWlnaHQ9IjE4MCIgYm9yZGVyPSIwIj48L3RkPgoKPHRkPgo8aW1nIHNyYz0iaHR0cDovL2ltYWdlLnJha3V0ZW4uY28uanAva2Vua29jb20vY2FiaW5ldC9zcGVjaWFsL2UxMTQ2NzdoLmpwZyIgYWx0PSKlr6Xqpbmlv6XrpaylpKW2qWAiIHdpZHRoPSIxODAiIGhlaWdodD0iMTgwIiAKCmJvcmRlcj0iMCI+PC90ZD4KCjx0ZD4KPGltZyBzcmM9Imh0dHA6Ly9pbWFnZS5yYWt1dGVuLmNvLmpwL2tlbmtvY29tL2NhYmluZXQvc3BlY2lhbC9lMTEwODUzaC5qcGciIGFsdD0ipc+l7algIKXGpaOlw6W3peUiIHdpZHRoPSIxODAiIGhlaWdodD0iMTgwIiAKCmJvcmRlcj0iMCI+PC90ZD4KCjx0ZD4KPGltZyBzcmM9Imh0dHA6Ly9pbWFnZS5yYWt1dGVuLmNvLmpwL2tlbmtvY29tL2NhYmluZXQvc3BlY2lhbC9lMzcyMDgyaC5qcGciIGFsdD0ipaKlv6XDpa9ORU8iIHdpZHRoPSIxODAiIGhlaWdodD0iMTgwIiAKCmJvcmRlcj0iMCI+PC90ZD4KCjwvdGFibGU+CjwvZGl2LS0+CgoKCgoKCjwhLS1kaXYgc3R5bGU9Im1hcmdpbi1ib3R0b206MTBweDsiPgoKPGltZyBzcmM9Imh0dHA6Ly9pbWFnZS5yYWt1dGVuLmNvLmpwL3Jha3V0ZW4yNC9jYWJpbmV0L2NvdXBvbi9ibnJfNzAwXzYwXzEwMDAwLmpwZyIgYWx0PSIxMCwwMDCD0tLUyc/Zj8jrpMcxNSVPRkajoSIgd2lkdGg9IjcwMCIgCgpoZWlnaHQ9IjYwIiBib3JkZXI9IjAiPgo8L2Rpdi0tPgoKCjwhLS1kaXYgc3R5bGU9Im1hcmdpbi1ib3R0b206MTBweDsiPgoKPGltZyBzcmM9Imh0dHA6Ly9pbWFnZS5yYWt1dGVuLmNvLmpwL3Jha3V0ZW4yNC9jYWJpbmV0L2NhbXBhaWduL3BvaW50dXAvaG91c2Vob2xkL2Jucl9wdDRfdHVlXzcwMF85MC5naWYiIGFsdD0iyKvJzMa3pd2lpKXzpcjX7rTzNLG2o6EiIAoKd2lkdGg9IjQ2OCIgaGVpZ2h0PSI2MCIgYm9yZGVyPSIwIj4KPC9kaXYtLT4KCgoKCjwhLS1kaXYgc3R5bGU9Im1hcmdpbi1ib3R0b206MTBweDsiPgoKPGltZyBzcmM9Imh0dHA6Ly9pbWFnZS5yYWt1dGVuLmNvLmpwL2tlbmtvY29tL2NhYmluZXQvaW1nLzIwMTZfZWNhbXBhaWduLmpwZyIgYWx0PSLIq8nMxrel3aWkpfOlyDKxtqOhIiB3aWR0aD0iNDY4IiBoZWlnaHQ9IjYwIiAKCmJvcmRlcj0iMCI+CjwvZGl2LS0+Cgo8IS0tZGl2IHN0eWxlPSJtYXJnaW4tYm90dG9tOjEwcHg7Ij4KCjxpbWcgc3JjPSJodHRwOi8vaW1hZ2UucmFrdXRlbi5jby5qcC9rZW5rb2NvbS9jYWJpbmV0L2ltZy8yMDE2X3ZjYW1wYWlnbi5qcGciIGFsdD0ipfSlo6XDpbul68nxkfWE2cD705vE7qXdpaSl86XIMrG2o6EiIHdpZHRoPSI0NjgiIAoKaGVpZ2h0PSI2MCIgYm9yZGVyPSIwIj4KPC9kaXYtLT4KCgo8IS0tZGl2IHN0eWxlPSJtYXJnaW4tYm90dG9tOjEwcHg7Ij4KCjxpbWcgc3JjPSJodHRwOi8vaW1hZ2UucmFrdXRlbi5jby5qcC9rZW5rb2NvbS9jYWJpbmV0L2ltZy8yMDE2X2V2Y2FtcGFpZ24uanBnIiBhbHQ9IphTzOylpKlgpbCl66OmpfSlo6XDpbul68nxkfWE2cD705vE7qXdpaSl86XIM7G2o6EiIAoKd2lkdGg9IjQ2OCIgaGVpZ2h0PSI2MCIgYm9yZGVyPSIwIj4KPC9kaXYtLT4=,w6i/2qWxpaIgw6jTw9K617Skz6TfpKykrVvDqL/apbGloiClx6Xzpb+l66WxpaLTw8a3KKXapcOlyNPDKV2juqWxpfOls6lgpbOl4A==,pbGl86WzqWCls6XgpbGl86WzqWCls6Xg1qe16qWvpeqluaW/peulrKWkpbapYKXfpc2l6aXrpaalqalgpb+pYKXqpaKlw6XXpeqloqXDpdd4NaXApaaly6lgpbOl86XJqWCl4KXapeqlqKW1qWCl4qW5pbOl86XIpeylw6WvpbnI1Z+GpLHWuaThpbOls6XKpcOlxKWqpaSl66SopLSk3qSzpOHTzaW1pfOl2qXspbCl6qXOycjvTJlDpa+l6qW5pb+l66WspaSltqlgIDUwMG1sIDQ4sb6+dqTOxKfFrrjKvsbDqL/apbGloiDDqNPD0rrXtKTPpN+krKStW8Oov9qlsaWiIKXHpfOlv6XrpbGlotPDxrcopdqlw6XI08MpXQ==,w6i/2qWxpaIvy7CSaTE5MDCD0tLUyc/LzcHPn2/Bz6Gjw6i/2qWxpaIgw6jTw9K617Skz6TfpKykrVvDqL/apbGloiClx6Xzpb+l66WxpaLTw8a3KKXapcOlyNPDKV0=[rn]
31-51691,aHR0cDovL3RzaG9wLnIxMHMuanAva2Vua29jb20vY2FiaW5ldC9lMTc1MC9lMTc1MDE4aF9sLmpwZz9maXRpbj03MDA6NzAw,NDMwLjQwMDA=,,pdqlw6XIP6XapcOlyKWwpcOluiA+IKXapcOlyNPDpKrK1sjrpOzTw8a3ID4gpcel86W/peulsaWi08PGtyA+IKS9pM7L+w==,pbeluryqIKTOpNOkzqTTIKTmpNOabqTWpOmkt1ulx6Xzpb+l66WxpaLTw8a3KKXapcOlyNPDKV0=,y7CSaTE5MDCD0tLUyc/LzcHPn2/Bzw==,PGJyPjxkaXYgY2xhc3M9InJldmlld0JuciI+PGRpdj48Zm9udCBzaXplID0gMz48c3BhbiBzdHlsZT0ibGluZS1oZWlnaHQ6MTMwJSI+pLOkwaTppM7JzMa3PC9zcGFuPtK7t6yBXKTqpa2l46XzpdqpYKXzjJ3P88nMxrejoaOhPGJyPjxzcGFuIHN0eWxlPSJsaW5lLWhlaWdodDoxMzAlIj6ks6TOyczGt6TOPHNwYW4+yczGt6XspdOl5algpPI8c3Ryb25nPjG3rKTLPC9zdHJvbmc+zba45aS3pMbtlKSkpL+3vTwvc3Bhbj6kyzwvc3Bhbj48YnI+IDxzdHJvbmc+MzAwg9JPRkalr6lgpd2l8zwvc3Ryb25nPqTypdel7KW8pfOlyKOhPGJyPjwvZGl2PjwvZGl2PqH5P6XspdOl5algzba45ZVypMult6XnpcOl16TY16LOxLesusWk8taqpOmku6TroaOkzqXBpaelw6WvpPLI66TspMakr6TApLWkpKGjPGJyPj/h4cjVpeGpYKXrpMukxqWvqWCl3aXzVVJMpPKkqsvNpOqkt6TepLmhozxhIGhyZWY9Imh0dHA6Ly93d3cucmFrdXRlbi5uZS5qcC9nb2xkL2tlbmtvY29tL2ZlYXR1cmVsaW5rL3Jldmlldy9pbmRleC5odG1sIj6h9qH11JSkt6SvpM+ks6TBpOmh9aH2PC9hPjxicj4/y/ukzre9pKzPyKTLzba45aS3pL+I9rrPpM+lr6lgpd2l899Ns8qkzoydz/PN4qTIpMqk6qTepLmkzqTHpLTXotLipK+kwKS1pKSho6XspdOl5algzba45aTPz8Kyv6TL05vdZKS3pMakpKTepLmhozxicj4/peyl06XlqWDNtrjlpKuk6be007Ok3qTHlXKy7qSspKKk66S/pOGhosnMxre7rcPmyc+kzqXspdOl5algvP7K/aTIjGfrSKTOzba45bz+yv2krK6QpMqk64j2us+krKSipOqk3qS5pM6kx9PopOGktMHLs9Ckr6TApLWkpKGjPGJyPqXVpe2l4FOhuKW3pbq8qiCkzqTTpM6k0yCk5qTTmm6k1qTppLehuaTOpc2lw6XIzajYnKTPpbGl86WzqWCls6XgmFPM7MrQiPbWp7XqpMejoTxicj48YnI+PGJyPjxzbWFsbD6h+aXRpcOlsalgpbilx6W2paSl87XIpM/T6LjmpMqkr4nkuPyktaTspOuks6TIpKykoqTqpN6kuaGjPC9zbWFsbD48YnI+PGJyPjx0YWJsZT48dHI+PHRkIHdpZHRoPSIxMDAlIj48cCBjbGFzcz0icGRlc2MiPjxkaXYgY2xhc3M9InBkZXNjdGl0bGUiPsnMxrfVaMP3PC9kaXY+PGRpdiBjbGFzcz0icGRlc2Nob25idW4iPqG4pbeluryqIKTOpNOkzqTTIKTmpNOabqTWpOmkt6G5pM+hosOo08Okzppupdal6aW3pMekuaGjtPPH0KTKkNvDqKTOpaqpYKXppeulsaWipMuxvsa3pPKkqtLbwaKkxqSvpMCktaSkoaM8L2Rpdj48ZGl2IGNsYXNzPSJwZGVzY3RpdGxlIj7KudPDt723qDwvZGl2PjxkaXYgY2xhc3M9InBkZXNjaG9uYnVuIj6h8aW0peCyv6SrpOnK1qTyzaikt6Gi00jWuKTIyMuy7qS31riky6XWpemlt7K/pPKkz6ThoaKluaXIpcOl0algpPLW0Na4P8th1rg/0KHWuKTyzaikt6TG17DXxaS3pN6kuaGjPGJyPqHxmm7EpaStpM+hota4pM64uaTOsr+31qTHoaKabqTImm6ksKStoaKk3qS/oaKkvaTOvrPEv6TytqGMjqTLssGk66TopKaky6S3pN6kuaGjpN6kv6Gimm6kzrHtsr+kyNFZsr+k8tNI1rikyMjLsu6kt9a4pMekz6S1pPOkx7LBpOuks6TIpMuk6KTDpMahoppupM6BScPmpPLNrJVypMuabsSlpK2kuaTrpLOkyKSspMekraTepLmhozxicj6h8bG+xrekz6Gi09LK1qGi1/PK1qTOgUm3vaTHyrnTw6THpK2k3qS5oaOk3qS/oaKBScrWpMfNrJVypMvKudPDpLmk66SzpMik4r/JxNykx6S5oaM8L2Rpdj48ZGl2IGNsYXNzPSJwZGVzY3RpdGxlIj6ktNei0uI8L2Rpdj48ZGl2IGNsYXNzPSJwZGVzY2hvbmJ1biI+ofGxvsa3pPKlzaWzpMGk46TzpMuHeaTepLukyqSkpMekr6TApLWkpKGjPGJyPqHxw6ikzr/axNqk8oL7pMSksaTKpKSk6KSmpMuktNei0uKkr6TApLWkpKGjPGJyPqHxw6ikzr/ax7ulsaWi0tTN4qTLyrnTw6S3pMqkpKTHpK+kwKS1pKShozxicj6h8cq508OkzutIoaLDqKTLh3mk3qTspMqkpKTopKaky6S016LS4qSvpMCktaSkoaM8YnI+ofHW3IfspM6taL6zpMua3aTypMSksaTGpLTKudPDpK+kwKS1pKShozxicj6h8aS0yrnTw+HhpM+horG+xrek8qTopK/PtKTDpMbHrKSrpLekxsflnY2ky7CyyKukyqTIpLOk7aTHsaO53KS3pMakr6TApLWkpKGjPC9kaXY+PGRpdiBjbGFzcz0icGRlc2N0aXRsZSI+y9iyxDwvZGl2PjxkaXYgY2xhc3M9InBkZXNjaG9uYnVuIj7Iq8zlo7q+ZKGipcqlpKXtpfM8YnI+pbSl4KO6pd2l6qWmpeylv6XzPC9kaXY+PGRpdiBjbGFzcz0icGRlc2N0aXRsZSI+1K2uYrn6PC9kaXY+PGRpdiBjbGFzcz0icGRlc2Nob25idW4iPsjVsb48L2Rpdj48L3A+PC90ZD48L3RyPjwvdGFibGU+PGJyPjxicj6lsaXzpbOpYKWzpeBUT1CjvqXapcOlyNPDxrejvqXapcOlyKWxpaLTw8a3o76lqqlgpeml66WxpaI/pdqlw6XI08PGt6O+mm6kzqWxpaLTw8a3o76lt6W6vKogpM6k06TOpNMgpOak05pupNak6aS3PGJyPticidPUqqO6pdWl7aXgUzxicj7Ura5iufogyNWxvjxicj7E2sjdwb+jujGCgDxicj48YnI+PGJyPjxicj5KQU6ls6lgpcmjuqGhNDU4MjI5MzY1MzAyNzxicj48YnI+PHRhYmxlIHdpZHRoPSIxMDAlIiBib3JkZXI9MCBjZWxsc3BhY2luZz0wIGNlbGxwYWRkaW5nPTU+PHRyPjx0ZD48cCBjbGFzcz0ic2VpZGVzYyI+PC9wPjwvdGQ+PHRyPjx0ZD48L3RkPjwvdHI+PC90YWJsZT48YnI+PGJyPjxicj6O2rjmzsTYn6O6pbGl86WzqWCls6Xg1urKvbvhyec8YnI+VEVMo7owNTAtNTU3Ny01MDQyPGJyPjxicj48YnI+pdqlw6XIpbGlotPDxrcvpaqpYKXppeulsaWiP6XapcOlyNPDxrcvmm6kzqWxpaLTw8a3PGJyPjxicj6lxqXspdO9Qr3po7oKCqXIpd6lyKW4peWpYKW5IC8gCqXepaulx6XfpaKlyqXDpcSlqqWkpesgLyAK64qE06XWpeylw6XJpaulw6W/qWAgLyAKpeulpKXcpbmlxqWjqWAgLyAKpOqk86S09aEgLyAKtqi3rMnMxrcgLyAKPGJyPjxicj4KCjxkaXYgc3R5bGU9Im1hcmdpbi1ib3R0b206MTBweDsiPgoKPGltZyBzcmM9Imh0dHBzOi8vaW1hZ2UucmFrdXRlbi5jby5qcC9yYWt1dGVuMjQvY2FiaW5ldC9jb3Vwb24vYm5yXzEwMF83MDBfNjAuanBnIiBhbHQ9IrP1pOGkxqTOt73P3raoMTAwg9JPRkajoSIgd2lkdGg9IjcwMCIgaGVpZ2h0PSI2MCIgCgpib3JkZXI9IjAiPgo8L2Rpdj4KCgo8IS0tZGl2IHN0eWxlPSJtYXJnaW4tYm90dG9tOjEwcHg7Ij4KCjxpbWcgc3JjPSJodHRwOi8vaW1hZ2UucmFrdXRlbi5jby5qcC9yYWt1dGVuMjQvY2FiaW5ldC9jb3Vwb24vYm5yXzcwMF82MF80LmpwZyIgYWx0PSI0LDAwMIPS0tTJz9mPyOukxzEwJU9GRqOhIiB3aWR0aD0iNzAwIiAKCmhlaWdodD0iNjAiIGJvcmRlcj0iMCI+CjwvZGl2LS0+CgoKPGRpdiBzdHlsZT0ibWFyZ2luLWJvdHRvbToxMHB4OyI+Cgo8aW1nIHNyYz0iaHR0cDovL2ltYWdlLnJha3V0ZW4uY28uanAva2Vua29jb20vY2FiaW5ldC9ibnJfNzAwXzYwXzUwMDAuanBnIiBhbHQ9IjUsMDAwg9LS1MnP2Y/I66THMTAlT0ZGo6EiIHdpZHRoPSI3MDAiIGhlaWdodD0iNjAiIAoKYm9yZGVyPSIwIj4KPC9kaXY+CgoKPCEtLWRpdiBzdHlsZT0ibWFyZ2luLWJvdHRvbToxMHB4OyI+Cgo8aW1nIHNyYz0iaHR0cDovL2ltYWdlLnJha3V0ZW4uY28uanAva2Vua29jb20vY2FiaW5ldC9ibnJfNzAwXzYwXzEyLmpwZyIgYWx0PSIxMCwwMDCD0tLUyc/Zj8jrpMcxMiVPRkajoSIgd2lkdGg9IjcwMCIgaGVpZ2h0PSI2MCIgCgpib3JkZXI9IjAiPgo8L2Rpdi0tPgoKCgoKPCEtLWRpdiBzdHlsZT0ibWFyZ2luLWJvdHRvbToxMHB4OyI+Cgo8aW1nIHNyYz0iaHR0cDovL2ltYWdlLnJha3V0ZW4uY28uanAvcmFrdXRlbjI0L2NhYmluZXQvY2FtcGFpZ24vYXN1cmFrdS9ibnJfNzAwXzYwLmpwZyIgYWx0PSKkoqS5mFPJzMa3pd2lpKXzpcgzsbajoSIgd2lkdGg9IjcwMCIgCgpoZWlnaHQ9IjYwIiBib3JkZXI9IjAiPgo8L2Rpdi0tPgoKPGRpdiBzdHlsZT0ibWFyZ2luLWJvdHRvbToxMHB4OyI+Cgo8aW1nIHNyYz0iaHR0cHM6Ly9pbWFnZS5yYWt1dGVuLmNvLmpwL3Jha3V0ZW4yNC9jYWJpbmV0L3NwZWNpYWwvMjAxNl9lY2FtcGFpZ24uanBnIiBhbHQ9IqWkqWClsKXrpbmhoaX0paOlw6W7peuE2aTDpL+k6VAysbYiICAKCndpZHRoPSI0NjgiIGhlaWdodD0iNjAiIGJvcmRlcj0iMCI+CjwvZGl2PgoKPCEtLWRpdiBzdHlsZT0ibWFyZ2luLWJvdHRvbToxMHB4OyI+Cjx0YWJsZT4KPHRkPgo8aW1nIHNyYz0iaHR0cDovL2ltYWdlLnJha3V0ZW4uY28uanAva2Vua29jb20vY2FiaW5ldC9zcGVjaWFsL3g1MjAxNjFoLmpwZyIgYWx0PSKl1aXrpbCl6SIgd2lkdGg9IjE4MCIgaGVpZ2h0PSIxODAiIGJvcmRlcj0iMCI+PC90ZD4KCjx0ZD4KPGltZyBzcmM9Imh0dHA6Ly9pbWFnZS5yYWt1dGVuLmNvLmpwL2tlbmtvY29tL2NhYmluZXQvc3BlY2lhbC9lMTE0Njc3aC5qcGciIGFsdD0ipa+l6qW5pb+l66WspaSltqlgIiB3aWR0aD0iMTgwIiBoZWlnaHQ9IjE4MCIgCgpib3JkZXI9IjAiPjwvdGQ+Cgo8dGQ+CjxpbWcgc3JjPSJodHRwOi8vaW1hZ2UucmFrdXRlbi5jby5qcC9rZW5rb2NvbS9jYWJpbmV0L3NwZWNpYWwvZTExMDg1M2guanBnIiBhbHQ9IqXPpe2pYCClxqWjpcOlt6XlIiB3aWR0aD0iMTgwIiBoZWlnaHQ9IjE4MCIgCgpib3JkZXI9IjAiPjwvdGQ+Cgo8dGQ+CjxpbWcgc3JjPSJodHRwOi8vaW1hZ2UucmFrdXRlbi5jby5qcC9rZW5rb2NvbS9jYWJpbmV0L3NwZWNpYWwvZTM3MjA4MmguanBnIiBhbHQ9IqWipb+lw6WvTkVPIiB3aWR0aD0iMTgwIiBoZWlnaHQ9IjE4MCIgCgpib3JkZXI9IjAiPjwvdGQ+Cgo8L3RhYmxlPgo8L2Rpdi0tPgoKCgoKCgo8IS0tZGl2IHN0eWxlPSJtYXJnaW4tYm90dG9tOjEwcHg7Ij4KCjxpbWcgc3JjPSJodHRwOi8vaW1hZ2UucmFrdXRlbi5jby5qcC9yYWt1dGVuMjQvY2FiaW5ldC9jb3Vwb24vYm5yXzcwMF82MF8xMDAwMC5qcGciIGFsdD0iMTAsMDAwg9LS1MnP2Y/I66THMTUlT0ZGo6EiIHdpZHRoPSI3MDAiIAoKaGVpZ2h0PSI2MCIgYm9yZGVyPSIwIj4KPC9kaXYtLT4KCgo8IS0tZGl2IHN0eWxlPSJtYXJnaW4tYm90dG9tOjEwcHg7Ij4KCjxpbWcgc3JjPSJodHRwOi8vaW1hZ2UucmFrdXRlbi5jby5qcC9yYWt1dGVuMjQvY2FiaW5ldC9jYW1wYWlnbi9wb2ludHVwL2hvdXNlaG9sZC9ibnJfcHQ0X3R1ZV83MDBfOTAuZ2lmIiBhbHQ9IsiryczGt6XdpaSl86XI1+608zSxtqOhIiAKCndpZHRoPSI0NjgiIGhlaWdodD0iNjAiIGJvcmRlcj0iMCI+CjwvZGl2LS0+CgoKCgo8IS0tZGl2IHN0eWxlPSJtYXJnaW4tYm90dG9tOjEwcHg7Ij4KCjxpbWcgc3JjPSJodHRwOi8vaW1hZ2UucmFrdXRlbi5jby5qcC9rZW5rb2NvbS9jYWJpbmV0L2ltZy8yMDE2X2VjYW1wYWlnbi5qcGciIGFsdD0iyKvJzMa3pd2lpKXzpcgysbajoSIgd2lkdGg9IjQ2OCIgaGVpZ2h0PSI2MCIgCgpib3JkZXI9IjAiPgo8L2Rpdi0tPgoKPCEtLWRpdiBzdHlsZT0ibWFyZ2luLWJvdHRvbToxMHB4OyI+Cgo8aW1nIHNyYz0iaHR0cDovL2ltYWdlLnJha3V0ZW4uY28uanAva2Vua29jb20vY2FiaW5ldC9pbWcvMjAxNl92Y2FtcGFpZ24uanBnIiBhbHQ9IqX0paOlw6W7pevJ8ZH1hNnA+9ObxO6l3aWkpfOlyDKxtqOhIiB3aWR0aD0iNDY4IiAKCmhlaWdodD0iNjAiIGJvcmRlcj0iMCI+CjwvZGl2LS0+CgoKPCEtLWRpdiBzdHlsZT0ibWFyZ2luLWJvdHRvbToxMHB4OyI+Cgo8aW1nIHNyYz0iaHR0cDovL2ltYWdlLnJha3V0ZW4uY28uanAva2Vua29jb20vY2FiaW5ldC9pbWcvMjAxNl9ldmNhbXBhaWduLmpwZyIgYWx0PSKYU8zspaSpYKWwpeujpqX0paOlw6W7pevJ8ZH1hNnA+9ObxO6l3aWkpfOlyDOxtqOhIiAKCndpZHRoPSI0NjgiIGhlaWdodD0iNjAiIGJvcmRlcj0iMCI+CjwvZGl2LS0+,pbeluryqIKTOpNOkzqTTIKTmpNOabqTWpOmkt1ulx6Xzpb+l66WxpaLTw8a3KKXapcOlyNPDKV2juqWxpfOls6lgpbOl4A==,pbGl86WzqWCls6XgpbGl86WzqWCls6Xg1qe16qWvpeqluaW/peulrKWkpbapYKXfpc2l6aXrpaalqalgpb+pYKXqpaKlw6XXpeqloqXDpdd4NaXApaaly6lgpbOl86XJqWCl4KXapeqlqKW1qWCl4qW5pbOl86XIpeylw6WvpbnI1Z+GpLHWuaThpbOls6XKpcOlxKWqpaSl66SopLSk3qSzpOHTzaW1pfOl2qXspbCl6qXOycjvTJlDpa+l6qW5pb+l66WspaSltqlgIDUwMG1sIDQ4sb6+dqTOxKfFrrjKvsalt6W6vKogpM6k06TOpNMgpOak05pupNak6aS3W6XHpfOlv6XrpbGlotPDxrcopdqlw6XI08MpXQ==,y7CSaTE5MDCD0tLUyc/LzcHPn2/Bz6GjpbeluryqIKTOpNOkzqTTIKTmpNOabqTWpOmkt1ulx6Xzpb+l66WxpaLTw8a3KKXapcOlyNPDKV0=[rn]
31-51692,aHR0cDovL3RzaG9wLnIxMHMuanAva2Vua29jb20vY2FiaW5ldC9hMjQ5NC9hMjQ5NDAwaF9sLmpwZz9maXRpbj03MDA6NzAw,NDMwLjQwMDA=,,pdqlw6XIP6XapcOlyKWwpcOluiA+IKXapcOlyNPDpKrK1sjrpOzTw8a3ID4gpcel86W/peulsaWi08PGtyA+IKS9pM7L+w==,peSl3qXSpbUgpcel86W/peuluaXXpeypYCA1MG1sW1BldGlvKKXapcalo6WqKSCabqTOpbGlotPDxrdd,UGV0aW8opdqlxqWjpaopL8uwkmkxOTAwg9LS1MnPy83Bz59vwc8=,peSl3qXSpbWl2qXDpcilsaWiysKYSbK/obil5KXepdKltSClx6Xzpb+l66W5pdel7KlgIDUwbWyhuaTOpc2lw6XIzajYnKTPpbGl86WzqWCls6XgmFPM7MrQiPbWp7XqpMejoTxicj48YnI+PGJyPjxzbWFsbD6h+aXRpcOlsalgpbilx6W2paSl87XIpM/T6LjmpMqkr4nkuPyktaTspOuks6TIpKykoqTqpN6kuaGjPC9zbWFsbD48YnI+PGJyPjx0YWJsZT48dHI+PHRkIHdpZHRoPSIxMDAlIj48cCBjbGFzcz0icGRlc2MiPjxkaXYgY2xhc3M9InBkZXNjdGl0bGUiPsnMxrfVaMP3PC9kaXY+PGRpdiBjbGFzcz0icGRlc2Nob25idW4iPqG4peSl3qXSpbUgpcel86W/peuluaXXpeypYCA1MG1sobmkz6Gipbml16XsqWCkuaTrpMCksaTHuoaFZ6TLpcel86W/peulsaWipKykx6StpOuhoqXapcOlyNPDmm6k36SspK2kx6S5oaOluaXIpeypYKXIyc+ky4eKyeSktaTspOulv6WkpdekyqTOpMeHisnkv9qkrL/a1tCky9axvdO0paTspLrQbMn6tcSkx6Gi0KHQzciupM7PwaSkv9rW0KTLpOLKudPDpMekraTepLmho8jL6WfTw6TLpOLKudPDpMekraTrs8m31qTyyrnTw6S3pMakpKTepLmhozUwbWzI66TqoaM8L2Rpdj48L3A+PC90ZD48L3RyPjwvdGFibGU+PGJyPqXWpeml86XJo7pQZXRpbyil2qXGpaOlqik8YnI+pbGl86WzqWCls6XgVE9Qo76l2qXDpcjTw8a3o76l2qXDpcilsaWi08PGt6O+paqpYKXppeulsaWiP6XapcOlyNPDxrejvppupM6lsaWi08PGt6O+peSl3qXSpbUgpcel86W/peuluaXXpeypYCA1MG1sPGJyPticidPUqqO6pdqlxqWjpao8YnI+1K2uYrn6IMjVsb48YnI+xNrI3cG/o7o1MG1sPGJyPjxicj48YnI+pbWlpKW6KM3i17Apo7oyMTAqNzUqNDAobW0pPGJyPkpBTqWzqWClyaO6oaE0OTAzNTg4MjA2MTUzPGJyPjxicj48dGFibGUgd2lkdGg9IjEwMCUiIGJvcmRlcj0wIGNlbGxzcGFjaW5nPTAgY2VsbHBhZGRpbmc9NT48dHI+PHRkPjxwIGNsYXNzPSJzZWlkZXNjIj48L3A+PC90ZD48dHI+PHRkPjwvdGQ+PC90cj48L3RhYmxlPjxicj48YnI+PGJyPo7auObOxNifo7qlsaXzpbOpYKWzpeDW6sq9u+HJ5zxicj5URUyjujA1MC01NTc3LTUwNDI8YnI+PGJyPltQZXRpbyil2qXGpaOlqildPGJyPqXapcOlyKWxpaLTw8a3L6WqqWCl6aXrpbGloj+l2qXDpcjTw8a3L5pupM6lsaWi08PGtzxicj48YnI+pcal7KXTvUK96aO6CgqlyKXepciluKXlqWCluSAvIAql3qWrpcel36Wipcqlw6XEpaqlpKXrIC8gCuuKhNOl1qXspcOlyaWrpcOlv6lgIC8gCqXrpaSl3KW5pcalo6lgIC8gCqTqpPOktPWhIC8gCraot6zJzMa3IC8gCjxicj48YnI+Cgo8ZGl2IHN0eWxlPSJtYXJnaW4tYm90dG9tOjEwcHg7Ij4KCjxpbWcgc3JjPSJodHRwczovL2ltYWdlLnJha3V0ZW4uY28uanAvcmFrdXRlbjI0L2NhYmluZXQvY291cG9uL2Jucl8xMDBfNzAwXzYwLmpwZyIgYWx0PSKz9aThpMakzre9z962qDEwMIPST0ZGo6EiIHdpZHRoPSI3MDAiIGhlaWdodD0iNjAiIAoKYm9yZGVyPSIwIj4KPC9kaXY+CgoKPCEtLWRpdiBzdHlsZT0ibWFyZ2luLWJvdHRvbToxMHB4OyI+Cgo8aW1nIHNyYz0iaHR0cDovL2ltYWdlLnJha3V0ZW4uY28uanAvcmFrdXRlbjI0L2NhYmluZXQvY291cG9uL2Jucl83MDBfNjBfNC5qcGciIGFsdD0iNCwwMDCD0tLUyc/Zj8jrpMcxMCVPRkajoSIgd2lkdGg9IjcwMCIgCgpoZWlnaHQ9IjYwIiBib3JkZXI9IjAiPgo8L2Rpdi0tPgoKCjxkaXYgc3R5bGU9Im1hcmdpbi1ib3R0b206MTBweDsiPgoKPGltZyBzcmM9Imh0dHA6Ly9pbWFnZS5yYWt1dGVuLmNvLmpwL2tlbmtvY29tL2NhYmluZXQvYm5yXzcwMF82MF81MDAwLmpwZyIgYWx0PSI1LDAwMIPS0tTJz9mPyOukxzEwJU9GRqOhIiB3aWR0aD0iNzAwIiBoZWlnaHQ9IjYwIiAKCmJvcmRlcj0iMCI+CjwvZGl2PgoKCjwhLS1kaXYgc3R5bGU9Im1hcmdpbi1ib3R0b206MTBweDsiPgoKPGltZyBzcmM9Imh0dHA6Ly9pbWFnZS5yYWt1dGVuLmNvLmpwL2tlbmtvY29tL2NhYmluZXQvYm5yXzcwMF82MF8xMi5qcGciIGFsdD0iMTAsMDAwg9LS1MnP2Y/I66THMTIlT0ZGo6EiIHdpZHRoPSI3MDAiIGhlaWdodD0iNjAiIAoKYm9yZGVyPSIwIj4KPC9kaXYtLT4KCgoKCjwhLS1kaXYgc3R5bGU9Im1hcmdpbi1ib3R0b206MTBweDsiPgoKPGltZyBzcmM9Imh0dHA6Ly9pbWFnZS5yYWt1dGVuLmNvLmpwL3Jha3V0ZW4yNC9jYWJpbmV0L2NhbXBhaWduL2FzdXJha3UvYm5yXzcwMF82MC5qcGciIGFsdD0ipKKkuZhTyczGt6XdpaSl86XIM7G2o6EiIHdpZHRoPSI3MDAiIAoKaGVpZ2h0PSI2MCIgYm9yZGVyPSIwIj4KPC9kaXYtLT4KCjxkaXYgc3R5bGU9Im1hcmdpbi1ib3R0b206MTBweDsiPgoKPGltZyBzcmM9Imh0dHBzOi8vaW1hZ2UucmFrdXRlbi5jby5qcC9yYWt1dGVuMjQvY2FiaW5ldC9zcGVjaWFsLzIwMTZfZWNhbXBhaWduLmpwZyIgYWx0PSKlpKlgpbCl66W5oaGl9KWjpcOlu6XrhNmkw6S/pOlQMrG2IiAgCgp3aWR0aD0iNDY4IiBoZWlnaHQ9IjYwIiBib3JkZXI9IjAiPgo8L2Rpdj4KCjwhLS1kaXYgc3R5bGU9Im1hcmdpbi1ib3R0b206MTBweDsiPgo8dGFibGU+Cjx0ZD4KPGltZyBzcmM9Imh0dHA6Ly9pbWFnZS5yYWt1dGVuLmNvLmpwL2tlbmtvY29tL2NhYmluZXQvc3BlY2lhbC94NTIwMTYxaC5qcGciIGFsdD0ipdWl66WwpekiIHdpZHRoPSIxODAiIGhlaWdodD0iMTgwIiBib3JkZXI9IjAiPjwvdGQ+Cgo8dGQ+CjxpbWcgc3JjPSJodHRwOi8vaW1hZ2UucmFrdXRlbi5jby5qcC9rZW5rb2NvbS9jYWJpbmV0L3NwZWNpYWwvZTExNDY3N2guanBnIiBhbHQ9IqWvpeqluaW/peulrKWkpbapYCIgd2lkdGg9IjE4MCIgaGVpZ2h0PSIxODAiIAoKYm9yZGVyPSIwIj48L3RkPgoKPHRkPgo8aW1nIHNyYz0iaHR0cDovL2ltYWdlLnJha3V0ZW4uY28uanAva2Vua29jb20vY2FiaW5ldC9zcGVjaWFsL2UxMTA4NTNoLmpwZyIgYWx0PSKlz6XtqWAgpcalo6XDpbel5SIgd2lkdGg9IjE4MCIgaGVpZ2h0PSIxODAiIAoKYm9yZGVyPSIwIj48L3RkPgoKPHRkPgo8aW1nIHNyYz0iaHR0cDovL2ltYWdlLnJha3V0ZW4uY28uanAva2Vua29jb20vY2FiaW5ldC9zcGVjaWFsL2UzNzIwODJoLmpwZyIgYWx0PSKloqW/pcOlr05FTyIgd2lkdGg9IjE4MCIgaGVpZ2h0PSIxODAiIAoKYm9yZGVyPSIwIj48L3RkPgoKPC90YWJsZT4KPC9kaXYtLT4KCgoKCgoKPCEtLWRpdiBzdHlsZT0ibWFyZ2luLWJvdHRvbToxMHB4OyI+Cgo8aW1nIHNyYz0iaHR0cDovL2ltYWdlLnJha3V0ZW4uY28uanAvcmFrdXRlbjI0L2NhYmluZXQvY291cG9uL2Jucl83MDBfNjBfMTAwMDAuanBnIiBhbHQ9IjEwLDAwMIPS0tTJz9mPyOukxzE1JU9GRqOhIiB3aWR0aD0iNzAwIiAKCmhlaWdodD0iNjAiIGJvcmRlcj0iMCI+CjwvZGl2LS0+CgoKPCEtLWRpdiBzdHlsZT0ibWFyZ2luLWJvdHRvbToxMHB4OyI+Cgo8aW1nIHNyYz0iaHR0cDovL2ltYWdlLnJha3V0ZW4uY28uanAvcmFrdXRlbjI0L2NhYmluZXQvY2FtcGFpZ24vcG9pbnR1cC9ob3VzZWhvbGQvYm5yX3B0NF90dWVfNzAwXzkwLmdpZiIgYWx0PSLIq8nMxrel3aWkpfOlyNfutPM0sbajoSIgCgp3aWR0aD0iNDY4IiBoZWlnaHQ9IjYwIiBib3JkZXI9IjAiPgo8L2Rpdi0tPgoKCgoKPCEtLWRpdiBzdHlsZT0ibWFyZ2luLWJvdHRvbToxMHB4OyI+Cgo8aW1nIHNyYz0iaHR0cDovL2ltYWdlLnJha3V0ZW4uY28uanAva2Vua29jb20vY2FiaW5ldC9pbWcvMjAxNl9lY2FtcGFpZ24uanBnIiBhbHQ9IsiryczGt6XdpaSl86XIMrG2o6EiIHdpZHRoPSI0NjgiIGhlaWdodD0iNjAiIAoKYm9yZGVyPSIwIj4KPC9kaXYtLT4KCjwhLS1kaXYgc3R5bGU9Im1hcmdpbi1ib3R0b206MTBweDsiPgoKPGltZyBzcmM9Imh0dHA6Ly9pbWFnZS5yYWt1dGVuLmNvLmpwL2tlbmtvY29tL2NhYmluZXQvaW1nLzIwMTZfdmNhbXBhaWduLmpwZyIgYWx0PSKl9KWjpcOlu6XryfGR9YTZwPvTm8Tupd2lpKXzpcgysbajoSIgd2lkdGg9IjQ2OCIgCgpoZWlnaHQ9IjYwIiBib3JkZXI9IjAiPgo8L2Rpdi0tPgoKCjwhLS1kaXYgc3R5bGU9Im1hcmdpbi1ib3R0b206MTBweDsiPgoKPGltZyBzcmM9Imh0dHA6Ly9pbWFnZS5yYWt1dGVuLmNvLmpwL2tlbmtvY29tL2NhYmluZXQvaW1nLzIwMTZfZXZjYW1wYWlnbi5qcGciIGFsdD0imFPM7KWkqWClsKXro6al9KWjpcOlu6XryfGR9YTZwPvTm8Tupd2lpKXzpcgzsbajoSIgCgp3aWR0aD0iNDY4IiBoZWlnaHQ9IjYwIiBib3JkZXI9IjAiPgo8L2Rpdi0tPg==,peSl3qXSpbUgpcel86W/peuluaXXpeypYCA1MG1sW1BldGlvKKXapcalo6WqKSCabqTOpbGlotPDxrddo7qlsaXzpbOpYKWzpeA=,pbGl86WzqWCls6XgpbGl86WzqWCls6Xg1qe16qWvpeqluaW/peulrKWkpbapYKXfpc2l6aXrpaalqalgpb+pYKXqpaKlw6XXpeqloqXDpdd4NaXApaaly6lgpbOl86XJqWCl4KXapeqlqKW1qWCl4qW5pbOl86XIpeylw6WvpbnI1Z+GpLHWuaThpbOls6XKpcOlxKWqpaSl66SopLSk3qSzpOHTzaW1pfOl2qXspbCl6qXOycjvTJlDpa+l6qW5pb+l66WspaSltqlgIDUwMG1sIDQ4sb6+dqTOxKfFrrjKvsal5KXepdKltSClx6Xzpb+l66W5pdel7KlgIDUwbWxbUGV0aW8opdqlxqWjpaopIJpupM6lsaWi08PGt10=,UGV0aW8opdqlxqWjpaopL8uwkmkxOTAwg9LS1MnPy83Bz59vwc+ho6Xkpd6l0qW1IKXHpfOlv6Xrpbml16XsqWAgNTBtbFtQZXRpbyil2qXGpaOlqikgmm6kzqWxpaLTw8a3XQ==[rn]
31-51693,aHR0cDovL3RzaG9wLnIxMHMuanAva2Vua29jb20vY2FiaW5ldC9lMDU3Mi9lMDU3MjgxaF9sLmpwZz9maXRpbj03MDA6NzAw,Mjk2LjAwMDA=,,pdqlw6XIP6XapcOlyKWwpcOluiA+IKXapcOlyNPDpKrK1sjrpOzTw8a3ID4gpcel86W/peulsaWi08PGtyA+IKS9pM7L+w==,pdWloaXzpb+luKlgpe+pYKXrpckgpcCl1qXrpcel86W/pdal6aW3IDKCgMjrpOpbpdWloaXzpb+luKlgpe+pYKXrpckgpcel86W/peulsaWi08PGtyil2qXDpcjTwyld,pdWloaXzpb+luKlgpe+pYKXrpckvy7CSaTE5MDCD0tLUyc/LzcHPn2/Bzw==,pdWloaXzpb+luKlgpe+pYKXrpcmhuKXVpaGl86W/pbipYKXvqWCl66XJIKXApdal66XHpfOlv6XWpemltyAygoDI66TqobmkzqXNpcOlyM2o2Jykz6WxpfOls6lgpbOl4JhTzOzK0Ij21qe16qTHo6E8YnI+PGJyPjxicj48c21hbGw+ofml0aXDpbGpYKW4pceltqWkpfO1yKTP0+i45qTKpK+J5Lj8pLWk7KTrpLOkyKSspKKk6qTepLmhozwvc21hbGw+PGJyPjxicj48dGFibGU+PHRyPjx0ZCB3aWR0aD0iMTAwJSI+PHAgY2xhc3M9InBkZXNjIj48ZGl2IGNsYXNzPSJwZGVzY3RpdGxlIj7JzMa31WjD9zwvZGl2PjxkaXYgY2xhc3M9InBkZXNjaG9uYnVuIj6huKXVpaGl86W/pbipYKXvqWCl66XJIKXApdal66XHpfOlv6XWpemltyAygoDI66Tqobmkz6Gipdqlw6XIpM6abqTLpOSktaS3pKSl1aWjpfOlrKlgpb+lpKXXpM6lx6Xzpb+l66WxpaLTw8a3KKXapcOlyNPDKaTHpLmho5puvqWkzqXepcOltalgpbiky99tpLekv827xvC4tqStoaOabqTImm6+paTyvaG/taTLpLek3qS5oaM8L2Rpdj48ZGl2IGNsYXNzPSJwZGVzY3RpdGxlIj6yxNl8PC9kaXY+PGRpdiBjbGFzcz0icGRlc2Nob25idW4iPqW9pdWlyKXppdCpYDwvZGl2PjwvcD48L3RkPjwvdHI+PC90YWJsZT48YnI+pdal6aXzpcmjuqXVpaGl86W/pbipYKXvqWCl66XJPGJyPqWxpfOls6lgpbOl4FRPUKO+pdqlw6XI08PGt6O+pdqlw6XIpbGlotPDxrejvqWqqWCl6aXrpbGloj+l2qXDpcjTw8a3o76abqTOpbGlotPDxrejvqXVpaGl86W/pbipYKXvqWCl66XJIKXApdal66XHpfOlv6XWpemltyAygoDI66TqPGJyPrBridPUqqO6pdWloaXzpb+luKlgpe+pYKXrpck8YnI+PGJyPsTayN3Bv6O6MoKAPGJyPjxicj48YnI+pbWlpKW6o7q+tjIuNyo2KGNtKTxicj5KQU6ls6lgpcmjuqGhNDk5NTcyMzAxNjAwMDxicj48YnI+PHRhYmxlIHdpZHRoPSIxMDAlIiBib3JkZXI9MCBjZWxsc3BhY2luZz0wIGNlbGxwYWRkaW5nPTU+PHRyPjx0ZD48cCBjbGFzcz0ic2VpZGVzYyI+PC9wPjwvdGQ+PHRyPjx0ZD48L3RkPjwvdHI+PC90YWJsZT48YnI+PGJyPjxicj6O2rjmzsTYn6O6pbGl86WzqWCls6Xg1urKvbvhyec8YnI+VEVMo7owNTAtNTU3Ny01MDQyPGJyPjxicj5bpdWloaXzpb+luKlgpe+pYKXrpcldPGJyPqXapcOlyKWxpaLTw8a3L6WqqWCl6aXrpbGloj+l2qXDpcjTw8a3L5pupM6lsaWi08PGtzxicj48YnI+pcal7KXTvUK96aO6CgqlyKXepciluKXlqWCluSAvIAql3qWrpcel36Wipcqlw6XEpaqlpKXrIC8gCuuKhNOl1qXspcOlyaWrpcOlv6lgIC8gCqXrpaSl3KW5pcalo6lgIC8gCqTqpPOktPWhIC8gCraot6zJzMa3IC8gCjxicj48YnI+Cgo8ZGl2IHN0eWxlPSJtYXJnaW4tYm90dG9tOjEwcHg7Ij4KCjxpbWcgc3JjPSJodHRwczovL2ltYWdlLnJha3V0ZW4uY28uanAvcmFrdXRlbjI0L2NhYmluZXQvY291cG9uL2Jucl8xMDBfNzAwXzYwLmpwZyIgYWx0PSKz9aThpMakzre9z962qDEwMIPST0ZGo6EiIHdpZHRoPSI3MDAiIGhlaWdodD0iNjAiIAoKYm9yZGVyPSIwIj4KPC9kaXY+CgoKPCEtLWRpdiBzdHlsZT0ibWFyZ2luLWJvdHRvbToxMHB4OyI+Cgo8aW1nIHNyYz0iaHR0cDovL2ltYWdlLnJha3V0ZW4uY28uanAvcmFrdXRlbjI0L2NhYmluZXQvY291cG9uL2Jucl83MDBfNjBfNC5qcGciIGFsdD0iNCwwMDCD0tLUyc/Zj8jrpMcxMCVPRkajoSIgd2lkdGg9IjcwMCIgCgpoZWlnaHQ9IjYwIiBib3JkZXI9IjAiPgo8L2Rpdi0tPgoKCjxkaXYgc3R5bGU9Im1hcmdpbi1ib3R0b206MTBweDsiPgoKPGltZyBzcmM9Imh0dHA6Ly9pbWFnZS5yYWt1dGVuLmNvLmpwL2tlbmtvY29tL2NhYmluZXQvYm5yXzcwMF82MF81MDAwLmpwZyIgYWx0PSI1LDAwMIPS0tTJz9mPyOukxzEwJU9GRqOhIiB3aWR0aD0iNzAwIiBoZWlnaHQ9IjYwIiAKCmJvcmRlcj0iMCI+CjwvZGl2PgoKCjwhLS1kaXYgc3R5bGU9Im1hcmdpbi1ib3R0b206MTBweDsiPgoKPGltZyBzcmM9Imh0dHA6Ly9pbWFnZS5yYWt1dGVuLmNvLmpwL2tlbmtvY29tL2NhYmluZXQvYm5yXzcwMF82MF8xMi5qcGciIGFsdD0iMTAsMDAwg9LS1MnP2Y/I66THMTIlT0ZGo6EiIHdpZHRoPSI3MDAiIGhlaWdodD0iNjAiIAoKYm9yZGVyPSIwIj4KPC9kaXYtLT4KCgoKCjwhLS1kaXYgc3R5bGU9Im1hcmdpbi1ib3R0b206MTBweDsiPgoKPGltZyBzcmM9Imh0dHA6Ly9pbWFnZS5yYWt1dGVuLmNvLmpwL3Jha3V0ZW4yNC9jYWJpbmV0L2NhbXBhaWduL2FzdXJha3UvYm5yXzcwMF82MC5qcGciIGFsdD0ipKKkuZhTyczGt6XdpaSl86XIM7G2o6EiIHdpZHRoPSI3MDAiIAoKaGVpZ2h0PSI2MCIgYm9yZGVyPSIwIj4KPC9kaXYtLT4KCjxkaXYgc3R5bGU9Im1hcmdpbi1ib3R0b206MTBweDsiPgoKPGltZyBzcmM9Imh0dHBzOi8vaW1hZ2UucmFrdXRlbi5jby5qcC9yYWt1dGVuMjQvY2FiaW5ldC9zcGVjaWFsLzIwMTZfZWNhbXBhaWduLmpwZyIgYWx0PSKlpKlgpbCl66W5oaGl9KWjpcOlu6XrhNmkw6S/pOlQMrG2IiAgCgp3aWR0aD0iNDY4IiBoZWlnaHQ9IjYwIiBib3JkZXI9IjAiPgo8L2Rpdj4KCjwhLS1kaXYgc3R5bGU9Im1hcmdpbi1ib3R0b206MTBweDsiPgo8dGFibGU+Cjx0ZD4KPGltZyBzcmM9Imh0dHA6Ly9pbWFnZS5yYWt1dGVuLmNvLmpwL2tlbmtvY29tL2NhYmluZXQvc3BlY2lhbC94NTIwMTYxaC5qcGciIGFsdD0ipdWl66WwpekiIHdpZHRoPSIxODAiIGhlaWdodD0iMTgwIiBib3JkZXI9IjAiPjwvdGQ+Cgo8dGQ+CjxpbWcgc3JjPSJodHRwOi8vaW1hZ2UucmFrdXRlbi5jby5qcC9rZW5rb2NvbS9jYWJpbmV0L3NwZWNpYWwvZTExNDY3N2guanBnIiBhbHQ9IqWvpeqluaW/peulrKWkpbapYCIgd2lkdGg9IjE4MCIgaGVpZ2h0PSIxODAiIAoKYm9yZGVyPSIwIj48L3RkPgoKPHRkPgo8aW1nIHNyYz0iaHR0cDovL2ltYWdlLnJha3V0ZW4uY28uanAva2Vua29jb20vY2FiaW5ldC9zcGVjaWFsL2UxMTA4NTNoLmpwZyIgYWx0PSKlz6XtqWAgpcalo6XDpbel5SIgd2lkdGg9IjE4MCIgaGVpZ2h0PSIxODAiIAoKYm9yZGVyPSIwIj48L3RkPgoKPHRkPgo8aW1nIHNyYz0iaHR0cDovL2ltYWdlLnJha3V0ZW4uY28uanAva2Vua29jb20vY2FiaW5ldC9zcGVjaWFsL2UzNzIwODJoLmpwZyIgYWx0PSKloqW/pcOlr05FTyIgd2lkdGg9IjE4MCIgaGVpZ2h0PSIxODAiIAoKYm9yZGVyPSIwIj48L3RkPgoKPC90YWJsZT4KPC9kaXYtLT4KCgoKCgoKPCEtLWRpdiBzdHlsZT0ibWFyZ2luLWJvdHRvbToxMHB4OyI+Cgo8aW1nIHNyYz0iaHR0cDovL2ltYWdlLnJha3V0ZW4uY28uanAvcmFrdXRlbjI0L2NhYmluZXQvY291cG9uL2Jucl83MDBfNjBfMTAwMDAuanBnIiBhbHQ9IjEwLDAwMIPS0tTJz9mPyOukxzE1JU9GRqOhIiB3aWR0aD0iNzAwIiAKCmhlaWdodD0iNjAiIGJvcmRlcj0iMCI+CjwvZGl2LS0+CgoKPCEtLWRpdiBzdHlsZT0ibWFyZ2luLWJvdHRvbToxMHB4OyI+Cgo8aW1nIHNyYz0iaHR0cDovL2ltYWdlLnJha3V0ZW4uY28uanAvcmFrdXRlbjI0L2NhYmluZXQvY2FtcGFpZ24vcG9pbnR1cC9ob3VzZWhvbGQvYm5yX3B0NF90dWVfNzAwXzkwLmdpZiIgYWx0PSLIq8nMxrel3aWkpfOlyNfutPM0sbajoSIgCgp3aWR0aD0iNDY4IiBoZWlnaHQ9IjYwIiBib3JkZXI9IjAiPgo8L2Rpdi0tPgoKCgoKPCEtLWRpdiBzdHlsZT0ibWFyZ2luLWJvdHRvbToxMHB4OyI+Cgo8aW1nIHNyYz0iaHR0cDovL2ltYWdlLnJha3V0ZW4uY28uanAva2Vua29jb20vY2FiaW5ldC9pbWcvMjAxNl9lY2FtcGFpZ24uanBnIiBhbHQ9IsiryczGt6XdpaSl86XIMrG2o6EiIHdpZHRoPSI0NjgiIGhlaWdodD0iNjAiIAoKYm9yZGVyPSIwIj4KPC9kaXYtLT4KCjwhLS1kaXYgc3R5bGU9Im1hcmdpbi1ib3R0b206MTBweDsiPgoKPGltZyBzcmM9Imh0dHA6Ly9pbWFnZS5yYWt1dGVuLmNvLmpwL2tlbmtvY29tL2NhYmluZXQvaW1nLzIwMTZfdmNhbXBhaWduLmpwZyIgYWx0PSKl9KWjpcOlu6XryfGR9YTZwPvTm8Tupd2lpKXzpcgysbajoSIgd2lkdGg9IjQ2OCIgCgpoZWlnaHQ9IjYwIiBib3JkZXI9IjAiPgo8L2Rpdi0tPgoKCjwhLS1kaXYgc3R5bGU9Im1hcmdpbi1ib3R0b206MTBweDsiPgoKPGltZyBzcmM9Imh0dHA6Ly9pbWFnZS5yYWt1dGVuLmNvLmpwL2tlbmtvY29tL2NhYmluZXQvaW1nLzIwMTZfZXZjYW1wYWlnbi5qcGciIGFsdD0imFPM7KWkqWClsKXro6al9KWjpcOlu6XryfGR9YTZwPvTm8Tupd2lpKXzpcgzsbajoSIgCgp3aWR0aD0iNDY4IiBoZWlnaHQ9IjYwIiBib3JkZXI9IjAiPgo8L2Rpdi0tPg==,pdWloaXzpb+luKlgpe+pYKXrpckgpcCl1qXrpcel86W/pdal6aW3IDKCgMjrpOpbpdWloaXzpb+luKlgpe+pYKXrpckgpcel86W/peulsaWi08PGtyil2qXDpcjTwyldo7qlsaXzpbOpYKWzpeA=,pbGl86WzqWCls6XgpbGl86WzqWCls6Xg1qe16qWvpeqluaW/peulrKWkpbapYKXfpc2l6aXrpaalqalgpb+pYKXqpaKlw6XXpeqloqXDpdd4NaXApaaly6lgpbOl86XJqWCl4KXapeqlqKW1qWCl4qW5pbOl86XIpeylw6WvpbnI1Z+GpLHWuaThpbOls6XKpcOlxKWqpaSl66SopLSk3qSzpOHTzaW1pfOl2qXspbCl6qXOycjvTJlDpa+l6qW5pb+l66WspaSltqlgIDUwMG1sIDQ4sb6+dqTOxKfFrrjKvsal1aWhpfOlv6W4qWCl76lgpeulySClwKXWpeulx6Xzpb+l1qXppbcgMoKAyOuk6lul1aWhpfOlv6W4qWCl76lgpeulySClx6Xzpb+l66WxpaLTw8a3KKXapcOlyNPDKV0=,pdWloaXzpb+luKlgpe+pYKXrpckvy7CSaTE5MDCD0tLUyc/LzcHPn2/Bz6GjpdWloaXzpb+luKlgpe+pYKXrpckgpcCl1qXrpcel86W/pdal6aW3IDKCgMjrpOpbpdWloaXzpb+luKlgpe+pYKXrpckgpcel86W/peulsaWi08PGtyil2qXDpcjTwyld[rn]
31-51694,aHR0cDovL3RzaG9wLnIxMHMuanAva2Vua29jb20vY2FiaW5ldC9lMDgzMS9lMDgzMTg5aF9sLmpwZz9maXRpbj03MDA6NzAw,NDc5LjIwMDA=,,pdqlw6XIP6XapcOlyKWwpcOluiA+IKXapcOlyNPDpKrK1sjrpOzTw8a3ID4gpcel86W/peulsaWi08PGtyA+IKS9pM7L+w==,w6i/2qWxpaIgpcalo6lgpbmlr6XqqWClyqlgW8Oov9qlsaWiIKXHpfOlv6XrpbGlotPDxrcopdqlw6XI08MpXQ==,w6i/2qWxpaIvy7CSaTE5MDCD0tLUyc/LzcHPn2/Bzw==,PGJyPjxkaXYgY2xhc3M9InJldmlld0JuciI+PGRpdj48Zm9udCBzaXplID0gMz48c3BhbiBzdHlsZT0ibGluZS1oZWlnaHQ6MTMwJSI+pLOkwaTppM7JzMa3PC9zcGFuPtK7t6yBXKTqpa2l46XzpdqpYKXzjJ3P88nMxrejoaOhPGJyPjxzcGFuIHN0eWxlPSJsaW5lLWhlaWdodDoxMzAlIj6ks6TOyczGt6TOPHNwYW4+yczGt6XspdOl5algpPI8c3Ryb25nPjG3rKTLPC9zdHJvbmc+zba45aS3pMbtlKSkpL+3vTwvc3Bhbj6kyzwvc3Bhbj48YnI+IDxzdHJvbmc+MzAwg9JPRkalr6lgpd2l8zwvc3Ryb25nPqTypdel7KW8pfOlyKOhPGJyPjwvZGl2PjwvZGl2PqH5P6XspdOl5algzba45ZVypMult6XnpcOl16TY16LOxLesusWk8taqpOmku6TroaOkzqXBpaelw6WvpPLI66TspMakr6TApLWkpKGjPGJyPj/h4cjVpeGpYKXrpMukxqWvqWCl3aXzVVJMpPKkqsvNpOqkt6TepLmhozxhIGhyZWY9Imh0dHA6Ly93d3cucmFrdXRlbi5uZS5qcC9nb2xkL2tlbmtvY29tL2ZlYXR1cmVsaW5rL3Jldmlldy9pbmRleC5odG1sIj6h9qH11JSkt6SvpM+ks6TBpOmh9aH2PC9hPjxicj4/y/ukzre9pKzPyKTLzba45aS3pL+I9rrPpM+lr6lgpd2l899Ns8qkzoydz/PN4qTIpMqk6qTepLmkzqTHpLTXotLipK+kwKS1pKSho6XspdOl5algzba45aTPz8Kyv6TL05vdZKS3pMakpKTepLmhozxicj4/peyl06XlqWDNtrjlpKuk6be007Ok3qTHlXKy7qSspKKk66S/pOGhosnMxre7rcPmyc+kzqXspdOl5algvP7K/aTIjGfrSKTOzba45bz+yv2krK6QpMqk64j2us+krKSipOqk3qS5pM6kx9PopOGktMHLs9Ckr6TApLWkpKGjPGJyPqXepaSl86XJpaKlw6XXobjDqL/apbGloiClxqWjqWCluaWvpeqpYKXKqWChuaTOpc2lw6XIzajYnKTPpbGl86WzqWCls6XgmFPM7MrQiPbWp7XqpMejoTxicj48YnI+PGJyPjxzbWFsbD6h+aXRpcOlsalgpbilx6W2paSl87XIpM/T6LjmpMqkr4nkuPyktaTspOuks6TIpKykoqTqpN6kuaGjPC9zbWFsbD48YnI+PGJyPjx0YWJsZT48dHI+PHRkIHdpZHRoPSIxMDAlIj48cCBjbGFzcz0icGRlc2MiPjxkaXYgY2xhc3M9InBkZXNjdGl0bGUiPsnMxrfVaMP3PC9kaXY+PGRpdiBjbGFzcz0icGRlc2Nob25idW4iPqG4w6i/2qWxpaIgpcalo6lgpbmlr6XqqWClyqlgobmkz6GikNvDqKTOpbmlxqWkpfOk8rP9yKWkuaTrpcel86W/peulsaWi08PGt6THpLmho5Dbw6ikrKSkpMSk3qTHpOLX1LfWpM6abqTHpKqkpKS3pK/Ks8rCpKykx6StpOuk6KSmpMuhopqwyNWkzqXHpfOlv6XrpbGloqTLpKrS28GipMakr6TApLWkpKGjPC9kaXY+PGRpdiBjbGFzcz0icGRlc2N0aXRsZSI+yrnTw7e9t6g8L2Rpdj48ZGl2IGNsYXNzPSJwZGVzY2hvbmJ1biI+pa+l6qlgpcqpYKTPoaKBSbe9pKuk6aW7pcOlyKTHpK2k3qS5pM6kx8q508Oyv867pMu6z6S7pMa0X4xnpMuy7qS33nqk36Gi3Vikr6SzpLmk66TopKaky8q508Okt6TepLmho6WvpeqpYKXKqWCk5JpupMukxKSkpMakpKTrzdnSuqTky6631qTyysOkraTIpMOkxqSrpOmktMq508PPwqS1pKShozwvZGl2PjxkaXYgY2xhc3M9InBkZXNjdGl0bGUiPqS016LS4jwvZGl2PjxkaXYgY2xhc3M9InBkZXNjaG9uYnVuIj6h8bG+xrek8oTTzu+ky4d5pN6ku6TKpKSkx8/CpLWkpKGjPGJyPqHxw6ikzr/axNqk8oL7pMSksaTKpKSk6KSmpMuktNei0uLPwqS1pKShozxicj6h8dbch+ykzq1ovrOky5rdpPKkxKSxpMaktMq508PPwqS1pKShozxicj6h8aS0yrnTw+HhpM+horG+xrek8qTopK/PtKTDpMbLrrfWpPLKw6StyKGk6sflnY2ky7CyyKukyqTIpLOk7aTHsaO53KS3pMbPwqS1pKShozxicj6h8dPXg7mkzsrWpM697KSviPbL+aTL1sOkq6TKpKSkx8/CpLWkpKGjPGJyPqHxpa+l6qlgpcqpYKSspbulw6XIpLWk7KTrpaKlwKXXpb+pYKXbqWCl66TPoaLpTMba6WfKudPDpLmk66TIxKaywaTLpOik6r3Tus+yv6Ssvo+kr6TKpOqk3qS5oaOQ28OopM6/2se7xNqky6WvpeqpYKXKqWCkrMLkz8Kkt6TKpKSk6KSmpMuktNei0uLPwqS1pKShozwvZGl2PjxkaXYgY2xhc3M9InBkZXNjdGl0bGUiPrLE2Xw8L2Rpdj48ZGl2IGNsYXNzPSJwZGVzY2hvbmJ1biI+sfo/pdul66XAqWCjukFCU5jkxqQ8YnI+pa+l6qlgpcqpYKO6pbel6qWzpfOltKXgPC9kaXY+PGRpdiBjbGFzcz0icGRlc2N0aXRsZSI+1K2uYrn6PC9kaXY+PGRpdiBjbGFzcz0icGRlc2Nob25idW4iPsjVsb48L2Rpdj48L3A+PC90ZD48L3RyPjwvdGFibGU+PGJyPqXWpeml86XJo7rDqL/apbGlojxicj6lsaXzpbOpYKWzpeBUT1CjvqXapcOlyNPDxrejvsOo08PGtyilsKXDpbopo77DqNPDpcelpKXqqWClsKXDpbqjvqXHpfOlv6XrpbGlotPDxrcow6jTwymjvsOov9qlsaWiIKXGpaOpYKW5pa+l6qlgpcqpYDxicj7RddTs1KqjuqXepaSl86XJpaKlw6XXPGJyPtStrmK5+iDI1bG+PGJyPjxicj48YnI+PGJyPqW1paSluqO6t/kxOTAqsMLQ0DIwKrjfpLUzNShtbSkgPGJyPkpBTqWzqWClyaO6oaE0OTQ3NjUxOTUzMDAxPGJyPjxicj48dGFibGUgd2lkdGg9IjEwMCUiIGJvcmRlcj0wIGNlbGxzcGFjaW5nPTAgY2VsbHBhZGRpbmc9NT48dHI+PHRkPjxwIGNsYXNzPSJzZWlkZXNjIj48L3A+PC90ZD48dHI+PHRkPjwvdGQ+PC90cj48L3RhYmxlPjxicj48YnI+PGJyPo7auObOxNifo7qlsaXzpbOpYKWzpeDW6sq9u+HJ5zxicj5URUyjujA1MC01NTc3LTUwNDI8YnI+PGJyPlvDqL/apbGlol08YnI+w6jTw8a3KKWwpcOluikvw6jTw6XHpaSl6qlgpbClw6W6L6XHpfOlv6XrpbGlotPDxrcow6jTwyk8YnI+PGJyPqXGpeyl071CvemjugoKpcil3qXIpbil5algpbkgLyAKpd6lq6XHpd+loqXKpcOlxKWqpaSl6yAvIArrioTTpdal7KXDpcmlq6XDpb+pYCAvIAql66WkpdyluaXGpaOpYCAvIAqk6qTzpLT1oSAvIAq2qLesyczGtyAvIAo8YnI+PGJyPgoKPGRpdiBzdHlsZT0ibWFyZ2luLWJvdHRvbToxMHB4OyI+Cgo8aW1nIHNyYz0iaHR0cHM6Ly9pbWFnZS5yYWt1dGVuLmNvLmpwL3Jha3V0ZW4yNC9jYWJpbmV0L2NvdXBvbi9ibnJfMTAwXzcwMF82MC5qcGciIGFsdD0is/Wk4aTGpM63vc/etqgxMDCD0k9GRqOhIiB3aWR0aD0iNzAwIiBoZWlnaHQ9IjYwIiAKCmJvcmRlcj0iMCI+CjwvZGl2PgoKCjwhLS1kaXYgc3R5bGU9Im1hcmdpbi1ib3R0b206MTBweDsiPgoKPGltZyBzcmM9Imh0dHA6Ly9pbWFnZS5yYWt1dGVuLmNvLmpwL3Jha3V0ZW4yNC9jYWJpbmV0L2NvdXBvbi9ibnJfNzAwXzYwXzQuanBnIiBhbHQ9IjQsMDAwg9LS1MnP2Y/I66THMTAlT0ZGo6EiIHdpZHRoPSI3MDAiIAoKaGVpZ2h0PSI2MCIgYm9yZGVyPSIwIj4KPC9kaXYtLT4KCgo8ZGl2IHN0eWxlPSJtYXJnaW4tYm90dG9tOjEwcHg7Ij4KCjxpbWcgc3JjPSJodHRwOi8vaW1hZ2UucmFrdXRlbi5jby5qcC9rZW5rb2NvbS9jYWJpbmV0L2Jucl83MDBfNjBfNTAwMC5qcGciIGFsdD0iNSwwMDCD0tLUyc/Zj8jrpMcxMCVPRkajoSIgd2lkdGg9IjcwMCIgaGVpZ2h0PSI2MCIgCgpib3JkZXI9IjAiPgo8L2Rpdj4KCgo8IS0tZGl2IHN0eWxlPSJtYXJnaW4tYm90dG9tOjEwcHg7Ij4KCjxpbWcgc3JjPSJodHRwOi8vaW1hZ2UucmFrdXRlbi5jby5qcC9rZW5rb2NvbS9jYWJpbmV0L2Jucl83MDBfNjBfMTIuanBnIiBhbHQ9IjEwLDAwMIPS0tTJz9mPyOukxzEyJU9GRqOhIiB3aWR0aD0iNzAwIiBoZWlnaHQ9IjYwIiAKCmJvcmRlcj0iMCI+CjwvZGl2LS0+CgoKCgo8IS0tZGl2IHN0eWxlPSJtYXJnaW4tYm90dG9tOjEwcHg7Ij4KCjxpbWcgc3JjPSJodHRwOi8vaW1hZ2UucmFrdXRlbi5jby5qcC9yYWt1dGVuMjQvY2FiaW5ldC9jYW1wYWlnbi9hc3VyYWt1L2Jucl83MDBfNjAuanBnIiBhbHQ9IqSipLmYU8nMxrel3aWkpfOlyDOxtqOhIiB3aWR0aD0iNzAwIiAKCmhlaWdodD0iNjAiIGJvcmRlcj0iMCI+CjwvZGl2LS0+Cgo8ZGl2IHN0eWxlPSJtYXJnaW4tYm90dG9tOjEwcHg7Ij4KCjxpbWcgc3JjPSJodHRwczovL2ltYWdlLnJha3V0ZW4uY28uanAvcmFrdXRlbjI0L2NhYmluZXQvc3BlY2lhbC8yMDE2X2VjYW1wYWlnbi5qcGciIGFsdD0ipaSpYKWwpeuluaGhpfSlo6XDpbul64TZpMOkv6TpUDKxtiIgIAoKd2lkdGg9IjQ2OCIgaGVpZ2h0PSI2MCIgYm9yZGVyPSIwIj4KPC9kaXY+Cgo8IS0tZGl2IHN0eWxlPSJtYXJnaW4tYm90dG9tOjEwcHg7Ij4KPHRhYmxlPgo8dGQ+CjxpbWcgc3JjPSJodHRwOi8vaW1hZ2UucmFrdXRlbi5jby5qcC9rZW5rb2NvbS9jYWJpbmV0L3NwZWNpYWwveDUyMDE2MWguanBnIiBhbHQ9IqXVpeulsKXpIiB3aWR0aD0iMTgwIiBoZWlnaHQ9IjE4MCIgYm9yZGVyPSIwIj48L3RkPgoKPHRkPgo8aW1nIHNyYz0iaHR0cDovL2ltYWdlLnJha3V0ZW4uY28uanAva2Vua29jb20vY2FiaW5ldC9zcGVjaWFsL2UxMTQ2NzdoLmpwZyIgYWx0PSKlr6Xqpbmlv6XrpaylpKW2qWAiIHdpZHRoPSIxODAiIGhlaWdodD0iMTgwIiAKCmJvcmRlcj0iMCI+PC90ZD4KCjx0ZD4KPGltZyBzcmM9Imh0dHA6Ly9pbWFnZS5yYWt1dGVuLmNvLmpwL2tlbmtvY29tL2NhYmluZXQvc3BlY2lhbC9lMTEwODUzaC5qcGciIGFsdD0ipc+l7algIKXGpaOlw6W3peUiIHdpZHRoPSIxODAiIGhlaWdodD0iMTgwIiAKCmJvcmRlcj0iMCI+PC90ZD4KCjx0ZD4KPGltZyBzcmM9Imh0dHA6Ly9pbWFnZS5yYWt1dGVuLmNvLmpwL2tlbmtvY29tL2NhYmluZXQvc3BlY2lhbC9lMzcyMDgyaC5qcGciIGFsdD0ipaKlv6XDpa9ORU8iIHdpZHRoPSIxODAiIGhlaWdodD0iMTgwIiAKCmJvcmRlcj0iMCI+PC90ZD4KCjwvdGFibGU+CjwvZGl2LS0+CgoKCgoKCjwhLS1kaXYgc3R5bGU9Im1hcmdpbi1ib3R0b206MTBweDsiPgoKPGltZyBzcmM9Imh0dHA6Ly9pbWFnZS5yYWt1dGVuLmNvLmpwL3Jha3V0ZW4yNC9jYWJpbmV0L2NvdXBvbi9ibnJfNzAwXzYwXzEwMDAwLmpwZyIgYWx0PSIxMCwwMDCD0tLUyc/Zj8jrpMcxNSVPRkajoSIgd2lkdGg9IjcwMCIgCgpoZWlnaHQ9IjYwIiBib3JkZXI9IjAiPgo8L2Rpdi0tPgoKCjwhLS1kaXYgc3R5bGU9Im1hcmdpbi1ib3R0b206MTBweDsiPgoKPGltZyBzcmM9Imh0dHA6Ly9pbWFnZS5yYWt1dGVuLmNvLmpwL3Jha3V0ZW4yNC9jYWJpbmV0L2NhbXBhaWduL3BvaW50dXAvaG91c2Vob2xkL2Jucl9wdDRfdHVlXzcwMF85MC5naWYiIGFsdD0iyKvJzMa3pd2lpKXzpcjX7rTzNLG2o6EiIAoKd2lkdGg9IjQ2OCIgaGVpZ2h0PSI2MCIgYm9yZGVyPSIwIj4KPC9kaXYtLT4KCgoKCjwhLS1kaXYgc3R5bGU9Im1hcmdpbi1ib3R0b206MTBweDsiPgoKPGltZyBzcmM9Imh0dHA6Ly9pbWFnZS5yYWt1dGVuLmNvLmpwL2tlbmtvY29tL2NhYmluZXQvaW1nLzIwMTZfZWNhbXBhaWduLmpwZyIgYWx0PSLIq8nMxrel3aWkpfOlyDKxtqOhIiB3aWR0aD0iNDY4IiBoZWlnaHQ9IjYwIiAKCmJvcmRlcj0iMCI+CjwvZGl2LS0+Cgo8IS0tZGl2IHN0eWxlPSJtYXJnaW4tYm90dG9tOjEwcHg7Ij4KCjxpbWcgc3JjPSJodHRwOi8vaW1hZ2UucmFrdXRlbi5jby5qcC9rZW5rb2NvbS9jYWJpbmV0L2ltZy8yMDE2X3ZjYW1wYWlnbi5qcGciIGFsdD0ipfSlo6XDpbul68nxkfWE2cD705vE7qXdpaSl86XIMrG2o6EiIHdpZHRoPSI0NjgiIAoKaGVpZ2h0PSI2MCIgYm9yZGVyPSIwIj4KPC9kaXYtLT4KCgo8IS0tZGl2IHN0eWxlPSJtYXJnaW4tYm90dG9tOjEwcHg7Ij4KCjxpbWcgc3JjPSJodHRwOi8vaW1hZ2UucmFrdXRlbi5jby5qcC9rZW5rb2NvbS9jYWJpbmV0L2ltZy8yMDE2X2V2Y2FtcGFpZ24uanBnIiBhbHQ9IphTzOylpKlgpbCl66OmpfSlo6XDpbul68nxkfWE2cD705vE7qXdpaSl86XIM7G2o6EiIAoKd2lkdGg9IjQ2OCIgaGVpZ2h0PSI2MCIgYm9yZGVyPSIwIj4KPC9kaXYtLT4=,w6i/2qWxpaIgpcalo6lgpbmlr6XqqWClyqlgW8Oov9qlsaWiIKXHpfOlv6XrpbGlotPDxrcopdqlw6XI08MpXaO6pbGl86WzqWCls6Xg,pbGl86WzqWCls6XgpbGl86WzqWCls6Xg1qe16qWvpeqluaW/peulrKWkpbapYKXfpc2l6aXrpaalqalgpb+pYKXqpaKlw6XXpeqloqXDpdd4NaXApaaly6lgpbOl86XJqWCl4KXapeqlqKW1qWCl4qW5pbOl86XIpeylw6WvpbnI1Z+GpLHWuaThpbOls6XKpcOlxKWqpaSl66SopLSk3qSzpOHTzaW1pfOl2qXspbCl6qXOycjvTJlDpa+l6qW5pb+l66WspaSltqlgIDUwMG1sIDQ4sb6+dqTOxKfFrrjKvsbDqL/apbGloiClxqWjqWCluaWvpeqpYKXKqWBbw6i/2qWxpaIgpcel86W/peulsaWi08PGtyil2qXDpcjTwyld,w6i/2qWxpaIvy7CSaTE5MDCD0tLUyc/LzcHPn2/Bz6Gjw6i/2qWxpaIgpcalo6lgpbmlr6XqqWClyqlgW8Oov9qlsaWiIKXHpfOlv6XrpbGlotPDxrcopdqlw6XI08MpXQ==[rn]
31-51695,aHR0cDovL3RzaG9wLnIxMHMuanAva2Vua29jb20vY2FiaW5ldC9lMjA5OC9lMjA5ODIxaF9sLmpwZz9maXRpbj03MDA6NzAw,Mjk0LjQwMDA=,,pdqlw6XIP6XapcOlyKWwpcOluiA+IKXapcOlyNPDpKrK1sjrpOzTw8a3ID4gpcel86W/peulsaWi08PGtyA+IKS9pM7L+w==,pbSl88yrpM6absSlpK2Mn9PDpayl4CCl1aWhpaSl0KlgIKWipdGlv6Wkpcilq6XrpbelpqXgyOuk6iBTpbWlpKW6IDEwsb5bpbSl88yrIKXHpfOlv6XrpbGlotPDxrcopdqlw6XI08MpXQ==,pbSl88yrL8uwkmkxOTAwg9LS1MnPy83Bz59vwc8=,pd6l66WrpfMgpbWl86XppaSlusrCmEmyv6G4pbSl88yrpM6absSlpK2Mn9PDpayl4CCl1aWhpaSl0KlgIKWipdGlv6Wkpcilq6XrpbelpqXgyOuk6iBTpbWlpKW6IDEwsb6huaTOpc2lw6XIzajYnKTPpbGl86WzqWCls6XgmFPM7MrQiPbWp7XqpMejoTxicj48YnI+PGJyPjxzbWFsbD6h+aXRpcOlsalgpbilx6W2paSl87XIpM/T6LjmpMqkr4nkuPyktaTspOuks6TIpKykoqTqpN6kuaGjPC9zbWFsbD48YnI+PGJyPjx0YWJsZT48dHI+PHRkIHdpZHRoPSIxMDAlIj48cCBjbGFzcz0icGRlc2MiPjxkaXYgY2xhc3M9InBkZXNjdGl0bGUiPsnMxrfVaMP3PC9kaXY+PGRpdiBjbGFzcz0icGRlc2Nob25idW4iPqG4pbSl88yrpM6absSlpK2Mn9PDpayl4CCl1aWhpaSl0KlgIKWipdGlv6Wkpcilq6XrpbelpqXgyOuk6iBTpbWlpKW6IDEwsb6huaTPoaK/jb5T17SkzpiL1Oyky6TopOqabsSlpK2Ev7n7pKy1w6TppOyk66XHpfOlv6XrpbGlotPDxrcopdqlw6XI08MppMekuaGjh3mk4KSzpMikx5pupKyl1qXppcOlt6XzpbCktaTsoaKEv8LKpOikr5puubik8rP9yKWkx6StpN6kuaGjpN6kv6GipaKl0aW/paSlyKWrpeult6WmpeCkrJpupM69ob+1vlOz1qTypbWl3algpcikt6TepLmhozwvZGl2PjxkaXYgY2xhc3M9InBkZXNjdGl0bGUiPtPrpKi3vTwvZGl2PjxkaXYgY2xhc3M9InBkZXNjaG9uYnVuIj7PwtObpM6x7aTyss6/vKTLoaKkqqTkpMSkyKS3pMakqtPrpKikr6TApLWkpKGjPHRhYmxlIGJvcmRlcj0iMSI+PHRyPjx0ZD4mbmJzcDs8L3RkPjx0ZD6zyciuzOXW2DwvdGQ+PHRkPtK7yNWkzr1v0+vBv6TOxL+wsjwvdGQ+PC90cj48dHI+PHRkPrOs0KHQzciuPC90ZD48dGQ+MS01a2c8L3RkPjx0ZD4xLTOxvjwvdGQ+PC90cj48dHI+PHRkPtCh0M3IrjwvdGQ+PHRkPjUtMTBrZzwvdGQ+PHRkPjMtNrG+PC90ZD48L3RyPjx0cj48dGQ+1tDQzciuPC90ZD48dGQ+MTAtMjBrZzwvdGQ+PHRkPjYtMTCxvjwvdGQ+PC90cj48L3RhYmxlPjxicj6h8bHtw+akrLDXpK+kyqTDpMakpKTriPa6z6SspKKk6qTepLmkrKGipLOk7KTP0XXGt6TLuqyk3qTspOuzybfWpMfGt9l8pMukz4aW7n2koqTqpN6ku6TzoaM8YnI+ofGQ28iupM7Ks6TZt72k5MGV0NSky6TopMOkxqTPoaKkzqTJpMvUkaTepOmku6TrpLOkyKTiv7ykqKTppOyk3qS5oaOx2KS601Gy7KS3pMqkrKTppKrT66SopK+kwKS1pKShozxicj6h8dPXyK6kqqTopNOabqTOyPWkw6S/uN/9aMiupMukz9PrpKikyqSkpMekr6TApLWkpKGjPGJyPqHx19TIu6TOy9iyxKTHpLmkzqTHoaK24MnZyaukzq6QpMqk64j2us+krKSipOqk3qS5pKyhosa32Xyky6TPhpbufaSspLSktqSkpN6ku6TzpM6kx6GisLLQxKS3pMakqtPrpKikr6TApLWkpKGjPGJyPqHxpN6k7KTLzOXVe6TkzOXZfKTLus+k76TKpKSI9rrPpOKkoqTqpN6kuaGjus6k6aSrpM6ukLOjpMua3bi2pKuk7KS/pMikraTP0+ukqKTrpM6k8qTkpOGhotTnpOGky6qV0r2On6TLz+DVhKS5pOuks6TIpPKkqqS5pLmk4aSkpL+kt6TepLmhozwvZGl2PjxkaXYgY2xhc3M9InBkZXNjdGl0bGUiPqS016LS4jwvZGl2PjxkaXYgY2xhc3M9InBkZXNjaG9uYnVuIj6h8bG+yczGt6TPyK7Tw6THpLmhozxicj6h8dfTuamkrNVgyrOkt6TKpKSk6KSmpMuhotfTuamkzsrWpM697KSrpMqkpKTIpLOk7aTLsaO53KS3pMakr6TApLWkpKGjPGJyPqHx19O5qaSspdqlw6XIpMvT66SopOukyKStpM+horCyyKukzqS/pOG088jLpKyxT9KVpLekxqSvpMCktaSkoaM8YnI+ofG9b9Prwb+kzsS/sLKk8qSqytik6qSvpMCktaSkoaM8L2Rpdj48ZGl2IGNsYXNzPSJwZGVzY3RpdGxlIj6xo7Tmt723qDwvZGl2PjxkaXYgY2xhc3M9InBkZXNjaG9uYnVuIj6h8daxyeTI1bnipPKktaSxoaKb9qS3pKSI9sv5pMexo7TmpLehoulft+Lh4aTPwOTKaY7spMukxtTnpOGky8q5pKTH0KTDpMakr6TApLWkpKGjPGJyPqHx6V+34uHh0qrA5MppPC9kaXY+PGRpdiBjbGFzcz0icGRlc2N0aXRsZSI+1K2uYrn6PC9kaXY+PGRpdiBjbGFzcz0icGRlc2Nob25idW4iPsjVsb48L2Rpdj48ZGl2IGNsYXNzPSJwZGVzY3RpdGxlIj6kqoaWpKS6z6TvpLvPyDwvZGl2PjxkaXYgY2xhc3M9InBkZXNjaG9uYnVuIj6h9qSqv82YlM/g1YTK0jxicj6l1aXqqWClwKWkpeSl66O6MDEyMC02NC03MTgxPGJyPsrcuLaVculno7rNwT/I1T/Xo8jVpPKz/aSv1MItvfDq18jVoaJBTTmjujAwLTEyo7owMC9QTTGjujAwLTSjujAwPC9kaXY+PC9wPjwvdGQ+PC90cj48L3RhYmxlPjxicj6l1qXppfOlyaO6pbSl88yrPGJyPqWxpfOls6lgpbOl4FRPUKO+pdqlw6XI08PGt6O+pdqlw6XIpbGlotPDxrejvqWqqWCl6aXrpbGloj+l2qXDpcjTw8a3o76abqTOpbGlotPDxrejvqW0pfPMq6TOmm7EpaStjJ/Tw6WspeAgpdWloaWkpdCpYCCloqXRpb+lpKXIpaul66W3paal4MjrpOogU6W1paSluiAxMLG+PGJyPticidPUqqO6pd6l66WrpfMgpbWl86XppaSlusrCmEmyvzxicj7Ura5iufogyNWxvjxicj7E2sjdwb+jujEwsb48YnI+PGJyPqW1paSluqO6U6W1paSlujxicj48YnI+SkFOpbOpYKXJo7qhoTQ5NzMzMjE5MjQ2MDY8YnI+PGJyPjx0YWJsZSB3aWR0aD0iMTAwJSIgYm9yZGVyPTAgY2VsbHNwYWNpbmc9MCBjZWxscGFkZGluZz01Pjx0cj48dGQ+PHAgY2xhc3M9InNlaWRlc2MiPjwvcD48L3RkPjx0cj48dGQ+PEI+1K2yxMHPPC9CPjxCUj7I4u6QKKXTqWCl1Sils6XpqWClsqXzuqyk4Cm1yCmhosjp7pChora57pChoqXfpc2l6aXr7pAon4azyaWrpeult6WmpeApoaKJiNWzsLK2qISIKLzTuaSlx6Xzpdel86GipbCl6qW7peql8ymhorjKzrbBzyiluaWvpeml7algpbkpoaLVe862wc+hotfFyavBzyi2/svhu6+lwaW/pfMpPEJSPjxCPrPJt9Y8L0I+PEJSPqS/pPOw19l8IDIzLjAl0tTJz6Gi1qzZfCAwLjEl0tTJz6Giv42+U9l8IDUuMCXS1M/CoaK70rfWIDcuMCXS1M/CoaLLrrfWIDI1LjAl0tTPwqGipailzaXrpa6pYCAoMTAwZ6SipL+k6im8czI3NWtjYWw8L3RkPjwvdHI+PC90YWJsZT48YnI+PGJyPjxicj6O2rjmzsTYn6O6pbGl86WzqWCls6Xg1urKvbvhyec8YnI+VEVMo7owNTAtNTU3Ny01MDQyPGJyPjxicj5bpbSl88yrXTxicj6l2qXDpcilsaWi08PGty+lqqlgpeml66WxpaI/pdqlw6XI08PGty+abqTOpbGlotPDxrc8YnI+PGJyPqXGpeyl071CvemjugoKpcil3qXIpbil5algpbkgLyAKpd6lq6XHpd+loqXKpcOlxKWqpaSl6yAvIArrioTTpdal7KXDpcmlq6XDpb+pYCAvIAql66WkpdyluaXGpaOpYCAvIAqk6qTzpLT1oSAvIAq2qLesyczGtyAvIAo8YnI+PGJyPgoKPGRpdiBzdHlsZT0ibWFyZ2luLWJvdHRvbToxMHB4OyI+Cgo8aW1nIHNyYz0iaHR0cHM6Ly9pbWFnZS5yYWt1dGVuLmNvLmpwL3Jha3V0ZW4yNC9jYWJpbmV0L2NvdXBvbi9ibnJfMTAwXzcwMF82MC5qcGciIGFsdD0is/Wk4aTGpM63vc/etqgxMDCD0k9GRqOhIiB3aWR0aD0iNzAwIiBoZWlnaHQ9IjYwIiAKCmJvcmRlcj0iMCI+CjwvZGl2PgoKCjwhLS1kaXYgc3R5bGU9Im1hcmdpbi1ib3R0b206MTBweDsiPgoKPGltZyBzcmM9Imh0dHA6Ly9pbWFnZS5yYWt1dGVuLmNvLmpwL3Jha3V0ZW4yNC9jYWJpbmV0L2NvdXBvbi9ibnJfNzAwXzYwXzQuanBnIiBhbHQ9IjQsMDAwg9LS1MnP2Y/I66THMTAlT0ZGo6EiIHdpZHRoPSI3MDAiIAoKaGVpZ2h0PSI2MCIgYm9yZGVyPSIwIj4KPC9kaXYtLT4KCgo8ZGl2IHN0eWxlPSJtYXJnaW4tYm90dG9tOjEwcHg7Ij4KCjxpbWcgc3JjPSJodHRwOi8vaW1hZ2UucmFrdXRlbi5jby5qcC9rZW5rb2NvbS9jYWJpbmV0L2Jucl83MDBfNjBfNTAwMC5qcGciIGFsdD0iNSwwMDCD0tLUyc/Zj8jrpMcxMCVPRkajoSIgd2lkdGg9IjcwMCIgaGVpZ2h0PSI2MCIgCgpib3JkZXI9IjAiPgo8L2Rpdj4KCgo8IS0tZGl2IHN0eWxlPSJtYXJnaW4tYm90dG9tOjEwcHg7Ij4KCjxpbWcgc3JjPSJodHRwOi8vaW1hZ2UucmFrdXRlbi5jby5qcC9rZW5rb2NvbS9jYWJpbmV0L2Jucl83MDBfNjBfMTIuanBnIiBhbHQ9IjEwLDAwMIPS0tTJz9mPyOukxzEyJU9GRqOhIiB3aWR0aD0iNzAwIiBoZWlnaHQ9IjYwIiAKCmJvcmRlcj0iMCI+CjwvZGl2LS0+CgoKCgo8IS0tZGl2IHN0eWxlPSJtYXJnaW4tYm90dG9tOjEwcHg7Ij4KCjxpbWcgc3JjPSJodHRwOi8vaW1hZ2UucmFrdXRlbi5jby5qcC9yYWt1dGVuMjQvY2FiaW5ldC9jYW1wYWlnbi9hc3VyYWt1L2Jucl83MDBfNjAuanBnIiBhbHQ9IqSipLmYU8nMxrel3aWkpfOlyDOxtqOhIiB3aWR0aD0iNzAwIiAKCmhlaWdodD0iNjAiIGJvcmRlcj0iMCI+CjwvZGl2LS0+Cgo8ZGl2IHN0eWxlPSJtYXJnaW4tYm90dG9tOjEwcHg7Ij4KCjxpbWcgc3JjPSJodHRwczovL2ltYWdlLnJha3V0ZW4uY28uanAvcmFrdXRlbjI0L2NhYmluZXQvc3BlY2lhbC8yMDE2X2VjYW1wYWlnbi5qcGciIGFsdD0ipaSpYKWwpeuluaGhpfSlo6XDpbul64TZpMOkv6TpUDKxtiIgIAoKd2lkdGg9IjQ2OCIgaGVpZ2h0PSI2MCIgYm9yZGVyPSIwIj4KPC9kaXY+Cgo8IS0tZGl2IHN0eWxlPSJtYXJnaW4tYm90dG9tOjEwcHg7Ij4KPHRhYmxlPgo8dGQ+CjxpbWcgc3JjPSJodHRwOi8vaW1hZ2UucmFrdXRlbi5jby5qcC9rZW5rb2NvbS9jYWJpbmV0L3NwZWNpYWwveDUyMDE2MWguanBnIiBhbHQ9IqXVpeulsKXpIiB3aWR0aD0iMTgwIiBoZWlnaHQ9IjE4MCIgYm9yZGVyPSIwIj48L3RkPgoKPHRkPgo8aW1nIHNyYz0iaHR0cDovL2ltYWdlLnJha3V0ZW4uY28uanAva2Vua29jb20vY2FiaW5ldC9zcGVjaWFsL2UxMTQ2NzdoLmpwZyIgYWx0PSKlr6Xqpbmlv6XrpaylpKW2qWAiIHdpZHRoPSIxODAiIGhlaWdodD0iMTgwIiAKCmJvcmRlcj0iMCI+PC90ZD4KCjx0ZD4KPGltZyBzcmM9Imh0dHA6Ly9pbWFnZS5yYWt1dGVuLmNvLmpwL2tlbmtvY29tL2NhYmluZXQvc3BlY2lhbC9lMTEwODUzaC5qcGciIGFsdD0ipc+l7algIKXGpaOlw6W3peUiIHdpZHRoPSIxODAiIGhlaWdodD0iMTgwIiAKCmJvcmRlcj0iMCI+PC90ZD4KCjx0ZD4KPGltZyBzcmM9Imh0dHA6Ly9pbWFnZS5yYWt1dGVuLmNvLmpwL2tlbmtvY29tL2NhYmluZXQvc3BlY2lhbC9lMzcyMDgyaC5qcGciIGFsdD0ipaKlv6XDpa9ORU8iIHdpZHRoPSIxODAiIGhlaWdodD0iMTgwIiAKCmJvcmRlcj0iMCI+PC90ZD4KCjwvdGFibGU+CjwvZGl2LS0+CgoKCgoKCjwhLS1kaXYgc3R5bGU9Im1hcmdpbi1ib3R0b206MTBweDsiPgoKPGltZyBzcmM9Imh0dHA6Ly9pbWFnZS5yYWt1dGVuLmNvLmpwL3Jha3V0ZW4yNC9jYWJpbmV0L2NvdXBvbi9ibnJfNzAwXzYwXzEwMDAwLmpwZyIgYWx0PSIxMCwwMDCD0tLUyc/Zj8jrpMcxNSVPRkajoSIgd2lkdGg9IjcwMCIgCgpoZWlnaHQ9IjYwIiBib3JkZXI9IjAiPgo8L2Rpdi0tPgoKCjwhLS1kaXYgc3R5bGU9Im1hcmdpbi1ib3R0b206MTBweDsiPgoKPGltZyBzcmM9Imh0dHA6Ly9pbWFnZS5yYWt1dGVuLmNvLmpwL3Jha3V0ZW4yNC9jYWJpbmV0L2NhbXBhaWduL3BvaW50dXAvaG91c2Vob2xkL2Jucl9wdDRfdHVlXzcwMF85MC5naWYiIGFsdD0iyKvJzMa3pd2lpKXzpcjX7rTzNLG2o6EiIAoKd2lkdGg9IjQ2OCIgaGVpZ2h0PSI2MCIgYm9yZGVyPSIwIj4KPC9kaXYtLT4KCgoKCjwhLS1kaXYgc3R5bGU9Im1hcmdpbi1ib3R0b206MTBweDsiPgoKPGltZyBzcmM9Imh0dHA6Ly9pbWFnZS5yYWt1dGVuLmNvLmpwL2tlbmtvY29tL2NhYmluZXQvaW1nLzIwMTZfZWNhbXBhaWduLmpwZyIgYWx0PSLIq8nMxrel3aWkpfOlyDKxtqOhIiB3aWR0aD0iNDY4IiBoZWlnaHQ9IjYwIiAKCmJvcmRlcj0iMCI+CjwvZGl2LS0+Cgo8IS0tZGl2IHN0eWxlPSJtYXJnaW4tYm90dG9tOjEwcHg7Ij4KCjxpbWcgc3JjPSJodHRwOi8vaW1hZ2UucmFrdXRlbi5jby5qcC9rZW5rb2NvbS9jYWJpbmV0L2ltZy8yMDE2X3ZjYW1wYWlnbi5qcGciIGFsdD0ipfSlo6XDpbul68nxkfWE2cD705vE7qXdpaSl86XIMrG2o6EiIHdpZHRoPSI0NjgiIAoKaGVpZ2h0PSI2MCIgYm9yZGVyPSIwIj4KPC9kaXYtLT4KCgo8IS0tZGl2IHN0eWxlPSJtYXJnaW4tYm90dG9tOjEwcHg7Ij4KCjxpbWcgc3JjPSJodHRwOi8vaW1hZ2UucmFrdXRlbi5jby5qcC9rZW5rb2NvbS9jYWJpbmV0L2ltZy8yMDE2X2V2Y2FtcGFpZ24uanBnIiBhbHQ9IphTzOylpKlgpbCl66OmpfSlo6XDpbul68nxkfWE2cD705vE7qXdpaSl86XIM7G2o6EiIAoKd2lkdGg9IjQ2OCIgaGVpZ2h0PSI2MCIgYm9yZGVyPSIwIj4KPC9kaXYtLT4=,pbSl88yrpM6absSlpK2Mn9PDpayl4CCl1aWhpaSl0KlgIKWipdGlv6Wkpcilq6XrpbelpqXgyOuk6iBTpbWlpKW6IDEwsb5bpbSl88yrIKXHpfOlv6XrpbGlotPDxrcopdqlw6XI08MpXaO6pbGl86WzqWCls6Xg,pbGl86WzqWCls6XgpbGl86WzqWCls6Xg1qe16qWvpeqluaW/peulrKWkpbapYKXfpc2l6aXrpaalqalgpb+pYKXqpaKlw6XXpeqloqXDpdd4NaXApaaly6lgpbOl86XJqWCl4KXapeqlqKW1qWCl4qW5pbOl86XIpeylw6WvpbnI1Z+GpLHWuaThpbOls6XKpcOlxKWqpaSl66SopLSk3qSzpOHTzaW1pfOl2qXspbCl6qXOycjvTJlDpa+l6qW5pb+l66WspaSltqlgIDUwMG1sIDQ4sb6+dqTOxKfFrrjKvsaltKXzzKukzppuxKWkrYyf08OlrKXgIKXVpaGlpKXQqWAgpaKl0aW/paSlyKWrpeult6WmpeDI66TqIFOltaWkpbogMTCxvlultKXzzKsgpcel86W/peulsaWi08PGtyil2qXDpcjTwyld,pbSl88yrL8uwkmkxOTAwg9LS1MnPy83Bz59vwc+ho6W0pfPMq6TOmm7EpaStjJ/Tw6WspeAgpdWloaWkpdCpYCCloqXRpb+lpKXIpaul66W3paal4MjrpOogU6W1paSluiAxMLG+W6W0pfPMqyClx6Xzpb+l66WxpaLTw8a3KKXapcOlyNPDKV0=[rn]
31-51696,aHR0cDovL3RzaG9wLnIxMHMuanAva2Vua29jb20vY2FiaW5ldC94MjExNS94MjExNTgwaF9sLmpwZz9maXRpbj03MDA6NzAw,NjIxLjYwMDA=,,pdqlw6XIP6XapcOlyKWwpcOluiA+IKXapcOlyNPDpKrK1sjrpOzTw8a3ID4gpcel86W/peulsaWi08PGtyA+IKS9pM7L+w==,yK6/2qWxpaIgyK7Tw9K617Skz6TfpKykrVvIrr/apbGloiClx6Xzpb+l66WxpaLTw8a3KKXapcOlyNPDKV0=,yK6/2qWxpaIvy7CSaTE5MDCD0tLUyc/LzcHPn2/Bzw==,pd6lpKXzpcmloqXDpdehuMiuv9qlsaWiIMiu08PSute0pM+k36SspK2huaTOpc2lw6XIzajYnKTPpbGl86WzqWCls6XgmFPM7MrQiPbWp7XqpMejoTxicj48YnI+PGJyPjxzbWFsbD6h+aXRpcOlsalgpbilx6W2paSl87XIpM/T6LjmpMqkr4nkuPyktaTspOuks6TIpKykoqTqpN6kuaGjPC9zbWFsbD48YnI+PGJyPjx0YWJsZT48dHI+PHRkIHdpZHRoPSIxMDAlIj48cCBjbGFzcz0icGRlc2MiPjxkaXYgY2xhc3M9InBkZXNjdGl0bGUiPsnMxrfVaMP3PC9kaXY+PGRpdiBjbGFzcz0icGRlc2Nob25idW4iPqG4yK6/2qWxpaIgyK7Tw9K617Skz6TfpKykraG5pM+hosjL6Weky6TiyrnTw6S1pOykxqSkpOuzybfWpMeYi7PJpLWk7KS/pe+l86TBpOOk86TOpL+k4aTOpcel86W/peulsaWimm7EpaStpMekuaGjpe+l86TBpOOk86SspKqkpKS3pK+40KS4pOmk7KTrz+POtiil36Xrpa+l1aXsqWCl0KlgKaTHmm65uLP9yKU/v9qz9NPot8A/mm6ksKStpbGloqTL0tvBoqTBpN6kuaGjPC9kaXY+PGRpdiBjbGFzcz0icGRlc2N0aXRsZSI+yrnTw7e9t6g8L2Rpdj48ZGl2IGNsYXNzPSJwZGVzY2hvbmJ1biI+mm6l1qXppbek5KWsqWClvKTOyc+ky6GiMi0ztc6kv6TppLekxqSrpOmabsSlpK2k8qS3pMakoqSypMbPwqS1pKSho5puxKWkraTO4eGky++LpN/eeqTzpMek4rTz1cm38qTHpLmhozwvZGl2PjxkaXYgY2xhc3M9InBkZXNjdGl0bGUiPsq508PJz6TO16LS4jwvZGl2PjxkaXYgY2xhc3M9InBkZXNjaG9uYnVuIj7IrqTOv9rHu6WxpaLS1M3ipMukz8q508Okt6TKpKSkx6SvpMCktaSkoaPIrqTOv9rE2qTLrpCzo6SspKKk65VypOShoszl1XukrIOepOykyqSklXKky6TPyrnTw6S3pMqkpKTHpK+kwKS1pKSho5puxKWkraSsv+DK1qTKyK6ky59vwO2ky8q508Okt6TKpKSkx6SvpMCktaSkoaPKudPDpM7rSKGiyK6ky4d5pN6k7KTKpKSk6KSmpLTXotLipK+kwKS1pKShozwvZGl2PjxkaXYgY2xhc3M9InBkZXNjdGl0bGUiPrGjtObJz6TOpLTXotLiPC9kaXY+PGRpdiBjbGFzcz0icGRlc2Nob25idW4iPrjfzsKhotaxyeTI1bnipPKx3KSxpMaxo7TmpLekxqSvpMCktaSkoaPpX7fi4eGkz6Sq1Oek4aTLpLTKudPDz8KktaSkoaPT14O5pM7K1qTOveykr4j2y/mky9bDpKukyqSkpMekr6TApLWkpKGjsb7GtyilraXjpcOl1z/I3cb3KaTyhNPO76TLh3mk3qS7pMqkpKTHpK+kwKS1pKShoyqzybfWpKy4od9bP8nyte6kuaTrpLOkyKTkoaKVculnpM69Vd9epMuk6KTq0rrJq6SsieS7r6S5pOuks6TIpKykoqTqpN6kuaSsxrfZfKTLpM+Glu59pKKk6qTepLuk86GjPC9kaXY+PGRpdiBjbGFzcz0icGRlc2N0aXRsZSI+s8m31jwvZGl2PjxkaXYgY2xhc3M9InBkZXNjaG9uYnVuIj7Lrii7+bLEKaGipb2l66XTpcipYKXroaKlsKXqpbul6qXzKMqqnZmEiCmhoqW7peul7algpbmlrKXgKNWztsjVe9X7hIgpoaKlqKW/pc6pYKXrKMflm/aEiCmhoqXVpa2lqKWtpbmhoqWvpbOlqKWtpbmhoqWmqWCl7aXzsuilqKWtpbkoz/uz9ISIKaGipbOls6WkpeuloqXrpa6ly6XzpailraW5UENBoaLjeaGi9aHL4aGipdWlo6XBpfPL4aGizL/L4U5hKL+5vvqEiCmhoqWwpeqlwaXrpeqlwaXzy+EySyjP+9HXP7jKzraEiCmhoqXPpcOlq9PNKM/jzraEiCmholBFRy02MMuuzO2l0qXepbfTzSi/ycjcu6+EiCmhorCyz6LP48vhTmEosaO05oSIKaGiz+PBzyil36Xrpa+l1aXsqWCl0KlgKSjP4862hIgpIDwvZGl2PjxkaXYgY2xhc3M9InBkZXNjdGl0bGUiPtStrmK5+jwvZGl2PjxkaXYgY2xhc3M9InBkZXNjaG9uYnVuIj7I1bG+PC9kaXY+PC9wPjwvdGQ+PC90cj48L3RhYmxlPjxicj6l1qXppfOlyaO6yK6/2qWxpaI8YnI+pbGl86WzqWCls6XgVE9Qo76l2qXDpcjTw8a3o77IrtPDxrcopbClw6W6KaO+yK7Tw6WxpaLTw8a3o76lx6Xzpb+l66WxpaLTw8a3KMiu08Mpo77Irr/apbGloiDIrtPD0rrXtKTPpN+krKStPGJyPticidPUqqO6pd6lpKXzpcmloqXDpdc8YnI+1K2uYrn6IMjVsb48YnI+xNrI3cG/o7ozMG1sPGJyPjxicj48YnI+pbWlpKW6o7ozNSoxNjgqMjgobW0pPGJyPkpBTqWzqWClyaO6oaE0OTQ3NjUxOTA0MDAzPGJyPjxicj48dGFibGUgd2lkdGg9IjEwMCUiIGJvcmRlcj0wIGNlbGxzcGFjaW5nPTAgY2VsbHBhZGRpbmc9NT48dHI+PHRkPjxwIGNsYXNzPSJzZWlkZXNjIj48L3A+PC90ZD48dHI+PHRkPjwvdGQ+PC90cj48L3RhYmxlPjxicj48YnI+PGJyPo7auObOxNifo7qlsaXzpbOpYKWzpeDW6sq9u+HJ5zxicj5URUyjujA1MC01NTc3LTUwNDI8YnI+PGJyPlvIrr/apbGlol08YnI+yK7Tw8a3KKWwpcOluikvyK7Tw6WxpaLTw8a3L6XHpfOlv6XrpbGlotPDxrcoyK7Twyk8YnI+PGJyPqXGpeyl071CvemjugoKpcil3qXIpbil5algpbkgLyAKpd6lq6XHpd+loqXKpcOlxKWqpaSl6yAvIArrioTTpdal7KXDpcmlq6XDpb+pYCAvIAql66WkpdyluaXGpaOpYCAvIAqk6qTzpLT1oSAvIAq2qLesyczGtyAvIAo8YnI+PGJyPgoKPGRpdiBzdHlsZT0ibWFyZ2luLWJvdHRvbToxMHB4OyI+Cgo8aW1nIHNyYz0iaHR0cHM6Ly9pbWFnZS5yYWt1dGVuLmNvLmpwL3Jha3V0ZW4yNC9jYWJpbmV0L2NvdXBvbi9ibnJfMTAwXzcwMF82MC5qcGciIGFsdD0is/Wk4aTGpM63vc/etqgxMDCD0k9GRqOhIiB3aWR0aD0iNzAwIiBoZWlnaHQ9IjYwIiAKCmJvcmRlcj0iMCI+CjwvZGl2PgoKCjwhLS1kaXYgc3R5bGU9Im1hcmdpbi1ib3R0b206MTBweDsiPgoKPGltZyBzcmM9Imh0dHA6Ly9pbWFnZS5yYWt1dGVuLmNvLmpwL3Jha3V0ZW4yNC9jYWJpbmV0L2NvdXBvbi9ibnJfNzAwXzYwXzQuanBnIiBhbHQ9IjQsMDAwg9LS1MnP2Y/I66THMTAlT0ZGo6EiIHdpZHRoPSI3MDAiIAoKaGVpZ2h0PSI2MCIgYm9yZGVyPSIwIj4KPC9kaXYtLT4KCgo8ZGl2IHN0eWxlPSJtYXJnaW4tYm90dG9tOjEwcHg7Ij4KCjxpbWcgc3JjPSJodHRwOi8vaW1hZ2UucmFrdXRlbi5jby5qcC9rZW5rb2NvbS9jYWJpbmV0L2Jucl83MDBfNjBfNTAwMC5qcGciIGFsdD0iNSwwMDCD0tLUyc/Zj8jrpMcxMCVPRkajoSIgd2lkdGg9IjcwMCIgaGVpZ2h0PSI2MCIgCgpib3JkZXI9IjAiPgo8L2Rpdj4KCgo8IS0tZGl2IHN0eWxlPSJtYXJnaW4tYm90dG9tOjEwcHg7Ij4KCjxpbWcgc3JjPSJodHRwOi8vaW1hZ2UucmFrdXRlbi5jby5qcC9rZW5rb2NvbS9jYWJpbmV0L2Jucl83MDBfNjBfMTIuanBnIiBhbHQ9IjEwLDAwMIPS0tTJz9mPyOukxzEyJU9GRqOhIiB3aWR0aD0iNzAwIiBoZWlnaHQ9IjYwIiAKCmJvcmRlcj0iMCI+CjwvZGl2LS0+CgoKCgo8IS0tZGl2IHN0eWxlPSJtYXJnaW4tYm90dG9tOjEwcHg7Ij4KCjxpbWcgc3JjPSJodHRwOi8vaW1hZ2UucmFrdXRlbi5jby5qcC9yYWt1dGVuMjQvY2FiaW5ldC9jYW1wYWlnbi9hc3VyYWt1L2Jucl83MDBfNjAuanBnIiBhbHQ9IqSipLmYU8nMxrel3aWkpfOlyDOxtqOhIiB3aWR0aD0iNzAwIiAKCmhlaWdodD0iNjAiIGJvcmRlcj0iMCI+CjwvZGl2LS0+Cgo8ZGl2IHN0eWxlPSJtYXJnaW4tYm90dG9tOjEwcHg7Ij4KCjxpbWcgc3JjPSJodHRwczovL2ltYWdlLnJha3V0ZW4uY28uanAvcmFrdXRlbjI0L2NhYmluZXQvc3BlY2lhbC8yMDE2X2VjYW1wYWlnbi5qcGciIGFsdD0ipaSpYKWwpeuluaGhpfSlo6XDpbul64TZpMOkv6TpUDKxtiIgIAoKd2lkdGg9IjQ2OCIgaGVpZ2h0PSI2MCIgYm9yZGVyPSIwIj4KPC9kaXY+Cgo8IS0tZGl2IHN0eWxlPSJtYXJnaW4tYm90dG9tOjEwcHg7Ij4KPHRhYmxlPgo8dGQ+CjxpbWcgc3JjPSJodHRwOi8vaW1hZ2UucmFrdXRlbi5jby5qcC9rZW5rb2NvbS9jYWJpbmV0L3NwZWNpYWwveDUyMDE2MWguanBnIiBhbHQ9IqXVpeulsKXpIiB3aWR0aD0iMTgwIiBoZWlnaHQ9IjE4MCIgYm9yZGVyPSIwIj48L3RkPgoKPHRkPgo8aW1nIHNyYz0iaHR0cDovL2ltYWdlLnJha3V0ZW4uY28uanAva2Vua29jb20vY2FiaW5ldC9zcGVjaWFsL2UxMTQ2NzdoLmpwZyIgYWx0PSKlr6Xqpbmlv6XrpaylpKW2qWAiIHdpZHRoPSIxODAiIGhlaWdodD0iMTgwIiAKCmJvcmRlcj0iMCI+PC90ZD4KCjx0ZD4KPGltZyBzcmM9Imh0dHA6Ly9pbWFnZS5yYWt1dGVuLmNvLmpwL2tlbmtvY29tL2NhYmluZXQvc3BlY2lhbC9lMTEwODUzaC5qcGciIGFsdD0ipc+l7algIKXGpaOlw6W3peUiIHdpZHRoPSIxODAiIGhlaWdodD0iMTgwIiAKCmJvcmRlcj0iMCI+PC90ZD4KCjx0ZD4KPGltZyBzcmM9Imh0dHA6Ly9pbWFnZS5yYWt1dGVuLmNvLmpwL2tlbmtvY29tL2NhYmluZXQvc3BlY2lhbC9lMzcyMDgyaC5qcGciIGFsdD0ipaKlv6XDpa9ORU8iIHdpZHRoPSIxODAiIGhlaWdodD0iMTgwIiAKCmJvcmRlcj0iMCI+PC90ZD4KCjwvdGFibGU+CjwvZGl2LS0+CgoKCgoKCjwhLS1kaXYgc3R5bGU9Im1hcmdpbi1ib3R0b206MTBweDsiPgoKPGltZyBzcmM9Imh0dHA6Ly9pbWFnZS5yYWt1dGVuLmNvLmpwL3Jha3V0ZW4yNC9jYWJpbmV0L2NvdXBvbi9ibnJfNzAwXzYwXzEwMDAwLmpwZyIgYWx0PSIxMCwwMDCD0tLUyc/Zj8jrpMcxNSVPRkajoSIgd2lkdGg9IjcwMCIgCgpoZWlnaHQ9IjYwIiBib3JkZXI9IjAiPgo8L2Rpdi0tPgoKCjwhLS1kaXYgc3R5bGU9Im1hcmdpbi1ib3R0b206MTBweDsiPgoKPGltZyBzcmM9Imh0dHA6Ly9pbWFnZS5yYWt1dGVuLmNvLmpwL3Jha3V0ZW4yNC9jYWJpbmV0L2NhbXBhaWduL3BvaW50dXAvaG91c2Vob2xkL2Jucl9wdDRfdHVlXzcwMF85MC5naWYiIGFsdD0iyKvJzMa3pd2lpKXzpcjX7rTzNLG2o6EiIAoKd2lkdGg9IjQ2OCIgaGVpZ2h0PSI2MCIgYm9yZGVyPSIwIj4KPC9kaXYtLT4KCgoKCjwhLS1kaXYgc3R5bGU9Im1hcmdpbi1ib3R0b206MTBweDsiPgoKPGltZyBzcmM9Imh0dHA6Ly9pbWFnZS5yYWt1dGVuLmNvLmpwL2tlbmtvY29tL2NhYmluZXQvaW1nLzIwMTZfZWNhbXBhaWduLmpwZyIgYWx0PSLIq8nMxrel3aWkpfOlyDKxtqOhIiB3aWR0aD0iNDY4IiBoZWlnaHQ9IjYwIiAKCmJvcmRlcj0iMCI+CjwvZGl2LS0+Cgo8IS0tZGl2IHN0eWxlPSJtYXJnaW4tYm90dG9tOjEwcHg7Ij4KCjxpbWcgc3JjPSJodHRwOi8vaW1hZ2UucmFrdXRlbi5jby5qcC9rZW5rb2NvbS9jYWJpbmV0L2ltZy8yMDE2X3ZjYW1wYWlnbi5qcGciIGFsdD0ipfSlo6XDpbul68nxkfWE2cD705vE7qXdpaSl86XIMrG2o6EiIHdpZHRoPSI0NjgiIAoKaGVpZ2h0PSI2MCIgYm9yZGVyPSIwIj4KPC9kaXYtLT4KCgo8IS0tZGl2IHN0eWxlPSJtYXJnaW4tYm90dG9tOjEwcHg7Ij4KCjxpbWcgc3JjPSJodHRwOi8vaW1hZ2UucmFrdXRlbi5jby5qcC9rZW5rb2NvbS9jYWJpbmV0L2ltZy8yMDE2X2V2Y2FtcGFpZ24uanBnIiBhbHQ9IphTzOylpKlgpbCl66OmpfSlo6XDpbul68nxkfWE2cD705vE7qXdpaSl86XIM7G2o6EiIAoKd2lkdGg9IjQ2OCIgaGVpZ2h0PSI2MCIgYm9yZGVyPSIwIj4KPC9kaXYtLT4=,yK6/2qWxpaIgyK7Tw9K617Skz6TfpKykrVvIrr/apbGloiClx6Xzpb+l66WxpaLTw8a3KKXapcOlyNPDKV2juqWxpfOls6lgpbOl4A==,pbGl86WzqWCls6XgpbGl86WzqWCls6Xg1qe16qWvpeqluaW/peulrKWkpbapYKXfpc2l6aXrpaalqalgpb+pYKXqpaKlw6XXpeqloqXDpdd4NaXApaaly6lgpbOl86XJqWCl4KXapeqlqKW1qWCl4qW5pbOl86XIpeylw6WvpbnI1Z+GpLHWuaThpbOls6XKpcOlxKWqpaSl66SopLSk3qSzpOHTzaW1pfOl2qXspbCl6qXOycjvTJlDpa+l6qW5pb+l66WspaSltqlgIDUwMG1sIDQ4sb6+dqTOxKfFrrjKvsbIrr/apbGloiDIrtPD0rrXtKTPpN+krKStW8iuv9qlsaWiIKXHpfOlv6XrpbGlotPDxrcopdqlw6XI08MpXQ==,yK6/2qWxpaIvy7CSaTE5MDCD0tLUyc/LzcHPn2/Bz6GjyK6/2qWxpaIgyK7Tw9K617Skz6TfpKykrVvIrr/apbGloiClx6Xzpb+l66WxpaLTw8a3KKXapcOlyNPDKV0=[rn]
31-51697,aHR0cDovL3RzaG9wLnIxMHMuanAva2Vua29jb20vY2FiaW5ldC9lMTQ5NS9lMTQ5NTQzaF9sLmpwZz9maXRpbj03MDA6NzAw,MTIwOS42MDAw,,pdqlw6XIP6XapcOlyKWwpcOluiA+IKXapcOlyNPDpKrK1sjrpOzTw8a3ID4gpcel86W/peulsaWi08PGtyA+IKS9pM7L+w==,y66kz6TfpKykrSAxMDBtbFulx6Xzpb+l66WxpaLTw8a3KKXapcOlyNPDKV0=,paKlyaXQpfOlr6W5L8uwkmkxOTAwg9LS1MnPy83Bz59vwc8=,paKlyaXQpfOlr6W5objLrqTPpN+krKStIDEwMG1sobmkzqXNpcOlyM2o2Jykz6WxpfOls6lgpbOl4JhTzOzK0Ij21qe16qTHo6E8YnI+PGJyPjxicj48c21hbGw+ofml0aXDpbGpYKW4pceltqWkpfO1yKTP0+i45qTKpK+J5Lj8pLWk7KTrpLOkyKSspKKk6qTepLmhozwvc21hbGw+PGJyPjxicj48dGFibGU+PHRyPjx0ZCB3aWR0aD0iMTAwJSI+PHAgY2xhc3M9InBkZXNjIj48ZGl2IGNsYXNzPSJwZGVzY3RpdGxlIj7JzMa31WjD9zwvZGl2PjxkaXYgY2xhc3M9InBkZXNjaG9uYnVuIj6huMuupM+k36SspK0gMTAwbWyhuaTPoaK9oaTkpKu/2se7pbGloqGj74uk86THoaLEpaSkpMbKudPDs/bAtKTrpdqlw6XI08PSute0pM+k36SspK2kx6S5oaO8g8zsyLu4r9ayzcGJtNPJwLSz6bP20rqhou+L08PVSr/JpdWl66Xcy+GlqKWtpbk/NTCho6G4yMvTw++L08OltaXXpeo/pdWl66Xcy+GlqKWtpbmhuaTypdqlw6XI08Oky9V71fukt6TGpKSk3qS5oaOhuMjL08Pvi9PDpbWl16XqP6XVpeul3MvhpailraW5obmkz6GivenXb6WxpaKhor2hv7W+U7PWtcikzsnMxrekyKS3pMa3+Y7apK+77tPDpLWk7KTGpKSk3qS5oaOl2qXDpcikzr/ax7vE2qTypdWl66Xcy+Gkzr+5vvrBpqTHx+WdjaTLsaOkwaGimm65uD+absqvpM64ttfFpMi/2rP0pPK3wKSupN6kuaGj74vTw8uupMvM7bzTpLmk66SzpMikx9fUhNO1xKTLx+Wbt6TIv9rHu6WxpaKk8sBSpOq3taS3pMqkrKTpoaKl1aXrpdzL4aTLuqyk3qTspMakpKTrpd+lzaXppeuzybfWpPLIoaTq3nqk36GizOXE2qXfpc2l6aXrpPLV+6SopMqkrKTpoaLFxdC5zu+z9KTOnHDJ2aTLg1CkraSrpLGk3qS5oaOkpKTEpOKhoqSkpKTPoqS3pMakpKTrpdqlw6XIpPLEv9a4pLnLrqTPpN+krKStpMekuaGjPGJyPqHxpdWl66Xcy+GlqKWtpbmkyKTPPGJyPrqj1OXukD/0fr3p7pA/1rLO76Tkn2+ZQ9l87pCkrNDut2WktaTspL+6o7XXpM7NwYm0pKy12JqjieSE06TLpOik6rXYyc+kzrHtw+aky8KhxvCkt6Giz9Oa3c6iyfrO76TLpOik6rfWveI/sGu9zT+6z7PJpPKk5qTDpK+k6qTIwFKk6re1pLWk7KTGoaLM7Mi7vc3L2D+loqXfpc7L4T+l06W/pd+l8z+l36XNpeml66TKpMmkzrPJt9ak8thOuLuky7qspPOkwKTipM6krMzsyLu4r9ayzcGJtKTHpLmho6S9pM7M7Mi7uK/Wss3BibSkq6Tps+mz9qS3pL+zybfWpKyhoqXVpeul3MvhpailraW5pMekuaGjmE/PoaTLsNekpLih31vO76GiyfK17qSs0oqk6aTspOuks6TIpKykoqTqpN6kuaGjpLOk7KTPpdWl66Xcy+Gky7qspN6k7KTGpKSk673Ny9g/pd+lzaXppeukzrnMpN6k6qTHpLmho7PJt9Y/yrnTw8nPpMuGlu59pM+koqTqpN6ku6TzoaOktLCy0MSkzsnPpKrKuaSkpK+kwKS1pKShozwvZGl2PjxkaXYgY2xhc3M9InBkZXNjdGl0bGUiPsq508O3vbeoPC9kaXY+PGRpdiBjbGFzcz0icGRlc2Nob25idW4iPqHxjJ3P86XapcOlyKO6yK4/w6g/0KGE087vtcg8YnI+PGJyPjEumm6l1qXppbeky8r9tc7C5KTIpLekxsSlpK+hozxicj4yLqW/paql6z+lrKlgpbykyqTJpMvH36Tf3nqk3qS7pMahosrDpK3IoaTqxKWkr6Gjpd6lw6W1qWCluKTypLmk66GjPGJyPjMu1rG906Gimm4/mm6+pT+/2se7xNqky6W5pdel7KlgpPKkuaTroaM8YnI+NC7vi9PDy64xMDBtbKTLNrvYs8yhoqW5pdel7KlgzO2806S5pOuhoyifb862P59vs/QpPC9kaXY+PGRpdiBjbGFzcz0icGRlc2N0aXRsZSI+pLTXotLiPC9kaXY+PGRpdiBjbGFzcz0icGRlc2Nob25idW4iPqHxpbml16XsqWCyv7fWpKyhotaxvdOl2qXDpcikzr/ax7uky7SlpOykyqSkpOikpqTLpLekxs/CpLWkpKGjPGJyPqHx09eDuT/X07mppM7K1qTOveykq6TKpKSI9sv5pMuxo7ncudzA7aS3pMbPwqS1pKShozxicj6h8bGjudyI9sv5o7qzo87CsLXL+TwvZGl2PjxkaXYgY2xhc3M9InBkZXNjdGl0bGUiPrPJt9Y8L2Rpdj48ZGl2IGNsYXNzPSJwZGVzY2hvbmJ1biI+74vTw9RTv8nM7Mi7uK/Wss3BibSz6bP2pdWl66Xcy+GlqKWtpbko1K3SujUwJbqs09ApoaK+q9F1y64opdWl66Xcy+GlqKWtpbmd4rbIpPKl2qXDpcjTw6TL1Xu5naS5pOspPGJyPrGjtObBz7XIn2/M7bzTP59v18XJqz+fb8/jwc88L2Rpdj48ZGl2IGNsYXNzPSJwZGVzY3RpdGxlIj7Ura5iufo8L2Rpdj48ZGl2IGNsYXNzPSJwZGVzY2hvbmJ1biI+yNWxvjwvZGl2PjxkaXYgY2xhc3M9InBkZXNjdGl0bGUiPqSqhpakpLrPpO+ku8/IPC9kaXY+PGRpdiBjbGFzcz0icGRlc2Nob25idW4iPtbqyr274cnnpaKlyaXQpfOlr6W5o7owNDUtODk3LTMyNzg8L2Rpdj48L3A+PC90ZD48L3RyPjwvdGFibGU+PGJyPqXWpeml86XJo7qloqXJpdCl86Wvpbk8YnI+pbGl86WzqWCls6XgVE9Qo76l2qXDpcjTw8a3o76l2qXDpcilsaWi08PGt6O+paqpYKXppeulsaWiP6XapcOlyNPDxrejvppupM6lsaWi08PGt6O+y66kz6TfpKykrSAxMDBtbDxicj6wa4nT1KqjuqWipcml0KXzpa+luTxicj7Ura5iufogyNWxvjxicj7E2sjdwb+jujEwMG1sPGJyPjxicj48YnI+PGJyPkpBTqWzqWClyaO6oaE0OTgwMzE3Mzg1NzU0PGJyPjxicj48dGFibGUgd2lkdGg9IjEwMCUiIGJvcmRlcj0wIGNlbGxzcGFjaW5nPTAgY2VsbHBhZGRpbmc9NT48dHI+PHRkPjxwIGNsYXNzPSJzZWlkZXNjIj48L3A+PC90ZD48dHI+PHRkPjwvdGQ+PC90cj48L3RhYmxlPjxicj48YnI+PGJyPo7auObOxNifo7qlsaXzpbOpYKWzpeDW6sq9u+HJ5zxicj5URUyjujA1MC01NTc3LTUwNDI8YnI+PGJyPluloqXJpdCl86WvpbldPGJyPqXapcOlyKWxpaLTw8a3L6WqqWCl6aXrpbGloj+l2qXDpcjTw8a3L5pupM6lsaWi08PGtzxicj48YnI+pcal7KXTvUK96aO6CgqlyKXepciluKXlqWCluSAvIAql3qWrpcel36Wipcqlw6XEpaqlpKXrIC8gCuuKhNOl1qXspcOlyaWrpcOlv6lgIC8gCqXrpaSl3KW5pcalo6lgIC8gCqTqpPOktPWhIC8gCraot6zJzMa3IC8gCjxicj48YnI+Cgo8ZGl2IHN0eWxlPSJtYXJnaW4tYm90dG9tOjEwcHg7Ij4KCjxpbWcgc3JjPSJodHRwczovL2ltYWdlLnJha3V0ZW4uY28uanAvcmFrdXRlbjI0L2NhYmluZXQvY291cG9uL2Jucl8xMDBfNzAwXzYwLmpwZyIgYWx0PSKz9aThpMakzre9z962qDEwMIPST0ZGo6EiIHdpZHRoPSI3MDAiIGhlaWdodD0iNjAiIAoKYm9yZGVyPSIwIj4KPC9kaXY+CgoKPCEtLWRpdiBzdHlsZT0ibWFyZ2luLWJvdHRvbToxMHB4OyI+Cgo8aW1nIHNyYz0iaHR0cDovL2ltYWdlLnJha3V0ZW4uY28uanAvcmFrdXRlbjI0L2NhYmluZXQvY291cG9uL2Jucl83MDBfNjBfNC5qcGciIGFsdD0iNCwwMDCD0tLUyc/Zj8jrpMcxMCVPRkajoSIgd2lkdGg9IjcwMCIgCgpoZWlnaHQ9IjYwIiBib3JkZXI9IjAiPgo8L2Rpdi0tPgoKCjxkaXYgc3R5bGU9Im1hcmdpbi1ib3R0b206MTBweDsiPgoKPGltZyBzcmM9Imh0dHA6Ly9pbWFnZS5yYWt1dGVuLmNvLmpwL2tlbmtvY29tL2NhYmluZXQvYm5yXzcwMF82MF81MDAwLmpwZyIgYWx0PSI1LDAwMIPS0tTJz9mPyOukxzEwJU9GRqOhIiB3aWR0aD0iNzAwIiBoZWlnaHQ9IjYwIiAKCmJvcmRlcj0iMCI+CjwvZGl2PgoKCjwhLS1kaXYgc3R5bGU9Im1hcmdpbi1ib3R0b206MTBweDsiPgoKPGltZyBzcmM9Imh0dHA6Ly9pbWFnZS5yYWt1dGVuLmNvLmpwL2tlbmtvY29tL2NhYmluZXQvYm5yXzcwMF82MF8xMi5qcGciIGFsdD0iMTAsMDAwg9LS1MnP2Y/I66THMTIlT0ZGo6EiIHdpZHRoPSI3MDAiIGhlaWdodD0iNjAiIAoKYm9yZGVyPSIwIj4KPC9kaXYtLT4KCgoKCjwhLS1kaXYgc3R5bGU9Im1hcmdpbi1ib3R0b206MTBweDsiPgoKPGltZyBzcmM9Imh0dHA6Ly9pbWFnZS5yYWt1dGVuLmNvLmpwL3Jha3V0ZW4yNC9jYWJpbmV0L2NhbXBhaWduL2FzdXJha3UvYm5yXzcwMF82MC5qcGciIGFsdD0ipKKkuZhTyczGt6XdpaSl86XIM7G2o6EiIHdpZHRoPSI3MDAiIAoKaGVpZ2h0PSI2MCIgYm9yZGVyPSIwIj4KPC9kaXYtLT4KCjxkaXYgc3R5bGU9Im1hcmdpbi1ib3R0b206MTBweDsiPgoKPGltZyBzcmM9Imh0dHBzOi8vaW1hZ2UucmFrdXRlbi5jby5qcC9yYWt1dGVuMjQvY2FiaW5ldC9zcGVjaWFsLzIwMTZfZWNhbXBhaWduLmpwZyIgYWx0PSKlpKlgpbCl66W5oaGl9KWjpcOlu6XrhNmkw6S/pOlQMrG2IiAgCgp3aWR0aD0iNDY4IiBoZWlnaHQ9IjYwIiBib3JkZXI9IjAiPgo8L2Rpdj4KCjwhLS1kaXYgc3R5bGU9Im1hcmdpbi1ib3R0b206MTBweDsiPgo8dGFibGU+Cjx0ZD4KPGltZyBzcmM9Imh0dHA6Ly9pbWFnZS5yYWt1dGVuLmNvLmpwL2tlbmtvY29tL2NhYmluZXQvc3BlY2lhbC94NTIwMTYxaC5qcGciIGFsdD0ipdWl66WwpekiIHdpZHRoPSIxODAiIGhlaWdodD0iMTgwIiBib3JkZXI9IjAiPjwvdGQ+Cgo8dGQ+CjxpbWcgc3JjPSJodHRwOi8vaW1hZ2UucmFrdXRlbi5jby5qcC9rZW5rb2NvbS9jYWJpbmV0L3NwZWNpYWwvZTExNDY3N2guanBnIiBhbHQ9IqWvpeqluaW/peulrKWkpbapYCIgd2lkdGg9IjE4MCIgaGVpZ2h0PSIxODAiIAoKYm9yZGVyPSIwIj48L3RkPgoKPHRkPgo8aW1nIHNyYz0iaHR0cDovL2ltYWdlLnJha3V0ZW4uY28uanAva2Vua29jb20vY2FiaW5ldC9zcGVjaWFsL2UxMTA4NTNoLmpwZyIgYWx0PSKlz6XtqWAgpcalo6XDpbel5SIgd2lkdGg9IjE4MCIgaGVpZ2h0PSIxODAiIAoKYm9yZGVyPSIwIj48L3RkPgoKPHRkPgo8aW1nIHNyYz0iaHR0cDovL2ltYWdlLnJha3V0ZW4uY28uanAva2Vua29jb20vY2FiaW5ldC9zcGVjaWFsL2UzNzIwODJoLmpwZyIgYWx0PSKloqW/pcOlr05FTyIgd2lkdGg9IjE4MCIgaGVpZ2h0PSIxODAiIAoKYm9yZGVyPSIwIj48L3RkPgoKPC90YWJsZT4KPC9kaXYtLT4KCgoKCgoKPCEtLWRpdiBzdHlsZT0ibWFyZ2luLWJvdHRvbToxMHB4OyI+Cgo8aW1nIHNyYz0iaHR0cDovL2ltYWdlLnJha3V0ZW4uY28uanAvcmFrdXRlbjI0L2NhYmluZXQvY291cG9uL2Jucl83MDBfNjBfMTAwMDAuanBnIiBhbHQ9IjEwLDAwMIPS0tTJz9mPyOukxzE1JU9GRqOhIiB3aWR0aD0iNzAwIiAKCmhlaWdodD0iNjAiIGJvcmRlcj0iMCI+CjwvZGl2LS0+CgoKPCEtLWRpdiBzdHlsZT0ibWFyZ2luLWJvdHRvbToxMHB4OyI+Cgo8aW1nIHNyYz0iaHR0cDovL2ltYWdlLnJha3V0ZW4uY28uanAvcmFrdXRlbjI0L2NhYmluZXQvY2FtcGFpZ24vcG9pbnR1cC9ob3VzZWhvbGQvYm5yX3B0NF90dWVfNzAwXzkwLmdpZiIgYWx0PSLIq8nMxrel3aWkpfOlyNfutPM0sbajoSIgCgp3aWR0aD0iNDY4IiBoZWlnaHQ9IjYwIiBib3JkZXI9IjAiPgo8L2Rpdi0tPgoKCgoKPCEtLWRpdiBzdHlsZT0ibWFyZ2luLWJvdHRvbToxMHB4OyI+Cgo8aW1nIHNyYz0iaHR0cDovL2ltYWdlLnJha3V0ZW4uY28uanAva2Vua29jb20vY2FiaW5ldC9pbWcvMjAxNl9lY2FtcGFpZ24uanBnIiBhbHQ9IsiryczGt6XdpaSl86XIMrG2o6EiIHdpZHRoPSI0NjgiIGhlaWdodD0iNjAiIAoKYm9yZGVyPSIwIj4KPC9kaXYtLT4KCjwhLS1kaXYgc3R5bGU9Im1hcmdpbi1ib3R0b206MTBweDsiPgoKPGltZyBzcmM9Imh0dHA6Ly9pbWFnZS5yYWt1dGVuLmNvLmpwL2tlbmtvY29tL2NhYmluZXQvaW1nLzIwMTZfdmNhbXBhaWduLmpwZyIgYWx0PSKl9KWjpcOlu6XryfGR9YTZwPvTm8Tupd2lpKXzpcgysbajoSIgd2lkdGg9IjQ2OCIgCgpoZWlnaHQ9IjYwIiBib3JkZXI9IjAiPgo8L2Rpdi0tPgoKCjwhLS1kaXYgc3R5bGU9Im1hcmdpbi1ib3R0b206MTBweDsiPgoKPGltZyBzcmM9Imh0dHA6Ly9pbWFnZS5yYWt1dGVuLmNvLmpwL2tlbmtvY29tL2NhYmluZXQvaW1nLzIwMTZfZXZjYW1wYWlnbi5qcGciIGFsdD0imFPM7KWkqWClsKXro6al9KWjpcOlu6XryfGR9YTZwPvTm8Tupd2lpKXzpcgzsbajoSIgCgp3aWR0aD0iNDY4IiBoZWlnaHQ9IjYwIiBib3JkZXI9IjAiPgo8L2Rpdi0tPg==,y66kz6TfpKykrSAxMDBtbFulx6Xzpb+l66WxpaLTw8a3KKXapcOlyNPDKV2juqWxpfOls6lgpbOl4A==,pbGl86WzqWCls6XgpbGl86WzqWCls6Xg1qe16qWvpeqluaW/peulrKWkpbapYKXfpc2l6aXrpaalqalgpb+pYKXqpaKlw6XXpeqloqXDpdd4NaXApaaly6lgpbOl86XJqWCl4KXapeqlqKW1qWCl4qW5pbOl86XIpeylw6WvpbnI1Z+GpLHWuaThpbOls6XKpcOlxKWqpaSl66SopLSk3qSzpOHTzaW1pfOl2qXspbCl6qXOycjvTJlDpa+l6qW5pb+l66WspaSltqlgIDUwMG1sIDQ4sb6+dqTOxKfFrrjKvsbLrqTPpN+krKStIDEwMG1sW6XHpfOlv6XrpbGlotPDxrcopdqlw6XI08MpXQ==,paKlyaXQpfOlr6W5L8uwkmkxOTAwg9LS1MnPy83Bz59vwc+ho8uupM+k36SspK0gMTAwbWxbpcel86W/peulsaWi08PGtyil2qXDpcjTwyld[rn]
31-51698,aHR0cDovL3RzaG9wLnIxMHMuanAva2Vua29jb20vY2FiaW5ldC94NTM3My94NTM3MzQwaF9sLmpwZz9maXRpbj03MDA6NzAw,NjIxLjYwMDA=,,pdqlw6XIP6XapcOlyKWwpcOluiA+IKXapcOlyNPDpKrK1sjrpOzTw8a3ID4gpcel86W/peulsaWi08PGtyA+IKS9pM7L+w==,pbelurmrIKXGpaOpYKW5pa+l6qlgpcqpYCAoyK7Tw6W5pcalpKXzs/3IpSlbpbelurmrIKXHpfOlv6XrpbGlotPDxrcopdqlw6XI08MpXQ==,pbelurmrL8uwkmkxOTAwg9LS1MnPy83Bz59vwc8=,PGJyPjxkaXYgY2xhc3M9InJldmlld0JuciI+PGRpdj48Zm9udCBzaXplID0gMz48c3BhbiBzdHlsZT0ibGluZS1oZWlnaHQ6MTMwJSI+pLOkwaTppM7JzMa3PC9zcGFuPtK7t6yBXKTqpa2l46XzpdqpYKXzjJ3P88nMxrejoaOhPGJyPjxzcGFuIHN0eWxlPSJsaW5lLWhlaWdodDoxMzAlIj6ks6TOyczGt6TOPHNwYW4+yczGt6XspdOl5algpPI8c3Ryb25nPjG3rKTLPC9zdHJvbmc+zba45aS3pMbtlKSkpL+3vTwvc3Bhbj6kyzwvc3Bhbj48YnI+IDxzdHJvbmc+MzAwg9JPRkalr6lgpd2l8zwvc3Ryb25nPqTypdel7KW8pfOlyKOhPGJyPjwvZGl2PjwvZGl2PqH5P6XspdOl5algzba45ZVypMult6XnpcOl16TY16LOxLesusWk8taqpOmku6TroaOkzqXBpaelw6WvpPLI66TspMakr6TApLWkpKGjPGJyPj/h4cjVpeGpYKXrpMukxqWvqWCl3aXzVVJMpPKkqsvNpOqkt6TepLmhozxhIGhyZWY9Imh0dHA6Ly93d3cucmFrdXRlbi5uZS5qcC9nb2xkL2tlbmtvY29tL2ZlYXR1cmVsaW5rL3Jldmlldy9pbmRleC5odG1sIj6h9qH11JSkt6SvpM+ks6TBpOmh9aH2PC9hPjxicj4/y/ukzre9pKzPyKTLzba45aS3pL+I9rrPpM+lr6lgpd2l899Ns8qkzoydz/PN4qTIpMqk6qTepLmkzqTHpLTXotLipK+kwKS1pKSho6XspdOl5algzba45aTPz8Kyv6TL05vdZKS3pMakpKTepLmhozxicj4/peyl06XlqWDNtrjlpKuk6be007Ok3qTHlXKy7qSspKKk66S/pOGhosnMxre7rcPmyc+kzqXspdOl5algvP7K/aTIjGfrSKTOzba45bz+yv2krK6QpMqk64j2us+krKSipOqk3qS5pM6kx9PopOGktMHLs9Ckr6TApLWkpKGjPGJyPqXVpe2l4FOhuKW3pbq5qyClxqWjqWCluaWvpeqpYKXKqWAgKMiu08OluaXGpaSl87P9yKUpobmkzqXNpcOlyM2o2Jykz6WxpfOls6lgpbOl4JhTzOzK0Ij21qe16qTHo6E8YnI+PGJyPjxicj48c21hbGw+ofml0aXDpbGpYKW4pceltqWkpfO1yKTP0+i45qTKpK+J5Lj8pLWk7KTrpLOkyKSspKKk6qTepLmhozwvc21hbGw+PGJyPjxicj48dGFibGU+PHRyPjx0ZCB3aWR0aD0iMTAwJSI+PHAgY2xhc3M9InBkZXNjIj48ZGl2IGNsYXNzPSJwZGVzY3RpdGxlIj7JzMa31WjD9zwvZGl2PjxkaXYgY2xhc3M9InBkZXNjaG9uYnVuIj6huKW3pbq5qyClxqWjqWCluaWvpeqpYKXKqWAgKMiu08OluaXGpaSl87P9yKUpobmkz6GikNvIrqTOmm6ky7i218Wkt6S/peiltKXspPLdWKSvpLOkuaTrpMCksaTHpOSktaS3pK/IoaTqs/2kr6XHpfOlv6XrpbGlotPDxrcopdqlw6XI08MppMekuaGjgUm3vc/ypKuk6aW7pcOlyKTHpK2k66TOpMehosq508Oyv867pMu6z6TvpLukxjK3Tu6QpM69x7bIpMfKuaSkt9aksaTppOyk3qS5oaM8L2Rpdj48ZGl2IGNsYXNzPSJwZGVzY3RpdGxlIj7KudPDt723qDwvZGl2PjxkaXYgY2xhc3M9InBkZXNjaG9uYnVuIj6h8aWvpeqpYKXKqWCkz6GigUm3vaSrpOmlu6XDpcikx6StpN6kuaTOpMfKudPDsr/Ou6TLus+k76S7pMa0X4xnpMuy7qS33nqk36Gi3Vikr6SzpLmk66TopKaky6S3pMbKudPDpLek3qS5oaM8YnI+ofGlr6XqqWClyqlgpOSabqTLpMSkpKTGpKSk683Z0rqk5Muut9ak8qTVpK2kyKTDpMakq6TppLTKudPDz8KktaSkoaM8L2Rpdj48ZGl2IGNsYXNzPSJwZGVzY3RpdGxlIj6ktNei0uI8L2Rpdj48ZGl2IGNsYXNzPSJwZGVzY2hvbmJ1biI+ofHIrqTLytak8od5pN6k7KTKpKSk6KSmpLTXotLiz8KktaSkoaM8YnI+ofGlr6XqqWClyqlgpKylu6XDpciktaTspOuloqXApdelv6lgpdupYKXrpM/pTMba6WfKudPDpLmk66TIxKaywaTLpOik6r3Tus+krKTmpOukr6TKpOqk3qS5oaOQ28iupM6/2se7xNqky6XWpemlt6SswuTPwqS3pMqkpKTopKaky6S016LS4s/CpLWkpKGjPGJyPqHxpLTKudPD4eGkz6Gisb7Gt6TypOikr8+0pMOkxsflnY2ky6S3pMbPwqS1pKShozxicj6h8dPXg7mkzsrWpM697KSviPbL+aTL1sOkq6TKpKSkx8/CpLWkpKGjPC9kaXY+PGRpdiBjbGFzcz0icGRlc2N0aXRsZSI+ssTZfDwvZGl2PjxkaXYgY2xhc3M9InBkZXNjaG9uYnVuIj6x+qGipdal6aW3pdilw6XJL0FCU5jk1qyhoqWvpeqpYKXKqWAvpbel6qWzpfOltKXgKNHQxKWEiLqs09ApPC9kaXY+PGRpdiBjbGFzcz0icGRlc2N0aXRsZSI+1K2uYrn6PC9kaXY+PGRpdiBjbGFzcz0icGRlc2Nob25idW4iPsjVsb48L2Rpdj48L3A+PC90ZD48L3RyPjwvdGFibGU+PGJyPqXWpeml86XJo7qlt6W6uas8YnI+pbGl86WzqWCls6XgVE9Qo76l2qXDpcjTw8a3o76l2qXDpcilsaWi08PGt6O+paqpYKXppeulsaWiP6XapcOlyNPDxrejvppupM6lsaWi08PGt6O+pbelurmrIKXGpaOpYKW5pa+l6qlgpcqpYCAoyK7Tw6W5pcalpKXzs/3IpSk8YnI+sGuJ09Sqo7ql1aXtpeBTPGJyPtStrmK5+iDI1bG+PGJyPsTayN3Bv6O6MbG+PGJyPjxicj4xyNXBvyjEv7CyKaO6PGJyPqW1paSluijN4tewKaO6MzQqMjEqMTkwKG1tKTxicj5KQU6ls6lgpcmjuqGhNDU4MjI5MzY1MDA0MDxicj48YnI+PHRhYmxlIHdpZHRoPSIxMDAlIiBib3JkZXI9MCBjZWxsc3BhY2luZz0wIGNlbGxwYWRkaW5nPTU+PHRyPjx0ZD48cCBjbGFzcz0ic2VpZGVzYyI+PC9wPjwvdGQ+PHRyPjx0ZD48L3RkPjwvdHI+PC90YWJsZT48YnI+PGJyPjxicj6O2rjmzsTYn6O6pbGl86WzqWCls6Xg1urKvbvhyec8YnI+VEVMo7owNTAtNTU3Ny01MDQyPGJyPjxicj5bpbelurmrXTxicj6l2qXDpcilsaWi08PGty+lqqlgpeml66WxpaI/pdqlw6XI08PGty+abqTOpbGlotPDxrc8YnI+PGJyPqXGpeyl071CvemjugoKpcil3qXIpbil5algpbkgLyAKpd6lq6XHpd+loqXKpcOlxKWqpaSl6yAvIArrioTTpdal7KXDpcmlq6XDpb+pYCAvIAql66WkpdyluaXGpaOpYCAvIAqk6qTzpLT1oSAvIAq2qLesyczGtyAvIAo8YnI+PGJyPgoKPGRpdiBzdHlsZT0ibWFyZ2luLWJvdHRvbToxMHB4OyI+Cgo8aW1nIHNyYz0iaHR0cHM6Ly9pbWFnZS5yYWt1dGVuLmNvLmpwL3Jha3V0ZW4yNC9jYWJpbmV0L2NvdXBvbi9ibnJfMTAwXzcwMF82MC5qcGciIGFsdD0is/Wk4aTGpM63vc/etqgxMDCD0k9GRqOhIiB3aWR0aD0iNzAwIiBoZWlnaHQ9IjYwIiAKCmJvcmRlcj0iMCI+CjwvZGl2PgoKCjwhLS1kaXYgc3R5bGU9Im1hcmdpbi1ib3R0b206MTBweDsiPgoKPGltZyBzcmM9Imh0dHA6Ly9pbWFnZS5yYWt1dGVuLmNvLmpwL3Jha3V0ZW4yNC9jYWJpbmV0L2NvdXBvbi9ibnJfNzAwXzYwXzQuanBnIiBhbHQ9IjQsMDAwg9LS1MnP2Y/I66THMTAlT0ZGo6EiIHdpZHRoPSI3MDAiIAoKaGVpZ2h0PSI2MCIgYm9yZGVyPSIwIj4KPC9kaXYtLT4KCgo8ZGl2IHN0eWxlPSJtYXJnaW4tYm90dG9tOjEwcHg7Ij4KCjxpbWcgc3JjPSJodHRwOi8vaW1hZ2UucmFrdXRlbi5jby5qcC9rZW5rb2NvbS9jYWJpbmV0L2Jucl83MDBfNjBfNTAwMC5qcGciIGFsdD0iNSwwMDCD0tLUyc/Zj8jrpMcxMCVPRkajoSIgd2lkdGg9IjcwMCIgaGVpZ2h0PSI2MCIgCgpib3JkZXI9IjAiPgo8L2Rpdj4KCgo8IS0tZGl2IHN0eWxlPSJtYXJnaW4tYm90dG9tOjEwcHg7Ij4KCjxpbWcgc3JjPSJodHRwOi8vaW1hZ2UucmFrdXRlbi5jby5qcC9rZW5rb2NvbS9jYWJpbmV0L2Jucl83MDBfNjBfMTIuanBnIiBhbHQ9IjEwLDAwMIPS0tTJz9mPyOukxzEyJU9GRqOhIiB3aWR0aD0iNzAwIiBoZWlnaHQ9IjYwIiAKCmJvcmRlcj0iMCI+CjwvZGl2LS0+CgoKCgo8IS0tZGl2IHN0eWxlPSJtYXJnaW4tYm90dG9tOjEwcHg7Ij4KCjxpbWcgc3JjPSJodHRwOi8vaW1hZ2UucmFrdXRlbi5jby5qcC9yYWt1dGVuMjQvY2FiaW5ldC9jYW1wYWlnbi9hc3VyYWt1L2Jucl83MDBfNjAuanBnIiBhbHQ9IqSipLmYU8nMxrel3aWkpfOlyDOxtqOhIiB3aWR0aD0iNzAwIiAKCmhlaWdodD0iNjAiIGJvcmRlcj0iMCI+CjwvZGl2LS0+Cgo8ZGl2IHN0eWxlPSJtYXJnaW4tYm90dG9tOjEwcHg7Ij4KCjxpbWcgc3JjPSJodHRwczovL2ltYWdlLnJha3V0ZW4uY28uanAvcmFrdXRlbjI0L2NhYmluZXQvc3BlY2lhbC8yMDE2X2VjYW1wYWlnbi5qcGciIGFsdD0ipaSpYKWwpeuluaGhpfSlo6XDpbul64TZpMOkv6TpUDKxtiIgIAoKd2lkdGg9IjQ2OCIgaGVpZ2h0PSI2MCIgYm9yZGVyPSIwIj4KPC9kaXY+Cgo8IS0tZGl2IHN0eWxlPSJtYXJnaW4tYm90dG9tOjEwcHg7Ij4KPHRhYmxlPgo8dGQ+CjxpbWcgc3JjPSJodHRwOi8vaW1hZ2UucmFrdXRlbi5jby5qcC9rZW5rb2NvbS9jYWJpbmV0L3NwZWNpYWwveDUyMDE2MWguanBnIiBhbHQ9IqXVpeulsKXpIiB3aWR0aD0iMTgwIiBoZWlnaHQ9IjE4MCIgYm9yZGVyPSIwIj48L3RkPgoKPHRkPgo8aW1nIHNyYz0iaHR0cDovL2ltYWdlLnJha3V0ZW4uY28uanAva2Vua29jb20vY2FiaW5ldC9zcGVjaWFsL2UxMTQ2NzdoLmpwZyIgYWx0PSKlr6Xqpbmlv6XrpaylpKW2qWAiIHdpZHRoPSIxODAiIGhlaWdodD0iMTgwIiAKCmJvcmRlcj0iMCI+PC90ZD4KCjx0ZD4KPGltZyBzcmM9Imh0dHA6Ly9pbWFnZS5yYWt1dGVuLmNvLmpwL2tlbmtvY29tL2NhYmluZXQvc3BlY2lhbC9lMTEwODUzaC5qcGciIGFsdD0ipc+l7algIKXGpaOlw6W3peUiIHdpZHRoPSIxODAiIGhlaWdodD0iMTgwIiAKCmJvcmRlcj0iMCI+PC90ZD4KCjx0ZD4KPGltZyBzcmM9Imh0dHA6Ly9pbWFnZS5yYWt1dGVuLmNvLmpwL2tlbmtvY29tL2NhYmluZXQvc3BlY2lhbC9lMzcyMDgyaC5qcGciIGFsdD0ipaKlv6XDpa9ORU8iIHdpZHRoPSIxODAiIGhlaWdodD0iMTgwIiAKCmJvcmRlcj0iMCI+PC90ZD4KCjwvdGFibGU+CjwvZGl2LS0+CgoKCgoKCjwhLS1kaXYgc3R5bGU9Im1hcmdpbi1ib3R0b206MTBweDsiPgoKPGltZyBzcmM9Imh0dHA6Ly9pbWFnZS5yYWt1dGVuLmNvLmpwL3Jha3V0ZW4yNC9jYWJpbmV0L2NvdXBvbi9ibnJfNzAwXzYwXzEwMDAwLmpwZyIgYWx0PSIxMCwwMDCD0tLUyc/Zj8jrpMcxNSVPRkajoSIgd2lkdGg9IjcwMCIgCgpoZWlnaHQ9IjYwIiBib3JkZXI9IjAiPgo8L2Rpdi0tPgoKCjwhLS1kaXYgc3R5bGU9Im1hcmdpbi1ib3R0b206MTBweDsiPgoKPGltZyBzcmM9Imh0dHA6Ly9pbWFnZS5yYWt1dGVuLmNvLmpwL3Jha3V0ZW4yNC9jYWJpbmV0L2NhbXBhaWduL3BvaW50dXAvaG91c2Vob2xkL2Jucl9wdDRfdHVlXzcwMF85MC5naWYiIGFsdD0iyKvJzMa3pd2lpKXzpcjX7rTzNLG2o6EiIAoKd2lkdGg9IjQ2OCIgaGVpZ2h0PSI2MCIgYm9yZGVyPSIwIj4KPC9kaXYtLT4KCgoKCjwhLS1kaXYgc3R5bGU9Im1hcmdpbi1ib3R0b206MTBweDsiPgoKPGltZyBzcmM9Imh0dHA6Ly9pbWFnZS5yYWt1dGVuLmNvLmpwL2tlbmtvY29tL2NhYmluZXQvaW1nLzIwMTZfZWNhbXBhaWduLmpwZyIgYWx0PSLIq8nMxrel3aWkpfOlyDKxtqOhIiB3aWR0aD0iNDY4IiBoZWlnaHQ9IjYwIiAKCmJvcmRlcj0iMCI+CjwvZGl2LS0+Cgo8IS0tZGl2IHN0eWxlPSJtYXJnaW4tYm90dG9tOjEwcHg7Ij4KCjxpbWcgc3JjPSJodHRwOi8vaW1hZ2UucmFrdXRlbi5jby5qcC9rZW5rb2NvbS9jYWJpbmV0L2ltZy8yMDE2X3ZjYW1wYWlnbi5qcGciIGFsdD0ipfSlo6XDpbul68nxkfWE2cD705vE7qXdpaSl86XIMrG2o6EiIHdpZHRoPSI0NjgiIAoKaGVpZ2h0PSI2MCIgYm9yZGVyPSIwIj4KPC9kaXYtLT4KCgo8IS0tZGl2IHN0eWxlPSJtYXJnaW4tYm90dG9tOjEwcHg7Ij4KCjxpbWcgc3JjPSJodHRwOi8vaW1hZ2UucmFrdXRlbi5jby5qcC9rZW5rb2NvbS9jYWJpbmV0L2ltZy8yMDE2X2V2Y2FtcGFpZ24uanBnIiBhbHQ9IphTzOylpKlgpbCl66OmpfSlo6XDpbul68nxkfWE2cD705vE7qXdpaSl86XIM7G2o6EiIAoKd2lkdGg9IjQ2OCIgaGVpZ2h0PSI2MCIgYm9yZGVyPSIwIj4KPC9kaXYtLT4=,pbelurmrIKXGpaOpYKW5pa+l6qlgpcqpYCAoyK7Tw6W5pcalpKXzs/3IpSlbpbelurmrIKXHpfOlv6XrpbGlotPDxrcopdqlw6XI08MpXaO6pbGl86WzqWCls6Xg,pbGl86WzqWCls6XgpbGl86WzqWCls6Xg1qe16qWvpeqluaW/peulrKWkpbapYKXfpc2l6aXrpaalqalgpb+pYKXqpaKlw6XXpeqloqXDpdd4NaXApaaly6lgpbOl86XJqWCl4KXapeqlqKW1qWCl4qW5pbOl86XIpeylw6WvpbnI1Z+GpLHWuaThpbOls6XKpcOlxKWqpaSl66SopLSk3qSzpOHTzaW1pfOl2qXspbCl6qXOycjvTJlDpa+l6qW5pb+l66WspaSltqlgIDUwMG1sIDQ4sb6+dqTOxKfFrrjKvsalt6W6uasgpcalo6lgpbmlr6XqqWClyqlgICjIrtPDpbmlxqWkpfOz/cilKVult6W6uasgpcel86W/peulsaWi08PGtyil2qXDpcjTwyld,pbelurmrL8uwkmkxOTAwg9LS1MnPy83Bz59vwc+ho6W3pbq5qyClxqWjqWCluaWvpeqpYKXKqWAgKMiu08OluaXGpaSl87P9yKUpW6W3pbq5qyClx6Xzpb+l66WxpaLTw8a3KKXapcOlyNPDKV0=[rn]
31-51699,aHR0cDovL3RzaG9wLnIxMHMuanAva2Vua29jb20vY2FiaW5ldC9lMTEzNy9lMTEzNzcyaF9sLmpwZz9maXRpbj03MDA6NzAw,Mzk0LjQwMDA=,,pdqlw6XIP6XapcOlyKWwpcOluiA+IKXapcOlyNPDpKrK1sjrpOzTw8a3ID4gpcel86W/peulsaWi08PGtyA+IKS9pM7L+w==,yK6/2qWxpaIgmm6l1qXppbcgpbml4qlgpeul2KXDpckgpb2l1aXIW8iuv9qlsaWiIKXHpfOlv6XrpbGlotPDxrcopdqlw6XI08MpXQ==,yK6/2qWxpaIvy7CSaTE5MDCD0tLUyc/LzcHPn2/Bzw==,pd6lpKXzpcmloqXDpdehuMiuv9qlsaWiIJpupdal6aW3IKW5peKpYKXrpdilw6XJIKW9pdWlyKG5pM6lzaXDpcjNqNicpM+lsaXzpbOpYKWzpeCYU8zsytCI9tanteqkx6OhPGJyPjxicj48YnI+PHNtYWxsPqH5pdGlw6WxqWCluKXHpbalpKXztcikz9PouOakyqSvieS4/KS1pOyk66SzpMikrKSipOqk3qS5oaM8L3NtYWxsPjxicj48YnI+PHRhYmxlPjx0cj48dGQgd2lkdGg9IjEwMCUiPjxwIGNsYXNzPSJwZGVzYyI+PGRpdiBjbGFzcz0icGRlc2N0aXRsZSI+yczGt9Vow/c8L2Rpdj48ZGl2IGNsYXNzPSJwZGVzY2hvbmJ1biI+objIrr/apbGloiCabqXWpemltyCluaXiqWCl66XYpcOlySClvaXVpcihuaTPoaLIrqTOmm6ky4ydpLekxsSlpK2k5KS5pK+DQdCxpLekxqSkpOul2qXDpcjTw5pupdal6aW3pMekuaGjpdal6aW3w6ukrKTkpO+k6aSrpKSkzqTHoaKabtbcsqGkzppupLCkraTLpOLX7t9tpMekuaGjpdal6aW3sr+kz7H6pMuMnaS3pMYxNbbIg0HQsaS3pMakpKTGxKWkraTkpLmkr6GipN6kv6Gipdilw6XJpM668aS1pKyxoaSvpMqkw6TGpKSk66TOpMehorDCmm6krMSlpK2k5KS5pK+kyqTDpMakpKTepLmho5DbyK6krKSkpMSk3qTHpOLX1LfWpM6abqTHpKqkpKS3pK/Ks8rCpKykx6StpOuk6KSmpMuhopqwyNWkzppuxKWkraTLpKrS28GipMakr6TApLWkpKGjPC9kaXY+PGRpdiBjbGFzcz0icGRlc2N0aXRsZSI+yrnTw7e9t6g8L2Rpdj48ZGl2IGNsYXNzPSJwZGVzY2hvbmJ1biI+w6vPyKTyyc/K1qTLyrmkw6TGoaKabqTImm6ksKStoaKkvaTOvrPEv6TytqGMjqTLpdal6aXDpbel86WwpLekxqSvpMCktaSkoaM8YnI+mm6ksKStpPKl1qXppcOlt6XzpbCkuaTrlXKkz6Giwaak8sjrpOykuaSupLqhoqTkpLWkt6SvxKWkpKTGpKKksqTGpK+kwKS1pKShozwvZGl2PjxkaXYgY2xhc3M9InBkZXNjdGl0bGUiPqS016LS4jwvZGl2PjxkaXYgY2xhc3M9InBkZXNjaG9uYnVuIj4/sb7Gt6Type+l86TBpOOk86TLh3mk3qS7pMqkpKTHpK+kwKS1pKSho8iupM6/2sTapPKC+6TEpLGkyqSkpOikpqTLpLTXotLipK+kwKS1pKSho8iupM6/2se7pbGlotLUzeKky8q508Okt6TKpKSkx6SvpMCktaSkoaPKudPDpM7rSKGiyK6ky4d5pN6k7KTKpKSk6KSmpMuktNei0uKkr6TApLWkpKGj1tyH7KTOrWi+s6TLmt2k8qTEpLGkxqS0yrnTw6SvpMCktaSkoaOktMq508Ph4aTPoaKxvsa3pPKk6KSvz7Skw6TGy6631qTyysPIoaTDpMbH5Z2NpMuwssirpMqkyKSzpO2kx7GjtOakt6TGpK+kwKS1pKShozwvZGl2PjxkaXYgY2xhc3M9InBkZXNjdGl0bGUiPrLE2Xw8L2Rpdj48ZGl2IGNsYXNzPSJwZGVzY2hvbmJ1biI+sfqjukFCU5jk1qyhoqXWpemlt8Oro7qlyqWkpe2l8zwvZGl2PjxkaXYgY2xhc3M9InBkZXNjdGl0bGUiPqSqhpakpLrPpO+ku8/IPC9kaXY+PGRpdiBjbGFzcz0icGRlc2Nob25idW4iPtbqyr274cnnpd6lpKXzpcmloqXDpdc8YnI+VEVMo7owNTUtMjIyLTQ2MTg8L2Rpdj48L3A+PC90ZD48L3RyPjwvdGFibGU+PGJyPqXWpeml86XJo7rIrr/apbGlojxicj6lsaXzpbOpYKWzpeBUT1CjvqXapcOlyNPDxrejvsiu08PGtyilsKXDpbopo77IrtPDpbGlotPDxrejvqXHpfOlv6XrpbGlotPDxrcoyK7Twymjvsiuv9qlsaWiIJpupdal6aW3IKW5peKpYKXrpdilw6XJIKW9pdWlyDxicj7RddTs2JyJ09Sqo7ql3qWkpfOlyaWipcOl1zxicj7Ura5iufogyNWxvjxicj48YnI+PGJyPjxicj6ltaWkpbqjujE1MCoxNS41KG1tKTxicj5KQU6ls6lgpcmjuqGhNDk0NzY1MTkwNjAyMTxicj48YnI+PHRhYmxlIHdpZHRoPSIxMDAlIiBib3JkZXI9MCBjZWxsc3BhY2luZz0wIGNlbGxwYWRkaW5nPTU+PHRyPjx0ZD48cCBjbGFzcz0ic2VpZGVzYyI+PC9wPjwvdGQ+PHRyPjx0ZD48L3RkPjwvdHI+PC90YWJsZT48YnI+PGJyPjxicj6O2rjmzsTYn6O6pbGl86WzqWCls6Xg1urKvbvhyec8YnI+VEVMo7owNTAtNTU3Ny01MDQyPGJyPjxicj5byK6/2qWxpaJdPGJyPsiu08PGtyilsKXDpbopL8iu08OlsaWi08PGty+lx6Xzpb+l66WxpaLTw8a3KMiu08MpPGJyPjxicj6lxqXspdO9Qr3po7oKCqXIpd6lyKW4peWpYKW5IC8gCqXepaulx6XfpaKlyqXDpcSlqqWkpesgLyAK64qE06XWpeylw6XJpaulw6W/qWAgLyAKpeulpKXcpbmlxqWjqWAgLyAKpOqk86S09aEgLyAKtqi3rMnMxrcgLyAKPGJyPjxicj4KCjxkaXYgc3R5bGU9Im1hcmdpbi1ib3R0b206MTBweDsiPgoKPGltZyBzcmM9Imh0dHBzOi8vaW1hZ2UucmFrdXRlbi5jby5qcC9yYWt1dGVuMjQvY2FiaW5ldC9jb3Vwb24vYm5yXzEwMF83MDBfNjAuanBnIiBhbHQ9IrP1pOGkxqTOt73P3raoMTAwg9JPRkajoSIgd2lkdGg9IjcwMCIgaGVpZ2h0PSI2MCIgCgpib3JkZXI9IjAiPgo8L2Rpdj4KCgo8IS0tZGl2IHN0eWxlPSJtYXJnaW4tYm90dG9tOjEwcHg7Ij4KCjxpbWcgc3JjPSJodHRwOi8vaW1hZ2UucmFrdXRlbi5jby5qcC9yYWt1dGVuMjQvY2FiaW5ldC9jb3Vwb24vYm5yXzcwMF82MF80LmpwZyIgYWx0PSI0LDAwMIPS0tTJz9mPyOukxzEwJU9GRqOhIiB3aWR0aD0iNzAwIiAKCmhlaWdodD0iNjAiIGJvcmRlcj0iMCI+CjwvZGl2LS0+CgoKPGRpdiBzdHlsZT0ibWFyZ2luLWJvdHRvbToxMHB4OyI+Cgo8aW1nIHNyYz0iaHR0cDovL2ltYWdlLnJha3V0ZW4uY28uanAva2Vua29jb20vY2FiaW5ldC9ibnJfNzAwXzYwXzUwMDAuanBnIiBhbHQ9IjUsMDAwg9LS1MnP2Y/I66THMTAlT0ZGo6EiIHdpZHRoPSI3MDAiIGhlaWdodD0iNjAiIAoKYm9yZGVyPSIwIj4KPC9kaXY+CgoKPCEtLWRpdiBzdHlsZT0ibWFyZ2luLWJvdHRvbToxMHB4OyI+Cgo8aW1nIHNyYz0iaHR0cDovL2ltYWdlLnJha3V0ZW4uY28uanAva2Vua29jb20vY2FiaW5ldC9ibnJfNzAwXzYwXzEyLmpwZyIgYWx0PSIxMCwwMDCD0tLUyc/Zj8jrpMcxMiVPRkajoSIgd2lkdGg9IjcwMCIgaGVpZ2h0PSI2MCIgCgpib3JkZXI9IjAiPgo8L2Rpdi0tPgoKCgoKPCEtLWRpdiBzdHlsZT0ibWFyZ2luLWJvdHRvbToxMHB4OyI+Cgo8aW1nIHNyYz0iaHR0cDovL2ltYWdlLnJha3V0ZW4uY28uanAvcmFrdXRlbjI0L2NhYmluZXQvY2FtcGFpZ24vYXN1cmFrdS9ibnJfNzAwXzYwLmpwZyIgYWx0PSKkoqS5mFPJzMa3pd2lpKXzpcgzsbajoSIgd2lkdGg9IjcwMCIgCgpoZWlnaHQ9IjYwIiBib3JkZXI9IjAiPgo8L2Rpdi0tPgoKPGRpdiBzdHlsZT0ibWFyZ2luLWJvdHRvbToxMHB4OyI+Cgo8aW1nIHNyYz0iaHR0cHM6Ly9pbWFnZS5yYWt1dGVuLmNvLmpwL3Jha3V0ZW4yNC9jYWJpbmV0L3NwZWNpYWwvMjAxNl9lY2FtcGFpZ24uanBnIiBhbHQ9IqWkqWClsKXrpbmhoaX0paOlw6W7peuE2aTDpL+k6VAysbYiICAKCndpZHRoPSI0NjgiIGhlaWdodD0iNjAiIGJvcmRlcj0iMCI+CjwvZGl2PgoKPCEtLWRpdiBzdHlsZT0ibWFyZ2luLWJvdHRvbToxMHB4OyI+Cjx0YWJsZT4KPHRkPgo8aW1nIHNyYz0iaHR0cDovL2ltYWdlLnJha3V0ZW4uY28uanAva2Vua29jb20vY2FiaW5ldC9zcGVjaWFsL3g1MjAxNjFoLmpwZyIgYWx0PSKl1aXrpbCl6SIgd2lkdGg9IjE4MCIgaGVpZ2h0PSIxODAiIGJvcmRlcj0iMCI+PC90ZD4KCjx0ZD4KPGltZyBzcmM9Imh0dHA6Ly9pbWFnZS5yYWt1dGVuLmNvLmpwL2tlbmtvY29tL2NhYmluZXQvc3BlY2lhbC9lMTE0Njc3aC5qcGciIGFsdD0ipa+l6qW5pb+l66WspaSltqlgIiB3aWR0aD0iMTgwIiBoZWlnaHQ9IjE4MCIgCgpib3JkZXI9IjAiPjwvdGQ+Cgo8dGQ+CjxpbWcgc3JjPSJodHRwOi8vaW1hZ2UucmFrdXRlbi5jby5qcC9rZW5rb2NvbS9jYWJpbmV0L3NwZWNpYWwvZTExMDg1M2guanBnIiBhbHQ9IqXPpe2pYCClxqWjpcOlt6XlIiB3aWR0aD0iMTgwIiBoZWlnaHQ9IjE4MCIgCgpib3JkZXI9IjAiPjwvdGQ+Cgo8dGQ+CjxpbWcgc3JjPSJodHRwOi8vaW1hZ2UucmFrdXRlbi5jby5qcC9rZW5rb2NvbS9jYWJpbmV0L3NwZWNpYWwvZTM3MjA4MmguanBnIiBhbHQ9IqWipb+lw6WvTkVPIiB3aWR0aD0iMTgwIiBoZWlnaHQ9IjE4MCIgCgpib3JkZXI9IjAiPjwvdGQ+Cgo8L3RhYmxlPgo8L2Rpdi0tPgoKCgoKCgo8IS0tZGl2IHN0eWxlPSJtYXJnaW4tYm90dG9tOjEwcHg7Ij4KCjxpbWcgc3JjPSJodHRwOi8vaW1hZ2UucmFrdXRlbi5jby5qcC9yYWt1dGVuMjQvY2FiaW5ldC9jb3Vwb24vYm5yXzcwMF82MF8xMDAwMC5qcGciIGFsdD0iMTAsMDAwg9LS1MnP2Y/I66THMTUlT0ZGo6EiIHdpZHRoPSI3MDAiIAoKaGVpZ2h0PSI2MCIgYm9yZGVyPSIwIj4KPC9kaXYtLT4KCgo8IS0tZGl2IHN0eWxlPSJtYXJnaW4tYm90dG9tOjEwcHg7Ij4KCjxpbWcgc3JjPSJodHRwOi8vaW1hZ2UucmFrdXRlbi5jby5qcC9yYWt1dGVuMjQvY2FiaW5ldC9jYW1wYWlnbi9wb2ludHVwL2hvdXNlaG9sZC9ibnJfcHQ0X3R1ZV83MDBfOTAuZ2lmIiBhbHQ9IsiryczGt6XdpaSl86XI1+608zSxtqOhIiAKCndpZHRoPSI0NjgiIGhlaWdodD0iNjAiIGJvcmRlcj0iMCI+CjwvZGl2LS0+CgoKCgo8IS0tZGl2IHN0eWxlPSJtYXJnaW4tYm90dG9tOjEwcHg7Ij4KCjxpbWcgc3JjPSJodHRwOi8vaW1hZ2UucmFrdXRlbi5jby5qcC9rZW5rb2NvbS9jYWJpbmV0L2ltZy8yMDE2X2VjYW1wYWlnbi5qcGciIGFsdD0iyKvJzMa3pd2lpKXzpcgysbajoSIgd2lkdGg9IjQ2OCIgaGVpZ2h0PSI2MCIgCgpib3JkZXI9IjAiPgo8L2Rpdi0tPgoKPCEtLWRpdiBzdHlsZT0ibWFyZ2luLWJvdHRvbToxMHB4OyI+Cgo8aW1nIHNyYz0iaHR0cDovL2ltYWdlLnJha3V0ZW4uY28uanAva2Vua29jb20vY2FiaW5ldC9pbWcvMjAxNl92Y2FtcGFpZ24uanBnIiBhbHQ9IqX0paOlw6W7pevJ8ZH1hNnA+9ObxO6l3aWkpfOlyDKxtqOhIiB3aWR0aD0iNDY4IiAKCmhlaWdodD0iNjAiIGJvcmRlcj0iMCI+CjwvZGl2LS0+CgoKPCEtLWRpdiBzdHlsZT0ibWFyZ2luLWJvdHRvbToxMHB4OyI+Cgo8aW1nIHNyYz0iaHR0cDovL2ltYWdlLnJha3V0ZW4uY28uanAva2Vua29jb20vY2FiaW5ldC9pbWcvMjAxNl9ldmNhbXBhaWduLmpwZyIgYWx0PSKYU8zspaSpYKWwpeujpqX0paOlw6W7pevJ8ZH1hNnA+9ObxO6l3aWkpfOlyDOxtqOhIiAKCndpZHRoPSI0NjgiIGhlaWdodD0iNjAiIGJvcmRlcj0iMCI+CjwvZGl2LS0+,yK6/2qWxpaIgmm6l1qXppbcgpbml4qlgpeul2KXDpckgpb2l1aXIW8iuv9qlsaWiIKXHpfOlv6XrpbGlotPDxrcopdqlw6XI08MpXaO6pbGl86WzqWCls6Xg,pbGl86WzqWCls6XgpbGl86WzqWCls6Xg1qe16qWvpeqluaW/peulrKWkpbapYKXfpc2l6aXrpaalqalgpb+pYKXqpaKlw6XXpeqloqXDpdd4NaXApaaly6lgpbOl86XJqWCl4KXapeqlqKW1qWCl4qW5pbOl86XIpeylw6WvpbnI1Z+GpLHWuaThpbOls6XKpcOlxKWqpaSl66SopLSk3qSzpOHTzaW1pfOl2qXspbCl6qXOycjvTJlDpa+l6qW5pb+l66WspaSltqlgIDUwMG1sIDQ4sb6+dqTOxKfFrrjKvsbIrr/apbGloiCabqXWpemltyCluaXiqWCl66XYpcOlySClvaXVpchbyK6/2qWxpaIgpcel86W/peulsaWi08PGtyil2qXDpcjTwyld,yK6/2qWxpaIvy7CSaTE5MDCD0tLUyc/LzcHPn2/Bz6GjyK6/2qWxpaIgmm6l1qXppbcgpbml4qlgpeul2KXDpckgpb2l1aXIW8iuv9qlsaWiIKXHpfOlv6XrpbGlotPDxrcopdqlw6XI08MpXQ==[rn]
31-51700,aHR0cDovL3RzaG9wLnIxMHMuanAvZGlldHNob3AvY2FiaW5ldC9pbWFnZTI0LzEwNTU3OTUuanBnP2ZpdGluPTcwMDo3MDA=,MTE5MzcuNjAwMA==,,pdqlw6XIP6XapcOlyKWwpcOluiA+IKXapcOlyNPDpKrK1sjrpOzTw8a3ID4gpbel46XzpdepYD+l6qXzpbkgPiClt6XjpfOl16lg,Rm9vbGVlQmVhdXR5pdWpYKXqqWCl06XlqWClxqWjqWChoaXapcOlyNPDpbel46XzpdepYKGhNGyhoZhJhNXTww==,zOzIu7PJt9bW98zlpM6hosakxHek5LG7w6uky4OepLekpKXapcOlyNPDpbGlotPDxrekx6S5oaM=,PHRhYmxlIHdpZHRoPSI2MDAiIGJvcmRlcj0iMCIgYWxpZ249ImNlbnRlciIgY2VsbHBhZGRpbmc9IjAiIGNlbGxzcGFjaW5nPSIwIj48dHI+PHRkPjxmb250IGNvbG9yPSIjMDA5OTk5IiBzaXplPSI1Ij48c3Ryb25nPszsyLuzybfW1vfM5aTOoaLGpMR3pOSxu8OrpMuDnqS3pKSl2qXDpcjTw6WxpaLTw8a3pMekuaGjPC9zdHJvbmc+PC9mb250PjwvdGQ+PC90cj48L3RhYmxlPjxicj48dGFibGUgd2lkdGg9IjYxMCIgYm9yZGVyPSIwIiBhbGlnbj0iY2VudGVyIiBjZWxscGFkZGluZz0iMSIgY2VsbHNwYWNpbmc9IjAiPjx0cj48dGQgd2lkdGg9IjYxMCIgdmFsaWduPSJ0b3AiIGFsaWduPSJjZW50ZXIiPjxkaXY+PGltZyBzcmM9Imh0dHBzOi8vaW1hZ2UucmFrdXRlbi5jby5qcC90dWhhbi15YS9jYWJpbmV0L3Rfc2ltcGxlNTM5Mi8xMDU1Nzk1LTAxLmpwZyIgd2lkdGg9IjYwMCIgaGVpZ2h0PSI2MDAiPjxicj48Zm9udCBzaXplPTM+PC9mb250PjwvZGl2Pjxicj48dGFibGUgd2lkdGg9IjYwMCIgYm9yZGVyPSIwIiBhbGlnbj0iY2VudGVyIiBjZWxscGFkZGluZz0iMSIgY2VsbHNwYWNpbmc9IjAiPjx0cj48dGQgd2lkdGg9IjYwMCIgdmFsaWduPSJ0b3AiIGFsaWduPSJsZWZ0Ij48Zm9udCBzaXplPSIzIj6h+elft+Lh4aTPpMqk66TZpK/U56ThpMuktMq508Okr6TApLWkpKGjPC9mb250PjwvdGQ+PC90cj48L3RhYmxlPjxicj48YnI+PHRhYmxlIHdpZHRoPSI2MDAiIGNlbGxzcGFjaW5nPSIwIiBjZWxscGFkZGluZz0iMCIgYm9yZGVyPSIwIiBhbGlnbj0iY2VudGVyIj48dHI+PHRkIHdpZHRoPSI2MDAiIHZhbGlnbj0idG9wIj48ZGl2IGFsaWduPSJjZW50ZXIiPjxpbWcgd2lkdGg9IjYwMCIgaGVpZ2h0PSIyNDkiIHNyYz0iaHR0cHM6Ly9pbWFnZS5yYWt1dGVuLmNvLmpwL3R1aGFuLXlhL2NhYmluZXQvdF9zaW1wbGU1MzkyLzEwNTU3OTUtMDIuanBnIj48YnI+PGZvbnQgc2l6ZT0iMyI+PC9mb250PjwvZGl2Pjxicj48L3RkPjwvdHI+PHRyPjx0ZCB3aWR0aD0iNjAwIiB2YWxpZ249InRvcCI+PGRpdiBhbGlnbj0iY2VudGVyIj48aW1nIHdpZHRoPSI2MDAiIGhlaWdodD0iNTAwIiBzcmM9Imh0dHBzOi8vaW1hZ2UucmFrdXRlbi5jby5qcC90dWhhbi15YS9jYWJpbmV0L3Rfc2ltcGxlNTM5Mi8xMDU1Nzk1LTAzLmpwZyI+PGJyPjxmb250IHNpemU9IjMiPjwvZm9udD48L2Rpdj48YnI+PC90ZD48L3RyPjx0cj48dGQgd2lkdGg9IjYwMCIgdmFsaWduPSJ0b3AiPjxkaXYgYWxpZ249ImNlbnRlciI+PGltZyB3aWR0aD0iNjAwIiBoZWlnaHQ9IjQ4MSIgc3JjPSJodHRwczovL2ltYWdlLnJha3V0ZW4uY28uanAvdHVoYW4teWEvY2FiaW5ldC90X3NpbXBsZTUzOTIvMTA1NTc5NS0wNC5qcGciPjxicj48Zm9udCBzaXplPSIzIj48L2ZvbnQ+PC9kaXY+PGJyPjwvdGQ+PC90cj48dHI+PHRkIHdpZHRoPSI2MDAiIHZhbGlnbj0idG9wIj48ZGl2IGFsaWduPSJjZW50ZXIiPjxpbWcgd2lkdGg9IjYwMCIgaGVpZ2h0PSI1MDAiIHNyYz0iaHR0cHM6Ly9pbWFnZS5yYWt1dGVuLmNvLmpwL3R1aGFuLXlhL2NhYmluZXQvdF9zaW1wbGU1MzkyLzEwNTU3OTUtMDUuanBnIj48YnI+PGZvbnQgc2l6ZT0iMyI+PC9mb250PjwvZGl2Pjxicj48L3RkPjwvdHI+PHRyPjx0ZCB3aWR0aD0iNjAwIiB2YWxpZ249InRvcCI+PGRpdiBhbGlnbj0iY2VudGVyIj48aW1nIHdpZHRoPSI2MDAiIGhlaWdodD0iNTAwIiBzcmM9Imh0dHBzOi8vaW1hZ2UucmFrdXRlbi5jby5qcC90dWhhbi15YS9jYWJpbmV0L3Rfc2ltcGxlNTM5Mi8xMDU1Nzk1LTA2LmpwZyI+PGJyPjxmb250IHNpemU9IjMiPjwvZm9udD48L2Rpdj48YnI+PC90ZD48L3RyPjx0cj48dGQgd2lkdGg9IjYwMCIgdmFsaWduPSJ0b3AiPjxkaXYgYWxpZ249ImNlbnRlciI+PGltZyB3aWR0aD0iNjAwIiBoZWlnaHQ9IjExODIiIHNyYz0iaHR0cHM6Ly9pbWFnZS5yYWt1dGVuLmNvLmpwL3R1aGFuLXlhL2NhYmluZXQvdF9zaW1wbGU1MzkyLzEwNTU3OTUtMDcuanBnIj48YnI+PGZvbnQgc2l6ZT0iMyI+PC9mb250PjwvZGl2Pjxicj48L3RkPjwvdHI+PC90YWJsZT48L3RkPjwvdHI+PC90YWJsZT48dGFibGUgd2lkdGg9IjYwMCIgYm9yZGVyPSIwIiBhbGlnbj0iY2VudGVyIiBjZWxscGFkZGluZz0iMSIgY2VsbHNwYWNpbmc9IjAiPjx0cj48dGQgd2lkdGg9IjYwMCIgdmFsaWduPSJ0b3AiIGFsaWduPSJsZWZ0Ij48YnI+PGZvbnQgc2l6ZT0iMyI+pbel46XzpdepYKTP88Kk4aTGpOLvi6TzpMek4szlpMu6pqTOpMqkpMvYssSkrNStssTBz6TKpM6kx6Gi19DIrqSrpOm43/1oyK6k3qTHoaLX0MOopKuk6bjf/WjDqKTepMe3+Y7apK+ktMq508OkpKS/pMCksaTepLmhozwvZm9udD48L3RkPjwvdHI+PC90YWJsZT48YnI+PEJSPjxCUj48ZGl2IGFsaWduPSdjZW50ZXInPjxJTUcgc3JjPSdodHRwczovL2ltYWdlLnJha3V0ZW4uY28uanAvZGlldHNob3AvY2FiaW5ldC9jYW1wYWlnbi9rb2JldHVzb3VyeW91LmdpZicgYWx0PSeCgIRly83Bz8nMxreky6TEpK2k3qS3pMYnPjwvZGl2PjxCUj48QlI+PHRhYmxlIGNlbGxzcGFjaW5nPScxJyBjZWxscGFkZGluZz0nMScgd2lkdGg9JzYwMCcgYmdjb2xvcj0nIzY2NjY2Nic+PHRib2R5Pjx0ciBhbGlnbj0nbGVmdCc+PHRkIGJnY29sb3I9JyNmZmZmZmYnIGNvbHNwYW49JzMnPjxJTUcgc3JjPSdodHRwczovL2ltYWdlLnJha3V0ZW4uY28uanAvZGlldHNob3AvY2FiaW5ldC9jYW1wYWlnbi9jaGVjay5naWYnIHdpZHRoPSc2MDAnIGhlaWdodD0nMTAwJyBhbHQ9J6SzpM7JzMa3pPLZj8jrpLekv8jLpM+ks6TzpMrJzMa3pOKlwaWnpcOlr6S3pMakpKTepLmjoSc+PC90ZD48L3RyPjx0ciBhbGlnbj0nbGVmdCc+PHRkIGJnY29sb3I9JyNmZmZmZmYnIHdpZHRoPScxMDAnPjxBIGhyZWY9J2h0dHBzOi8vaXRlbS5yYWt1dGVuLmNvLmpwL2RpZXRzaG9wLzEwNTU3OTkvJyB0YXJnZXQ9J190b3AnPjxJTUcgYm9yZGVyPScwJyBzcmM9J2h0dHBzOi8vaW1hZ2UucmFrdXRlbi5jby5qcC9kaWV0c2hvcC9jYWJpbmV0L2ltYWdlMjQvMTA1NTc5OS5qcGcnIHdpZHRoPSc3NScgaGVpZ2h0PSc3NSc+PC9BPjwvdGQ+PHRkIGJnY29sb3I9JyNmZmZmZmYnIGNvbHNwYW49JzInIHdpZHRoPSc1MDAnPkZvb2xlZUJlYXV0eaXVqWCl6qlgpdOl5algpcalo6lgoaGl2qXDpcjTw6WwpeupYKXfpfOlsKW5pdel7KlgoaEyNTBtbDxicj48YnI+PEEgaHJlZj0naHR0cHM6Ly9pdGVtLnJha3V0ZW4uY28uanAvZGlldHNob3AvMTA1NTc5OS8nIHRhcmdldD0nX3RvcCc+PElNRyBib3JkZXI9JzAnIHNyYz0naHR0cHM6Ly9pbWFnZS5yYWt1dGVuLmNvLmpwL2RpZXRzaG9wL2NhYmluZXQvY2FtcGFpZ24vc3lvdXNhaS1zLmdpZic+PC9BPjwvdGQ+PC90cj48dHIgYWxpZ249J2xlZnQnPjx0ZCBiZ2NvbG9yPScjZmZmZmZmJyB3aWR0aD0nMTAwJz48QSBocmVmPSdodHRwczovL2l0ZW0ucmFrdXRlbi5jby5qcC9kaWV0c2hvcC8xMDU1ODAxLycgdGFyZ2V0PSdfdG9wJz48SU1HIGJvcmRlcj0nMCcgc3JjPSdodHRwczovL2ltYWdlLnJha3V0ZW4uY28uanAvZGlldHNob3AvY2FiaW5ldC9pbWFnZTI0LzEwNTU4MDEuanBnJyB3aWR0aD0nNzUnIGhlaWdodD0nNzUnPjwvQT48L3RkPiA8dGQgYmdjb2xvcj0nI2ZmZmZmZicgY29sc3Bhbj0nMicgd2lkdGg9JzUyNSc+Rm9vbGVlQmVhdXR5pdWpYKXqqWCl06XlqWClxqWjqWChoaXapcOlyNPDpbCl66lgpd+l86Wwpbml16XsqWChoTRsoaGYSYTV08M8YnI+PGJyPjxBIGhyZWY9J2h0dHBzOi8vaXRlbS5yYWt1dGVuLmNvLmpwL2RpZXRzaG9wLzEwNTU4MDEvJyB0YXJnZXQ9J190b3AnPjxJTUcgYm9yZGVyPScwJyBzcmM9J2h0dHBzOi8vaW1hZ2UucmFrdXRlbi5jby5qcC9kaWV0c2hvcC9jYWJpbmV0L2NhbXBhaWduL3N5b3VzYWktcy5naWYnPjwvQT48L3RkPiA8L3RyPiA8dHIgYWxpZ249J2xlZnQnPjx0ZCBiZ2NvbG9yPScjZmZmZmZmJyB3aWR0aD0nMTAwJz48QSBocmVmPSdodHRwczovL2l0ZW0ucmFrdXRlbi5jby5qcC9kaWV0c2hvcC8xMDU1ODAwLycgdGFyZ2V0PSdfdG9wJz48aW1nIGJvcmRlcj0nMCcgc3JjPSdodHRwczovL2ltYWdlLnJha3V0ZW4uY28uanAvZGlldHNob3AvY2FiaW5ldC9pbWFnZTI0LzEwNTU4MDAuanBnJyB3aWR0aD0nNzUnIGhlaWdodD0nNzUnPjwvQT48L3RkPiA8dGQgYmdjb2xvcj0nI2ZmZmZmZicgY29sc3Bhbj0nMicgd2lkdGg9JzUyNSc+Rm9vbGVlQmVhdXR5pdWpYKXqqWCl06XlqWClxqWjqWChoaXapcOlyNPDpbCl66lgpd+l86Wwpbml16XsqWChoTUwMG1soaHUkczm08M8YnI+PGJyPjxBIGhyZWY9J2h0dHBzOi8vaXRlbS5yYWt1dGVuLmNvLmpwL2RpZXRzaG9wLzEwNTU4MDAvJyB0YXJnZXQ9J190b3AnPjxJTUcgYm9yZGVyPScwJyBzcmM9J2h0dHBzOi8vaW1hZ2UucmFrdXRlbi5jby5qcC9kaWV0c2hvcC9jYWJpbmV0L2NhbXBhaWduL3N5b3VzYWktcy5naWYnPjwvQT48L3RkPiA8L3RyPiA8dHIgYWxpZ249J2xlZnQnPjx0ZCBiZ2NvbG9yPScjZmZmZmZmJyB3aWR0aD0nMTAwJz48QSBocmVmPSdodHRwczovL2l0ZW0ucmFrdXRlbi5jby5qcC9kaWV0c2hvcC8xMDU1Nzg3LycgdGFyZ2V0PSdfdG9wJz48SU1HIGJvcmRlcj0nMCcgc3JjPSdodHRwczovL2ltYWdlLnJha3V0ZW4uY28uanAvZGlldHNob3AvY2FiaW5ldC9pbWFnZTI0LzEwNTU3ODcuanBnJyB3aWR0aD0nNzUnIGhlaWdodD0nNzUnPjwvQT48L3RkPiA8dGQgYmdjb2xvcj0nI2ZmZmZmZicgY29sc3Bhbj0nMicgd2lkdGg9JzUyNSc+Rm9vbGVlQmVhdXR5pdWpYKXqqWCl06XlqWClxqWjqWChoaXapcOlyNPDpbel46XzpdepYKGhMjUwbWw8YnI+PGJyPjxBIGhyZWY9J2h0dHBzOi8vaXRlbS5yYWt1dGVuLmNvLmpwL2RpZXRzaG9wLzEwNTU3ODcvJyB0YXJnZXQ9J190b3AnPjxJTUcgYm9yZGVyPScwJyBzcmM9J2h0dHBzOi8vaW1hZ2UucmFrdXRlbi5jby5qcC9kaWV0c2hvcC9jYWJpbmV0L2NhbXBhaWduL3N5b3VzYWktcy5naWYnPjwvQT48L3RkPiA8L3RyPiA8dHIgYWxpZ249J2xlZnQnPjx0ZCBiZ2NvbG9yPScjZmZmZmZmJyB3aWR0aD0nMTAwJz48QSBocmVmPSdodHRwczovL2l0ZW0ucmFrdXRlbi5jby5qcC9kaWV0c2hvcC8xMDU1Nzk1LycgdGFyZ2V0PSdfdG9wJz48SU1HIGJvcmRlcj0nMCcgc3JjPSdodHRwczovL2ltYWdlLnJha3V0ZW4uY28uanAvZGlldHNob3AvY2FiaW5ldC9pbWFnZTI0LzEwNTU3OTUuanBnJyB3aWR0aD0nNzUnIGhlaWdodD0nNzUnPjwvQT48L3RkPiA8dGQgYmdjb2xvcj0nI2ZmZmZmZicgY29sc3Bhbj0nMicgd2lkdGg9JzUyNSc+Rm9vbGVlQmVhdXR5pdWpYKXqqWCl06XlqWClxqWjqWChoaXapcOlyNPDpbel46XzpdepYKGhNGyhoZhJhNXTwzxicj48YnI+PEEgaHJlZj0naHR0cHM6Ly9pdGVtLnJha3V0ZW4uY28uanAvZGlldHNob3AvMTA1NTc5NS8nIHRhcmdldD0nX3RvcCc+PElNRyBib3JkZXI9JzAnIHNyYz0naHR0cHM6Ly9pbWFnZS5yYWt1dGVuLmNvLmpwL2RpZXRzaG9wL2NhYmluZXQvY2FtcGFpZ24vc3lvdXNhaS1zLmdpZic+PC9BPjwvdGQ+IDwvdHI+IDx0ciBhbGlnbj0nbGVmdCc+PHRkIGJnY29sb3I9JyNmZmZmZmYnIHdpZHRoPScxMDAnPjxBIGhyZWY9J2h0dHBzOi8vaXRlbS5yYWt1dGVuLmNvLmpwL2RpZXRzaG9wLzEwNTU3OTEvJyB0YXJnZXQ9J190b3AnPjxJTUcgYm9yZGVyPScwJyBzcmM9J2h0dHBzOi8vaW1hZ2UucmFrdXRlbi5jby5qcC9kaWV0c2hvcC9jYWJpbmV0L2ltYWdlMjQvMTA1NTc5MS5qcGcnIHdpZHRoPSc3NScgaGVpZ2h0PSc3NSc+PC9BPjwvdGQ+IDx0ZCBiZ2NvbG9yPScjZmZmZmZmJyBjb2xzcGFuPScyJyB3aWR0aD0nNTI1Jz5Gb29sZWVCZWF1dHml1algpeqpYKXTpeWpYKXGpaOpYKGhpdqlw6XI08Olt6XjpfOl16lgoaE1MDBtbKGh1JHM5tPDPGJyPjxicj48QSBocmVmPSdodHRwczovL2l0ZW0ucmFrdXRlbi5jby5qcC9kaWV0c2hvcC8xMDU1NzkxLycgdGFyZ2V0PSdfdG9wJz48SU1HIGJvcmRlcj0nMCcgc3JjPSdodHRwczovL2ltYWdlLnJha3V0ZW4uY28uanAvZGlldHNob3AvY2FiaW5ldC9jYW1wYWlnbi9zeW91c2FpLXMuZ2lmJz48L0E+PC90ZD4gPC90cj4gPHRyIGFsaWduPSdsZWZ0Jz48dGQgYmdjb2xvcj0nI2ZmZmZmZicgd2lkdGg9JzEwMCc+PEEgaHJlZj0naHR0cHM6Ly9pdGVtLnJha3V0ZW4uY28uanAvZGlldHNob3AvMTA1NTc4Ni8nIHRhcmdldD0nX3RvcCc+PElNRyBib3JkZXI9JzAnIHNyYz0naHR0cHM6Ly9pbWFnZS5yYWt1dGVuLmNvLmpwL2RpZXRzaG9wL2NhYmluZXQvaW1hZ2UyNC8xMDU1Nzg2LmpwZycgd2lkdGg9Jzc1JyBoZWlnaHQ9Jzc1Jz48L0E+PC90ZD4gPHRkIGJnY29sb3I9JyNmZmZmZmYnIGNvbHNwYW49JzInIHdpZHRoPSc1MjUnPkZvb2xlZaXVqWCl6qlgoaGl2qXDpcjTw6WxpaKl1qXppbehoUyhoczmyNA8YnI+PGJyPjxBIGhyZWY9J2h0dHBzOi8vaXRlbS5yYWt1dGVuLmNvLmpwL2RpZXRzaG9wLzEwNTU3ODYvJyB0YXJnZXQ9J190b3AnPjxJTUcgYm9yZGVyPScwJyBzcmM9J2h0dHBzOi8vaW1hZ2UucmFrdXRlbi5jby5qcC9kaWV0c2hvcC9jYWJpbmV0L2NhbXBhaWduL3N5b3VzYWktcy5naWYnPjwvQT48L3RkPiA8L3RyPiA8dHIgYWxpZ249J2xlZnQnPjx0ZCBiZ2NvbG9yPScjZmZmZmZmJyB3aWR0aD0nMTAwJz48QSBocmVmPSdodHRwczovL2l0ZW0ucmFrdXRlbi5jby5qcC9kaWV0c2hvcC8xMDU1Nzg1LycgdGFyZ2V0PSdfdG9wJz48SU1HIGJvcmRlcj0nMCcgc3JjPSdodHRwczovL2ltYWdlLnJha3V0ZW4uY28uanAvZGlldHNob3AvY2FiaW5ldC9pbWFnZTI0LzEwNTU3ODUuanBnJyB3aWR0aD0nNzUnIGhlaWdodD0nNzUnPjwvQT48L3RkPiA8dGQgYmdjb2xvcj0nI2ZmZmZmZicgY29sc3Bhbj0nMicgd2lkdGg9JzUyNSc+Rm9vbGVlpdWpYKXqqWChoaXapcOlyNPDpbGloqXWpemlt6GhTaGhzObI0Dxicj48YnI+PEEgaHJlZj0naHR0cHM6Ly9pdGVtLnJha3V0ZW4uY28uanAvZGlldHNob3AvMTA1NTc4NS8nIHRhcmdldD0nX3RvcCc+PElNRyBib3JkZXI9JzAnIHNyYz0naHR0cHM6Ly9pbWFnZS5yYWt1dGVuLmNvLmpwL2RpZXRzaG9wL2NhYmluZXQvY2FtcGFpZ24vc3lvdXNhaS1zLmdpZic+PC9BPjwvdGQ+IDwvdHI+IDx0ciBhbGlnbj0nbGVmdCc+PHRkIGJnY29sb3I9JyNmZmZmZmYnIHdpZHRoPScxMDAnPjxBIGhyZWY9J2h0dHBzOi8vaXRlbS5yYWt1dGVuLmNvLmpwL2RpZXRzaG9wLzEwNTU3ODQvJyB0YXJnZXQ9J190b3AnPjxJTUcgYm9yZGVyPScwJyBzcmM9J2h0dHBzOi8vaW1hZ2UucmFrdXRlbi5jby5qcC9kaWV0c2hvcC9jYWJpbmV0L2ltYWdlMjQvMTA1NTc4NC5qcGcnIHdpZHRoPSc3NScgaGVpZ2h0PSc3NSc+PC9BPjwvdGQ+IDx0ZCBiZ2NvbG9yPScjZmZmZmZmJyBjb2xzcGFuPScyJyB3aWR0aD0nNTI1Jz5Gb29sZWWl1algpeqpYKGhpdqlw6XI08OlsaWipdal6aW3oaFToaHM5sjQPGJyPjxicj48QSBocmVmPSdodHRwczovL2l0ZW0ucmFrdXRlbi5jby5qcC9kaWV0c2hvcC8xMDU1Nzg0LycgdGFyZ2V0PSdfdG9wJz48SU1HIGJvcmRlcj0nMCcgc3JjPSdodHRwczovL2ltYWdlLnJha3V0ZW4uY28uanAvZGlldHNob3AvY2FiaW5ldC9jYW1wYWlnbi9zeW91c2FpLXMuZ2lmJz48L0E+PC90ZD4gPC90cj4gPHRyIGFsaWduPSdsZWZ0Jz48dGQgYmdjb2xvcj0nI2ZmZmZmZicgd2lkdGg9JzEwMCc+PEEgaHJlZj0naHR0cHM6Ly9pdGVtLnJha3V0ZW4uY28uanAvZGlldHNob3AvMTA1ODM2MS8nIHRhcmdldD0nX3RvcCc+PGltZyBib3JkZXI9JzAnIHNyYz0naHR0cHM6Ly9pbWFnZS5yYWt1dGVuLmNvLmpwL2RpZXRzaG9wL2NhYmluZXQvaW1hZ2UyNC8xMDU4MzYxLmpwZycgd2lkdGg9Jzc1JyBoZWlnaHQ9Jzc1Jz48L0E+PC90ZD4gPHRkIGJnY29sb3I9JyNmZmZmZmYnIGNvbHNwYW49JzInIHdpZHRoPSc1MjUnPkhFTExPIEtJVFRZpc+l7algpa2lxqWjoaGl3aXDpdeloqXDpdelyKlgpbmlv6lgoaFLVC0xNTVSPGJyPjxicj48QSBocmVmPSdodHRwczovL2l0ZW0ucmFrdXRlbi5jby5qcC9kaWV0c2hvcC8xMDU4MzYxLycgdGFyZ2V0PSdfdG9wJz48SU1HIGJvcmRlcj0nMCcgc3JjPSdodHRwczovL2ltYWdlLnJha3V0ZW4uY28uanAvZGlldHNob3AvY2FiaW5ldC9jYW1wYWlnbi9zeW91c2FpLXMuZ2lmJz48L0E+PC90ZD48L3RyPjwvdGJvZHk+PC90YWJsZT48QlI+PHRhYmxlIHdpZHRoPSI1ODAiIGJvcmRlcj0iMCIgY2VsbHNwYWNpbmc9IjAiIGNlbGxwYWRkaW5nPSIwIj48dHI+PHRkPjxmb250IGNvbG9yPSIjMzMzMzMzIiBzaXplPSItMSI+pbel46XzpdepYKTP88Kk4aTGpOLvi6TzpMek4szlpMu6pqTOpMqkpMvYssSkrNStssTBz6TKpM6kx6Gi19DIrqSrpOm43/1oyK6k3qTHoaLX0MOopKuk6bjf/WjDqKTepMe3+Y7apK+ktMq508OkpKS/pMCksaTepLmhozwvZm9udD48L3RkPjwvdHI+PC90YWJsZT48YnI+PHRhYmxlIHdpZHRoPSI1ODAiIGJvcmRlcj0iMCIgY2VsbHBhZGRpbmc9IjUiIGNlbGxzcGFjaW5nPSIxIiBiZ2NvbG9yPSIjNjY2NjY2Ij48dHIgYmdjb2xvcj0iI0ZGRkZGRiI+PHRkIHdpZHRoPSIyNSUiIGFsaWduPSJjZW50ZXIiIG5vd3JhcCBiZ2NvbG9yPSIjRkZGRkNDIj48Zm9udCBjb2xvcj0iIzMzMzMzMyIgc2l6ZT0iLTEiPsTayN3BvzwvZm9udD48L3RkPjx0ZCB3aWR0aD0iNzUlIiBhbGlnbj0ibGVmdCI+PGZvbnQgY29sb3I9IiMzMzMzMzMiIHNpemU9Ii0xIj40TDwvZm9udD48L3RkPjwvdHI+PHRyIGJnY29sb3I9IiNGRkZGRkYiPjx0ZCBhbGlnbj0iY2VudGVyIiBub3dyYXAgYmdjb2xvcj0iI0ZGRkZDQyI+PGZvbnQgY29sb3I9IiMzMzMzMzMiIHNpemU9Ii0xIj6ltaWkpbo8L2ZvbnQ+PC90ZD48dGQgYWxpZ249ImxlZnQiPjxmb250IGNvbG9yPSIjMzMzMzMzIiBzaXplPSItMSI+uN+ktTI2Y22hwbf5MThjbaHBsMLQ0DExY208L2ZvbnQ+PGJyPjxmb250IGNvbG9yPSIjMzMzMzMzIiBzaXplPSItMSI+goDXsKW1paSluqO6MjihwTIwocExM2NtPC9mb250PjwvdGQ+PC90cj48dHIgYmdjb2xvcj0iI0ZGRkZGRiI+PHRkIGFsaWduPSJjZW50ZXIiIG5vd3JhcCBiZ2NvbG9yPSIjRkZGRkNDIj48Zm9udCBjb2xvcj0iIzMzMzMzMyIgc2l6ZT0iLTEiPtbYwb88L2ZvbnQ+PC90ZD48dGQgYWxpZ249ImxlZnQiPjxmb250IGNvbG9yPSIjMzMzMzMzIiBzaXplPSItMSI+NDIzMGc8L2ZvbnQ+PGJyPjxmb250IGNvbG9yPSIjMzMzMzMzIiBzaXplPSItMSI+goDXsNbYwb+jujQyNDBnPC9mb250PjwvdGQ+PC90cj48dHIgYmdjb2xvcj0iI0ZGRkZGRiI+PHRkIGFsaWduPSJjZW50ZXIiIG5vd3JhcCBiZ2NvbG9yPSIjRkZGRkNDIj48Zm9udCBjb2xvcj0iIzMzMzMzMyIgc2l6ZT0iLTEiPrPJt9Y8L2ZvbnQ+PC90ZD48dGQgYWxpZ249ImxlZnQiPjxmb250IGNvbG9yPSIjMzMzMzMzIiBzaXplPSItMSI+ofGloqlgpeKl86XJOsuuoaKl6aWmpeylucHyy+GlyqXIpeqlpqXgoaKls6Wrpd+lyaXXpe2l1KXrpdmlv6WkpfOhoqWzpaul36XJREVBoaKlsKXqpbul6qXzoaKl16XtpdOlv6XfpfNByOuk6qXLpfOly6WvpailraW5oaJQRUctMjXLrsztpdKl3qW3082hos/jwc88YnI+ofGl3qXzpcCl6qXzOsuuoaKl6aWmpeylucHyy+GlyqXIpeqlpqXgoaKls6Wrpd+lyaXXpe2l1KXrpdmlv6WkpfOhoqWzpaul36XJREVBoaKlt6WipdClv6lgoaKl26XbpdCholBFRy0yNcuuzO2l0qXepbfTzaGipbCl6qW7peql86Giz+PBzzxicj6h8aWrpeKl36lgpes6y66hoqXppaal7KW5wfLL4aXKpcil6qWmpeChoqWzpaul36XJpdel7aXUpeul2aW/paSl86Gipcelt6XrpbCl66WzpbelyaGipaul4qXfqWCl66GiUEVHLTI1y67M7aXSpd6lt9PNoaKlsKXqpbul6qXzoaLP48HPPGJyPqHxpbCl6qlgpfOloqXDpdel6zrLrqGipemlpqXspbnB8svhpcqlyKXqpaal4KGipbOlq6Xfpcml16XtpdSl66XZpb+lpKXzoaKls6Wrpd+lyURFQaGipemlpqXspbkxMKGivNPLrrfWveKls6Xgpa6lv6XzpdGlr6Gipdulw6XXoaKl3aXqpa+lqqW/pculpqXgN6GipbCl6qW7peql86GiUEVHLTI1y67M7aXSpd6lt9PNoaLP48HPPC9mb250PjwvdGQ+PC90cj48dHIgYmdjb2xvcj0iI0ZGRkZGRiI+PHRkIGFsaWduPSJjZW50ZXIiIG5vd3JhcCBiZ2NvbG9yPSIjRkZGRkNDIj48Zm9udCBjb2xvcj0iIzMzMzMzMyIgc2l6ZT0iLTEiPtF11Oy5+jwvZm9udD48L3RkPjx0ZCBhbGlnbj0ibGVmdCI+PGZvbnQgY29sb3I9IiMzMzMzMzMiIHNpemU9Ii0xIj6l1aXppfOluTwvZm9udD48L3RkPjwvdHI+PC90YWJsZT48YnI+PFRBQkxFIGJvcmRlcj0iMCIgd2lkdGg9IjMwMCI+PFRCT0RZPjxUUj48VEQ+PGI+PGZvbnQgc2l6ZT0iMiIgY29sb3I9ImdyZWVuIj6h+aS016LOxOHhM6GrNsjV4eEozcHI1dejyNWz/aSvKaTOs/a6yaTIpMqk6qTepLk8L2ZvbnQ+PC9iPjxicj48Zm9udCBzaXplPSIyIj48c3Ryb25nPqH5kvfdZLx7xtqkz6SipK+k3qTHpOLEv7CypMekoqTqoaLJzMa3x7fGt6TOiPa6z6GipKqVculnpPKkpKS/pMCkpKS/pOqhos3qidOkzoj2us+k4qS0pLakpKTepLmho6TepL+hosrLmJQ/pdGlw6WxqWCluKTKpMmkz9PouOafb6SvieS4/KTIpMqk64j2us+k4qS0pLakpKTepLmho6S0wcuz0KSvpMCktaSkpN6ku6GjPC9zdHJvbmc+PC9mb250Pjxicj48L1REPjwvVFI+PC9UQk9EWT48L1RBQkxFPjxCUj48QlI+PHRhYmxlIGNlbGxzcGFjaW5nPScxJyBjZWxscGFkZGluZz0nMScgd2lkdGg9JzYwMCcgYmdjb2xvcj0nIzY2NjY2Nic+PHRib2R5Pjx0ciBhbGlnbj0nbGVmdCc+PHRkIGJnY29sb3I9JyNmZmZmZmYnIGNvbHNwYW49JzMnPjxJTUcgc3JjPSdodHRwczovL2ltYWdlLnJha3V0ZW4uY28uanAvZGlldHNob3AvY2FiaW5ldC9jYW1wYWlnbi9jaGVjay5naWYnIHdpZHRoPSc2MDAnIGhlaWdodD0nMTAwJyBhbHQ9J6SzpM7JzMa3pPLZj8jrpLekv8jLpM+ks6TzpMrJzMa3pOKlwaWnpcOlr6S3pMakpKTepLmjoSc+PC90ZD48L3RyPjx0ciBhbGlnbj0nbGVmdCc+PHRkIGJnY29sb3I9JyNmZmZmZmYnIHdpZHRoPScxMDAnPjxJTUcgYm9yZGVyPScwJyBzcmM9J2h0dHBzOi8vaW1hZ2UucmFrdXRlbi5jby5qcC9kaWV0c2hvcC9jYWJpbmV0L2ltYWdlMjQvMTA1MzkyOC5qcGcnIHdpZHRoPSc3NScgaGVpZ2h0PSc3NSc+PC90ZD48dGQgYmdjb2xvcj0nI2ZmZmZmZicgY29sc3Bhbj0nMicgd2lkdGg9JzUwMCc+S0VOVKGhpdal6aXDpbel86Wwpdal6aW3oaFLTkgtMjYyNzxicj48YnI+PElNRyBib3JkZXI9JzAnIHNyYz0naHR0cHM6Ly9pbWFnZS5yYWt1dGVuLmNvLmpwL2RpZXRzaG9wL2NhYmluZXQvY2FtcGFpZ24vc3lvdXNhaS1zLmdpZic+PC90ZD48L3RyPjx0ciBhbGlnbj0nbGVmdCc+PHRkIGJnY29sb3I9JyNmZmZmZmYnIHdpZHRoPScxMDAnPjxJTUcgYm9yZGVyPScwJyBzcmM9J2h0dHBzOi8vaW1hZ2UucmFrdXRlbi5jby5qcC9kaWV0c2hvcC9jYWJpbmV0L2ltYWdlMjQvMTA1MzkyNC5qcGcnIHdpZHRoPSc3NScgaGVpZ2h0PSc3NSc+PC90ZD48dGQgYmdjb2xvcj0nI2ZmZmZmZicgY29sc3Bhbj0nMicgd2lkdGg9JzUwMCc+S0VOVCCl1qXtqWAgpaupYKXqpfOlsKXWpemlt6GhS05ILTU2MjQ8YnI+PGJyPjxJTUcgYm9yZGVyPScwJyBzcmM9J2h0dHBzOi8vaW1hZ2UucmFrdXRlbi5jby5qcC9kaWV0c2hvcC9jYWJpbmV0L2NhbXBhaWduL3N5b3VzYWktcy5naWYnPjwvdGQ+PC90cj48dHIgYWxpZ249J2xlZnQnPjx0ZCBiZ2NvbG9yPScjZmZmZmZmJyB3aWR0aD0nMTAwJz48SU1HIGJvcmRlcj0nMCcgc3JjPSdodHRwczovL2ltYWdlLnJha3V0ZW4uY28uanAvZGlldHNob3AvY2FiaW5ldC9pbWFnZTI0LzEwNTM5MjUuanBnJyB3aWR0aD0nNzUnIGhlaWdodD0nNzUnPjwvdGQ+IDx0ZCBiZ2NvbG9yPScjZmZmZmZmJyBjb2xzcGFuPScyJyB3aWR0aD0nNTI1Jz5LRU5UoaGlpqXDpcmlr6XDpbel56Xzpdal6aW3oaFLTkgtMzcyNjxicj48YnI+PElNRyBib3JkZXI9JzAnIHNyYz0naHR0cHM6Ly9pbWFnZS5yYWt1dGVuLmNvLmpwL2RpZXRzaG9wL2NhYmluZXQvY2FtcGFpZ24vc3lvdXNhaS1zLmdpZic+PC90ZD4gPC90cj4gPHRyIGFsaWduPSdsZWZ0Jz48dGQgYmdjb2xvcj0nI2ZmZmZmZicgd2lkdGg9JzEwMCc+PGltZyBib3JkZXI9JzAnIHNyYz0naHR0cHM6Ly9pbWFnZS5yYWt1dGVuLmNvLmpwL2RpZXRzaG9wL2NhYmluZXQvaW1hZ2UyNC8xMDUzOTMxLmpwZycgd2lkdGg9Jzc1JyBoZWlnaHQ9Jzc1Jz48L3RkPiA8dGQgYmdjb2xvcj0nI2ZmZmZmZicgY29sc3Bhbj0nMicgd2lkdGg9JzUyNSc+S0VOVKGhpdal6aXDpbel86Wwpdal6aW3oaFLTkgtMjIyODxicj48YnI+PElNRyBib3JkZXI9JzAnIHNyYz0naHR0cHM6Ly9pbWFnZS5yYWt1dGVuLmNvLmpwL2RpZXRzaG9wL2NhYmluZXQvY2FtcGFpZ24vc3lvdXNhaS1zLmdpZic+PC90ZD4gPC90cj4gPHRyIGFsaWduPSdsZWZ0Jz48dGQgYmdjb2xvcj0nI2ZmZmZmZicgd2lkdGg9JzEwMCc+PElNRyBib3JkZXI9JzAnIHNyYz0naHR0cHM6Ly9pbWFnZS5yYWt1dGVuLmNvLmpwL2RpZXRzaG9wL2NhYmluZXQvaW1hZ2UyNC8xMDUzOTI5LmpwZycgd2lkdGg9Jzc1JyBoZWlnaHQ9Jzc1Jz48L3RkPiA8dGQgYmdjb2xvcj0nI2ZmZmZmZicgY29sc3Bhbj0nMicgd2lkdGg9JzUyNSc+S0VOVKGhpdal6aXDpbel86Wwpdal6aW3oaFLTkgtMjIyODxicj48YnI+PElNRyBib3JkZXI9JzAnIHNyYz0naHR0cHM6Ly9pbWFnZS5yYWt1dGVuLmNvLmpwL2RpZXRzaG9wL2NhYmluZXQvY2FtcGFpZ24vc3lvdXNhaS1zLmdpZic+PC90ZD4gPC90cj4gPHRyIGFsaWduPSdsZWZ0Jz48dGQgYmdjb2xvcj0nI2ZmZmZmZicgd2lkdGg9JzEwMCc+PElNRyBib3JkZXI9JzAnIHNyYz0naHR0cHM6Ly9pbWFnZS5yYWt1dGVuLmNvLmpwL2RpZXRzaG9wL2NhYmluZXQvaW1hZ2UyNC8xMDUzOTM1LmpwZycgd2lkdGg9Jzc1JyBoZWlnaHQ9Jzc1Jz48L3RkPiA8dGQgYmdjb2xvcj0nI2ZmZmZmZicgY29sc3Bhbj0nMicgd2lkdGg9JzUyNSc+S0VOVKGhpdal6aXDpbel86Wwpdal6aW3o6aluaW/paSl6qXzpbCl1qXppbehoUtOSC00MjIwPGJyPjxicj48SU1HIGJvcmRlcj0nMCcgc3JjPSdodHRwczovL2ltYWdlLnJha3V0ZW4uY28uanAvZGlldHNob3AvY2FiaW5ldC9jYW1wYWlnbi9zeW91c2FpLXMuZ2lmJz48L3RkPiA8L3RyPiA8dHIgYWxpZ249J2xlZnQnPjx0ZCBiZ2NvbG9yPScjZmZmZmZmJyB3aWR0aD0nMTAwJz48SU1HIGJvcmRlcj0nMCcgc3JjPSdodHRwczovL2ltYWdlLnJha3V0ZW4uY28uanAvZGlldHNob3AvY2FiaW5ldC9pbWFnZTI0LzEwNTM5MzIuanBnJyB3aWR0aD0nNzUnIGhlaWdodD0nNzUnPjwvdGQ+IDx0ZCBiZ2NvbG9yPScjZmZmZmZmJyBjb2xzcGFuPScyJyB3aWR0aD0nNTI1Jz5LRU5UoaGl1qXppcOlt6XzpbCl1qXppbejpqW5pb+lpKXqpfOlsKXWpemlt6GhS05ILTQyMjQ8YnI+PGJyPjxJTUcgYm9yZGVyPScwJyBzcmM9J2h0dHBzOi8vaW1hZ2UucmFrdXRlbi5jby5qcC9kaWV0c2hvcC9jYWJpbmV0L2NhbXBhaWduL3N5b3VzYWktcy5naWYnPjwvdGQ+IDwvdHI+IDx0ciBhbGlnbj0nbGVmdCc+PHRkIGJnY29sb3I9JyNmZmZmZmYnIHdpZHRoPScxMDAnPjxJTUcgYm9yZGVyPScwJyBzcmM9J2h0dHBzOi8vaW1hZ2UucmFrdXRlbi5jby5qcC9kaWV0c2hvcC9jYWJpbmV0L2ltYWdlMjQvMTA1MzkzMC5qcGcnIHdpZHRoPSc3NScgaGVpZ2h0PSc3NSc+PC90ZD4gPHRkIGJnY29sb3I9JyNmZmZmZmYnIGNvbHNwYW49JzInIHdpZHRoPSc1MjUnPktFTlShoaXWpemlw6W3pfOlsKXWpemlt6Ompbmlv6Wkpeql86Wwpdal6aW3oaFLTkgtNDIyODxicj48YnI+PElNRyBib3JkZXI9JzAnIHNyYz0naHR0cHM6Ly9pbWFnZS5yYWt1dGVuLmNvLmpwL2RpZXRzaG9wL2NhYmluZXQvY2FtcGFpZ24vc3lvdXNhaS1zLmdpZic+PC90ZD4gPC90cj4gPHRyIGFsaWduPSdsZWZ0Jz48dGQgYmdjb2xvcj0nI2ZmZmZmZicgd2lkdGg9JzEwMCc+PElNRyBib3JkZXI9JzAnIHNyYz0naHR0cHM6Ly9pbWFnZS5yYWt1dGVuLmNvLmpwL2RpZXRzaG9wL2NhYmluZXQvaW1hZ2UyNC8xMDUzOTMzLmpwZycgd2lkdGg9Jzc1JyBoZWlnaHQ9Jzc1Jz48L3RkPiA8dGQgYmdjb2xvcj0nI2ZmZmZmZicgY29sc3Bhbj0nMicgd2lkdGg9JzUyNSc+S0VOVKGhpdal6aXDpbel86Wwpdal6aW3o6aluaW/paSl6qXzpbCl1qXppbehoUtOSC00NjIwPGJyPjxicj48SU1HIGJvcmRlcj0nMCcgc3JjPSdodHRwczovL2ltYWdlLnJha3V0ZW4uY28uanAvZGlldHNob3AvY2FiaW5ldC9jYW1wYWlnbi9zeW91c2FpLXMuZ2lmJz48L3RkPiA8L3RyPiA8dHIgYWxpZ249J2xlZnQnPjx0ZCBiZ2NvbG9yPScjZmZmZmZmJyB3aWR0aD0nMTAwJz48SU1HIGJvcmRlcj0nMCcgc3JjPSdodHRwczovL2ltYWdlLnJha3V0ZW4uY28uanAvZGlldHNob3AvY2FiaW5ldC9pbWFnZTI0LzEwNTM5MjcuanBnJyB3aWR0aD0nNzUnIGhlaWdodD0nNzUnPjwvdGQ+IDx0ZCBiZ2NvbG9yPScjZmZmZmZmJyBjb2xzcGFuPScyJyB3aWR0aD0nNTI1Jz5LRU5UoaGl1qXppcOlt6XzpbCl1qXppbejpqW5pb+lpKXqpfOlsKXWpemlt6GhS05ILTQ2MjQ8YnI+PGJyPjxJTUcgYm9yZGVyPScwJyBzcmM9J2h0dHBzOi8vaW1hZ2UucmFrdXRlbi5jby5qcC9kaWV0c2hvcC9jYWJpbmV0L2NhbXBhaWduL3N5b3VzYWktcy5naWYnPjwvdGQ+IDwvdHI+IDx0ciBhbGlnbj0nbGVmdCc+PHRkIGJnY29sb3I9JyNmZmZmZmYnIHdpZHRoPScxMDAnPjxJTUcgYm9yZGVyPScwJyBzcmM9J2h0dHBzOi8vaW1hZ2UucmFrdXRlbi5jby5qcC9kaWV0c2hvcC9jYWJpbmV0LzI5L2RmMDI3aXRlbS5qcGcnIHdpZHRoPSc3NScgaGVpZ2h0PSc3NSc+PC90ZD4gPHRkIGJnY29sb3I9JyNmZmZmZmYnIGNvbHNwYW49JzInIHdpZHRoPSc1MjUnPktFTlTR87f+pdal6aW3S05DLTM0MjI8YnI+PGJyPjxJTUcgYm9yZGVyPScwJyBzcmM9J2h0dHBzOi8vaW1hZ2UucmFrdXRlbi5jby5qcC9kaWV0c2hvcC9jYWJpbmV0L2NhbXBhaWduL3N5b3VzYWktcy5naWYnPjwvdGQ+IDwvdHI+IDx0ciBhbGlnbj0nbGVmdCc+PHRkIGJnY29sb3I9JyNmZmZmZmYnIHdpZHRoPScxMDAnPjxJTUcgYm9yZGVyPScwJyBzcmM9J2h0dHBzOi8vaW1hZ2UucmFrdXRlbi5jby5qcC9kaWV0c2hvcC9jYWJpbmV0LzI5L2RmMDI2aXRlbS5qcGcnIHdpZHRoPSc3NScgaGVpZ2h0PSc3NSc+PC90ZD4gPHRkIGJnY29sb3I9JyNmZmZmZmYnIGNvbHNwYW49JzInIHdpZHRoPSc1MjUnPktFTlTR87f+pdal6aW3S05DLTM2MjM8YnI+PGJyPjxJTUcgYm9yZGVyPScwJyBzcmM9J2h0dHBzOi8vaW1hZ2UucmFrdXRlbi5jby5qcC9kaWV0c2hvcC9jYWJpbmV0L2NhbXBhaWduL3N5b3VzYWktcy5naWYnPjwvdGQ+IDwvdHI+IDx0ciBhbGlnbj0nbGVmdCc+PHRkIGJnY29sb3I9JyNmZmZmZmYnIHdpZHRoPScxMDAnPjxpbWcgYm9yZGVyPScwJyBzcmM9J2h0dHBzOi8vaW1hZ2UucmFrdXRlbi5jby5qcC9kaWV0c2hvcC9jYWJpbmV0L2ltYWdlMjQvMTA1MzkyNi5qcGcnIHdpZHRoPSc3NScgaGVpZ2h0PSc3NSc+PC90ZD4gPHRkIGJnY29sb3I9JyNmZmZmZmYnIGNvbHNwYW49JzInIHdpZHRoPSc1MjUnPktFTlShoaXWpemlw6W3pfOlsKXWpemlt6Ompbmlv6Wkpeql86Wwpdal6aW3oaFLTkgtNDYyODxicj48YnI+PElNRyBib3JkZXI9JzAnIHNyYz0naHR0cHM6Ly9pbWFnZS5yYWt1dGVuLmNvLmpwL2RpZXRzaG9wL2NhYmluZXQvY2FtcGFpZ24vc3lvdXNhaS1zLmdpZic+PC90ZD48L3RyPjwvdGJvZHk+PC90YWJsZT48QlI+PGJyPo7auObOxNifo7rW6sq9u+HJ56XOqWCluaWmpael1qGhVGVsIDAxNDQtNTItMDAxODxicj48ZGl2IGlkPSJtaWdpLW9iaSI+Cgo8c3R5bGU+CiNtaWdpLW9iaSB7CnBvc2l0aW9uOiBhYnNvbHV0ZTsKdG9wOjEwNnB4OwpyaWdodDowcHg7CnBvc2l0aW9uOmZpeGVkOwpiYWNrZ3JvdW5kOgp1cmwoaHR0cHM6Ly9pbWFnZS5yYWt1dGVuLmNvLmpwL2RpZXRzaG9wL2NhYmluZXQvY2FtcGFpZ24vbWlnaS10YXRlYmFuYXRvb2wxMC5naWYpCnJlcGVhdC15IHJpZ2h0IHRvcCA7CndpZHRoOiA2MnB4Cn0KI21pZ2ktb2JpIGEgewpkaXNwbGF5OiBibG9jazsKaGVpZ2h0OiA0NDNweDsKd2lkdGg6IDYycHgKfQo8L3N0eWxlPgo8L2Rpdj4KCgo8c3R5bGUgdHlwZT0idGV4dC9jc3MiPgpzcGFuLnVuaXQgeyBiYWNrZ3JvdW5kOiB1cmwoaHR0cHM6Ly9pbWFnZS5yYWt1dGVuLmNvLmpwL2RpZXRzaG9wL2NhYmluZXQvY2FtcGFpZ24vdGhhbmt5b3Vjb3B1bi5naWYpIG5vLXJlcGVhdCBsZWZ0IHRvcDsgdGV4dC1pbmRlbnQ6Ci05OTk5OyBkaXNwbGF5OiBibG9jazsgd2lkdGg6IDQ2MDsgaGVpZ2h0OiA4MDsgbWFyZ2luOjE1cHggMDsgfQoKLyogyczGt8P7z8Kky76zvee+gKSsyOuk6yAqLwpzcGFuLml0ZW1fbmFtZSB7CiAgICBkaXNwbGF5OiBibG9jazsKICAgIGJvcmRlci1ib3R0b206IDJweCBkb3R0ZWQgI2RkZDsKICAgIHBhZGRpbmctYm90dG9tOiA4cHg7Cn0KCi8qIIH9uPGky5aYvoCkrKTEpK8gKi8KdGFibGUjcmFrdXRlbkxpbWl0ZWRJZF9jYXJ0IHsKICAgIGJhY2tncm91bmQtY29sb3I6ICNmOGY4Zjg7CiAgICBib3JkZXI6IDFweCBzb2xpZCAjZGRkOwogICAgcGFkZGluZzogOHB4OwogICAgbWFyZ2luOiAxNnB4IDA7Cn0KCnNwYW4ucHJpY2UxIHsKICAgIGNvbG9yOiAjMzMzICFpbXBvcnRhbnQ7CiAgICBmb250LXdlaWdodDogYm9sZDsKICAgIGZvbnQtc2l6ZTogODAlICFpbXBvcnRhbnQ7CiAgICBsaW5lLWhlaWdodDogMzBweDsKICAgIGRpc3BsYXk6IGlubGluZS1ibG9jazsKICAgIG1hcmdpbi1yaWdodDogMTZweDsKfQoKPC9zdHlsZT4=,Rm9vbGVlQmVhdXR5pdWpYKXqqWCl06XlqWClxqWjqWChoaXapcOlyNPDpbel46XzpdepYKGhNGyhoZhJhNXTw6O6pc6pYKW5paalp6XWob6lwKWkpailw6XIzajYnKG/,Rm9vbGVlQmVhdXR5pdWpYKXqqWCl06XlqWClxqWjqWChoaXapcOlyNPDpbel46XzpdepYKGhNGyhoZhJhNXTww==,zOzIu7PJt9bW98zlpM6hosakxHek5LG7w6uky4OepLekpKXapcOlyNPDpbGlotPDxrekx6S5oaOho0Zvb2xlZUJlYXV0eaXVqWCl6qlgpdOl5algpcalo6lgoaGl2qXDpcjTw6W3peOl86XXqWChoTRsoaGYSYTV08M=[rn]
31-51701,aHR0cDovL3RzaG9wLnIxMHMuanAvZG9nLWhpbGxzL2NhYmluZXQvbW9vMDA1XzEyLmpwZz9maXRpbj03MDA6NzAw,MzgwMS42MDAw,,pdqlw6XIP6XapcOlyKWwpcOluiA+IKXapcOlyNPDpKrK1sjrpOzTw8a3ID4gpbel46XzpdepYD+l6qXzpbkgPiClt6XjpfOl16lg,ob6lu6XDpcjJzMa3ob+hvk1hZGUgb2YgT3JnYW5pY3MgZm9yIERvZyAopeGlpKXJpaql1qWqqWClrKXLpa+luSmhv6WqqWClrKXLpcOlr6W3peOl86XXqWAzMDCj7aPso6als6Xzpcelo6W3peelyqlgMjUwo+2j7KW7pcOlyCCl1aWpqWAgpbul86W3pcalo6XWo6alyaXppaShoaG+y83Bz59vwc+hvw==,pbulw6XIpMfLzcHPn2/Bz6OhpKqkuaS5pOHJzMa3o6E=,PGZvbnQgc2l6ZT01PgqhuE1hZGUgb2YgT3JnYW5pY3MgKKXhpaSlyT+lqqXWP6WqqWClrKXLpa+luSmhuWZvciBEb2c8YnI+CqXqpcul5algpaKl66S3pN6kt6S/o6EKPC9mb250Pgo8YnI+CjxpbWcgc3JjPSJodHRwOi8vaW1hZ2UucmFrdXRlbi5jby5qcC9kb2ctaGlsbHMvY2FiaW5ldC9tb28wMDFfNTUwLmpwZyI+Cjxicj4KPGltZyBzcmM9Imh0dHA6Ly9pbWFnZS5yYWt1dGVuLmNvLmpwL2RvZy1oaWxscy9jYWJpbmV0L21vbzAwMV81NTBfMS5qcGciPgo8YnI+PGJyPgo8aW1nIHNyYz0iaHR0cDovL2ltYWdlLnJha3V0ZW4uY28uanAvZG9nLWhpbGxzL2NhYmluZXQvbW9vMDA1XzExLmpwZyI+Cjxicj48YnI+Cjxmb250IHNpemU9Mj4KP59v3nLLYaTOpOikpqTKsLLQxLjQPGJyPgo/yq/TzdPJwLSzybfWoaK7r9Gnus+zybPJt9akz9K7x9DKudPDpLekxqSqpOqk3qS7pPOhozxicj4KP8rAveekx9fupOKFl6S3pKSlqqlgpayly6XDpa/VSraoh+LM5aTOpNKkyKTEpMekoqTrobhBQ0+jqEFVU1RSQUxJQU4gQ0VSVElGSUVEIE9SR0FOSUOjqaG5pM7VSraopPLIobXDpLekxqSkpN6kuaGjPGJyPgo/kNvIrqTLpM+k4qTBpO2k86GipaqpYKXKqWCYlKTOvKGky6Tig56kt6SkyczGt6THpLmhowo8YnI+PGJyPgo8YSBocmVmPSJodHRwOi8vaXRlbS5yYWt1dGVuLmNvLmpwL2RvZy1oaWxscy9jLzAwMDAwMDA0MzIvIj6h8U1hZGUgb2YgT3JnYW5pY3MgKKXhpaSlyT+lqqXWP6WqqWClrKXLpa+luSnSu9NFPC9hPjxicj48YnI+Cjxocj4K1NqO7Mr9pPKzrKSopOuktNeizsSkz6SqyKGk6rzEpLujqDItM8jVo6mkyKTKpOqk3qS5oaM8YnI+CqSqmt3dWKTLpKqGlrrPpLvPwqS1pKShozxicj4KPGEgaHJlZj0ibWFpbHRvOmRvZy1oaWxsc0BjaWVsdmllbnRvLmNvbSI+ZG9nLWhpbGxzQGNpZWx2aWVudG8uY29tPC9hPjxicj48L2ZvbnQ+PGJyPgoKPGhyPgo8Zm9udCBzaXplPTUgY29sb3I9cmVkPgqYSYTV08M0TKW7pcOlyKTPPGJyPgqkoqS5mFOMnY/qP8vNwc+fb8HPP6XdpaSl86XIMTCxtqTHpKq1w6THpLmhowo8YnI+PGEgaHJlZj0iaHR0cDovL2l0ZW0ucmFrdXRlbi5jby5qcC9kb2ctaGlsbHMvbW9vMDA1XzEvIj6ks6TBpOmkq6TppMmkpqS+oe88L2E+PC9mb250Pgo8aHI+PGhyPgqhvsvNwc+fb8HPpMekqr3spLHWwqS3pN6kuaGjob88YnI+CjUwMDCD0s60nLqkx6Tiy83Bz59vwc+kzszYhGWlu6XDpcg8YnI+Cptfv0k/63iNdaTPhGXBz73wpMukyqTqpN6kuaGjPGJyPgql4algpeux46TOjJ2P6qTPpMekraTepLuk86GjPGJyPgo8aHI+CqHxyrnTw8baz95CZXN0IEJlZm9yZaO6MjAxNsTqNdTC0tS9tQo8YnI+PGJyPgoK19TIu6TOkHuk36Tyu+6kq6S3pL/IrtPDpM6lqqlgpayly6XDpa+lt6XjpfOl16lgo6als6Xzpcelo6W3peelyqlgpM6lu6XDpcihozxicj4KPGJyPgrWss7v0NSlqqWkpeukq6Tpyq/7eLPJt9akrNf3pOmk7KTGpKSk66S/pOGhos+0m7fBpqSspKKk6qTKpKyk6bXNtMy8pKTHoaKl0aXUqWCjqNPXyK6jqaGipbely6WiyK6ky6TipKqkuaS5pOGkx6S5oaMgPGJyPjxicj4Kob7S1M/CpPK6rKTfpN6ku6Tzob8gyq/TzdPJwLSzybfWoaK6z7PJvefD5rvu0NSEiKGipemlpqXqpevB8svhpcqlyKXqpaal4KGipbel6qWzpfOhorrPs8ml3aXqpd6pYKGius+zybfAuK+EiKGipdGl6aXZpfOkyqTJpM66z7PJsaO05sHPoaK6z7PJyavL2KGius+zyc/jwc+hot96gbvX071NpN+TUaSo1rLO77PJt9ahooTTzu/Q1LPJt9ahoSCh+YTTzu+MZ/JZpM/Su8fQ0NCkw6TGpKSk3qS7pPOhozxicj4gCjxicj4KPGJyPgq7rcPmyc+kyIxnzu+kx6TPtuDJ2cmrvt+6z6SsrpCkyqTDpMbSiqSopOuI9rrPpOKktKS2pKSk3qS5oaM8YnI+CqS0wcuz0KSvpMCktaSkoaMgPGJyPjxJbWcgU3JjPSJodHRwOi8vaW1hZ2UucmFrdXRlbi5jby5qcC9kb2ctaGlsbHMvY2FiaW5ldC9iYW5hL2xvZ29fc3A1NTAuanBnIiBzdHlsZT0iYm9yZGVyOjFweCBzb2xpZCAjNjY2NjY2Ij48YnI+PEltZyBTcmM9Imh0dHA6Ly9pbWFnZS5yYWt1dGVuLmNvLmpwL2RvZy1oaWxscy9jYWJpbmV0L2JhbmEvazlfNTUwLmpwZyIgc3R5bGU9ImJvcmRlcjoxcHggc29saWQgIzY2NjY2NiI+PGJyPgo8SW1nIFNyYz0iaHR0cDovL2ltYWdlLnJha3V0ZW4uY28uanAvZG9nLWhpbGxzL2NhYmluZXQvYmFuYS9kZ2xzNTUwXzIwLmpwZyIgc3R5bGU9ImJvcmRlcjoxcHggc29saWQgIzY2NjY2NiI+PGJyPgoKPGJyPg==,ob6lu6XDpcjJzMa3ob+hvk1hZGUgb2YgT3JnYW5pY3MgZm9yIERvZyAopeGlpKXJpaql1qWqqWClrKXLpa+luSmhv6WqqWClrKXLpcOlr6W3peOl86XXqWAzMDCj7aPso6als6Xzpcelo6W3peelyqlgMjUwo+2j7KW7pcOlyCCl1aWpqWAgpbul86W3pcalo6XWo6alyaXppaShoaG+y83Bz59vwc+hv6O6RE9HIEhJTExTIE9ubGluZSBTdG9yZQ==,paSl86XdqWClyKXJpcOlsKWmpaeloqXJpbCl66W5oaHNqNicoaHIrtPDpbWl86Wwpemluciu08OltKlgpbCl68iu08Olz6lgpc2luaGhpO+k86SzpM6l6qXipcqlpKXISzmlyqXBpeWl6aXrQVBEQ9RVpKKk6qXSpcOl16XJpa6pYKGhzajYnMK5yOLO5cnFoaHNqNicpKqkv6ThpLelu6XDpcilsalgpcqlpKXzpcqlwaXlpeml66XhqWCl67HjpcmlrqlgpceltqWkpfOhoc2o2Jyl66WkpbmlyaXDpbChoc2o2JylwaXvpe+lyKWkpdepYKXJpeult6XlpcqlpqW2qWCl6Klgpa+lt6XjqWClxqXqpaKhvqW7pcOlyMnMxrehv6G+TWFkZSBvZiBPcmdhbmljcyBmb3IgRG9nICil4aWkpcmlqqXWpaqpYKWspculr6W5KaG/paqpYKWspculw6Wvpbel46XzpdepYDMwMKPto+yjpqWzpfOlx6Wjpbel56XKqWAyNTCj7aPspbulw6XIIKXVpampYCClu6XzpbelxqWjpdajpqXJpemlpKGhob7LzcHPn2/Bz6G/,pbulw6XIpMfLzcHPn2/Bz6OhpKqkuaS5pOHJzMa3o6Gho6G+pbulw6XIyczGt6G/ob5NYWRlIG9mIE9yZ2FuaWNzIGZvciBEb2cgKKXhpaSlyaWqpdalqqlgpayly6Wvpbkpob+lqqlgpayly6XDpa+lt6XjpfOl16lgMzAwo+2j7KOmpbOl86XHpaOlt6XnpcqpYDI1MKPto+ylu6XDpcggpdWlqalgIKW7pfOlt6XGpaOl1qOmpcml6aWkoaGhvsvNwc+fb8HPob8=[rn]
31-51702,aHR0cDovL3RzaG9wLnIxMHMuanAvZG9nLWhpbGxzL2NhYmluZXQvaXNvZDAwN18xLmpwZz9maXRpbj03MDA6NzAw,MjE2MC4wMDAw,,pdqlw6XIP6XapcOlyKWwpcOluiA+IKXapcOlyNPDpKrK1sjrpOzTw8a3ID4gpbel46XzpdepYD+l6qXzpbkgPiClt6XjpfOl16lg,ob5Jc2xlIG9mIERvZ3MopaKlpKXrpaql1qXJpcOlsKW5KaG/Tm8uMSCl0aXUqWCl1aWpqWCl36XlpemlpKXWpcul86Wwpdel6qXgpe2pYKW6pbel46XzpdepYCAgMjUwo+2j7A==,ob41MDAwg9LS1MnPpMfLzcHPn2/Bz6G/oe/D17n6pcmlw6Wwpbel56lgpdel7dP508PfX6Oh,PGZvbnQgc2l6ZT01Pgo8Y2VudGVyPqG4paKlpKXrP6WqpdY/pcmlw6WwpbmjqElzbGUgb2YgRG9nc6Opobk8YnI+CkNPQVRVUkWjqKWvpcGl5algpeujqaW3peqpYKW6PC9mb250Pgo8YnI+CjxpbWcgc3JjPSJodHRwOi8vaW1hZ2UucmFrdXRlbi5jby5qcC9kb2ctaGlsbHMvY2FiaW5ldC9pc29kMDA3XzEuanBnIj4KPGJyPjxicj48L2NlbnRlcj4KCjxmb250IHNpemU9Mj4KSXNsZSBvZiBEb2dzpM+hoqXJpcOlsKW3peepYKTOpcGl46XzpdSlqqXzpMqkycrAveekzqXXpe2l1aWnpcOlt6Xnpcql66SskNvTw6S5pOuQ28iupM6e6aTOpbCl66lgpd+l86Ww08PGt6THpLmhozxicj4K1+6437yJpM7UrcHPpPLKudPDpLehosakxHekzr2hv7WkyMOrpM6SUaSkpOSkuaS1pPLNrJVypMuMZ6xGpLmk66S/pOGky+lfsGuktaTspN6kt6S/oaMKPGJyPgqjs7bO60Gky6TvpL+kw6TGzqLD7qTLieS7r6S3s9a+QaS5pOvYTqSrpMql1aXspbCl6aXzpbmkz8rAveelyKXDpdelr6XppbmkztK7wffVe8/jjp+krLP00pmkzuSEpKSQ28iupL+kwaTOnumky8zYhGWky6XWpeyl86XJpLWk7KS/pOKkzqTHpLmhowo8YnI+Csirw9ek5Mir06KkzqXJpcOlsKW3peepYMjr2XDIrqSsyv224KSvkNvTw6S5pOul6aWwpbil5aWipeqpYKTKMbG+pPLKx7fHpKqa3aTLyOuk6qTLvNOkqKTGz8KktaSkoaMKPGJyPjxicj4KPGEgaHJlZj0iaHR0cDovL2l0ZW0ucmFrdXRlbi5jby5qcC9kb2ctaGlsbHMvYy8wMDAwMDAwNDMxLyI+ofFJU0xFIE9GIERPR1MopaKlpKXrpaql1qXJpcOlsKW5KdK700U8L2E+PGJyPjxicj4KPGEgaHJlZj0iaHR0cDovL2l0ZW0ucmFrdXRlbi5jby5qcC9kb2ctaGlsbHMvaXNvZDAwMS8iPk5vLiAxMCBFdmVuaW5nIFByaW1yb3NlIE9pbCBTaGFtcG9vPC9hPsirpMakzsiut07Tw6W3peOl86XXqWA8YnI+CjxhIGhyZWY9Imh0dHA6Ly9pdGVtLnJha3V0ZW4uY28uanAvZG9nLWhpbGxzL2lzb2QwMDIvIj5Oby4gNTEgSGVhdnkgTWFuYWdlbWVudCBDb25kaXRpb25lcjwvYT6l6qXDpcGkx73+zbjQ1KTOuN+kpKWzpfOlx6Wjpbel56XKqWA8YnI+CjxhIGhyZWY9Imh0dHA6Ly9pdGVtLnJha3V0ZW4uY28uanAvZG9nLWhpbGxzL2lzb2QwMDMvIj5Oby4gNTAgTGlnaHQgTWFuYWdlbWVudCBDb25kaXRpb25lcjwvYT6lt6Xrpa+kzrjQtKWkyN14pK2ho8P0uNCkysakxHeky6TioaM8YnI+CjxhIGhyZWY9Imh0dHA6Ly9pdGVtLnJha3V0ZW4uY28uanAvZG9nLWhpbGxzL2lzb2QwMDQvIj5Oby4gMTYgV2hpdGUgQ29hdCBFdmVuaW5nIFByaW1yb3NlIE9pbCBTaGFtcG9vPC9hPqTopOqw16Svpa+l6qlgpfOky6GjsNfJq6TOyK7Twzxicj4KPGEgaHJlZj0iaHR0cDovL2l0ZW0ucmFrdXRlbi5jby5qcC9kb2ctaGlsbHMvaXNvZDAwNS8iPk5vLiAxNyBDb3BwZXIgQ29hdCBFdmVuaW5nIFByaW1yb3NlIE9pbCBTaGFtcG9vPC9hPqW0qWCl66XJoaKy6M+1pM7IrtPDPGJyPgo8YSBocmVmPSJodHRwOi8vaXRlbS5yYWt1dGVuLmNvLmpwL2RvZy1oaWxscy9pc29kMDA2LyI+Tm8uIDE4IEVQTyBCbGFjayBDb2F0IFNoYW1wb288L2E+pLOksrLooaL8XM+1pM7IrtPDPGJyPgo8YSBocmVmPSJodHRwOi8vaXRlbS5yYWt1dGVuLmNvLmpwL2RvZy1oaWxscy9pc29kMDA3LyI+Tm8uIDAxIEV2ZW5pbmcgUHJpbXJvc2UgT2lsIFB1cHB5IFNoYW1wb288L2E+yfrh4TjfTMS/0tS9taSrpOnKuaSopOuz9aThpMakzqW3peOl86XXqWA8YnI+CjxhIGhyZWY9Imh0dHA6Ly9pdGVtLnJha3V0ZW4uY28uanAvZG9nLWhpbGxzL2lzb2QwMDgvIj5Oby4gMTIgRVBPIFZldGVyaW5hcnkgR3JhZGUgU2hhbXBvbzwvYT6h76WrpeulyLXEyMua3cnMxreho9e/1L2kt6S/xrfZfDxicj4KPGEgaHJlZj0iaHR0cDovL2l0ZW0ucmFrdXRlbi5jby5qcC9kb2ctaGlsbHMvaXNvZDAwOS8iPk5vLiAyMCBSb3lhbCBKZWxseSBTaGFtcG9vPC9hPqXtqWCl5KXrpbyl6qlgpKzDq6TOsGvT/aTy1vqksaTepLmhozxicj4KPGEgaHJlZj0iaHR0cDovL2l0ZW0ucmFrdXRlbi5jby5qcC9kb2ctaGlsbHMvaXNvZDAxMC8iPk5vLiAzMyBDb2Fyc2UgQ29hdCBTaGFtcG9vPC9hPtOypKTDq9l8pM7IrtPDoaOlxqXqpaKhoqWzpeqpYKGipcGl46WmpcGl46WmpMqkyaGjPGJyPgo8YSBocmVmPSJodHRwOi8vaXRlbS5yYWt1dGVuLmNvLmpwL2RvZy1oaWxscy9pc29kMDExLyI+Tm8uIDYyIERldGFuZ2xlIENvbmRpdGlvbmluZyBNaXN0PC9hPqHvpaul66XItcTIy5rdyczGt6TOpbCl66lgpd+l86Wwpbml16XsqWA8YnI+CjxhIGhyZWY9Imh0dHA6Ly9pdGVtLnJha3V0ZW4uY28uanAvZG9nLWhpbGxzL2lzb2QwMTIvIj5Oby4gNjMgRXZlbmluZyBQcmltcm9zZSBPaWwgQ29uZGl0aW9uaW5nIE1pc3Q8L2E+xKe3qKTOpNKkyLS1pK2kyLr0pNCk7KTr1tChq+lMw6vIrrdO08OluaXXpeypYDxicj4KPC9mb250Pjxicj4KPGhyPgo8aHI+CqXhqWCl67HjjJ2P6rK7v8mjqNWsxeSx46TOpN+kx6S5oaOjqQo8YnI+PGJyPgqh+TUwMDCD0tLUyc+kx8vNwc+fb8HPpMekuaGjCjxicj48aHI+CgoKob7JzMa3zNiP1aG/PGJyPgrX08iupM6kz6S4pOGkxqTOpbel46XzpdepYMzl8lmjodfTyK6ky9fu322kyqXspdml66TOsdjtmtast77L4aTIz7Sbt7PJt9ak8sXkus+kt6Gi19PIrqTOxqTDq6TLg56kt6SvpceltqWkpfOktaTspMakpKTepLmho8DkyLSIUpOSpaSl1qXLpfOlsKXXpeql4KXtqWCluqWqpaSl66Oo1MLSirLdpaqlpKXro6mk8tb3s8m31qTIpLehor3+zbjQ1KTOpKKk66S1pOmktaTppLekv6WqpaSl67PJt9akz6Gi19PIrqTOxqTDq6TOsaPKqsGmpPK436Thx6zU76Tyt8CkrqGivaGk5KSrpMrGpMOrpPK+U7PWpLek3qS5oaPJ+uHhON9MxL/S1L21pM7X08iu08Okx6S5oaMKCjxicj4Kob7UrbLEwc+hvzxicj4Ky66hoqXppaal7KW5wfLL4U5hoaKls6Wrpd+lyURFQaGipaKlr6XqpevL4aWipeulraXrpbOl3aXqpd6pYKGipbiluaXGpaKl6qXzy+FQRUctM6Gi1MLSirLd082hos/jwc+hokRNRE2l0qXApfOlyKWkpfOhoqXWpcGl66Wrpeul0KXfpfPL4aXopaa7r6XXpe2l1KXLpeuhoqWvpail88vhoaKJY7uvpcqlyKXqpaal4CAKCjxicj4Kob7P46Tqob88YnI+CqXppaSlyKTHpdWl7KXDpbel5aTKz+Ok6jxicj4KPGJyPgqhvsTayN3Bv6G/PGJyPgoyNTBtbAo8YnI+PGJyPgq7rcPmyc+kyIxnzu+kx6TPtuDJ2cmrvt+6z6SsrpCkyqTDpMbSiqSopOuI9rrPpOKktKS2pKSk3qS5oaM8YnI+CqS0wcuz0KSvpMCktaSkoaMgPGJyPgo8YnI+Cjxicj4Ko9uloqWkpeulqqXWpcmlw6Wwpbkv1+6437yJpcmlw6Wwpbel46XzpdepYC/X08iu08Olt6XjpfOl16lgL6Wipe2l3qTOz+Ok6i/NqNicyczGty+8tMjVsGvLzaPdPEltZyBTcmM9Imh0dHA6Ly9pbWFnZS5yYWt1dGVuLmNvLmpwL2RvZy1oaWxscy9jYWJpbmV0L2JhbmEvbG9nb19zcDU1MC5qcGciIHN0eWxlPSJib3JkZXI6MXB4IHNvbGlkICM2NjY2NjYiPjxicj48SW1nIFNyYz0iaHR0cDovL2ltYWdlLnJha3V0ZW4uY28uanAvZG9nLWhpbGxzL2NhYmluZXQvYmFuYS9rOV81NTAuanBnIiBzdHlsZT0iYm9yZGVyOjFweCBzb2xpZCAjNjY2NjY2Ij48YnI+CjxJbWcgU3JjPSJodHRwOi8vaW1hZ2UucmFrdXRlbi5jby5qcC9kb2ctaGlsbHMvY2FiaW5ldC9iYW5hL2RnbHM1NTBfMjAuanBnIiBzdHlsZT0iYm9yZGVyOjFweCBzb2xpZCAjNjY2NjY2Ij48YnI+Cgo8YnI+,ob5Jc2xlIG9mIERvZ3MopaKlpKXrpaql1qXJpcOlsKW5KaG/Tm8uMSCl0aXUqWCl1aWpqWCl36XlpemlpKXWpcul86Wwpdel6qXgpe2pYKW6pbel46XzpdepYCAgMjUwo+2j7KO6RE9HIEhJTExTIE9ubGluZSBTdG9yZQ==,paSl86XdqWClyKXJpcOlsKWmpaeloqXJpbCl66W5oaHNqNicoaHIrtPDpbWl86Wwpemluciu08OltKlgpbCl68iu08Olz6lgpc2luaGhpO+k86SzpM6l6qXipcqlpKXISzmlyqXBpeWl6aXrQVBEQ9RVpKKk6qXSpcOl16XJpa6pYKGhzajYnMK5yOLO5cnFoaHNqNicpKqkv6ThpLelu6XDpcilsalgpcqlpKXzpcqlwaXlpeml66XhqWCl67HjpcmlrqlgpceltqWkpfOhoc2o2Jyl66WkpbmlyaXDpbChoc2o2JylwaXvpe+lyKWkpdepYKXJpeult6XlpcqlpqW2qWCl6Klgpa+lt6XjqWClxqXqpaKhvklzbGUgb2YgRG9ncyiloqWkpeulqqXWpcmlw6Wwpbkpob9Oby4xIKXRpdSpYKXVpampYKXfpeWl6aWkpdaly6XzpbCl16XqpeCl7algpbqlt6XjpfOl16lgICAyNTCj7aPs,ob41MDAwg9LS1MnPpMfLzcHPn2/Bz6G/oe/D17n6pcmlw6Wwpbel56lgpdel7dP508PfX6OhoaOhvklzbGUgb2YgRG9ncyiloqWkpeulqqXWpcmlw6Wwpbkpob9Oby4xIKXRpdSpYKXVpampYKXfpeWl6aWkpdaly6XzpbCl16XqpeCl7algpbqlt6XjpfOl16lgICAyNTCj7aPs[rn]
31-51703,aHR0cDovL3RzaG9wLnIxMHMuanAvYmlrZW5zaG9wL2NhYmluZXQvbnMvbXMwMi94cm8tbXMxNTExMjQwMi5qcGc/Zml0aW49NzAwOjcwMA==,MTM4Mi40MDAw,,pdqlw6XIP6XapcOlyKWwpcOluiA+IKXapcOlyNPDpKrK1sjrpOzTw8a3ID4gpbel46XzpdepYD+l6qXzpbkgPiClt6XjpfOl16lg,obql7aXtINSRzObTw6XapcOlyNPDpbel46XzpdepYKG7o9tMT0xPo92hvjMwMDCD0tLUyc/LzcHPn2/Bz6G/ob4gpdqlw6XI08Olt6XjpfOl16lgIMiu08Mgw6jTwyClt6XjpfOl16lgIJ9vzO280yDI1bG+0XUg1JHM5qSoIKW1peql5aWmob+hvqSipLmYU4ydj+pfvfzn3KG/,xd3BoqTGsrvSqqTOpdWlqalgpeClv6Wkpdehow==,PHRhYmxlIGNsYXNzPSJzd2giPjxmb250IHNpemU9IjIiPjx0cj48dGQgd2lkdGg9IjEwMiIgYmdjb2xvcj0iI0ZGRUVDQyI+yczGt8P7PC90ZD48dGQgd2lkdGg9IjUzNSI+pe2l7SDUkczm08Ol2qXDpcjTw6W3peOl86XXqWA8L3RkPjwvdHI+PC9mb250Pjxmb250IHNpemU9IjIiPjx0cj48dGQgd2lkdGg9IjEwMiIgYmdjb2xvcj0iI0ZGRUVDQyI+yczGt9Vow/c8L3RkPjx0ZCB3aWR0aD0iNTM1Ij7LvaS/pMGkzsS6pOmkt6TLoaLX7rjfpM6wstDEpPKhozxicj6wstDEpLekxtKwssukrM+0pKik6zEwMKOl1rLO79PJwLSzybfWoaKfb8ztvNOku6TDpLGk86GjPGJyPsvJpMjTzaTIy66kzqTfpMfX96TppOykv7yD1rLO78qvpLGk86THpLmhozxicj7FxcuupM/Oosn6zu+ky6TopOq2/svhu6/Mv8vYpMjLrqTLt9a94qS1pOyhotfUyLuky9+ApOqk3qS5oaM8YnI+g56k7KS/z7Sbt8GmpMebQaTspOTrar76pPKkuaTDpK2k6s+0pKSk3qS5oaM8YnI+1JGk4czmpKilv6Wkpdekz7HjwPukyqWtpeOlw6XXuLakraTHoaK6w6StpMq31qTApLHUkaThzOakqKTGstCk6qTPsaO05r/JxNykx6S5oaM8YnI+xd3BoqTGsrvSqqTOpdWlqalgpeClv6Wkpdehozxicj6l2qXDpcikzsP0uNDGpMR3pMixu8OrpMvX7qTipOSktaS3pK/P4NDUpM7BvKSkpbel46XzpdepYKTHpLmhozwvdGQ+PC90cj48L2ZvbnQ+PGZvbnQgc2l6ZT0iMiI+PHRyPjx0ZCB3aWR0aD0iMTAyIiBiZ2NvbG9yPSIjRkZFRUNDIj7E2sjdwb88L3RkPjx0ZCB3aWR0aD0iNTM1Ij41MDBtbDwvdGQ+PC90cj48L2ZvbnQ+PGZvbnQgc2l6ZT0iMiI+PHRyPjx0ZCB3aWR0aD0iMTAyIiBiZ2NvbG9yPSIjRkZFRUNDIj7JzMa3pMukxKSkpMY8L3RkPjx0ZCB3aWR0aD0iNTM1Ij4/zNXG96TP1vezybfWpKzNwaTHpMekraTGpKSk3qS5oaO4R6TOzsK2yKTkzcGkzsTayN3O76TLpOik6piUoamkyrHtx+mk8qTEpK+k6qGiPGJyPoOepLekr87CpKukyu9Mus+kpKSszNiP1aTHpLmho5+Gs8m3vbeopOLL4buvP9+A1KqkyqTJ0XXGt6TLpOikw6TGrpCkyqTqoaI8YnI+zaykuNF1xrekx6Ti0rukxNK7pMSky99gpKSkrKSipOqhoqS9pOykrMzVxvekzvfIwaakyKTKpMOkxqSkpN6kuaGjPGJyPs78hafQ1KSspKKk6qGiyrnTw6S3pMakpKSv316zzKTHpKakxKTvpM6z1qTEobjOtqTvpKShuaTLieS7r6Oo1veky9ieyOs/mt3F3aOppKw8YnI+0oqk6aTspN6kuaSspLTKudPDpMuy7qS31qekqKSipOqk3qS7pPOkzqTHoaKkvaTOpN6k3qSqyrmkpKSkpL+kwKSxpN6kuaGjPGJyPjxicj4/zOzIu8S+pPLKudPDpLekv8nMxrekz6GineK1raTLpNCk6aTEpK2krLP2pOuI9rrPpKyktKS2pKSk3qS5oaM8L3RkPjwvdHI+PC9mb250Pjxmb250IHNpemU9IjIiPjx0cj48dGQgd2lkdGg9IjEwMiIgYmdjb2xvcj0iI0ZGRUVDQyI+pbel6qlgpbo8L3RkPjx0ZCB3aWR0aD0iNTM1Ij5OQVRVUkFMIFNUWUxFPGJyPjxicj7DwKS3pK+9ob+1tcSkx9DE2E6kq6TKxLqk6aS3pPKP6tSupLmk66Xqpemlr6W8qWClt6XnpfOl1qXppfOlyaGjPC90ZD48L3RyPjwvZm9udD48Zm9udCBzaXplPSIyIj48dHI+PHRkIHdpZHRoPSIxMDIiIGJnY29sb3I9IiNGRkVFQ0MiPsa3t6w8L3RkPjx0ZCB3aWR0aD0iNTM1Ij4wNzUwMS03PC90ZD48L3RyPjwvZm9udD48Zm9udCBzaXplPSIyIj48dHI+PHRkIHdpZHRoPSIxMDIiIGJnY29sb3I9IiNGRkVFQ0MiPqXhqWClq6lgPC90ZD48dGQgd2lkdGg9IjUzNSI+TE9MTyCjqKXtpe2jqSA8L3RkPjwvdHI+PC9mb250PjwvdGFibGU+PHN0cm9uZz48Zm9udCBzaXplPSIyIj48Zm9udCBjb2xvcj0iI2ZmMDAwMCI+y83Bz6O6NTI1g9KhoTMsMDAwg9LS1MnPpKrZScnPpLKkx59vwc+joTxCUj48Zm9udCBjb2xvcj0iIzY2NjY2NiI+o6ibX79JP9K7sr/reI11tdjT8qTP0rvCyTEsMjk2g9KjqMuw3nqk36OppMikyqTqpN6kuaTOpMektMHLs9Ckr6TApLWkpKGjCqOpPC9mb250PjxCUj48QlI+yczGt7T60v2kzoj2us+kz6GihGXNvrT60v3K1sr9wc+krDMxNYPSsdjSqqTHpLmhozxicj4go6g2LDAwMIPS0tTJz6Sq2UnJz6SypMefb8HPo6GjqTwvZm9udD48L2ZvbnQ+PC9zdHJvbmc+Cjxicj48YnI+Cjxmb250IGNvbG9yPSIjOTk5OTAwIiBzaXplPSIyIj48c3Ryb25nPqH5pLTTRaTOpcelo6W5pdel7KWko6il4qXLpb+pYKOppMuk6KTDpMakz6GiPGJyPoxn60ikzsnMxrekzqSqyaujqKWrpempYKOppMiukKTKpOuI9rrPpKyktKS2pKSk3qS5pM6kx9PopOGktMHLs9Ckr6TApLWkpKGjPC9zdHJvbmc+PC9mb250Pjxicj48aW1nIHNyYz0iaHR0cDovL2ltYWdlLnJha3V0ZW4uY28uanAvYmlrZW5zaG9wL2NhYmluZXQvbWkvdG9waW1nL2xvbG8ta3lvdXR1dV95aS5qcGciIHdpZHRoPSI2MDAiIGhlaWdodD0iMzAwIiBib3JkZXI9IjAiIC8+PGJyPgo8YnI+Cgo8dGFibGUgd2lkdGg9IjYwMCIgYm9yZGVyPSIwIiBjZWxscGFkZGluZz0iMiIgY2VsbHNwYWNpbmc9IjAiPgogIDx0cj4KICAgIDx0ZD48Y2VudGVyPjxmb250IHNpemU9IjIiPjxpbWcgc3JjPSJodHRwOi8vaW1hZ2UucmFrdXRlbi5jby5qcC9iaWtlbnNob3AvY2FiaW5ldC9taS90b3BpbWcvcG93ZXJ1YmUtX3lpMDAuanBnImJvcmRlcj0iMCI+PGJyPgogICAgICAgIKXRpe+pYKWtpeWpYKXWPGJyPgogICAgICAgIDwvZm9udD4KICAgIDwvY2VudGVyPiAgICA8L3RkPgogICAgCiAgICA8dGQ+PGNlbnRlcj48Zm9udCBzaXplPSIyIj48aW1nIHNyYz0iaHR0cDovL2ltYWdlLnJha3V0ZW4uY28uanAvYmlrZW5zaG9wL2NhYmluZXQvbWkvdG9waW1nL3l1a2l3YV9ibnlpLmpwZyJib3JkZXI9IjAiPjxicj4KICAgICAgICBZVUtJV0EopealraXvo6k8YnI+CiAgICAgICAgPC9mb250PgogICAgPC9jZW50ZXI+ICAgIDwvdGQ+CiAgICA8dGQ+PGNlbnRlcj48Zm9udCBzaXplPSIyIj48aW1nIHNyYz0iaHR0cDovL2ltYWdlLnJha3V0ZW4uY28uanAvYmlrZW5zaG9wL2NhYmluZXQvbWkvdG9waW1nL3BldWdlb3RfeWkuanBnImJvcmRlcj0iMCI+PGJyPgogICAgICAgIKXXpbil56lgPGJyPgogICAgICAgIDwvZm9udD4KICAgIDwvY2VudGVyPiAgICA8L3RkPgoJPHRkPjxjZW50ZXI+PGZvbnQgc2l6ZT0iMiI+PGltZyBzcmM9Imh0dHA6Ly9pbWFnZS5yYWt1dGVuLmNvLmpwL2Jpa2Vuc2hvcC9jYWJpbmV0L21pL3RvcGltZy9icmFiYW50aWFfeWkwMC5qcGciYm9yZGVyPSIwIj48YnI+CiAgICAgICAgpdal6aXQpfOlt6WiPGJyPgogICAgICAgIDwvZm9udD4KICAgIDwvY2VudGVyPiAgICA8L3RkPgogIDwvdHI+CiAgPHRyPgogICAgPHRkPjxjZW50ZXI+PGZvbnQgc2l6ZT0iMiI+PGltZyBzcmM9Imh0dHA6Ly9pbWFnZS5yYWt1dGVuLmNvLmpwL2Jpa2Vuc2hvcC9jYWJpbmV0L25oLzEzMDAwMjAuanBnImJvcmRlcj0iMCI+PGJyPgogICAgICAgIKXcpcypYKXrpbel6qlgpbo8YnI+CiAgICAgICAgPC9mb250PgogICAgPC9jZW50ZXI+ICAgIDwvdGQ+CiAgICA8dGQ+PGNlbnRlcj48Zm9udCBzaXplPSIyIj48aW1nIHNyYz0iaHR0cDovL2ltYWdlLnJha3V0ZW4uY28uanAvYmlrZW5zaG9wL2NhYmluZXQvbmgvMTMwMDAxNy5qcGciYm9yZGVyPSIwIj48YnI+CiAgICAgICAgpaSl86W/qWClx6W2paSl8zxicj4KICAgICAgICA8L2ZvbnQ+CiAgICA8L2NlbnRlcj4gICAgPC90ZD4KICAgIDx0ZD48Y2VudGVyPjxmb250IHNpemU9IjIiPjxpbWcgc3JjPSJodHRwOi8vaW1hZ2UucmFrdXRlbi5jby5qcC9iaWtlbnNob3AvY2FiaW5ldC9taS90b3BpbWcvaHVqaV9ibnlpLmpwZyJib3JkZXI9IjAiPjxicj4KICAgICAgICC4u8q/paulyKXppeqpYDxicj4KICAgICAgICA8L2ZvbnQ+CiAgICA8L2NlbnRlcj4gICAgPC90ZD4KICAgIDx0ZD48Y2VudGVyPjxmb250IHNpemU9IjIiPjxpbWcgc3JjPSJodHRwOi8vaW1hZ2UucmFrdXRlbi5jby5qcC9iaWtlbnNob3AvY2FiaW5ldC9uaC9iYW5uZXIvcnViYmVybWFpZDEzMTIxNnUyLmpwZyJib3JkZXI9IjAiPjxicj4KICAgICAgICCl6aXQqWCl4aWkpck8YnI+CiAgICAgICAgPC9mb250PgogICAgPC9jZW50ZXI+ICAgIDwvdGQ+CiAgPC90cj4KICA8dHI+CiAgICA8dGQ+PGNlbnRlcj48Zm9udCBzaXplPSIyIj48aW1nIHNyYz0iaHR0cDovL2ltYWdlLnJha3V0ZW4uY28uanAvYmlrZW5zaG9wL2NhYmluZXQvbmgvMTMwMDAxMy5qcGciYm9yZGVyPSIwIj48YnI+CiAgICAgICAgpdml86WwpcijpqXtpcOlvzxicj4KICAgICAgICA8L2ZvbnQ+CiAgICA8L2NlbnRlcj4gICAgPC90ZD4KICAgIDx0ZD48Y2VudGVyPjxmb250IHNpemU9IjIiPjxpbWcgc3JjPSJodHRwOi8vaW1hZ2UucmFrdXRlbi5jby5qcC9iaWtlbnNob3AvY2FiaW5ldC9taS90b3BpbWcvbWFycXVlZV9ibnlpMS5qcGciYm9yZGVyPSIwIj48YnI+CiAgICAgICAgpd6pYKWtqWCl7KW/qWA8YnI+CiAgICAgICAgPC9mb250PgogICAgPC9jZW50ZXI+ICAgIDwvdGQ+CiAgICA8dGQ+PGNlbnRlcj48Zm9udCBzaXplPSIyIj48aW1nIHNyYz0iaHR0cDovL2ltYWdlLnJha3V0ZW4uY28uanAvYmlrZW5zaG9wL2NhYmluZXQvbmgvMTMwMDAxMC5qcGciYm9yZGVyPSIwIj48YnI+CiAgICAgICAgUGFzZW8opdGlu6WqKTxicj4KICAgICAgICA8L2ZvbnQ+CiAgICA8L2NlbnRlcj4gICAgPC90ZD4KICAgIDx0ZD48Y2VudGVyPjxmb250IHNpemU9IjIiPjxpbWcgc3JjPSJodHRwOi8vaW1hZ2UucmFrdXRlbi5jby5qcC9iaWtlbnNob3AvY2FiaW5ldC9uaC8xMzAwMDA5LmpwZyJib3JkZXI9IjAiPjxicj4KICAgICAgICBULWZyZWUopcalo6lgpdWl6qlgKTxicj4KICAgICAgICA8L2ZvbnQ+CiAgICA8L2NlbnRlcj4gICAgPC90ZD4KICA8L3RyPgogIDx0cj4KICAgIDx0ZD48Y2VudGVyPjxmb250IHNpemU9IjIiPjxpbWcgc3JjPSJodHRwOi8vaW1hZ2UucmFrdXRlbi5jby5qcC9iaWtlbnNob3AvY2FiaW5ldC9uaC8xMzAwMDE0LmpwZyJib3JkZXI9IjAiPjxicj4KICAgICAgICCl4qlgpeqluaXhpbulsjxicj4KICAgICAgICA8L2ZvbnQ+CiAgICA8L2NlbnRlcj4gICAgPC90ZD4KICAgIDx0ZD48Y2VudGVyPjxmb250IHNpemU9IjIiPjxpbWcgc3JjPSJodHRwOi8vaW1hZ2UucmFrdXRlbi5jby5qcC9iaWtlbnNob3AvY2FiaW5ldC9uaC8xMzAwMDE1LmpwZyJib3JkZXI9IjAiPjxicj4KICAgICAgICCl7aXDpb+l26lgpeA8YnI+CiAgICAgICAgPC9mb250PgogICAgPC9jZW50ZXI+ICAgIDwvdGQ+CiAgICA8dGQ+PGNlbnRlcj48Zm9udCBzaXplPSIyIj48aW1nIHNyYz0iaHR0cDovL2ltYWdlLnJha3V0ZW4uY28uanAvYmlrZW5zaG9wL2NhYmluZXQvbmgvMTMwMDAwNS5qcGciYm9yZGVyPSIwIj48YnI+CiAgICAgICAgpaul4aXkpd6lraXjpfOlyaXrpc+lpqW5PGJyPgogICAgICAgIDwvZm9udD4KICAgIDwvY2VudGVyPiAgICA8L3RkPgogICAgPHRkPjxjZW50ZXI+PGZvbnQgc2l6ZT0iMiI+PGltZyBzcmM9Imh0dHA6Ly9pbWFnZS5yYWt1dGVuLmNvLmpwL2Jpa2Vuc2hvcC9jYWJpbmV0L25oLzEzMDAwMDQuanBnImJvcmRlcj0iMCI+PGJyPgogICAgICAgIKWmpampYKXrpbmlyKlgpeqpYDxicj4KICAgICAgICA8L2ZvbnQ+CiAgICA8L2NlbnRlcj4gICAgPC90ZD4KICA8L3RyPgogIAo8L3RhYmxlPg==,obql7aXtINSRzObTw6XapcOlyNPDpbel46XzpdepYKG7o9tMT0xPo92hvjMwMDCD0tLUyc/LzcHPn2/Bz6G/ob4gpdqlw6XI08Olt6XjpfOl16lgIMiu08Mgw6jTwyClt6XjpfOl16lgIJ9vzO280yDI1bG+0XUg1JHM5qSoIKW1peql5aWmob+hvqSipLmYU4ydj+pfvfzn3KG/o7rDwD+9oT/O3Q==,pcClpKWopcOlyMPAsNel0KW5pciloqXDpdez/cOrzdHDq8PA7obG96WvpcOlralgpbWl16XqpeGl86XIzdHDq6Wipe2l3rb6pKukrb2hv7Wl06W/pd+l87nHsVCls6XpqWClsqXzobql7aXtINSRzObTw6XapcOlyNPDpbel46XzpdepYKG7o9tMT0xPo92hvjMwMDCD0tLUyc/LzcHPn2/Bz6G/ob4gpdqlw6XI08Olt6XjpfOl16lgIMiu08Mgw6jTwyClt6XjpfOl16lgIJ9vzO280yDI1bG+0XUg1JHM5qSoIKW1peql5aWmob+hvqSipLmYU4ydj+pfvfzn3KG/,xd3BoqTGsrvSqqTOpdWlqalgpeClv6Wkpdeho6Gjobql7aXtINSRzObTw6XapcOlyNPDpbel46XzpdepYKG7o9tMT0xPo92hvjMwMDCD0tLUyc/LzcHPn2/Bz6G/ob4gpdqlw6XI08Olt6XjpfOl16lgIMiu08Mgw6jTwyClt6XjpfOl16lgIJ9vzO280yDI1bG+0XUg1JHM5qSoIKW1peql5aWmob+hvqSipLmYU4ydj+pfvfzn3KG/[rn]
31-51704,aHR0cDovL3RzaG9wLnIxMHMuanAvYmlrZW5zaG9wL2NhYmluZXQvbnMvbXMwMi94cm8tbXMxNTExMjQwMS5qcGc/Zml0aW49NzAwOjcwMA==,MjMzMy42MDAw,,pdqlw6XIP6XapcOlyKWwpcOluiA+IKXapcOlyNPDpKrK1sjrpOzTw8a3ID4gpbel46XzpdepYD+l6qXzpbkgPiClt6XjpfOl16lg,ob7LzcHPn2/Bz6G/obql7aXtIKXapcOlyNPDpbel46XzpdepYKG7o9tMT0xPo92hviCl2qXDpcjTw6W3peOl86XXqWAgyK7TwyDDqNPDIKW3peOl86XXqWAgn2/M7bzTIMjVsb7RdSCltaXqpeWlpiChv6G+pKKkuZhTjJ2P6l+9/Ofcob8=,xd3BoqTGsrvSqqTOpdWlqalgpeClv6Wkpdehow==,PHRhYmxlIGNsYXNzPSJzd2giPjxmb250IHNpemU9IjIiPjx0cj48dGQgd2lkdGg9IjEwMiIgYmdjb2xvcj0iI0ZGRUVDQyI+yczGt8P7PC90ZD48dGQgd2lkdGg9IjUzNSI+pe2l7SCl2qXDpcjTw6W3peOl86XXqWA8L3RkPjwvdHI+PC9mb250Pjxmb250IHNpemU9IjIiPjx0cj48dGQgd2lkdGg9IjEwMiIgYmdjb2xvcj0iI0ZGRUVDQyI+yczGt9Vow/c8L3RkPjx0ZCB3aWR0aD0iNTM1Ij7LvaS/pMGkzsS6pOmkt6TLoaLX7rjfpM6wstDEpPKhozxicj6wstDEpLekxtKwssukrM+0pKik6zEwMKOl1rLO79PJwLSzybfWoaKfb8ztvNOku6TDpLGk86GjPGJyPsvJpMjTzaTIy66kzqTfpMfX96TppOykv7yD1rLO78qvpLGk86THpLmhozxicj7FxcuupM/Oosn6zu+ky6TopOq2/svhu6/Mv8vYpMjLrqTLt9a94qS1pOyhotfUyLuky9+ApOqk3qS5oaM8YnI+g56k7KS/z7Sbt8GmpMebQaTspOTrar76pPKkuaTDpK2k6s+0pKSk3qS5oaM8YnI+xd3BoqTGsrvSqqTOpdWlqalgpeClv6Wkpdehozxicj6l2qXDpcikzsP0uNDGpMR3pMixu8OrpMvX7qTipOSktaS3pK/P4NDUpM7BvKSkpbel46XzpdepYKTHpLmhozwvdGQ+PC90cj48L2ZvbnQ+PGZvbnQgc2l6ZT0iMiI+PHRyPjx0ZCB3aWR0aD0iMTAyIiBiZ2NvbG9yPSIjRkZFRUNDIj7E2sjdwb88L3RkPjx0ZCB3aWR0aD0iNTM1Ij40MDBtbDwvdGQ+PC90cj48L2ZvbnQ+PGZvbnQgc2l6ZT0iMiI+PHRyPjx0ZCB3aWR0aD0iMTAyIiBiZ2NvbG9yPSIjRkZFRUNDIj7JzMa3pMukxKSkpMY8L3RkPjx0ZCB3aWR0aD0iNTM1Ij4/zNXG96TP1vezybfWpKzNwaTHpMekraTGpKSk3qS5oaO4R6TOzsK2yKTkzcGkzsTayN3O76TLpOik6piUoamkyrHtx+mk8qTEpK+k6qGiPGJyPoOepLekr87CpKukyu9Mus+kpKSszNiP1aTHpLmho5+Gs8m3vbeopOLL4buvP9+A1KqkyqTJ0XXGt6TLpOikw6TGrpCkyqTqoaI8YnI+zaykuNF1xrekx6Ti0rukxNK7pMSky99gpKSkrKSipOqhoqS9pOykrMzVxvekzvfIwaakyKTKpMOkxqSkpN6kuaGjPGJyPs78hafQ1KSspKKk6qGiyrnTw6S3pMakpKSv316zzKTHpKakxKTvpM6z1qTEobjOtqTvpKShuaTLieS7r6Oo1veky9ieyOs/mt3F3aOppKw8YnI+0oqk6aTspN6kuaSspLTKudPDpMuy7qS31qekqKSipOqk3qS7pPOkzqTHoaKkvaTOpN6k3qSqyrmkpKSkpL+kwKSxpN6kuaGjPGJyPjxicj4/zOzIu8S+pPLKudPDpLekv8nMxrekz6GineK1raTLpNCk6aTEpK2krLP2pOuI9rrPpKyktKS2pKSk3qS5oaM8L3RkPjwvdHI+PC9mb250Pjxmb250IHNpemU9IjIiPjx0cj48dGQgd2lkdGg9IjEwMiIgYmdjb2xvcj0iI0ZGRUVDQyI+pbel6qlgpbo8L3RkPjx0ZCB3aWR0aD0iNTM1Ij5OQVRVUkFMIFNUWUxFPGJyPjxicj7DwKS3pK+9ob+1tcSkx9DE2E6kq6TKxLqk6aS3pPKP6tSupLmk66Xqpemlr6W8qWClt6XnpfOl1qXppfOlyaGjPC90ZD48L3RyPjwvZm9udD48Zm9udCBzaXplPSIyIj48dHI+PHRkIHdpZHRoPSIxMDIiIGJnY29sb3I9IiNGRkVFQ0MiPsa3t6w8L3RkPjx0ZCB3aWR0aD0iNTM1Ij4wNzUwMC0wPC90ZD48L3RyPjwvZm9udD48Zm9udCBzaXplPSIyIj48dHI+PHRkIHdpZHRoPSIxMDIiIGJnY29sb3I9IiNGRkVFQ0MiPqXhqWClq6lgPC90ZD48dGQgd2lkdGg9IjUzNSI+TE9MTyCjqKXtpe2jqSA8L3RkPjwvdHI+PC9mb250PjwvdGFibGU+PHN0cm9uZz48Zm9udCBjb2xvcj0iI0ZGMDAwMCIgc2l6ZT0iNCI+y83Bz6O6n2/Bz6OhPC9mb250Pjxmb250IHNpemU9IjQiPjwvZm9udD48Zm9udCBzaXplPSIyIj48QlI+CiAgo6ibX79JP9K7sr/reI11tdjT8qTP0rvCyTEsMjk2g9KjqMuw3nqk36OppMikyqTqpN6kuaTOpMektMHLs9Ckr6TApLWkpKGjCqOpPEJSPgogIDxCUj4KICA8Zm9udCBjb2xvcj0iI0ZGMDAwMCI+yczGt7T60v2kzoj2us+kz6GihGXNvrT60v3K1sr9wc+krDMxNYPSsdjSqqTHpLmhozwvZm9udD48YnI+CiAgo6g2LDAwMIPS0tTJz6Sq2UnJz6SypMe0+r3w0v2TUcrWyv3Bz6Tin2/Bz6Oho6k8L2ZvbnQ+PC9zdHJvbmc+PC9mb250PjwvZm9udD48L2ZvbnQ+PGJyPgogIDxicj4KICA8Zm9udCBjb2xvcj0iIzk5OTkwMCIgc2l6ZT0iMiI+PHN0cm9uZz6h+aS000WkzqXHpaOluaXXpeylpKOopeKly6W/qWCjqaTLpOikw6TGpM+hojxicj4KICCMZ+tIpM7JzMa3pM6kqsmro6ilq6XpqWCjqaTIrpCkyqTriPa6z6SspLSktqSkpN6kuaTOpMfT6KThpLTBy7PQpK+kwKS1pKShozwvc3Ryb25nPjwvZm9udD48aW1nIHNyYz0iaHR0cDovL2ltYWdlLnJha3V0ZW4uY28uanAvYmlrZW5zaG9wL2NhYmluZXQvbWkvdG9waW1nL2xvbG8ta3lvdXR1dV95aS5qcGciIHdpZHRoPSI2MDAiIGhlaWdodD0iMzAwIiBib3JkZXI9IjAiIC8+PGJyPgo8YnI+Cgo8dGFibGUgd2lkdGg9IjYwMCIgYm9yZGVyPSIwIiBjZWxscGFkZGluZz0iMiIgY2VsbHNwYWNpbmc9IjAiPgogIDx0cj4KICAgIDx0ZD48Y2VudGVyPjxmb250IHNpemU9IjIiPjxpbWcgc3JjPSJodHRwOi8vaW1hZ2UucmFrdXRlbi5jby5qcC9iaWtlbnNob3AvY2FiaW5ldC9taS90b3BpbWcvcG93ZXJ1YmUtX3lpMDAuanBnImJvcmRlcj0iMCI+PGJyPgogICAgICAgIKXRpe+pYKWtpeWpYKXWPGJyPgogICAgICAgIDwvZm9udD4KICAgIDwvY2VudGVyPiAgICA8L3RkPgogICAgCiAgICA8dGQ+PGNlbnRlcj48Zm9udCBzaXplPSIyIj48aW1nIHNyYz0iaHR0cDovL2ltYWdlLnJha3V0ZW4uY28uanAvYmlrZW5zaG9wL2NhYmluZXQvbWkvdG9waW1nL3l1a2l3YV9ibnlpLmpwZyJib3JkZXI9IjAiPjxicj4KICAgICAgICBZVUtJV0EopealraXvo6k8YnI+CiAgICAgICAgPC9mb250PgogICAgPC9jZW50ZXI+ICAgIDwvdGQ+CiAgICA8dGQ+PGNlbnRlcj48Zm9udCBzaXplPSIyIj48aW1nIHNyYz0iaHR0cDovL2ltYWdlLnJha3V0ZW4uY28uanAvYmlrZW5zaG9wL2NhYmluZXQvbWkvdG9waW1nL3BldWdlb3RfeWkuanBnImJvcmRlcj0iMCI+PGJyPgogICAgICAgIKXXpbil56lgPGJyPgogICAgICAgIDwvZm9udD4KICAgIDwvY2VudGVyPiAgICA8L3RkPgoJPHRkPjxjZW50ZXI+PGZvbnQgc2l6ZT0iMiI+PGltZyBzcmM9Imh0dHA6Ly9pbWFnZS5yYWt1dGVuLmNvLmpwL2Jpa2Vuc2hvcC9jYWJpbmV0L21pL3RvcGltZy9icmFiYW50aWFfeWkwMC5qcGciYm9yZGVyPSIwIj48YnI+CiAgICAgICAgpdal6aXQpfOlt6WiPGJyPgogICAgICAgIDwvZm9udD4KICAgIDwvY2VudGVyPiAgICA8L3RkPgogIDwvdHI+CiAgPHRyPgogICAgPHRkPjxjZW50ZXI+PGZvbnQgc2l6ZT0iMiI+PGltZyBzcmM9Imh0dHA6Ly9pbWFnZS5yYWt1dGVuLmNvLmpwL2Jpa2Vuc2hvcC9jYWJpbmV0L25oLzEzMDAwMjAuanBnImJvcmRlcj0iMCI+PGJyPgogICAgICAgIKXcpcypYKXrpbel6qlgpbo8YnI+CiAgICAgICAgPC9mb250PgogICAgPC9jZW50ZXI+ICAgIDwvdGQ+CiAgICA8dGQ+PGNlbnRlcj48Zm9udCBzaXplPSIyIj48aW1nIHNyYz0iaHR0cDovL2ltYWdlLnJha3V0ZW4uY28uanAvYmlrZW5zaG9wL2NhYmluZXQvbmgvMTMwMDAxNy5qcGciYm9yZGVyPSIwIj48YnI+CiAgICAgICAgpaSl86W/qWClx6W2paSl8zxicj4KICAgICAgICA8L2ZvbnQ+CiAgICA8L2NlbnRlcj4gICAgPC90ZD4KICAgIDx0ZD48Y2VudGVyPjxmb250IHNpemU9IjIiPjxpbWcgc3JjPSJodHRwOi8vaW1hZ2UucmFrdXRlbi5jby5qcC9iaWtlbnNob3AvY2FiaW5ldC9taS90b3BpbWcvaHVqaV9ibnlpLmpwZyJib3JkZXI9IjAiPjxicj4KICAgICAgICC4u8q/paulyKXppeqpYDxicj4KICAgICAgICA8L2ZvbnQ+CiAgICA8L2NlbnRlcj4gICAgPC90ZD4KICAgIDx0ZD48Y2VudGVyPjxmb250IHNpemU9IjIiPjxpbWcgc3JjPSJodHRwOi8vaW1hZ2UucmFrdXRlbi5jby5qcC9iaWtlbnNob3AvY2FiaW5ldC9uaC9iYW5uZXIvcnViYmVybWFpZDEzMTIxNnUyLmpwZyJib3JkZXI9IjAiPjxicj4KICAgICAgICCl6aXQqWCl4aWkpck8YnI+CiAgICAgICAgPC9mb250PgogICAgPC9jZW50ZXI+ICAgIDwvdGQ+CiAgPC90cj4KICA8dHI+CiAgICA8dGQ+PGNlbnRlcj48Zm9udCBzaXplPSIyIj48aW1nIHNyYz0iaHR0cDovL2ltYWdlLnJha3V0ZW4uY28uanAvYmlrZW5zaG9wL2NhYmluZXQvbmgvMTMwMDAxMy5qcGciYm9yZGVyPSIwIj48YnI+CiAgICAgICAgpdml86WwpcijpqXtpcOlvzxicj4KICAgICAgICA8L2ZvbnQ+CiAgICA8L2NlbnRlcj4gICAgPC90ZD4KICAgIDx0ZD48Y2VudGVyPjxmb250IHNpemU9IjIiPjxpbWcgc3JjPSJodHRwOi8vaW1hZ2UucmFrdXRlbi5jby5qcC9iaWtlbnNob3AvY2FiaW5ldC9taS90b3BpbWcvbWFycXVlZV9ibnlpMS5qcGciYm9yZGVyPSIwIj48YnI+CiAgICAgICAgpd6pYKWtqWCl7KW/qWA8YnI+CiAgICAgICAgPC9mb250PgogICAgPC9jZW50ZXI+ICAgIDwvdGQ+CiAgICA8dGQ+PGNlbnRlcj48Zm9udCBzaXplPSIyIj48aW1nIHNyYz0iaHR0cDovL2ltYWdlLnJha3V0ZW4uY28uanAvYmlrZW5zaG9wL2NhYmluZXQvbmgvMTMwMDAxMC5qcGciYm9yZGVyPSIwIj48YnI+CiAgICAgICAgUGFzZW8opdGlu6WqKTxicj4KICAgICAgICA8L2ZvbnQ+CiAgICA8L2NlbnRlcj4gICAgPC90ZD4KICAgIDx0ZD48Y2VudGVyPjxmb250IHNpemU9IjIiPjxpbWcgc3JjPSJodHRwOi8vaW1hZ2UucmFrdXRlbi5jby5qcC9iaWtlbnNob3AvY2FiaW5ldC9uaC8xMzAwMDA5LmpwZyJib3JkZXI9IjAiPjxicj4KICAgICAgICBULWZyZWUopcalo6lgpdWl6qlgKTxicj4KICAgICAgICA8L2ZvbnQ+CiAgICA8L2NlbnRlcj4gICAgPC90ZD4KICA8L3RyPgogIDx0cj4KICAgIDx0ZD48Y2VudGVyPjxmb250IHNpemU9IjIiPjxpbWcgc3JjPSJodHRwOi8vaW1hZ2UucmFrdXRlbi5jby5qcC9iaWtlbnNob3AvY2FiaW5ldC9uaC8xMzAwMDE0LmpwZyJib3JkZXI9IjAiPjxicj4KICAgICAgICCl4qlgpeqluaXhpbulsjxicj4KICAgICAgICA8L2ZvbnQ+CiAgICA8L2NlbnRlcj4gICAgPC90ZD4KICAgIDx0ZD48Y2VudGVyPjxmb250IHNpemU9IjIiPjxpbWcgc3JjPSJodHRwOi8vaW1hZ2UucmFrdXRlbi5jby5qcC9iaWtlbnNob3AvY2FiaW5ldC9uaC8xMzAwMDE1LmpwZyJib3JkZXI9IjAiPjxicj4KICAgICAgICCl7aXDpb+l26lgpeA8YnI+CiAgICAgICAgPC9mb250PgogICAgPC9jZW50ZXI+ICAgIDwvdGQ+CiAgICA8dGQ+PGNlbnRlcj48Zm9udCBzaXplPSIyIj48aW1nIHNyYz0iaHR0cDovL2ltYWdlLnJha3V0ZW4uY28uanAvYmlrZW5zaG9wL2NhYmluZXQvbmgvMTMwMDAwNS5qcGciYm9yZGVyPSIwIj48YnI+CiAgICAgICAgpaul4aXkpd6lraXjpfOlyaXrpc+lpqW5PGJyPgogICAgICAgIDwvZm9udD4KICAgIDwvY2VudGVyPiAgICA8L3RkPgogICAgPHRkPjxjZW50ZXI+PGZvbnQgc2l6ZT0iMiI+PGltZyBzcmM9Imh0dHA6Ly9pbWFnZS5yYWt1dGVuLmNvLmpwL2Jpa2Vuc2hvcC9jYWJpbmV0L25oLzEzMDAwMDQuanBnImJvcmRlcj0iMCI+PGJyPgogICAgICAgIKWmpampYKXrpbmlyKlgpeqpYDxicj4KICAgICAgICA8L2ZvbnQ+CiAgICA8L2NlbnRlcj4gICAgPC90ZD4KICA8L3RyPgogIAo8L3RhYmxlPg==,ob7LzcHPn2/Bz6G/obql7aXtIKXapcOlyNPDpbel46XzpdepYKG7o9tMT0xPo92hviCl2qXDpcjTw6W3peOl86XXqWAgyK7TwyDDqNPDIKW3peOl86XXqWAgn2/M7bzTIMjVsb7RdSCltaXqpeWlpiChv6G+pKKkuZhTjJ2P6l+9/Ofcob+jusPAP72hP87d,pcClpKWopcOlyMPAsNel0KW5pciloqXDpdez/cOrzdHDq8PA7obG96WvpcOlralgpbWl16XqpeGl86XIzdHDq6Wipe2l3rb6pKukrb2hv7Wl06W/pd+l87nHsVCls6XpqWClsqXzob7LzcHPn2/Bz6G/obql7aXtIKXapcOlyNPDpbel46XzpdepYKG7o9tMT0xPo92hviCl2qXDpcjTw6W3peOl86XXqWAgyK7TwyDDqNPDIKW3peOl86XXqWAgn2/M7bzTIMjVsb7RdSCltaXqpeWlpiChv6G+pKKkuZhTjJ2P6l+9/Ofcob8=,xd3BoqTGsrvSqqTOpdWlqalgpeClv6Wkpdeho6Gjob7LzcHPn2/Bz6G/obql7aXtIKXapcOlyNPDpbel46XzpdepYKG7o9tMT0xPo92hviCl2qXDpcjTw6W3peOl86XXqWAgyK7TwyDDqNPDIKW3peOl86XXqWAgn2/M7bzTIMjVsb7RdSCltaXqpeWlpiChv6G+pKKkuZhTjJ2P6l+9/Ofcob8=[rn]
31-51705,aHR0cDovL3RzaG9wLnIxMHMuanAvYmlrZW5zaG9wL2NhYmluZXQvbnMvbXMwMi94cm8tbXMxNTExMjQwMS5qcGc/Zml0aW49NzAwOjcwMA==,MjA3My42MDAw,,pdqlw6XIP6XapcOlyKWwpcOluiA+IKXapcOlyNPDpKrK1sjrpOzTw8a3ID4gpbel46XzpdepYD+l6qXzpbkgPiClt6XjpfOl16lg,obql7aXtIKXapcOlyNPDpbel46XzpdepYKG7o9tMT0xPo92hvjMwMDCD0tLUyc/LzcHPn2/Bz6G/ob4gpdqlw6XI08Olt6XjpfOl16lgIMiu08Mgw6jTwyClt6XjpfOl16lgIJ9vzO280yDI1bG+0XUgpbWl6qXlpaYgob+hvqSipLmYU4ydj+pfvfzn3KG/,xd3BoqTGsrvSqqTOpdWlqalgpeClv6Wkpdehow==,PHRhYmxlIGNsYXNzPSJzd2giPjxmb250IHNpemU9IjIiPjx0cj48dGQgd2lkdGg9IjEwMiIgYmdjb2xvcj0iI0ZGRUVDQyI+yczGt8P7PC90ZD48dGQgd2lkdGg9IjUzNSI+pe2l7SCl2qXDpcjTw6W3peOl86XXqWA8L3RkPjwvdHI+PC9mb250Pjxmb250IHNpemU9IjIiPjx0cj48dGQgd2lkdGg9IjEwMiIgYmdjb2xvcj0iI0ZGRUVDQyI+yczGt9Vow/c8L3RkPjx0ZCB3aWR0aD0iNTM1Ij7LvaS/pMGkzsS6pOmkt6TLoaLX7rjfpM6wstDEpPKhozxicj6wstDEpLekxtKwssukrM+0pKik6zEwMKOl1rLO79PJwLSzybfWoaKfb8ztvNOku6TDpLGk86GjPGJyPsvJpMjTzaTIy66kzqTfpMfX96TppOykv7yD1rLO78qvpLGk86THpLmhozxicj7FxcuupM/Oosn6zu+ky6TopOq2/svhu6/Mv8vYpMjLrqTLt9a94qS1pOyhotfUyLuky9+ApOqk3qS5oaM8YnI+g56k7KS/z7Sbt8GmpMebQaTspOTrar76pPKkuaTDpK2k6s+0pKSk3qS5oaM8YnI+xd3BoqTGsrvSqqTOpdWlqalgpeClv6Wkpdehozxicj6l2qXDpcikzsP0uNDGpMR3pMixu8OrpMvX7qTipOSktaS3pK/P4NDUpM7BvKSkpbel46XzpdepYKTHpLmhozwvdGQ+PC90cj48L2ZvbnQ+PGZvbnQgc2l6ZT0iMiI+PHRyPjx0ZCB3aWR0aD0iMTAyIiBiZ2NvbG9yPSIjRkZFRUNDIj7E2sjdwb88L3RkPjx0ZCB3aWR0aD0iNTM1Ij40MDBtbDwvdGQ+PC90cj48L2ZvbnQ+PGZvbnQgc2l6ZT0iMiI+PHRyPjx0ZCB3aWR0aD0iMTAyIiBiZ2NvbG9yPSIjRkZFRUNDIj7JzMa3pMukxKSkpMY8L3RkPjx0ZCB3aWR0aD0iNTM1Ij4/zNXG96TP1vezybfWpKzNwaTHpMekraTGpKSk3qS5oaO4R6TOzsK2yKTkzcGkzsTayN3O76TLpOik6piUoamkyrHtx+mk8qTEpK+k6qGiPGJyPoOepLekr87CpKukyu9Mus+kpKSszNiP1aTHpLmho5+Gs8m3vbeopOLL4buvP9+A1KqkyqTJ0XXGt6TLpOikw6TGrpCkyqTqoaI8YnI+zaykuNF1xrekx6Ti0rukxNK7pMSky99gpKSkrKSipOqhoqS9pOykrMzVxvekzvfIwaakyKTKpMOkxqSkpN6kuaGjPGJyPs78hafQ1KSspKKk6qGiyrnTw6S3pMakpKSv316zzKTHpKakxKTvpM6z1qTEobjOtqTvpKShuaTLieS7r6Oo1veky9ieyOs/mt3F3aOppKw8YnI+0oqk6aTspN6kuaSspLTKudPDpMuy7qS31qekqKSipOqk3qS7pPOkzqTHoaKkvaTOpN6k3qSqyrmkpKSkpL+kwKSxpN6kuaGjPGJyPjxicj4/zOzIu8S+pPLKudPDpLekv8nMxrekz6GineK1raTLpNCk6aTEpK2krLP2pOuI9rrPpKyktKS2pKSk3qS5oaM8L3RkPjwvdHI+PC9mb250Pjxmb250IHNpemU9IjIiPjx0cj48dGQgd2lkdGg9IjEwMiIgYmdjb2xvcj0iI0ZGRUVDQyI+pbel6qlgpbo8L3RkPjx0ZCB3aWR0aD0iNTM1Ij5OQVRVUkFMIFNUWUxFPGJyPjxicj7DwKS3pK+9ob+1tcSkx9DE2E6kq6TKxLqk6aS3pPKP6tSupLmk66Xqpemlr6W8qWClt6XnpfOl1qXppfOlyaGjPC90ZD48L3RyPjwvZm9udD48Zm9udCBzaXplPSIyIj48dHI+PHRkIHdpZHRoPSIxMDIiIGJnY29sb3I9IiNGRkVFQ0MiPsa3t6w8L3RkPjx0ZCB3aWR0aD0iNTM1Ij4wNzUwMC0wPC90ZD48L3RyPjwvZm9udD48Zm9udCBzaXplPSIyIj48dHI+PHRkIHdpZHRoPSIxMDIiIGJnY29sb3I9IiNGRkVFQ0MiPqXhqWClq6lgPC90ZD48dGQgd2lkdGg9IjUzNSI+TE9MTyCjqKXtpe2jqSA8L3RkPjwvdHI+PC9mb250PjwvdGFibGU+PHN0cm9uZz48Zm9udCBzaXplPSIyIj48Zm9udCBjb2xvcj0iI2ZmMDAwMCI+y83Bz6O6NTI1g9KhoTMsMDAwg9LS1MnPpKrZScnPpLKkx59vwc+joTxCUj48Zm9udCBjb2xvcj0iIzY2NjY2NiI+o6ibX79JP9K7sr/reI11tdjT8qTP0rvCyTEsMjk2g9KjqMuw3nqk36OppMikyqTqpN6kuaTOpMektMHLs9Ckr6TApLWkpKGjCqOpPC9mb250PjxCUj48QlI+yczGt7T60v2kzoj2us+kz6GihGXNvrT60v3K1sr9wc+krDMxNYPSsdjSqqTHpLmhozxicj4go6g2LDAwMIPS0tTJz6Sq2UnJz6SypMefb8HPo6GjqTwvZm9udD48L2ZvbnQ+PC9zdHJvbmc+Cjxicj48YnI+Cjxmb250IGNvbG9yPSIjOTk5OTAwIiBzaXplPSIyIj48c3Ryb25nPqH5pLTTRaTOpcelo6W5pdel7KWko6il4qXLpb+pYKOppMuk6KTDpMakz6GiPGJyPoxn60ikzsnMxrekzqSqyaujqKWrpempYKOppMiukKTKpOuI9rrPpKyktKS2pKSk3qS5pM6kx9PopOGktMHLs9Ckr6TApLWkpKGjPC9zdHJvbmc+PC9mb250Pjxicj48aW1nIHNyYz0iaHR0cDovL2ltYWdlLnJha3V0ZW4uY28uanAvYmlrZW5zaG9wL2NhYmluZXQvbWkvdG9waW1nL2xvbG8ta3lvdXR1dV95aS5qcGciIHdpZHRoPSI2MDAiIGhlaWdodD0iMzAwIiBib3JkZXI9IjAiIC8+PGJyPgo8YnI+Cgo8dGFibGUgd2lkdGg9IjYwMCIgYm9yZGVyPSIwIiBjZWxscGFkZGluZz0iMiIgY2VsbHNwYWNpbmc9IjAiPgogIDx0cj4KICAgIDx0ZD48Y2VudGVyPjxmb250IHNpemU9IjIiPjxpbWcgc3JjPSJodHRwOi8vaW1hZ2UucmFrdXRlbi5jby5qcC9iaWtlbnNob3AvY2FiaW5ldC9taS90b3BpbWcvcG93ZXJ1YmUtX3lpMDAuanBnImJvcmRlcj0iMCI+PGJyPgogICAgICAgIKXRpe+pYKWtpeWpYKXWPGJyPgogICAgICAgIDwvZm9udD4KICAgIDwvY2VudGVyPiAgICA8L3RkPgogICAgCiAgICA8dGQ+PGNlbnRlcj48Zm9udCBzaXplPSIyIj48aW1nIHNyYz0iaHR0cDovL2ltYWdlLnJha3V0ZW4uY28uanAvYmlrZW5zaG9wL2NhYmluZXQvbWkvdG9waW1nL3l1a2l3YV9ibnlpLmpwZyJib3JkZXI9IjAiPjxicj4KICAgICAgICBZVUtJV0EopealraXvo6k8YnI+CiAgICAgICAgPC9mb250PgogICAgPC9jZW50ZXI+ICAgIDwvdGQ+CiAgICA8dGQ+PGNlbnRlcj48Zm9udCBzaXplPSIyIj48aW1nIHNyYz0iaHR0cDovL2ltYWdlLnJha3V0ZW4uY28uanAvYmlrZW5zaG9wL2NhYmluZXQvbWkvdG9waW1nL3BldWdlb3RfeWkuanBnImJvcmRlcj0iMCI+PGJyPgogICAgICAgIKXXpbil56lgPGJyPgogICAgICAgIDwvZm9udD4KICAgIDwvY2VudGVyPiAgICA8L3RkPgoJPHRkPjxjZW50ZXI+PGZvbnQgc2l6ZT0iMiI+PGltZyBzcmM9Imh0dHA6Ly9pbWFnZS5yYWt1dGVuLmNvLmpwL2Jpa2Vuc2hvcC9jYWJpbmV0L21pL3RvcGltZy9icmFiYW50aWFfeWkwMC5qcGciYm9yZGVyPSIwIj48YnI+CiAgICAgICAgpdal6aXQpfOlt6WiPGJyPgogICAgICAgIDwvZm9udD4KICAgIDwvY2VudGVyPiAgICA8L3RkPgogIDwvdHI+CiAgPHRyPgogICAgPHRkPjxjZW50ZXI+PGZvbnQgc2l6ZT0iMiI+PGltZyBzcmM9Imh0dHA6Ly9pbWFnZS5yYWt1dGVuLmNvLmpwL2Jpa2Vuc2hvcC9jYWJpbmV0L25oLzEzMDAwMjAuanBnImJvcmRlcj0iMCI+PGJyPgogICAgICAgIKXcpcypYKXrpbel6qlgpbo8YnI+CiAgICAgICAgPC9mb250PgogICAgPC9jZW50ZXI+ICAgIDwvdGQ+CiAgICA8dGQ+PGNlbnRlcj48Zm9udCBzaXplPSIyIj48aW1nIHNyYz0iaHR0cDovL2ltYWdlLnJha3V0ZW4uY28uanAvYmlrZW5zaG9wL2NhYmluZXQvbmgvMTMwMDAxNy5qcGciYm9yZGVyPSIwIj48YnI+CiAgICAgICAgpaSl86W/qWClx6W2paSl8zxicj4KICAgICAgICA8L2ZvbnQ+CiAgICA8L2NlbnRlcj4gICAgPC90ZD4KICAgIDx0ZD48Y2VudGVyPjxmb250IHNpemU9IjIiPjxpbWcgc3JjPSJodHRwOi8vaW1hZ2UucmFrdXRlbi5jby5qcC9iaWtlbnNob3AvY2FiaW5ldC9taS90b3BpbWcvaHVqaV9ibnlpLmpwZyJib3JkZXI9IjAiPjxicj4KICAgICAgICC4u8q/paulyKXppeqpYDxicj4KICAgICAgICA8L2ZvbnQ+CiAgICA8L2NlbnRlcj4gICAgPC90ZD4KICAgIDx0ZD48Y2VudGVyPjxmb250IHNpemU9IjIiPjxpbWcgc3JjPSJodHRwOi8vaW1hZ2UucmFrdXRlbi5jby5qcC9iaWtlbnNob3AvY2FiaW5ldC9uaC9iYW5uZXIvcnViYmVybWFpZDEzMTIxNnUyLmpwZyJib3JkZXI9IjAiPjxicj4KICAgICAgICCl6aXQqWCl4aWkpck8YnI+CiAgICAgICAgPC9mb250PgogICAgPC9jZW50ZXI+ICAgIDwvdGQ+CiAgPC90cj4KICA8dHI+CiAgICA8dGQ+PGNlbnRlcj48Zm9udCBzaXplPSIyIj48aW1nIHNyYz0iaHR0cDovL2ltYWdlLnJha3V0ZW4uY28uanAvYmlrZW5zaG9wL2NhYmluZXQvbmgvMTMwMDAxMy5qcGciYm9yZGVyPSIwIj48YnI+CiAgICAgICAgpdml86WwpcijpqXtpcOlvzxicj4KICAgICAgICA8L2ZvbnQ+CiAgICA8L2NlbnRlcj4gICAgPC90ZD4KICAgIDx0ZD48Y2VudGVyPjxmb250IHNpemU9IjIiPjxpbWcgc3JjPSJodHRwOi8vaW1hZ2UucmFrdXRlbi5jby5qcC9iaWtlbnNob3AvY2FiaW5ldC9taS90b3BpbWcvbWFycXVlZV9ibnlpMS5qcGciYm9yZGVyPSIwIj48YnI+CiAgICAgICAgpd6pYKWtqWCl7KW/qWA8YnI+CiAgICAgICAgPC9mb250PgogICAgPC9jZW50ZXI+ICAgIDwvdGQ+CiAgICA8dGQ+PGNlbnRlcj48Zm9udCBzaXplPSIyIj48aW1nIHNyYz0iaHR0cDovL2ltYWdlLnJha3V0ZW4uY28uanAvYmlrZW5zaG9wL2NhYmluZXQvbmgvMTMwMDAxMC5qcGciYm9yZGVyPSIwIj48YnI+CiAgICAgICAgUGFzZW8opdGlu6WqKTxicj4KICAgICAgICA8L2ZvbnQ+CiAgICA8L2NlbnRlcj4gICAgPC90ZD4KICAgIDx0ZD48Y2VudGVyPjxmb250IHNpemU9IjIiPjxpbWcgc3JjPSJodHRwOi8vaW1hZ2UucmFrdXRlbi5jby5qcC9iaWtlbnNob3AvY2FiaW5ldC9uaC8xMzAwMDA5LmpwZyJib3JkZXI9IjAiPjxicj4KICAgICAgICBULWZyZWUopcalo6lgpdWl6qlgKTxicj4KICAgICAgICA8L2ZvbnQ+CiAgICA8L2NlbnRlcj4gICAgPC90ZD4KICA8L3RyPgogIDx0cj4KICAgIDx0ZD48Y2VudGVyPjxmb250IHNpemU9IjIiPjxpbWcgc3JjPSJodHRwOi8vaW1hZ2UucmFrdXRlbi5jby5qcC9iaWtlbnNob3AvY2FiaW5ldC9uaC8xMzAwMDE0LmpwZyJib3JkZXI9IjAiPjxicj4KICAgICAgICCl4qlgpeqluaXhpbulsjxicj4KICAgICAgICA8L2ZvbnQ+CiAgICA8L2NlbnRlcj4gICAgPC90ZD4KICAgIDx0ZD48Y2VudGVyPjxmb250IHNpemU9IjIiPjxpbWcgc3JjPSJodHRwOi8vaW1hZ2UucmFrdXRlbi5jby5qcC9iaWtlbnNob3AvY2FiaW5ldC9uaC8xMzAwMDE1LmpwZyJib3JkZXI9IjAiPjxicj4KICAgICAgICCl7aXDpb+l26lgpeA8YnI+CiAgICAgICAgPC9mb250PgogICAgPC9jZW50ZXI+ICAgIDwvdGQ+CiAgICA8dGQ+PGNlbnRlcj48Zm9udCBzaXplPSIyIj48aW1nIHNyYz0iaHR0cDovL2ltYWdlLnJha3V0ZW4uY28uanAvYmlrZW5zaG9wL2NhYmluZXQvbmgvMTMwMDAwNS5qcGciYm9yZGVyPSIwIj48YnI+CiAgICAgICAgpaul4aXkpd6lraXjpfOlyaXrpc+lpqW5PGJyPgogICAgICAgIDwvZm9udD4KICAgIDwvY2VudGVyPiAgICA8L3RkPgogICAgPHRkPjxjZW50ZXI+PGZvbnQgc2l6ZT0iMiI+PGltZyBzcmM9Imh0dHA6Ly9pbWFnZS5yYWt1dGVuLmNvLmpwL2Jpa2Vuc2hvcC9jYWJpbmV0L25oLzEzMDAwMDQuanBnImJvcmRlcj0iMCI+PGJyPgogICAgICAgIKWmpampYKXrpbmlyKlgpeqpYDxicj4KICAgICAgICA8L2ZvbnQ+CiAgICA8L2NlbnRlcj4gICAgPC90ZD4KICA8L3RyPgogIAo8L3RhYmxlPg==,obql7aXtIKXapcOlyNPDpbel46XzpdepYKG7o9tMT0xPo92hvjMwMDCD0tLUyc/LzcHPn2/Bz6G/ob4gpdqlw6XI08Olt6XjpfOl16lgIMiu08Mgw6jTwyClt6XjpfOl16lgIJ9vzO280yDI1bG+0XUgpbWl6qXlpaYgob+hvqSipLmYU4ydj+pfvfzn3KG/o7rDwD+9oT/O3Q==,pcClpKWopcOlyMPAsNel0KW5pciloqXDpdez/cOrzdHDq8PA7obG96WvpcOlralgpbWl16XqpeGl86XIzdHDq6Wipe2l3rb6pKukrb2hv7Wl06W/pd+l87nHsVCls6XpqWClsqXzobql7aXtIKXapcOlyNPDpbel46XzpdepYKG7o9tMT0xPo92hvjMwMDCD0tLUyc/LzcHPn2/Bz6G/ob4gpdqlw6XI08Olt6XjpfOl16lgIMiu08Mgw6jTwyClt6XjpfOl16lgIJ9vzO280yDI1bG+0XUgpbWl6qXlpaYgob+hvqSipLmYU4ydj+pfvfzn3KG/,xd3BoqTGsrvSqqTOpdWlqalgpeClv6Wkpdeho6Gjobql7aXtIKXapcOlyNPDpbel46XzpdepYKG7o9tMT0xPo92hvjMwMDCD0tLUyc/LzcHPn2/Bz6G/ob4gpdqlw6XI08Olt6XjpfOl16lgIMiu08Mgw6jTwyClt6XjpfOl16lgIJ9vzO280yDI1bG+0XUgpbWl6qXlpaYgob+hvqSipLmYU4ydj+pfvfzn3KG/[rn]
31-51706,aHR0cDovL3RzaG9wLnIxMHMuanAvY2F0LWxhbmQvY2FiaW5ldC9wZXQyLzkyMTk3NzktZS5qcGc/Zml0aW49NzAwOjcwMA==,MTAzNi44MDAw,,pdqlw6XIP6XapcOlyKWwpcOluiA+IKXapcOlyNPDpKrK1sjrpOzTw8a3ID4gpbel46XzpdepYD+l6qXzpbkgPiClt6XjpfOl16lg,QVBEQyClxqWjqWClyKXqqWClt6XjpfOl16lgIDI1MG1sW0FBXSClraXjpcOlyKXppfOlyaG+RKG/ob5Cob8=,ob6ktNmPyOs1NDAwg9Ioy7DeeinS1MnPpMfLzcHPn2/BzyEhob8=,PHRhYmxlIHdpZHRoPTc1MD48dHI+PHRkPjxjZW50ZXI+PGltZyBzcmM9Imh0dHA6Ly9pbWFnZS5yYWt1dGVuLmNvLmpwL2RvZy1rYW4vY2FiaW5ldC9wZXQyL2FwZGMtMDEuanBnIiBhbHQ9IkFQREOkz6XapcOlyKTLpOLvlaSk1veky6Tiv+zfbaTKpaKlpKXGpeAiPjxicj48YnI+PGltZyBzcmM9Imh0dHA6Ly9pbWFnZS5yYWt1dGVuLmNvLmpwL2RvZy1rYW4vY2FiaW5ldC9wZXQyL2FwZGMtMDIuanBnIiBhbHQ9IkFQREOkz4WX33iktaTspL+lz6lgpdak8sq508Okt6TGpKSk3qS5Ij48YnI+PGJyPjxpbWcgc3JjPSJodHRwOi8vaW1hZ2UucmFrdXRlbi5jby5qcC9kb2cta2FuL2NhYmluZXQvcGV0Mi85MjE5Nzc5LTAxLWUuanBnIiBhbHQ9IkFQREOlt6XqqWCluiI+PGJyPjxicj48aW1nIHNyYz0iaHR0cDovL2ltYWdlLnJha3V0ZW4uY28uanAvZG9nLWthbi9jYWJpbmV0L3BldDIvOTIxOTc3OS0wMi1lLmpwZyIgYWx0PSJBUERDoaGlxqWjqWClyKXqqWClt6XjpfOl16lgIj48L2NlbnRlcj48L3RkPjwvdHI+PC90YWJsZT7M7Mi7s8m31qTyyrnTw6S3pL+l2qXDpcjTw6W3peOl86XXqWCkx6S5oaM8YnI+paqpYKW5pcil6aXqpaKuYqTOpcalo6lgpcil6qlgpaqlpKXrpPKkz6S4pOGhotayzu/TycC0pM6+q9PNpPLF5LrPpLekxqSkpN6kuaGjPGJyPsespKSkv+HhpOLLrKTkpKukyqXPqWCl1qTOz+Ok6qSspNukzqSrpMuy0KTqpN6kuaGjPGJyPnBIgo42x7Dh4aTOyPXL4dDUpMekuaGjPGJyPjxicj6h8cTayN3Bv6O6MjUwbWw8YnI+ofHW97PJt9ajuqXGpaOpYKXIpeqpYKWqpaSl66Gipeml2aXzpcCpYKWqpaSl66GipeapYKWrpeqlqqWkpeuhoqW3pcil7aXNpemlqqWkpeuhoqXtqWCluqXepeqpYKWqpaSl6zxicj6h8cq508O3vbeoo7rLrqTHMrG2pMuxoaThpMaktMq508Okr6TApLWkpDxicj48YnI+PHRhYmxlIGNlbGxzcGFjaW5nPSIzIiBjZWxscGFkZGluZz0iNSIgYm9yZGVyPSIwIiBiZ2NvbG9yPSIjZmZmZmZmIj48dHI+PHRkIGFsaWduPSJjZW50ZXIiIGJnY29sb3I9IiNmZmU0ZTEiPjxmb250IGNvbG9yPSIjNjk2OTY5IiBzaXplPSIyIj6O2rjmzsTYnzwvZm9udD48L3RkPjx0ZCBiZ2NvbG9yPSIjZmZmZmZmIj48Zm9udCBjb2xvcj0iIzY5Njk2OSIgc2l6ZT0iMiI+ZS1uZXQgc2hvcNbqyr274cnnPGJyPjAxMjAtMTY2LTM1MzwvZm9udD48L3RkPjwvdHI+PHRyPjx0ZCBhbGlnbj0iY2VudGVyIiBiZ2NvbG9yPSIjZmZlNGUxIj48Zm9udCBjb2xvcj0iIzY5Njk2OSIgc2l6ZT0iMiI+3ZTI67BridPUqjwvZm9udD48L3RkPjx0ZCBiZ2NvbG9yPSIjZmZmZmZmIj48Zm9udCBjb2xvcj0iIzY5Njk2OSIgc2l6ZT0iMiI+1urKvbvhyeekv6SrpK+k6dDCrmKYSTwvZm9udD48L3RkPjwvdHI+PHRyPjx0ZCBhbGlnbj0iY2VudGVyIiBiZ2NvbG9yPSIjZmZlNGUxIj48Zm9udCBjb2xvcj0iIzY5Njk2OSIgc2l6ZT0iMiI+x/i31jwvZm9udD48L3RkPjx0ZCBiZ2NvbG9yPSIjZmZmZmZmIj48Zm9udCBjb2xvcj0iIzY5Njk2OSIgc2l6ZT0iMiI+paqpYKW5pcil6aXqpaLRdT+E087v08PSvcthsr/N4sa3PC9mb250PjwvdGQ+PC90cj48L3RhYmxlPjxicj48YnI+PGJyPjxiPjxmb250IGNvbG9yPSIjZmY2NmNjIj6h9KHzofTpdt9CyczGt6TPpbOlwaXpofSh86H0PC9mb250PjwvYj48YnI+P0FQREOhoaXGpaOpYKXIpeqpYKW3peOl86XXqWChoTI1MG1sPGJyPj9BUERDoaGlxqWjqWClyKXqqWClt6XjpfOl16lgoaE1MDBtbDxicj4/QVBEQ6Ghpcalo6lgpcil6qlgpbel46XzpdepYKGhNUw8YnI+P0FQREOhoaXGpaOpYKXIpeqpYKWzpfOlx6Wjpbel56XKqWChoTI1MG1sPGJyPj9BUERDoaGlxqWjqWClyKXqqWCls6Xzpcelo6W3peelyqlgoaE1MDBtbDxicj4/QVBEQ6Ghpcalo6lgpcil6qlgpbOl86XHpaOlt6XnpcqpYKGhNUw8YnI+P0FQREOhoaXcpeql5algpeCloqXDpdels6Xzpcelo6W3peelyqlgoaEyNTBtbDxicj4/QVBEQ6Ghpdyl6qXlqWCl4KWipcOl16WzpfOlx6Wjpbel56XKqWChoTUwMG1sPGJyPj9BUERDoaGl3KXqpeWpYKXgpaKlw6XXpbOl86XHpaOlt6XnpcqpYKGhNUw8YnI+PGJyPjxmb250IGNvbG9yPXJlZD6h+bWx1JPJzMa3pM/Rfcr9terFbqTI1NqO7KTyubLT0KS3pMakpKTrpL+k4aGi1NqO7Lj80MKkzqW/paSl36XzpbCky6TopOqhotTajuzH0KTspM6I9rrPpOSk4KTypKikuqWtpeOl86W7peuktaS7pMakpKS/pMCkr7/JxNzQ1KSspKKk6qTepLmhozwvZm9udD48Y2VudGVyPjxmb250IHNpemU9IjUiIGNvbG9yPSIjRkYwMDk5Ij4/oe/ZcM62xtrP3qTk7kmFp5X4P6TopK+koqTr2XyGlqTPpLOkwaTpoe88L2ZvbnQ+PC9jZW50ZXI+PGJyPjxicj48YnI+,QVBEQyClxqWjqWClyKXqqWClt6XjpfOl16lgIDI1MG1sW0FBXSClraXjpcOlyKXppfOlyaG+RKG/ob5Cob+juqWtpeOlw6XIpeml86XJ,pa2l46XDpcilv6XvqWClraXjpcOlyKXppfOlycOoybClsalgpbjXpqTIpK6l7aWkpeSl66Wrpcql86WyqWCluKWtpeOlw6XIpb+l76lgoaHNu6TDj4ik6qXNpbOlyKWkpeyl2aXDpcnDqKGhpbGpYKW4pKqy6KTOw6jJsMOopb+l76lgpbWlpKWopfOluaXApaSlqKXDpciloqWkpeCluaWtpeOl6qlgpNKk86TkpOrLzcHPn2/Bz8OooaGlyKWkpeyloqWkpeqluaWqqWCl5KXeQVBEQyClxqWjqWClyKXqqWClt6XjpfOl16lgIDI1MG1sW0FBXSClraXjpcOlyKXppfOlyaG+RKG/ob5Cob8=,ob6ktNmPyOs1NDAwg9Ioy7DeeinS1MnPpMfLzcHPn2/BzyEhob+ho0FQREMgpcalo6lgpcil6qlgpbel46XzpdepYCAyNTBtbFtBQV0gpa2l46XDpcil6aXzpcmhvkShv6G+QqG/[rn]
31-51707,aHR0cDovL3RzaG9wLnIxMHMuanAvY2F0LWxhbmQvY2FiaW5ldC9wZXQyLzkyMTk3ODEtZS5qcGc/Zml0aW49NzAwOjcwMA==,MTAzNjguMDAwMA==,,pdqlw6XIP6XapcOlyKWwpcOluiA+IKXapcOlyNPDpKrK1sjrpOzTw8a3ID4gpbel46XzpdepYD+l6qXzpbkgPiClt6XjpfOl16lg,QVBEQyClxqWjqWClyKXqqWClt6XjpfOl16lgIDVMIMvNwc+fb8HPIKXapcOlyCClt6XjpfOl16lgIMiuIMOoIKWxpaLTw8a3IKSqytbI66TsIMZGw6sgw8Ckt6Skw6sgvlOz1iDI9cvh0NQgzOzIu6XPqWCl1iDM7Mi7s8m31iClqqlgpbmlyKXppeqloq5iILTzyN3BvyClraXjpcOlyKXppfOlySCYU8zsIKG+QqG/ob5Eob8=,ob6ktNmPyOs1NDAwg9Ioy7DeeinS1MnPpMfLzcHPn2/BzyEhob8=,PHRhYmxlIHdpZHRoPTc1MD48dHI+PHRkPjxjZW50ZXI+PGltZyBzcmM9Imh0dHA6Ly9pbWFnZS5yYWt1dGVuLmNvLmpwL2RvZy1rYW4vY2FiaW5ldC9wZXQyL2FwZGMtMDEuanBnIiBhbHQ9IkFQREOkz6XapcOlyKTLpOLvlaSk1veky6Tiv+zfbaTKpaKlpKXGpeAiPjxicj48YnI+PGltZyBzcmM9Imh0dHA6Ly9pbWFnZS5yYWt1dGVuLmNvLmpwL2RvZy1rYW4vY2FiaW5ldC9wZXQyL2FwZGMtMDIuanBnIiBhbHQ9IkFQREOkz4WX33iktaTspL+lz6lgpdak8sq508Okt6TGpKSk3qS5Ij48L2NlbnRlcj48L3RkPjwvdHI+PC90YWJsZT7M7Mi7s8m31qTyyrnTw6S3pL+l2qXDpcjTw6W3peOl86XXqWCkx6S5oaM8YnI+paqpYKW5pcil6aXqpaKuYqTOpcalo6lgpcil6qlgpaqlpKXrpPKkz6S4pOGhotayzu/TycC0pM6+q9PNpPLF5LrPpLekxqSkpN6kuaGjPGJyPsespKSkv+HhpOLLrKTkpKukyqXPqWCl1qTOz+Ok6qSspNukzqSrpMuy0KTqpN6kuaGjPGJyPnBIgo42x7Dh4aTOyPXL4dDUpMekuaGjPGJyPjxicj6h8cTayN3Bv6O6NUw8YnI+ofHW97PJt9ajuqXGpaOpYKXIpeqpYKWqpaSl66Gipeml2aXzpcCpYKWqpaSl66GipeapYKWrpeqlqqWkpeuhoqW3pcil7aXNpemlqqWkpeuhoqXtqWCluqXepeqpYKWqpaSl6zxicj6h8cq508O3vbeoo7rLrqTHMrG2pMuxoaThpMaktMq508Okr6TApLWkpDxicj48YnI+PHRhYmxlIGNlbGxzcGFjaW5nPSIzIiBjZWxscGFkZGluZz0iNSIgYm9yZGVyPSIwIiBiZ2NvbG9yPSIjZmZmZmZmIj48dHI+PHRkIGFsaWduPSJjZW50ZXIiIGJnY29sb3I9IiNmZmU0ZTEiPjxmb250IGNvbG9yPSIjNjk2OTY5IiBzaXplPSIyIj6O2rjmzsTYnzwvZm9udD48L3RkPjx0ZCBiZ2NvbG9yPSIjZmZmZmZmIj48Zm9udCBjb2xvcj0iIzY5Njk2OSIgc2l6ZT0iMiI+ZS1uZXQgc2hvcNbqyr274cnnPGJyPjAxMjAtMTY2LTM1MzwvZm9udD48L3RkPjwvdHI+PHRyPjx0ZCBhbGlnbj0iY2VudGVyIiBiZ2NvbG9yPSIjZmZlNGUxIj48Zm9udCBjb2xvcj0iIzY5Njk2OSIgc2l6ZT0iMiI+3ZTI67BridPUqjwvZm9udD48L3RkPjx0ZCBiZ2NvbG9yPSIjZmZmZmZmIj48Zm9udCBjb2xvcj0iIzY5Njk2OSIgc2l6ZT0iMiI+1urKvbvhyeekv6SrpK+k6dDCrmKYSTwvZm9udD48L3RkPjwvdHI+PHRyPjx0ZCBhbGlnbj0iY2VudGVyIiBiZ2NvbG9yPSIjZmZlNGUxIj48Zm9udCBjb2xvcj0iIzY5Njk2OSIgc2l6ZT0iMiI+x/i31jwvZm9udD48L3RkPjx0ZCBiZ2NvbG9yPSIjZmZmZmZmIj48Zm9udCBjb2xvcj0iIzY5Njk2OSIgc2l6ZT0iMiI+paqpYKW5pcil6aXqpaLRdT+E087v08PSvcthsr/N4sa3PC9mb250PjwvdGQ+PC90cj48L3RhYmxlPjxicj48YnI+PGJyPjxiPjxmb250IGNvbG9yPSIjZmY2NmNjIj6h9KHzofTpdt9CyczGt6TPpbOlwaXpofSh86H0PC9mb250PjwvYj48YnI+P0FQREOhoaXGpaOpYKXIpeqpYKW3peOl86XXqWChoTI1MG1sPGJyPj9BUERDoaGlxqWjqWClyKXqqWClt6XjpfOl16lgoaE1MDBtbDxicj4/QVBEQ6Ghpcalo6lgpcil6qlgpbel46XzpdepYKGhNUw8YnI+P0FQREOhoaXGpaOpYKXIpeqpYKWzpfOlx6Wjpbel56XKqWChoTI1MG1sPGJyPj9BUERDoaGlxqWjqWClyKXqqWCls6Xzpcelo6W3peelyqlgoaE1MDBtbDxicj4/QVBEQ6Ghpcalo6lgpcil6qlgpbOl86XHpaOlt6XnpcqpYKGhNUw8YnI+P0FQREOhoaXcpeql5algpeCloqXDpdels6Xzpcelo6W3peelyqlgoaEyNTBtbDxicj4/QVBEQ6Ghpdyl6qXlqWCl4KWipcOl16WzpfOlx6Wjpbel56XKqWChoTUwMG1sPGJyPj9BUERDoaGl3KXqpeWpYKXgpaKlw6XXpbOl86XHpaOlt6XnpcqpYKGhNUw8YnI+PGJyPjxmb250IGNvbG9yPXJlZD6h+bWx1JPJzMa3pM/Rfcr9terFbqTI1NqO7KTyubLT0KS3pMakpKTrpL+k4aGi1NqO7Lj80MKkzqW/paSl36XzpbCky6TopOqhotTajuzH0KTspM6I9rrPpOSk4KTypKikuqWtpeOl86W7peuktaS7pMakpKS/pMCkr7/JxNzQ1KSspKKk6qTepLmhozwvZm9udD48Y2VudGVyPjxmb250IHNpemU9IjUiIGNvbG9yPSIjRkYwMDk5Ij4/oe/ZcM62xtrP3qTk7kmFp5X4P6TopK+koqTr2XyGlqTPpLOkwaTpoe88L2ZvbnQ+PC9jZW50ZXI+PGJyPjxicj48YnI+,QVBEQyClxqWjqWClyKXqqWClt6XjpfOl16lgIDVMIMvNwc+fb8HPIKXapcOlyCClt6XjpfOl16lgIMiuIMOoIKWxpaLTw8a3IKSqytbI66TsIMZGw6sgw8Ckt6Skw6sgvlOz1iDI9cvh0NQgzOzIu6XPqWCl1iDM7Mi7s8m31iClqqlgpbmlyKXppeqloq5iILTzyN3BvyClraXjpcOlyKXppfOlySCYU8zsIKG+QqG/ob5Eob+juqWtpeOlw6XIpeml86XJ,pa2l46XDpcilv6XvqWClraXjpcOlyKXppfOlycOoybClsalgpbjXpqTIpK6l7aWkpeSl66Wrpcql86WyqWCluKWtpeOlw6XIpb+l76lgoaHNu6TDj4ik6qXNpbOlyKWkpeyl2aXDpcnDqKGhpbGpYKW4pKqy6KTOw6jJsMOopb+l76lgpbWlpKWopfOluaXApaSlqKXDpciloqWkpeCluaWtpeOl6qlgpNKk86TkpOrLzcHPn2/Bz8OooaGlyKWkpeyloqWkpeqluaWqqWCl5KXeQVBEQyClxqWjqWClyKXqqWClt6XjpfOl16lgIDVMIMvNwc+fb8HPIKXapcOlyCClt6XjpfOl16lgIMiuIMOoIKWxpaLTw8a3IKSqytbI66TsIMZGw6sgw8Ckt6Skw6sgvlOz1iDI9cvh0NQgzOzIu6XPqWCl1iDM7Mi7s8m31iClqqlgpbmlyKXppeqloq5iILTzyN3BvyClraXjpcOlyKXppfOlySCYU8zsIKG+QqG/ob5Eob8=,ob6ktNmPyOs1NDAwg9Ioy7DeeinS1MnPpMfLzcHPn2/BzyEhob+ho0FQREMgpcalo6lgpcil6qlgpbel46XzpdepYCA1TCDLzcHPn2/BzyCl2qXDpcggpbel46XzpdepYCDIriDDqCClsaWi08PGtyCkqsrWyOuk7CDGRsOrIMPApLekpMOrIL5Ts9YgyPXL4dDUIMzsyLulz6lgpdYgzOzIu7PJt9YgpaqpYKW5pcil6aXqpaKuYiC088jdwb8gpa2l46XDpcil6aXzpckgmFPM7CChvkKhv6G+RKG/[rn]
31-51708,aHR0cDovL3RzaG9wLnIxMHMuanAvY2F0LWxhbmQvY2FiaW5ldC9wZXQyLzkyMTk3NzYtZS5qcGc/Zml0aW49NzAwOjcwMA==,MTgyNC4wMDAw,,pdqlw6XIP6XapcOlyKWwpcOluiA+IKXapcOlyNPDpKrK1sjrpOzTw8a3ID4gpbel46XzpdepYD+l6qXzpbkgPiClt6XjpfOl16lg,pc6l66XQpbWl86W3peOl86XXqWAwLjUgMjAwbWwgW6XOpeul0KW1pfMgpbel46XzpdepYCCl2qXDpcjTw6W3peOl86XXqWAgyK7Tw6W3peOl86XXqWAgpa2l6qWrpfPR89DQXVtBQV0gpa2l46XDpcil6aXzpcmhvlRDob8=,ob6ktNmPyOs1NDAwg9Ioy7DeeinS1MnPpMfLzcHPn2/BzyEhob8=,PHRhYmxlIHdpZHRoPTc1MD48dHI+PHRkPjxjZW50ZXI+PC9jZW50ZXI+PC90ZD48L3RyPjwvdGFibGU+v7m++rPJt9ajqPWhy+Glr6Xtpeul2KWtpbeluKXzo6mkrMjrpMOkv6XapcOlyNPDpbmlraXzpbGloqW3peOl86XXqWCkx6S5oaM8YnI+PGJyPqW5pa2l86WxpaKkzrv5sb6kz6G4z7Sbt6G5pMekuaGjpN6kuqTPoaLfXoSPpMu31sPapLWk7KS/xqTWrKGitPrWeKTLpOikw6TGsP7reKS3pL+9x9l8vJqw+6GiuLbXxaS3pL+324ltpMqkyaTypLekw6SrpOrC5KTIpLmks6TIpKy088rCoaM8YnI+obj1ocvhpa+l7aXrpdilraW3pbil86G5pM+yodS6pMqkyaTHpOLKuaTvpOykxqSkpOvP+7a+y2Gkx6S5oaM8YnI+pLWk6aTLoaKls6Xzpcelo6W3peelyqlgyOuk6qTKpM6kx8rLyc+krKTqpNWk86TvpOqjoc/jpOqk4suspOSkq6THpLmhozxicj48YnI+ofHE2sjdwb+jujIwMG1sPGJyPqHxyrnTw8G/o6jEv7Cyo6k8YnI+w6ihot1Ywb/IrqOoMTBrZ860nLqjqaO6MTBtbKGrMzBtbDxicj7W0MG/yK6jqDEwa2fS1MnPMjBrZ860nLqjqaO6MzBtbKGrNjBtbDxicj7W2MG/yK6jqDIwa2fS1MnPo6mjujUwbWyhqzxicj6h+YTTzu+kzrTz0KGhorG7w6ukzrbgydmhoulMtsyhorywpNObQaTspM6zzLbIpMuk6KTq323Sy4mInHCkt6Giyq631sXdwaKkxMG/pPK0X9VKpLekyqSspOnKudPDpLekxqSvpMCktaSkoaM8YnI+ofGzybfWo7qlr6Xtpeul2KWtpbeluKXz9aHL4YljoaKl5KW3083WrLe+y+GloqXfpcmhoqXppaal6qXzy+GluKWopb+lzqlgpeuloqXfpcmhoolju6+luKWipeulraXro6gxMi0xNaOppbil4aXBpeuloqXzpeKly6WmpeChoqXdpeqlqKXBpeyl86Wwpeqls6lgpes2MDAwoaLH4MmrMbrFoaKl1aWnpcul66WopcGl66Wipeuls6lgpeuhovWhy+Gl2aXzpbil66GiiWPL4aGivqvRdcuuPGJyPjxicj4/16LS4j88YnI+P6Wvpe2l66XYpa2lt6W4pfOky4ydpLmk699ew/TWoqSspN6k7KTLsGvJ+qS5pOuks6TIpKykoqTqpN6kuaGjpdqlw6XIpKyk0qTJpK+kq6TmpKykw6S/pOqhosakxHeky66Qs6OkrMn6pLikv4j2us+kz9axpMGky8q508Ok8ta5pOGkxqGihNPO77Kh1Lqky6S0z+DVhKSvpMCktaSkoaM8YnI+P9fTuamkzsrWpM697KSrpMqkpMv5pMuxo7ncpLekxqSvpMCktaSkoaM8YnI+P8S/pMvI66TppMqkpKTopKbXotLipLekxqSvpMCktaSkoaOk4qS3yOukw6TGpLek3qTDpL+I9rrPpM/WsaTBpMvB98uupMfPtJu3pLehotK9jp+ky6S0z+DVhKSvpMCktaSkoaM8YnI+PGJyPjx0YWJsZSBjZWxsc3BhY2luZz0iMyIgY2VsbHBhZGRpbmc9IjUiIGJvcmRlcj0iMCIgYmdjb2xvcj0iI2ZmZmZmZiI+PHRyPjx0ZCBhbGlnbj0iY2VudGVyIiBiZ2NvbG9yPSIjZmZlNGUxIj48Zm9udCBjb2xvcj0iIzY5Njk2OSIgc2l6ZT0iMiI+jtq45s7E2J88L2ZvbnQ+PC90ZD48dGQgYmdjb2xvcj0iI2ZmZmZmZiI+PGZvbnQgY29sb3I9IiM2OTY5NjkiIHNpemU9IjIiPmUtbmV0IHNob3DW6sq9u+HJ5zxicj4wMTIwLTE2Ni0zNTM8L2ZvbnQ+PC90ZD48L3RyPjx0cj48dGQgYWxpZ249ImNlbnRlciIgYmdjb2xvcj0iI2ZmZTRlMSI+PGZvbnQgY29sb3I9IiM2OTY5NjkiIHNpemU9IjIiPt2UyOuwa4nT1Ko8L2ZvbnQ+PC90ZD48dGQgYmdjb2xvcj0iI2ZmZmZmZiI+PGZvbnQgY29sb3I9IiM2OTY5NjkiIHNpemU9IjIiPtbqyr274cnnpa2l6qWrpfPR89DQPC9mb250PjwvdGQ+PC90cj48dHI+PHRkIGFsaWduPSJjZW50ZXIiIGJnY29sb3I9IiNmZmU0ZTEiPjxmb250IGNvbG9yPSIjNjk2OTY5IiBzaXplPSIyIj7H+LfWPC9mb250PjwvdGQ+PHRkIGJnY29sb3I9IiNmZmZmZmYiPjxmb250IGNvbG9yPSIjNjk2OTY5IiBzaXplPSIyIj6loqXhpeqlq9F1P4TTzu/Tw9K9y2Gyv83ixrc8L2ZvbnQ+PC90ZD48L3RyPjwvdGFibGU+PGJyPjxicj48YnI+PGI+PGZvbnQgY29sb3I9IiNmZjY2Y2MiPqH0ofOh9Ol230LJzMa3pM+ls6XBpemh9KHzofQ8L2ZvbnQ+PC9iPjxicj4/pc6l66XQpbWl86W3peOl86XXqWAwLjWhoTIwMG1sPGJyPj+lzqXrpdCltaXzpaqlwaXDpa+hoTQ3M21sPGJyPj+lzqXrpdCltaXzpaqlwaXDpa+hoTExOG1sCjxicj48YnI+PGZvbnQgY29sb3I9cmVkPqH5tbHUk8nMxrekz9F9yv216sVupMjU2o7spPK5stPQpLekxqSkpOukv6ThoaLU2o7suPzQwqTOpb+lpKXfpfOlsKTLpOik6qGi1NqO7MfQpOykzoj2us+k5KTgpPKkqKS6pa2l46Xzpbul66S1pLukxqSkpL+kwKSvv8nE3NDUpKykoqTqpN6kuaGjPC9mb250PjxjZW50ZXI+PGZvbnQgc2l6ZT0iNSIgY29sb3I9IiNGRjAwOTkiPj+h79lwzrbG2s/epOTuSYWnlfg/pOikr6SipOvZfIaWpM+ks6TBpOmh7zwvZm9udD48L2NlbnRlcj48YnI+PGJyPjxicj4=,pc6l66XQpbWl86W3peOl86XXqWAwLjUgMjAwbWwgW6XOpeul0KW1pfMgpbel46XzpdepYCCl2qXDpcjTw6W3peOl86XXqWAgyK7Tw6W3peOl86XXqWAgpa2l6qWrpfPR89DQXVtBQV0gpa2l46XDpcil6aXzpcmhvlRDob+juqWtpeOlw6XIpeml86XJ,pa2l46XDpcilv6XvqWClraXjpcOlyKXppfOlycOoybClsalgpbjXpqTIpK6l7aWkpeSl66Wrpcql86WyqWCluKWtpeOlw6XIpb+l76lgoaHNu6TDj4ik6qXNpbOlyKWkpeyl2aXDpcnDqKGhpbGpYKW4pKqy6KTOw6jJsMOopb+l76lgpbWlpKWopfOluaXApaSlqKXDpciloqWkpeCluaWtpeOl6qlgpNKk86TkpOrLzcHPn2/Bz8OooaGlyKWkpeyloqWkpeqluaWqqWCl5KXepc6l66XQpbWl86W3peOl86XXqWAwLjUgMjAwbWwgW6XOpeul0KW1pfMgpbel46XzpdepYCCl2qXDpcjTw6W3peOl86XXqWAgyK7Tw6W3peOl86XXqWAgpa2l6qWrpfPR89DQXVtBQV0gpa2l46XDpcil6aXzpcmhvlRDob8=,ob6ktNmPyOs1NDAwg9Ioy7DeeinS1MnPpMfLzcHPn2/BzyEhob+ho6XOpeul0KW1pfOlt6XjpfOl16lgMC41IDIwMG1sIFulzqXrpdCltaXzIKW3peOl86XXqWAgpdqlw6XI08Olt6XjpfOl16lgIMiu08Olt6XjpfOl16lgIKWtpeqlq6Xz0fPQ0F1bQUFdIKWtpeOlw6XIpeml86XJob5UQ6G/[rn]
31-51709,aHR0cDovL3RzaG9wLnIxMHMuanAvYXVjLWF2ZWwvY2FiaW5ldC8yMDkvMjA5MDA1NjM3NC5qcGc/Zml0aW49NzAwOjcwMA==,MzQ1Ni4wMDAw,,pdqlw6XIP6XapcOlyKWwpcOluiA+IKXapcOlyNPDpKrK1sjrpOzTw8a3ID4gpbel46XzpdepYD+l6qXzpbkgPiClt6XjpfOl16lg,ob5QMTChv6G+y83Bz59vwc+hv6H0obajtaOwo7BtbKHBo7KxvqW7pcOlyKG3QS5QLkQuQy6hoaXGpaOpYKXEpeqpYKW3peOl86XXqWA/pdyl6qXlqWCl4KWipcOl16WzpfOlx6Wjpbel56XKqWChoaG+QVBEQ6GhyK7Tw6W3peOl86XXqWChvw==,ob4xMDCjpZ9v3nLLYaXGpaOpYKXEpeqpYKTy1vezybfWob8=,PElGUkFNRSBzcmM9Imh0dHA6Ly93d3cucmFrdXRlbi5uZS5qcC9nb2xkL2F1Yy1hdmVsL2thbnJlbl9pdGVtL2thbl8yMDkwMDU2Mzc0Lmh0bWwiIGZyYW1lYm9yZGVyPSIwIiB3aWR0aD0iNzMwIiBoZWlnaHQ9IjU1MCIgc2Nyb2xsaW5nPSJ5ZXMiIG1hcmdpbndpZHRoPSIwIj48L0lGUkFNRT48ZGl2IGFsaWduPSJjZW50ZXIiPjx0YWJsZSBzdHlsZSA9InBhZGRpbmc6IDEwcHg7IHdpZHRoOiA0NzU7IGJvcmRlcjogMnB4IHNvbGlkICNjY2M7Ij48dHI+PHRkIHN0eWxlPSJwYWRkaW5nOiAxMHB4OyI+ob7JzMa3w/uhvzxicj4gQS5QLkQuQy6hoaXGpaOpYKXEpeqpYKW3peOl86XXqWA/pdyl6qXlqWCl4KWipcOl16WzpfOlx6Wjpbel56XKqWChobj3NTAwbWw8YnI+IDxicj4gob6l4algpaupYKG/PGJyPiBBLlAuRC5DLqGho6ilqKlgpdSpYKXHpaOpYKW3qWCjqTxicj4gPGJyPiChvtStrmK5+qG/PGJyPiClqqlgpbmlyKXppeqlojxicj4gPGJyPiChvsnMxrfVaMP3ob88YnI+IMu8pO+kurGnpK2kt6ThpL+kr6TKpOujoTxicj4gobCk1aTvpcSl5LjQobGkyMuspOSkq6TKz+Ok6qGjPGJyPiA8YnI+IEEuUC5ELkMuoaGlxqWjqWClxKXqqWClt6XjpfOl16lgP6Xcpeql5algpeCloqXDpdels6Xzpcelo6W3peelyqlgpM7LzcHPn2/Bz6TOpKq1w6TKpbulw6XIpMekuaGjPGJyPiA8YnI+IDxicj4gofml6qXLpeWpYKWipeu1yKTLpOik6tPouOakyqSvpdGlw6WxqWCluKGiyN3Bv7XIieS4/KS1pOyk64j2us+krKS0pLakpKTepLk8L3RkPjwvdHI+PC90YWJsZT48L2Rpdj48QlI+ob4yc3BfMTIwNDE3X2Khvzx0YWJsZSBhbGlnbj0iY2VudGVyIiB3aWR0aD0iNzIwIiBib3JkZXI9IjAiIGNlbGxwYWRkaW5nPSIwIiBjZWxsc3BhY2luZz0iMCIgYmdjb2xvcj0iI0ZGRkZGRiI+Cjx0cj4KPHRkIGFsaWduPSJjZW50ZXIiIHZhbGlnbj0iYm90dG9tIiBiZ2NvbG9yPSIjY2NjY2NjIj48aW1nIHNyYz0iaHR0cDovL3d3dy5yYWt1dGVuLm5lLmpwL2dvbGQvYXVjLWF2ZWwvZ29xc3lzdGVtLzYwMHJhbmtpbmd0aXRlbC5naWYiIHdpZHRoPSI3MjAiIC8+PC90ZD4KPC90cj4KPC90YWJsZT4KPHRhYmxlIGFsaWduPSJjZW50ZXIiIHdpZHRoPSI3MTYiIGJvcmRlcj0iMCIgY2VsbHBhZGRpbmc9IjAiIGNlbGxzcGFjaW5nPSIwIiBiZ2NvbG9yPSIjQ0NDQ0NDIiBzdHlsZT0iYm9yZGVyLWxlZnQ6c29saWQ7Ym9yZGVyLWxlZnQtd2lkdGg6MXB4O2JvcmRlci1yaWdodDpzb2xpZDtib3JkZXItcmlnaHQtd2lkdGg6MXB4O2JvcmRlci1ib3R0b206c29saWQ7Ym9yZGVyLWJvdHRvbS13aWR0aDoxcHg7Ym9yZGVyLWNvbG9yOiNDQ0NDQ0M7Ij4KPHRyPgo8dGQgYWxpZ249ImNlbnRlciIgYmdjb2xvcj0iI0ZGRkZGRiI+Cgo8L3RkPgo8L3RyPgo8dHI+Cjx0ZCBhbGlnbj0icmlnaHQiIGJnY29sb3I9IiNGRkZGRkYiIHN0eWxlPSJwYWRkaW5nOjJweDsiPgo8aW1nIHNyYz0iaHR0cDovL3d3dy5yYWt1dGVuLm5lLmpwL2dvbGQvYXVjLWF2ZWwvZ29xc3lzdGVtL3Bvd2VyZWRfYnlfYmFubmVyLmdpZiIgd2lkdGg9IjEyNSIgLz4KPC90ZD4KPC90cj4KPC90YWJsZT4KCjxzdHlsZSB0eXBlPSJ0ZXh0L2NzcyI+CjwhLS0KdGQuYnJlYWRjcnVtYnNfbGlzdCB7Cgl3aWR0aDo3MDBweDsKCWxpbmUtaGVpZ2h0OjI1cHg7CglwYWRkaW5nOjBweCAxMHB4IDBweCA5MHB4OwoJZm9udC1zaXplOjEycHg7CgliYWNrZ3JvdW5kOnVybChodHRwOi8vd3d3LnJha3V0ZW4ubmUuanAvZ29sZC9hdWMtYXZlbC9yYWt1dGVuL2NhdGVnb3J5LmpwZykgbm8tcmVwZWF0IGxlZnQgdG9wOwoJY29sb3I6IzY2NjsKCWJvcmRlci1ib3R0b20td2lkdGg6IDFweDsKCWJvcmRlci1ib3R0b20tc3R5bGU6IHNvbGlkOwoJYm9yZGVyLWJvdHRvbS1jb2xvcjogI2NjYzsKfQoKYS5zdWJjYXRlZ29yeV9saXN0OmhvdmVyLGEuY2F0ZWdvcnlfaXRlbW5hbWVsaW5rOmhvdmVyLGEuYnJlYWRjcnVtYnNfbGlzdDpob3ZlcixhLmxvc3NsZWFkZXJfaXRlbV9uYW1lOmhvdmVyewoJY29sb3I6IzYzMwp9CmE6aG92ZXIgaW1newpvcGFjaXR5OiAwLjc7CmZpbHRlcjogQWxwaGEob3BhY2l0eT03MCk7Cn0KdGQgYS5zdWJjYXRlZ29yeV9saXN0IHsKCWRpc3BsYXk6YmxvY2s7CglfZGlzcGxheTp0YWJsZS1jZWxsOwoJdmVydGljYWwtYWxpZ246bWlkZGxlOwoJZGlzcGxheTogYmxvY2s7Cgl3aWR0aDoxNTVweDsKCV93aWR0aDoxODVweDsKCWhlaWdodDoxNHB4OwoJX2hlaWdodDoyN3B4OwoJcGFkZGluZzo2cHggMTVweDsKCWJhY2tncm91bmQtY29sb3I6I2ZmZjsKCXotaW5kZXg6MTA7CglmbG9hdDpsZWZ0OwoJZm9udC1zaXplOjEzcHg7Cglib3JkZXI6MXB4IHNvbGlkICNjY2M7Cglib3JkZXItbGVmdDpzb2xpZCA1cHggI2NjYzsKCWNvbG9yOiMwNkMgIWltcG9ydGFudDsKCXRleHQtZGVjb3JhdGlvbjpub25lOwoJb3ZlcmZsb3c6aGlkZGVuOwp9CnRkIGEuc3ViY2F0ZWdvcnlfbGlzdCBpbWcgewptYXJnaW46NHB4IDAgNXB4IDA7CiB2ZXJ0aWNhbC1hbGlnbjptaWRkbGU7Cn0KYTpob3Zlci5zdWJjYXRlZ29yeV9saXN0ewoJY29sb3I6IzMzMyAhaW1wb3J0YW50OwoJYm9yZGVyLWxlZnQ6c29saWQgNXB4ICM2MzM7Cn0Kc3Bhbi5zdWJjYXRlZ29yeV9saXN0ewpkaXNwbGF5Om5vbmU7Cn0KCnNwYW4uY2F0Y2hfY29weSB7CglkaXNwbGF5OiBibG9jazsKCWNvbG9yOiAjM0M2OwoJZm9udC1zaXplOiAxMnB4OwoJZm9udC13ZWlnaHQ6IGJvbGQ7CglsaW5lLWhlaWdodDogMTQwJTsKCW1hcmdpbi1ib3R0b206IDVweDsKfQpzcGFuLml0ZW1fbmFtZSB7Cgljb2xvcjojMzMzOwoJZGlzcGxheTogYmxvY2s7Cglmb250LXNpemU6IDE2cHg7CglwYWRkaW5nLWJvdHRvbTogMXB4OwoJbGluZS1oZWlnaHQ6IDE0MCU7Cn0Kc3Bhbi5pdGVtX25hbWUgYiB7CglwYWRkaW5nLWJvdHRvbTogMTBweDsKCWJhY2tncm91bmQtaW1hZ2U6IHVybChodHRwOi8vaW1hZ2UucmFrdXRlbi5jby5qcC9hdWMtYXZlbC9jYWJpbmV0L3RvcC9iX2l0ZW0uanBnKTsKCWJhY2tncm91bmQtcmVwZWF0OiByZXBlYXQteDsKCWJhY2tncm91bmQtcG9zaXRpb246IGxlZnQgYm90dG9tOwp9Ci5pdGVtX3RleHRfd2FrdSB7Cgl3aWR0aDogMTAwJTsKCWxpbmUtaGVpZ2h0OiAxNDAlOwoJdGV4dC1hbGlnbjogbGVmdDsKCWJvcmRlcjogMXB4IGRvdHRlZCAjRkM2OwoJcGFkZGluZzogMTBweDsKfQpzcGFuLml0ZW1fdGV4dF9uYWthIHsKCXBhZGRpbmctYm90dG9tOiAzcHg7CgliYWNrZ3JvdW5kLWltYWdlOiB1cmwoaHR0cDovL2ltYWdlLnJha3V0ZW4uY28uanAvYXVjLWF2ZWwvY2FiaW5ldC90b3AvaXRlbV90ZXh0X2wuanBnKTsKCWJhY2tncm91bmQtcmVwZWF0OiByZXBlYXQteDsKCWJhY2tncm91bmQtcG9zaXRpb246IGxlZnQgYm90dG9tOwoJY29sb3I6ICM2NjY7Cglmb250LXNpemU6IDE1cHg7CgliYWNrZ3JvdW5kLWF0dGFjaG1lbnQ6IHNjcm9sbDsKfQpzcGFuLnByaWNlMSB7Cglmb250LXNpemU6IDE1MCU7Cglmb250LXdlaWdodDpib2xkOwoJZm9udC13ZWlnaHQ6bGlnaHRlcjsKfQpzcGFuLnByaWNlMiB7Cglmb250LXNpemU6IDE1MCU7Cglmb250LXdlaWdodDpib2xkOwoJZm9udC13ZWlnaHQ6bGlnaHRlcjsKfQpzcGFuLnVuaXQgewoJcGFkZGluZy10b3A6NXB4Owp9CiN1bml0cyB7CgloZWlnaHQ6IDMwcHg7Cglmb250LXNpemU6IDE2cHg7CglwYWRkaW5nLXRvcDogMXB4OwoJcGFkZGluZy1yaWdodDogMnB4OwoJcGFkZGluZy1ib3R0b206IDFweDsKCXBhZGRpbmctbGVmdDogMnB4Owp9CmlucHV0IHsKCWZvbnQtc2l6ZTogMTRweDsKCXBhZGRpbmc6IDVweDsKfQotLT4KPC9zdHlsZT4=,ob5QMTChv6G+y83Bz59vwc+hv6H0obajtaOwo7BtbCZ0aW1lczujsrG+pbulw6XIobdBLlAuRC5DLqGhpcalo6lgpcSl6qlgpbel46XzpdepYD+l3KXqpeWpYKXgpaKlw6XXpbOl86XHpaOlt6XnpcqpYKGhob5BUERDoaHIrtPDpbel46XzpdepYKG/o7qloqX0pael65hTzOzK0Ij2teo=,pe2lpKXkpeulq6XKpfOl5qlgpaulzKXQpbWlpKWopfOluaXApaSlqKXDpcilr6XqpaKlsalgpbggTaWkpfOlyaWiw6jTw8a3yK7Tw8a3w6ggpdWpYKXJy66y26SmpLWkrtChhNPO76XVpa+l7aXipeKl86Wspdqlw6XI08PGt7y0yNXF5MvNpKKkuZhTpaSl86XJpaKhoTEwo+uj56WkpfOlyaWioaGl6aWkpdWhoaWipcCl66XIob5QMTChv6G+y83Bz59vwc+hv6H0obajtaOwo7BtbCZ0aW1lczujsrG+pbulw6XIobdBLlAuRC5DLqGhpcalo6lgpcSl6qlgpbel46XzpdepYD+l3KXqpeWpYKXgpaKlw6XXpbOl86XHpaOlt6XnpcqpYKGhob5BUERDoaHIrtPDpbel46XzpdepYKG/,ob4xMDCjpZ9v3nLLYaXGpaOpYKXEpeqpYKTy1vezybfWob+ho6G+UDEwob+hvsvNwc+fb8HPob+h9KG2o7WjsKOwbWwmdGltZXM7o7KxvqW7pcOlyKG3QS5QLkQuQy6hoaXGpaOpYKXEpeqpYKW3peOl86XXqWA/pdyl6qXlqWCl4KWipcOl16WzpfOlx6Wjpbel56XKqWChoaG+QVBEQ6GhyK7Tw6W3peOl86XXqWChvw==[rn]
31-51710,aHR0cDovL3RzaG9wLnIxMHMuanAvYXVjLWF2ZWwvY2FiaW5ldC8yMTQvMjE0MDEyMTA1Ny5qcGc/Zml0aW49NzAwOjcwMA==,MjAyMC44MDAw,,pdqlw6XIP6XapcOlyKWwpcOluiA+IKXapcOlyNPDpKrK1sjrpOzTw8a3ID4gpbel46XzpdepYD+l6qXzpbkgPiClt6XjpfOl16lg,ofShtqW3peOl86XXqWArpeql86W5pbulw6XIobelvqWkpcOlryCjqFpPSUOjqaGhTqGhpdul76Wkpcily6XzpbAgoaGjs6Owo7BtbKGhobbDwKS3pKSxu8OrpPKk6KTfpKykqKTppLuk66G3ob7IrqGhw6ihobDXw6vTw6Ghpeql86W5ob8=,ob7Iq8Oryaukzsiut04/w6i3Tj+bQaTspKyk0qTJpKSI9rrPpMukqqS5pLmk4aG/,PElGUkFNRSBzcmM9Imh0dHA6Ly93d3cucmFrdXRlbi5uZS5qcC9nb2xkL2F1Yy1hdmVsL2thbnJlbl9pdGVtL2thbl8yMTQwMTIxMDU3Lmh0bWwiIGZyYW1lYm9yZGVyPSIwIiB3aWR0aD0iNzMwIiBoZWlnaHQ9IjU1MCIgc2Nyb2xsaW5nPSJ5ZXMiIG1hcmdpbndpZHRoPSIwIj48L0lGUkFNRT48ZGl2IGFsaWduPSJjZW50ZXIiPjx0YWJsZSBzdHlsZSA9InBhZGRpbmc6IDEwcHg7IHdpZHRoOiA0NzU7IGJvcmRlcjogMnB4IHNvbGlkICNjY2M7Ij48dHI+PHRkIHN0eWxlPSJwYWRkaW5nOiAxMHB4OyI+ob7JzMa3w/uhvzxicj4gobalt6XjpfOl16lgK6XqpfOluaW7pcOlyKG3pb6lpKXDpa8go6haT0lDo6mhoU6hoaXbpe+lpKXIpcul86WwIKGho7OjsKOwbWw8YnI+IDxicj4gob6l4algpaupYKG/PGJyPiClvqWkpcOlryCjqFpPSUOjqTxicj4gPGJyPiChvszYj9Whvzxicj4gpayl86WzpMqbQaTspPLC5KTIpLehosPApLekpLG7w6uk8qTopN+krKSopOmku6TrpL+k4aTOpbel46XzpdepYKOmpeql86W5PGJyPiA8YnI+IDxicj4gob7P46Tqob88YnI+IKW1peul06WipM67qKTOz+Ok6qTypaSl4algpbikt6S/oaLH5Z2NuNCkzqSipOul3qWkpeulySCl1aXtqWCl6aXrPGJyPiAgPGJyPiA8YnI+IKH5peqly6XlqWCloqXrtciky6TopOrT6LjmpMqkr6XRpcOlsalgpbihosjdwb+1yInkuPyktaTspOuI9rrPpKyktKS2pKSk3qS5PC90ZD48L3RyPjwvdGFibGU+PC9kaXY+PEJSPqG+MnNwXzEyMDQxN19iob88QlI+PEJSPjxzdHlsZSBUWVBFPSJ0ZXh0L2NzcyI+PCEtLWEgeyAgICBjb2xvcjojMzlGOyAgICBmb250LXNpemU6MTRweDsgICAgdGV4dC1hbGlnbjoxODAlO31hOmhvdmVyeyAgICBjb2xvcjojM0NGOyAgICB0ZXh0LWRlY29yYXRpb246dW5kZXJsaW5lO30tLT48L3N0eWxlPjxkaXYgc3R5bGU9ImJhY2tncm91bmQtY29sb3I6I0ZGRTZFNjsgcGFkZGluZzoxMHB4OyBmb250LXNpemU6MTRweDsgY29sb3I6I0YzNjsgdGV4dC1hbGlnbjoxODAlOyBib3JkZXI6MnB4IGRhc2hlZCAjRkNDOyI+obalvqWkpcOlr6GhTqGhpdul76Wkpcily6XzpbChtzxicj4gIKHvPGltZyBzcmM9Imh0dHA6Ly90aHVtYm5haWwuaW1hZ2UucmFrdXRlbi5jby5qcC9AMF9tYWxsL2F1Yy1hdmVsL2NhYmluZXQvMjE0LzIxNDAxMjEwNTcuanBnP19leD02MHg2MCZzPTAmcj0xIiBhbHQ9IqG2mEmE1dPDpbel46XzpdepYCul6qXzpbmlu6XDpcihtyIgYm9yZGVyPSIwIj6h9KG2o7OjsKOwbWyhoaW3peOl86XXqWArpeql86W5pbulw6XIobc8YnI+oe88aW1nIHNyYz0iaHR0cDovL3RodW1ibmFpbC5pbWFnZS5yYWt1dGVuLmNvLmpwL0AwX21hbGwvYXVjLWF2ZWwvY2FiaW5ldC8yMTQvMjE0MDExMjc2MC5qcGc/X2V4PTYweDYwJnM9MCZyPTEiIGFsdD0ipbel46XzpdepYKGho7OjsKOwbWwiIGJvcmRlcj0iMCI+pbel46XzpdepYKGho7OjsKOwbWw8YnI+oe88aW1nIHNyYz0iaHR0cDovL3RodW1ibmFpbC5pbWFnZS5yYWt1dGVuLmNvLmpwL0AwX21hbGwvYXVjLWF2ZWwvY2FiaW5ldC8yMTQvMjE0MDEwMTUzMy5qcGc/X2V4PTYweDYwJnM9MCZyPTEiIGFsdD0ipeql86W5oaGjs6Owo7BtbCIgYm9yZGVyPSIwIj6l6qXzpbmhoaOzo7CjsG1sPGJyPqHvPGltZyBzcmM9Imh0dHA6Ly90aHVtYm5haWwuaW1hZ2UucmFrdXRlbi5jby5qcC9AMF9tYWxsL2F1Yy1hdmVsL2NhYmluZXQvMjE0LzIxNDAxMTk0MTQuanBnP19leD02MHg2MCZzPTAmcj0xIiBhbHQ9IqG2mEmE1dPDpbel46XzpdepYCul6qXzpbmlu6XDpcihtyIgYm9yZGVyPSIwIj6h9KG2mEmE1dPDpbel46XzpdepYCul6qXzpbmlu6XDpcihtzwvZGl2PjxCUj48dGFibGUgYWxpZ249ImNlbnRlciIgd2lkdGg9IjcyMCIgYm9yZGVyPSIwIiBjZWxscGFkZGluZz0iMCIgY2VsbHNwYWNpbmc9IjAiIGJnY29sb3I9IiNGRkZGRkYiPgo8dHI+Cjx0ZCBhbGlnbj0iY2VudGVyIiB2YWxpZ249ImJvdHRvbSIgYmdjb2xvcj0iI2NjY2NjYyI+PGltZyBzcmM9Imh0dHA6Ly93d3cucmFrdXRlbi5uZS5qcC9nb2xkL2F1Yy1hdmVsL2dvcXN5c3RlbS82MDByYW5raW5ndGl0ZWwuZ2lmIiB3aWR0aD0iNzIwIiAvPjwvdGQ+CjwvdHI+CjwvdGFibGU+Cjx0YWJsZSBhbGlnbj0iY2VudGVyIiB3aWR0aD0iNzE2IiBib3JkZXI9IjAiIGNlbGxwYWRkaW5nPSIwIiBjZWxsc3BhY2luZz0iMCIgYmdjb2xvcj0iI0NDQ0NDQyIgc3R5bGU9ImJvcmRlci1sZWZ0OnNvbGlkO2JvcmRlci1sZWZ0LXdpZHRoOjFweDtib3JkZXItcmlnaHQ6c29saWQ7Ym9yZGVyLXJpZ2h0LXdpZHRoOjFweDtib3JkZXItYm90dG9tOnNvbGlkO2JvcmRlci1ib3R0b20td2lkdGg6MXB4O2JvcmRlci1jb2xvcjojQ0NDQ0NDOyI+Cjx0cj4KPHRkIGFsaWduPSJjZW50ZXIiIGJnY29sb3I9IiNGRkZGRkYiPgoKPC90ZD4KPC90cj4KPHRyPgo8dGQgYWxpZ249InJpZ2h0IiBiZ2NvbG9yPSIjRkZGRkZGIiBzdHlsZT0icGFkZGluZzoycHg7Ij4KPGltZyBzcmM9Imh0dHA6Ly93d3cucmFrdXRlbi5uZS5qcC9nb2xkL2F1Yy1hdmVsL2dvcXN5c3RlbS9wb3dlcmVkX2J5X2Jhbm5lci5naWYiIHdpZHRoPSIxMjUiIC8+CjwvdGQ+CjwvdHI+CjwvdGFibGU+Cgo8c3R5bGUgdHlwZT0idGV4dC9jc3MiPgo8IS0tCnRkLmJyZWFkY3J1bWJzX2xpc3QgewoJd2lkdGg6NzAwcHg7CglsaW5lLWhlaWdodDoyNXB4OwoJcGFkZGluZzowcHggMTBweCAwcHggOTBweDsKCWZvbnQtc2l6ZToxMnB4OwoJYmFja2dyb3VuZDp1cmwoaHR0cDovL3d3dy5yYWt1dGVuLm5lLmpwL2dvbGQvYXVjLWF2ZWwvcmFrdXRlbi9jYXRlZ29yeS5qcGcpIG5vLXJlcGVhdCBsZWZ0IHRvcDsKCWNvbG9yOiM2NjY7Cglib3JkZXItYm90dG9tLXdpZHRoOiAxcHg7Cglib3JkZXItYm90dG9tLXN0eWxlOiBzb2xpZDsKCWJvcmRlci1ib3R0b20tY29sb3I6ICNjY2M7Cn0KCmEuc3ViY2F0ZWdvcnlfbGlzdDpob3ZlcixhLmNhdGVnb3J5X2l0ZW1uYW1lbGluazpob3ZlcixhLmJyZWFkY3J1bWJzX2xpc3Q6aG92ZXIsYS5sb3NzbGVhZGVyX2l0ZW1fbmFtZTpob3ZlcnsKCWNvbG9yOiM2MzMKfQphOmhvdmVyIGltZ3sKb3BhY2l0eTogMC43OwpmaWx0ZXI6IEFscGhhKG9wYWNpdHk9NzApOwp9CnRkIGEuc3ViY2F0ZWdvcnlfbGlzdCB7CglkaXNwbGF5OmJsb2NrOwoJX2Rpc3BsYXk6dGFibGUtY2VsbDsKCXZlcnRpY2FsLWFsaWduOm1pZGRsZTsKCWRpc3BsYXk6IGJsb2NrOwoJd2lkdGg6MTU1cHg7Cglfd2lkdGg6MTg1cHg7CgloZWlnaHQ6MTRweDsKCV9oZWlnaHQ6MjdweDsKCXBhZGRpbmc6NnB4IDE1cHg7CgliYWNrZ3JvdW5kLWNvbG9yOiNmZmY7Cgl6LWluZGV4OjEwOwoJZmxvYXQ6bGVmdDsKCWZvbnQtc2l6ZToxM3B4OwoJYm9yZGVyOjFweCBzb2xpZCAjY2NjOwoJYm9yZGVyLWxlZnQ6c29saWQgNXB4ICNjY2M7Cgljb2xvcjojMDZDICFpbXBvcnRhbnQ7Cgl0ZXh0LWRlY29yYXRpb246bm9uZTsKCW92ZXJmbG93OmhpZGRlbjsKfQp0ZCBhLnN1YmNhdGVnb3J5X2xpc3QgaW1nIHsKbWFyZ2luOjRweCAwIDVweCAwOwogdmVydGljYWwtYWxpZ246bWlkZGxlOwp9CmE6aG92ZXIuc3ViY2F0ZWdvcnlfbGlzdHsKCWNvbG9yOiMzMzMgIWltcG9ydGFudDsKCWJvcmRlci1sZWZ0OnNvbGlkIDVweCAjNjMzOwp9CnNwYW4uc3ViY2F0ZWdvcnlfbGlzdHsKZGlzcGxheTpub25lOwp9CgpzcGFuLmNhdGNoX2NvcHkgewoJZGlzcGxheTogYmxvY2s7Cgljb2xvcjogIzNDNjsKCWZvbnQtc2l6ZTogMTJweDsKCWZvbnQtd2VpZ2h0OiBib2xkOwoJbGluZS1oZWlnaHQ6IDE0MCU7CgltYXJnaW4tYm90dG9tOiA1cHg7Cn0Kc3Bhbi5pdGVtX25hbWUgewoJY29sb3I6IzMzMzsKCWRpc3BsYXk6IGJsb2NrOwoJZm9udC1zaXplOiAxNnB4OwoJcGFkZGluZy1ib3R0b206IDFweDsKCWxpbmUtaGVpZ2h0OiAxNDAlOwp9CnNwYW4uaXRlbV9uYW1lIGIgewoJcGFkZGluZy1ib3R0b206IDEwcHg7CgliYWNrZ3JvdW5kLWltYWdlOiB1cmwoaHR0cDovL2ltYWdlLnJha3V0ZW4uY28uanAvYXVjLWF2ZWwvY2FiaW5ldC90b3AvYl9pdGVtLmpwZyk7CgliYWNrZ3JvdW5kLXJlcGVhdDogcmVwZWF0LXg7CgliYWNrZ3JvdW5kLXBvc2l0aW9uOiBsZWZ0IGJvdHRvbTsKfQouaXRlbV90ZXh0X3dha3UgewoJd2lkdGg6IDEwMCU7CglsaW5lLWhlaWdodDogMTQwJTsKCXRleHQtYWxpZ246IGxlZnQ7Cglib3JkZXI6IDFweCBkb3R0ZWQgI0ZDNjsKCXBhZGRpbmc6IDEwcHg7Cn0Kc3Bhbi5pdGVtX3RleHRfbmFrYSB7CglwYWRkaW5nLWJvdHRvbTogM3B4OwoJYmFja2dyb3VuZC1pbWFnZTogdXJsKGh0dHA6Ly9pbWFnZS5yYWt1dGVuLmNvLmpwL2F1Yy1hdmVsL2NhYmluZXQvdG9wL2l0ZW1fdGV4dF9sLmpwZyk7CgliYWNrZ3JvdW5kLXJlcGVhdDogcmVwZWF0LXg7CgliYWNrZ3JvdW5kLXBvc2l0aW9uOiBsZWZ0IGJvdHRvbTsKCWNvbG9yOiAjNjY2OwoJZm9udC1zaXplOiAxNXB4OwoJYmFja2dyb3VuZC1hdHRhY2htZW50OiBzY3JvbGw7Cn0Kc3Bhbi5wcmljZTEgewoJZm9udC1zaXplOiAxNTAlOwoJZm9udC13ZWlnaHQ6Ym9sZDsKCWZvbnQtd2VpZ2h0OmxpZ2h0ZXI7Cn0Kc3Bhbi5wcmljZTIgewoJZm9udC1zaXplOiAxNTAlOwoJZm9udC13ZWlnaHQ6Ym9sZDsKCWZvbnQtd2VpZ2h0OmxpZ2h0ZXI7Cn0Kc3Bhbi51bml0IHsKCXBhZGRpbmctdG9wOjVweDsKfQojdW5pdHMgewoJaGVpZ2h0OiAzMHB4OwoJZm9udC1zaXplOiAxNnB4OwoJcGFkZGluZy10b3A6IDFweDsKCXBhZGRpbmctcmlnaHQ6IDJweDsKCXBhZGRpbmctYm90dG9tOiAxcHg7CglwYWRkaW5nLWxlZnQ6IDJweDsKfQppbnB1dCB7Cglmb250LXNpemU6IDE0cHg7CglwYWRkaW5nOiA1cHg7Cn0KLS0+Cjwvc3R5bGU+,ofShtqW3peOl86XXqWArpeql86W5pbulw6XIobelvqWkpcOlryCjqFpPSUOjqaGhTqGhpdul76Wkpcily6XzpbAgoaGjs6Owo7BtbKGhobbDwKS3pKSxu8OrpPKk6KTfpKykqKTppLuk66G3ob7IrqGhw6ihobDXw6vTw6Ghpeql86W5ob+juqWipfSlp6XrmFPM7MrQiPa16g==,pe2lpKXkpeulq6XKpfOl5qlgpaulzKXQpbWlpKWopfOluaXApaSlqKXDpcilr6XqpaKlsalgpbggTaWkpfOlyaWiw6jTw8a3yK7Tw8a3w6ggpdWpYKXJy66y26SmpLWkrtChhNPO76XVpa+l7aXipeKl86Wspdqlw6XI08PGt7y0yNXF5MvNpKKkuZhTpaSl86XJpaKhoTEwo+uj56WkpfOlyaWioaGl6aWkpdWhoaWipcCl66XIofShtqW3peOl86XXqWArpeql86W5pbulw6XIobelvqWkpcOlryCjqFpPSUOjqaGhTqGhpdul76Wkpcily6XzpbAgoaGjs6Owo7BtbKGhobbDwKS3pKSxu8OrpPKk6KTfpKykqKTppLuk66G3ob7IrqGhw6ihobDXw6vTw6Ghpeql86W5ob8=,ob7Iq8Oryaukzsiut04/w6i3Tj+bQaTspKyk0qTJpKSI9rrPpMukqqS5pLmk4aG/oaOh9KG2pbel46XzpdepYCul6qXzpbmlu6XDpciht6W+paSlw6WvIKOoWk9JQ6OpoaFOoaGl26XvpaSlyKXLpfOlsCChoaOzo7CjsG1soaGhtsPApLekpLG7w6uk8qTopN+krKSopOmku6TrobehvsiuoaHDqKGhsNfDq9PDoaGl6qXzpbmhvw==[rn]
31-51711,aHR0cDovL3RzaG9wLnIxMHMuanAvYXVjLWF2ZWwvY2FiaW5ldC8yMTQvMjE0MDExMjc2MC5qcGc/Zml0aW49NzAwOjcwMA==,MTAxMi4wMDAw,,pdqlw6XIP6XapcOlyKWwpcOluiA+IKXapcOlyNPDpKrK1sjrpOzTw8a3ID4gpbel46XzpdepYD+l6qXzpbkgPiClt6XjpfOl16lg,pb6lpKXDpa8go6haT0lDo6mhoU6hoaXbpe+lpKXIpcul86Wwpbel46XzpdepYCChoaOzo7CjsG1soaGhtsPApLekpLG7w6uk8qTopN+krKSopOmku6TrobehvsiuoaHDqKGhsNfDq9PDob8=,ob7Iq8Oryaukzsiut04/w6i3Tj+bQaTspKyk0qTJpKSI9rrPpMukqqS5pLmk4aG/,PElGUkFNRSBzcmM9Imh0dHA6Ly93d3cucmFrdXRlbi5uZS5qcC9nb2xkL2F1Yy1hdmVsL2thbnJlbl9pdGVtL2thbl8yMTQwMTEyNzYwLmh0bWwiIGZyYW1lYm9yZGVyPSIwIiB3aWR0aD0iNzMwIiBoZWlnaHQ9IjU1MCIgc2Nyb2xsaW5nPSJ5ZXMiIG1hcmdpbndpZHRoPSIwIj48L0lGUkFNRT48ZGl2IGFsaWduPSJjZW50ZXIiPjx0YWJsZSBzdHlsZSA9InBhZGRpbmc6IDEwcHg7IHdpZHRoOiA0NzU7IGJvcmRlcjogMnB4IHNvbGlkICNjY2M7Ij48dHI+PHRkIHN0eWxlPSJwYWRkaW5nOiAxMHB4OyI+ob7JzMa3w/uhvzxicj4gpb6lpKXDpa8go6haT0lDo6mhoU6hoaXbpe+lpKXIpcul86Wwpbel46XzpdepYCChoaOzo7CjsG1soaE8YnI+IDxicj4gob6l4algpaupYKG/PGJyPiClvqWkpcOlryCjqFpPSUOjqTxicj4gPGJyPiChvszYj9Whvzxicj4gpayl86WzpMqbQaTspPLC5KTIpLehosPApLekpLG7w6uk8qTopN+krKSopOmku6TrpL+k4aTOpbel46XzpdepYKOmpeql86W5PGJyPiA8YnI+IDxicj4gob7P46Tqob88YnI+IKW1peul06WipM67qKTOz+Ok6qTypaSl4algpbikt6S/oaLH5Z2NuNCkzqSipOul3qWkpeulySCl1aXtqWCl6aXrPGJyPiAgPGJyPiA8YnI+IKH5peqly6XlqWCloqXrtciky6TopOrT6LjmpMqkr6XRpcOlsalgpbihosjdwb+1yInkuPyktaTspOuI9rrPpKyktKS2pKSk3qS5PC90ZD48L3RyPjwvdGFibGU+PC9kaXY+PEJSPqG+MnNwXzEyMDQxN19iob88QlI+IEpBTiA0OTg5NzkzMzUwOTQyPEJSPjxCUj48c3R5bGUgVFlQRT0idGV4dC9jc3MiPjwhLS1hIHsgICAgY29sb3I6IzM5RjsgICAgZm9udC1zaXplOjE0cHg7ICAgIHRleHQtYWxpZ246MTgwJTt9YTpob3ZlcnsgICAgY29sb3I6IzNDRjsgICAgdGV4dC1kZWNvcmF0aW9uOnVuZGVybGluZTt9LS0+PC9zdHlsZT48ZGl2IHN0eWxlPSJiYWNrZ3JvdW5kLWNvbG9yOiNGRkU2RTY7IHBhZGRpbmc6MTBweDsgZm9udC1zaXplOjE0cHg7IGNvbG9yOiNGMzY7IHRleHQtYWxpZ246MTgwJTsgYm9yZGVyOjJweCBkYXNoZWQgI0ZDQzsiPqG2pb6lpKXDpa+hoU6hoaXbpe+lpKXIpcul86Wwobc8YnI+ICCh7zxpbWcgc3JjPSJodHRwOi8vdGh1bWJuYWlsLmltYWdlLnJha3V0ZW4uY28uanAvQDBfbWFsbC9hdWMtYXZlbC9jYWJpbmV0LzIxNC8yMTQwMTIxMDU3LmpwZz9fZXg9NjB4NjAmcz0wJnI9MSIgYWx0PSKhtphJhNXTw6W3peOl86XXqWArpeql86W5pbulw6XIobciIGJvcmRlcj0iMCI+ofShtqOzo7CjsG1soaGlt6XjpfOl16lgK6XqpfOluaW7pcOlyKG3PGJyPqHvPGltZyBzcmM9Imh0dHA6Ly90aHVtYm5haWwuaW1hZ2UucmFrdXRlbi5jby5qcC9AMF9tYWxsL2F1Yy1hdmVsL2NhYmluZXQvMjE0LzIxNDAxMTI3NjAuanBnP19leD02MHg2MCZzPTAmcj0xIiBhbHQ9IqW3peOl86XXqWChoaOzo7CjsG1sIiBib3JkZXI9IjAiPqW3peOl86XXqWChoaOzo7CjsG1sPGJyPqHvPGltZyBzcmM9Imh0dHA6Ly90aHVtYm5haWwuaW1hZ2UucmFrdXRlbi5jby5qcC9AMF9tYWxsL2F1Yy1hdmVsL2NhYmluZXQvMjE0LzIxNDAxMDE1MzMuanBnP19leD02MHg2MCZzPTAmcj0xIiBhbHQ9IqXqpfOluaGho7OjsKOwbWwiIGJvcmRlcj0iMCI+peql86W5oaGjs6Owo7BtbDxicj6h7zxpbWcgc3JjPSJodHRwOi8vdGh1bWJuYWlsLmltYWdlLnJha3V0ZW4uY28uanAvQDBfbWFsbC9hdWMtYXZlbC9jYWJpbmV0LzIxNC8yMTQwMTE5NDE0LmpwZz9fZXg9NjB4NjAmcz0wJnI9MSIgYWx0PSKhtphJhNXTw6W3peOl86XXqWArpeql86W5pbulw6XIobciIGJvcmRlcj0iMCI+ofShtphJhNXTw6W3peOl86XXqWArpeql86W5pbulw6XIobc8L2Rpdj48QlI+PHRhYmxlIGFsaWduPSJjZW50ZXIiIHdpZHRoPSI3MjAiIGJvcmRlcj0iMCIgY2VsbHBhZGRpbmc9IjAiIGNlbGxzcGFjaW5nPSIwIiBiZ2NvbG9yPSIjRkZGRkZGIj4KPHRyPgo8dGQgYWxpZ249ImNlbnRlciIgdmFsaWduPSJib3R0b20iIGJnY29sb3I9IiNjY2NjY2MiPjxpbWcgc3JjPSJodHRwOi8vd3d3LnJha3V0ZW4ubmUuanAvZ29sZC9hdWMtYXZlbC9nb3FzeXN0ZW0vNjAwcmFua2luZ3RpdGVsLmdpZiIgd2lkdGg9IjcyMCIgLz48L3RkPgo8L3RyPgo8L3RhYmxlPgo8dGFibGUgYWxpZ249ImNlbnRlciIgd2lkdGg9IjcxNiIgYm9yZGVyPSIwIiBjZWxscGFkZGluZz0iMCIgY2VsbHNwYWNpbmc9IjAiIGJnY29sb3I9IiNDQ0NDQ0MiIHN0eWxlPSJib3JkZXItbGVmdDpzb2xpZDtib3JkZXItbGVmdC13aWR0aDoxcHg7Ym9yZGVyLXJpZ2h0OnNvbGlkO2JvcmRlci1yaWdodC13aWR0aDoxcHg7Ym9yZGVyLWJvdHRvbTpzb2xpZDtib3JkZXItYm90dG9tLXdpZHRoOjFweDtib3JkZXItY29sb3I6I0NDQ0NDQzsiPgo8dHI+Cjx0ZCBhbGlnbj0iY2VudGVyIiBiZ2NvbG9yPSIjRkZGRkZGIj4KCjwvdGQ+CjwvdHI+Cjx0cj4KPHRkIGFsaWduPSJyaWdodCIgYmdjb2xvcj0iI0ZGRkZGRiIgc3R5bGU9InBhZGRpbmc6MnB4OyI+CjxpbWcgc3JjPSJodHRwOi8vd3d3LnJha3V0ZW4ubmUuanAvZ29sZC9hdWMtYXZlbC9nb3FzeXN0ZW0vcG93ZXJlZF9ieV9iYW5uZXIuZ2lmIiB3aWR0aD0iMTI1IiAvPgo8L3RkPgo8L3RyPgo8L3RhYmxlPgoKPHN0eWxlIHR5cGU9InRleHQvY3NzIj4KPCEtLQp0ZC5icmVhZGNydW1ic19saXN0IHsKCXdpZHRoOjcwMHB4OwoJbGluZS1oZWlnaHQ6MjVweDsKCXBhZGRpbmc6MHB4IDEwcHggMHB4IDkwcHg7Cglmb250LXNpemU6MTJweDsKCWJhY2tncm91bmQ6dXJsKGh0dHA6Ly93d3cucmFrdXRlbi5uZS5qcC9nb2xkL2F1Yy1hdmVsL3Jha3V0ZW4vY2F0ZWdvcnkuanBnKSBuby1yZXBlYXQgbGVmdCB0b3A7Cgljb2xvcjojNjY2OwoJYm9yZGVyLWJvdHRvbS13aWR0aDogMXB4OwoJYm9yZGVyLWJvdHRvbS1zdHlsZTogc29saWQ7Cglib3JkZXItYm90dG9tLWNvbG9yOiAjY2NjOwp9CgphLnN1YmNhdGVnb3J5X2xpc3Q6aG92ZXIsYS5jYXRlZ29yeV9pdGVtbmFtZWxpbms6aG92ZXIsYS5icmVhZGNydW1ic19saXN0OmhvdmVyLGEubG9zc2xlYWRlcl9pdGVtX25hbWU6aG92ZXJ7Cgljb2xvcjojNjMzCn0KYTpob3ZlciBpbWd7Cm9wYWNpdHk6IDAuNzsKZmlsdGVyOiBBbHBoYShvcGFjaXR5PTcwKTsKfQp0ZCBhLnN1YmNhdGVnb3J5X2xpc3QgewoJZGlzcGxheTpibG9jazsKCV9kaXNwbGF5OnRhYmxlLWNlbGw7Cgl2ZXJ0aWNhbC1hbGlnbjptaWRkbGU7CglkaXNwbGF5OiBibG9jazsKCXdpZHRoOjE1NXB4OwoJX3dpZHRoOjE4NXB4OwoJaGVpZ2h0OjE0cHg7CglfaGVpZ2h0OjI3cHg7CglwYWRkaW5nOjZweCAxNXB4OwoJYmFja2dyb3VuZC1jb2xvcjojZmZmOwoJei1pbmRleDoxMDsKCWZsb2F0OmxlZnQ7Cglmb250LXNpemU6MTNweDsKCWJvcmRlcjoxcHggc29saWQgI2NjYzsKCWJvcmRlci1sZWZ0OnNvbGlkIDVweCAjY2NjOwoJY29sb3I6IzA2QyAhaW1wb3J0YW50OwoJdGV4dC1kZWNvcmF0aW9uOm5vbmU7CglvdmVyZmxvdzpoaWRkZW47Cn0KdGQgYS5zdWJjYXRlZ29yeV9saXN0IGltZyB7Cm1hcmdpbjo0cHggMCA1cHggMDsKIHZlcnRpY2FsLWFsaWduOm1pZGRsZTsKfQphOmhvdmVyLnN1YmNhdGVnb3J5X2xpc3R7Cgljb2xvcjojMzMzICFpbXBvcnRhbnQ7Cglib3JkZXItbGVmdDpzb2xpZCA1cHggIzYzMzsKfQpzcGFuLnN1YmNhdGVnb3J5X2xpc3R7CmRpc3BsYXk6bm9uZTsKfQoKc3Bhbi5jYXRjaF9jb3B5IHsKCWRpc3BsYXk6IGJsb2NrOwoJY29sb3I6ICMzQzY7Cglmb250LXNpemU6IDEycHg7Cglmb250LXdlaWdodDogYm9sZDsKCWxpbmUtaGVpZ2h0OiAxNDAlOwoJbWFyZ2luLWJvdHRvbTogNXB4Owp9CnNwYW4uaXRlbV9uYW1lIHsKCWNvbG9yOiMzMzM7CglkaXNwbGF5OiBibG9jazsKCWZvbnQtc2l6ZTogMTZweDsKCXBhZGRpbmctYm90dG9tOiAxcHg7CglsaW5lLWhlaWdodDogMTQwJTsKfQpzcGFuLml0ZW1fbmFtZSBiIHsKCXBhZGRpbmctYm90dG9tOiAxMHB4OwoJYmFja2dyb3VuZC1pbWFnZTogdXJsKGh0dHA6Ly9pbWFnZS5yYWt1dGVuLmNvLmpwL2F1Yy1hdmVsL2NhYmluZXQvdG9wL2JfaXRlbS5qcGcpOwoJYmFja2dyb3VuZC1yZXBlYXQ6IHJlcGVhdC14OwoJYmFja2dyb3VuZC1wb3NpdGlvbjogbGVmdCBib3R0b207Cn0KLml0ZW1fdGV4dF93YWt1IHsKCXdpZHRoOiAxMDAlOwoJbGluZS1oZWlnaHQ6IDE0MCU7Cgl0ZXh0LWFsaWduOiBsZWZ0OwoJYm9yZGVyOiAxcHggZG90dGVkICNGQzY7CglwYWRkaW5nOiAxMHB4Owp9CnNwYW4uaXRlbV90ZXh0X25ha2EgewoJcGFkZGluZy1ib3R0b206IDNweDsKCWJhY2tncm91bmQtaW1hZ2U6IHVybChodHRwOi8vaW1hZ2UucmFrdXRlbi5jby5qcC9hdWMtYXZlbC9jYWJpbmV0L3RvcC9pdGVtX3RleHRfbC5qcGcpOwoJYmFja2dyb3VuZC1yZXBlYXQ6IHJlcGVhdC14OwoJYmFja2dyb3VuZC1wb3NpdGlvbjogbGVmdCBib3R0b207Cgljb2xvcjogIzY2NjsKCWZvbnQtc2l6ZTogMTVweDsKCWJhY2tncm91bmQtYXR0YWNobWVudDogc2Nyb2xsOwp9CnNwYW4ucHJpY2UxIHsKCWZvbnQtc2l6ZTogMTUwJTsKCWZvbnQtd2VpZ2h0OmJvbGQ7Cglmb250LXdlaWdodDpsaWdodGVyOwp9CnNwYW4ucHJpY2UyIHsKCWZvbnQtc2l6ZTogMTUwJTsKCWZvbnQtd2VpZ2h0OmJvbGQ7Cglmb250LXdlaWdodDpsaWdodGVyOwp9CnNwYW4udW5pdCB7CglwYWRkaW5nLXRvcDo1cHg7Cn0KI3VuaXRzIHsKCWhlaWdodDogMzBweDsKCWZvbnQtc2l6ZTogMTZweDsKCXBhZGRpbmctdG9wOiAxcHg7CglwYWRkaW5nLXJpZ2h0OiAycHg7CglwYWRkaW5nLWJvdHRvbTogMXB4OwoJcGFkZGluZy1sZWZ0OiAycHg7Cn0KaW5wdXQgewoJZm9udC1zaXplOiAxNHB4OwoJcGFkZGluZzogNXB4Owp9Ci0tPgo8L3N0eWxlPg==,pb6lpKXDpa8go6haT0lDo6mhoU6hoaXbpe+lpKXIpcul86Wwpbel46XzpdepYCChoaOzo7CjsG1soaGhtsPApLekpLG7w6uk8qTopN+krKSopOmku6TrobehvsiuoaHDqKGhsNfDq9PDob+juqWipfSlp6XrmFPM7MrQiPa16g==,pe2lpKXkpeulq6XKpfOl5qlgpaulzKXQpbWlpKWopfOluaXApaSlqKXDpcilr6XqpaKlsalgpbggTaWkpfOlyaWiw6jTw8a3yK7Tw8a3w6ggpdWpYKXJy66y26SmpLWkrtChhNPO76XVpa+l7aXipeKl86Wspdqlw6XI08PGt7y0yNXF5MvNpKKkuZhTpaSl86XJpaKhoTEwo+uj56WkpfOlyaWioaGl6aWkpdWhoaWipcCl66XIpb6lpKXDpa8go6haT0lDo6mhoU6hoaXbpe+lpKXIpcul86Wwpbel46XzpdepYCChoaOzo7CjsG1soaGhtsPApLekpLG7w6uk8qTopN+krKSopOmku6TrobehvsiuoaHDqKGhsNfDq9PDob8=,ob7Iq8Oryaukzsiut04/w6i3Tj+bQaTspKyk0qTJpKSI9rrPpMukqqS5pLmk4aG/oaOlvqWkpcOlryCjqFpPSUOjqaGhTqGhpdul76Wkpcily6XzpbClt6XjpfOl16lgIKGho7OjsKOwbWyhoaG2w8Ckt6SksbvDq6TypOik36SspKik6aS7pOuht6G+yK6hocOooaGw18Or08Ohvw==[rn]
31-51712,aHR0cDovL3RzaG9wLnIxMHMuanAvYXVjLWF2ZWwvY2FiaW5ldC8yMTQvMjE0MDEyMjUyNS5qcGc/Zml0aW49NzAwOjcwMA==,MjAyMC44MDAw,,pdqlw6XIP6XapcOlyKWwpcOluiA+IKXapcOlyNPDpKrK1sjrpOzTw8a3ID4gpbel46XzpdepYD+l6qXzpbkgPiClt6XjpfOl16lg,ofShtqW3peOl86XXqWArpeql86W5pbulw6XIobelvqWkpcOlryCjqFpPSUOjqaGhTqGhpbel56lgpcihoaOzo7CjsG1soaGhttbQP7bMw6ukzrPJyK4/s8nDqKTL1+7fbaG3ob7IrqGhtszDq6G/,ob7W0D+2zMOrpM6zyciuP7PJw6iky9fu322kyqW3peOl86XXqWChoqXqpfOluaG/,PElGUkFNRSBzcmM9Imh0dHA6Ly93d3cucmFrdXRlbi5uZS5qcC9nb2xkL2F1Yy1hdmVsL2thbnJlbl9pdGVtL2thbl8yMTQwMTIyNTI1Lmh0bWwiIGZyYW1lYm9yZGVyPSIwIiB3aWR0aD0iNzMwIiBoZWlnaHQ9IjU1MCIgc2Nyb2xsaW5nPSJ5ZXMiIG1hcmdpbndpZHRoPSIwIj48L0lGUkFNRT48ZGl2IGFsaWduPSJjZW50ZXIiPjx0YWJsZSBzdHlsZSA9InBhZGRpbmc6IDEwcHg7IHdpZHRoOiA0NzU7IGJvcmRlcjogMnB4IHNvbGlkICNjY2M7Ij48dHI+PHRkIHN0eWxlPSJwYWRkaW5nOiAxMHB4OyI+ob7JzMa3w/uhvzxicj4gofShtqW3peOl86XXqWArpeql86W5pbulw6XIobelvqWkpcOlryCjqFpPSUOjqaGhTqGhpbel56lgpcihoaOzo7CjsG1soaE8YnI+IDxicj4gob6l4algpaupYKG/PGJyPiClvqWkpcOlryCjqFpPSUOjqTxicj4gPGJyPiChvszYj9Whvzxicj4g1tA/tszDq6TOs8nIrj+zycOopMvX7t9tpMqlt6XjpfOl16lgoaKl6qXzpbk8YnI+IKXEpeSkyKXPpeqkzqSipOultaXppcOkyKS3pL/dWKSkysvJz6SspOqkx6GipcCl1qXrpbOpYKXIyK6k5KXJpcOlsKW3peepYNPDpMikt6TG1+7fbaTHpLmhozxicj4gPGJyPiCl36XLpcGl5aWipcClw6Wvpbk/pdepYKXJpes/pd2l4aXppculoqXzP7bMpK+lq6XDpcikt6S/yK48YnI+ICC2zMOrw6ikyqTJpMukqqS5pLmk4Txicj4gPGJyPiBbz+Ok6l2lz6WkpdOluaWrpbmkzruopM7P46TqpPKlpKXhqWCluKS3pL+hoshBpOSkq6TKpdWl66lgpcaloyCl1aXtqWCl6aXrPGJyPiA8YnI+IDxicj4gofml6qXLpeWpYKWipeu1yKTLpOik6tPouOakyqSvpdGlw6WxqWCluKGiyN3Bv7XIieS4/KS1pOyk64j2us+krKS0pLakpKTepLk8L3RkPjwvdHI+PC90YWJsZT48L2Rpdj48QlI+ob4yc3BfMTIwNDE3X2KhvzxCUj48QlI+PHN0eWxlIFRZUEU9InRleHQvY3NzIj48IS0tYSB7ICAgIGNvbG9yOiMzOUY7ICAgIGZvbnQtc2l6ZToxNHB4OyAgICB0ZXh0LWFsaWduOjE4MCU7fWE6aG92ZXJ7ICAgIGNvbG9yOiMzQ0Y7ICAgIHRleHQtZGVjb3JhdGlvbjp1bmRlcmxpbmU7fS0tPjwvc3R5bGU+PGRpdiBzdHlsZT0iYmFja2dyb3VuZC1jb2xvcjojRkZFNkU2OyBwYWRkaW5nOjEwcHg7IGZvbnQtc2l6ZToxNHB4OyBjb2xvcjojRjM2OyB0ZXh0LWFsaWduOjE4MCU7IGJvcmRlcjoycHggZGFzaGVkICNGQ0M7Ij6htqW+paSlw6WvoaFOoaGlt6XnqWClyKG3PGJyPiAgoe88aW1nIHNyYz0iaHR0cDovL3RodW1ibmFpbC5pbWFnZS5yYWt1dGVuLmNvLmpwL0AwX21hbGwvYXVjLWF2ZWwvY2FiaW5ldC8yMTQvMjE0MDEyMjUyNS5qcGc/X2V4PTYweDYwJnM9MCZyPTEiIGFsdD0iobaYSYTV08Olt6XjpfOl16lgK6XqpfOluaW7pcOlyKG3IiBib3JkZXI9IjAiPqH0obajs6Owo7BtbKGhpbel46XzpdepYCul6qXzpbmlu6XDpcihtzxicj6h7zxpbWcgc3JjPSJodHRwOi8vdGh1bWJuYWlsLmltYWdlLnJha3V0ZW4uY28uanAvQDBfbWFsbC9hdWMtYXZlbC9jYWJpbmV0LzIxNC8yMTQwMTA0NTMzLmpwZz9fZXg9NjB4NjAmcz0wJnI9MSIgYWx0PSKlt6XjpfOl16lgoaGjs6Owo7BtbCIgYm9yZGVyPSIwIj6lt6XjpfOl16lgoaGjs6Owo7BtbDxicj6h7zxpbWcgc3JjPSJodHRwOi8vdGh1bWJuYWlsLmltYWdlLnJha3V0ZW4uY28uanAvQDBfbWFsbC9hdWMtYXZlbC9jYWJpbmV0LzIxNC8yMTQwMTA1Nzc0LmpwZz9fZXg9NjB4NjAmcz0wJnI9MSIgYWx0PSKl6qXzpbmhoaOzo7CjsG1sIiBib3JkZXI9IjAiPqXqpfOluaGho7OjsKOwbWw8YnI+oe88aW1nIHNyYz0iaHR0cDovL3RodW1ibmFpbC5pbWFnZS5yYWt1dGVuLmNvLmpwL0AwX21hbGwvYXVjLWF2ZWwvY2FiaW5ldC8yMTQvMjE0MDEyMDM3NC5qcGc/X2V4PTYweDYwJnM9MCZyPTEiIGFsdD0iobaYSYTV08Olt6XjpfOl16lgK6XqpfOluaW7pcOlyKG3IiBib3JkZXI9IjAiPqH0obaYSYTV08Olt6XjpfOl16lgK6XqpfOluaW7pcOlyKG3PC9kaXY+PEJSPjx0YWJsZSBhbGlnbj0iY2VudGVyIiB3aWR0aD0iNzIwIiBib3JkZXI9IjAiIGNlbGxwYWRkaW5nPSIwIiBjZWxsc3BhY2luZz0iMCIgYmdjb2xvcj0iI0ZGRkZGRiI+Cjx0cj4KPHRkIGFsaWduPSJjZW50ZXIiIHZhbGlnbj0iYm90dG9tIiBiZ2NvbG9yPSIjY2NjY2NjIj48aW1nIHNyYz0iaHR0cDovL3d3dy5yYWt1dGVuLm5lLmpwL2dvbGQvYXVjLWF2ZWwvZ29xc3lzdGVtLzYwMHJhbmtpbmd0aXRlbC5naWYiIHdpZHRoPSI3MjAiIC8+PC90ZD4KPC90cj4KPC90YWJsZT4KPHRhYmxlIGFsaWduPSJjZW50ZXIiIHdpZHRoPSI3MTYiIGJvcmRlcj0iMCIgY2VsbHBhZGRpbmc9IjAiIGNlbGxzcGFjaW5nPSIwIiBiZ2NvbG9yPSIjQ0NDQ0NDIiBzdHlsZT0iYm9yZGVyLWxlZnQ6c29saWQ7Ym9yZGVyLWxlZnQtd2lkdGg6MXB4O2JvcmRlci1yaWdodDpzb2xpZDtib3JkZXItcmlnaHQtd2lkdGg6MXB4O2JvcmRlci1ib3R0b206c29saWQ7Ym9yZGVyLWJvdHRvbS13aWR0aDoxcHg7Ym9yZGVyLWNvbG9yOiNDQ0NDQ0M7Ij4KPHRyPgo8dGQgYWxpZ249ImNlbnRlciIgYmdjb2xvcj0iI0ZGRkZGRiI+Cgo8L3RkPgo8L3RyPgo8dHI+Cjx0ZCBhbGlnbj0icmlnaHQiIGJnY29sb3I9IiNGRkZGRkYiIHN0eWxlPSJwYWRkaW5nOjJweDsiPgo8aW1nIHNyYz0iaHR0cDovL3d3dy5yYWt1dGVuLm5lLmpwL2dvbGQvYXVjLWF2ZWwvZ29xc3lzdGVtL3Bvd2VyZWRfYnlfYmFubmVyLmdpZiIgd2lkdGg9IjEyNSIgLz4KPC90ZD4KPC90cj4KPC90YWJsZT4KCjxzdHlsZSB0eXBlPSJ0ZXh0L2NzcyI+CjwhLS0KdGQuYnJlYWRjcnVtYnNfbGlzdCB7Cgl3aWR0aDo3MDBweDsKCWxpbmUtaGVpZ2h0OjI1cHg7CglwYWRkaW5nOjBweCAxMHB4IDBweCA5MHB4OwoJZm9udC1zaXplOjEycHg7CgliYWNrZ3JvdW5kOnVybChodHRwOi8vd3d3LnJha3V0ZW4ubmUuanAvZ29sZC9hdWMtYXZlbC9yYWt1dGVuL2NhdGVnb3J5LmpwZykgbm8tcmVwZWF0IGxlZnQgdG9wOwoJY29sb3I6IzY2NjsKCWJvcmRlci1ib3R0b20td2lkdGg6IDFweDsKCWJvcmRlci1ib3R0b20tc3R5bGU6IHNvbGlkOwoJYm9yZGVyLWJvdHRvbS1jb2xvcjogI2NjYzsKfQoKYS5zdWJjYXRlZ29yeV9saXN0OmhvdmVyLGEuY2F0ZWdvcnlfaXRlbW5hbWVsaW5rOmhvdmVyLGEuYnJlYWRjcnVtYnNfbGlzdDpob3ZlcixhLmxvc3NsZWFkZXJfaXRlbV9uYW1lOmhvdmVyewoJY29sb3I6IzYzMwp9CmE6aG92ZXIgaW1newpvcGFjaXR5OiAwLjc7CmZpbHRlcjogQWxwaGEob3BhY2l0eT03MCk7Cn0KdGQgYS5zdWJjYXRlZ29yeV9saXN0IHsKCWRpc3BsYXk6YmxvY2s7CglfZGlzcGxheTp0YWJsZS1jZWxsOwoJdmVydGljYWwtYWxpZ246bWlkZGxlOwoJZGlzcGxheTogYmxvY2s7Cgl3aWR0aDoxNTVweDsKCV93aWR0aDoxODVweDsKCWhlaWdodDoxNHB4OwoJX2hlaWdodDoyN3B4OwoJcGFkZGluZzo2cHggMTVweDsKCWJhY2tncm91bmQtY29sb3I6I2ZmZjsKCXotaW5kZXg6MTA7CglmbG9hdDpsZWZ0OwoJZm9udC1zaXplOjEzcHg7Cglib3JkZXI6MXB4IHNvbGlkICNjY2M7Cglib3JkZXItbGVmdDpzb2xpZCA1cHggI2NjYzsKCWNvbG9yOiMwNkMgIWltcG9ydGFudDsKCXRleHQtZGVjb3JhdGlvbjpub25lOwoJb3ZlcmZsb3c6aGlkZGVuOwp9CnRkIGEuc3ViY2F0ZWdvcnlfbGlzdCBpbWcgewptYXJnaW46NHB4IDAgNXB4IDA7CiB2ZXJ0aWNhbC1hbGlnbjptaWRkbGU7Cn0KYTpob3Zlci5zdWJjYXRlZ29yeV9saXN0ewoJY29sb3I6IzMzMyAhaW1wb3J0YW50OwoJYm9yZGVyLWxlZnQ6c29saWQgNXB4ICM2MzM7Cn0Kc3Bhbi5zdWJjYXRlZ29yeV9saXN0ewpkaXNwbGF5Om5vbmU7Cn0KCnNwYW4uY2F0Y2hfY29weSB7CglkaXNwbGF5OiBibG9jazsKCWNvbG9yOiAjM0M2OwoJZm9udC1zaXplOiAxMnB4OwoJZm9udC13ZWlnaHQ6IGJvbGQ7CglsaW5lLWhlaWdodDogMTQwJTsKCW1hcmdpbi1ib3R0b206IDVweDsKfQpzcGFuLml0ZW1fbmFtZSB7Cgljb2xvcjojMzMzOwoJZGlzcGxheTogYmxvY2s7Cglmb250LXNpemU6IDE2cHg7CglwYWRkaW5nLWJvdHRvbTogMXB4OwoJbGluZS1oZWlnaHQ6IDE0MCU7Cn0Kc3Bhbi5pdGVtX25hbWUgYiB7CglwYWRkaW5nLWJvdHRvbTogMTBweDsKCWJhY2tncm91bmQtaW1hZ2U6IHVybChodHRwOi8vaW1hZ2UucmFrdXRlbi5jby5qcC9hdWMtYXZlbC9jYWJpbmV0L3RvcC9iX2l0ZW0uanBnKTsKCWJhY2tncm91bmQtcmVwZWF0OiByZXBlYXQteDsKCWJhY2tncm91bmQtcG9zaXRpb246IGxlZnQgYm90dG9tOwp9Ci5pdGVtX3RleHRfd2FrdSB7Cgl3aWR0aDogMTAwJTsKCWxpbmUtaGVpZ2h0OiAxNDAlOwoJdGV4dC1hbGlnbjogbGVmdDsKCWJvcmRlcjogMXB4IGRvdHRlZCAjRkM2OwoJcGFkZGluZzogMTBweDsKfQpzcGFuLml0ZW1fdGV4dF9uYWthIHsKCXBhZGRpbmctYm90dG9tOiAzcHg7CgliYWNrZ3JvdW5kLWltYWdlOiB1cmwoaHR0cDovL2ltYWdlLnJha3V0ZW4uY28uanAvYXVjLWF2ZWwvY2FiaW5ldC90b3AvaXRlbV90ZXh0X2wuanBnKTsKCWJhY2tncm91bmQtcmVwZWF0OiByZXBlYXQteDsKCWJhY2tncm91bmQtcG9zaXRpb246IGxlZnQgYm90dG9tOwoJY29sb3I6ICM2NjY7Cglmb250LXNpemU6IDE1cHg7CgliYWNrZ3JvdW5kLWF0dGFjaG1lbnQ6IHNjcm9sbDsKfQpzcGFuLnByaWNlMSB7Cglmb250LXNpemU6IDE1MCU7Cglmb250LXdlaWdodDpib2xkOwoJZm9udC13ZWlnaHQ6bGlnaHRlcjsKfQpzcGFuLnByaWNlMiB7Cglmb250LXNpemU6IDE1MCU7Cglmb250LXdlaWdodDpib2xkOwoJZm9udC13ZWlnaHQ6bGlnaHRlcjsKfQpzcGFuLnVuaXQgewoJcGFkZGluZy10b3A6NXB4Owp9CiN1bml0cyB7CgloZWlnaHQ6IDMwcHg7Cglmb250LXNpemU6IDE2cHg7CglwYWRkaW5nLXRvcDogMXB4OwoJcGFkZGluZy1yaWdodDogMnB4OwoJcGFkZGluZy1ib3R0b206IDFweDsKCXBhZGRpbmctbGVmdDogMnB4Owp9CmlucHV0IHsKCWZvbnQtc2l6ZTogMTRweDsKCXBhZGRpbmc6IDVweDsKfQotLT4KPC9zdHlsZT4=,ofShtqW3peOl86XXqWArpeql86W5pbulw6XIobelvqWkpcOlryCjqFpPSUOjqaGhTqGhpbel56lgpcihoaOzo7CjsG1soaGhttbQP7bMw6ukzrPJyK4/s8nDqKTL1+7fbaG3ob7IrqGhtszDq6G/o7qloqX0pael65hTzOzK0Ij2teo=,pe2lpKXkpeulq6XKpfOl5qlgpaulzKXQpbWlpKWopfOluaXApaSlqKXDpcilr6XqpaKlsalgpbggTaWkpfOlyaWiw6jTw8a3yK7Tw8a3w6ggpdWpYKXJy66y26SmpLWkrtChhNPO76XVpa+l7aXipeKl86Wspdqlw6XI08PGt7y0yNXF5MvNpKKkuZhTpaSl86XJpaKhoTEwo+uj56WkpfOlyaWioaGl6aWkpdWhoaWipcCl66XIofShtqW3peOl86XXqWArpeql86W5pbulw6XIobelvqWkpcOlryCjqFpPSUOjqaGhTqGhpbel56lgpcihoaOzo7CjsG1soaGhttbQP7bMw6ukzrPJyK4/s8nDqKTL1+7fbaG3ob7IrqGhtszDq6G/,ob7W0D+2zMOrpM6zyciuP7PJw6iky9fu322kyqW3peOl86XXqWChoqXqpfOluaG/oaOh9KG2pbel46XzpdepYCul6qXzpbmlu6XDpciht6W+paSlw6WvIKOoWk9JQ6OpoaFOoaGlt6XnqWClyKGho7OjsKOwbWyhoaG21tA/tszDq6TOs8nIrj+zycOopMvX7t9tobehvsiuoaG2zMOrob8=[rn]
31-51713,aHR0cDovL3RzaG9wLnIxMHMuanAvYXVjLWF2ZWwvY2FiaW5ldC8yMTQvMjE0MDA0NTI4MC5qcGc/Zml0aW49NzAwOjcwMA==,MTAzOC40MDAw,,pdqlw6XIP6XapcOlyKWwpcOluiA+IKXapcOlyNPDpKrK1sjrpOzTw8a3ID4gpbel46XzpdepYD+l6qXzpbkgPiClt6XjpfOl16lg,ofmlvqWkpcOlryCjqFpPSUOjqaGhpdWloalgpeGlpKWvoaGl1aXspbCl6aXzpbmlt6XjpfOl16lgoaGjsqOwo7BtbKGhoba1zbTMvKSloqXfpc7L4c+1pdmpYKW5oaHIrtPDpbel46XzpdepYKG3,ob6lvqWkpcOlryCl1aWhqWCl4aWkpa8gpdWl7KWwpeml86W5pbel46XzpdepYKG/,PElGUkFNRSBzcmM9Imh0dHA6Ly93d3cucmFrdXRlbi5uZS5qcC9nb2xkL2F1Yy1hdmVsL2thbnJlbl9pdGVtL2thbl8yMTQwMDQ1MjgwLmh0bWwiIGZyYW1lYm9yZGVyPSIwIiB3aWR0aD0iNzMwIiBoZWlnaHQ9IjU1MCIgc2Nyb2xsaW5nPSJ5ZXMiIG1hcmdpbndpZHRoPSIwIj48L0lGUkFNRT48ZGl2IGFsaWduPSJjZW50ZXIiPjx0YWJsZSBzdHlsZSA9InBhZGRpbmc6IDEwcHg7IHdpZHRoOiA0NzU7IGJvcmRlcjogMnB4IHNvbGlkICNjY2M7Ij48dHI+PHRkIHN0eWxlPSJwYWRkaW5nOiAxMHB4OyI+ob7JzMa3w/uhvzxicj4gpb6lpKXDpa8go6haT0lDo6kgpdWloalgpeGlpKWvIKXVpeylsKXppfOluaW3peOl86XXqWAgMjAwbWw8YnI+IDxicj4gob6l4algpaupYKG/PGJyPiClvqWkpcOlryCjqFpPSUOjqTxicj4gPGJyPiChvszYj9Whvzxicj4goe+l1aWhqWCl4aWkpa+lt6XqqWClujxicj4gtc20zLykpaKl36XOy+HPtaXZqWCluaTLvNOkqKGipbel66Wvpb+l86XRpa/Ptc+0m7ezybfWpKzF3cGipMaVcqTO1rikyaSqpOqk8s/yyc+ktaS7oaKlx6XqpbGpYKXIpMrGpMR3oaKxu8OrpPKxo9dvpLekyqSspOmDnqS3pK/PtKSkyc+ksqGipculqqWkpOSbQaTspPKkt6TDpKuk6sLkpMikt6TepLmhozxicj4gPGJyPiChvrPJt9ahvzxicj4gyPXL4dDUpaKl36XOy+Gl2algpbmjr8Xkus+zybfWo7rM2MriUFBUoaJDTUPukMvGs8m31jwvdGQ+PC90cj48L3RhYmxlPjwvZGl2PjxCUj6hvjJzcF8xMjA0MTdfYqG/PEJSPiBKQU4gNDk4OTc5MzM1MDUxNTxCUj48QlI+PHN0eWxlIFRZUEU9InRleHQvY3NzIj48IS0tYSB7ICAgIGNvbG9yOiMzOUY7ICAgIGZvbnQtc2l6ZToxNHB4OyAgICB0ZXh0LWFsaWduOjE4MCU7fWE6aG92ZXJ7ICAgIGNvbG9yOiMzQ0Y7ICAgIHRleHQtZGVjb3JhdGlvbjp1bmRlcmxpbmU7fS0tPjwvc3R5bGU+PGRpdiBzdHlsZT0iYmFja2dyb3VuZC1jb2xvcjojRkZFNkU2OyBwYWRkaW5nOjEwcHg7IGZvbnQtc2l6ZToxNHB4OyBjb2xvcjojRjM2OyB0ZXh0LWFsaWduOjE4MCU7IGJvcmRlcjoycHggZGFzaGVkICNGQ0M7Ij6htqW+paSlw6WvoaGl1aWhqWCl4aWkpa+hoaXVpeylsKXppfOluaG3PGJyPiAgoe88aW1nIHNyYz0iaHR0cDovL3RodW1ibmFpbC5pbWFnZS5yYWt1dGVuLmNvLmpwL0AwX21hbGwvYXVjLWF2ZWwvY2FiaW5ldC8yMTQvMjE0MDEyODI0NC5qcGc/X2V4PTYweDYwJnM9MCZyPTEiIGFsdD0iobaYSYTV08Olt6XjpfOl16lgK6XqpfOluaW7pcOlyKG3IiBib3JkZXI9IjAiPqH0obajsqOwo7BtbKGhpbel46XzpdepYCul6qXzpbmlu6XDpcihtzxicj6h7zxpbWcgc3JjPSJodHRwOi8vdGh1bWJuYWlsLmltYWdlLnJha3V0ZW4uY28uanAvQDBfbWFsbC9hdWMtYXZlbC9jYWJpbmV0LzIxNC8yMTQwMDQ1MjgwLmpwZz9fZXg9NjB4NjAmcz0wJnI9MSIgYWx0PSKlt6XjpfOl16lgoaGjs6Owo7BtbCIgYm9yZGVyPSIwIj6lt6XjpfOl16lgoaGjs6Owo7BtbDxicj6h7zxpbWcgc3JjPSJodHRwOi8vdGh1bWJuYWlsLmltYWdlLnJha3V0ZW4uY28uanAvQDBfbWFsbC9hdWMtYXZlbC9jYWJpbmV0LzIxNC8yMTQwMDQ2ODI0LmpwZz9fZXg9NjB4NjAmcz0wJnI9MSIgYWx0PSKl6qXzpbmhoaOzo7CjsG1sIiBib3JkZXI9IjAiPqXqpfOluaGho7OjsKOwbWw8YnI+oe88aW1nIHNyYz0iaHR0cDovL3RodW1ibmFpbC5pbWFnZS5yYWt1dGVuLmNvLmpwL0AwX21hbGwvYXVjLWF2ZWwvY2FiaW5ldC8yMTQvMjE0MDEyOTk5OS5qcGc/X2V4PTYweDYwJnM9MCZyPTEiIGFsdD0iobaYSYTV08Olt6XjpfOl16lgK6XqpfOluaW7pcOlyKG3IiBib3JkZXI9IjAiPqH0obaYSYTV08Olt6XjpfOl16lgK6XqpfOluaW7pcOlyKG3PC9kaXY+PEJSPjx0YWJsZSBhbGlnbj0iY2VudGVyIiB3aWR0aD0iNzIwIiBib3JkZXI9IjAiIGNlbGxwYWRkaW5nPSIwIiBjZWxsc3BhY2luZz0iMCIgYmdjb2xvcj0iI0ZGRkZGRiI+Cjx0cj4KPHRkIGFsaWduPSJjZW50ZXIiIHZhbGlnbj0iYm90dG9tIiBiZ2NvbG9yPSIjY2NjY2NjIj48aW1nIHNyYz0iaHR0cDovL3d3dy5yYWt1dGVuLm5lLmpwL2dvbGQvYXVjLWF2ZWwvZ29xc3lzdGVtLzYwMHJhbmtpbmd0aXRlbC5naWYiIHdpZHRoPSI3MjAiIC8+PC90ZD4KPC90cj4KPC90YWJsZT4KPHRhYmxlIGFsaWduPSJjZW50ZXIiIHdpZHRoPSI3MTYiIGJvcmRlcj0iMCIgY2VsbHBhZGRpbmc9IjAiIGNlbGxzcGFjaW5nPSIwIiBiZ2NvbG9yPSIjQ0NDQ0NDIiBzdHlsZT0iYm9yZGVyLWxlZnQ6c29saWQ7Ym9yZGVyLWxlZnQtd2lkdGg6MXB4O2JvcmRlci1yaWdodDpzb2xpZDtib3JkZXItcmlnaHQtd2lkdGg6MXB4O2JvcmRlci1ib3R0b206c29saWQ7Ym9yZGVyLWJvdHRvbS13aWR0aDoxcHg7Ym9yZGVyLWNvbG9yOiNDQ0NDQ0M7Ij4KPHRyPgo8dGQgYWxpZ249ImNlbnRlciIgYmdjb2xvcj0iI0ZGRkZGRiI+Cgo8L3RkPgo8L3RyPgo8dHI+Cjx0ZCBhbGlnbj0icmlnaHQiIGJnY29sb3I9IiNGRkZGRkYiIHN0eWxlPSJwYWRkaW5nOjJweDsiPgo8aW1nIHNyYz0iaHR0cDovL3d3dy5yYWt1dGVuLm5lLmpwL2dvbGQvYXVjLWF2ZWwvZ29xc3lzdGVtL3Bvd2VyZWRfYnlfYmFubmVyLmdpZiIgd2lkdGg9IjEyNSIgLz4KPC90ZD4KPC90cj4KPC90YWJsZT4KCjxzdHlsZSB0eXBlPSJ0ZXh0L2NzcyI+CjwhLS0KdGQuYnJlYWRjcnVtYnNfbGlzdCB7Cgl3aWR0aDo3MDBweDsKCWxpbmUtaGVpZ2h0OjI1cHg7CglwYWRkaW5nOjBweCAxMHB4IDBweCA5MHB4OwoJZm9udC1zaXplOjEycHg7CgliYWNrZ3JvdW5kOnVybChodHRwOi8vd3d3LnJha3V0ZW4ubmUuanAvZ29sZC9hdWMtYXZlbC9yYWt1dGVuL2NhdGVnb3J5LmpwZykgbm8tcmVwZWF0IGxlZnQgdG9wOwoJY29sb3I6IzY2NjsKCWJvcmRlci1ib3R0b20td2lkdGg6IDFweDsKCWJvcmRlci1ib3R0b20tc3R5bGU6IHNvbGlkOwoJYm9yZGVyLWJvdHRvbS1jb2xvcjogI2NjYzsKfQoKYS5zdWJjYXRlZ29yeV9saXN0OmhvdmVyLGEuY2F0ZWdvcnlfaXRlbW5hbWVsaW5rOmhvdmVyLGEuYnJlYWRjcnVtYnNfbGlzdDpob3ZlcixhLmxvc3NsZWFkZXJfaXRlbV9uYW1lOmhvdmVyewoJY29sb3I6IzYzMwp9CmE6aG92ZXIgaW1newpvcGFjaXR5OiAwLjc7CmZpbHRlcjogQWxwaGEob3BhY2l0eT03MCk7Cn0KdGQgYS5zdWJjYXRlZ29yeV9saXN0IHsKCWRpc3BsYXk6YmxvY2s7CglfZGlzcGxheTp0YWJsZS1jZWxsOwoJdmVydGljYWwtYWxpZ246bWlkZGxlOwoJZGlzcGxheTogYmxvY2s7Cgl3aWR0aDoxNTVweDsKCV93aWR0aDoxODVweDsKCWhlaWdodDoxNHB4OwoJX2hlaWdodDoyN3B4OwoJcGFkZGluZzo2cHggMTVweDsKCWJhY2tncm91bmQtY29sb3I6I2ZmZjsKCXotaW5kZXg6MTA7CglmbG9hdDpsZWZ0OwoJZm9udC1zaXplOjEzcHg7Cglib3JkZXI6MXB4IHNvbGlkICNjY2M7Cglib3JkZXItbGVmdDpzb2xpZCA1cHggI2NjYzsKCWNvbG9yOiMwNkMgIWltcG9ydGFudDsKCXRleHQtZGVjb3JhdGlvbjpub25lOwoJb3ZlcmZsb3c6aGlkZGVuOwp9CnRkIGEuc3ViY2F0ZWdvcnlfbGlzdCBpbWcgewptYXJnaW46NHB4IDAgNXB4IDA7CiB2ZXJ0aWNhbC1hbGlnbjptaWRkbGU7Cn0KYTpob3Zlci5zdWJjYXRlZ29yeV9saXN0ewoJY29sb3I6IzMzMyAhaW1wb3J0YW50OwoJYm9yZGVyLWxlZnQ6c29saWQgNXB4ICM2MzM7Cn0Kc3Bhbi5zdWJjYXRlZ29yeV9saXN0ewpkaXNwbGF5Om5vbmU7Cn0KCnNwYW4uY2F0Y2hfY29weSB7CglkaXNwbGF5OiBibG9jazsKCWNvbG9yOiAjM0M2OwoJZm9udC1zaXplOiAxMnB4OwoJZm9udC13ZWlnaHQ6IGJvbGQ7CglsaW5lLWhlaWdodDogMTQwJTsKCW1hcmdpbi1ib3R0b206IDVweDsKfQpzcGFuLml0ZW1fbmFtZSB7Cgljb2xvcjojMzMzOwoJZGlzcGxheTogYmxvY2s7Cglmb250LXNpemU6IDE2cHg7CglwYWRkaW5nLWJvdHRvbTogMXB4OwoJbGluZS1oZWlnaHQ6IDE0MCU7Cn0Kc3Bhbi5pdGVtX25hbWUgYiB7CglwYWRkaW5nLWJvdHRvbTogMTBweDsKCWJhY2tncm91bmQtaW1hZ2U6IHVybChodHRwOi8vaW1hZ2UucmFrdXRlbi5jby5qcC9hdWMtYXZlbC9jYWJpbmV0L3RvcC9iX2l0ZW0uanBnKTsKCWJhY2tncm91bmQtcmVwZWF0OiByZXBlYXQteDsKCWJhY2tncm91bmQtcG9zaXRpb246IGxlZnQgYm90dG9tOwp9Ci5pdGVtX3RleHRfd2FrdSB7Cgl3aWR0aDogMTAwJTsKCWxpbmUtaGVpZ2h0OiAxNDAlOwoJdGV4dC1hbGlnbjogbGVmdDsKCWJvcmRlcjogMXB4IGRvdHRlZCAjRkM2OwoJcGFkZGluZzogMTBweDsKfQpzcGFuLml0ZW1fdGV4dF9uYWthIHsKCXBhZGRpbmctYm90dG9tOiAzcHg7CgliYWNrZ3JvdW5kLWltYWdlOiB1cmwoaHR0cDovL2ltYWdlLnJha3V0ZW4uY28uanAvYXVjLWF2ZWwvY2FiaW5ldC90b3AvaXRlbV90ZXh0X2wuanBnKTsKCWJhY2tncm91bmQtcmVwZWF0OiByZXBlYXQteDsKCWJhY2tncm91bmQtcG9zaXRpb246IGxlZnQgYm90dG9tOwoJY29sb3I6ICM2NjY7Cglmb250LXNpemU6IDE1cHg7CgliYWNrZ3JvdW5kLWF0dGFjaG1lbnQ6IHNjcm9sbDsKfQpzcGFuLnByaWNlMSB7Cglmb250LXNpemU6IDE1MCU7Cglmb250LXdlaWdodDpib2xkOwoJZm9udC13ZWlnaHQ6bGlnaHRlcjsKfQpzcGFuLnByaWNlMiB7Cglmb250LXNpemU6IDE1MCU7Cglmb250LXdlaWdodDpib2xkOwoJZm9udC13ZWlnaHQ6bGlnaHRlcjsKfQpzcGFuLnVuaXQgewoJcGFkZGluZy10b3A6NXB4Owp9CiN1bml0cyB7CgloZWlnaHQ6IDMwcHg7Cglmb250LXNpemU6IDE2cHg7CglwYWRkaW5nLXRvcDogMXB4OwoJcGFkZGluZy1yaWdodDogMnB4OwoJcGFkZGluZy1ib3R0b206IDFweDsKCXBhZGRpbmctbGVmdDogMnB4Owp9CmlucHV0IHsKCWZvbnQtc2l6ZTogMTRweDsKCXBhZGRpbmc6IDVweDsKfQotLT4KPC9zdHlsZT4=,ofmlvqWkpcOlryCjqFpPSUOjqaGhpdWloalgpeGlpKWvoaGl1aXspbCl6aXzpbmlt6XjpfOl16lgoaGjsqOwo7BtbKGhoba1zbTMvKSloqXfpc7L4c+1pdmpYKW5oaHIrtPDpbel46XzpdepYKG3o7qloqX0pael65hTzOzK0Ij2teo=,pe2lpKXkpeulq6XKpfOl5qlgpaulzKXQpbWlpKWopfOluaXApaSlqKXDpcilr6XqpaKlsalgpbggTaWkpfOlyaWiw6jTw8a3yK7Tw8a3w6ggpdWpYKXJy66y26SmpLWkrtChhNPO76XVpa+l7aXipeKl86Wspdqlw6XI08PGt7y0yNXF5MvNpKKkuZhTpaSl86XJpaKhoTEwo+uj56WkpfOlyaWioaGl6aWkpdWhoaWipcCl66XIofmlvqWkpcOlryCjqFpPSUOjqaGhpdWloalgpeGlpKWvoaGl1aXspbCl6aXzpbmlt6XjpfOl16lgoaGjsqOwo7BtbKGhoba1zbTMvKSloqXfpc7L4c+1pdmpYKW5oaHIrtPDpbel46XzpdepYKG3,ob6lvqWkpcOlryCl1aWhqWCl4aWkpa8gpdWl7KWwpeml86W5pbel46XzpdepYKG/oaOh+aW+paSlw6WvIKOoWk9JQ6OpoaGl1aWhqWCl4aWkpa+hoaXVpeylsKXppfOluaW3peOl86XXqWChoaOyo7CjsG1soaGhtrXNtMy8pKWipd+lzsvhz7Wl2algpbmhociu08Olt6XjpfOl16lgobc=[rn]
31-51714,aHR0cDovL3RzaG9wLnIxMHMuanAvYXVjLWF2ZWwvY2FiaW5ldC8yMTQvMjE0MDEwMjUzMy5qcGc/Zml0aW49NzAwOjcwMA==,NDY1Ni4wMDAw,,pdqlw6XIP6XapcOlyKWwpcOluiA+IKXapcOlyNPDpKrK1sjrpOzTw8a3ID4gpbel46XzpdepYD+l6qXzpbkgPiClt6XjpfOl16lg,ob7LzcHPn2/Bz6G/obaYSYTV08Oht6W+paSlw6WvIKOoWk9JQ6OpoaFOoaGl26XvpaSlyKXLpfOlsKW3peOl86XXqWAgoaGjtKOwo7CjsG1soaGhtsPApLekpLG7w6uk8qTopN+krKSopOmku6TrobehvsiuoaHDqKGhsNfDq9PDob8=,ob7Iq8Oryaukzsiut04/w6i3Tj+bQaTspKyk0qTJpKSI9rrPpMukqqS5pLmk4aG/,PElGUkFNRSBzcmM9Imh0dHA6Ly93d3cucmFrdXRlbi5uZS5qcC9nb2xkL2F1Yy1hdmVsL2thbnJlbl9pdGVtL2thbl8yMTQwMTAyNTMzLmh0bWwiIGZyYW1lYm9yZGVyPSIwIiB3aWR0aD0iNzMwIiBoZWlnaHQ9IjU1MCIgc2Nyb2xsaW5nPSJ5ZXMiIG1hcmdpbndpZHRoPSIwIj48L0lGUkFNRT48ZGl2IGFsaWduPSJjZW50ZXIiPjx0YWJsZSBzdHlsZSA9InBhZGRpbmc6IDEwcHg7IHdpZHRoOiA0NzU7IGJvcmRlcjogMnB4IHNvbGlkICNjY2M7Ij48dHI+PHRkIHN0eWxlPSJwYWRkaW5nOiAxMHB4OyI+ob7JzMa3w/uhvzxicj4gpb6lpKXDpa8go6haT0lDo6mhoU6hoaXbpe+lpKXIpcul86Wwpbel46XzpdepYCChoaO0o7CjsKOwbWw8YnI+IDxicj4gob6l4algpaupYKG/PGJyPiClvqWkpcOlryCjqFpPSUOjqTxicj4gPGJyPiChvszYj9Whvzxicj4gpayl86WzpMqbQaTspPLC5KTIpLehosPApLekpLG7w6uk8qTopN+krKSopOmku6TrpL+k4aTOpbel46XzpdepYKOmpeql86W5PGJyPiA8YnI+IDxicj4gob7P46Tqob88YnI+IKW1peul06WipM67qKTOz+Ok6qTypaSl4algpbikt6S/oaLH5Z2NuNCkzqSipOul3qWkpeulySCl1aXtqWCl6aXrPGJyPiAgPGJyPiA8YnI+IKH5peqly6XlqWCloqXrtciky6TopOrT6LjmpMqkr6XRpcOlsalgpbihosjdwb+1yInkuPyktaTspOuI9rrPpKyktKS2pKSk3qS5PC90ZD48L3RyPjwvdGFibGU+PC9kaXY+PEJSPqG+MnNwXzEyMDQxN19iob88QlI+IEpBTiA0OTg5NzkzMzUwOTU5PEJSPjxCUj48c3R5bGUgVFlQRT0idGV4dC9jc3MiPjwhLS1hIHsgICAgY29sb3I6IzM5RjsgICAgZm9udC1zaXplOjE0cHg7ICAgIHRleHQtYWxpZ246MTgwJTt9YTpob3ZlcnsgICAgY29sb3I6IzNDRjsgICAgdGV4dC1kZWNvcmF0aW9uOnVuZGVybGluZTt9LS0+PC9zdHlsZT48ZGl2IHN0eWxlPSJiYWNrZ3JvdW5kLWNvbG9yOiNGRkU2RTY7IHBhZGRpbmc6MTBweDsgZm9udC1zaXplOjE0cHg7IGNvbG9yOiNGMzY7IHRleHQtYWxpZ246MTgwJTsgYm9yZGVyOjJweCBkYXNoZWQgI0ZDQzsiPqG2pb6lpKXDpa+hoU6hoaXbpe+lpKXIpcul86Wwobc8YnI+ICCh7zxpbWcgc3JjPSJodHRwOi8vdGh1bWJuYWlsLmltYWdlLnJha3V0ZW4uY28uanAvQDBfbWFsbC9hdWMtYXZlbC9jYWJpbmV0LzIxNC8yMTQwMTE5NDE0LmpwZz9fZXg9NjB4NjAmcz0wJnI9MSIgYWx0PSKhtphJhNXTw6W3peOl86XXqWArpeql86W5pbulw6XIobciIGJvcmRlcj0iMCI+ofShtphJhNXTw6W3peOl86XXqWArpeql86W5pbulw6XIobc8YnI+oe88aW1nIHNyYz0iaHR0cDovL3RodW1ibmFpbC5pbWFnZS5yYWt1dGVuLmNvLmpwL0AwX21hbGwvYXVjLWF2ZWwvY2FiaW5ldC8yMTQvMjE0MDEwMjUzMy5qcGc/X2V4PTYweDYwJnM9MCZyPTEiIGFsdD0ipbel46XzpdepYKGho7SjsKOwo7BtbCIgYm9yZGVyPSIwIj6lt6XjpfOl16lgoaGjtKOwo7CjsG1sPGJyPqHvPGltZyBzcmM9Imh0dHA6Ly90aHVtYm5haWwuaW1hZ2UucmFrdXRlbi5jby5qcC9AMF9tYWxsL2F1Yy1hdmVsL2NhYmluZXQvMjE0LzIxNDAxMTEyOTAuanBnP19leD02MHg2MCZzPTAmcj0xIiBhbHQ9IqXqpfOluaGho7SjsKOwo7BtbCIgYm9yZGVyPSIwIj6l6qXzpbmhoaO0o7CjsKOwbWw8L2Rpdj48QlI+PHRhYmxlIGFsaWduPSJjZW50ZXIiIHdpZHRoPSI3MjAiIGJvcmRlcj0iMCIgY2VsbHBhZGRpbmc9IjAiIGNlbGxzcGFjaW5nPSIwIiBiZ2NvbG9yPSIjRkZGRkZGIj4KPHRyPgo8dGQgYWxpZ249ImNlbnRlciIgdmFsaWduPSJib3R0b20iIGJnY29sb3I9IiNjY2NjY2MiPjxpbWcgc3JjPSJodHRwOi8vd3d3LnJha3V0ZW4ubmUuanAvZ29sZC9hdWMtYXZlbC9nb3FzeXN0ZW0vNjAwcmFua2luZ3RpdGVsLmdpZiIgd2lkdGg9IjcyMCIgLz48L3RkPgo8L3RyPgo8L3RhYmxlPgo8dGFibGUgYWxpZ249ImNlbnRlciIgd2lkdGg9IjcxNiIgYm9yZGVyPSIwIiBjZWxscGFkZGluZz0iMCIgY2VsbHNwYWNpbmc9IjAiIGJnY29sb3I9IiNDQ0NDQ0MiIHN0eWxlPSJib3JkZXItbGVmdDpzb2xpZDtib3JkZXItbGVmdC13aWR0aDoxcHg7Ym9yZGVyLXJpZ2h0OnNvbGlkO2JvcmRlci1yaWdodC13aWR0aDoxcHg7Ym9yZGVyLWJvdHRvbTpzb2xpZDtib3JkZXItYm90dG9tLXdpZHRoOjFweDtib3JkZXItY29sb3I6I0NDQ0NDQzsiPgo8dHI+Cjx0ZCBhbGlnbj0iY2VudGVyIiBiZ2NvbG9yPSIjRkZGRkZGIj4KCjwvdGQ+CjwvdHI+Cjx0cj4KPHRkIGFsaWduPSJyaWdodCIgYmdjb2xvcj0iI0ZGRkZGRiIgc3R5bGU9InBhZGRpbmc6MnB4OyI+CjxpbWcgc3JjPSJodHRwOi8vd3d3LnJha3V0ZW4ubmUuanAvZ29sZC9hdWMtYXZlbC9nb3FzeXN0ZW0vcG93ZXJlZF9ieV9iYW5uZXIuZ2lmIiB3aWR0aD0iMTI1IiAvPgo8L3RkPgo8L3RyPgo8L3RhYmxlPgoKPHN0eWxlIHR5cGU9InRleHQvY3NzIj4KPCEtLQp0ZC5icmVhZGNydW1ic19saXN0IHsKCXdpZHRoOjcwMHB4OwoJbGluZS1oZWlnaHQ6MjVweDsKCXBhZGRpbmc6MHB4IDEwcHggMHB4IDkwcHg7Cglmb250LXNpemU6MTJweDsKCWJhY2tncm91bmQ6dXJsKGh0dHA6Ly93d3cucmFrdXRlbi5uZS5qcC9nb2xkL2F1Yy1hdmVsL3Jha3V0ZW4vY2F0ZWdvcnkuanBnKSBuby1yZXBlYXQgbGVmdCB0b3A7Cgljb2xvcjojNjY2OwoJYm9yZGVyLWJvdHRvbS13aWR0aDogMXB4OwoJYm9yZGVyLWJvdHRvbS1zdHlsZTogc29saWQ7Cglib3JkZXItYm90dG9tLWNvbG9yOiAjY2NjOwp9CgphLnN1YmNhdGVnb3J5X2xpc3Q6aG92ZXIsYS5jYXRlZ29yeV9pdGVtbmFtZWxpbms6aG92ZXIsYS5icmVhZGNydW1ic19saXN0OmhvdmVyLGEubG9zc2xlYWRlcl9pdGVtX25hbWU6aG92ZXJ7Cgljb2xvcjojNjMzCn0KYTpob3ZlciBpbWd7Cm9wYWNpdHk6IDAuNzsKZmlsdGVyOiBBbHBoYShvcGFjaXR5PTcwKTsKfQp0ZCBhLnN1YmNhdGVnb3J5X2xpc3QgewoJZGlzcGxheTpibG9jazsKCV9kaXNwbGF5OnRhYmxlLWNlbGw7Cgl2ZXJ0aWNhbC1hbGlnbjptaWRkbGU7CglkaXNwbGF5OiBibG9jazsKCXdpZHRoOjE1NXB4OwoJX3dpZHRoOjE4NXB4OwoJaGVpZ2h0OjE0cHg7CglfaGVpZ2h0OjI3cHg7CglwYWRkaW5nOjZweCAxNXB4OwoJYmFja2dyb3VuZC1jb2xvcjojZmZmOwoJei1pbmRleDoxMDsKCWZsb2F0OmxlZnQ7Cglmb250LXNpemU6MTNweDsKCWJvcmRlcjoxcHggc29saWQgI2NjYzsKCWJvcmRlci1sZWZ0OnNvbGlkIDVweCAjY2NjOwoJY29sb3I6IzA2QyAhaW1wb3J0YW50OwoJdGV4dC1kZWNvcmF0aW9uOm5vbmU7CglvdmVyZmxvdzpoaWRkZW47Cn0KdGQgYS5zdWJjYXRlZ29yeV9saXN0IGltZyB7Cm1hcmdpbjo0cHggMCA1cHggMDsKIHZlcnRpY2FsLWFsaWduOm1pZGRsZTsKfQphOmhvdmVyLnN1YmNhdGVnb3J5X2xpc3R7Cgljb2xvcjojMzMzICFpbXBvcnRhbnQ7Cglib3JkZXItbGVmdDpzb2xpZCA1cHggIzYzMzsKfQpzcGFuLnN1YmNhdGVnb3J5X2xpc3R7CmRpc3BsYXk6bm9uZTsKfQoKc3Bhbi5jYXRjaF9jb3B5IHsKCWRpc3BsYXk6IGJsb2NrOwoJY29sb3I6ICMzQzY7Cglmb250LXNpemU6IDEycHg7Cglmb250LXdlaWdodDogYm9sZDsKCWxpbmUtaGVpZ2h0OiAxNDAlOwoJbWFyZ2luLWJvdHRvbTogNXB4Owp9CnNwYW4uaXRlbV9uYW1lIHsKCWNvbG9yOiMzMzM7CglkaXNwbGF5OiBibG9jazsKCWZvbnQtc2l6ZTogMTZweDsKCXBhZGRpbmctYm90dG9tOiAxcHg7CglsaW5lLWhlaWdodDogMTQwJTsKfQpzcGFuLml0ZW1fbmFtZSBiIHsKCXBhZGRpbmctYm90dG9tOiAxMHB4OwoJYmFja2dyb3VuZC1pbWFnZTogdXJsKGh0dHA6Ly9pbWFnZS5yYWt1dGVuLmNvLmpwL2F1Yy1hdmVsL2NhYmluZXQvdG9wL2JfaXRlbS5qcGcpOwoJYmFja2dyb3VuZC1yZXBlYXQ6IHJlcGVhdC14OwoJYmFja2dyb3VuZC1wb3NpdGlvbjogbGVmdCBib3R0b207Cn0KLml0ZW1fdGV4dF93YWt1IHsKCXdpZHRoOiAxMDAlOwoJbGluZS1oZWlnaHQ6IDE0MCU7Cgl0ZXh0LWFsaWduOiBsZWZ0OwoJYm9yZGVyOiAxcHggZG90dGVkICNGQzY7CglwYWRkaW5nOiAxMHB4Owp9CnNwYW4uaXRlbV90ZXh0X25ha2EgewoJcGFkZGluZy1ib3R0b206IDNweDsKCWJhY2tncm91bmQtaW1hZ2U6IHVybChodHRwOi8vaW1hZ2UucmFrdXRlbi5jby5qcC9hdWMtYXZlbC9jYWJpbmV0L3RvcC9pdGVtX3RleHRfbC5qcGcpOwoJYmFja2dyb3VuZC1yZXBlYXQ6IHJlcGVhdC14OwoJYmFja2dyb3VuZC1wb3NpdGlvbjogbGVmdCBib3R0b207Cgljb2xvcjogIzY2NjsKCWZvbnQtc2l6ZTogMTVweDsKCWJhY2tncm91bmQtYXR0YWNobWVudDogc2Nyb2xsOwp9CnNwYW4ucHJpY2UxIHsKCWZvbnQtc2l6ZTogMTUwJTsKCWZvbnQtd2VpZ2h0OmJvbGQ7Cglmb250LXdlaWdodDpsaWdodGVyOwp9CnNwYW4ucHJpY2UyIHsKCWZvbnQtc2l6ZTogMTUwJTsKCWZvbnQtd2VpZ2h0OmJvbGQ7Cglmb250LXdlaWdodDpsaWdodGVyOwp9CnNwYW4udW5pdCB7CglwYWRkaW5nLXRvcDo1cHg7Cn0KI3VuaXRzIHsKCWhlaWdodDogMzBweDsKCWZvbnQtc2l6ZTogMTZweDsKCXBhZGRpbmctdG9wOiAxcHg7CglwYWRkaW5nLXJpZ2h0OiAycHg7CglwYWRkaW5nLWJvdHRvbTogMXB4OwoJcGFkZGluZy1sZWZ0OiAycHg7Cn0KaW5wdXQgewoJZm9udC1zaXplOiAxNHB4OwoJcGFkZGluZzogNXB4Owp9Ci0tPgo8L3N0eWxlPg==,ob7LzcHPn2/Bz6G/obaYSYTV08Oht6W+paSlw6WvIKOoWk9JQ6OpoaFOoaGl26XvpaSlyKXLpfOlsKW3peOl86XXqWAgoaGjtKOwo7CjsG1soaGhtsPApLekpLG7w6uk8qTopN+krKSopOmku6TrobehvsiuoaHDqKGhsNfDq9PDob+juqWipfSlp6XrmFPM7MrQiPa16g==,pe2lpKXkpeulq6XKpfOl5qlgpaulzKXQpbWlpKWopfOluaXApaSlqKXDpcilr6XqpaKlsalgpbggTaWkpfOlyaWiw6jTw8a3yK7Tw8a3w6ggpdWpYKXJy66y26SmpLWkrtChhNPO76XVpa+l7aXipeKl86Wspdqlw6XI08PGt7y0yNXF5MvNpKKkuZhTpaSl86XJpaKhoTEwo+uj56WkpfOlyaWioaGl6aWkpdWhoaWipcCl66XIob7LzcHPn2/Bz6G/obaYSYTV08Oht6W+paSlw6WvIKOoWk9JQ6OpoaFOoaGl26XvpaSlyKXLpfOlsKW3peOl86XXqWAgoaGjtKOwo7CjsG1soaGhtsPApLekpLG7w6uk8qTopN+krKSopOmku6TrobehvsiuoaHDqKGhsNfDq9PDob8=,ob7Iq8Oryaukzsiut04/w6i3Tj+bQaTspKyk0qTJpKSI9rrPpMukqqS5pLmk4aG/oaOhvsvNwc+fb8HPob+htphJhNXTw6G3pb6lpKXDpa8go6haT0lDo6mhoU6hoaXbpe+lpKXIpcul86Wwpbel46XzpdepYCChoaO0o7CjsKOwbWyhoaG2w8Ckt6SksbvDq6TypOik36SspKik6aS7pOuht6G+yK6hocOooaGw18Or08Ohvw==[rn]
31-51715,aHR0cDovL3RzaG9wLnIxMHMuanAva3Vyb3N1L2NhYmluZXQvc2hhbXBvby8xNDAzMzFfYXBkY3dzXzAxLmpwZz9maXRpbj03MDA6NzAw,MTI5Ni4wMDAw,,pdqlw6XIP6XapcOlyKWwpcOluiA+IKXapcOlyNPDpKrK1sjrpOzTw8a3ID4gpbel46XzpdepYD+l6qXzpbkgPiClt6XjpfOl16lg,QVBEQyClpqWpqWClv6Xspbmlt6XjpfOl16lgIDIwMG1sIKG+QS5QLkQuQy4gU2hhbXBvby/IrtPDpbel46XzpdepYC/IrqTOpbel46XzpdepYC+kpKTMpM6lt6XjpfOl16lgob+hvsiu08PGty+l2qXDpcg/pdqlw6XIpbClw6W6L6XapcOlyNPDxrehvw==,y7DeejU0MDCD0tLUyc+kzqSq2UmkpM7vpMfLzcHPn2/Bz6P8,PGRpdj48aW1nIHNyYz0iaHR0cDovL2ltYWdlLnJha3V0ZW4uY28uanAva3Vyb3N1L2NhYmluZXQvc2hhbXBvby8xNDA0MDFfYXBkY18wMDEuanBnIiB3aWR0aD0iNjIwIiBoZWlnaHQ9IjM0NyIgYm9yZGVyPSIwIj48L2Rpdj4KPHRhYmxlIHdpZHRoPSI2MjAiIGJvcmRlcj0iMCIgY2VsbHBhZGRpbmc9IjAiIGNlbGxzcGFjaW5nPSIxMCIgYmdjb2xvcj0iIzcxYjEyYyI+Cjx0cj4KPHRkPgo8dGFibGUgY2VsbHBhZGRpbmc9IjAiIGNlbGxzcGFjaW5nPSIwIiBib3JkZXI9IjAiPgo8dHI+Cjx0ZD48aW1nIHNyYz0iaHR0cDovL2ltYWdlLnJha3V0ZW4uY28uanAva3Vyb3N1L2NhYmluZXQvY2FyZS8xMDAxMThfYXBkY18wMDIuZ2lmIiB3aWR0aD0iNjAwIiBoZWlnaHQ9IjMiIGJvcmRlcj0iMCI+PC90ZD4KPC90cj4KPHRyPgo8dGQgYmdjb2xvcj0iI2ZmZmZjYyIgYmFja2dyb3VuZD0iaHR0cDovL2ltYWdlLnJha3V0ZW4uY28uanAva3Vyb3N1L2NhYmluZXQvY2FyZS8xMDAxMThfYXBkY18wMDMuZ2lmIiBzdHlsZT0iYmFja2dyb3VuZC1wb3NpdGlvbjpsZWZ0IGJvdHRvbTsgYmFja2dyb3VuZC1yZXBlYXQ6bm8tcmVwZWF0OyI+Cjx0YWJsZSBjZWxscGFkZGluZz0iMCIgY2VsbHNwYWNpbmc9IjEyIiBib3JkZXI9IjAiIHN0eWxlPSJmb250LXNpemU6ODAlOyI+Cjx0cj4KPHRkPjxpbWcgc3JjPSJodHRwOi8vaW1hZ2UucmFrdXRlbi5jby5qcC9rdXJvc3UvY2FiaW5ldC9jYXJlLzEwMDExOF9hcGRjXzAwNC5naWYiIHdpZHRoPSIxMzUiIGhlaWdodD0iMjQiIGJvcmRlcj0iMCI+PC90ZD4KPHRkPjxpbWcgc3JjPSJodHRwOi8vaW1hZ2UucmFrdXRlbi5jby5qcC9rdXJvc3UvY2FiaW5ldC9jYXJlLzEwMDExOF9hcGRjXzAwNS5naWYiIHdpZHRoPSIxMzUiIGhlaWdodD0iMjQiIGJvcmRlcj0iMCI+PC90ZD4KPHRkPjxpbWcgc3JjPSJodHRwOi8vaW1hZ2UucmFrdXRlbi5jby5qcC9rdXJvc3UvY2FiaW5ldC9jYXJlLzEwMDExOF9hcGRjXzAwNi5naWYiIHdpZHRoPSIxMzUiIGhlaWdodD0iMjQiIGJvcmRlcj0iMCI+PC90ZD4KPHRkPjxpbWcgc3JjPSJodHRwOi8vaW1hZ2UucmFrdXRlbi5jby5qcC9rdXJvc3UvY2FiaW5ldC9jYXJlLzEwMDExOF9hcGRjXzAwNy5naWYiIHdpZHRoPSIxMzUiIGhlaWdodD0iMjQiIGJvcmRlcj0iMCI+PC90ZD4KPC90cj4KPHRyIHZhbGlnbj0idG9wIj4KPHRkIGhlaWdodD0iNTEiPqXOpd8/pcClyz/Ow6TyvMSku7i2pLGkur2hv7WkysakxHek8rGjpMGk3qS5oaM8L3RkPgo8dGQ+paKl7KXrpa6pYKTLpOik68akxHelyKXppdal66TypKqks6S3pMakpKTrvKGk8uaCvrKkt6TepLmhozwvdGQ+Cjx0ZD7M5bP0pKyPiqSk60ikzqTLpKqkpKTyus2k6aSypN6kuaGjPC90ZD4KPHRkPsOrpMuxu6TvpOzrar76pKy3sdazpLek5KS5pKTIrqTOvKGk8sflnY2ky7GjpMak3qS5oaM8L3RkPgo8L3RyPgo8L3RhYmxlPgo8L3RkPgo8L3RyPgo8dHI+Cjx0ZCBhbGlnbj0iY2VudGVyIj48aW1nIHNyYz0iaHR0cDovL2ltYWdlLnJha3V0ZW4uY28uanAva3Vyb3N1L2NhYmluZXQvY2FyZS8xMDAxMThfYXBkY18wMDguZ2lmIiB3aWR0aD0iMTgwIiBoZWlnaHQ9IjU1IiBib3JkZXI9IjAiPjwvdGQ+CjwvdHI+Cjx0cj4KPHRkPjxpbWcgc3JjPSJodHRwOi8vaW1hZ2UucmFrdXRlbi5jby5qcC9rdXJvc3UvY2FiaW5ldC9jYXJlLzEwMDExOF9hcGRjXzAwOS5naWYiIHdpZHRoPSI2MDAiIGhlaWdodD0iMzQiIGJvcmRlcj0iMCI+PC90ZD4KPC90cj4KPHRyPgo8dGQgYmdjb2xvcj0iI2ZmZmZmZiI+Cjx0YWJsZSB3aWR0aD0iNjAwIiBjZWxscGFkZGluZz0iMCIgY2VsbHNwYWNpbmc9IjAiIGJvcmRlcj0iMCI+Cjx0cj4KPHRkIGNvbHNwYW49IjIiIHdpZHRoPSIzNjUiIGFsaWduPSJjZW50ZXIiIHZhbGlnbj0idG9wIiBiZ2NvbG9yPSIjNzFiMTJjIj4KPHRhYmxlIHdpZHRoPSIxMDAlIiBjZWxscGFkZGluZz0iMCIgY2VsbHNwYWNpbmc9IjEyIiBib3JkZXI9IjAiIGJnY29sb3I9IiNmZmZmZmYiIHN0eWxlPSJmb250LXNpemU6ODAlOyI+Cjx0cj4KPHRkPjxpbWcgc3JjPSJodHRwOi8vaW1hZ2UucmFrdXRlbi5jby5qcC9rdXJvc3UvY2FiaW5ldC9jYXJlLzEwMDExOF9hcGRjXzAxMC5naWYiIHdpZHRoPSIxNTMiIGhlaWdodD0iMTE3IiBib3JkZXI9IjAiIGFsdD0ipcalo6lgpcSl6qlgIiBhbGlnbj0ibGVmdCI+PGZvbnQgY29sb3I9IiM3MWIxMmMiPjxzdHJvbmc+pcalo6lgpcSl6qlgPC9zdHJvbmc+PC9mb250Pjxicj4KpaqpYKW5pcil6aXqpaLUra5ipM6l1aXIpeKl4r/G1rLO76GjPGJyPgqlqqlgpbmlyKXppeqloqTO1K3XocPxpMekoqTrpaKl3KXqpbily6SsoaKkvaTOyH6k8rNapKSkxsmroamkyrKhmt2kztbOr5/Ev7XEpMfA+9PDpLekxqSkpL+ks6TIpMfWqqTppOykxqSkpN6kuaGjPGJyPgo8YnI+Cjxmb250IGNvbG9yPSIjNzFiMTJjIj48c3Ryb25nPqXGpaOpYKXEpeqpYKWqpaSl66TOmqK++oS/ufs8L3N0cm9uZz48L2ZvbnQ+PGJyPgqlqqlgpbmlyKXppeqloqTOy2HKwreopMekz7+5vvqEiKTIpLekxsq508OkuaTrpLOkyKSs1Uqk4aTppOykxqSqpOqhoqS9pM6/ub76waajqLBr0/23wNa5o6mky6TEpKSkxqTPoaK49776pLSkyKTL1JS8mqTK1IfyWb1ZufukrLP2pMakpKTepLmhozwvdGQ+CjwvdHI+CjwvdGFibGU+CjxpbWcgc3JjPSJodHRwOi8vaW1hZ2UucmFrdXRlbi5jby5qcC9rdXJvc3UvY2FiaW5ldC9jYXJlLzEwMDExOF9hcGRjXzAxNy5naWYiIHdpZHRoPSIzNjUiIGhlaWdodD0iMTMiIGJvcmRlcj0iMCI+PC90ZD4KPHRkIHdpZHRoPSIyMzUiIHJvd3NwYW49IjIiIHZhbGlnbj0idG9wIj4KPHRhYmxlIHdpZHRoPSIxMDAlIiBjZWxscGFkZGluZz0iMCIgY2VsbHNwYWNpbmc9IjEyIiBib3JkZXI9IjAiIHN0eWxlPSJmb250LXNpemU6ODAlOyI+Cjx0ciB2YWxpZ249InRvcCI+Cjx0ZD48aW1nIHNyYz0iaHR0cDovL2ltYWdlLnJha3V0ZW4uY28uanAva3Vyb3N1L2NhYmluZXQvY2FyZS8xMDAxMThfYXBkY18wMTEuZ2lmIiB3aWR0aD0iNzAiIGhlaWdodD0iNjIiIGJvcmRlcj0iMCI+PC90ZD4KPHRkPjxmb250IGNvbG9yPSIjNzFiMTJjIj48c3Ryb25nPqXmqWClq6XqPC9zdHJvbmc+PC9mb250Pjxicj4KPGZvbnQgc2l6ZT0iLTEiIGNvbG9yPSIjMzMzMzMzIj6aor76hL+5+6Giv7mlpqWjpeuludf308Oky4OepOykxqSkpN6kuaGjzsOk8te3pKSSQqSm1/fTw6TipKKk6qTepLmhozwvZm9udD48L3RkPgo8L3RyPgo8dHIgdmFsaWduPSJ0b3AiPgo8dGQ+PGltZyBzcmM9Imh0dHA6Ly9pbWFnZS5yYWt1dGVuLmNvLmpwL2t1cm9zdS9jYWJpbmV0L2NhcmUvMTAwMTE4X2FwZGNfMDEyLmdpZiIgd2lkdGg9IjcwIiBoZWlnaHQ9IjYyIiBib3JkZXI9IjAiPjwvdGQ+Cjx0ZD48Zm9udCBjb2xvcj0iIzcxYjEyYyI+PHN0cm9uZz6l6aXZpfOlwKlgPC9zdHJvbmc+PC9mb250Pjxicj4KPGZvbnQgc2l6ZT0iLTEiIGNvbG9yPSIjMzMzMzMzIj6aor76z/u2voS/ufuhouaCvrLX99PDpMCksaTHpMqkr6Gi8Wyz5tf308Ok4rPWpMG6z6TvpLukxqSkpN6kuaGjPC9mb250PjwvdGQ+CjwvdHI+Cjx0ciB2YWxpZ249InRvcCI+Cjx0ZD48aW1nIHNyYz0iaHR0cDovL2ltYWdlLnJha3V0ZW4uY28uanAva3Vyb3N1L2NhYmluZXQvY2FyZS8xMDAxMThfYXBkY18wMTMuZ2lmIiB3aWR0aD0iNzAiIGhlaWdodD0iNjIiIGJvcmRlcj0iMCI+PC90ZD4KPHRkPjxmb250IGNvbG9yPSIjNzFiMTJjIj48c3Ryb25nPqW3pcil7aXNpek8L3N0cm9uZz48L2ZvbnQ+PGJyPgo8Zm9udCBzaXplPSItMSIgY29sb3I9IiMzMzMzMzMiPrPms/2ksYSIpMikt6TGucWkr6SrpOnA+9PDpLWk7KTGpKSk3qS5oaPN0bP01/fTw6Tks/2++tf308Ok4qSipOqk3qS5oaM8L2ZvbnQ+PC90ZD4KPC90cj4KPHRyIHZhbGlnbj0idG9wIj4KPHRkPjxpbWcgc3JjPSJodHRwOi8vaW1hZ2UucmFrdXRlbi5jby5qcC9rdXJvc3UvY2FiaW5ldC9jYXJlLzEwMDExOF9hcGRjXzAxNC5naWYiIHdpZHRoPSI3MCIgaGVpZ2h0PSI2MiIgYm9yZGVyPSIwIj48L3RkPgo8dGQ+PGZvbnQgY29sb3I9IiM3MWIxMmMiPjxzdHJvbmc+pe2pYKW6pd6l6qlgPC9zdHJvbmc+PC9mb250Pjxicj4KPGZvbnQgc2l6ZT0iLTEiIGNvbG9yPSIjMzMzMzMzIj6PiqSkmqK++oS/ufukzsv7pMuhoqXVpbGk5M3Rw6ukyqTJpM7uXsakpcil6aXWpeuk8rjEycakt6TepLmhozwvZm9udD48L3RkPgo8L3RyPgo8dHIgdmFsaWduPSJ0b3AiPgo8dGQ+PGltZyBzcmM9Imh0dHA6Ly9pbWFnZS5yYWt1dGVuLmNvLmpwL2t1cm9zdS9jYWJpbmV0L2NhcmUvMTAwMTE4X2FwZGNfMDE1LmdpZiIgd2lkdGg9IjcwIiBoZWlnaHQ9IjYyIiBib3JkZXI9IjAiPjwvdGQ+Cjx0ZD48Zm9udCBjb2xvcj0iIzcxYjEyYyI+PHN0cm9uZz6ly6lgpeA8L3N0cm9uZz48L2ZvbnQ+PGJyPgo8Zm9udCBzaXplPSItMSIgY29sb3I9IiMzMzMzMzMiPsh+pMvxbLPmhL+5+6SspKKk6qGitdjT8qTLpOikw6TGrnikztbcpOqky9aypKikxrPms/2ksaTLwPvTw6S3pMakpKTepLmhozwvZm9udD48L3RkPgo8L3RyPgo8dHIgdmFsaWduPSJ0b3AiPgo8dGQ+PGltZyBzcmM9Imh0dHA6Ly9pbWFnZS5yYWt1dGVuLmNvLmpwL2t1cm9zdS9jYWJpbmV0L2NhcmUvMTAwMTE4X2FwZGNfMDE2LmdpZiIgd2lkdGg9IjcwIiBoZWlnaHQ9IjYyIiBib3JkZXI9IjAiPjwvdGQ+Cjx0ZD48Zm9udCBjb2xvcj0iIzcxYjEyYyI+PHN0cm9uZz6l2qXLqWCl7aWkpeSl6zwvc3Ryb25nPjwvZm9udD48YnI+Cjxmb250IHNpemU9Ii0xIiBjb2xvcj0iIzMzMzMzMyI+pd+l86XIpM7W2elnpMfX7qTipd2l1KXlpempYKTKxre3TqTHpLmho6XOpd+k5MCls+bukKTOt8Cz5oS/ufukrKSipOqk3qS5oaM8L2ZvbnQ+PC90ZD4KPC90cj4KPC90YWJsZT4KPC90ZD4KPC90cj4KPHRyPgo8dGQgd2lkdGg9IjM1NSIgdmFsaWduPSJ0b3AiPjxpbWcgc3JjPSJodHRwOi8vaW1hZ2UucmFrdXRlbi5jby5qcC9rdXJvc3UvY2FiaW5ldC9jYXJlLzEwMDExOF9hcGRjXzAxOC5naWYiIHdpZHRoPSIzNTUiIGhlaWdodD0iNDUiIGJvcmRlcj0iMCI+PGJyPgo8dGFibGUgd2lkdGg9IjEwMCUiIGNlbGxwYWRkaW5nPSIwIiBjZWxsc3BhY2luZz0iMTIiIGJvcmRlcj0iMCIgc3R5bGU9ImZvbnQtc2l6ZTo4MCU7Ij4KPHRyPgo8dGQ+PGltZyBzcmM9Imh0dHA6Ly9pbWFnZS5yYWt1dGVuLmNvLmpwL2t1cm9zdS9jYWJpbmV0L2NhcmUvMTAwMTE4X2FwZGNfMDE5LmpwZyIgd2lkdGg9IjEwOSIgaGVpZ2h0PSIxNjMiIGJvcmRlcj0iMCI+PC90ZD4KPHRkIHZhbGlnbj0idG9wIj5BLlAuRC5DLqW3peqpYKW6pMfKudPDpLekxqSkpOulxqWjqWClxKXqqWClqqWkpeukz6Gipcalo6lgpcSl6qlgpaqlpKXrpM6Ev7n7pPKktaTppMul0aXvqWCloqXDpdektaS7pL+l1qXspfOlyaWqpaSl66G4Vk8zM6G5pPLKudPDpLekxqSkpN6kuaGjPGJyPgpWTzMzpM+hoqXGpaOpYKXEpeqpYKWqpaSl66TO0dC+v9XfpMikt6TGu+7cU6S5pOul6aWkpaql6z+l6qXBpeOpYKXJP6WmpaOl6qWipeClurKpyr+kyEEuUC5ELkMupMikzrmyzazpX7BrpMuk6KTqzeqzyaS3oaKlqqlgpbmlyKXppeqloqTOuau1xJlD6XakzpiUoamkysVStLLUh/JZpM69Wbn7oaLG1c2opM6lxqWjqWClxKXqqWClqqWkpeukzjxmb250IGNvbG9yPSIjZjA1MDAwIj68czOxtqTOv7m++oS/ufs8L2ZvbnQ+pKykoqTrpLOkyKTyyr6kub1ZufukrLP2pMakpKTepLmhozwvdGQ+CjwvdHI+CjwvdGFibGU+CjwvdGQ+Cjx0ZCB3aWR0aD0iMTAiIGJnY29sb3I9IiM3MWIxMmMiPiZuYnNwOzwvdGQ+CjwvdHI+Cjx0cj4KPHRkPjxpbWcgc3JjPSJodHRwOi8vaW1hZ2UucmFrdXRlbi5jby5qcC9rdXJvc3UvY2FiaW5ldC9jYXJlLzEwMDExOF9hcGRjXzAyMC5naWYiIHdpZHRoPSIzNTUiIGhlaWdodD0iMyIgYm9yZGVyPSIwIj48L3RkPgo8dGQgd2lkdGg9IjEwIiBiZ2NvbG9yPSIjNzFiMTJjIj48L3RkPgo8dGQ+PGltZyBzcmM9Imh0dHA6Ly9pbWFnZS5yYWt1dGVuLmNvLmpwL2t1cm9zdS9jYWJpbmV0L2NhcmUvMTAwMTE4X2FwZGNfMDIxLmdpZiIgd2lkdGg9IjIzNSIgaGVpZ2h0PSIzIiBib3JkZXI9IjAiPjwvdGQ+CjwvdHI+CjwvdGFibGU+CjwvdGQ+CjwvdHI+CjwvdGFibGU+CjwvdGQ+CjwvdHI+CjwvdGFibGU+Cjxicj48YnI+Cgo8aWZyYW1lIHdpZHRoPSI2MjAiIGhlaWdodD0iMTQwIiBtYXJnaW5oZWlnaHQ9IjAiIG1hcmdpbndpZHRoPSIwIiBmcmFtZWJvcmRlcj0iMCIgc2Nyb2xsaW5nPSJubyIgc3JjPSJodHRwOi8vd3d3LnJha3V0ZW4ubmUuanAvZ29sZC9rdXJvc3UvaXRlbV9pZnJhbWUvZ3Jvb21pbmcvYXBkYy5odG1sIj48L2lmcmFtZT48YnI+PGltZyBzcmM9Imh0dHA6Ly9pbWFnZS5yYWt1dGVuLmNvLmpwL2t1cm9zdS9jYWJpbmV0L29kZXJsaXN0X2l0ZW0uZ2lmIiB3aWR0aD0iMzA1Ij48YnI+PGJyPjxicj4KCjxmb250IGNvbG9yPSIjZjA2NjAwIj7LrqTHz7SkpMH3pLmx2NKqpM6kyqSkxd3XtKTOpd2l86XXyr2lt6XjpfOl16lgoaM8L2ZvbnQ+PGJyPgo8Zm9udCBzaXplPSItMSI+sqGa3aTOyK6k5Ljf/WjIrqGizaizo6TOpbel46XzpdepYKTypLmk66TbpMmkx6TipMqkpLK/t9a1xKTKm0Gk7KTyyKGk66TOpMux48D7pMekuaGjPGJyPjxicj4KofbW97PJt9ajuqXGpaOpYKXEpeqpYKWqpaSl66GipaKl6aXzpcilpKXzoaKl1KXtpa+lyKXzpaql6aXfpfOhoqXppaal7aWkpeultaXrpbOlt6XzTmGhorGjtObBzzxicj48YnI+CqH2yrnTw7e9t6g8YnI+Ct9twb+k8srWpMvIoaTqoaKbQaTspKya3aTLpMqk67K/t9ak5KGizOXIq8zlpPKl3qXDpbWpYKW4pLmk66TopKaky6TKpLik3qS7oaKl1qXppcOlt6XzpbCkyqTJpMfF3cGipMak3qS5oaM8YnI+CqS9pM7h4aGi5aak7KW/paql66THysOkrcihpOukq6Gipa+lt6THxd2k8sihpOqz/aStoaLX1Mi7pMvHrKSrpLek3qS5oaM8YnI+PGJyPgqh79SRzObTwzUwMG1syOuk6qTPpbOlwaXpPGJyPgqh70EuUC5ELkMupbGloqW3peqpYKW6IKXppaSl86XKpcOl1zwvZm9udD48YnI+PGJyPgo8Zm9udCBzaXplPSItMSI+Cj9BUERDpbGloqW3peqpYKW6pPKl4qXDpcjSiqTrPGJyPgo/pbel46XzpdepYD+l6qXzpbmk8qXipcOlyNKKpOs8YnI+CqHxpcalo6lgpcSl6qlgpMez5rP9pLGjoaXQpbqlqqXVpbel6qlgpbo8YnI+CqHxjJ/Tw6XQpbmlv6XWpMek5qTDpL+k6qXQpbmlv6WkpeA/pdqlw6XIpdCluTxicj4KofFQcmVjaWFudGWhoaSvpOukr6Trpbel46XzpdepYKXWpemltwo8L2ZvbnQ+PGJyPjxicj4KPHAgY2xhc3M9ImV4cG9ydG5nIj6hvphTzOy5+utIxeTLzYydz/PN4snMxrehvzxicj48c3Bhbj5UaGlzIGl0ZW0gY2Fubm90IGJlIGRlbGl2ZXJlZCB0byBmb3JlaWduIGNvdW50cmllcy48L3NwYW4+PC9wPjxkaXYgYWxpZ249ImNlbnRlciI+Cjxicj4KPCEtLWlmcmFtZSB3aWR0aD0iNjIwIiBoZWlnaHQ9IjE3MCIgc3JjPSJodHRwOi8vd3d3LnJha3V0ZW4ubmUuanAvZ29sZC9rdXJvc3UvbmF2aS9ibnJfY2F0ZWdvcnkvY29tX2VuY2xvc2UuaHRtbCIgZnJhbWVib3JkZXI9IjAiIHNjcm9sbGluZz0ibm8iIHRpdGxlPSLNrJd5pLmk7KTQy83Bz59vwc+joSI+PC9pZnJhbWU+PGJyLS0+Cjxicj4KCjxkaXYgaWQ9ImZvb3RlcmZyYW1lIj48L2Rpdj4=,QVBEQyClpqWpqWClv6Xspbmlt6XjpfOl16lgIDIwMG1sIKG+QS5QLkQuQy4gU2hhbXBvby/IrtPDpbel46XzpdepYC/IrqTOpbel46XzpdepYC+kpKTMpM6lt6XjpfOl16lgob+hvsiu08PGty+l2qXDpcg/pdqlw6XIpbClw6W6L6XapcOlyNPDxrehv6O6pdqlw6XEpdOl7KXDpbilr6Xtpbmhq6XapcOlyM2o2Jw=,pdqlw6XIpbepYKXEpdqlw6XIpbepYKXIw6jJsMvNwc+fb8HPpcmlw6WwpdWpYKXJpa2l46XDpcil1algpcmltalgpa+l66WxqWCluMiu0KHO3ciut/6lyaXDpbClpqWnpaKlraXjpeqpYKXQpcOlsKWrqWClyMOopb+l76lgpa2l46XDpcilv6XvqWDIrsiu08PGt8Oow6jTw8a3pdqlw6XIpdqlw6XIpbClw6W6pdqlw6XI08PGt6WrpempYMrX3Yal6qlgpcmlz6lgpc2luaWwpeqly6lgpbrV/dKOxrel2qXDpcikpqS1pK6l1aWnpeylw6XIuPGwsi68pLCypLekxKSxpKqk4qTBpOOloqWkpeCluaXmqWClq6XMpdClyqXBpeWl6aXrpdCl6aXzpbmly6XlqWClyKXtpe2lpKXkpeulq6XKpfOlvaXrpdOlwKSqpOSkxKW1pdel6qXhpfOlyKXipfOl16XBpbepYKXQpcel5aWqpcGl76Xvpd+ly6XBpeWloqXApcOlr6W5pcilpKXXqWClyaXrs6zQodDNyK7QodDNyK7W0NDNyK6089DNyK63ypy6yK643/1oyK6zyciu19PIrqW3pculoqWipcCl66XIpdGl1KlgQVBEQyClpqWpqWClv6Xspbmlt6XjpfOl16lgIDIwMG1sIKG+QS5QLkQuQy4gU2hhbXBvby/IrtPDpbel46XzpdepYC/IrqTOpbel46XzpdepYC+kpKTMpM6lt6XjpfOl16lgob+hvsiu08PGty+l2qXDpcg/pdqlw6XIpbClw6W6L6XapcOlyNPDxrehvw==,y7DeejU0MDCD0tLUyc+kzqSq2UmkpM7vpMfLzcHPn2/Bz6P8oaNBUERDIKWmpampYKW/peyluaW3peOl86XXqWAgMjAwbWwgob5BLlAuRC5DLiBTaGFtcG9vL8iu08Olt6XjpfOl16lgL8iupM6lt6XjpfOl16lgL6SkpMykzqW3peOl86XXqWChv6G+yK7Tw8a3L6XapcOlyD+l2qXDpcilsKXDpbovpdqlw6XI08PGt6G/[rn]
31-51716,aHR0cDovL3RzaG9wLnIxMHMuanAva3Vyb3N1L2NhYmluZXQvc2hhbXBvby8xNDAzMzFfYXBkY3dzXzAyLmpwZz9maXRpbj03MDA6NzAw,MTcyOC4wMDAw,,pdqlw6XIP6XapcOlyKWwpcOluiA+IKXapcOlyNPDpKrK1sjrpOzTw8a3ID4gpbel46XzpdepYD+l6qXzpbkgPiClt6XjpfOl16lg,QVBEQyClpqWpqWClv6Xspbmlt6XjpfOl16lgINSRzObTwyA1MDBtbCChvkEuUC5ELkMuIFNoYW1wb28vyK7Tw6W3peOl86XXqWAvyK6kzqW3peOl86XXqWAvpKSkzKTOpbel46XzpdepYKG/ob7IrtPDxrcvpdqlw6XIP6XapcOlyKWwpcOlui+l2qXDpcjTw8a3ob8=,y7DeejU0MDCD0tLUyc+kzqSq2UmkpM7vpMfLzcHPn2/Bz6P8,PGRpdj48aW1nIHNyYz0iaHR0cDovL2ltYWdlLnJha3V0ZW4uY28uanAva3Vyb3N1L2NhYmluZXQvc2hhbXBvby8xNDA0MDFfYXBkY18wMDEuanBnIiB3aWR0aD0iNjIwIiBoZWlnaHQ9IjM0NyIgYm9yZGVyPSIwIj48L2Rpdj4KPHRhYmxlIHdpZHRoPSI2MjAiIGJvcmRlcj0iMCIgY2VsbHBhZGRpbmc9IjAiIGNlbGxzcGFjaW5nPSIxMCIgYmdjb2xvcj0iIzcxYjEyYyI+Cjx0cj4KPHRkPgo8dGFibGUgY2VsbHBhZGRpbmc9IjAiIGNlbGxzcGFjaW5nPSIwIiBib3JkZXI9IjAiPgo8dHI+Cjx0ZD48aW1nIHNyYz0iaHR0cDovL2ltYWdlLnJha3V0ZW4uY28uanAva3Vyb3N1L2NhYmluZXQvY2FyZS8xMDAxMThfYXBkY18wMDIuZ2lmIiB3aWR0aD0iNjAwIiBoZWlnaHQ9IjMiIGJvcmRlcj0iMCI+PC90ZD4KPC90cj4KPHRyPgo8dGQgYmdjb2xvcj0iI2ZmZmZjYyIgYmFja2dyb3VuZD0iaHR0cDovL2ltYWdlLnJha3V0ZW4uY28uanAva3Vyb3N1L2NhYmluZXQvY2FyZS8xMDAxMThfYXBkY18wMDMuZ2lmIiBzdHlsZT0iYmFja2dyb3VuZC1wb3NpdGlvbjpsZWZ0IGJvdHRvbTsgYmFja2dyb3VuZC1yZXBlYXQ6bm8tcmVwZWF0OyI+Cjx0YWJsZSBjZWxscGFkZGluZz0iMCIgY2VsbHNwYWNpbmc9IjEyIiBib3JkZXI9IjAiIHN0eWxlPSJmb250LXNpemU6ODAlOyI+Cjx0cj4KPHRkPjxpbWcgc3JjPSJodHRwOi8vaW1hZ2UucmFrdXRlbi5jby5qcC9rdXJvc3UvY2FiaW5ldC9jYXJlLzEwMDExOF9hcGRjXzAwNC5naWYiIHdpZHRoPSIxMzUiIGhlaWdodD0iMjQiIGJvcmRlcj0iMCI+PC90ZD4KPHRkPjxpbWcgc3JjPSJodHRwOi8vaW1hZ2UucmFrdXRlbi5jby5qcC9rdXJvc3UvY2FiaW5ldC9jYXJlLzEwMDExOF9hcGRjXzAwNS5naWYiIHdpZHRoPSIxMzUiIGhlaWdodD0iMjQiIGJvcmRlcj0iMCI+PC90ZD4KPHRkPjxpbWcgc3JjPSJodHRwOi8vaW1hZ2UucmFrdXRlbi5jby5qcC9rdXJvc3UvY2FiaW5ldC9jYXJlLzEwMDExOF9hcGRjXzAwNi5naWYiIHdpZHRoPSIxMzUiIGhlaWdodD0iMjQiIGJvcmRlcj0iMCI+PC90ZD4KPHRkPjxpbWcgc3JjPSJodHRwOi8vaW1hZ2UucmFrdXRlbi5jby5qcC9rdXJvc3UvY2FiaW5ldC9jYXJlLzEwMDExOF9hcGRjXzAwNy5naWYiIHdpZHRoPSIxMzUiIGhlaWdodD0iMjQiIGJvcmRlcj0iMCI+PC90ZD4KPC90cj4KPHRyIHZhbGlnbj0idG9wIj4KPHRkIGhlaWdodD0iNTEiPqXOpd8/pcClyz/Ow6TyvMSku7i2pLGkur2hv7WkysakxHek8rGjpMGk3qS5oaM8L3RkPgo8dGQ+paKl7KXrpa6pYKTLpOik68akxHelyKXppdal66TypKqks6S3pMakpKTrvKGk8uaCvrKkt6TepLmhozwvdGQ+Cjx0ZD7M5bP0pKyPiqSk60ikzqTLpKqkpKTyus2k6aSypN6kuaGjPC90ZD4KPHRkPsOrpMuxu6TvpOzrar76pKy3sdazpLek5KS5pKTIrqTOvKGk8sflnY2ky7GjpMak3qS5oaM8L3RkPgo8L3RyPgo8L3RhYmxlPgo8L3RkPgo8L3RyPgo8dHI+Cjx0ZCBhbGlnbj0iY2VudGVyIj48aW1nIHNyYz0iaHR0cDovL2ltYWdlLnJha3V0ZW4uY28uanAva3Vyb3N1L2NhYmluZXQvY2FyZS8xMDAxMThfYXBkY18wMDguZ2lmIiB3aWR0aD0iMTgwIiBoZWlnaHQ9IjU1IiBib3JkZXI9IjAiPjwvdGQ+CjwvdHI+Cjx0cj4KPHRkPjxpbWcgc3JjPSJodHRwOi8vaW1hZ2UucmFrdXRlbi5jby5qcC9rdXJvc3UvY2FiaW5ldC9jYXJlLzEwMDExOF9hcGRjXzAwOS5naWYiIHdpZHRoPSI2MDAiIGhlaWdodD0iMzQiIGJvcmRlcj0iMCI+PC90ZD4KPC90cj4KPHRyPgo8dGQgYmdjb2xvcj0iI2ZmZmZmZiI+Cjx0YWJsZSB3aWR0aD0iNjAwIiBjZWxscGFkZGluZz0iMCIgY2VsbHNwYWNpbmc9IjAiIGJvcmRlcj0iMCI+Cjx0cj4KPHRkIGNvbHNwYW49IjIiIHdpZHRoPSIzNjUiIGFsaWduPSJjZW50ZXIiIHZhbGlnbj0idG9wIiBiZ2NvbG9yPSIjNzFiMTJjIj4KPHRhYmxlIHdpZHRoPSIxMDAlIiBjZWxscGFkZGluZz0iMCIgY2VsbHNwYWNpbmc9IjEyIiBib3JkZXI9IjAiIGJnY29sb3I9IiNmZmZmZmYiIHN0eWxlPSJmb250LXNpemU6ODAlOyI+Cjx0cj4KPHRkPjxpbWcgc3JjPSJodHRwOi8vaW1hZ2UucmFrdXRlbi5jby5qcC9rdXJvc3UvY2FiaW5ldC9jYXJlLzEwMDExOF9hcGRjXzAxMC5naWYiIHdpZHRoPSIxNTMiIGhlaWdodD0iMTE3IiBib3JkZXI9IjAiIGFsdD0ipcalo6lgpcSl6qlgIiBhbGlnbj0ibGVmdCI+PGZvbnQgY29sb3I9IiM3MWIxMmMiPjxzdHJvbmc+pcalo6lgpcSl6qlgPC9zdHJvbmc+PC9mb250Pjxicj4KpaqpYKW5pcil6aXqpaLUra5ipM6l1aXIpeKl4r/G1rLO76GjPGJyPgqlqqlgpbmlyKXppeqloqTO1K3XocPxpMekoqTrpaKl3KXqpbily6SsoaKkvaTOyH6k8rNapKSkxsmroamkyrKhmt2kztbOr5/Ev7XEpMfA+9PDpLekxqSkpL+ks6TIpMfWqqTppOykxqSkpN6kuaGjPGJyPgo8YnI+Cjxmb250IGNvbG9yPSIjNzFiMTJjIj48c3Ryb25nPqXGpaOpYKXEpeqpYKWqpaSl66TOmqK++oS/ufs8L3N0cm9uZz48L2ZvbnQ+PGJyPgqlqqlgpbmlyKXppeqloqTOy2HKwreopMekz7+5vvqEiKTIpLekxsq508OkuaTrpLOkyKSs1Uqk4aTppOykxqSqpOqhoqS9pM6/ub76waajqLBr0/23wNa5o6mky6TEpKSkxqTPoaK49776pLSkyKTL1JS8mqTK1IfyWb1ZufukrLP2pMakpKTepLmhozwvdGQ+CjwvdHI+CjwvdGFibGU+CjxpbWcgc3JjPSJodHRwOi8vaW1hZ2UucmFrdXRlbi5jby5qcC9rdXJvc3UvY2FiaW5ldC9jYXJlLzEwMDExOF9hcGRjXzAxNy5naWYiIHdpZHRoPSIzNjUiIGhlaWdodD0iMTMiIGJvcmRlcj0iMCI+PC90ZD4KPHRkIHdpZHRoPSIyMzUiIHJvd3NwYW49IjIiIHZhbGlnbj0idG9wIj4KPHRhYmxlIHdpZHRoPSIxMDAlIiBjZWxscGFkZGluZz0iMCIgY2VsbHNwYWNpbmc9IjEyIiBib3JkZXI9IjAiIHN0eWxlPSJmb250LXNpemU6ODAlOyI+Cjx0ciB2YWxpZ249InRvcCI+Cjx0ZD48aW1nIHNyYz0iaHR0cDovL2ltYWdlLnJha3V0ZW4uY28uanAva3Vyb3N1L2NhYmluZXQvY2FyZS8xMDAxMThfYXBkY18wMTEuZ2lmIiB3aWR0aD0iNzAiIGhlaWdodD0iNjIiIGJvcmRlcj0iMCI+PC90ZD4KPHRkPjxmb250IGNvbG9yPSIjNzFiMTJjIj48c3Ryb25nPqXmqWClq6XqPC9zdHJvbmc+PC9mb250Pjxicj4KPGZvbnQgc2l6ZT0iLTEiIGNvbG9yPSIjMzMzMzMzIj6aor76hL+5+6Giv7mlpqWjpeuludf308Oky4OepOykxqSkpN6kuaGjzsOk8te3pKSSQqSm1/fTw6TipKKk6qTepLmhozwvZm9udD48L3RkPgo8L3RyPgo8dHIgdmFsaWduPSJ0b3AiPgo8dGQ+PGltZyBzcmM9Imh0dHA6Ly9pbWFnZS5yYWt1dGVuLmNvLmpwL2t1cm9zdS9jYWJpbmV0L2NhcmUvMTAwMTE4X2FwZGNfMDEyLmdpZiIgd2lkdGg9IjcwIiBoZWlnaHQ9IjYyIiBib3JkZXI9IjAiPjwvdGQ+Cjx0ZD48Zm9udCBjb2xvcj0iIzcxYjEyYyI+PHN0cm9uZz6l6aXZpfOlwKlgPC9zdHJvbmc+PC9mb250Pjxicj4KPGZvbnQgc2l6ZT0iLTEiIGNvbG9yPSIjMzMzMzMzIj6aor76z/u2voS/ufuhouaCvrLX99PDpMCksaTHpMqkr6Gi8Wyz5tf308Ok4rPWpMG6z6TvpLukxqSkpN6kuaGjPC9mb250PjwvdGQ+CjwvdHI+Cjx0ciB2YWxpZ249InRvcCI+Cjx0ZD48aW1nIHNyYz0iaHR0cDovL2ltYWdlLnJha3V0ZW4uY28uanAva3Vyb3N1L2NhYmluZXQvY2FyZS8xMDAxMThfYXBkY18wMTMuZ2lmIiB3aWR0aD0iNzAiIGhlaWdodD0iNjIiIGJvcmRlcj0iMCI+PC90ZD4KPHRkPjxmb250IGNvbG9yPSIjNzFiMTJjIj48c3Ryb25nPqW3pcil7aXNpek8L3N0cm9uZz48L2ZvbnQ+PGJyPgo8Zm9udCBzaXplPSItMSIgY29sb3I9IiMzMzMzMzMiPrPms/2ksYSIpMikt6TGucWkr6SrpOnA+9PDpLWk7KTGpKSk3qS5oaPN0bP01/fTw6Tks/2++tf308Ok4qSipOqk3qS5oaM8L2ZvbnQ+PC90ZD4KPC90cj4KPHRyIHZhbGlnbj0idG9wIj4KPHRkPjxpbWcgc3JjPSJodHRwOi8vaW1hZ2UucmFrdXRlbi5jby5qcC9rdXJvc3UvY2FiaW5ldC9jYXJlLzEwMDExOF9hcGRjXzAxNC5naWYiIHdpZHRoPSI3MCIgaGVpZ2h0PSI2MiIgYm9yZGVyPSIwIj48L3RkPgo8dGQ+PGZvbnQgY29sb3I9IiM3MWIxMmMiPjxzdHJvbmc+pe2pYKW6pd6l6qlgPC9zdHJvbmc+PC9mb250Pjxicj4KPGZvbnQgc2l6ZT0iLTEiIGNvbG9yPSIjMzMzMzMzIj6PiqSkmqK++oS/ufukzsv7pMuhoqXVpbGk5M3Rw6ukyqTJpM7uXsakpcil6aXWpeuk8rjEycakt6TepLmhozwvZm9udD48L3RkPgo8L3RyPgo8dHIgdmFsaWduPSJ0b3AiPgo8dGQ+PGltZyBzcmM9Imh0dHA6Ly9pbWFnZS5yYWt1dGVuLmNvLmpwL2t1cm9zdS9jYWJpbmV0L2NhcmUvMTAwMTE4X2FwZGNfMDE1LmdpZiIgd2lkdGg9IjcwIiBoZWlnaHQ9IjYyIiBib3JkZXI9IjAiPjwvdGQ+Cjx0ZD48Zm9udCBjb2xvcj0iIzcxYjEyYyI+PHN0cm9uZz6ly6lgpeA8L3N0cm9uZz48L2ZvbnQ+PGJyPgo8Zm9udCBzaXplPSItMSIgY29sb3I9IiMzMzMzMzMiPsh+pMvxbLPmhL+5+6SspKKk6qGitdjT8qTLpOikw6TGrnikztbcpOqky9aypKikxrPms/2ksaTLwPvTw6S3pMakpKTepLmhozwvZm9udD48L3RkPgo8L3RyPgo8dHIgdmFsaWduPSJ0b3AiPgo8dGQ+PGltZyBzcmM9Imh0dHA6Ly9pbWFnZS5yYWt1dGVuLmNvLmpwL2t1cm9zdS9jYWJpbmV0L2NhcmUvMTAwMTE4X2FwZGNfMDE2LmdpZiIgd2lkdGg9IjcwIiBoZWlnaHQ9IjYyIiBib3JkZXI9IjAiPjwvdGQ+Cjx0ZD48Zm9udCBjb2xvcj0iIzcxYjEyYyI+PHN0cm9uZz6l2qXLqWCl7aWkpeSl6zwvc3Ryb25nPjwvZm9udD48YnI+Cjxmb250IHNpemU9Ii0xIiBjb2xvcj0iIzMzMzMzMyI+pd+l86XIpM7W2elnpMfX7qTipd2l1KXlpempYKTKxre3TqTHpLmho6XOpd+k5MCls+bukKTOt8Cz5oS/ufukrKSipOqk3qS5oaM8L2ZvbnQ+PC90ZD4KPC90cj4KPC90YWJsZT4KPC90ZD4KPC90cj4KPHRyPgo8dGQgd2lkdGg9IjM1NSIgdmFsaWduPSJ0b3AiPjxpbWcgc3JjPSJodHRwOi8vaW1hZ2UucmFrdXRlbi5jby5qcC9rdXJvc3UvY2FiaW5ldC9jYXJlLzEwMDExOF9hcGRjXzAxOC5naWYiIHdpZHRoPSIzNTUiIGhlaWdodD0iNDUiIGJvcmRlcj0iMCI+PGJyPgo8dGFibGUgd2lkdGg9IjEwMCUiIGNlbGxwYWRkaW5nPSIwIiBjZWxsc3BhY2luZz0iMTIiIGJvcmRlcj0iMCIgc3R5bGU9ImZvbnQtc2l6ZTo4MCU7Ij4KPHRyPgo8dGQ+PGltZyBzcmM9Imh0dHA6Ly9pbWFnZS5yYWt1dGVuLmNvLmpwL2t1cm9zdS9jYWJpbmV0L2NhcmUvMTAwMTE4X2FwZGNfMDE5LmpwZyIgd2lkdGg9IjEwOSIgaGVpZ2h0PSIxNjMiIGJvcmRlcj0iMCI+PC90ZD4KPHRkIHZhbGlnbj0idG9wIj5BLlAuRC5DLqW3peqpYKW6pMfKudPDpLekxqSkpOulxqWjqWClxKXqqWClqqWkpeukz6Gipcalo6lgpcSl6qlgpaqlpKXrpM6Ev7n7pPKktaTppMul0aXvqWCloqXDpdektaS7pL+l1qXspfOlyaWqpaSl66G4Vk8zM6G5pPLKudPDpLekxqSkpN6kuaGjPGJyPgpWTzMzpM+hoqXGpaOpYKXEpeqpYKWqpaSl66TO0dC+v9XfpMikt6TGu+7cU6S5pOul6aWkpaql6z+l6qXBpeOpYKXJP6WmpaOl6qWipeClurKpyr+kyEEuUC5ELkMupMikzrmyzazpX7BrpMuk6KTqzeqzyaS3oaKlqqlgpbmlyKXppeqloqTOuau1xJlD6XakzpiUoamkysVStLLUh/JZpM69Wbn7oaLG1c2opM6lxqWjqWClxKXqqWClqqWkpeukzjxmb250IGNvbG9yPSIjZjA1MDAwIj68czOxtqTOv7m++oS/ufs8L2ZvbnQ+pKykoqTrpLOkyKTyyr6kub1ZufukrLP2pMakpKTepLmhozwvdGQ+CjwvdHI+CjwvdGFibGU+CjwvdGQ+Cjx0ZCB3aWR0aD0iMTAiIGJnY29sb3I9IiM3MWIxMmMiPiZuYnNwOzwvdGQ+CjwvdHI+Cjx0cj4KPHRkPjxpbWcgc3JjPSJodHRwOi8vaW1hZ2UucmFrdXRlbi5jby5qcC9rdXJvc3UvY2FiaW5ldC9jYXJlLzEwMDExOF9hcGRjXzAyMC5naWYiIHdpZHRoPSIzNTUiIGhlaWdodD0iMyIgYm9yZGVyPSIwIj48L3RkPgo8dGQgd2lkdGg9IjEwIiBiZ2NvbG9yPSIjNzFiMTJjIj48L3RkPgo8dGQ+PGltZyBzcmM9Imh0dHA6Ly9pbWFnZS5yYWt1dGVuLmNvLmpwL2t1cm9zdS9jYWJpbmV0L2NhcmUvMTAwMTE4X2FwZGNfMDIxLmdpZiIgd2lkdGg9IjIzNSIgaGVpZ2h0PSIzIiBib3JkZXI9IjAiPjwvdGQ+CjwvdHI+CjwvdGFibGU+CjwvdGQ+CjwvdHI+CjwvdGFibGU+CjwvdGQ+CjwvdHI+CjwvdGFibGU+Cjxicj48YnI+Cgo8aWZyYW1lIHdpZHRoPSI2MjAiIGhlaWdodD0iMTQwIiBtYXJnaW5oZWlnaHQ9IjAiIG1hcmdpbndpZHRoPSIwIiBmcmFtZWJvcmRlcj0iMCIgc2Nyb2xsaW5nPSJubyIgc3JjPSJodHRwOi8vd3d3LnJha3V0ZW4ubmUuanAvZ29sZC9rdXJvc3UvaXRlbV9pZnJhbWUvZ3Jvb21pbmcvYXBkYy5odG1sIj48L2lmcmFtZT48YnI+PGltZyBzcmM9Imh0dHA6Ly9pbWFnZS5yYWt1dGVuLmNvLmpwL2t1cm9zdS9jYWJpbmV0L29kZXJsaXN0X2l0ZW0uZ2lmIiB3aWR0aD0iMzA1Ij48YnI+PGJyPjxicj4KCjxmb250IGNvbG9yPSIjZjA2NjAwIj7LrqTHz7SkpMH3pLmx2NKqpM6kyqSkxd3XtKTOpd2l86XXyr2lt6XjpfOl16lgoaM8L2ZvbnQ+PGJyPgo8Zm9udCBzaXplPSItMSI+sqGa3aTOyK6k5Ljf/WjIrqGizaizo6TOpbel46XzpdepYKTypLmk66TbpMmkx6TipMqkpLK/t9a1xKTKm0Gk7KTyyKGk66TOpMux48D7pMekuaGjPGJyPjxicj4KofbW97PJt9ajuqXGpaOpYKXEpeqpYKWqpaSl66GipaKl6aXzpcilpKXzoaKl1KXtpa+lyKXzpaql6aXfpfOhoqXppaal7aWkpeultaXrpbOlt6XzTmGhorGjtObBzzxicj48YnI+CqH2yrnTw7e9t6g8YnI+Ct9twb+k8srWpMvIoaTqoaKbQaTspKya3aTLpMqk67K/t9ak5KGizOXIq8zlpPKl3qXDpbWpYKW4pLmk66TopKaky6TKpLik3qS7oaKl1qXppcOlt6XzpbCkyqTJpMfF3cGipMak3qS5oaM8YnI+CqS9pM7h4aGi5aak7KW/paql66THysOkrcihpOukq6Gipa+lt6THxd2k8sihpOqz/aStoaLX1Mi7pMvHrKSrpLek3qS5oaM8YnI+PGJyPgqh76XVpampYKXgpdylyKXrMjAwbWzI66TqpM+ls6XBpek8YnI+CqHvQS5QLkQuQy6lsaWipbel6qlgpbogpemlpKXzpcqlw6XXPC9mb250Pjxicj48YnI+Cjxmb250IHNpemU9Ii0xIj4KP0FQREOlsaWipbel6qlgpbqk8qXipcOlyNKKpOs8YnI+Cj+lt6XjpfOl16lgP6XqpfOluaTypeKlw6XI0oqk6zxicj4KofGlxqWjqWClxKXqqWCkx7Pms/2ksaOhpdCluqWqpdWlt6XqqWClujxicj4KofGMn9PDpdCluaW/pdakx6TmpMOkv6TqpdCluaW/paSl4D+l2qXDpcil0KW5PGJyPgqh8VByZWNpYW50ZaGhpK+k66SvpOult6XjpfOl16lgpdal6aW3CjwvZm9udD48YnI+PGJyPgo8cCBjbGFzcz0iZXhwb3J0bmciPqG+mFPM7Ln660jF5MvNjJ3P883iyczGt6G/PGJyPjxzcGFuPlRoaXMgaXRlbSBjYW5ub3QgYmUgZGVsaXZlcmVkIHRvIGZvcmVpZ24gY291bnRyaWVzLjwvc3Bhbj48L3A+PGRpdiBhbGlnbj0iY2VudGVyIj4KPGJyPgo8IS0taWZyYW1lIHdpZHRoPSI2MjAiIGhlaWdodD0iMTcwIiBzcmM9Imh0dHA6Ly93d3cucmFrdXRlbi5uZS5qcC9nb2xkL2t1cm9zdS9uYXZpL2Jucl9jYXRlZ29yeS9jb21fZW5jbG9zZS5odG1sIiBmcmFtZWJvcmRlcj0iMCIgc2Nyb2xsaW5nPSJubyIgdGl0bGU9Is2sl3mkuaTspNDLzcHPn2/Bz6OhIj48L2lmcmFtZT48YnItLT4KPGJyPgoKPGRpdiBpZD0iZm9vdGVyZnJhbWUiPjwvZGl2Pg==,QVBEQyClpqWpqWClv6Xspbmlt6XjpfOl16lgINSRzObTwyA1MDBtbCChvkEuUC5ELkMuIFNoYW1wb28vyK7Tw6W3peOl86XXqWAvyK6kzqW3peOl86XXqWAvpKSkzKTOpbel46XzpdepYKG/ob7IrtPDxrcvpdqlw6XIP6XapcOlyKWwpcOlui+l2qXDpcjTw8a3ob+juqXapcOlxKXTpeylw6W4pa+l7aW5oaul2qXDpcjNqNic,pdqlw6XIpbepYKXEpdqlw6XIpbepYKXIw6jJsMvNwc+fb8HPpcmlw6WwpdWpYKXJpa2l46XDpcil1algpcmltalgpa+l66WxqWCluMiu0KHO3ciut/6lyaXDpbClpqWnpaKlraXjpeqpYKXQpcOlsKWrqWClyMOopb+l76lgpa2l46XDpcilv6XvqWDIrsiu08PGt8Oow6jTw8a3pdqlw6XIpdqlw6XIpbClw6W6pdqlw6XI08PGt6WrpempYMrX3Yal6qlgpcmlz6lgpc2luaWwpeqly6lgpbrV/dKOxrel2qXDpcikpqS1pK6l1aWnpeylw6XIuPGwsi68pLCypLekxKSxpKqk4qTBpOOloqWkpeCluaXmqWClq6XMpdClyqXBpeWl6aXrpdCl6aXzpbmly6XlqWClyKXtpe2lpKXkpeulq6XKpfOlvaXrpdOlwKSqpOSkxKW1pdel6qXhpfOlyKXipfOl16XBpbepYKXQpcel5aWqpcGl76Xvpd+ly6XBpeWloqXApcOlr6W5pcilpKXXqWClyaXrs6zQodDNyK7QodDNyK7W0NDNyK6089DNyK63ypy6yK643/1oyK6zyciu19PIrqW3pculoqWipcCl66XIpdGl1KlgQVBEQyClpqWpqWClv6Xspbmlt6XjpfOl16lgINSRzObTwyA1MDBtbCChvkEuUC5ELkMuIFNoYW1wb28vyK7Tw6W3peOl86XXqWAvyK6kzqW3peOl86XXqWAvpKSkzKTOpbel46XzpdepYKG/ob7IrtPDxrcvpdqlw6XIP6XapcOlyKWwpcOlui+l2qXDpcjTw8a3ob8=,y7DeejU0MDCD0tLUyc+kzqSq2UmkpM7vpMfLzcHPn2/Bz6P8oaNBUERDIKWmpampYKW/peyluaW3peOl86XXqWAg1JHM5tPDIDUwMG1sIKG+QS5QLkQuQy4gU2hhbXBvby/IrtPDpbel46XzpdepYC/IrqTOpbel46XzpdepYC+kpKTMpM6lt6XjpfOl16lgob+hvsiu08PGty+l2qXDpcg/pdqlw6XIpbClw6W6L6XapcOlyNPDxrehvw==[rn]
31-51717,aHR0cDovL3RzaG9wLnIxMHMuanAvc2tpcGRvZy9jYWJpbmV0LzAxMjU0NTAzL2NhcmUvc2wvaW1nNjQ0MzI2MTkuanBnP2ZpdGluPTcwMDo3MDA=,NjkxLjIwMDA=,,pdqlw6XIP6XapcOlyKWwpcOluiA+IKXapcOlyNPDpKrK1sjrpOzTw8a3ID4gpbel46XzpdepYD+l6qXzpbkgPiClt6XjpfOl16lg,ob7IriClt6XjpfOl16lgIKXqpfOluaG/peml1aWhpfOlt6lgpbogpbmpYKXRqWClyqXBpeWl6aXrIKW3peOl86XXqWCjuqXqpfOluaGhNTBtbCAopcGl76XvIKXapcOlyNPDINfTyK4gyK7Tw6W3peOl86XXqWAgpeql86W5ILXNtMy8pCDD9LjQvKEgpaKl7KXrpa6pYLyhIMj1y+HQ1Ck=,pcGl76XvINfTyK4gyK7TwyClt6XjpfOl16lgIKXqpfOluSDD9LjQIKWipeyl66WuqWAgyPXL4dDU,Cjx0YWJsZSBib3JkZXI9IjAiIHdpZHRoPSI2MDAiPgogIDx0cj4KICAgIDx0ZD48Zm9udCBDT0xPUj0iI2ZmODAwMCI+PGI+tc20zLyk0NSkzoRJt72kx6Giw/S40LyhoaKloqXspeulrqlgzOXZfKGixqSl1aTOyPWkpKXRpdSpYKTKpMmky6TiPGJyPgogICAgpKqkuaS5pOGkzoOepLekpKW3peOl86XXqWCkyKXqpfOluaTHpLmhozxicj4KICAgIDxicj4KICAgIKG+peml1aWhpfOlt6lgpbqhoaW5qWCl0algpcqlwaXlpeml66Ghpbel46XzpdepYKOmpeql86W5IDUwbWyhvzwvYj48YnI+CiAgICA8YnI+CiAgICA8L2ZvbnQ+PC90ZD4KICA8L3RyPjx0cj4KICAgIDx0ZD48aW1nIHNyYz0iaHR0cDovL2ltYWdlLnJha3V0ZW4uY28uanAvc2tpcGRvZy9jYWJpbmV0LzAxMjU0NTAzL2NhcmUvc2wvaW1nNjQ0MzI2MjAuanBnIiB3aWR0aD0iNjAwIiBib3JkZXI9IjAiPjxicj4KICAgIDxicj4KICAgIMP0uNC8oaGipaKl7KXrpa6pYMzl2XyhosakxHekzsj1pKTX08/ypLGkzqTIpLOkyKTzg56kt6Skpbel46XzpdepYKOmpeql86W5oaPX08iuoaLX08OopMuk4sq5pKik3qS5pM6kx6Gipe+lr6XBpfPh4aTOobGkz6S4pOGkxqTOpbel46XzpdepYKGxpMuk4qSqhOGk4aTHpLmhozxicj4KICAgIDxicj4KICAgIKHxzNjK4qW/pfOw19l8pd6l6qXzpbOl6algpbKl81AuUC5ULsXkus+hozxicj4KICAgIKHxyPXL4dDUo6hwSDXHsOHho6mhop9vz+PBz6Git6i2qMmry9ifb8Xkus+ESbe9oaM8YnI+CiAgICCh8dfus/WkziCkqtSHpLcgpMux48D7pMo1MG1spdylyKXroaM8YnI+CiAgICA8YnI+CiAgICCasMjVpMek4rCy0MSkt6TGyrmkqKTrpOSktaS3pLWkx6S5oaM8YnI+CiAgICA8YnI+CiAgICA8YnI+CiAgICA8YnI+CiAgICA8YnI+CiAgICA8Yj48Zm9udCBDT0xPUj0iI2NjMDAwMCI+ofalualgpdGpYKXKpcGl5aXppesgpbel46XzpdepYDwvZm9udD48L2I+PGJyPgogICAgpK2k4byapKukyqTkpLWkt6Skxd2kx6S5pKyhosXdwaKkwaTOydmkyqSkpb+lpKXXpM6lt6XjpfOl16lgpMekuaGjPGJyPgqxo8qqs8m31qSsoaLHrNTvvKGky6SmpOukqqSkpPLT66SooaK8oaTypLekw6TIpOqxo6TBoaKk1aSxP6SrpOak36TypLekuqThpN6kuaGjPGJyPgogICAgPGJyPgogICAgu/mxvrXEpMukz9St0rrKudPDpMekuaSsoaKls6Xzpcelo6W3peel86TLus+k76S7pMYysbazzLbIpMvPo+GLpOK/ycTcpMekuaGjPGJyPgogICAgpb2l1aXIpMvC5KTBpMSkpKS/z7SkpMnPpKyk6qTPoaKluaXgqWCluT+ls6lgpcikzqXvpfOkwaTjpPOky6TiusPUdaTHpLmhozxicj4KICAgIMj1y+HQ1KTHvKGky4OepLekpIRJt72kx6S5o6ih+aWipeulq6Xq0NSlt6XjpfOl16lgpM/PtJu3waakrI+KpKSk4qTOpM6horyhpNikzrTMvKSk4o+KpK+kyqTDpMakpKTepLmjqTxicj4KICAgIDxicj4KICAgIDxicj4KICAgIDxicj4KICAgIDxicj4KICAgIDxiPjxmb250IENPTE9SPSIjY2MwMDAwIj6h9qW5qWCl0algpcqlwaXlpeml6yCl6qXzpbk8L2ZvbnQ+PC9iPjxicj4KICAgIKXppdWloaXzpbepYKW6IKW5qWCl0algpcqlwaXlpeml6yClt6XjpfOl16lgpMiB46S7pMaktMq508Okr6TApLWkpKGjPGJyPgogICAgz+CBXIS/ufukx7GjyqqzybfWpKzHrNTvvKGky9K7jNOkpqTrpKqkpKTy0+ukqKGipNWksT+kq6TmpN+k8qS3pLqk4aTepLmhozxicj4KICAgIDxicj4KICAgIMakpdWkzoL7pN+krKTSpMmkpIj2us+kz6GipLmkuaSupM6VculnpPK2zKSvpLehosakpdWkztiTtaOk8t1YpK+kt6TGpKKksqTrpL+k4aGipMyk66TenKukxzEwsbazzLbIpMuk3qTHz6Phi8LKpPLJz6SypL+hoqSmpLmkpKXqpfOluaTyyrnTw6S3pN6kuaGjPGJyPgogICAgpL+kwKS3oaKkuaS5pK6kz6TkpLWkt6SvoaKkxqSkpM2kpKTLpLek3qS5oaM8YnI+Cjxicj4KICAgIDxicj4KICAgIDxicj4KICAgIDxicj4KICAgIDxmb250IFNJWkU9IisxIj48Yj48Zm9udCBDT0xPUj0iIzAwY2NjYyIgU0laRT0iKzEiPqSzpPOkytfTpMukqoThpOGkx6S5PzwvZm9udD48L2I+PGJyPgogICAgofHD9LjQvKGhoqWipcil1KlgvKGhoqWipeyl66WuqWC8oaTO19Okyzxicj4KICAgIKHx19PIrqGi19PDqKTOpM+kuKThpMakzqW3peOl86XXqWCjpqXqpfOluaTLPGJyPgogICAgofG2zMOrt06hoqW5peCpYKW5pbOpYKXIpM6l76XzpMGk46TzpMs8L2ZvbnQ+PGJyPgogICAgPGJyPgogICAgPGJyPgogICAgPGJyPgogICAgPGJyPgogICAgPGJyPgogICAgPGJyPgogICAgPGI+PGZvbnQgU0laRT0iKzEiIENPTE9SPSIjY2MwMDAwIj6h9qS0vNLNpaTHpMekraTrpbel46XzpdepYKOmpeql86W5pM7B96TsoaI8L2ZvbnQ+PC9iPjwvdGQ+CiAgPC90cj48dHI+CiAgICA8dGQ+PGltZyBzcmM9Imh0dHA6Ly9pbWFnZS5yYWt1dGVuLmNvLmpwL3NraXBkb2cvY2FiaW5ldC8wMTI1NDUwMy9jYXJlL3NsL2ltZzY0NDMyNjIzLmdpZiIgd2lkdGg9IjYwMCIgYm9yZGVyPSIwIiBhbHQ9ItCh0M3IriClwaXvpe8gpbel46XzpdepYCCl6qXzpbkgw/S40LyhIKWipeyl66WuqWAg19PIriI+PGJyPgogICAgPGJyPgogICAgPGJyPqH5IMS/pOS/2qTLyOuk6aTKpKSk6KSm16LS4qS3pMakr6TApLWkpKGjIM3y0rvEv6TLyOukw6TGpLek3qTDpL+I9rrPoaKkuaSwpMvLrqTHz7SkpMH3pLekxqSvpMCktaSkoaM8YnI+CqH5IMzYrpDM5dl8tcikx6SqvKGky6SipO+kyqSkiPa6z6TPoaKktMq508Ok8r/YpKikxqSvpMCktaSkoaM8YnI+CqH5IMq508Ph4aTPpa2l46XDpdek8qStpMGkw6TIvoak4aGi19O5qaTOytakzr3spKukyqSkpMiks6TtoaKkyqSqpKukxMDksLXL+aTLsaM8YnI+Cjxicj4KICAgIDxicj4KICAgIDxicj4KICAgIDwvdGQ+CiAgPC90cj48dHI+CiAgICA8dGQ+ofazybfWPGJyPgogICAgP6W3peOl86XXqWCjuqPOLaXkpbfTzdast77L4aWipbel6y1MLaWwpeulv6XfpfPL4VRFQdK6oaK808uut9a94qWzpempYKWypfOhoqWrpcSl36XspailraW5PGJyPgogICAgP6XqpfOluaO6pbmlxqWipeulyKXqpeKly6WmpeClr6XtpeqlyaGipbCl6qW7peql86Gipaul36XEpeylqKWtpbk8YnI+CiAgICA8YnI+CiAgICCh9sTayN3Bv6O6NTBtbDxicj4KICAgIDxicj4KICAgIKH21K2uYrn6o7rI1bG+oaE8YnI+CiAgICA8YnI+CjwvdGQ+CiAgPC90cj4KPC90YWJsZT4KPHA+PGJyPgo8YnI+Cjxicj4KPC9wPgrD9LjQvKGhoqWipeyl66WuqWDM5dl8oaLGpMR3pM7I9aSk19PP8qSxpM6kyKSzpMik84OepLekpKW3peOl86XXqWCjpqXqpfOluaGj19PIrqGi19PDqKTLpOLKuaSopN6kuaTOpMehoqXvpa+lwaXz4eGkzqGxpM+kuKThpMakzqW3peOl86XXqWChsaTLpOKkqoThpOGkx6S5oaM8YnI+Cjxicj4KofHM2Mripb+l87DX2Xyl3qXqpfOls6XpqWClsqXzUC5QLlQuxeS6z6GjPGJyPgqh8cj1y+HQ1KOocEg1x7Dh4aOpoaKfb8/jwc+horeotqjJq8vYn2/F5LrPhEm3vaGjPGJyPgqh8dfus/WkziCkqtSHpLcgpMux48D7pMo1MG1spdylyKXroaM8YnI+Cjxicj4KmrDI1aTHpOKwstDEpLekxsq5pKik66TkpLWkt6S1pMekuaGjPGJyPgo8YnI+Cjxicj4KPGJyPgqh9qW5qWCl0algpcqlwaXlpeml6yClt6XjpfOl16lgPGJyPgqkraThvJqkq6TKpOSktaS3pKTF3aTHpLmkrKGixd3BoqTBpM7J2aTKpKSlv6WkpdekzqW3peOl86XXqWCkx6S5oaM8YnI+CrGjyqqzybfWpKyhoses1O+8oaTLpKak66SqpKSk8tPrpKihoryhpPKkt6TDpMik6rGjpMGhoqTVpLE/pKuk5qTfpPKkt6S6pOGk3qS5oaM8YnI+Crv5sb61xKTLpM/UrdK6yrnTw6THpLmkrKGipbOl86XHpaOlt6XnpfOky7rPpO+ku6TGMrG2s8y2yKTLz6Phi6Tiv8nE3KTHpLmhozxicj4Kpb2l1aXIpMvC5KTBpMSkpKS/z7SkpMnPpKyk6qTPoaKluaXgqWCluT+ls6lgpcikzqXvpfOkwaTjpPOky6TiusPUdaTHpLmhozxicj4KyPXL4dDUpMe8oaTLg56kt6SkhEm3vaTHpLmjqKH5paKl66WrperQ1KW3peOl86XXqWCkz8+0m7fBpqSsj4qkpKTipM6kzqGivKGk2KTOtMy8pKTij4qkr6TKpMOkxqSkpN6kuaOpPGJyPgo8YnI+Cjxicj4KPGJyPgqh9qW5qWCl0algpcqlwaXlpeml6yCl6qXzpbk8YnI+CqXppdWloaXzpbepYKW6IKW5qWCl0algpcqlwaXlpeml6yClt6XjpfOl16lgpMiB46S7pMaktMq508Okr6TApLWkpKGjPGJyPgrP4IFchL+5+6THsaPKqrPJt9akrMes1O+8oaTL0ruM06SmpOukqqSkpPLT66SooaKk1aSxP6SrpOak36TypLekuqThpN6kuaGjPGJyPgrGpKXVpM6C+6TfpKyk0qTJpKSI9rrPpM+hoqS5pLmkrqTOlXLpZ6Tytsykr6S3oaLGpKXVpM7Yk7WjpPLdWKSvpLekxqSipLKk66S/pOGhoqTMpOuk3pyrpMcxMLG2s8y2yKTLpN6kx8+j4YvCyqTyyc+ksqS/oaKkpqS5pKSl6qXzpbmk8sq508Okt6TepLmhozxicj4KpL+kwKS3oaKkuaS5pK6kz6TkpLWkt6SvoaKkxqSkpM2kpKTLpLek3qS5oaM8YnI+Cjxicj4KPGJyPgo8YnI+CqSzpPOkytfTpMukqoThpOGkx6S5Pzxicj4KofHD9LjQvKGhoqWipcil1KlgvKGhoqWipeyl66WuqWC8oaTO19Okyzxicj4KofHX08iuoaLX08OopM6kz6S4pOGkxqTOpbel46XzpdepYKOmpeql86W5pMs8YnI+CqHxtszDq7dOoaKluaXgqWCluaWzqWClyKTOpe+l86TBpOOk86TLPGJyPgo8YnI+Cjxicj4KofkgxL+k5L/apMvI66TppMqkpKTopKbXotLipLekxqSvpMCktaSkoaMgzfLSu8S/pMvI66TDpMakt6TepMOkv4j2us+hoqS5pLCky8uupMfPtKSkwfekt6TGpK+kwKS1pKShozxicj4KofkgzNiukMzl2Xy1yKTHpKq8oaTLpKKk76TKpKSI9rrPpM+hoqS0yrnTw6Tyv9ikqKTGpK+kwKS1pKShozxicj4KofkgyrnTw+HhpM+lraXjpcOl16TypK2kwaTDpMi+hqThoaLX07mppM7K1qTOveykq6TKpKSkyKSzpO2hoqTKpKqkq6TEwOSwtcv5pMuxozxicj4KPGJyPgo8YnI+Cjxicj4KofazybfWPGJyPgo/pbel46XzpdepYKO6o84tpeSlt9PN1qy3vsvhpaKlt6XrLUwtpbCl66W/pd+l88vhVEVB0rqhorzTy6631r3ipbOl6algpbKl86GipaulxKXfpeylqKWtpbk8YnI+Cj+l6qXzpbmjuqW5pcaloqXrpcil6qXipculpqXgpa+l7aXqpcmhoqWwpeqlu6XqpfOhoqWrpd+lxKXspailraW5PGJyPgqh9sTayN3Bv6O6NTBtbDxicj4KofbUra5iufqjusjVsb48dGFibGUgd2lkdGg9IjUwMCI+PHRyPjx0ZD4KCjwhLS0KPHN0eWxlIHR5cGU9InRleHQvY3NzIj4gCmJvZHl7IAogICAgIGJhY2tncm91bmQtaW1hZ2U6dXJsKGh0dHA6Ly9pbWFnZS5yYWt1dGVuLmNvLmpwL3NraXBkb2cvY2FiaW5ldC90b3B5b3UvYm5yL2ltZzYyODM1MDI0LmdpZik7IAogICAgIGJhY2tncm91bmQtcmVwZWF0OnJlcGVhdC15OyAKICAgICBiYWNrZ3JvdW5kLXBvc2l0aW9uOnJpZ2h0OyAKfSAKPC9zdHlsZT4KLS0+IAoKPC90ZD48L3RyPjwvdGFibGU+,ob7IriClt6XjpfOl16lgIKXqpfOluaG/peml1aWhpfOlt6lgpbogpbmpYKXRqWClyqXBpeWl6aXrIKW3peOl86XXqWCjuqXqpfOluaGhNTBtbCAopcGl76XvIKXapcOlyNPDINfTyK4gyK7Tw6W3peOl86XXqWAgpeql86W5ILXNtMy8pCDD9LjQvKEgpaKl7KXrpa6pYLyhIMj1y+HQ1CmjuqXBpe+l74yf6VS16qW5pa2lw6XXpcmlw6Wwo6E=,pcGl76Xv0fO3/qXJpcOlsKXVqWClyaXepcqpYKXZpeulyKXPqWClzaW5pdmlw6XJpcmpYKXgpdmlw6XJ75XT/dPDxreltaXLpb+l6qlg75XT/dPDxrelwaXvpe+hocrX3YalraXjpeqpYKXQpcOlsKXBpe+l76GhpKqk4qTBpOOlwaXvpe+hoaSqpOSkxKXBpe+l76Ghz6XJd7nHpcGl76XvoaHpdrmdpcGl76XvoaGlt6XjpfOl16lgpcGl76XvoaGb5qTkpLGlwaXvpe+hodHzt/6lwaXvpe+hoevY3YahvsiuIKW3peOl86XXqWAgpeql86W5ob+l6aXVpaGl86W3qWCluiClualgpdGpYKXKpcGl5aXppesgpbel46XzpdepYKO6peql86W5oaE1MG1sICilwaXvpe8gpdqlw6XI08Mg19PIriDIrtPDpbel46XzpdepYCCl6qXzpbkgtc20zLykIMP0uNC8oSCloqXspeulrqlgvKEgyPXL4dDUKQ==,pcGl76XvINfTyK4gyK7TwyClt6XjpfOl16lgIKXqpfOluSDD9LjQIKWipeyl66WuqWAgyPXL4dDUoaOhvsiuIKW3peOl86XXqWAgpeql86W5ob+l6aXVpaGl86W3qWCluiClualgpdGpYKXKpcGl5aXppesgpbel46XzpdepYKO6peql86W5oaE1MG1sICilwaXvpe8gpdqlw6XI08Mg19PIriDIrtPDpbel46XzpdepYCCl6qXzpbkgtc20zLykIMP0uNC8oSCloqXspeulrqlgvKEgyPXL4dDUKQ==[rn]
31-51718,aHR0cDovL3RzaG9wLnIxMHMuanAvcGV0c3Rvd24vY2FiaW5ldC8wMDY4ODE0MC9mLXNoYW1wMDEtaS5qcGc/Zml0aW49NzAwOjcwMA==,NjUyLjAwMDA=,,pdqlw6XIP6XapcOlyKWwpcOluiA+IKXapcOlyNPDpKrK1sjrpOzTw8a3ID4gpbel46XzpdepYD+l6qXzpbkgPiClt6XjpfOl16lg,y2HTw/Why+Glr6Xtpeul2KWtpbeluKXzIKW3peOl86XXqWAyMDBnIMiuw6jTw6G+pdWluKXA0XXLYaG/xqTEdyCxu8OrIM+0m7cgmqK++iDP+7P0ILyavvogpdWlsSDIrtPDxrcgyK4gKKSkpMwgpaSlzCkgpdqlw6XI08PGtyCl2qXDpcgghNPO79PDIMOo08PGt6Ghw6ggKKTNpLMgpc2lsykgy2HTw6W3peOl86XXqWAgtc20zLykoaHEk8ak1qKhotaswqnWog==,xqTEd6TIsbvDq6TOmqK++qTLoaOlr6Xtpeul2KWtpbeluKXzpbel46XzpdepYCCk36TzpMrQpu6G,PHA+PGltZyBzcmM9Imh0dHA6Ly9pbWFnZS5yYWt1dGVuLmNvLmpwL3BldHN0b3duL2NhYmluZXQvMDA2ODgxNDAvZi1zaGFtcF8wMi5qcGciIHdpZHRoPSI3MjAiIGhlaWdodD0iMjAwIj48L3A+CjxwPjxpbWcgc3JjPSJodHRwOi8vaW1hZ2UucmFrdXRlbi5jby5qcC9wZXRzdG93bi9jYWJpbmV0LzAwNjg4MTQwL2Ytc2hhbXAwMS0xLmpwZyIgd2lkdGg9IjcyMCIgaGVpZ2h0PSIyNzciPjwvcD4KPHA+PGltZyBzcmM9Imh0dHA6Ly9pbWFnZS5yYWt1dGVuLmNvLmpwL3BldHN0b3duL2NhYmluZXQvMDA2ODgxNDAvZi1zaGFtcF8wMS5qcGciIHdpZHRoPSI3MjAiIGhlaWdodD0iNDg1Ij48L3A+CjxwPiZuYnNwOzwvcD4KPHRhYmxlIHdpZHRoPSI3MjAiIGNlbGxzcGFjaW5nPSIwIiBjZWxscGFkZGluZz0iMCI+Cjx0cj4KPHRkPjxpbWcgc3JjPSJodHRwOi8vaW1hZ2UucmFrdXRlbi5jby5qcC9wZXRzdG93bi9jYWJpbmV0LzAwNjg4MTQwL2Z1aml0YS16dTEuZ2lmIiB3aWR0aD0iNzIwIiBoZWlnaHQ9IjMwNyIgYm9yZGVyPSIwIiB1c2VtYXA9IiNNYXAiPjwvdGQ+CjwvdHI+Cjx0cj4KPHRkPjxpbWcgc3JjPSJodHRwOi8vaW1hZ2UucmFrdXRlbi5jby5qcC9wZXRzdG93bi9jYWJpbmV0LzAwNjg4MTQwL2Z1aml0YS16dTIuZ2lmIiB3aWR0aD0iNzIwIiBoZWlnaHQ9IjI2OCIgYm9yZGVyPSIwIiB1c2VtYXA9IiNNYXAyIj48L3RkPgo8L3RyPgo8L3RhYmxlPgo8cD4mbmJzcDs8L3A+Cgo8bWFwIG5hbWU9Ik1hcCI+CjxhcmVhIHNoYXBlPSJyZWN0IiBjb29yZHM9IjE3LDg0LDE0NywyNzciIGhyZWY9Imh0dHA6Ly9pdGVtLnJha3V0ZW4uY28uanAvcGV0c3Rvd24vZi1zaGFtcDA0LyI+CjxhcmVhIHNoYXBlPSJyZWN0IiBjb29yZHM9IjQxMSw2Niw1NDIsMjQ1IiBocmVmPSJodHRwOi8vaXRlbS5yYWt1dGVuLmNvLmpwL3BldHN0b3duL2Ytc2hhbXAwNS8iPgo8YXJlYSBzaGFwZT0icmVjdCIgY29vcmRzPSI1ODAsMTAxLDcxMiwyNzciIGhyZWY9Imh0dHA6Ly9pdGVtLnJha3V0ZW4uY28uanAvcGV0c3Rvd24vZi1zaGFtcDAyLyI+CjwvbWFwPgoKPG1hcCBuYW1lPSJNYXAyIj4KPGFyZWEgc2hhcGU9InJlY3QiIGNvb3Jkcz0iMywxNywxMTEsMjA4IiBocmVmPSJodHRwOi8vaXRlbS5yYWt1dGVuLmNvLmpwL3BldHN0b3duL2Ytc2hhbXAwNy8iPgo8YXJlYSBzaGFwZT0icmVjdCIgY29vcmRzPSIxMjgsMTUsMjE1LDE5MiIgaHJlZj0iaHR0cDovL2l0ZW0ucmFrdXRlbi5jby5qcC9wZXRzdG93bi9mLXNoYW1wMDYvIj4KPGFyZWEgc2hhcGU9InJlY3QiIGNvb3Jkcz0iMzc2LDc0LDUyMSwyNzAiIGhyZWY9Imh0dHA6Ly9pdGVtLnJha3V0ZW4uY28uanAvcGV0c3Rvd24vZi1zaGFtcDAzLyI+CjxhcmVhIHNoYXBlPSJyZWN0IiBjb29yZHM9IjUzMyw3NCw2NzUsMjc3IiBocmVmPSJodHRwOi8vaXRlbS5yYWt1dGVuLmNvLmpwL3BldHN0b3duL2Ytc2hhbXAwMS8iPgo8L21hcD4KPGJyPgo8dGFibGUgd2lkdGg9IjMyMCIgYm9yZGVyPSIwIiBjZWxsc3BhY2luZz0iMCIgY2VsbHBhZGRpbmc9IjAiPgo8dHI+Cjx0ZD48aW1nIHNyYz0iaHR0cDovL2ltYWdlLnJha3V0ZW4uY28uanAvcGV0c3Rvd24vY2FiaW5ldC90b3AvaXdfdC5naWYiIHdpZHRoPSIzMjAiIGhlaWdodD0iNTkiPjwvdGQ+CjwvdHI+Cjx0cj4KPHRkIGJhY2tncm91bmQ9Imh0dHA6Ly9pbWFnZS5yYWt1dGVuLmNvLmpwL3BldHN0b3duL2NhYmluZXQvdG9wL2l3X2JnLmdpZiIgc3R5bGU9InBhZGRpbmc6MCA1IDAgNXB4OyI+CjxwPgo8IS0tINVow/eks6SzpKuk6SAtLT4KPGJyIC8+CiCh78zYj9U8YnIgLz4KPGJyIC8+CqHxpbCl6aXg6pbQ1L76pPLW0NDEpMikt6S/jtqkpL+5vvqluaXapa+lyKXrpPKz1qTE9aHL4aWvpe2l66XYpa2lt6W4pfOk8jAuNaOlxeS6zzxiciAvPgo8YnIgLz4KofGbQaTspM7PtJu3oaKk1aSxpM6z/ciloaLSu7DjvJq++qGio7K0zrjQyL6++qTOs/2++qGivJq++tDUxqTEd9HXoaLEk8ak1qKhoses0NTWrMKp1qKkztPoguTPtJu3tcikyzxiciAvPgo8YnIgLz4gCqHxtc20zLykhEm3vTxiciAvPgo8YnIgLz4KofGls6Xzpcelo6W3peely6XzpbCzybfWo6ixo8qqhIijqcXkus+hozwvcD4KPHA+Jm5ic3A7PC9wPgo8dGFibGUgYm9yZGVyPSIwIiBjZWxscGFkZGluZz0iMCIgY2VsbHNwYWNpbmc9IjAiPjx0cj48dGQgYmdjb2xvcj0iIzY2NjY2NiI+Cjx0YWJsZSB3aWR0aD0iMzEwIiBib3JkZXI9IjAiIGNlbGxzcGFjaW5nPSIxIiBjZWxscGFkZGluZz0iNCI+Cjx0cj4KPHRkIHdpZHRoPSIzMyUiIGFsaWduPSJsZWZ0IiBiZ2NvbG9yPSIjRkVFMzAwIj6zybfWPC90ZD4KPHRkIHdpZHRoPSI2NyUiIGJnY29sb3I9IiNmZmZmZmYiPgo8IS0tpLOks6TLy9iyxCAtLT4K9aHL4aWvpe2l66XYpa2lt6W4pfOhoTAuNaOlPC90ZD4KPC90cj4KPHRyPgo8dGQgYWxpZ249ImxlZnQiIGJnY29sb3I9IiNGRUUzMDAiPoS/xNw/hL+5+zwvdGQ+Cjx0ZCBiZ2NvbG9yPSIjZmZmZmZmIj4KPCEtLaSzpLOky6W1paSluiAtLT4gyK6hosOopM7GpMR3P7G7w6ukzs+0m7e8sKTTmqK++s/7s/Showo8L3RkPgo8L3RyPgo8dHI+Cjx0ZCBhbGlnbj0ibGVmdCIgYmdjb2xvcj0iI0ZFRTMwMCI+xNrI3cG/PC90ZD4KPHRkIGJnY29sb3I9IiNmZmZmZmYiPjIwMGc8L3RkPgo8L3RyPgo8dHI+Cjx0ZCBhbGlnbj0ibGVmdCIgYmdjb2xvcj0iI0ZFRTMwMCI+pLTXotLiPC90ZD4KPHRkIGJnY29sb3I9IiNmZmZmZmYiPgo8IS0tpLOks6TLpLTXotLiIC0tPgql4qXLpb+pYKTOsGvJq6TOvt+6z6TLpOikw6TGjGfrSKTOpOKkzqTIyaukrK6QpMqk64j2us+krKS0pLakpKTepLmho9PopOGktMHLs9Ckr6TApLWkpKGjCjwvdGQ+CjwvdHI+CjwvdGFibGU+CjwvdGQ+PC90cj48L3RhYmxlPgo8L3RkPgo8L3RyPgo8dHI+Cjx0ZCBoZWlnaHQ9IjIyIj48aW1nIHNyYz0iaHR0cDovL2ltYWdlLnJha3V0ZW4uY28uanAvcGV0c3Rvd24vY2FiaW5ldC90b3AvaXdfYnRtLmdpZiIgd2lkdGg9IjMyMCIgaGVpZ2h0PSIyMiI+PC90ZD4KPC90cj4KPC90YWJsZT48YnI+PHRhYmxlIHdpZHRoPSI3MjAiPgo8dHI+Cjx0ZCBjb2xzcGFuPSIyIj4KCjxpbWcgc3JjPSJodHRwOi8vaW1hZ2UucmFrdXRlbi5jby5qcC9wZXRzdG93bi9jYWJpbmV0L3RvcC8wNDEyNTMwOS9jb29sbWF0XzMuanBnIiB3aWR0aD0iNzIwIiBoZWlnaHQ9IjgwIj4KPC90ZD4KPC90cj4KPHRyPgo8dGQgY29sc3Bhbj0iMiI+Cgo8aW1nIHNyYz0iaHR0cDovL2ltYWdlLnJha3V0ZW4uY28uanAvcGV0c3Rvd24vY2FiaW5ldC90b3AvMDQxMjUzMDkvdXJpdHVrdXNpXzEuanBnIiB3aWR0aD0iNzIwIiBoZWlnaHQ9IjgwIj4KPC90ZD4KPC90cj4KPHRyPgo8dGQgY29sc3Bhbj0iMiI+Cgo8aW1nIHNyYz0iaHR0cDovL2ltYWdlLnJha3V0ZW4uY28uanAvcGV0c3Rvd24vY2FiaW5ldC90b3AvMDQxMjUzMDkvdXJpdHVrdXNpXzIuanBnIiB3aWR0aD0iNzIwIiBoZWlnaHQ9IjgwIj4KPC90ZD4KPC90cj4KPHRyPgo8dGQgY29sc3Bhbj0iMiI+Cgo8aW1nIHNyYz0iaHR0cDovL2ltYWdlLnJha3V0ZW4uY28uanAvcGV0c3Rvd24vY2FiaW5ldC90b3AvMDQxMjUzMDkvdXJpdHVrdXNpXzMuanBnIiB3aWR0aD0iNzIwIiBoZWlnaHQ9IjgwIj4KPC90ZD4KPC90cj4KPHRyPgo8dGQgY29sc3Bhbj0iMiI+Cgo8aW1nIHNyYz0iaHR0cDovL2ltYWdlLnJha3V0ZW4uY28uanAvcGV0c3Rvd24vY2FiaW5ldC90b3AvMDQxMjUzMDkvcGxhY2VudGFfNzIwLmdpZiIgd2lkdGg9IjcyMCIgaGVpZ2h0PSI4MCI+CjwvdGQ+CjwvdHI+CjwhLS0KPHRyPgo8dGg+PGltZyBzcmM9Imh0dHA6Ly9pbWFnZS5yYWt1dGVuLmNvLmpwL3BldHN0b3duL2NhYmluZXQvdG9wLzA0MTI1MzA5L2luYWJhX2Jhbm5lcl9ndXJ1bWUuanBnIiB3aWR0aD0iMzUwIiBoZWlnaHQ9IjgwIj48L3RoPgo8dGg+PGltZyBzcmM9Imh0dHA6Ly9pbWFnZS5yYWt1dGVuLmNvLmpwL3BldHN0b3duL2NhYmluZXQvdG9wLzA0MTI1MzA5L2luYWJhX2Jhbm5lcl9wb24uanBnIiB3aWR0aD0iMzUwIiBoZWlnaHQ9IjgwIj48L3RoPgo8L3RyPgo8dHI+Cjx0aD48aW1nIHNyYz0iaHR0cDovL2ltYWdlLnJha3V0ZW4uY28uanAvcGV0c3Rvd24vY2FiaW5ldC8wMDY1MzcyNy9jaWFvZGlubmVyXzM1MC5qcGciIHdpZHRoPSIzNTAiIGhlaWdodD0iODAiPjwvdGg+Cjx0aD48aW1nIHNyYz0iaHR0cDovL2ltYWdlLnJha3V0ZW4uY28uanAvcGV0c3Rvd24vY2FiaW5ldC8wMDY1MzcyNy9taWxreWNodXJ1XzM1MC5qcGciIHdpZHRoPSIzNTAiIGhlaWdodD0iODAiPjwvdGg+CjwvdHI+Cjx0cj4KPHRoPjxpbWcgc3JjPSJodHRwOi8vaW1hZ2UucmFrdXRlbi5jby5qcC9wZXRzdG93bi9jYWJpbmV0L3RvcC8wNDEyNTMwOS9kZWNhMi5qcGciIHdpZHRoPSIzNTAiIGhlaWdodD0iODAiPjwvdGg+Cjx0aD48aW1nIHNyYz0iaHR0cDovL2ltYWdlLnJha3V0ZW4uY28uanAvcGV0c3Rvd24vY2FiaW5ldC90b3AvMDQxMjUzMDkvY2F0d2FsazIuanBnIiB3aWR0aD0iMzUwIiBoZWlnaHQ9IjgwIj48L3RoPgo8L3RyPi0tPgo8L3RhYmxlPg==,y2HTw/Why+Glr6Xtpeul2KWtpbeluKXzIKW3peOl86XXqWAyMDBnIMiuw6jTw6G+pdWluKXA0XXLYaG/xqTEdyCxu8OrIM+0m7cgmqK++iDP+7P0ILyavvogpdWlsSDIrtPDxrcgyK4gKKSkpMwgpaSlzCkgpdqlw6XI08PGtyCl2qXDpcgghNPO79PDIMOo08PGt6Ghw6ggKKTNpLMgpc2lsykgy2HTw6W3peOl86XXqWAgtc20zLykoaHEk8ak1qKhotaswqnWoqO6pN+k86TK0Kbuhg==,yK6l2qXDpcilt6XjpfOl16lgzajYnKWtpeOlw6XIpb+l76lgpbWl16XqpeGl86XIw6ilsKXDpbql16Xppbul86W/pbWl16Xqpdqlw6XI08PGt9K9y2HGt6WtpeOlw6XIIKWmpampYKWv8ESlraXjpcOlyMiuoaGlsKXDpbql2qXDpcilsKXDpbqlyaXDpbCl3qXppbul1qW3peOl86XXqWCE087v08PSvcthxrek36TzpMrQpu6Gy2HTw/Why+Glr6Xtpeul2KWtpbeluKXzIKW3peOl86XXqWAyMDBnIMiuw6jTw6G+pdWluKXA0XXLYaG/xqTEdyCxu8OrIM+0m7cgmqK++iDP+7P0ILyavvogpdWlsSDIrtPDxrcgyK4gKKSkpMwgpaSlzCkgpdqlw6XI08PGtyCl2qXDpcgghNPO79PDIMOo08PGt6Ghw6ggKKTNpLMgpc2lsykgy2HTw6W3peOl86XXqWAgtc20zLykoaHEk8ak1qKhotaswqnWog==,xqTEd6TIsbvDq6TOmqK++qTLoaOlr6Xtpeul2KWtpbeluKXzpbel46XzpdepYCCk36TzpMrQpu6GoaPLYdPD9aHL4aWvpe2l66XYpa2lt6W4pfMgpbel46XzpdepYDIwMGcgyK7DqNPDob6l1aW4pcDRdcthob/GpMR3ILG7w6sgz7SbtyCaor76IM/7s/QgvJq++iCl1aWxIMiu08PGtyDIriAopKSkzCClpKXMKSCl2qXDpcjTw8a3IKXapcOlyCCE087v08Mgw6jTw8a3oaHDqCAopM2ksyClzaWzKSDLYdPDpbel46XzpdepYCC1zbTMvKShocSTxqTWoqGi1qzCqdai[rn]
31-51719,aHR0cDovL3RzaG9wLnIxMHMuanAvcGV0c3Rvd24vY2FiaW5ldC9tZWRpL2ltZzU5MjI5NDUxLmpwZz9maXRpbj03MDA6NzAw,MTI1Ni44MDAw,,pdqlw6XIP6XapcOlyKWwpcOluiA+IKXapcOlyNPDpKrK1sjrpOzTw8a3ID4gpbel46XzpdepYD+l6qXzpbkgPiClt6XjpfOl16lg,ob7IrsOoIMth08Olt6XjpfOl16lgob8gpc6l66XQpbWl86W3peOl86XXqWAgMjAwbWwgqpXSvY6fhEm3vdPDoaEohNPO79PD0r3LYca3KSDIrtPDxrcgyK4gKKSkpMwgpaSlzCkgw6jTw8a3IMOoICikzaSzIKXNpbMpIKXapcOlyNPDxrcgpdqlw6XIIITTzu/TwyDGpMR3ILG7w6sgz7SbtyCaor76IM/7s/Qgv7m++iC1zbTMvKQgpa2l6qWrpfMgpa+l7aXrpdilraW3pbil8/Why+GJYw==,yK7DqCDLYdPDpbel46XzpdepYCDGpMR3ILG7w6sgz7SbtyCaor76IKTfpPOkytCm7oY=,PHRhYmxlIHdpZHRoPSIzMjAiIGJvcmRlcj0iMCIgY2VsbHNwYWNpbmc9IjAiIGNlbGxwYWRkaW5nPSIwIj4KPHRyPgo8dGQ+PGltZyBzcmM9Imh0dHA6Ly9pbWFnZS5yYWt1dGVuLmNvLmpwL3BldHN0b3duL2NhYmluZXQvdG9wL2l3X3QuZ2lmIiB3aWR0aD0iMzIwIiBoZWlnaHQ9IjU5Ij48L3RkPgo8L3RyPgo8dHI+Cjx0ZCBiYWNrZ3JvdW5kPSJodHRwOi8vaW1hZ2UucmFrdXRlbi5jby5qcC9wZXRzdG93bi9jYWJpbmV0L3RvcC9pd19iZy5naWYiIHN0eWxlPSJwYWRkaW5nOjAgNSAwIDVweDsiPgo8IS0tINVow/eks6SzpKuk6SAtLT4KPGJyPgrLYdPDpbmlraXzpbGloqW3peOl86XXqWCho4OepOykv5qivvqhos/7s/SEv7n7pMfGpMR3pPLH5Z2NpMuxo6TBpcel6qWxqWClyKTKxqTEd6TypOSktaS3pK/PtKSkpN6kuaGjpbOl86XHpaOlt6XnpcqpYMXkus+kx6TVpPOk76TqpMqk4aTppKukysrLyc+krKTqoaPGpMR3pMudmaSkpPLT66SopN6kuaGjCgoKCgoKPGJyPgo8IS0tINVow/eks6SzpN6kxyAtLT48YnI+Cgo8dGFibGUgYm9yZGVyPSIwIiBjZWxscGFkZGluZz0iMCIgY2VsbHNwYWNpbmc9IjAiPjx0cj48dGQgYmdjb2xvcj0iIzY2NjY2NiI+Cjx0YWJsZSB3aWR0aD0iMzEwIiBib3JkZXI9IjAiIGNlbGxzcGFjaW5nPSIxIiBjZWxscGFkZGluZz0iNCI+Cjx0cj4KPHRkIHdpZHRoPSIyNSUiIGFsaWduPSJsZWZ0IiBiZ2NvbG9yPSIjRkVFMzAwIj6zybfWPC90ZD4KPHRkIHdpZHRoPSI3NSUiIGJnY29sb3I9IiNmZmZmZmYiPgo8IS0tpLOks6TLs8m31iAtLT4Kpa+l7aXrpdilraW3pbil8/Why+GJYzxicj4KCjwvdGQ+CjwvdHI+Cjx0cj4KPHRkIGFsaWduPSJsZWZ0IiBiZ2NvbG9yPSIjRkVFMzAwIj7E2sjdwb88L3RkPgo8dGQgYmdjb2xvcj0iI2ZmZmZmZiI+CjwhLS2ks6SzpMvE2sjdwb8gLS0+CjIwMG1sPC90ZD4KPC90cj4KPHRyPgo8dGQgYWxpZ249ImxlZnQiIGJnY29sb3I9IiNGRUUzMDAiPqS016LS4jwvdGQ+Cjx0ZCBiZ2NvbG9yPSIjZmZmZmZmIj4KPCEtLaSzpLOky6S016LS4iAtLT4KpeKly6W/qWCkzrBryaukzr7fus+ky6TopMOkxoxn60ikzqTipM6kyMmrpKyukKTKpOuI9rrPpKyktKS2pKSk3qS5oaPT6KThpLTBy7PQpK+kwKS1pKShowo8L3RkPgo8L3RyPgo8L3RhYmxlPgo8L3RkPjwvdHI+PC90YWJsZT4KPC90ZD4KPC90cj4KPHRyPgo8dGQgaGVpZ2h0PSIyMiI+PGltZyBzcmM9Imh0dHA6Ly9pbWFnZS5yYWt1dGVuLmNvLmpwL3BldHN0b3duL2NhYmluZXQvdG9wL2l3X2J0bS5naWYiIHdpZHRoPSIzMjAiIGhlaWdodD0iMjIiPjwvdGQ+CjwvdHI+CjwvdGFibGU+PHRhYmxlIHdpZHRoPSI3MjAiPgo8dHI+Cjx0ZCBjb2xzcGFuPSIyIj4KCjxpbWcgc3JjPSJodHRwOi8vaW1hZ2UucmFrdXRlbi5jby5qcC9wZXRzdG93bi9jYWJpbmV0L3RvcC8wNDEyNTMwOS9jb29sbWF0XzMuanBnIiB3aWR0aD0iNzIwIiBoZWlnaHQ9IjgwIj4KPC90ZD4KPC90cj4KPHRyPgo8dGQgY29sc3Bhbj0iMiI+Cgo8aW1nIHNyYz0iaHR0cDovL2ltYWdlLnJha3V0ZW4uY28uanAvcGV0c3Rvd24vY2FiaW5ldC90b3AvMDQxMjUzMDkvdXJpdHVrdXNpXzEuanBnIiB3aWR0aD0iNzIwIiBoZWlnaHQ9IjgwIj4KPC90ZD4KPC90cj4KPHRyPgo8dGQgY29sc3Bhbj0iMiI+Cgo8aW1nIHNyYz0iaHR0cDovL2ltYWdlLnJha3V0ZW4uY28uanAvcGV0c3Rvd24vY2FiaW5ldC90b3AvMDQxMjUzMDkvdXJpdHVrdXNpXzIuanBnIiB3aWR0aD0iNzIwIiBoZWlnaHQ9IjgwIj4KPC90ZD4KPC90cj4KPHRyPgo8dGQgY29sc3Bhbj0iMiI+Cgo8aW1nIHNyYz0iaHR0cDovL2ltYWdlLnJha3V0ZW4uY28uanAvcGV0c3Rvd24vY2FiaW5ldC90b3AvMDQxMjUzMDkvdXJpdHVrdXNpXzMuanBnIiB3aWR0aD0iNzIwIiBoZWlnaHQ9IjgwIj4KPC90ZD4KPC90cj4KPHRyPgo8dGQgY29sc3Bhbj0iMiI+Cgo8aW1nIHNyYz0iaHR0cDovL2ltYWdlLnJha3V0ZW4uY28uanAvcGV0c3Rvd24vY2FiaW5ldC90b3AvMDQxMjUzMDkvcGxhY2VudGFfNzIwLmdpZiIgd2lkdGg9IjcyMCIgaGVpZ2h0PSI4MCI+CjwvdGQ+CjwvdHI+CjwhLS0KPHRyPgo8dGg+PGltZyBzcmM9Imh0dHA6Ly9pbWFnZS5yYWt1dGVuLmNvLmpwL3BldHN0b3duL2NhYmluZXQvdG9wLzA0MTI1MzA5L2luYWJhX2Jhbm5lcl9ndXJ1bWUuanBnIiB3aWR0aD0iMzUwIiBoZWlnaHQ9IjgwIj48L3RoPgo8dGg+PGltZyBzcmM9Imh0dHA6Ly9pbWFnZS5yYWt1dGVuLmNvLmpwL3BldHN0b3duL2NhYmluZXQvdG9wLzA0MTI1MzA5L2luYWJhX2Jhbm5lcl9wb24uanBnIiB3aWR0aD0iMzUwIiBoZWlnaHQ9IjgwIj48L3RoPgo8L3RyPgo8dHI+Cjx0aD48aW1nIHNyYz0iaHR0cDovL2ltYWdlLnJha3V0ZW4uY28uanAvcGV0c3Rvd24vY2FiaW5ldC8wMDY1MzcyNy9jaWFvZGlubmVyXzM1MC5qcGciIHdpZHRoPSIzNTAiIGhlaWdodD0iODAiPjwvdGg+Cjx0aD48aW1nIHNyYz0iaHR0cDovL2ltYWdlLnJha3V0ZW4uY28uanAvcGV0c3Rvd24vY2FiaW5ldC8wMDY1MzcyNy9taWxreWNodXJ1XzM1MC5qcGciIHdpZHRoPSIzNTAiIGhlaWdodD0iODAiPjwvdGg+CjwvdHI+Cjx0cj4KPHRoPjxpbWcgc3JjPSJodHRwOi8vaW1hZ2UucmFrdXRlbi5jby5qcC9wZXRzdG93bi9jYWJpbmV0L3RvcC8wNDEyNTMwOS9kZWNhMi5qcGciIHdpZHRoPSIzNTAiIGhlaWdodD0iODAiPjwvdGg+Cjx0aD48aW1nIHNyYz0iaHR0cDovL2ltYWdlLnJha3V0ZW4uY28uanAvcGV0c3Rvd24vY2FiaW5ldC90b3AvMDQxMjUzMDkvY2F0d2FsazIuanBnIiB3aWR0aD0iMzUwIiBoZWlnaHQ9IjgwIj48L3RoPgo8L3RyPi0tPgo8L3RhYmxlPg==,ob7IrsOoIMth08Olt6XjpfOl16lgob8gpc6l66XQpbWl86W3peOl86XXqWAgMjAwbWwgqpXSvY6fhEm3vdPDoaEohNPO79PD0r3LYca3KSDIrtPDxrcgyK4gKKSkpMwgpaSlzCkgw6jTw8a3IMOoICikzaSzIKXNpbMpIKXapcOlyNPDxrcgpdqlw6XIIITTzu/TwyDGpMR3ILG7w6sgz7SbtyCaor76IM/7s/Qgv7m++iC1zbTMvKQgpa2l6qWrpfMgpa+l7aXrpdilraW3pbil8/Why+GJY6O6pN+k86TK0Kbuhg==,yK6l2qXDpcilt6XjpfOl16lgzajYnKWtpeOlw6XIpb+l76lgpbWl16XqpeGl86XIw6ilsKXDpbql16Xppbul86W/pbWl16Xqpdqlw6XI08PGt9K9y2HGt6WtpeOlw6XIIKWmpampYKWv8ESlraXjpcOlyMiuoaGlsKXDpbql2qXDpcilsKXDpbqlyaXDpbCl3qXppbul1qW3peOl86XXqWCE087v08PSvcthxrek36TzpMrQpu6Gob7IrsOoIMth08Olt6XjpfOl16lgob8gpc6l66XQpbWl86W3peOl86XXqWAgMjAwbWwgqpXSvY6fhEm3vdPDoaEohNPO79PD0r3LYca3KSDIrtPDxrcgyK4gKKSkpMwgpaSlzCkgw6jTw8a3IMOoICikzaSzIKXNpbMpIKXapcOlyNPDxrcgpdqlw6XIIITTzu/TwyDGpMR3ILG7w6sgz7SbtyCaor76IM/7s/Qgv7m++iC1zbTMvKQgpa2l6qWrpfMgpa+l7aXrpdilraW3pbil8/Why+GJYw==,yK7DqCDLYdPDpbel46XzpdepYCDGpMR3ILG7w6sgz7SbtyCaor76IKTfpPOkytCm7oaho6G+yK7DqCDLYdPDpbel46XzpdepYKG/IKXOpeul0KW1pfOlt6XjpfOl16lgIDIwMG1sIKqV0r2On4RJt73Tw6GhKITTzu/Tw9K9y2HGtykgyK7Tw8a3IMiuICikpKTMIKWkpcwpIMOo08PGtyDDqCAopM2ksyClzaWzKSCl2qXDpcjTw8a3IKXapcOlyCCE087v08MgxqTEdyCxu8OrIM+0m7cgmqK++iDP+7P0IL+5vvogtc20zLykIKWtpeqlq6XzIKWvpe2l66XYpa2lt6W4pfP1ocvhiWM=[rn]
31-51720,aHR0cDovL3RzaG9wLnIxMHMuanAvZG91YnV0c3Vub3RhbWUvY2FiaW5ldC9pbWc1OTgxODU4Mi5qcGc/Zml0aW49NzAwOjcwMA==,NDA2NC4wMDAw,,pdqlw6XIP6XapcOlyKWwpcOluiA+IKXapcOlyNPDpKrK1sjrpOzTw8a3ID4gpbel46XzpdepYD+l6qXzpbkgPiClt6XjpfOl16lg,ob6h76O9y83Bz59vwc+jvaHvob+hvqWqqWClxKW5pd2lw6XIpdWlqalgpeChoaOyo7CjsKPto+yhwaOzsb6hv8iuw6ihvqXspdOl5aTylfikpKTGoaK0zrvYpOKl3aWkpfOlyKOysbajoaG/IKWqqWClxKGhpbml3aXDpcil1aWpqWCl4KGhob5SQ1ChvzAyUDA1Tm92MTYgIDAyUDE0Tm92MTYgMDJQMjdOb3YxNiAwMlAwM0RlYzE2IDAyUDE3RGVjMTY=,y83Bz59vwc+joaG+paqpYKXEpbml3aXDpcil1aWpqWCl4KGho7KjsKOwo+2j7CZ0aW1lczujs7G+ob/IrsOo,PDyqldK9jp+kq6Tp0rvR1D4+PGJyPgqlt6XjpfOl16lgpPKk3qThpMuz9sC0pMqkpLe9pMukz7G+tbGky6SkpKTJzMa3pMekuaTNoavI1aGppM6lsaWipMukz9K70bqkt6OhhNPO77Kh1LrE2qTHpOKk6KSvyrmkpKTepLmjoTxicj48IS0tsGvLzaW5pdqlr6W/pa+l66SzpLOkq6TpLS0+CjxkaXYgc3R5bGU9IndpZHRoOjI0MHB4OyI+Cgo8YnI+Cgo8cCBzdHlsZT0iY29sb3I6IzMwYzsgZm9udC1zaXplOjEzcHg7IHBhZGRpbmc6MDsgbWFyZ2luOjA7Ij6h/Mr9wb+ky8/epOqkrKS0pLakpKTepLk8L3A+CjwvZGl2Pgo8IS0tsGvLzaW5pdqlr6W/pa+l66SzpLOk3qTHLS0+Cjxicj4KPGJyPgqE087v08Olx6WkpeqpYKWxpaI8YnI+CqGhpdqlw6XIpM6a3aTLpMqk65qwyNWkzptBpOyk8rP9vvqkt6TKpKyk6cLkpMikt6GixqTEd6TksbvDq6TyvaGk5KSrpMuxo6TEoaK0zLykpKzJ2aTKpKS6hoVnpMqk1aStpMik6qXVpampYKXgo6jF3aOppMekuaGjPGJyPgqhoSCh+bP9vvqkz6GijJ3P87Htw+akzr76pPKccMnZpLWku6TrpLOkyKTypKSkpKGipLmk2aTGpM6++qTys/2kr6SzpMikx6TPpKKk6qTepLuk86GjPGJyPgogzNjpTDxicj4KIKHwpMGk56TDpMikt6S/mt2ky6TKpOubQaTspMs8YnI+CqGhpKrJoppppOTFxdC54eGkzprdpMukyqTrm0Gk7KS/sr/Ou6TLoaKl1aWpqWCl4KOoxd2jqaTypMqkuKTepLvKw6StyKGk66TApLGkx5tBpOyk8sLkpMikuaSzpMikrKTHpK2k3qS5oaMKoaHLrqTyyrmk76TKpKSkzqTHytbdWKTLyrnTw6THpK2k3qS5oaM8YnI+CqHwg56k7KS/saPKqtDUPGJyPgqhodayzu+z6bP2s8m31qTkpaKl36XOy+GkyqTJpM6xo8qqs8m31qSsoaLGpMR3pOSxu8OrpM6dmaSkpPKxo6TBpN6kuaGjPGJyPgqh8LP9vvqzybfWxeS6zzxicj4KoaGlsKXrpbOl88vhpa+l7aXrpdilraW3pbil86TyxeS6z6S3pMakqqTqoaLGpMR3pOSxu8OrpPLH5Z2NpMuxo6TBpN6kuaGjPGJyPiAKPGJyPgrKudPDt723qDxicj4Ko6jVaMP3o6kg323Bv6TOpdWlqalgpeCjqMXdo6mk8smimmnh4aTOytbX46GixcXQueHhpM6bQaTspL+yv867pMqkyaTLiVSk6qGiIAqk6KSvpMqkuKTepLukxqSrpOmlv6Wqpes/pcalo6XDpbel5bXIpMekt6TDpKuk6srDpK3IoaTDpMakr6TApLWkpKGjPGJyPgo8YnI+IAqzybfWP7fWwb88YnI+CqWqqWClxKWipdmlyqXzpbml6aXepaSlyQqlsKXrpbOl88vhpa+l7aXrpdilraW3pbil8wrUwszSyH6lqKWtpbkKpaqlpqXQpa+lqKWtpbkKpeml2aXzpcCpYKWopa2luQqy6Mh+pailraW5CqW7paSl6KWmpc+lw6WryH6lqKWtpbkKpaKl36XOy+EgPGJyPgo8YnI+Csq508PJz6TO16LS4jxicj4KP7G+xrekz6qV0r2On6TO1riMp6TOz8Kkx8q508Okt6TGz8KktaSkoaMKP4TTzu+ky8akxHe8sru8pM6koqTriPa6z6TPoaKxvsa3pPLKudPDpLmk68ewpMuqldK9jp+ky8/g1YTPwqS1pKShowo/hNPO76TO1bPEpMPmpMukz8q508Okt6TKpKSkx8/CpLWkpKGjCj/KudPD1d+kzsakxHek5ITTzu+kzsakxHeky7PgpN8/pKuk5qTfoaKk3qS/hNPO76TOsbvDq6TLrpCzo6SsrEak7KS/iPa6z6TPCqGh1rGkwaTLyrnTw6Ty1tDWuaS30r2On6TepL+kz6qV0r2On6TO1Fyy7KTyytyksaTGpK+kwKS1pKShowo/yrnTw9XfpMvKqtXuP8akxHfR17XIpKykoqTriPa6z6TPkJm7r6S1pLuk67/WpOykrKSipOqk3qS5pM6kx8q508Okt6TKpKSkx6SvpMCktaSkoaMKP7G+xrekrMjLpOSE087vpM7Ev6TLyOuk6aTKpKSk6KSmpMvXotLipLekxqSvpMCktaSkoaMKoaHN8tK7oaLEv6TLyOukw6S/lXKkz6Gi1rGkwaTLy66kx8+0pKTB96S3oaLSvY6fpN6kv6TPqpXSvY6fpM7UXLLspPKhocrcpLGkxs/CpLWkpKGjCj/Iy6TkhNPO76Sssb7Gt6Ty1WDvi6S3pMqkpKTopKaky9ei0uKkt6TGz8KktaSkoaMKoaHN8tK7oaLVYO+LpLekv4j2us+kz6Gi0r2On6TepL+kz6qV0r2On6TO1Fyy7KTyytyksaTGz8KktaSkoaMgCj+xvsa3pM/QoYO5pM7K1qTOveykq6TKpKSkyKSzpO2ky7Gjudykt6TGz8KktaSkoaMKP7G+xrekz9axyeTI1bnioaK4387CoaK24MqqpPKx3KSxpMaxo7ncpLekxs/CpLWkpKGjCj/Gt9l8pPKxo7PWpLmk66S/pOGhosjdxvfE2qTLy66krMjrpOmkyqSkpOikpqTL16LS4qS3pMbPwqS1pKShowo/pdylyKXrpPLE5qS1pMukt6S/pOqhotXxpMOkv6TqpLekxsq508Ok8qS3pMqkpKTHpK+kwKS1pKShowqhoaXVpampYKXgpKyz9qTLpK+kpIj2us+kz6Gipc6luqXrpPLK/bvYpdelw6W3peWkt6TGyrnTw6S3pMbPwqS1pKShozwhLS2wa8vNpbml2qWvpb+lr6XrpLOks6SrpOktLT4KPGRpdiBzdHlsZT0id2lkdGg6MjQwcHg7Ij4KPGJyPgo8cCBzdHlsZT0iY29sb3I6IzMxNzlmNjsgZm9udC1zaXplOjEzcHg7IHBhZGRpbmc6MDsgbWFyZ2luOjA7Ij6h8aHxofHU2o7ssrvX46TOiPa6z6TPoaLIoaTqvMSku6TLpMqk6qGi4eHI1aTOsGvLzaTIpMqk6qTepLmho6S0wcuz0KTOs8yk6KTtpLekr6Sq7oqkpKS3pN6kuaGjofGh8aHxPGJyPjxicj4KCqHxofGh8c3ByNXXo8jVpM+hotTajuykzqSipOuk4qTOpMvP3qTqoaKjsaOyo7qjsKOwo6jV/c7no6mk3qTHpMuktNeizsSkyJtRnGekrM3qwcukt6TGpKSk67e9pMvP3qTppLukxu2UpK2k3qS5o6Gh8aHxofEKCgo8L3A+CjwvZGl2Pgo8IS0tsGvLzaW5pdqlr6W/pa+l66SzpLOk3qTHLS0+,ob6h76O9y83Bz59vwc+jvaHvob+hvqWqqWClxKW5pd2lw6XIpdWlqalgpeChoaOyo7CjsKPto+wmdGltZXM7o7OxvqG/yK7DqKG+peyl06XlpPKV+KSkpMahorTOu9ik4qXdpaSl86XIo7KxtqOhob8gpaqpYKXEoaGluaXdpcOlyKXVpampYKXgoaGhvlJDUKG/MDJQMDVOb3YxNiAgMDJQMTROb3YxNiAwMlAyN05vdjE2IDAyUDAzRGVjMTYgMDJQMTdEZWMxNqO6pdqlw6XIyK7DqK+ft6jKs4TTzu+yodS6,pdKl66W6paKlpKXgpbmkpqS1pK6ltaXXpeql4aXzpcjIrsOoTiZhbXA7QSCl4aW3pd6ls6XWpbOl86XVpaOlx6Xzpbmvn7eoyrOESbe9yrNEpaKlt6W5pcilpKXapcOlyKXppdOlw6XIpdWpYKXJpd2lpKXzpcixtqWipbeluaXIpdGl86XVpaelzqXzmFPM7KXtpaSl5KXrpaulyqXzob6h76O9y83Bz59vwc+jvaHvob+hvqWqqWClxKW5pd2lw6XIpdWlqalgpeChoaOyo7CjsKPto+wmdGltZXM7o7OxvqG/yK7DqKG+peyl06XlpPKV+KSkpMahorTOu9ik4qXdpaSl86XIo7KxtqOhob8gpaqpYKXEoaGluaXdpcOlyKXVpampYKXgoaGhvlJDUKG/MDJQMDVOb3YxNiAgMDJQMTROb3YxNiAwMlAyN05vdjE2IDAyUDAzRGVjMTYgMDJQMTdEZWMxNg==,y83Bz59vwc+joaG+paqpYKXEpbml3aXDpcil1aWpqWCl4KGho7KjsKOwo+2j7CZ0aW1lczujs7G+ob/IrsOooaOhvqHvo73LzcHPn2/Bz6O9oe+hv6G+paqpYKXEpbml3aXDpcil1aWpqWCl4KGho7KjsKOwo+2j7CZ0aW1lczujs7G+ob/IrsOoob6l7KXTpeWk8pX4pKSkxqGitM672KTipd2lpKXzpcijsrG2o6GhvyClqqlgpcShoaW5pd2lw6XIpdWlqalgpeChoaG+UkNQob8wMlAwNU5vdjE2ICAwMlAxNE5vdjE2IDAyUDI3Tm92MTYgMDJQMDNEZWMxNiAwMlAxN0RlYzE2[rn]
31-51721,aHR0cDovL3RzaG9wLnIxMHMuanAvZG91YnV0c3Vub3RhbWUvY2FiaW5ldC9pbWc1OTgwNTQ4Mi5qcGc/Zml0aW49NzAwOjcwMA==,ODc4NC4wMDAw,,pdqlw6XIP6XapcOlyKWwpcOluiA+IKXapcOlyNPDpKrK1sjrpOzTw8a3ID4gpbel46XzpdepYD+l6qXzpbkgPiClt6XjpfOl16lg,ob6h76O9y83Bz59vwc+jvaHvob+hvqXspdOl5algpPKV+KSkpMa0zrvYpOKl3aWkpfOlyKOysbajoaG/ob6lx6Xlpa+lvaGhpbml16XsqWAgo7KjsKOwo+2j7KHBo7axvqG/pcel5aWvpb2luaXXpeypYCDIrsOo08Mgob5ZREtHLXRrob+hvlJDUKG/ICAwo7JQMDVOb3YxNiAgMKOyUDE0Tm92MTYgMKOyUKOyN05vdjE2IDCjslAwM0RlYzE2IDCjslAxN0RlYzE2,ob6lx6Xlpa+lvaW5pdel7KlgIKOyo7CjsKPto+wmdGltZXM7o7axvqG/yK7DqKW9pbil0KXroaE=,PDyqldK9jp+kq6Tp0rvR1D4+PGJyPgrHrNTvvKGk5MakxHekzqXIpeml1qXrpM7I1aGppM6lsaWipMujoTxicj6E087v08OhoaXVpaOlyKW5pdWlo6XzpbSlt6XzxeS6zzxicj4KPGJyPgrW97PJt9Ygo7qhoaXVpaOlyKW5pdWlo6XzpbSlt6XzoaEwLjKjpTxicj4KPGJyPiAKyrnTw7e9t6g8YnI+CsOrgUuk36TIxOa3vc/ypMul1qXppcOlt6XzpbCk8qS3oaKE087vpKuk6bxzMzClu6XzpcHreKS3pMbGpMR3pMu9/s24pLmk66TopKaky6W5pdel7KlgpLekxs/CpLWkpKGjPCEtLbBry82luaXapa+lv6Wvpeuks6SzpKuk6S0tPgo8ZGl2IHN0eWxlPSJ3aWR0aDoyNDBweDsiPgo8YnI+CjxwIHN0eWxlPSJjb2xvcjojMzE3OWY2OyBmb250LXNpemU6MTNweDsgcGFkZGluZzowOyBtYXJnaW46MDsiPqHxofGh8dTajuyyu9fjpM6I9rrPpM+hosihpOq8xKS7pMukyqTqoaLh4cjVpM6wa8vNpMikyqTqpN6kuaGjpLTBy7PQpM6zzKTopO2kt6SvpKruiqSkpLek3qS5oaOh8aHxofE8YnI+PGJyPgoKofGh8aHxzcHI1dejyNWkz6Gi1NqO7KTOpKKk66TipM6ky8/epOqhoqOxo7KjuqOwo7CjqNX9zuejqaTepMeky6S016LOxKTIm1GcZ6SszerBy6S3pMakpKTrt72ky8/epOmku6TG7ZSkraTepLmjoaHxofGh8QoKCjwvcD4KPC9kaXY+CjwhLS2wa8vNpbml2qWvpb+lr6XrpLOks6TepMctLT4=,ob6h76O9y83Bz59vwc+jvaHvob+hvqXspdOl5algpPKV+KSkpMa0zrvYpOKl3aWkpfOlyKOysbajoaG/ob6lx6Xlpa+lvaGhpbml16XsqWAgo7KjsKOwo+2j7CZ0aW1lczujtrG+ob+lx6Xlpa+lvaW5pdel7KlgIMiuw6jTwyChvllES0ctdGuhv6G+UkNQob8gIDCjslAwNU5vdjE2ICAwo7JQMTROb3YxNiAwo7JQo7I3Tm92MTYgMKOyUDAzRGVjMTYgMKOyUDE3RGVjMTajuqXapcOlyMiuw6ivn7eoyrOE087vsqHUug==,pdKl66W6paKlpKXgpbmkpqS1pK6ltaXXpeql4aXzpcjIrsOoTiZhbXA7QSCl4aW3pd6ls6XWpbOl86XVpaOlx6Xzpbmvn7eoyrOESbe9yrNEpaKlt6W5pcilpKXapcOlyKXppdOlw6XIpdWpYKXJpd2lpKXzpcixtqWipbeluaXIpdGl86XVpaelzqXzmFPM7KXtpaSl5KXrpaulyqXzob6h76O9y83Bz59vwc+jvaHvob+hvqXspdOl5algpPKV+KSkpMa0zrvYpOKl3aWkpfOlyKOysbajoaG/ob6lx6Xlpa+lvaGhpbml16XsqWAgo7KjsKOwo+2j7CZ0aW1lczujtrG+ob+lx6Xlpa+lvaW5pdel7KlgIMiuw6jTwyChvllES0ctdGuhv6G+UkNQob8gIDCjslAwNU5vdjE2ICAwo7JQMTROb3YxNiAwo7JQo7I3Tm92MTYgMKOyUDAzRGVjMTYgMKOyUDE3RGVjMTY=,ob6lx6Xlpa+lvaW5pdel7KlgIKOyo7CjsKPto+wmdGltZXM7o7axvqG/yK7DqKW9pbil0KXroaGho6G+oe+jvcvNwc+fb8HPo72h76G/ob6l7KXTpeWpYKTylfikpKTGtM672KTipd2lpKXzpcijsrG2o6Ghv6G+pcel5aWvpb2hoaW5pdel7KlgIKOyo7CjsKPto+wmdGltZXM7o7axvqG/pcel5aWvpb2luaXXpeypYCDIrsOo08Mgob5ZREtHLXRrob+hvlJDUKG/ICAwo7JQMDVOb3YxNiAgMKOyUDE0Tm92MTYgMKOyUKOyN05vdjE2IDCjslAwM0RlYzE2IDCjslAxN0RlYzE2[rn]
31-51722,aHR0cDovL3RzaG9wLnIxMHMuanAvcmFrdXRlbjI0L2NhYmluZXQvZTM3OTcvZTM3OTc3NmhfbC5qcGc/Zml0aW49NzAwOjcwMA==,MjMzMi44MDAw,,pdqlw6XIP6XapcOlyKWwpcOluiA+IKXapcOlyNPDpKrK1sjrpOzTw8a3ID4gpdCludPDxrcgPiDI69ShhIg=,RU8gpdCluaW9peulyCCls6Wzpcqlw6XEJqXQpcul6SA2MjMuN2ehvphTzOwyNKG/W0VPKKWkqWClqqlgKSCl0KW5pb2l66XIXQ==,RU8opaSpYKWqqWApL8vNwc+fb8HP,PGEgaHJlZj0iaHR0cDovL3d3dy5yYWt1dGVuLm5lLmpwL2dvbGQvcmFrdXRlbjI0L2NhbXBhaWduL3Jldmlldy8/cy1pZD1yMjRfcmV2aWV3X2ZpcnN0MDEiIHRhcmdldD0iX2JsYW5rIj48aW1nIHNyYz0iaHR0cDovL2ltYWdlLnJha3V0ZW4uY28uanAvcmFrdXRlbjI0L2NhYmluZXQvY2FtcGFpZ24vcmV2aWV3LzFiYW5fcmV2aWV3LmpwZyIgd2lkdGg9IjcwMCIgaGVpZ2h0PSIxMDAiIGJvcmRlcj0iMCIgLz48L2E+PGJyPqH5P6XspdOl5algzba45ZVypMult6XnpcOl16TY16LOxLesusWk8taqpOmku6TroaOkzqXBpaelw6WvpPLI66TspMakr6TApLWkpKGjPGJyPj/h4cjVpeGpYKXrpMukxqWvqWCl3aXzVVJMpPKkqsvNpOqkt6TepLmhozxhIGhyZWY9Imh0dHBzOi8vb3JkZXIubXkucmFrdXRlbi5jby5qcC8/cy1pZD1yMjRfcmV2aWV3X2ZpcnN0MDIiPqH2ofWl7KXTpeWpYKTylfikr6H1ofY8L2E+PGJyPj/L+6TOt72krM/IpMvNtrjlpLekv4j2us+hoqWvqWCl3aXz302zyoydz/PN4qTIpMqk6qTepLmkzqTHpLTXotLipK+kwKS1pKSho6XspdOl5algzba45aTPz8Kyv6TL05vdZKS3pMakpKTepLmhozxicj4/peyl06XlqWDNtrjlpKuk6be007Ok3qTHlXKy7qSspKKk66S/pOGhosnMxre7rcPmyc+kzqXspdOl5algvP7K/aTIjGfrSKTOzba45bz+yv2krK6QpMqk64j2us+krKSipOqk3qS5pM6kx9PopOGktMHLs9Ckr6TApLWkpKGjPGJyPjxicj48YnI+PHNtYWxsPqH5pdGlw6WxqWCluKXHpbalpKXztcikz9PouOakyqSvieS4/KS1pOyk66SzpMikrKSipOqk3qS5oaM8L3NtYWxsPjxicj48YnI+PHRhYmxlPjx0cj48dGQgd2lkdGg9IjEwMCUiPjxwIGNsYXNzPSJwZGVzYyI+PGRpdiBjbGFzcz0icGRlc2N0aXRsZSI+yczGt9Vow/c8L2Rpdj48ZGl2IGNsYXNzPSJwZGVzY2hvbmJ1biI+obhFTyCl0KW5pb2l66XIIKWzpbOlyqXDpcQmpdCly6XpIDYyMy43Z6G5pM+hoqXSpd6l6aXkpdSl86Wv0dKJY6TIpaul6qXVpaml66XLpaKuYszsyNW4yaS3uqOJY6Typdal7KXzpcmkt6S/pdCluaW9peulyKTHpLmho7yhpPKk5KTvpOmkq6SvoaKkt6TDpMik6qS3pL/XtJFCpMvV+6SopN6kuaGjQ0NPRqTLpOik66WqqWClrKXLpcOlr9VK1F6k8srcpLGkxqSkpN6kuaGjpb+l86W4pael6qXzpMil0KXLpemhoqWzpbOlyqXDpcSkzqXppbCluKXlpaKl6qlgpMq4yqSkz+Ok6qGjPC9kaXY+PGRpdiBjbGFzcz0icGRlc2N0aXRsZSI+yrnTw8nPpM7XotLiPC9kaXY+PGRpdiBjbGFzcz0icGRlc2Nob25idW4iPqHxu6+7ksa3pKykqryhpMu6z6TvpMqkpKTIpK28tKTBtM6kzqTopKakyoj2us+ky6TPoaLKudPDpPLW0Na5pLekxqSvpMCktaSkoaOkvaTOpN6k3ruvu5LGt+6QpM7KudPDpPK+QaSxpN6kuaTIoaLWote0pPKQmbuvpLWku6TrpLOkyKSspKKk6qTepLmkzqTHoaLGpMR3v8aMn+lU0r21yKTLpLTP4NWEpLWk7KTrpLOkyKTypKqkuaS5pOGkt6TepLmhozxicj4oMSnKudPD1tChorPgzrahoqTPpOyhoqSrpOak36GitMy8pLXIpM6ukLOjpKykoqTppO+k7KS/iPa6z6GjPGJyPigyKcq508Okt6S/pKq8oaTLoaLWscnkyNW54qSspKKkv6TDpMbJz9ObpM6k6KSmpMqukLOjpKykoqTppO+k7KS/iPa6z6GjPGJyPqHxstCk6pyrpPLPtOWqpMvKudPDpLekyqSkpMekr6TApLWkpKGjPGJyPqHxsb7Gt6TPyrOk2aTppOyk3qS7pPOhozxicj6h8c3y0ru24MG/pMvvi6Tf3nqk86TApMikraTPy66k8u+LpN6ku6TrpMqkyaTOhEnWw6Ty0NCkw6S/pKKkyKGi0r2On6TLpLTP4NWEpK+kwKS1pKShozwvZGl2PjxkaXYgY2xhc3M9InBkZXNjdGl0bGUiPsirs8m31jwvZGl2PjxkaXYgY2xhc3M9InBkZXNjaG9uYnVuIj6JY7uvTmGhoqWzpbOl5KW3ufuMZ6GipdCly6Xpt07X06Gipcils6XVpael7algpeuhoqWwpeypYKXXpdWl66lgpcS5+8ak082hoqWqpeyl86W4082hoqXspeKl87n7xqTTzaGipd6l86XApeql86Wqpeyl86W4ufvGpNPNPC9kaXY+PGRpdiBjbGFzcz0icGRlc2N0aXRsZSI+1K2uYrn6PC9kaXY+PGRpdiBjbGFzcz0icGRlc2Nob25idW4iPqWipeGl6qWrPC9kaXY+PGRpdiBjbGFzcz0icGRlc2N0aXRsZSI+pKqGlqSkus+k76S7z8g8L2Rpdj48ZGl2IGNsYXNzPSJwZGVzY2hvbmJ1biI+1urKvbvhyecgpaKlyKXppbk8YnI+pKq/zZiUz+DVhMrSo7owMTIwLTMwMC03NzIozcHI1dejpPKkzqS+pK8/MTCjujAwLTE4o7owMCk8L2Rpdj48L3A+PC90ZD48L3RyPjwvdGFibGU+PGJyPqXWpeml86XJo7pFTyilpKlgpaqpYCk8YnI+mFPM7DI0o77I1dPDxrejvsjr1KGEiD/OwtShxvejvsjr1KGEiKO+pdCluaW9peulyKO+RU8gpdCluaW9peulyCCls6Wzpcqlw6XEJqXQpcul6SA2MjMuN2c8YnI+sGuJ09Sqo7qloqXIpemluTxicj7Ura5iufogpaKl4aXqpas8YnI+xNrI3cG/o7o2MjMuN2c8YnI+PGJyPjxicj48YnI+SkFOpbOpYKXJo7qhoTA2MzY4NzQwMzA1NDg8YnI+PGJyPjx0YWJsZSB3aWR0aD0iMTAwJSIgYm9yZGVyPTAgY2VsbHNwYWNpbmc9MCBjZWxscGFkZGluZz01Pjx0cj48dGQ+PC90ZD48dHI+PHRkPjwvdGQ+PC90cj48L3RhYmxlPjxicj48YnI+PGJyPo7auObOxNifo7qlsaXzpbOpYKWzpeDW6sq9u+HJ5zxicj5URUw6MDUwLTU1NzctNTA0Mzxicj48YnI+W0VPKKWkqWClqqlgKV08YnI+yOvUoYSIP87C1KHG9y/I69ShhIgvpdCluaW9peulyDxicj7H+LfWOlu7r7uSxrddPGJyPjwhLS0gaWQ6ID9zLWlkPXIyNF9paGJucl8wMS8gP3MtaWQ9cjI0X2loYm5yXzAyIC0tPgo8dGFibGUgd2lkdGg9IjczMCIgY2VsbHBhZGRpbmc9IjAiIGNlbGxzcGFjaW5nPSIwIiBib3JkZXI9IjAiPgoKPCEtLTEwo6VPRkalr6lgpd2l8y8gLS0+Cgo8ZGl2IHN0eWxlPSJtYXJnaW4tYm90dG9tOjEwcHg7Ij4KCjxpbWcgc3JjPSIKaHR0cHM6Ly9pbWFnZS5yYWt1dGVuLmNvLmpwL3Jha3V0ZW4yNC9jYWJpbmV0L2NvdXBvbi9ibnJfMTAwXzcwMF82MC5qcGciIGFsdD0is/Wk4aTGpM63vc/etqgxMDCD0k9GRqWvqWCl3aXzo6EiIHdpZHRoPSI3MDAiIGhlaWdodD0iNjAiIGJvcmRlcj0iMCI+CjwvZGl2PgoKPGRpdiBzdHlsZT0ibWFyZ2luLWJvdHRvbToxMHB4OyI+Cgo8aW1nIHNyYz0iaHR0cHM6Ly9pbWFnZS5yYWt1dGVuLmNvLmpwL3Jha3V0ZW4yNC9jYWJpbmV0L2NvdXBvbi9ibnJfNzAwXzYwXzUwMDAuanBnIiBhbHQ9IjUsMDAwg9LS1MnP2Y/I6zEwJU9GRqOhIiB3aWR0aD0iNzAwIiBoZWlnaHQ9IjYwIiBib3JkZXI9IjAiPgo8L2Rpdj4KCjwhLS1kaXYgc3R5bGU9Im1hcmdpbi1ib3R0b206MTBweDsiPgoKPGltZyBzcmM9Imh0dHA6Ly9pbWFnZS5yYWt1dGVuLmNvLmpwL3Jha3V0ZW4yNC9jYWJpbmV0L2NvdXBvbi9ibnJfNzAwXzYwXzEwMDAwLmpwZyIgYWx0PSIxMCwwMDCD0tLUyc/Zj8jrpMcxNSVPRkajoSIgd2lkdGg9IjcwMCIgaGVpZ2h0PSI2MCIgYm9yZGVyPSIwIj4KPC9kaXYtLT4KCjwhLS1kaXYgc3R5bGU9Im1hcmdpbi1ib3R0b206MTBweDsiPgoKPGltZyBzcmM9Imh0dHA6Ly9pbWFnZS5yYWt1dGVuLmNvLmpwL3Jha3V0ZW4yNC9jYWJpbmV0L2NhbXBhaWduL2FzdXJha3UvYm5yXzcwMF82MC5qcGciIGFsdD0ipKKkuZhTyczGt6XdpaSl86XIM7G2o6EiIHdpZHRoPSI3MDAiIGhlaWdodD0iNjAiIGJvcmRlcj0iMCI+CjwvZGl2LS0+Cgo8ZGl2IHN0eWxlPSJtYXJnaW4tYm90dG9tOjEwcHg7Ij4KCjxpbWcgc3JjPSJodHRwczovL2ltYWdlLnJha3V0ZW4uY28uanAvcmFrdXRlbjI0L2NhYmluZXQvc3BlY2lhbC9mYXRoZXJfNDY4eDYwLmpwZyIgYWx0PSKl3aWkpfOlyDOxtqOhIiB3aWR0aD0iNDY4IiBoZWlnaHQ9IjYwIiBib3JkZXI9IjAiPgo8L2Rpdj4KCgo8ZGl2IHN0eWxlPSJtYXJnaW4tYm90dG9tOjEwcHg7Ij4KCjxpbWcgc3JjPSJodHRwczovL2ltYWdlLnJha3V0ZW4uY28uanAvcmFrdXRlbjI0L2NhYmluZXQvc3BlY2lhbC8yMDE2X2VjYW1wYWlnbi5qcGciIGFsdD0ipaSpYKWwpeuluYTZwPvTm8Tupd2lpKXzpcgysbajoSIgd2lkdGg9IjQ2OCIgaGVpZ2h0PSI2MCIgYm9yZGVyPSIwIj4KPC9kaXY+CgoKPCEtLSAvMTCjpU9GRqWvqWCl3aXzIC0tPgoKPCEtLSCkqqS5pLmk4cnMxrcgLS0+CqXGpeyl071CvemjugqlyKXepciluKXlqWCluSAvCqXepaulx6XfpaKlyqXDpcSlqqWkpesgLwog64qE06XWpeylw6XJpaulw6W/qWAgLwogpeulpKXcpbmlxqWjqWAgLwqk6qTzpLT1oSAvCjwhLS0gL6SqpLmkuaThyczGtyAtLT4KCgoKPCEtLSCYU8zsMjSkq6TppM6l4aXDpbupYKW4LyAtLT4KPGJyPjxicj4KCgo8IS0tIC+YU8zsMjSkq6TppM6l4aXDpbupYKW4IC0tPgoKPCEtLSCkoqS5mFNORy8gLS0+CjwhLS2hoTxpbWcgc3JjPSJodHRwOi8vaW1hZ2UucmFrdXRlbi5jby5qcC9yYWt1dGVuMjQvY2FiaW5ldC9pdGVtNDYvYXN1cmFrdTA3MDQuanBnIiB3aWR0aD0iNzMwIiBoZWlnaHQ9IjEzMCIgYm9yZGVyPSIwIj4KCjxkaXYgc3R5bGU9Im1hcmdpbi1ib3R0b206NXB4OyI+CjxpbWcgc3JjPSJodHRwOi8vaW1hZ2UucmFrdXRlbi5jby5qcC9yYWt1dGVuMjQvY2FiaW5ldC9pdGVtNDUvYXN1cmFrdTA3MTEuanBnIiB3aWR0aD0iNzMwIiBoZWlnaHQ9IjUwIiBib3JkZXI9IjAiPgo8L2Rpdj4KLS0+CjwhLS0gL6SipLmYU05HIC0tPgoKCgo8IS0tILvY31svIC0tPgo8IS0tIAoKIC0tPgo8IS0tIC+72N9bIC0tPgoKCgo8IS0tIDLB0LHtyr7Tw6XQpcqpYKWopeqloj4KPCEtLQo8dHI+Cjx0ZCB3aWR0aD0iMzY1Ij48aW1nIHNyYz0iaHR0cDovL3d3dy5yYWt1dGVuLm5lLmpwL2dvbGQvcmFrdXRlbjI0L2l0ZW0vaW1hZ2VzL2l0ZW1wYWdlX2Jucl8wMS5qcGciIHdpZHRoPSIzNjAiIGhlaWdodD0iNjAiIGJvcmRlcj0iMCIgYWx0PSIiPjwvdGQ+Cjx0ZCB3aWR0aD0iMzY1Ij48aW1nIHNyYz0iaHR0cDovL3d3dy5yYWt1dGVuLm5lLmpwL2dvbGQvcmFrdXRlbjI0L2l0ZW0vaW1hZ2VzL2l0ZW1wYWdlX2Jucl8wMi5naWYiIHdpZHRoPSIzNjAiIGhlaWdodD0iNjAiIGJvcmRlcj0iMCIgYWx0PSIiPjwvdGQ+CjwvdHI+Ci0tPiAKCjwhLS0g2UmkpM7vpKuktKXcpb+l8y8gLS0+CjxzdHlsZT4KLyogvsml3KW/pfMKI3Jha3V0ZW5MaW1pdGVkSWRfYXJvdW5kQ2FydCBpbnB1dCB7CiAgd2lkdGg6IDE2MHB4OwogIGhlaWdodDogNDBweDsKIGJhY2tncm91bmQ6dXJsKGh0dHA6Ly9pbWFnZS5yYWt1dGVuLmNvLmpwL3Jha3V0ZW4yNC9jYWJpbmV0L3Rlc3QvY2FydF9ibGFjay5naWYpICNmY2ZjZmMgbm8tcmVwZWF0OwogIG92ZXJmbG93OiBoaWRkZW47CiAgYm9yZGVyLXdpZHRoOiAwcHg7CiAgdGV4dC1pbmRlbnQ6IDE1MCU7CiAgY3Vyc29yOiBwb2ludGVyICFpbXBvcnRhbnQ7CiAgd2hpdGUtc3BhY2U6IG5vd3JhcDsKICBtYXJnaW46IDEwcHggMCAwIDA7Cn0KKi8KCi8qIL7JMgojcmFrdXRlbkxpbWl0ZWRJZF9hcm91bmRDYXJ0IGlucHV0IHsKICB3aWR0aDogMTgwcHg7CiAgaGVpZ2h0OiA0MHB4OwogYmFja2dyb3VuZDp1cmwoaHR0cDovL2ltYWdlLnJha3V0ZW4uY28uanAvcmFrdXRlbjI0L2NhYmluZXQvbGF5b3V0L2J0bl9jYXJ0X2JsYWNrLmdpZikgI2ZjZmNmYyBuby1yZXBlYXQ7CiAgb3ZlcmZsb3c6IGhpZGRlbjsKICBib3JkZXItd2lkdGg6IDBweDsKICB0ZXh0LWluZGVudDogMTUwJTsKICBjdXJzb3I6IHBvaW50ZXIgIWltcG9ydGFudDsKICB3aGl0ZS1zcGFjZTogbm93cmFwOwogIG1hcmdpbjogMTBweCAwIDAgMDsKfQoqLwoKLyog0+i8c6SrpLSMnY/qpMels6XhpfOlyKWipaalyAojcmFrdXRlbkxpbWl0ZWRJZF9hcm91bmRDYXJ0IGlucHV0IHsKICB3aWR0aDogMTgwcHg7CiAgaGVpZ2h0OiA0MHB4OwogYmFja2dyb3VuZDp1cmwoImh0dHA6Ly9pbWFnZS5yYWt1dGVuLmNvLmpwL3Jha3V0ZW4yNC9jYWJpbmV0L2xheW91dC9idG5fY2FydF9ibGFjay5naWYiKSAjZmNmY2ZjIG5vLXJlcGVhdDsKICBvdmVyZmxvdzogaGlkZGVuOwogIGJvcmRlci13aWR0aDogMHB4OwogIHRleHQtaW5kZW50OiAxNTAlOwogIGN1cnNvcjogcG9pbnRlciAhaW1wb3J0YW50OwogIHdoaXRlLXNwYWNlOiBub3dyYXA7CiAgbWFyZ2luOiAxMHB4IDAgMCAwOwp9CiovCiNyYWt1dGVuTGltaXRlZElkX2Fyb3VuZENhcnQgaW5wdXQuckNhcnRCdG46aG92ZXIsCmRpdi5zaG9wQm9va21hcmtBcmVhIGRpdi5zaG9wQmttIGEuYWRkU2hvcEJrbSBzcGFuLnNob3BCa21TdGFyOmhvdmVyLApkaXYuYm9va21hcmtBcmVhIGRpdi5ia20gYS5hZGRCa20gc3Bhbi5ia21TdGFyOmhvdmVyIHsKICBvcGFjaXR5OiAwLjg7CiAgZmlsdGVyOiBhbHBoYShvcGFjaXR5PTgwKTsKfQoKI3Jha3V0ZW5MaW1pdGVkSWRfYXJvdW5kQ2FydCAjc2VydmljZVRhYmxlU21sewovKgogIG1hcmdpbi1sZWZ0OiA5MnB4ICFpbXBvcnRhbnQ7CiovCn0KCiNyYWt1dGVuTGltaXRlZElkX2Fyb3VuZENhcnQgI3NlcnZpY2VUYWJsZVNtbCB0ZC5mYXZvcml0ZXsKd2lkdGg6IDI3MHB4ICFpbXBvcnRhbnQ7Cn0KCgoKI3Jha3V0ZW5MaW1pdGVkSWRfYXJvdW5kQ2FydCBkaXYuc2hvcEJrbXsKd2lkdGg6IDEyMHB4Owp9CgpkaXYuc2hvcEJvb2ttYXJrQXJlYSBkaXYuc2hvcEJrbSBhLmFkZFNob3BCa217CndpZHRoOiAxMjBweCAhaW1wb3J0YW50OwpoZWlnaHQ6IDI2cHggIWltcG9ydGFudDsKfQoKZGl2LnNob3BCb29rbWFya0FyZWEgZGl2LnNob3BCa20gYS5hZGRTaG9wQmttIHNwYW4uc2hvcEJrbVN0YXJ7CndpZHRoOiAxMjBweCAhaW1wb3J0YW50OwpoZWlnaHQ6IDI2cHggIWltcG9ydGFudDsKYmFja2dyb3VuZDogdXJsKGh0dHA6Ly9pbWFnZS5yYWt1dGVuLmNvLmpwL3Jha3V0ZW4yNC9jYWJpbmV0L2xheW91dC9idG5fZmF2b3JpdGVfc2hvcC5naWYpIG5vLXJlcGVhdCAwIDAgIWltcG9ydGFudDsKfQoKCgojcmFrdXRlbkxpbWl0ZWRJZF9hcm91bmRDYXJ0IGRpdi5ia217CndpZHRoOiAxMjBweDsKfQoKZGl2LmJvb2ttYXJrQXJlYSBkaXYuYmttIGEuYWRkQmttewp3aWR0aDogMTIwcHggIWltcG9ydGFudDsKaGVpZ2h0OiAyNnB4ICFpbXBvcnRhbnQ7Cn0KCmRpdi5ib29rbWFya0FyZWEgZGl2LmJrbSBhLmFkZEJrbSBzcGFuLmJrbVN0YXJ7CndpZHRoOiAxMjBweCAhaW1wb3J0YW50OwpoZWlnaHQ6IDI2cHggIWltcG9ydGFudDsKYmFja2dyb3VuZDogdXJsKGh0dHA6Ly9pbWFnZS5yYWt1dGVuLmNvLmpwL3Jha3V0ZW4yNC9jYWJpbmV0L2xheW91dC9idG5fZmF2b3JpdGVfaXRlbS5naWYpIG5vLXJlcGVhdCAwIDAgIWltcG9ydGFudDsKfQoKLndlZWtseUJucnsKd2lkdGg6IDcwMHB4OwpoZWlnaHQ6IDIzMXB4Owpwb3NpdGlvbjogcmVsYXRpdmU7CmJhY2tncm91bmQ6IHVybCgiaHR0cDovL3d3dy5yYWt1dGVuLm5lLmpwL2dvbGQvcmFrdXRlbjI0L2ltZy9yYW5rMS9iZ19yYW5rYm5yLmpwZyIpIGxlZnQgdG9wIG5vLXJlcGVhdDsKfQoKLndlZWtseUJuciBpbWd7CndpZHRoOiA2NjJweDsKcG9zaXRpb246IGFic29sdXRlOwpib3R0b206IDMwcHg7CmxlZnQ6IDIwcHg7CnotaW5kZXg6IDEwOwp9Cgoud2Vla2x5Qm5yOmFmdGVyewpjb250ZW50OiB1cmwoImh0dHA6Ly93d3cucmFrdXRlbi5uZS5qcC9nb2xkL3Jha3V0ZW4yNC9pbWcvcmFuazEvd3JhcF9yYW5rYm5yLnBuZyIpOwpwb3NpdGlvbjogYWJzb2x1dGU7CnRvcDogMDsKbGVmdDogMDsKei1pbmRleDogMTAwOwp9CgoucmV2aWV3Qm5yIHsKICAgIHdpZHRoOiA3MDBweDsKICAgIGhlaWdodDogMTAwcHg7CiAgICBiYWNrZ3JvdW5kOiB1cmwoImh0dHA6Ly9pbWFnZS5yYWt1dGVuLmNvLmpwL3Jha3V0ZW4yNC9jYWJpbmV0L2NhbXBhaWduL3Jldmlldy9iZ19yZXZpZXdibnIuanBnIikgbGVmdCB0b3Agbm8tcmVwZWF0OwogICAgcG9zaXRpb246IHJlbGF0aXZlOwogICAgZm9udC1zaXplOiAxNnB4Owp9CgoucmV2aWV3Qm5yIGRpdiB7CiAgICBwYWRkaW5nOiAxMHB4OwogICAgYmFja2dyb3VuZDogI2ZmZjsKICAgIHBvc2l0aW9uOiBhYnNvbHV0ZTsKICAgIHRvcDogMTFweDsKICAgIGxlZnQ6IDE4MHB4OwogICAgbGluZS1oZWlnaHQ6IDEyMCU7CiAgICBib3JkZXItcmFkaXVzOiA1cHg7Cn0KCi5yZXZpZXdCbnIgc3BhbiB7CiAgICBjb2xvcjogI2ZmMDAwMDsKfQoKLnJldmlld0JuciBzdHJvbmcgewogICAgZm9udC1zaXplOiAxOHB4Owp9CgouYm5yX2VhZ2xlc3sKICAgIHdpZHRoOiA3MDBweDsKICAgIGRpc3BsYXk6IGJsb2NrOwogICAgYmFja2dyb3VuZC1jb2xvcjogIzkyMDQxZTsKICAgIHRleHQtYWxpZ246IGNlbnRlcjsKfQoKCgpodG1sLGJvZHkgewpmb250LWZhbWlseTogQ2VudHVyeSBHb3RoaWMsIEFyaWFsOwp9CgpzcGFuLmNhdGVnb3J5X2l0ZW10YXhwb3N0YWdlIHtmb250LXNpemU6MTBweDt9CnNwYW4uY2F0ZWdvcnlfaXRlbXByaWNlIHtjb2xvcjojYmYwMDAwO2ZvbnQtc2l6ZToyNHB4O2ZvbnQtd2VpZ2h0OmJvbGQ7IGRpc3BsYXk6YmxvY2s7fQpzcGFuLnByaWNlMiB7IGZvbnQtc2l6ZToyMjAlICFpbXBvcnRhbnQ7Zm9udC13ZWlnaHQ6Ym9sZDt9CnRhYmxle3otaW5kZXg6MDt9IApzcGFuLmNhdGVnb3J5X2l0ZW1wcmljZTpiZWZvcmV7Lypjb250ZW50OiJQUklDRSAiOyovZm9udC1zaXplOjEwcHg7fQo8L3N0eWxlPgoKPCEtLSCks6SzpN6kxyAtLT4KCgo8L3RhYmxlPg==,RU8gpdCluaW9peulyCCls6Wzpcqlw6XEJmFtcDul0KXLpekgNjIzLjdnob6YU8zsMjShv1tFTyilpKlgpaqpYCkgpdCluaW9peulyF2juphTzOwyNA==,mFPM7DI0pa+l6qW5pb+l66WspaSltqlgpd+lzaXppeulpqWpqWClv6lgpeqloqXDpdel6qWipcOl13g1pcClpqXLqWCls6XzpcmpYKXgpdql6qWopbWpYKXipbmls6Xzpcil7KXDpa+lucjVn4aksda5pOGls6Wzpcqlw6XEpaqlpKXrpKiktKTepLOk4dPNpbWl86XapeylsKXqpc7JyO9MmUOlr6Xqpbmlv6XrpaylpKW2qWAgNTAwbWwgNDixvr52pM7Ep8WuuMq+xkVPIKXQpbmlvaXrpcggpbOls6XKpcOlxCZhbXA7pdCly6XpIDYyMy43Z6G+mFPM7DI0ob9bRU8opaSpYKWqqWApIKXQpbmlvaXrpchd,RU8opaSpYKWqqWApL8vNwc+fb8HPoaNFTyCl0KW5pb2l66XIIKWzpbOlyqXDpcQmYW1wO6XQpcul6SA2MjMuN2ehvphTzOwyNKG/W0VPKKWkqWClqqlgKSCl0KW5pb2l66XIXQ==[rn]
31-51723,aHR0cDovL3RzaG9wLnIxMHMuanAvcmFrdXRlbjI0L2NhYmluZXQvZTA2OTQvZTA2OTQzOWhfbC5qcGc/Zml0aW49NzAwOjcwMA==,MjU5LjIwMDA=,,pdqlw6XIP6XapcOlyKWwpcOluiA+IKXapcOlyNPDpKrK1sjrpOzTw8a3ID4gpdCludPDxrcgPiDI69ShhIg=,pdGl6aWqpd+l66WtpaOl0KW5IDUwZ6G+mFPM7DI0ob9byOvUoYSIIKWvpeylpF0=,y7CSaTE4ODCD0tLUyc/LzcHPn2/Bzw==,PGEgaHJlZj0iaHR0cDovL3d3dy5yYWt1dGVuLm5lLmpwL2dvbGQvcmFrdXRlbjI0L2NhbXBhaWduL3Jldmlldy8/cy1pZD1yMjRfcmV2aWV3X2ZpcnN0MDEiIHRhcmdldD0iX2JsYW5rIj48aW1nIHNyYz0iaHR0cDovL2ltYWdlLnJha3V0ZW4uY28uanAvcmFrdXRlbjI0L2NhYmluZXQvY2FtcGFpZ24vcmV2aWV3LzFiYW5fcmV2aWV3LmpwZyIgd2lkdGg9IjcwMCIgaGVpZ2h0PSIxMDAiIGJvcmRlcj0iMCIgLz48L2E+PGJyPqH5P6XspdOl5algzba45ZVypMult6XnpcOl16TY16LOxLesusWk8taqpOmku6TroaOkzqXBpaelw6WvpPLI66TspMakr6TApLWkpKGjPGJyPj/h4cjVpeGpYKXrpMukxqWvqWCl3aXzVVJMpPKkqsvNpOqkt6TepLmhozxhIGhyZWY9Imh0dHBzOi8vb3JkZXIubXkucmFrdXRlbi5jby5qcC8/cy1pZD1yMjRfcmV2aWV3X2ZpcnN0MDIiPqH2ofWl7KXTpeWpYKTylfikr6H1ofY8L2E+PGJyPj/L+6TOt72krM/IpMvNtrjlpLekv4j2us+hoqWvqWCl3aXz302zyoydz/PN4qTIpMqk6qTepLmkzqTHpLTXotLipK+kwKS1pKSho6XspdOl5algzba45aTPz8Kyv6TL05vdZKS3pMakpKTepLmhozxicj4/peyl06XlqWDNtrjlpKuk6be007Ok3qTHlXKy7qSspKKk66S/pOGhosnMxre7rcPmyc+kzqXspdOl5algvP7K/aTIjGfrSKTOzba45bz+yv2krK6QpMqk64j2us+krKSipOqk3qS5pM6kx9PopOGktMHLs9Ckr6TApLWkpKGjPGJyPqGhPGJyPjxicj48c21hbGw+ofml0aXDpbGpYKW4pceltqWkpfO1yKTP0+i45qTKpK+J5Lj8pLWk7KTrpLOkyKSspKKk6qTepLmhozwvc21hbGw+PGJyPjxicj48dGFibGU+PHRyPjx0ZCB3aWR0aD0iMTAwJSI+PHAgY2xhc3M9InBkZXNjIj48ZGl2IGNsYXNzPSJwZGVzY3RpdGxlIj7JzMa31WjD9zwvZGl2PjxkaXYgY2xhc3M9InBkZXNjaG9uYnVuIj6huKXRpemlqqXfpeulraWjpdCluSA1MGehuaTPoaKl0aXppaqw18TgpOSl26XbpdDTzaGipaql7KXzpbjTzaGipbOl6algpbKl86TyxeS6z6S3pL/I69ShhIikx6S5oaOkqryhse3D5qTOm0Gk7KTyzvzXxaS3oaKkt6TDpMik6qTIsaOkwaTepLmho6S9pM6k26SroaLWss7vpailraW5KKXRpdGlpKWiufuMZ6GipaKl3qXioaKl3qXzpbSpYLn7jGehoqWipe2lqKGipeKl4sh+KaTkuqOJY6GizL/L4aXKpcil6qWmpeCkyqTJpPKl16Xppbmho6SqnKuk8qTkpO+k6aSrpK+kt6GipLekw6TIpOqkyMjhpOmkq6SkpKq8oaTL1fukqKTepLmho53iuvGkyrDXyaukzpyroaOa3bPWpMGk8qXqpemlw6WvpbmktaS7pOvP46TqoaOk5qTDpL+k6qTIpLekv6XQpbmlv6WkpeCk8qSq316ktKS3pK+kwKS1pKShozwvZGl2PjxkaXYgY2xhc3M9InBkZXNjdGl0bGUiPsq508O3vbeoPC9kaXY+PGRpdiBjbGFzcz0icGRlc2Nob25idW4iPqS0vNLNpaTO1KGy26TOnKsovHMyMDBMKaTLsb7GtzG0/KTyyOuk7KTGoaKk6KSvpKukrbvspLykxqSrpOnI69ShpLekxs/CpLWkpKGjPGJyPiqxvsa3pPLKudPDpLmk66TI1KGy26Tk1KHK0qSspLmk2aTqpOSkuaSvpMqk6qTepLmho8jr1KGVcqTLpM+ktNei0uLPwqS1pKSho6TepL+horG+xrek8rSypMqkyaTLpLOk3KS3pL+k3qTet8XWw6S5pOukyMuupPLO/IWnpLehoqS5pNmk6qTkpLmkr6TKpOqk3qS5pM6kx6S5pLCky8ihpOqz/aSkpMbPwqS1pKShozwvZGl2PjxkaXYgY2xhc3M9InBkZXNjdGl0bGUiPsq508PJz6TO16LS4jwvZGl2PjxkaXYgY2xhc3M9InBkZXNjaG9uYnVuIj4/xqTEd6SipOukpKTPzOXZfKTLrpCzo6SspKKk64j2us+kz8akpNW/xoyf6VTSvbXIpMuktM/g1YTPwqS1pKShozxicj4/yrnTw9bQpOTKudPD4eGhosakxHeky7Br1e6horBrs+ChoqSrpOak36GitMy8pLXIpM6ukLOjpKykoqTppO+k7KS/iPa6z6GiyrnTw6Ty1tDWuaS3xqSk1b/GjJ/pVNK9tciky6S0z+DVhM/CpLWkpKGjPGJyPj+xvsa3pMukz9Shstuhou9Mhc64qqTypKSkv6ThpOulpKWqpaakz8jrpMOkxqSqpOqk3qS7pPOhozxicj4/sb7Gt6TyyrnTw6TLpMqkw6S/4eGhou9Mhc64qsTasr+k5NGtrWi/16TOpdWlo6Xrpb+pYKTKpMmk8suuz7SkpKS3pMbPwqS1pKShozxicj4/stCk6pyrpM/PtOWqpMvKuaSopN6kuaSsoaKkuaS5pK6kz8fly66kx9DQpMOkxs/CpLWkpKGjpL+kwKS3oaK0zqTOiPa6z6TPyrnTw6S3pMqkpKTHz8KktaSkoaM8YnI+Ksjh3JvKy8nPpLKEiKTIpM6B49PDPGJyPiqkqqTtpLekv6TGpM7SwsHPpM7PtOWqPGJyPiqkxKSxpKqkrc+0pKQ8YnI+PzI0lXLpZ+9Mhc6horTzwO3Kr6TO1KGy26GiyOvUodPDu6+7ksa3pM7KudPDpPLVSqThpMakpKTKpKTUobLboaLvTIXOuKqkx6TPyrmkqKTepLuk86GjPC9kaXY+PGRpdiBjbGFzcz0icGRlc2N0aXRsZSI+s8m31jwvZGl2PjxkaXYgY2xhc3M9InBkZXNjaG9uYnVuIj7Mv8vhTmGhoqXHpa2luaXIpeql86GiuqOJY6Gipd2l6qW9peul2algpcg4MKGipcal7KXTpfPTzaGipdul26XQt07X09PNoaLL4buvpcGlv6XzoaK808uut9a94qWzpempYKWypfOhoqXRpemlqrDXxOChoqWipd6l4qWopa2luaGipd6l86W0qWC5+4xnpailraW5oaKl0aXRpaSl5Ln7jGelqKWtpbmhoqWqpeyl86W4082hoqWrpd+lxKXsu6ilqKWtpbmhosjpy+GXVb76oaLI6bBrvc3SuijFo8jpKaGipeKl4sh+pailraW5oaKl3aXqpaKlr6XqpevL4U5hoaKl3aXqpaKlr6XqpevL4aGipdml86XIpcqlpKXIoaKluaWvpe2pYKW5oaJCR6GipcGlqsHyy+FOYaGipdWlp6XOpa2lt6Wopb+lzqlgpeuholBFRy0xMTVNoaLLrqGipailv6XOqWCl66Giz+PBzzwvZGl2PjxkaXYgY2xhc3M9InBkZXNjdGl0bGUiPtStrmK5+jwvZGl2PjxkaXYgY2xhc3M9InBkZXNjaG9uYnVuIj7I1bG+PC9kaXY+PGRpdiBjbGFzcz0icGRlc2N0aXRsZSI+saO53KSqpOik08ihklGkpMnPpM7XotLiPC9kaXY+PGRpdiBjbGFzcz0icGRlc2Nob25idW4iPj/I6dPXg7mkzsrWpM697KSrpMqkpKTIpLOk7aTLsaO53KS3pMakr6TApLWkpKGjPGJyPj+4387CoaK24MqqpM6kyKSzpO2ky6TP1sOkq6TKpKSkx8/CpLWkpKGjPGJyPj+xvsa3pM/Ks6TZpOmk7KTepLuk86GjzfLSu7Tzwb+ky++LpN/eeqTzpMCkyKStpM+hosuupPLvi6TepLukxs3CpKuku6TrpMqkyaTOhEnWw6Ty0NCkpKGipLmksKTL0r2On6TLpLTP4NWEz8KktaSkoaM8YnI+P7G+xrekyMv7pM7I69Sh08O7r7uSxrekyKTOgePTw6TPsdyksaTGz8KktaSkoaM8L2Rpdj48L3A+PC90ZD48L3RyPjwvdGFibGU+PGJyPjxicj6YU8zsMjSjvsjV08PGt6O+yOvUoYSIP87C1KHG96O+yOvUoYSIo77I69ShhIggpa+l7KWko76l0aXppaql36Xrpa2lo6XQpbkgNTBnPGJyPrBridPUqqO6pe2pYKW/pbk/MjE8YnI+1K2uYrn6IMjVsb48YnI+xNrI3cG/o7o1MGc8YnI+PGJyPjxicj48YnI+SkFOpbOpYKXJo7qhoTQ1ODAxMDQwNTAyNTY8YnI+PGJyPjx0YWJsZSB3aWR0aD0iMTAwJSIgYm9yZGVyPTAgY2VsbHNwYWNpbmc9MCBjZWxscGFkZGluZz01Pjx0cj48dGQ+PC90ZD48dHI+PHRkPjwvdGQ+PC90cj48L3RhYmxlPjxicj48YnI+PGJyPo7auObOxNifo7qlsaXzpbOpYKWzpeDW6sq9u+HJ5zxicj5URUw6MDUwLTU1NzctNTA0Mzxicj48YnI+PGJyPsjr1KGEiD/OwtShxvcvyOvUoYSIL8jr1KGEiCClr6XspaQ8YnI+x/i31jpbu6+7ksa3XTxicj48IS0tIGlkOiA/cy1pZD1yMjRfaWhibnJfMDEvID9zLWlkPXIyNF9paGJucl8wMiAtLT4KPHRhYmxlIHdpZHRoPSI3MzAiIGNlbGxwYWRkaW5nPSIwIiBjZWxsc3BhY2luZz0iMCIgYm9yZGVyPSIwIj4KCjwhLS0xMKOlT0ZGpa+pYKXdpfMvIC0tPgoKPGRpdiBzdHlsZT0ibWFyZ2luLWJvdHRvbToxMHB4OyI+Cgo8aW1nIHNyYz0iCmh0dHBzOi8vaW1hZ2UucmFrdXRlbi5jby5qcC9yYWt1dGVuMjQvY2FiaW5ldC9jb3Vwb24vYm5yXzEwMF83MDBfNjAuanBnIiBhbHQ9IrP1pOGkxqTOt73P3raoMTAwg9JPRkalr6lgpd2l86OhIiB3aWR0aD0iNzAwIiBoZWlnaHQ9IjYwIiBib3JkZXI9IjAiPgo8L2Rpdj4KCjxkaXYgc3R5bGU9Im1hcmdpbi1ib3R0b206MTBweDsiPgoKPGltZyBzcmM9Imh0dHBzOi8vaW1hZ2UucmFrdXRlbi5jby5qcC9yYWt1dGVuMjQvY2FiaW5ldC9jb3Vwb24vYm5yXzcwMF82MF81MDAwLmpwZyIgYWx0PSI1LDAwMIPS0tTJz9mPyOsxMCVPRkajoSIgd2lkdGg9IjcwMCIgaGVpZ2h0PSI2MCIgYm9yZGVyPSIwIj4KPC9kaXY+Cgo8IS0tZGl2IHN0eWxlPSJtYXJnaW4tYm90dG9tOjEwcHg7Ij4KCjxpbWcgc3JjPSJodHRwOi8vaW1hZ2UucmFrdXRlbi5jby5qcC9yYWt1dGVuMjQvY2FiaW5ldC9jb3Vwb24vYm5yXzcwMF82MF8xMDAwMC5qcGciIGFsdD0iMTAsMDAwg9LS1MnP2Y/I66THMTUlT0ZGo6EiIHdpZHRoPSI3MDAiIGhlaWdodD0iNjAiIGJvcmRlcj0iMCI+CjwvZGl2LS0+Cgo8IS0tZGl2IHN0eWxlPSJtYXJnaW4tYm90dG9tOjEwcHg7Ij4KCjxpbWcgc3JjPSJodHRwOi8vaW1hZ2UucmFrdXRlbi5jby5qcC9yYWt1dGVuMjQvY2FiaW5ldC9jYW1wYWlnbi9hc3VyYWt1L2Jucl83MDBfNjAuanBnIiBhbHQ9IqSipLmYU8nMxrel3aWkpfOlyDOxtqOhIiB3aWR0aD0iNzAwIiBoZWlnaHQ9IjYwIiBib3JkZXI9IjAiPgo8L2Rpdi0tPgoKPGRpdiBzdHlsZT0ibWFyZ2luLWJvdHRvbToxMHB4OyI+Cgo8aW1nIHNyYz0iaHR0cHM6Ly9pbWFnZS5yYWt1dGVuLmNvLmpwL3Jha3V0ZW4yNC9jYWJpbmV0L3NwZWNpYWwvZmF0aGVyXzQ2OHg2MC5qcGciIGFsdD0ipd2lpKXzpcgzsbajoSIgd2lkdGg9IjQ2OCIgaGVpZ2h0PSI2MCIgYm9yZGVyPSIwIj4KPC9kaXY+CgoKPGRpdiBzdHlsZT0ibWFyZ2luLWJvdHRvbToxMHB4OyI+Cgo8aW1nIHNyYz0iaHR0cHM6Ly9pbWFnZS5yYWt1dGVuLmNvLmpwL3Jha3V0ZW4yNC9jYWJpbmV0L3NwZWNpYWwvMjAxNl9lY2FtcGFpZ24uanBnIiBhbHQ9IqWkqWClsKXrpbmE2cD705vE7qXdpaSl86XIMrG2o6EiIHdpZHRoPSI0NjgiIGhlaWdodD0iNjAiIGJvcmRlcj0iMCI+CjwvZGl2PgoKCjwhLS0gLzEwo6VPRkalr6lgpd2l8yAtLT4KCjwhLS0gpKqkuaS5pOHJzMa3IC0tPgqlxqXspdO9Qr3po7oKpcil3qXIpbil5algpbkgLwql3qWrpcel36Wipcqlw6XEpaqlpKXrIC8KIOuKhNOl1qXspcOlyaWrpcOlv6lgIC8KIKXrpaSl3KW5pcalo6lgIC8KpOqk86S09aEgLwo8IS0tIC+kqqS5pLmk4cnMxrcgLS0+CgoKCjwhLS0gmFPM7DI0pKuk6aTOpeGlw6W7qWCluC8gLS0+Cjxicj48YnI+CgoKPCEtLSAvmFPM7DI0pKuk6aTOpeGlw6W7qWCluCAtLT4KCjwhLS0gpKKkuZhTTkcvIC0tPgo8IS0toaE8aW1nIHNyYz0iaHR0cDovL2ltYWdlLnJha3V0ZW4uY28uanAvcmFrdXRlbjI0L2NhYmluZXQvaXRlbTQ2L2FzdXJha3UwNzA0LmpwZyIgd2lkdGg9IjczMCIgaGVpZ2h0PSIxMzAiIGJvcmRlcj0iMCI+Cgo8ZGl2IHN0eWxlPSJtYXJnaW4tYm90dG9tOjVweDsiPgo8aW1nIHNyYz0iaHR0cDovL2ltYWdlLnJha3V0ZW4uY28uanAvcmFrdXRlbjI0L2NhYmluZXQvaXRlbTQ1L2FzdXJha3UwNzExLmpwZyIgd2lkdGg9IjczMCIgaGVpZ2h0PSI1MCIgYm9yZGVyPSIwIj4KPC9kaXY+Ci0tPgo8IS0tIC+koqS5mFNORyAtLT4KCgoKPCEtLSC72N9bLyAtLT4KPCEtLSAKCiAtLT4KPCEtLSAvu9jfWyAtLT4KCgoKPCEtLSAywdCx7cq+08Ol0KXKqWClqKXqpaI+CjwhLS0KPHRyPgo8dGQgd2lkdGg9IjM2NSI+PGltZyBzcmM9Imh0dHA6Ly93d3cucmFrdXRlbi5uZS5qcC9nb2xkL3Jha3V0ZW4yNC9pdGVtL2ltYWdlcy9pdGVtcGFnZV9ibnJfMDEuanBnIiB3aWR0aD0iMzYwIiBoZWlnaHQ9IjYwIiBib3JkZXI9IjAiIGFsdD0iIj48L3RkPgo8dGQgd2lkdGg9IjM2NSI+PGltZyBzcmM9Imh0dHA6Ly93d3cucmFrdXRlbi5uZS5qcC9nb2xkL3Jha3V0ZW4yNC9pdGVtL2ltYWdlcy9pdGVtcGFnZV9ibnJfMDIuZ2lmIiB3aWR0aD0iMzYwIiBoZWlnaHQ9IjYwIiBib3JkZXI9IjAiIGFsdD0iIj48L3RkPgo8L3RyPgotLT4gCgo8IS0tINlJpKTO76SrpLSl3KW/pfMvIC0tPgo8c3R5bGU+Ci8qIL7Jpdylv6XzCiNyYWt1dGVuTGltaXRlZElkX2Fyb3VuZENhcnQgaW5wdXQgewogIHdpZHRoOiAxNjBweDsKICBoZWlnaHQ6IDQwcHg7CiBiYWNrZ3JvdW5kOnVybChodHRwOi8vaW1hZ2UucmFrdXRlbi5jby5qcC9yYWt1dGVuMjQvY2FiaW5ldC90ZXN0L2NhcnRfYmxhY2suZ2lmKSAjZmNmY2ZjIG5vLXJlcGVhdDsKICBvdmVyZmxvdzogaGlkZGVuOwogIGJvcmRlci13aWR0aDogMHB4OwogIHRleHQtaW5kZW50OiAxNTAlOwogIGN1cnNvcjogcG9pbnRlciAhaW1wb3J0YW50OwogIHdoaXRlLXNwYWNlOiBub3dyYXA7CiAgbWFyZ2luOiAxMHB4IDAgMCAwOwp9CiovCgovKiC+yTIKI3Jha3V0ZW5MaW1pdGVkSWRfYXJvdW5kQ2FydCBpbnB1dCB7CiAgd2lkdGg6IDE4MHB4OwogIGhlaWdodDogNDBweDsKIGJhY2tncm91bmQ6dXJsKGh0dHA6Ly9pbWFnZS5yYWt1dGVuLmNvLmpwL3Jha3V0ZW4yNC9jYWJpbmV0L2xheW91dC9idG5fY2FydF9ibGFjay5naWYpICNmY2ZjZmMgbm8tcmVwZWF0OwogIG92ZXJmbG93OiBoaWRkZW47CiAgYm9yZGVyLXdpZHRoOiAwcHg7CiAgdGV4dC1pbmRlbnQ6IDE1MCU7CiAgY3Vyc29yOiBwb2ludGVyICFpbXBvcnRhbnQ7CiAgd2hpdGUtc3BhY2U6IG5vd3JhcDsKICBtYXJnaW46IDEwcHggMCAwIDA7Cn0KKi8KCi8qINPovHOkq6S0jJ2P6qTHpbOl4aXzpciloqWmpcgKI3Jha3V0ZW5MaW1pdGVkSWRfYXJvdW5kQ2FydCBpbnB1dCB7CiAgd2lkdGg6IDE4MHB4OwogIGhlaWdodDogNDBweDsKIGJhY2tncm91bmQ6dXJsKCJodHRwOi8vaW1hZ2UucmFrdXRlbi5jby5qcC9yYWt1dGVuMjQvY2FiaW5ldC9sYXlvdXQvYnRuX2NhcnRfYmxhY2suZ2lmIikgI2ZjZmNmYyBuby1yZXBlYXQ7CiAgb3ZlcmZsb3c6IGhpZGRlbjsKICBib3JkZXItd2lkdGg6IDBweDsKICB0ZXh0LWluZGVudDogMTUwJTsKICBjdXJzb3I6IHBvaW50ZXIgIWltcG9ydGFudDsKICB3aGl0ZS1zcGFjZTogbm93cmFwOwogIG1hcmdpbjogMTBweCAwIDAgMDsKfQoqLwojcmFrdXRlbkxpbWl0ZWRJZF9hcm91bmRDYXJ0IGlucHV0LnJDYXJ0QnRuOmhvdmVyLApkaXYuc2hvcEJvb2ttYXJrQXJlYSBkaXYuc2hvcEJrbSBhLmFkZFNob3BCa20gc3Bhbi5zaG9wQmttU3Rhcjpob3ZlciwKZGl2LmJvb2ttYXJrQXJlYSBkaXYuYmttIGEuYWRkQmttIHNwYW4uYmttU3Rhcjpob3ZlciB7CiAgb3BhY2l0eTogMC44OwogIGZpbHRlcjogYWxwaGEob3BhY2l0eT04MCk7Cn0KCiNyYWt1dGVuTGltaXRlZElkX2Fyb3VuZENhcnQgI3NlcnZpY2VUYWJsZVNtbHsKLyoKICBtYXJnaW4tbGVmdDogOTJweCAhaW1wb3J0YW50OwoqLwp9CgojcmFrdXRlbkxpbWl0ZWRJZF9hcm91bmRDYXJ0ICNzZXJ2aWNlVGFibGVTbWwgdGQuZmF2b3JpdGV7CndpZHRoOiAyNzBweCAhaW1wb3J0YW50Owp9CgoKCiNyYWt1dGVuTGltaXRlZElkX2Fyb3VuZENhcnQgZGl2LnNob3BCa217CndpZHRoOiAxMjBweDsKfQoKZGl2LnNob3BCb29rbWFya0FyZWEgZGl2LnNob3BCa20gYS5hZGRTaG9wQmttewp3aWR0aDogMTIwcHggIWltcG9ydGFudDsKaGVpZ2h0OiAyNnB4ICFpbXBvcnRhbnQ7Cn0KCmRpdi5zaG9wQm9va21hcmtBcmVhIGRpdi5zaG9wQmttIGEuYWRkU2hvcEJrbSBzcGFuLnNob3BCa21TdGFyewp3aWR0aDogMTIwcHggIWltcG9ydGFudDsKaGVpZ2h0OiAyNnB4ICFpbXBvcnRhbnQ7CmJhY2tncm91bmQ6IHVybChodHRwOi8vaW1hZ2UucmFrdXRlbi5jby5qcC9yYWt1dGVuMjQvY2FiaW5ldC9sYXlvdXQvYnRuX2Zhdm9yaXRlX3Nob3AuZ2lmKSBuby1yZXBlYXQgMCAwICFpbXBvcnRhbnQ7Cn0KCgoKI3Jha3V0ZW5MaW1pdGVkSWRfYXJvdW5kQ2FydCBkaXYuYmttewp3aWR0aDogMTIwcHg7Cn0KCmRpdi5ib29rbWFya0FyZWEgZGl2LmJrbSBhLmFkZEJrbXsKd2lkdGg6IDEyMHB4ICFpbXBvcnRhbnQ7CmhlaWdodDogMjZweCAhaW1wb3J0YW50Owp9CgpkaXYuYm9va21hcmtBcmVhIGRpdi5ia20gYS5hZGRCa20gc3Bhbi5ia21TdGFyewp3aWR0aDogMTIwcHggIWltcG9ydGFudDsKaGVpZ2h0OiAyNnB4ICFpbXBvcnRhbnQ7CmJhY2tncm91bmQ6IHVybChodHRwOi8vaW1hZ2UucmFrdXRlbi5jby5qcC9yYWt1dGVuMjQvY2FiaW5ldC9sYXlvdXQvYnRuX2Zhdm9yaXRlX2l0ZW0uZ2lmKSBuby1yZXBlYXQgMCAwICFpbXBvcnRhbnQ7Cn0KCi53ZWVrbHlCbnJ7CndpZHRoOiA3MDBweDsKaGVpZ2h0OiAyMzFweDsKcG9zaXRpb246IHJlbGF0aXZlOwpiYWNrZ3JvdW5kOiB1cmwoImh0dHA6Ly93d3cucmFrdXRlbi5uZS5qcC9nb2xkL3Jha3V0ZW4yNC9pbWcvcmFuazEvYmdfcmFua2Juci5qcGciKSBsZWZ0IHRvcCBuby1yZXBlYXQ7Cn0KCi53ZWVrbHlCbnIgaW1newp3aWR0aDogNjYycHg7CnBvc2l0aW9uOiBhYnNvbHV0ZTsKYm90dG9tOiAzMHB4OwpsZWZ0OiAyMHB4Owp6LWluZGV4OiAxMDsKfQoKLndlZWtseUJucjphZnRlcnsKY29udGVudDogdXJsKCJodHRwOi8vd3d3LnJha3V0ZW4ubmUuanAvZ29sZC9yYWt1dGVuMjQvaW1nL3JhbmsxL3dyYXBfcmFua2Juci5wbmciKTsKcG9zaXRpb246IGFic29sdXRlOwp0b3A6IDA7CmxlZnQ6IDA7CnotaW5kZXg6IDEwMDsKfQoKLnJldmlld0JuciB7CiAgICB3aWR0aDogNzAwcHg7CiAgICBoZWlnaHQ6IDEwMHB4OwogICAgYmFja2dyb3VuZDogdXJsKCJodHRwOi8vaW1hZ2UucmFrdXRlbi5jby5qcC9yYWt1dGVuMjQvY2FiaW5ldC9jYW1wYWlnbi9yZXZpZXcvYmdfcmV2aWV3Ym5yLmpwZyIpIGxlZnQgdG9wIG5vLXJlcGVhdDsKICAgIHBvc2l0aW9uOiByZWxhdGl2ZTsKICAgIGZvbnQtc2l6ZTogMTZweDsKfQoKLnJldmlld0JuciBkaXYgewogICAgcGFkZGluZzogMTBweDsKICAgIGJhY2tncm91bmQ6ICNmZmY7CiAgICBwb3NpdGlvbjogYWJzb2x1dGU7CiAgICB0b3A6IDExcHg7CiAgICBsZWZ0OiAxODBweDsKICAgIGxpbmUtaGVpZ2h0OiAxMjAlOwogICAgYm9yZGVyLXJhZGl1czogNXB4Owp9CgoucmV2aWV3Qm5yIHNwYW4gewogICAgY29sb3I6ICNmZjAwMDA7Cn0KCi5yZXZpZXdCbnIgc3Ryb25nIHsKICAgIGZvbnQtc2l6ZTogMThweDsKfQoKLmJucl9lYWdsZXN7CiAgICB3aWR0aDogNzAwcHg7CiAgICBkaXNwbGF5OiBibG9jazsKICAgIGJhY2tncm91bmQtY29sb3I6ICM5MjA0MWU7CiAgICB0ZXh0LWFsaWduOiBjZW50ZXI7Cn0KCgoKaHRtbCxib2R5IHsKZm9udC1mYW1pbHk6IENlbnR1cnkgR290aGljLCBBcmlhbDsKfQoKc3Bhbi5jYXRlZ29yeV9pdGVtdGF4cG9zdGFnZSB7Zm9udC1zaXplOjEwcHg7fQpzcGFuLmNhdGVnb3J5X2l0ZW1wcmljZSB7Y29sb3I6I2JmMDAwMDtmb250LXNpemU6MjRweDtmb250LXdlaWdodDpib2xkOyBkaXNwbGF5OmJsb2NrO30Kc3Bhbi5wcmljZTIgeyBmb250LXNpemU6MjIwJSAhaW1wb3J0YW50O2ZvbnQtd2VpZ2h0OmJvbGQ7fQp0YWJsZXt6LWluZGV4OjA7fSAKc3Bhbi5jYXRlZ29yeV9pdGVtcHJpY2U6YmVmb3Jley8qY29udGVudDoiUFJJQ0UgIjsqL2ZvbnQtc2l6ZToxMHB4O30KPC9zdHlsZT4KCjwhLS0gpLOks6TepMcgLS0+CgoKPC90YWJsZT4=,pdGl6aWqpd+l66WtpaOl0KW5IDUwZ6G+mFPM7DI0ob9byOvUoYSIIKWvpeylpF2juphTzOwyNA==,mFPM7DI0pa+l6qW5pb+l66WspaSltqlgpd+lzaXppeulpqWpqWClv6lgpeqloqXDpdel6qWipcOl13g1pcClpqXLqWCls6XzpcmpYKXgpdql6qWopbWpYKXipbmls6Xzpcil7KXDpa+lucjVn4aksda5pOGls6Wzpcqlw6XEpaqlpKXrpKiktKTepLOk4dPNpbWl86XapeylsKXqpc7JyO9MmUOlr6Xqpbmlv6XrpaylpKW2qWAgNTAwbWwgNDixvr52pM7Ep8WuuMq+xqXRpemlqqXfpeulraWjpdCluSA1MGehvphTzOwyNKG/W8jr1KGEiCClr6XspaRd,y7CSaTE4ODCD0tLUyc/LzcHPn2/Bz6GjpdGl6aWqpd+l66WtpaOl0KW5IDUwZ6G+mFPM7DI0ob9byOvUoYSIIKWvpeylpF0=[rn]
31-51724,aHR0cDovL3RzaG9wLnIxMHMuanAvcmFrdXRlbjI0L2NhYmluZXQveDczMTUveDczMTU3MGhfbC5qcGc/Zml0aW49NzAwOjcwMA==,MTAzLjIwMDA=,,pdqlw6XIP6XapcOlyKWwpcOluiA+IKXapcOlyNPDpKrK1sjrpOzTw8a3ID4gpdCludPDxrcgPiDI69ShhIg=,pdGlyKXipbkgpdCluaWopcOlu6XzpbkgKKWipdel6qWzpcOlyCmhvphTzOwyNKG/W6XRpcil4qW5IKWipe2l3iCl0KW5pailw6W7pfOluV0=,pdGlyKXipbkvy7CSaTE4ODCD0tLUyc/LzcHPn2/Bzw==,oaE8YnI+PGJyPjxzbWFsbD6h+aXRpcOlsalgpbilx6W2paSl87XIpM/T6LjmpMqkr4nkuPyktaTspOuks6TIpKykoqTqpN6kuaGjPC9zbWFsbD48YnI+PGJyPjx0YWJsZT48dHI+PHRkIHdpZHRoPSIxMDAlIj48cCBjbGFzcz0icGRlc2MiPjxkaXYgY2xhc3M9InBkZXNjdGl0bGUiPsnMxrfVaMP3PC9kaXY+PGRpdiBjbGFzcz0icGRlc2Nob25idW4iPqG4pdGlyKXipbkgpdCluaWopcOlu6XzpbkgKKWipdel6qWzpcOlyCmhuaTPoaLWss7vpM7IfqTku6ihorn7jGekyqTJpKuk6bPps/aktaTspOulqKXDpbul86W3peOl66WqpaSl66TypMik6qSkpOykv6Wipe2l3qXQpbmlqKXDpbul86W5pMekuaGjuMqkr6TfpLqk36S6pLekpKWipdel6qWzpcOlyKTOz+Ok6qGjPC9kaXY+PGRpdiBjbGFzcz0icGRlc2N0aXRsZSI+yrnTw7e9t6g8L2Rpdj48ZGl2IGNsYXNzPSJwZGVzY2hvbmJ1biI+1KGy26TOpKqcqyi8czIwMEwppMuxvsa3MYKApPLI66TsoaKk6KSvpKukrbvspLykxs/CpLWkpKGjPC9kaXY+PGRpdiBjbGFzcz0icGRlc2N0aXRsZSI+yrnTw8nPpM7XotLiPC9kaXY+PGRpdiBjbGFzcz0icGRlc2Nob25idW4iPj+xvsa3pM/Ks6TZpOmk7KTepLuk86GjPGJyPj+kqryhpMu6z6TvpMqkpIj2us+kz6GipLTKudPDpPKkqqTkpOHPwqS1pKShozxicj4/19O5qaTOytakzr3spKukyqSky/mky7Gjudykt6TGz8KktaSkoaM8YnI+P7jfzsK24MqqpOTWscnkyNW54qTOpMiks6TtpMvWw6SrpMqkpKTHz8KktaSkoaM8YnI+P8S/pMvI66TDpL+I9rrPpM+kuaSwpMvPtKSkwfekt6TGz8KktaSkoaM8L2Rpdj48ZGl2IGNsYXNzPSJwZGVzY3RpdGxlIj6zybfWPC9kaXY+PGRpdiBjbGFzcz0icGRlc2Nob25idW4iPqXfpc2l6aXrpaqlpKXroaKlvKXppcGl86Gipaql7KW5LTehos/jwc+hoqWqpeyluS0yoaKlsKXqpbul6qXzoaKlqqXqqWCl1tPNoaKl26XbpdC3TtfT082hoqW5pa+l76XppfOhoqXPpcil4KWu082hoqXIpbOl1aWnpe2pYKXroaKlu6W5pa2lqqXspaSl88vhpb2l66XTpb+l86Giy66hokJHoaKloqXzpbq3TtfTpailraW5oaKlqKW/pc6pYKXroaKlqqWtpbel2aXzpb6l8y00oaJQRUctOKGipaKluaXRpemlrqXzy+GhoqWvpail88vhoaK7xjU8L2Rpdj48L3A+PC90ZD48L3RyPjwvdGFibGU+PGJyPqXWpeml86XJo7ql0aXIpeKluTxicj6YU8zsMjSjvrBLpLfTw8a3o76luaXR08PGt6O+yOvUoYSIo76loqXtpd4gpdCluaWopcOlu6XzpbmjvqXRpcil4qW5IKXQpbmlqKXDpbul86W5ICiloqXXpeqls6XDpcgpPGJyPtF11OzYnInT1KqjuqW4qWCl1Klgpa+l6qWopaSlxDxicj48YnI+xNrI3cG/o7oxgoA8YnI+PGJyPjxicj6ltaWkpboozeLXsCmjur9rNDIquuE3MChtbSk8YnI+SkFOpbOpYKXJo7qhoTQ5NjgzMjQwMjg2MTE8YnI+PGJyPjx0YWJsZSB3aWR0aD0iMTAwJSIgYm9yZGVyPTAgY2VsbHNwYWNpbmc9MCBjZWxscGFkZGluZz01Pjx0cj48dGQ+PC90ZD48dHI+PHRkPjwvdGQ+PC90cj48L3RhYmxlPjxicj48YnI+PGJyPo7auObOxNifo7qlsaXzpbOpYKWzpeDW6sq9u+HJ5zxicj5URUw6MDUwLTU1NzctNTA0Mzxicj48YnI+W6XRpcil4qW5XTxicj6luaXR08PGty/I69ShhIgvpaKl7aXeIKXQpbmlqKXDpbul86W5PGJyPsf4t9Y6W7uvu5LGt108YnI+PCEtLSBpZDogP3MtaWQ9cjI0X2loYm5yXzAxLyA/cy1pZD1yMjRfaWhibnJfMDIgLS0+Cjx0YWJsZSB3aWR0aD0iNzMwIiBjZWxscGFkZGluZz0iMCIgY2VsbHNwYWNpbmc9IjAiIGJvcmRlcj0iMCI+Cgo8IS0tMTCjpU9GRqWvqWCl3aXzLyAtLT4KCjxkaXYgc3R5bGU9Im1hcmdpbi1ib3R0b206MTBweDsiPgoKPGltZyBzcmM9IgpodHRwczovL2ltYWdlLnJha3V0ZW4uY28uanAvcmFrdXRlbjI0L2NhYmluZXQvY291cG9uL2Jucl8xMDBfNzAwXzYwLmpwZyIgYWx0PSKz9aThpMakzre9z962qDEwMIPST0ZGpa+pYKXdpfOjoSIgd2lkdGg9IjcwMCIgaGVpZ2h0PSI2MCIgYm9yZGVyPSIwIj4KPC9kaXY+Cgo8ZGl2IHN0eWxlPSJtYXJnaW4tYm90dG9tOjEwcHg7Ij4KCjxpbWcgc3JjPSJodHRwczovL2ltYWdlLnJha3V0ZW4uY28uanAvcmFrdXRlbjI0L2NhYmluZXQvY291cG9uL2Jucl83MDBfNjBfNTAwMC5qcGciIGFsdD0iNSwwMDCD0tLUyc/Zj8jrMTAlT0ZGo6EiIHdpZHRoPSI3MDAiIGhlaWdodD0iNjAiIGJvcmRlcj0iMCI+CjwvZGl2PgoKPCEtLWRpdiBzdHlsZT0ibWFyZ2luLWJvdHRvbToxMHB4OyI+Cgo8aW1nIHNyYz0iaHR0cDovL2ltYWdlLnJha3V0ZW4uY28uanAvcmFrdXRlbjI0L2NhYmluZXQvY291cG9uL2Jucl83MDBfNjBfMTAwMDAuanBnIiBhbHQ9IjEwLDAwMIPS0tTJz9mPyOukxzE1JU9GRqOhIiB3aWR0aD0iNzAwIiBoZWlnaHQ9IjYwIiBib3JkZXI9IjAiPgo8L2Rpdi0tPgoKPCEtLWRpdiBzdHlsZT0ibWFyZ2luLWJvdHRvbToxMHB4OyI+Cgo8aW1nIHNyYz0iaHR0cDovL2ltYWdlLnJha3V0ZW4uY28uanAvcmFrdXRlbjI0L2NhYmluZXQvY2FtcGFpZ24vYXN1cmFrdS9ibnJfNzAwXzYwLmpwZyIgYWx0PSKkoqS5mFPJzMa3pd2lpKXzpcgzsbajoSIgd2lkdGg9IjcwMCIgaGVpZ2h0PSI2MCIgYm9yZGVyPSIwIj4KPC9kaXYtLT4KCjxkaXYgc3R5bGU9Im1hcmdpbi1ib3R0b206MTBweDsiPgoKPGltZyBzcmM9Imh0dHBzOi8vaW1hZ2UucmFrdXRlbi5jby5qcC9yYWt1dGVuMjQvY2FiaW5ldC9zcGVjaWFsL2ZhdGhlcl80Njh4NjAuanBnIiBhbHQ9IqXdpaSl86XIM7G2o6EiIHdpZHRoPSI0NjgiIGhlaWdodD0iNjAiIGJvcmRlcj0iMCI+CjwvZGl2PgoKCjxkaXYgc3R5bGU9Im1hcmdpbi1ib3R0b206MTBweDsiPgoKPGltZyBzcmM9Imh0dHBzOi8vaW1hZ2UucmFrdXRlbi5jby5qcC9yYWt1dGVuMjQvY2FiaW5ldC9zcGVjaWFsLzIwMTZfZWNhbXBhaWduLmpwZyIgYWx0PSKlpKlgpbCl66W5hNnA+9ObxO6l3aWkpfOlyDKxtqOhIiB3aWR0aD0iNDY4IiBoZWlnaHQ9IjYwIiBib3JkZXI9IjAiPgo8L2Rpdj4KCgo8IS0tIC8xMKOlT0ZGpa+pYKXdpfMgLS0+Cgo8IS0tIKSqpLmkuaThyczGtyAtLT4Kpcal7KXTvUK96aO6CqXIpd6lyKW4peWpYKW5IC8Kpd6lq6XHpd+loqXKpcOlxKWqpaSl6yAvCiDrioTTpdal7KXDpcmlq6XDpb+pYCAvCiCl66WkpdyluaXGpaOpYCAvCqTqpPOktPWhIC8KPCEtLSAvpKqkuaS5pOHJzMa3IC0tPgoKCgo8IS0tIJhTzOwyNKSrpOmkzqXhpcOlu6lgpbgvIC0tPgo8YnI+PGJyPgoKCjwhLS0gL5hTzOwyNKSrpOmkzqXhpcOlu6lgpbggLS0+Cgo8IS0tIKSipLmYU05HLyAtLT4KPCEtLaGhPGltZyBzcmM9Imh0dHA6Ly9pbWFnZS5yYWt1dGVuLmNvLmpwL3Jha3V0ZW4yNC9jYWJpbmV0L2l0ZW00Ni9hc3VyYWt1MDcwNC5qcGciIHdpZHRoPSI3MzAiIGhlaWdodD0iMTMwIiBib3JkZXI9IjAiPgoKPGRpdiBzdHlsZT0ibWFyZ2luLWJvdHRvbTo1cHg7Ij4KPGltZyBzcmM9Imh0dHA6Ly9pbWFnZS5yYWt1dGVuLmNvLmpwL3Jha3V0ZW4yNC9jYWJpbmV0L2l0ZW00NS9hc3VyYWt1MDcxMS5qcGciIHdpZHRoPSI3MzAiIGhlaWdodD0iNTAiIGJvcmRlcj0iMCI+CjwvZGl2PgotLT4KPCEtLSAvpKKkuZhTTkcgLS0+CgoKCjwhLS0gu9jfWy8gLS0+CjwhLS0gCgogLS0+CjwhLS0gL7vY31sgLS0+CgoKCjwhLS0gMsHQse3KvtPDpdClyqlgpail6qWiPgo8IS0tCjx0cj4KPHRkIHdpZHRoPSIzNjUiPjxpbWcgc3JjPSJodHRwOi8vd3d3LnJha3V0ZW4ubmUuanAvZ29sZC9yYWt1dGVuMjQvaXRlbS9pbWFnZXMvaXRlbXBhZ2VfYm5yXzAxLmpwZyIgd2lkdGg9IjM2MCIgaGVpZ2h0PSI2MCIgYm9yZGVyPSIwIiBhbHQ9IiI+PC90ZD4KPHRkIHdpZHRoPSIzNjUiPjxpbWcgc3JjPSJodHRwOi8vd3d3LnJha3V0ZW4ubmUuanAvZ29sZC9yYWt1dGVuMjQvaXRlbS9pbWFnZXMvaXRlbXBhZ2VfYm5yXzAyLmdpZiIgd2lkdGg9IjM2MCIgaGVpZ2h0PSI2MCIgYm9yZGVyPSIwIiBhbHQ9IiI+PC90ZD4KPC90cj4KLS0+IAoKPCEtLSDZSaSkzu+kq6S0pdylv6XzLyAtLT4KPHN0eWxlPgovKiC+yaXcpb+l8wojcmFrdXRlbkxpbWl0ZWRJZF9hcm91bmRDYXJ0IGlucHV0IHsKICB3aWR0aDogMTYwcHg7CiAgaGVpZ2h0OiA0MHB4OwogYmFja2dyb3VuZDp1cmwoaHR0cDovL2ltYWdlLnJha3V0ZW4uY28uanAvcmFrdXRlbjI0L2NhYmluZXQvdGVzdC9jYXJ0X2JsYWNrLmdpZikgI2ZjZmNmYyBuby1yZXBlYXQ7CiAgb3ZlcmZsb3c6IGhpZGRlbjsKICBib3JkZXItd2lkdGg6IDBweDsKICB0ZXh0LWluZGVudDogMTUwJTsKICBjdXJzb3I6IHBvaW50ZXIgIWltcG9ydGFudDsKICB3aGl0ZS1zcGFjZTogbm93cmFwOwogIG1hcmdpbjogMTBweCAwIDAgMDsKfQoqLwoKLyogvskyCiNyYWt1dGVuTGltaXRlZElkX2Fyb3VuZENhcnQgaW5wdXQgewogIHdpZHRoOiAxODBweDsKICBoZWlnaHQ6IDQwcHg7CiBiYWNrZ3JvdW5kOnVybChodHRwOi8vaW1hZ2UucmFrdXRlbi5jby5qcC9yYWt1dGVuMjQvY2FiaW5ldC9sYXlvdXQvYnRuX2NhcnRfYmxhY2suZ2lmKSAjZmNmY2ZjIG5vLXJlcGVhdDsKICBvdmVyZmxvdzogaGlkZGVuOwogIGJvcmRlci13aWR0aDogMHB4OwogIHRleHQtaW5kZW50OiAxNTAlOwogIGN1cnNvcjogcG9pbnRlciAhaW1wb3J0YW50OwogIHdoaXRlLXNwYWNlOiBub3dyYXA7CiAgbWFyZ2luOiAxMHB4IDAgMCAwOwp9CiovCgovKiDT6LxzpKuktIydj+qkx6WzpeGl86XIpaKlpqXICiNyYWt1dGVuTGltaXRlZElkX2Fyb3VuZENhcnQgaW5wdXQgewogIHdpZHRoOiAxODBweDsKICBoZWlnaHQ6IDQwcHg7CiBiYWNrZ3JvdW5kOnVybCgiaHR0cDovL2ltYWdlLnJha3V0ZW4uY28uanAvcmFrdXRlbjI0L2NhYmluZXQvbGF5b3V0L2J0bl9jYXJ0X2JsYWNrLmdpZiIpICNmY2ZjZmMgbm8tcmVwZWF0OwogIG92ZXJmbG93OiBoaWRkZW47CiAgYm9yZGVyLXdpZHRoOiAwcHg7CiAgdGV4dC1pbmRlbnQ6IDE1MCU7CiAgY3Vyc29yOiBwb2ludGVyICFpbXBvcnRhbnQ7CiAgd2hpdGUtc3BhY2U6IG5vd3JhcDsKICBtYXJnaW46IDEwcHggMCAwIDA7Cn0KKi8KI3Jha3V0ZW5MaW1pdGVkSWRfYXJvdW5kQ2FydCBpbnB1dC5yQ2FydEJ0bjpob3ZlciwKZGl2LnNob3BCb29rbWFya0FyZWEgZGl2LnNob3BCa20gYS5hZGRTaG9wQmttIHNwYW4uc2hvcEJrbVN0YXI6aG92ZXIsCmRpdi5ib29rbWFya0FyZWEgZGl2LmJrbSBhLmFkZEJrbSBzcGFuLmJrbVN0YXI6aG92ZXIgewogIG9wYWNpdHk6IDAuODsKICBmaWx0ZXI6IGFscGhhKG9wYWNpdHk9ODApOwp9CgojcmFrdXRlbkxpbWl0ZWRJZF9hcm91bmRDYXJ0ICNzZXJ2aWNlVGFibGVTbWx7Ci8qCiAgbWFyZ2luLWxlZnQ6IDkycHggIWltcG9ydGFudDsKKi8KfQoKI3Jha3V0ZW5MaW1pdGVkSWRfYXJvdW5kQ2FydCAjc2VydmljZVRhYmxlU21sIHRkLmZhdm9yaXRlewp3aWR0aDogMjcwcHggIWltcG9ydGFudDsKfQoKCgojcmFrdXRlbkxpbWl0ZWRJZF9hcm91bmRDYXJ0IGRpdi5zaG9wQmttewp3aWR0aDogMTIwcHg7Cn0KCmRpdi5zaG9wQm9va21hcmtBcmVhIGRpdi5zaG9wQmttIGEuYWRkU2hvcEJrbXsKd2lkdGg6IDEyMHB4ICFpbXBvcnRhbnQ7CmhlaWdodDogMjZweCAhaW1wb3J0YW50Owp9CgpkaXYuc2hvcEJvb2ttYXJrQXJlYSBkaXYuc2hvcEJrbSBhLmFkZFNob3BCa20gc3Bhbi5zaG9wQmttU3RhcnsKd2lkdGg6IDEyMHB4ICFpbXBvcnRhbnQ7CmhlaWdodDogMjZweCAhaW1wb3J0YW50OwpiYWNrZ3JvdW5kOiB1cmwoaHR0cDovL2ltYWdlLnJha3V0ZW4uY28uanAvcmFrdXRlbjI0L2NhYmluZXQvbGF5b3V0L2J0bl9mYXZvcml0ZV9zaG9wLmdpZikgbm8tcmVwZWF0IDAgMCAhaW1wb3J0YW50Owp9CgoKCiNyYWt1dGVuTGltaXRlZElkX2Fyb3VuZENhcnQgZGl2LmJrbXsKd2lkdGg6IDEyMHB4Owp9CgpkaXYuYm9va21hcmtBcmVhIGRpdi5ia20gYS5hZGRCa217CndpZHRoOiAxMjBweCAhaW1wb3J0YW50OwpoZWlnaHQ6IDI2cHggIWltcG9ydGFudDsKfQoKZGl2LmJvb2ttYXJrQXJlYSBkaXYuYmttIGEuYWRkQmttIHNwYW4uYmttU3RhcnsKd2lkdGg6IDEyMHB4ICFpbXBvcnRhbnQ7CmhlaWdodDogMjZweCAhaW1wb3J0YW50OwpiYWNrZ3JvdW5kOiB1cmwoaHR0cDovL2ltYWdlLnJha3V0ZW4uY28uanAvcmFrdXRlbjI0L2NhYmluZXQvbGF5b3V0L2J0bl9mYXZvcml0ZV9pdGVtLmdpZikgbm8tcmVwZWF0IDAgMCAhaW1wb3J0YW50Owp9Cgoud2Vla2x5Qm5yewp3aWR0aDogNzAwcHg7CmhlaWdodDogMjMxcHg7CnBvc2l0aW9uOiByZWxhdGl2ZTsKYmFja2dyb3VuZDogdXJsKCJodHRwOi8vd3d3LnJha3V0ZW4ubmUuanAvZ29sZC9yYWt1dGVuMjQvaW1nL3JhbmsxL2JnX3JhbmtibnIuanBnIikgbGVmdCB0b3Agbm8tcmVwZWF0Owp9Cgoud2Vla2x5Qm5yIGltZ3sKd2lkdGg6IDY2MnB4Owpwb3NpdGlvbjogYWJzb2x1dGU7CmJvdHRvbTogMzBweDsKbGVmdDogMjBweDsKei1pbmRleDogMTA7Cn0KCi53ZWVrbHlCbnI6YWZ0ZXJ7CmNvbnRlbnQ6IHVybCgiaHR0cDovL3d3dy5yYWt1dGVuLm5lLmpwL2dvbGQvcmFrdXRlbjI0L2ltZy9yYW5rMS93cmFwX3JhbmtibnIucG5nIik7CnBvc2l0aW9uOiBhYnNvbHV0ZTsKdG9wOiAwOwpsZWZ0OiAwOwp6LWluZGV4OiAxMDA7Cn0KCi5yZXZpZXdCbnIgewogICAgd2lkdGg6IDcwMHB4OwogICAgaGVpZ2h0OiAxMDBweDsKICAgIGJhY2tncm91bmQ6IHVybCgiaHR0cDovL2ltYWdlLnJha3V0ZW4uY28uanAvcmFrdXRlbjI0L2NhYmluZXQvY2FtcGFpZ24vcmV2aWV3L2JnX3Jldmlld2Juci5qcGciKSBsZWZ0IHRvcCBuby1yZXBlYXQ7CiAgICBwb3NpdGlvbjogcmVsYXRpdmU7CiAgICBmb250LXNpemU6IDE2cHg7Cn0KCi5yZXZpZXdCbnIgZGl2IHsKICAgIHBhZGRpbmc6IDEwcHg7CiAgICBiYWNrZ3JvdW5kOiAjZmZmOwogICAgcG9zaXRpb246IGFic29sdXRlOwogICAgdG9wOiAxMXB4OwogICAgbGVmdDogMTgwcHg7CiAgICBsaW5lLWhlaWdodDogMTIwJTsKICAgIGJvcmRlci1yYWRpdXM6IDVweDsKfQoKLnJldmlld0JuciBzcGFuIHsKICAgIGNvbG9yOiAjZmYwMDAwOwp9CgoucmV2aWV3Qm5yIHN0cm9uZyB7CiAgICBmb250LXNpemU6IDE4cHg7Cn0KCi5ibnJfZWFnbGVzewogICAgd2lkdGg6IDcwMHB4OwogICAgZGlzcGxheTogYmxvY2s7CiAgICBiYWNrZ3JvdW5kLWNvbG9yOiAjOTIwNDFlOwogICAgdGV4dC1hbGlnbjogY2VudGVyOwp9CgoKCmh0bWwsYm9keSB7CmZvbnQtZmFtaWx5OiBDZW50dXJ5IEdvdGhpYywgQXJpYWw7Cn0KCnNwYW4uY2F0ZWdvcnlfaXRlbXRheHBvc3RhZ2Uge2ZvbnQtc2l6ZToxMHB4O30Kc3Bhbi5jYXRlZ29yeV9pdGVtcHJpY2Uge2NvbG9yOiNiZjAwMDA7Zm9udC1zaXplOjI0cHg7Zm9udC13ZWlnaHQ6Ym9sZDsgZGlzcGxheTpibG9jazt9CnNwYW4ucHJpY2UyIHsgZm9udC1zaXplOjIyMCUgIWltcG9ydGFudDtmb250LXdlaWdodDpib2xkO30KdGFibGV7ei1pbmRleDowO30gCnNwYW4uY2F0ZWdvcnlfaXRlbXByaWNlOmJlZm9yZXsvKmNvbnRlbnQ6IlBSSUNFICI7Ki9mb250LXNpemU6MTBweDt9Cjwvc3R5bGU+Cgo8IS0tIKSzpLOk3qTHIC0tPgoKCjwvdGFibGU+,pdGlyKXipbkgpdCluaWopcOlu6XzpbkgKKWipdel6qWzpcOlyCmhvphTzOwyNKG/W6XRpcil4qW5IKWipe2l3iCl0KW5pailw6W7pfOluV2juphTzOwyNA==,mFPM7DI0pa+l6qW5pb+l66WspaSltqlgpd+lzaXppeulpqWpqWClv6lgpeqloqXDpdel6qWipcOl13g1pcClpqXLqWCls6XzpcmpYKXgpdql6qWopbWpYKXipbmls6Xzpcil7KXDpa+lucjVn4aksda5pOGls6Wzpcqlw6XEpaqlpKXrpKiktKTepLOk4dPNpbWl86XapeylsKXqpc7JyO9MmUOlr6Xqpbmlv6XrpaylpKW2qWAgNTAwbWwgNDixvr52pM7Ep8WuuMq+xqXRpcil4qW5IKXQpbmlqKXDpbul86W5ICiloqXXpeqls6XDpcgpob6YU8zsMjShv1ul0aXIpeKluSCloqXtpd4gpdCluaWopcOlu6Xzpbld,pdGlyKXipbkvy7CSaTE4ODCD0tLUyc/LzcHPn2/Bz6GjpdGlyKXipbkgpdCluaWopcOlu6XzpbkgKKWipdel6qWzpcOlyCmhvphTzOwyNKG/W6XRpcil4qW5IKWipe2l3iCl0KW5pailw6W7pfOluV0=[rn]
31-51725,aHR0cDovL3RzaG9wLnIxMHMuanAvcmFrdXRlbjI0L2NhYmluZXQvZTQwMDEvZTQwMDEwOWhfbC5qcGc/Zml0aW49NzAwOjcwMA==,MTA4LjAwMDA=,,pdqlw6XIP6XapcOlyKWwpcOluiA+IKXapcOlyNPDpKrK1sjrpOzTw8a3ID4gpdCludPDxrcgPiDI69ShhIg=,pMuk26TzpM6kqqTVpO0gvOeks6TqoaKl0KXspMGk46SmPz8gs86k38fQpMOkv8jVsb7H56TspM7P46TqIDI1Z6G+mFPM7DI0ob9bpMuk26TzpM6kqqTVpO0gy2HTw8jr1KGEiCC8obvEpOyMnbLfXQ==,pMuk26TzpM6kqqTVpO0vy7CSaTE4ODCD0tLUyc/LzcHPn2/Bzw==,PGJyPjxicj48c21hbGw+ofml0aXDpbGpYKW4pceltqWkpfO1yKTP0+i45qTKpK+J5Lj8pLWk7KTrpLOkyKSspKKk6qTepLmhozwvc21hbGw+PGJyPjxicj48dGFibGU+PHRyPjx0ZCB3aWR0aD0iMTAwJSI+PHAgY2xhc3M9InBkZXNjIj48ZGl2IGNsYXNzPSJwZGVzY3RpdGxlIj7JzMa31WjD9zwvZGl2PjxkaXYgY2xhc3M9InBkZXNjaG9uYnVuIj6huKTLpNuk86TOpKqk1aTtILznpLOk6qGipdCl7KTBpOOkpj8/ILPOpN/H0KTDpL/I1bG+x+ek7KTOz+Ok6iAyNWehuaTPoaLT0IS/s8m31qXIpaalraWopa2luSbI1bG+ucXAtKTO1rLO77GjyqqzybfWpcul86XLpa+lqKWtpbnF5LrPpM7LYdPDyOvUoYSIpMekuaGjvOekzqSzpOqhorvEpOzQ1KGipMukraTTpMqkyaTLoaOzzqTfx9Ckw6S/yNWxvsfnpOykzs/jpOqho8fnzOyl1qXrqWCkzpyryauho9K9y2Gyv83ixrehozwvZGl2PjxkaXYgY2xhc3M9InBkZXNjdGl0bGUiPqS016LS4jwvZGl2PjxkaXYgY2xhc3M9InBkZXNjaG9uYnVuIj6hvsq508PJz6TO16LS4qG/PGJyPqHxyOvUodLUzeKkztPDzb6ky6TPyrnTw6S3pMqkpKTHpK+kwKS1pKShozxicj6h8dShstukrLuspOqk5KS5pK+kyqTqpN6kuaTOpMfXotLipLekxqSvpMCktaSkoaM8YnI+ofHGpMR309akz8zl2Xyky66Qs6OkrKSipOuI9rrPpM/SvY6fpMvP4NWEpLekxqS0yrnTw6SvpMCktaSkoaM8YnI+ofHKudPD1tCk5Mq508Ph4aGixqTEd6TLsGvV7qGisGuz4KGipKuk5qTfoaK0zLykuNCkyqTJpM6ukLOjpKysRqTspL+I9rrPpM/KudPDpPLW0Na5pLehotK9jp+ky6S0z+DVhKSvpMCktaSkoaM8YnI+ofGxvsa3pM/Ks6TZpOmk7KTepLuk86GjzfLSu7Tzwb+ky++LpN/eeqTzpMCI9rrPpM/LrqTy74uk3qS7pOu1yKTOhEnWw6TypLehotK9jp+ky6S0z+DVhKSvpMCktaSkoaM8YnI+ofGxvsa3pMjL+6TOyOvUoYSIpM+B49PDpLekyqSkpMekr6TApLWkpKGjPGJyPqHxy661wMuu1tCkzs/7tr7Tw4ljy9id4rbIpKy436SktdjT8qTHpM+hosj0uMmkqpyrpM7Jq6SsieS7r6S5pOuks6TIpKykoqTqpN6kuaSsxrfZfKTL07DtkaTPpKKk6qTepLuk86GjPGJyPjxicj6hvtShsts/70yFzriqpMukxKSkpMahvzxicj6h8bG+xreky6TPoaLUobLbP+9Mhc64qqTypKSkv6ThpOulpKWqpaakz8jrpMOkxqSqpOqk3qS7pPOhozxicj6h8daxvdO328SppKy4ttfFpLekv4j2us+kz7fF1sOkt6TKpKSkx6SvpMCktaSkoaOVculnpKy9VaTEpMjJq8vYpKy4ttfFpLehosmrpKzC5KTBpMukr6SvpMqk64j2us+krKSipOqk3qS5oaM8YnI+ofHI69ShhIik8sjcpKukt6S/pKqcq6Ty17ekpLS2pK2kt6S/iPa6z6TPoaLvTIXOuKrE2rK/pOTRra1ov9el1aWjpeulv6lgpPLH5cuupMek6KSvpLmkuaSkpMekr6TApLWkpKGjPGJyPjxicj6hvrLQpOqcq6TLpMSkpKTGob88YnI+ofHPtOWqpMvKudPDpMekraTepLmho6S/pMCkt7TOpM6I9rrPpM/H5cuupPKktMq508Okr6TApLWkpKGjPGJyPigxKaS5pLmkrjxicj4oMinI4dybysvJz6SyPGJyPigzKaTEpLGkqqStPGJyPig0KaSqpO2kt6S/pMakztLC7pCk8s+05aqkuaTrlXI8YnI+KDUppKqkt6TjpOzXxc+0pKTTw8+0hIikx8+05aqkuaTrlXI8YnI+ofHWss7vpNikzsuupOSk6qTLyrnTw6S3pMqkpKTHpK+kwKS1pKShozxicj6h8bLQpOqcq6Tyt8XWw6S3pMakqqSvpMihotShstukzrXXpOSk3qTvpOqkrLDXpK+kyqTrpLOkyKSspKKk6qTepLmkrKGiz7SkpMH3pLmkyKStpOykpKTLpMqk6qTepLmhozxicj48YnI+ob6xo7ncyc+kztei0uKhvzxicj6h8dfTuamkzsrWpM697KSrpMqkpMv5pMuxo7ncpLekxqSvpMCktaSkoaM8YnI+ofG4387CtuDKqqTOiPbL+aTk1rHJ5MjVueKkzqSipL+k64j2y/mky6TP1sOkq6TKpKSkx6SvpMCktaSkoaM8YnI+ofHpX7fi4eGkz6S5pLCky8q508Okt6TGpK+kwKS1pKShozwvZGl2PjxkaXYgY2xhc3M9InBkZXNjdGl0bGUiPrPJt9Y8L2Rpdj48ZGl2IGNsYXNzPSJwZGVzY2hvbmJ1biI+ofHT0IS/s8m31qO6x6zU78Hyy+GlyqXIpeqlpqXgoaKlyKWmpa2lqKWtpbnJojxicj6h8aS9pM7L+6TOs8m31qO6wfLL4U1noaKloqXtpailqKWtpbktMaGipMuk86TLpK/HrNTvpailraW5oaKlsKXqpcGl66XqpcGl88vhMkuhoses1O/B8svhTmGhoqWopb+lzqlgpeuhosuuoaJEUEehos/jwc+hosfgMaGis+AxMDY8L2Rpdj48ZGl2IGNsYXNzPSJwZGVzY3RpdGxlIj7Ura5iufo8L2Rpdj48ZGl2IGNsYXNzPSJwZGVzY2hvbmJ1biI+yNWxvjwvZGl2PjxkaXYgY2xhc3M9InBkZXNjdGl0bGUiPoS/xNw/hL+5+zwvZGl2PjxkaXYgY2xhc3M9InBkZXNjaG9uYnVuIj6856TOpLOk6qGixqOEurvYj82hotH8zbShosDkpKjWoqGipKakwaTfoaKkr6S4pK2horvEpOzQ1KGipKKku6TioaKky6StpNOhoqTSpNOhoqSipKukrqTsoaKkt6TDpLek86GipLek4qTkpLGhosnxvVXNtKGipeqlpqXepcGhoq5ix7CuYuHhpM7A5KSo1qKhotbMPC9kaXY+PGRpdiBjbGFzcz0icGRlc2N0aXRsZSI+08O3qD/Tw8G/PC9kaXY+PGRpdiBjbGFzcz0icGRlc2Nob25idW4iPtShstukzpyrKLxzMjAwpeqlw6XIpesppMuxvsa3MbT8KDI1Zymk8sjrpOyhoqTopK+kq6StpN6kvKTGyOvUoaS3pMakr6TApLWkpKGjPGJyPsjcpKukt6S/pKqcq6Ty0sakt8zmpKikxsrW1+Ok8r3+pLGkxqTimFOkt6ThpN6kuaGjPC9kaXY+PGRpdiBjbGFzcz0icGRlc2N0aXRsZSI+pKqGlqSkus+k76S7z8g8L2Rpdj48ZGl2IGNsYXNzPSJwZGVzY2hvbmJ1biI+zuXW3sthxrfW6sq9u+HJ5yCkqr/NmJTP4NWEytI8YnI+MDEyMC0zMzMwNTg8L2Rpdj48L3A+PC90ZD48L3RyPjwvdGFibGU+PGJyPqXWpeml86XJo7qky6TbpPOkzqSqpNWk7Txicj6YU8zsMjSjvsjV08PGt6O+yOvUoYSIP87C1KHG96O+yOvUoYSIo77LYdPDyOvUoYSIILyhu8Sk7Iydst+jvqTLpNuk86TOpKqk1aTtILznpLOk6qGipdCl7KTBpOOkpj8/ILPOpN/H0KTDpL/I1bG+x+ek7KTOz+Ok6iAyNWc8YnI+0XXU7NicidPUqqO6zuXW3sthxrc8YnI+1K2uYrn6IMjVsb48YnI+xNrI3cG/o7oyNWc8YnI+PGJyPjxicj48YnI+SkFOpbOpYKXJo7qhoTQ5ODczMzIxNDAwODU8YnI+PGJyPjx0YWJsZSB3aWR0aD0iMTAwJSIgYm9yZGVyPTAgY2VsbHNwYWNpbmc9MCBjZWxscGFkZGluZz01Pjx0cj48dGQ+PC90ZD48dHI+PHRkPjwvdGQ+PC90cj48L3RhYmxlPjxicj48YnI+PGJyPo7auObOxNifo7qlsaXzpbOpYKWzpeDW6sq9u+HJ5zxicj5URUw6MDUwLTU1NzctNTA0Mzxicj48YnI+W6TLpNuk86TOpKqk1aTtXTxicj7I69ShhIg/zsLUocb3L8jr1KGEiC/LYdPDyOvUoYSIILyhu8Sk7Iydst88YnI+x/i31jpb0r3LYbK/zeLGt108YnI+PCEtLSBpZDogP3MtaWQ9cjI0X2loYm5yXzAxLyA/cy1pZD1yMjRfaWhibnJfMDIgLS0+Cjx0YWJsZSB3aWR0aD0iNzMwIiBjZWxscGFkZGluZz0iMCIgY2VsbHNwYWNpbmc9IjAiIGJvcmRlcj0iMCI+Cgo8IS0tMTCjpU9GRqWvqWCl3aXzLyAtLT4KCjxkaXYgc3R5bGU9Im1hcmdpbi1ib3R0b206MTBweDsiPgoKPGltZyBzcmM9IgpodHRwczovL2ltYWdlLnJha3V0ZW4uY28uanAvcmFrdXRlbjI0L2NhYmluZXQvY291cG9uL2Jucl8xMDBfNzAwXzYwLmpwZyIgYWx0PSKz9aThpMakzre9z962qDEwMIPST0ZGpa+pYKXdpfOjoSIgd2lkdGg9IjcwMCIgaGVpZ2h0PSI2MCIgYm9yZGVyPSIwIj4KPC9kaXY+Cgo8ZGl2IHN0eWxlPSJtYXJnaW4tYm90dG9tOjEwcHg7Ij4KCjxpbWcgc3JjPSJodHRwczovL2ltYWdlLnJha3V0ZW4uY28uanAvcmFrdXRlbjI0L2NhYmluZXQvY291cG9uL2Jucl83MDBfNjBfNTAwMC5qcGciIGFsdD0iNSwwMDCD0tLUyc/Zj8jrMTAlT0ZGo6EiIHdpZHRoPSI3MDAiIGhlaWdodD0iNjAiIGJvcmRlcj0iMCI+CjwvZGl2PgoKPCEtLWRpdiBzdHlsZT0ibWFyZ2luLWJvdHRvbToxMHB4OyI+Cgo8aW1nIHNyYz0iaHR0cDovL2ltYWdlLnJha3V0ZW4uY28uanAvcmFrdXRlbjI0L2NhYmluZXQvY291cG9uL2Jucl83MDBfNjBfMTAwMDAuanBnIiBhbHQ9IjEwLDAwMIPS0tTJz9mPyOukxzE1JU9GRqOhIiB3aWR0aD0iNzAwIiBoZWlnaHQ9IjYwIiBib3JkZXI9IjAiPgo8L2Rpdi0tPgoKPCEtLWRpdiBzdHlsZT0ibWFyZ2luLWJvdHRvbToxMHB4OyI+Cgo8aW1nIHNyYz0iaHR0cDovL2ltYWdlLnJha3V0ZW4uY28uanAvcmFrdXRlbjI0L2NhYmluZXQvY2FtcGFpZ24vYXN1cmFrdS9ibnJfNzAwXzYwLmpwZyIgYWx0PSKkoqS5mFPJzMa3pd2lpKXzpcgzsbajoSIgd2lkdGg9IjcwMCIgaGVpZ2h0PSI2MCIgYm9yZGVyPSIwIj4KPC9kaXYtLT4KCjxkaXYgc3R5bGU9Im1hcmdpbi1ib3R0b206MTBweDsiPgoKPGltZyBzcmM9Imh0dHBzOi8vaW1hZ2UucmFrdXRlbi5jby5qcC9yYWt1dGVuMjQvY2FiaW5ldC9zcGVjaWFsL2ZhdGhlcl80Njh4NjAuanBnIiBhbHQ9IqXdpaSl86XIM7G2o6EiIHdpZHRoPSI0NjgiIGhlaWdodD0iNjAiIGJvcmRlcj0iMCI+CjwvZGl2PgoKCjxkaXYgc3R5bGU9Im1hcmdpbi1ib3R0b206MTBweDsiPgoKPGltZyBzcmM9Imh0dHBzOi8vaW1hZ2UucmFrdXRlbi5jby5qcC9yYWt1dGVuMjQvY2FiaW5ldC9zcGVjaWFsLzIwMTZfZWNhbXBhaWduLmpwZyIgYWx0PSKlpKlgpbCl66W5hNnA+9ObxO6l3aWkpfOlyDKxtqOhIiB3aWR0aD0iNDY4IiBoZWlnaHQ9IjYwIiBib3JkZXI9IjAiPgo8L2Rpdj4KCgo8IS0tIC8xMKOlT0ZGpa+pYKXdpfMgLS0+Cgo8IS0tIKSqpLmkuaThyczGtyAtLT4Kpcal7KXTvUK96aO6CqXIpd6lyKW4peWpYKW5IC8Kpd6lq6XHpd+loqXKpcOlxKWqpaSl6yAvCiDrioTTpdal7KXDpcmlq6XDpb+pYCAvCiCl66WkpdyluaXGpaOpYCAvCqTqpPOktPWhIC8KPCEtLSAvpKqkuaS5pOHJzMa3IC0tPgoKCgo8IS0tIJhTzOwyNKSrpOmkzqXhpcOlu6lgpbgvIC0tPgo8YnI+PGJyPgoKCjwhLS0gL5hTzOwyNKSrpOmkzqXhpcOlu6lgpbggLS0+Cgo8IS0tIKSipLmYU05HLyAtLT4KPCEtLaGhPGltZyBzcmM9Imh0dHA6Ly9pbWFnZS5yYWt1dGVuLmNvLmpwL3Jha3V0ZW4yNC9jYWJpbmV0L2l0ZW00Ni9hc3VyYWt1MDcwNC5qcGciIHdpZHRoPSI3MzAiIGhlaWdodD0iMTMwIiBib3JkZXI9IjAiPgoKPGRpdiBzdHlsZT0ibWFyZ2luLWJvdHRvbTo1cHg7Ij4KPGltZyBzcmM9Imh0dHA6Ly9pbWFnZS5yYWt1dGVuLmNvLmpwL3Jha3V0ZW4yNC9jYWJpbmV0L2l0ZW00NS9hc3VyYWt1MDcxMS5qcGciIHdpZHRoPSI3MzAiIGhlaWdodD0iNTAiIGJvcmRlcj0iMCI+CjwvZGl2PgotLT4KPCEtLSAvpKKkuZhTTkcgLS0+CgoKCjwhLS0gu9jfWy8gLS0+CjwhLS0gCgogLS0+CjwhLS0gL7vY31sgLS0+CgoKCjwhLS0gMsHQse3KvtPDpdClyqlgpail6qWiPgo8IS0tCjx0cj4KPHRkIHdpZHRoPSIzNjUiPjxpbWcgc3JjPSJodHRwOi8vd3d3LnJha3V0ZW4ubmUuanAvZ29sZC9yYWt1dGVuMjQvaXRlbS9pbWFnZXMvaXRlbXBhZ2VfYm5yXzAxLmpwZyIgd2lkdGg9IjM2MCIgaGVpZ2h0PSI2MCIgYm9yZGVyPSIwIiBhbHQ9IiI+PC90ZD4KPHRkIHdpZHRoPSIzNjUiPjxpbWcgc3JjPSJodHRwOi8vd3d3LnJha3V0ZW4ubmUuanAvZ29sZC9yYWt1dGVuMjQvaXRlbS9pbWFnZXMvaXRlbXBhZ2VfYm5yXzAyLmdpZiIgd2lkdGg9IjM2MCIgaGVpZ2h0PSI2MCIgYm9yZGVyPSIwIiBhbHQ9IiI+PC90ZD4KPC90cj4KLS0+IAoKPCEtLSDZSaSkzu+kq6S0pdylv6XzLyAtLT4KPHN0eWxlPgovKiC+yaXcpb+l8wojcmFrdXRlbkxpbWl0ZWRJZF9hcm91bmRDYXJ0IGlucHV0IHsKICB3aWR0aDogMTYwcHg7CiAgaGVpZ2h0OiA0MHB4OwogYmFja2dyb3VuZDp1cmwoaHR0cDovL2ltYWdlLnJha3V0ZW4uY28uanAvcmFrdXRlbjI0L2NhYmluZXQvdGVzdC9jYXJ0X2JsYWNrLmdpZikgI2ZjZmNmYyBuby1yZXBlYXQ7CiAgb3ZlcmZsb3c6IGhpZGRlbjsKICBib3JkZXItd2lkdGg6IDBweDsKICB0ZXh0LWluZGVudDogMTUwJTsKICBjdXJzb3I6IHBvaW50ZXIgIWltcG9ydGFudDsKICB3aGl0ZS1zcGFjZTogbm93cmFwOwogIG1hcmdpbjogMTBweCAwIDAgMDsKfQoqLwoKLyogvskyCiNyYWt1dGVuTGltaXRlZElkX2Fyb3VuZENhcnQgaW5wdXQgewogIHdpZHRoOiAxODBweDsKICBoZWlnaHQ6IDQwcHg7CiBiYWNrZ3JvdW5kOnVybChodHRwOi8vaW1hZ2UucmFrdXRlbi5jby5qcC9yYWt1dGVuMjQvY2FiaW5ldC9sYXlvdXQvYnRuX2NhcnRfYmxhY2suZ2lmKSAjZmNmY2ZjIG5vLXJlcGVhdDsKICBvdmVyZmxvdzogaGlkZGVuOwogIGJvcmRlci13aWR0aDogMHB4OwogIHRleHQtaW5kZW50OiAxNTAlOwogIGN1cnNvcjogcG9pbnRlciAhaW1wb3J0YW50OwogIHdoaXRlLXNwYWNlOiBub3dyYXA7CiAgbWFyZ2luOiAxMHB4IDAgMCAwOwp9CiovCgovKiDT6LxzpKuktIydj+qkx6WzpeGl86XIpaKlpqXICiNyYWt1dGVuTGltaXRlZElkX2Fyb3VuZENhcnQgaW5wdXQgewogIHdpZHRoOiAxODBweDsKICBoZWlnaHQ6IDQwcHg7CiBiYWNrZ3JvdW5kOnVybCgiaHR0cDovL2ltYWdlLnJha3V0ZW4uY28uanAvcmFrdXRlbjI0L2NhYmluZXQvbGF5b3V0L2J0bl9jYXJ0X2JsYWNrLmdpZiIpICNmY2ZjZmMgbm8tcmVwZWF0OwogIG92ZXJmbG93OiBoaWRkZW47CiAgYm9yZGVyLXdpZHRoOiAwcHg7CiAgdGV4dC1pbmRlbnQ6IDE1MCU7CiAgY3Vyc29yOiBwb2ludGVyICFpbXBvcnRhbnQ7CiAgd2hpdGUtc3BhY2U6IG5vd3JhcDsKICBtYXJnaW46IDEwcHggMCAwIDA7Cn0KKi8KI3Jha3V0ZW5MaW1pdGVkSWRfYXJvdW5kQ2FydCBpbnB1dC5yQ2FydEJ0bjpob3ZlciwKZGl2LnNob3BCb29rbWFya0FyZWEgZGl2LnNob3BCa20gYS5hZGRTaG9wQmttIHNwYW4uc2hvcEJrbVN0YXI6aG92ZXIsCmRpdi5ib29rbWFya0FyZWEgZGl2LmJrbSBhLmFkZEJrbSBzcGFuLmJrbVN0YXI6aG92ZXIgewogIG9wYWNpdHk6IDAuODsKICBmaWx0ZXI6IGFscGhhKG9wYWNpdHk9ODApOwp9CgojcmFrdXRlbkxpbWl0ZWRJZF9hcm91bmRDYXJ0ICNzZXJ2aWNlVGFibGVTbWx7Ci8qCiAgbWFyZ2luLWxlZnQ6IDkycHggIWltcG9ydGFudDsKKi8KfQoKI3Jha3V0ZW5MaW1pdGVkSWRfYXJvdW5kQ2FydCAjc2VydmljZVRhYmxlU21sIHRkLmZhdm9yaXRlewp3aWR0aDogMjcwcHggIWltcG9ydGFudDsKfQoKCgojcmFrdXRlbkxpbWl0ZWRJZF9hcm91bmRDYXJ0IGRpdi5zaG9wQmttewp3aWR0aDogMTIwcHg7Cn0KCmRpdi5zaG9wQm9va21hcmtBcmVhIGRpdi5zaG9wQmttIGEuYWRkU2hvcEJrbXsKd2lkdGg6IDEyMHB4ICFpbXBvcnRhbnQ7CmhlaWdodDogMjZweCAhaW1wb3J0YW50Owp9CgpkaXYuc2hvcEJvb2ttYXJrQXJlYSBkaXYuc2hvcEJrbSBhLmFkZFNob3BCa20gc3Bhbi5zaG9wQmttU3RhcnsKd2lkdGg6IDEyMHB4ICFpbXBvcnRhbnQ7CmhlaWdodDogMjZweCAhaW1wb3J0YW50OwpiYWNrZ3JvdW5kOiB1cmwoaHR0cDovL2ltYWdlLnJha3V0ZW4uY28uanAvcmFrdXRlbjI0L2NhYmluZXQvbGF5b3V0L2J0bl9mYXZvcml0ZV9zaG9wLmdpZikgbm8tcmVwZWF0IDAgMCAhaW1wb3J0YW50Owp9CgoKCiNyYWt1dGVuTGltaXRlZElkX2Fyb3VuZENhcnQgZGl2LmJrbXsKd2lkdGg6IDEyMHB4Owp9CgpkaXYuYm9va21hcmtBcmVhIGRpdi5ia20gYS5hZGRCa217CndpZHRoOiAxMjBweCAhaW1wb3J0YW50OwpoZWlnaHQ6IDI2cHggIWltcG9ydGFudDsKfQoKZGl2LmJvb2ttYXJrQXJlYSBkaXYuYmttIGEuYWRkQmttIHNwYW4uYmttU3RhcnsKd2lkdGg6IDEyMHB4ICFpbXBvcnRhbnQ7CmhlaWdodDogMjZweCAhaW1wb3J0YW50OwpiYWNrZ3JvdW5kOiB1cmwoaHR0cDovL2ltYWdlLnJha3V0ZW4uY28uanAvcmFrdXRlbjI0L2NhYmluZXQvbGF5b3V0L2J0bl9mYXZvcml0ZV9pdGVtLmdpZikgbm8tcmVwZWF0IDAgMCAhaW1wb3J0YW50Owp9Cgoud2Vla2x5Qm5yewp3aWR0aDogNzAwcHg7CmhlaWdodDogMjMxcHg7CnBvc2l0aW9uOiByZWxhdGl2ZTsKYmFja2dyb3VuZDogdXJsKCJodHRwOi8vd3d3LnJha3V0ZW4ubmUuanAvZ29sZC9yYWt1dGVuMjQvaW1nL3JhbmsxL2JnX3JhbmtibnIuanBnIikgbGVmdCB0b3Agbm8tcmVwZWF0Owp9Cgoud2Vla2x5Qm5yIGltZ3sKd2lkdGg6IDY2MnB4Owpwb3NpdGlvbjogYWJzb2x1dGU7CmJvdHRvbTogMzBweDsKbGVmdDogMjBweDsKei1pbmRleDogMTA7Cn0KCi53ZWVrbHlCbnI6YWZ0ZXJ7CmNvbnRlbnQ6IHVybCgiaHR0cDovL3d3dy5yYWt1dGVuLm5lLmpwL2dvbGQvcmFrdXRlbjI0L2ltZy9yYW5rMS93cmFwX3JhbmtibnIucG5nIik7CnBvc2l0aW9uOiBhYnNvbHV0ZTsKdG9wOiAwOwpsZWZ0OiAwOwp6LWluZGV4OiAxMDA7Cn0KCi5yZXZpZXdCbnIgewogICAgd2lkdGg6IDcwMHB4OwogICAgaGVpZ2h0OiAxMDBweDsKICAgIGJhY2tncm91bmQ6IHVybCgiaHR0cDovL2ltYWdlLnJha3V0ZW4uY28uanAvcmFrdXRlbjI0L2NhYmluZXQvY2FtcGFpZ24vcmV2aWV3L2JnX3Jldmlld2Juci5qcGciKSBsZWZ0IHRvcCBuby1yZXBlYXQ7CiAgICBwb3NpdGlvbjogcmVsYXRpdmU7CiAgICBmb250LXNpemU6IDE2cHg7Cn0KCi5yZXZpZXdCbnIgZGl2IHsKICAgIHBhZGRpbmc6IDEwcHg7CiAgICBiYWNrZ3JvdW5kOiAjZmZmOwogICAgcG9zaXRpb246IGFic29sdXRlOwogICAgdG9wOiAxMXB4OwogICAgbGVmdDogMTgwcHg7CiAgICBsaW5lLWhlaWdodDogMTIwJTsKICAgIGJvcmRlci1yYWRpdXM6IDVweDsKfQoKLnJldmlld0JuciBzcGFuIHsKICAgIGNvbG9yOiAjZmYwMDAwOwp9CgoucmV2aWV3Qm5yIHN0cm9uZyB7CiAgICBmb250LXNpemU6IDE4cHg7Cn0KCi5ibnJfZWFnbGVzewogICAgd2lkdGg6IDcwMHB4OwogICAgZGlzcGxheTogYmxvY2s7CiAgICBiYWNrZ3JvdW5kLWNvbG9yOiAjOTIwNDFlOwogICAgdGV4dC1hbGlnbjogY2VudGVyOwp9CgoKCmh0bWwsYm9keSB7CmZvbnQtZmFtaWx5OiBDZW50dXJ5IEdvdGhpYywgQXJpYWw7Cn0KCnNwYW4uY2F0ZWdvcnlfaXRlbXRheHBvc3RhZ2Uge2ZvbnQtc2l6ZToxMHB4O30Kc3Bhbi5jYXRlZ29yeV9pdGVtcHJpY2Uge2NvbG9yOiNiZjAwMDA7Zm9udC1zaXplOjI0cHg7Zm9udC13ZWlnaHQ6Ym9sZDsgZGlzcGxheTpibG9jazt9CnNwYW4ucHJpY2UyIHsgZm9udC1zaXplOjIyMCUgIWltcG9ydGFudDtmb250LXdlaWdodDpib2xkO30KdGFibGV7ei1pbmRleDowO30gCnNwYW4uY2F0ZWdvcnlfaXRlbXByaWNlOmJlZm9yZXsvKmNvbnRlbnQ6IlBSSUNFICI7Ki9mb250LXNpemU6MTBweDt9Cjwvc3R5bGU+Cgo8IS0tIKSzpLOk3qTHIC0tPgoKCjwvdGFibGU+,pMuk26TzpM6kqqTVpO0gvOeks6TqoaKl0KXspMGk46SmPz8gs86k38fQpMOkv8jVsb7H56TspM7P46TqIDI1Z6G+mFPM7DI0ob9bpMuk26TzpM6kqqTVpO0gy2HTw8jr1KGEiCC8obvEpOyMnbLfXaO6mFPM7DI0,mFPM7DI0pa+l6qW5pb+l66WspaSltqlgpd+lzaXppeulpqWpqWClv6lgpeqloqXDpdel6qWipcOl13g1pcClpqXLqWCls6XzpcmpYKXgpdql6qWopbWpYKXipbmls6Xzpcil7KXDpa+lucjVn4aksda5pOGls6Wzpcqlw6XEpaqlpKXrpKiktKTepLOk4dPNpbWl86XapeylsKXqpc7JyO9MmUOlr6Xqpbmlv6XrpaylpKW2qWAgNTAwbWwgNDixvr52pM7Ep8WuuMq+xqTLpNuk86TOpKqk1aTtILznpLOk6qGipdCl7KTBpOOkpj8/ILPOpN/H0KTDpL/I1bG+x+ek7KTOz+Ok6iAyNWehvphTzOwyNKG/W6TLpNuk86TOpKqk1aTtIMth08PI69ShhIggvKG7xKTsjJ2y310=,pMuk26TzpM6kqqTVpO0vy7CSaTE4ODCD0tLUyc/LzcHPn2/Bz6GjpMuk26TzpM6kqqTVpO0gvOeks6TqoaKl0KXspMGk46SmPz8gs86k38fQpMOkv8jVsb7H56TspM7P46TqIDI1Z6G+mFPM7DI0ob9bpMuk26TzpM6kqqTVpO0gy2HTw8jr1KGEiCC8obvEpOyMnbLfXQ==[rn]
31-51726,aHR0cDovL3RzaG9wLnIxMHMuanAvcmFrdXRlbjI0L2NhYmluZXQvZTQ0NjgvZTQ0Njg3MmhfbC5qcGc/Zml0aW49NzAwOjcwMA==,MTU1LjIwMDA=,,pdqlw6XIP6XapcOlyKWwpcOluiA+IKXapcOlyNPDpKrK1sjrpOzTw8a3ID4gpdCludPDxrcgPiDI69ShhIg=,pcal66Xepail7aXepaggpcGlp6XrpfSlo6WiIKW5paSpYKXIpdCluaW9peulyCCl7algpbogNDBnob6YU8zsMjShv1ulxqXrpd6lqKXtpd6lqKXQpbmlvaXrpcggyOvUoYSIXQ==,pcal66Xepail7aXepail0KW5pb2l66XIL8uwkmkxODgwg9LS1MnPy83Bz59vwc8=,PGEgaHJlZj0iaHR0cDovL3d3dy5yYWt1dGVuLm5lLmpwL2dvbGQvcmFrdXRlbjI0L2NhbXBhaWduL3Jldmlldy8/cy1pZD1yMjRfcmV2aWV3X2ZpcnN0MDEiIHRhcmdldD0iX2JsYW5rIj48aW1nIHNyYz0iaHR0cDovL2ltYWdlLnJha3V0ZW4uY28uanAvcmFrdXRlbjI0L2NhYmluZXQvY2FtcGFpZ24vcmV2aWV3LzFiYW5fcmV2aWV3LmpwZyIgd2lkdGg9IjcwMCIgaGVpZ2h0PSIxMDAiIGJvcmRlcj0iMCIgLz48L2E+PGJyPqH5P6XspdOl5algzba45ZVypMult6XnpcOl16TY16LOxLesusWk8taqpOmku6TroaOkzqXBpaelw6WvpPLI66TspMakr6TApLWkpKGjPGJyPj/h4cjVpeGpYKXrpMukxqWvqWCl3aXzVVJMpPKkqsvNpOqkt6TepLmhozxhIGhyZWY9Imh0dHBzOi8vb3JkZXIubXkucmFrdXRlbi5jby5qcC8/cy1pZD1yMjRfcmV2aWV3X2ZpcnN0MDIiPqH2ofWl7KXTpeWpYKTylfikr6H1ofY8L2E+PGJyPj/L+6TOt72krM/IpMvNtrjlpLekv4j2us+hoqWvqWCl3aXz302zyoydz/PN4qTIpMqk6qTepLmkzqTHpLTXotLipK+kwKS1pKSho6XspdOl5algzba45aTPz8Kyv6TL05vdZKS3pMakpKTepLmhozxicj4/peyl06XlqWDNtrjlpKuk6be007Ok3qTHlXKy7qSspKKk66S/pOGhosnMxre7rcPmyc+kzqXspdOl5algvP7K/aTIjGfrSKTOzba45bz+yv2krK6QpMqk64j2us+krKSipOqk3qS5pM6kx9PopOGktMHLs9Ckr6TApLWkpKGjPGJyPjxicj48YnI+PHNtYWxsPqH5pdGlw6WxqWCluKXHpbalpKXztcikz9PouOakyqSvieS4/KS1pOyk66SzpMikrKSipOqk3qS5oaM8L3NtYWxsPjxicj48YnI+PHRhYmxlPjx0cj48dGQgd2lkdGg9IjEwMCUiPjxwIGNsYXNzPSJwZGVzYyI+PGRpdiBjbGFzcz0icGRlc2N0aXRsZSI+yczGt9Vow/c8L2Rpdj48ZGl2IGNsYXNzPSJwZGVzY2hvbmJ1biI+obilxqXrpd6lqKXtpd6lqCClwaWnpeul9KWjpaIgpbmlpKlgpcil0KW5pb2l66XIIKXtqWCluiA0MGehuaTPoaKlpKW/peqloj+loqXJpeqlorqj0diwtqTO7q6lwaWnpeul9KWjpaKkzrqjiWOk8sq508Okt6S/pdCluaW9peulyKTHpLmho6W7pfOlwaXVpaml6qWipdCl6buopailraW5xeS6z6Gjpe2pYKW6pM7P46TqpMfQxKTizOWk4qXqpemlw6WvpbmhozwvZGl2PjxkaXYgY2xhc3M9InBkZXNjdGl0bGUiPsq508O3vbeoPC9kaXY+PGRpdiBjbGFzcz0icGRlc2Nob25idW4iPtK7sOO80s2l08OkztShstukyzQwZ8jrpOzBvKSvpKukrbvspLykxqSrpOmktMjr1KGkr6TApLWkpKGjPC9kaXY+PGRpdiBjbGFzcz0icGRlc2N0aXRsZSI+pLTXotLiPC9kaXY+PGRpdiBjbGFzcz0icGRlc2Nob25idW4iPqSqvKGky7rPpO+kyqSkpMikraTPpLTKudPDpPKkqqTkpOGkr6TApLWkpKGjPC9kaXY+PGRpdiBjbGFzcz0icGRlc2N0aXRsZSI+s8m31jwvZGl2PjxkaXYgY2xhc3M9InBkZXNjaG9uYnVuIj6JY7uvTmGhosuuoaKl3aXqpb2l66XZqWClyDIwoaLP48HPoaKlsKXqpbul6qXzoaKls6WzpaSl66XhpcGl66W/paal6qXzTmGhoqW7pfOlwaXVpaml6qWipdCl6buopailraW5oaKlvaXrpdOl88vhS6Gis+AyMjehotfPNDAxPC9kaXY+PGRpdiBjbGFzcz0icGRlc2N0aXRsZSI+1K2uYrn6PC9kaXY+PGRpdiBjbGFzcz0icGRlc2Nob25idW4iPqWkpb+l6qWiPC9kaXY+PC9wPjwvdGQ+PC90cj48L3RhYmxlPjxicj6l1qXppfOlyaO6pcal66Xepail7aXepail0KW5pb2l66XIPGJyPphTzOwyNKO+yNXTw8a3o77I69ShhIg/zsLUocb3o77I69ShhIijvsjr1KGEiKO+pcal66Xepail7aXepaggpcGlp6XrpfSlo6WiIKW5paSpYKXIpdCluaW9peulyCCl7algpbogNDBnPGJyPrBridPUqqO6pbOluaWmpael6yCluKXjpdGl8zxicj7Ura5iufogpaSlv6XqpaI8YnI+xNrI3cG/o7o0MGc8YnI+PGJyPjxicj48YnI+SkFOpbOpYKXJo7qhoTQ5NTU1NzQ5NTYxNDY8YnI+PGJyPjx0YWJsZSB3aWR0aD0iMTAwJSIgYm9yZGVyPTAgY2VsbHNwYWNpbmc9MCBjZWxscGFkZGluZz01Pjx0cj48dGQ+PC90ZD48dHI+PHRkPjwvdGQ+PC90cj48L3RhYmxlPjxicj48YnI+PGJyPo7auObOxNifo7qlsaXzpbOpYKWzpeDW6sq9u+HJ5zxicj5URUw6MDUwLTU1NzctNTA0Mzxicj48YnI+W6XGpeul3qWope2l3qWopdCluaW9peulyF08YnI+yOvUoYSIP87C1KHG9y/I69ShhIgvyOvUoYSIPGJyPjxicj48IS0tIGlkOiA/cy1pZD1yMjRfaWhibnJfMDEvID9zLWlkPXIyNF9paGJucl8wMiAtLT4KPHRhYmxlIHdpZHRoPSI3MzAiIGNlbGxwYWRkaW5nPSIwIiBjZWxsc3BhY2luZz0iMCIgYm9yZGVyPSIwIj4KCjwhLS0xMKOlT0ZGpa+pYKXdpfMvIC0tPgoKPGRpdiBzdHlsZT0ibWFyZ2luLWJvdHRvbToxMHB4OyI+Cgo8aW1nIHNyYz0iCmh0dHBzOi8vaW1hZ2UucmFrdXRlbi5jby5qcC9yYWt1dGVuMjQvY2FiaW5ldC9jb3Vwb24vYm5yXzEwMF83MDBfNjAuanBnIiBhbHQ9IrP1pOGkxqTOt73P3raoMTAwg9JPRkalr6lgpd2l86OhIiB3aWR0aD0iNzAwIiBoZWlnaHQ9IjYwIiBib3JkZXI9IjAiPgo8L2Rpdj4KCjxkaXYgc3R5bGU9Im1hcmdpbi1ib3R0b206MTBweDsiPgoKPGltZyBzcmM9Imh0dHBzOi8vaW1hZ2UucmFrdXRlbi5jby5qcC9yYWt1dGVuMjQvY2FiaW5ldC9jb3Vwb24vYm5yXzcwMF82MF81MDAwLmpwZyIgYWx0PSI1LDAwMIPS0tTJz9mPyOsxMCVPRkajoSIgd2lkdGg9IjcwMCIgaGVpZ2h0PSI2MCIgYm9yZGVyPSIwIj4KPC9kaXY+Cgo8IS0tZGl2IHN0eWxlPSJtYXJnaW4tYm90dG9tOjEwcHg7Ij4KCjxpbWcgc3JjPSJodHRwOi8vaW1hZ2UucmFrdXRlbi5jby5qcC9yYWt1dGVuMjQvY2FiaW5ldC9jb3Vwb24vYm5yXzcwMF82MF8xMDAwMC5qcGciIGFsdD0iMTAsMDAwg9LS1MnP2Y/I66THMTUlT0ZGo6EiIHdpZHRoPSI3MDAiIGhlaWdodD0iNjAiIGJvcmRlcj0iMCI+CjwvZGl2LS0+Cgo8IS0tZGl2IHN0eWxlPSJtYXJnaW4tYm90dG9tOjEwcHg7Ij4KCjxpbWcgc3JjPSJodHRwOi8vaW1hZ2UucmFrdXRlbi5jby5qcC9yYWt1dGVuMjQvY2FiaW5ldC9jYW1wYWlnbi9hc3VyYWt1L2Jucl83MDBfNjAuanBnIiBhbHQ9IqSipLmYU8nMxrel3aWkpfOlyDOxtqOhIiB3aWR0aD0iNzAwIiBoZWlnaHQ9IjYwIiBib3JkZXI9IjAiPgo8L2Rpdi0tPgoKPGRpdiBzdHlsZT0ibWFyZ2luLWJvdHRvbToxMHB4OyI+Cgo8aW1nIHNyYz0iaHR0cHM6Ly9pbWFnZS5yYWt1dGVuLmNvLmpwL3Jha3V0ZW4yNC9jYWJpbmV0L3NwZWNpYWwvZmF0aGVyXzQ2OHg2MC5qcGciIGFsdD0ipd2lpKXzpcgzsbajoSIgd2lkdGg9IjQ2OCIgaGVpZ2h0PSI2MCIgYm9yZGVyPSIwIj4KPC9kaXY+CgoKPGRpdiBzdHlsZT0ibWFyZ2luLWJvdHRvbToxMHB4OyI+Cgo8aW1nIHNyYz0iaHR0cHM6Ly9pbWFnZS5yYWt1dGVuLmNvLmpwL3Jha3V0ZW4yNC9jYWJpbmV0L3NwZWNpYWwvMjAxNl9lY2FtcGFpZ24uanBnIiBhbHQ9IqWkqWClsKXrpbmE2cD705vE7qXdpaSl86XIMrG2o6EiIHdpZHRoPSI0NjgiIGhlaWdodD0iNjAiIGJvcmRlcj0iMCI+CjwvZGl2PgoKCjwhLS0gLzEwo6VPRkalr6lgpd2l8yAtLT4KCjwhLS0gpKqkuaS5pOHJzMa3IC0tPgqlxqXspdO9Qr3po7oKpcil3qXIpbil5algpbkgLwql3qWrpcel36Wipcqlw6XEpaqlpKXrIC8KIOuKhNOl1qXspcOlyaWrpcOlv6lgIC8KIKXrpaSl3KW5pcalo6lgIC8KpOqk86S09aEgLwo8IS0tIC+kqqS5pLmk4cnMxrcgLS0+CgoKCjwhLS0gmFPM7DI0pKuk6aTOpeGlw6W7qWCluC8gLS0+Cjxicj48YnI+CgoKPCEtLSAvmFPM7DI0pKuk6aTOpeGlw6W7qWCluCAtLT4KCjwhLS0gpKKkuZhTTkcvIC0tPgo8IS0toaE8aW1nIHNyYz0iaHR0cDovL2ltYWdlLnJha3V0ZW4uY28uanAvcmFrdXRlbjI0L2NhYmluZXQvaXRlbTQ2L2FzdXJha3UwNzA0LmpwZyIgd2lkdGg9IjczMCIgaGVpZ2h0PSIxMzAiIGJvcmRlcj0iMCI+Cgo8ZGl2IHN0eWxlPSJtYXJnaW4tYm90dG9tOjVweDsiPgo8aW1nIHNyYz0iaHR0cDovL2ltYWdlLnJha3V0ZW4uY28uanAvcmFrdXRlbjI0L2NhYmluZXQvaXRlbTQ1L2FzdXJha3UwNzExLmpwZyIgd2lkdGg9IjczMCIgaGVpZ2h0PSI1MCIgYm9yZGVyPSIwIj4KPC9kaXY+Ci0tPgo8IS0tIC+koqS5mFNORyAtLT4KCgoKPCEtLSC72N9bLyAtLT4KPCEtLSAKCiAtLT4KPCEtLSAvu9jfWyAtLT4KCgoKPCEtLSAywdCx7cq+08Ol0KXKqWClqKXqpaI+CjwhLS0KPHRyPgo8dGQgd2lkdGg9IjM2NSI+PGltZyBzcmM9Imh0dHA6Ly93d3cucmFrdXRlbi5uZS5qcC9nb2xkL3Jha3V0ZW4yNC9pdGVtL2ltYWdlcy9pdGVtcGFnZV9ibnJfMDEuanBnIiB3aWR0aD0iMzYwIiBoZWlnaHQ9IjYwIiBib3JkZXI9IjAiIGFsdD0iIj48L3RkPgo8dGQgd2lkdGg9IjM2NSI+PGltZyBzcmM9Imh0dHA6Ly93d3cucmFrdXRlbi5uZS5qcC9nb2xkL3Jha3V0ZW4yNC9pdGVtL2ltYWdlcy9pdGVtcGFnZV9ibnJfMDIuZ2lmIiB3aWR0aD0iMzYwIiBoZWlnaHQ9IjYwIiBib3JkZXI9IjAiIGFsdD0iIj48L3RkPgo8L3RyPgotLT4gCgo8IS0tINlJpKTO76SrpLSl3KW/pfMvIC0tPgo8c3R5bGU+Ci8qIL7Jpdylv6XzCiNyYWt1dGVuTGltaXRlZElkX2Fyb3VuZENhcnQgaW5wdXQgewogIHdpZHRoOiAxNjBweDsKICBoZWlnaHQ6IDQwcHg7CiBiYWNrZ3JvdW5kOnVybChodHRwOi8vaW1hZ2UucmFrdXRlbi5jby5qcC9yYWt1dGVuMjQvY2FiaW5ldC90ZXN0L2NhcnRfYmxhY2suZ2lmKSAjZmNmY2ZjIG5vLXJlcGVhdDsKICBvdmVyZmxvdzogaGlkZGVuOwogIGJvcmRlci13aWR0aDogMHB4OwogIHRleHQtaW5kZW50OiAxNTAlOwogIGN1cnNvcjogcG9pbnRlciAhaW1wb3J0YW50OwogIHdoaXRlLXNwYWNlOiBub3dyYXA7CiAgbWFyZ2luOiAxMHB4IDAgMCAwOwp9CiovCgovKiC+yTIKI3Jha3V0ZW5MaW1pdGVkSWRfYXJvdW5kQ2FydCBpbnB1dCB7CiAgd2lkdGg6IDE4MHB4OwogIGhlaWdodDogNDBweDsKIGJhY2tncm91bmQ6dXJsKGh0dHA6Ly9pbWFnZS5yYWt1dGVuLmNvLmpwL3Jha3V0ZW4yNC9jYWJpbmV0L2xheW91dC9idG5fY2FydF9ibGFjay5naWYpICNmY2ZjZmMgbm8tcmVwZWF0OwogIG92ZXJmbG93OiBoaWRkZW47CiAgYm9yZGVyLXdpZHRoOiAwcHg7CiAgdGV4dC1pbmRlbnQ6IDE1MCU7CiAgY3Vyc29yOiBwb2ludGVyICFpbXBvcnRhbnQ7CiAgd2hpdGUtc3BhY2U6IG5vd3JhcDsKICBtYXJnaW46IDEwcHggMCAwIDA7Cn0KKi8KCi8qINPovHOkq6S0jJ2P6qTHpbOl4aXzpciloqWmpcgKI3Jha3V0ZW5MaW1pdGVkSWRfYXJvdW5kQ2FydCBpbnB1dCB7CiAgd2lkdGg6IDE4MHB4OwogIGhlaWdodDogNDBweDsKIGJhY2tncm91bmQ6dXJsKCJodHRwOi8vaW1hZ2UucmFrdXRlbi5jby5qcC9yYWt1dGVuMjQvY2FiaW5ldC9sYXlvdXQvYnRuX2NhcnRfYmxhY2suZ2lmIikgI2ZjZmNmYyBuby1yZXBlYXQ7CiAgb3ZlcmZsb3c6IGhpZGRlbjsKICBib3JkZXItd2lkdGg6IDBweDsKICB0ZXh0LWluZGVudDogMTUwJTsKICBjdXJzb3I6IHBvaW50ZXIgIWltcG9ydGFudDsKICB3aGl0ZS1zcGFjZTogbm93cmFwOwogIG1hcmdpbjogMTBweCAwIDAgMDsKfQoqLwojcmFrdXRlbkxpbWl0ZWRJZF9hcm91bmRDYXJ0IGlucHV0LnJDYXJ0QnRuOmhvdmVyLApkaXYuc2hvcEJvb2ttYXJrQXJlYSBkaXYuc2hvcEJrbSBhLmFkZFNob3BCa20gc3Bhbi5zaG9wQmttU3Rhcjpob3ZlciwKZGl2LmJvb2ttYXJrQXJlYSBkaXYuYmttIGEuYWRkQmttIHNwYW4uYmttU3Rhcjpob3ZlciB7CiAgb3BhY2l0eTogMC44OwogIGZpbHRlcjogYWxwaGEob3BhY2l0eT04MCk7Cn0KCiNyYWt1dGVuTGltaXRlZElkX2Fyb3VuZENhcnQgI3NlcnZpY2VUYWJsZVNtbHsKLyoKICBtYXJnaW4tbGVmdDogOTJweCAhaW1wb3J0YW50OwoqLwp9CgojcmFrdXRlbkxpbWl0ZWRJZF9hcm91bmRDYXJ0ICNzZXJ2aWNlVGFibGVTbWwgdGQuZmF2b3JpdGV7CndpZHRoOiAyNzBweCAhaW1wb3J0YW50Owp9CgoKCiNyYWt1dGVuTGltaXRlZElkX2Fyb3VuZENhcnQgZGl2LnNob3BCa217CndpZHRoOiAxMjBweDsKfQoKZGl2LnNob3BCb29rbWFya0FyZWEgZGl2LnNob3BCa20gYS5hZGRTaG9wQmttewp3aWR0aDogMTIwcHggIWltcG9ydGFudDsKaGVpZ2h0OiAyNnB4ICFpbXBvcnRhbnQ7Cn0KCmRpdi5zaG9wQm9va21hcmtBcmVhIGRpdi5zaG9wQmttIGEuYWRkU2hvcEJrbSBzcGFuLnNob3BCa21TdGFyewp3aWR0aDogMTIwcHggIWltcG9ydGFudDsKaGVpZ2h0OiAyNnB4ICFpbXBvcnRhbnQ7CmJhY2tncm91bmQ6IHVybChodHRwOi8vaW1hZ2UucmFrdXRlbi5jby5qcC9yYWt1dGVuMjQvY2FiaW5ldC9sYXlvdXQvYnRuX2Zhdm9yaXRlX3Nob3AuZ2lmKSBuby1yZXBlYXQgMCAwICFpbXBvcnRhbnQ7Cn0KCgoKI3Jha3V0ZW5MaW1pdGVkSWRfYXJvdW5kQ2FydCBkaXYuYmttewp3aWR0aDogMTIwcHg7Cn0KCmRpdi5ib29rbWFya0FyZWEgZGl2LmJrbSBhLmFkZEJrbXsKd2lkdGg6IDEyMHB4ICFpbXBvcnRhbnQ7CmhlaWdodDogMjZweCAhaW1wb3J0YW50Owp9CgpkaXYuYm9va21hcmtBcmVhIGRpdi5ia20gYS5hZGRCa20gc3Bhbi5ia21TdGFyewp3aWR0aDogMTIwcHggIWltcG9ydGFudDsKaGVpZ2h0OiAyNnB4ICFpbXBvcnRhbnQ7CmJhY2tncm91bmQ6IHVybChodHRwOi8vaW1hZ2UucmFrdXRlbi5jby5qcC9yYWt1dGVuMjQvY2FiaW5ldC9sYXlvdXQvYnRuX2Zhdm9yaXRlX2l0ZW0uZ2lmKSBuby1yZXBlYXQgMCAwICFpbXBvcnRhbnQ7Cn0KCi53ZWVrbHlCbnJ7CndpZHRoOiA3MDBweDsKaGVpZ2h0OiAyMzFweDsKcG9zaXRpb246IHJlbGF0aXZlOwpiYWNrZ3JvdW5kOiB1cmwoImh0dHA6Ly93d3cucmFrdXRlbi5uZS5qcC9nb2xkL3Jha3V0ZW4yNC9pbWcvcmFuazEvYmdfcmFua2Juci5qcGciKSBsZWZ0IHRvcCBuby1yZXBlYXQ7Cn0KCi53ZWVrbHlCbnIgaW1newp3aWR0aDogNjYycHg7CnBvc2l0aW9uOiBhYnNvbHV0ZTsKYm90dG9tOiAzMHB4OwpsZWZ0OiAyMHB4Owp6LWluZGV4OiAxMDsKfQoKLndlZWtseUJucjphZnRlcnsKY29udGVudDogdXJsKCJodHRwOi8vd3d3LnJha3V0ZW4ubmUuanAvZ29sZC9yYWt1dGVuMjQvaW1nL3JhbmsxL3dyYXBfcmFua2Juci5wbmciKTsKcG9zaXRpb246IGFic29sdXRlOwp0b3A6IDA7CmxlZnQ6IDA7CnotaW5kZXg6IDEwMDsKfQoKLnJldmlld0JuciB7CiAgICB3aWR0aDogNzAwcHg7CiAgICBoZWlnaHQ6IDEwMHB4OwogICAgYmFja2dyb3VuZDogdXJsKCJodHRwOi8vaW1hZ2UucmFrdXRlbi5jby5qcC9yYWt1dGVuMjQvY2FiaW5ldC9jYW1wYWlnbi9yZXZpZXcvYmdfcmV2aWV3Ym5yLmpwZyIpIGxlZnQgdG9wIG5vLXJlcGVhdDsKICAgIHBvc2l0aW9uOiByZWxhdGl2ZTsKICAgIGZvbnQtc2l6ZTogMTZweDsKfQoKLnJldmlld0JuciBkaXYgewogICAgcGFkZGluZzogMTBweDsKICAgIGJhY2tncm91bmQ6ICNmZmY7CiAgICBwb3NpdGlvbjogYWJzb2x1dGU7CiAgICB0b3A6IDExcHg7CiAgICBsZWZ0OiAxODBweDsKICAgIGxpbmUtaGVpZ2h0OiAxMjAlOwogICAgYm9yZGVyLXJhZGl1czogNXB4Owp9CgoucmV2aWV3Qm5yIHNwYW4gewogICAgY29sb3I6ICNmZjAwMDA7Cn0KCi5yZXZpZXdCbnIgc3Ryb25nIHsKICAgIGZvbnQtc2l6ZTogMThweDsKfQoKLmJucl9lYWdsZXN7CiAgICB3aWR0aDogNzAwcHg7CiAgICBkaXNwbGF5OiBibG9jazsKICAgIGJhY2tncm91bmQtY29sb3I6ICM5MjA0MWU7CiAgICB0ZXh0LWFsaWduOiBjZW50ZXI7Cn0KCgoKaHRtbCxib2R5IHsKZm9udC1mYW1pbHk6IENlbnR1cnkgR290aGljLCBBcmlhbDsKfQoKc3Bhbi5jYXRlZ29yeV9pdGVtdGF4cG9zdGFnZSB7Zm9udC1zaXplOjEwcHg7fQpzcGFuLmNhdGVnb3J5X2l0ZW1wcmljZSB7Y29sb3I6I2JmMDAwMDtmb250LXNpemU6MjRweDtmb250LXdlaWdodDpib2xkOyBkaXNwbGF5OmJsb2NrO30Kc3Bhbi5wcmljZTIgeyBmb250LXNpemU6MjIwJSAhaW1wb3J0YW50O2ZvbnQtd2VpZ2h0OmJvbGQ7fQp0YWJsZXt6LWluZGV4OjA7fSAKc3Bhbi5jYXRlZ29yeV9pdGVtcHJpY2U6YmVmb3Jley8qY29udGVudDoiUFJJQ0UgIjsqL2ZvbnQtc2l6ZToxMHB4O30KPC9zdHlsZT4KCjwhLS0gpLOks6TepMcgLS0+CgoKPC90YWJsZT4=,pcal66Xepail7aXepaggpcGlp6XrpfSlo6WiIKW5paSpYKXIpdCluaW9peulyCCl7algpbogNDBnob6YU8zsMjShv1ulxqXrpd6lqKXtpd6lqKXQpbmlvaXrpcggyOvUoYSIXaO6mFPM7DI0,mFPM7DI0pa+l6qW5pb+l66WspaSltqlgpd+lzaXppeulpqWpqWClv6lgpeqloqXDpdel6qWipcOl13g1pcClpqXLqWCls6XzpcmpYKXgpdql6qWopbWpYKXipbmls6Xzpcil7KXDpa+lucjVn4aksda5pOGls6Wzpcqlw6XEpaqlpKXrpKiktKTepLOk4dPNpbWl86XapeylsKXqpc7JyO9MmUOlr6Xqpbmlv6XrpaylpKW2qWAgNTAwbWwgNDixvr52pM7Ep8WuuMq+xqXGpeul3qWope2l3qWoIKXBpael66X0paOloiCluaWkqWClyKXQpbmlvaXrpcggpe2pYKW6IDQwZ6G+mFPM7DI0ob9bpcal66Xepail7aXepail0KW5pb2l66XIIMjr1KGEiF0=,pcal66Xepail7aXepail0KW5pb2l66XIL8uwkmkxODgwg9LS1MnPy83Bz59vwc+ho6XGpeul3qWope2l3qWoIKXBpael66X0paOloiCluaWkqWClyKXQpbmlvaXrpcggpe2pYKW6IDQwZ6G+mFPM7DI0ob9bpcal66Xepail7aXepail0KW5pb2l66XIIMjr1KGEiF0=[rn]
31-51727,aHR0cDovL3RzaG9wLnIxMHMuanAvcmFrdXRlbjI0L2NhYmluZXQvZTA0ODIvZTA0ODI4N2hfbC5qcGc/Zml0aW49NzAwOjcwMA==,MTQ1LjYwMDA=,,pdqlw6XIP6XapcOlyKWwpcOluiA+IKXapcOlyNPDpKrK1sjrpOzTw8a3ID4gpdCludPDxrcgPiDI69ShhIg=,peGlv6XWqWCkzsi8urml0KW5pb2l66XIIDUwZyjI69ShhIggpdCluaW9peulyCmhvphTzOwyNKG/W6Xhpb+l1qlgIKXQpbmlvaXrpchd,peGlv6XWqWAvy7CSaTE4ODCD0tLUyc/LzcHPn2/Bzw==,PGEgaHJlZj0iaHR0cDovL3d3dy5yYWt1dGVuLm5lLmpwL2dvbGQvcmFrdXRlbjI0L2NhbXBhaWduL3Jldmlldy8/cy1pZD1yMjRfcmV2aWV3X2ZpcnN0MDEiIHRhcmdldD0iX2JsYW5rIj48aW1nIHNyYz0iaHR0cDovL2ltYWdlLnJha3V0ZW4uY28uanAvcmFrdXRlbjI0L2NhYmluZXQvY2FtcGFpZ24vcmV2aWV3LzFiYW5fcmV2aWV3LmpwZyIgd2lkdGg9IjcwMCIgaGVpZ2h0PSIxMDAiIGJvcmRlcj0iMCIgLz48L2E+PGJyPqH5P6XspdOl5algzba45ZVypMult6XnpcOl16TY16LOxLesusWk8taqpOmku6TroaOkzqXBpaelw6WvpPLI66TspMakr6TApLWkpKGjPGJyPj/h4cjVpeGpYKXrpMukxqWvqWCl3aXzVVJMpPKkqsvNpOqkt6TepLmhozxhIGhyZWY9Imh0dHBzOi8vb3JkZXIubXkucmFrdXRlbi5jby5qcC8/cy1pZD1yMjRfcmV2aWV3X2ZpcnN0MDIiPqH2ofWl7KXTpeWpYKTylfikr6H1ofY8L2E+PGJyPj/L+6TOt72krM/IpMvNtrjlpLekv4j2us+hoqWvqWCl3aXz302zyoydz/PN4qTIpMqk6qTepLmkzqTHpLTXotLipK+kwKS1pKSho6XspdOl5algzba45aTPz8Kyv6TL05vdZKS3pMakpKTepLmhozxicj4/peyl06XlqWDNtrjlpKuk6be007Ok3qTHlXKy7qSspKKk66S/pOGhosnMxre7rcPmyc+kzqXspdOl5algvP7K/aTIjGfrSKTOzba45bz+yv2krK6QpMqk64j2us+krKSipOqk3qS5pM6kx9PopOGktMHLs9Ckr6TApLWkpKGjPGJyPqGhPGJyPjxicj48c21hbGw+ofml0aXDpbGpYKW4pceltqWkpfO1yKTP0+i45qTKpK+J5Lj8pLWk7KTrpLOkyKSspKKk6qTepLmhozwvc21hbGw+PGJyPjxicj48dGFibGU+PHRyPjx0ZCB3aWR0aD0iMTAwJSI+PHAgY2xhc3M9InBkZXNjIj48ZGl2IGNsYXNzPSJwZGVzY3RpdGxlIj7JzMa31WjD9zwvZGl2PjxkaXYgY2xhc3M9InBkZXNjaG9uYnVuIj6huKXhpb+l1qlgpM7IvLq5pdCluaW9peulyCA1MGcoyOvUoYSIIKXQpbmlvaXrpcgpobmkz6Gi09CZQ6Wypeul3qXLpaal4KGipd6lsKXepPLF5LrPpLekv6XQpbmlvaXrpcikx6S5oaOkuKTDpK+k6sjr1KGkx6S5pMOkraTqoaOlt6XIpemluaW4pfOluKXjqWCkzs/jpOompaql7KXzpbikzpyryauhozwvZGl2PjxkaXYgY2xhc3M9InBkZXNjdGl0bGUiPsq508O3vbeoPC9kaXY+PGRpdiBjbGFzcz0icGRlc2Nob25idW4iPtShstukzpyrKLxzMjAwpeqlw6XIpesppMuhorG+xrcxtPwoNTBnKaTyyOuk7KTGpOikr6SrpK2k3qS8pMbI69ShpLekxqSvpMCktaSkoaPNtsjr4eGhoqS3pNCk6aSvpM7pZ6TPuqOJY6TOvVm+p6Sstdeky7LQpOqk3qS5pM6kx6GipOikr6SrpK2k3qS8pMbI3KSrpLekxqSvpMCktaSkoaM8L2Rpdj48ZGl2IGNsYXNzPSJwZGVzY3RpdGxlIj7KudPDyc+kztei0uI8L2Rpdj48ZGl2IGNsYXNzPSJwZGVzY2hvbmJ1biI+ofHI69Sh0tTN4qTO08PNvqTLpM/KudPDpLekyqSkpMekr6TApLWkpKGjPGJyPqHxxqTEd6SipOukpKTPzOXZfKTLrpCzo6SspKKk64j2us+kz9K9jp+ky8/g1YSkt6TGyrnTw6SvpMCktaSkoaM8YnI+ofHKudPD1tCk5Mq508Ph4aGixqTEd6TLsGvV7qGisGuz4KGipKuk5qTfoaK0zLykuNC1yKTOrpCzo6SsrEak7KS/iPa6z6TPyrnTw6Ty1tDWuaS3oaLSvY6fpMvP4NWEpLekxqSvpMCktaSkoaM8YnI+ofGxvsa3pM/Ks6TZpOmk7KTepLuk86GjzfLSu7Tzwb+ky++LpN/eeqTzpMCI9rrPpM+hosuupPLvi6TepLuk67XIpM6ESdbDpPKkt6Gi0r2On6TLz+DVhKS3pMakr6TApLWkpKGjPGJyPqHxsb7Gt6TLpM+hotShsts/70yFzriqpPKkpKS/pOGk66WkpaqlpqTPyOukw6TGpKqk6qTepLuk86GjPGJyPqHx1KGy26SspLmk2aTqpOSkuaSvpMqk66SzpMikrKSipOqk3qS5pM6kx9ei0uKkt6TGpK+kwKS1pKShozxicj6h8bG+xrfKudPD4eGhou9Mhc64qsTasr+k5NGtrWi/16XVpaOl66W/qWC1yKTyy67PtKSkpLekxqSvpMCktaSkoaM8YnI+ofGy0KTqnKukz8+05aqky8q508Okx6StpN6kuaSspLmkuaSupM/H5cuupMfQ0KTDpMakr6TApLWkpKGjpL+kwKS30tTPwqTOiPa6z6TPyrnTw6S3pMqkpKTHpK+kwKS1pKShozxicj4xLsjh3JvKy8nPhIikyKTOgePTw6GjMi6kqqTtpLekv6TGpM7Swu6QoaMzLqTEpLGkqqStPGJyPqHxy661wMuu1tCkzs/7tr7Tw4ljy9id4rbIpKy436SktdjT8qTHpM+hosj0uMmkqpyrpM7Jq6SsieS7r6S5pOuks6TIpKykoqTqpN6kuaSsxrfZfKTL07DtkaSipOqk3qS7pPOhozxicj6h8bG+xrekzqW9peulyKSs1KHK0qTk1KGy26TOse3D5qTLuLbXxaS3pL+I9rrPpM+hotfFyaukuaTrv9ak7KSspKKk6qTepLmkzqTHt8XWw6S7pLqhoqS5pLCky8+0pKTB96S3pMakr6TApLWkpKGjPGJyPqHxyMu5pLTzwO3Kr6TO1KGy26TkMjSVculn70yFzqTLpM/KudPDpPKx3KSxpMakr6TApLWkpKGjPGJyPirKs6TZzu+kx6TPpKKk6qTepLuk86GjPC9kaXY+PGRpdiBjbGFzcz0icGRlc2N0aXRsZSI+saO53MnPpM7XotLiPC9kaXY+PGRpdiBjbGFzcz0icGRlc2Nob25idW4iPqHxyOnT14O5KNPX0KGDuSmkzsrWpM697KSrpMqkpMv5pMuxo7ncpLekxqSvpMCktaSkoaM8YnI+ofHKqprdpPKOoaTTpOukyMmr1Xuk5M/jpOqkrLXNz8KkuaTrpLOkyKSspKKk6qTepLmkzqTHsaO53KTL16LS4qS3pMakr6TApLWkpKGjPGJyPqHx6V+34uHhpLmksKTLyrnTw6S3pMakr6TApLWkpKGjPC9kaXY+PGRpdiBjbGFzcz0icGRlc2N0aXRsZSI+yKuzybfWPC9kaXY+PGRpdiBjbGFzcz0icGRlc2Nob25idW4iPrqjiWOhoqXbpc6l6aWkpcihoqXspdGlsqXrpd6ly6WmpeChoqXIpaalrKXppbelqKWtpbmhoqW3peqlq6Giy66hos/jwc+horPgMTA2oaK7xjU8L2Rpdj48ZGl2IGNsYXNzPSJwZGVzY3RpdGxlIj7Ura5iufo8L2Rpdj48ZGl2IGNsYXNzPSJwZGVzY2hvbmJ1biI+yNWxvjwvZGl2PjwvcD48L3RkPjwvdHI+PC90YWJsZT48YnI+pdal6aXzpcmjuqXhpb+l1qlgPGJyPphTzOwyNKO+yNXTw8a3o77I69ShhIg/zsLUocb3o77I69ShhIijvqXQpbmlvaXrpcijvqXhpb+l1qlgpM7IvLq5pdCluaW9peulyCA1MGcoyOvUoYSIIKXQpbmlvaXrpcgpPGJyPtF11OzYnInT1Kqjus7l1t7LYca3PGJyPtStrmK5+iDI1bG+PGJyPsTayN3Bv6O6NTBnKDG72LfWKTxicj48YnI+PGJyPqW1paSluqO6t/kxMjAquN+ktTE1MChtbSk8YnI+SkFOpbOpYKXJo7qhoTQ5ODczMzIxMjQxMDg8YnI+PGJyPjx0YWJsZSB3aWR0aD0iMTAwJSIgYm9yZGVyPTAgY2VsbHNwYWNpbmc9MCBjZWxscGFkZGluZz01Pjx0cj48dGQ+PC90ZD48dHI+PHRkPjwvdGQ+PC90cj48L3RhYmxlPjxicj48YnI+PGJyPo7auObOxNifo7qlsaXzpbOpYKWzpeDW6sq9u+HJ5zxicj5URUw6MDUwLTU1NzctNTA0Mzxicj48YnI+W6Xhpb+l1qlgXTxicj7I69ShhIg/zsLUocb3L8jr1KGEiC+l0KW5pb2l66XIPGJyPsf4t9Y6W7uvu5LGt108YnI+PCEtLSBpZDogP3MtaWQ9cjI0X2loYm5yXzAxLyA/cy1pZD1yMjRfaWhibnJfMDIgLS0+Cjx0YWJsZSB3aWR0aD0iNzMwIiBjZWxscGFkZGluZz0iMCIgY2VsbHNwYWNpbmc9IjAiIGJvcmRlcj0iMCI+Cgo8IS0tMTCjpU9GRqWvqWCl3aXzLyAtLT4KCjxkaXYgc3R5bGU9Im1hcmdpbi1ib3R0b206MTBweDsiPgoKPGltZyBzcmM9IgpodHRwczovL2ltYWdlLnJha3V0ZW4uY28uanAvcmFrdXRlbjI0L2NhYmluZXQvY291cG9uL2Jucl8xMDBfNzAwXzYwLmpwZyIgYWx0PSKz9aThpMakzre9z962qDEwMIPST0ZGpa+pYKXdpfOjoSIgd2lkdGg9IjcwMCIgaGVpZ2h0PSI2MCIgYm9yZGVyPSIwIj4KPC9kaXY+Cgo8ZGl2IHN0eWxlPSJtYXJnaW4tYm90dG9tOjEwcHg7Ij4KCjxpbWcgc3JjPSJodHRwczovL2ltYWdlLnJha3V0ZW4uY28uanAvcmFrdXRlbjI0L2NhYmluZXQvY291cG9uL2Jucl83MDBfNjBfNTAwMC5qcGciIGFsdD0iNSwwMDCD0tLUyc/Zj8jrMTAlT0ZGo6EiIHdpZHRoPSI3MDAiIGhlaWdodD0iNjAiIGJvcmRlcj0iMCI+CjwvZGl2PgoKPCEtLWRpdiBzdHlsZT0ibWFyZ2luLWJvdHRvbToxMHB4OyI+Cgo8aW1nIHNyYz0iaHR0cDovL2ltYWdlLnJha3V0ZW4uY28uanAvcmFrdXRlbjI0L2NhYmluZXQvY291cG9uL2Jucl83MDBfNjBfMTAwMDAuanBnIiBhbHQ9IjEwLDAwMIPS0tTJz9mPyOukxzE1JU9GRqOhIiB3aWR0aD0iNzAwIiBoZWlnaHQ9IjYwIiBib3JkZXI9IjAiPgo8L2Rpdi0tPgoKPCEtLWRpdiBzdHlsZT0ibWFyZ2luLWJvdHRvbToxMHB4OyI+Cgo8aW1nIHNyYz0iaHR0cDovL2ltYWdlLnJha3V0ZW4uY28uanAvcmFrdXRlbjI0L2NhYmluZXQvY2FtcGFpZ24vYXN1cmFrdS9ibnJfNzAwXzYwLmpwZyIgYWx0PSKkoqS5mFPJzMa3pd2lpKXzpcgzsbajoSIgd2lkdGg9IjcwMCIgaGVpZ2h0PSI2MCIgYm9yZGVyPSIwIj4KPC9kaXYtLT4KCjxkaXYgc3R5bGU9Im1hcmdpbi1ib3R0b206MTBweDsiPgoKPGltZyBzcmM9Imh0dHBzOi8vaW1hZ2UucmFrdXRlbi5jby5qcC9yYWt1dGVuMjQvY2FiaW5ldC9zcGVjaWFsL2ZhdGhlcl80Njh4NjAuanBnIiBhbHQ9IqXdpaSl86XIM7G2o6EiIHdpZHRoPSI0NjgiIGhlaWdodD0iNjAiIGJvcmRlcj0iMCI+CjwvZGl2PgoKCjxkaXYgc3R5bGU9Im1hcmdpbi1ib3R0b206MTBweDsiPgoKPGltZyBzcmM9Imh0dHBzOi8vaW1hZ2UucmFrdXRlbi5jby5qcC9yYWt1dGVuMjQvY2FiaW5ldC9zcGVjaWFsLzIwMTZfZWNhbXBhaWduLmpwZyIgYWx0PSKlpKlgpbCl66W5hNnA+9ObxO6l3aWkpfOlyDKxtqOhIiB3aWR0aD0iNDY4IiBoZWlnaHQ9IjYwIiBib3JkZXI9IjAiPgo8L2Rpdj4KCgo8IS0tIC8xMKOlT0ZGpa+pYKXdpfMgLS0+Cgo8IS0tIKSqpLmkuaThyczGtyAtLT4Kpcal7KXTvUK96aO6CqXIpd6lyKW4peWpYKW5IC8Kpd6lq6XHpd+loqXKpcOlxKWqpaSl6yAvCiDrioTTpdal7KXDpcmlq6XDpb+pYCAvCiCl66WkpdyluaXGpaOpYCAvCqTqpPOktPWhIC8KPCEtLSAvpKqkuaS5pOHJzMa3IC0tPgoKCgo8IS0tIJhTzOwyNKSrpOmkzqXhpcOlu6lgpbgvIC0tPgo8YnI+PGJyPgoKCjwhLS0gL5hTzOwyNKSrpOmkzqXhpcOlu6lgpbggLS0+Cgo8IS0tIKSipLmYU05HLyAtLT4KPCEtLaGhPGltZyBzcmM9Imh0dHA6Ly9pbWFnZS5yYWt1dGVuLmNvLmpwL3Jha3V0ZW4yNC9jYWJpbmV0L2l0ZW00Ni9hc3VyYWt1MDcwNC5qcGciIHdpZHRoPSI3MzAiIGhlaWdodD0iMTMwIiBib3JkZXI9IjAiPgoKPGRpdiBzdHlsZT0ibWFyZ2luLWJvdHRvbTo1cHg7Ij4KPGltZyBzcmM9Imh0dHA6Ly9pbWFnZS5yYWt1dGVuLmNvLmpwL3Jha3V0ZW4yNC9jYWJpbmV0L2l0ZW00NS9hc3VyYWt1MDcxMS5qcGciIHdpZHRoPSI3MzAiIGhlaWdodD0iNTAiIGJvcmRlcj0iMCI+CjwvZGl2PgotLT4KPCEtLSAvpKKkuZhTTkcgLS0+CgoKCjwhLS0gu9jfWy8gLS0+CjwhLS0gCgogLS0+CjwhLS0gL7vY31sgLS0+CgoKCjwhLS0gMsHQse3KvtPDpdClyqlgpail6qWiPgo8IS0tCjx0cj4KPHRkIHdpZHRoPSIzNjUiPjxpbWcgc3JjPSJodHRwOi8vd3d3LnJha3V0ZW4ubmUuanAvZ29sZC9yYWt1dGVuMjQvaXRlbS9pbWFnZXMvaXRlbXBhZ2VfYm5yXzAxLmpwZyIgd2lkdGg9IjM2MCIgaGVpZ2h0PSI2MCIgYm9yZGVyPSIwIiBhbHQ9IiI+PC90ZD4KPHRkIHdpZHRoPSIzNjUiPjxpbWcgc3JjPSJodHRwOi8vd3d3LnJha3V0ZW4ubmUuanAvZ29sZC9yYWt1dGVuMjQvaXRlbS9pbWFnZXMvaXRlbXBhZ2VfYm5yXzAyLmdpZiIgd2lkdGg9IjM2MCIgaGVpZ2h0PSI2MCIgYm9yZGVyPSIwIiBhbHQ9IiI+PC90ZD4KPC90cj4KLS0+IAoKPCEtLSDZSaSkzu+kq6S0pdylv6XzLyAtLT4KPHN0eWxlPgovKiC+yaXcpb+l8wojcmFrdXRlbkxpbWl0ZWRJZF9hcm91bmRDYXJ0IGlucHV0IHsKICB3aWR0aDogMTYwcHg7CiAgaGVpZ2h0OiA0MHB4OwogYmFja2dyb3VuZDp1cmwoaHR0cDovL2ltYWdlLnJha3V0ZW4uY28uanAvcmFrdXRlbjI0L2NhYmluZXQvdGVzdC9jYXJ0X2JsYWNrLmdpZikgI2ZjZmNmYyBuby1yZXBlYXQ7CiAgb3ZlcmZsb3c6IGhpZGRlbjsKICBib3JkZXItd2lkdGg6IDBweDsKICB0ZXh0LWluZGVudDogMTUwJTsKICBjdXJzb3I6IHBvaW50ZXIgIWltcG9ydGFudDsKICB3aGl0ZS1zcGFjZTogbm93cmFwOwogIG1hcmdpbjogMTBweCAwIDAgMDsKfQoqLwoKLyogvskyCiNyYWt1dGVuTGltaXRlZElkX2Fyb3VuZENhcnQgaW5wdXQgewogIHdpZHRoOiAxODBweDsKICBoZWlnaHQ6IDQwcHg7CiBiYWNrZ3JvdW5kOnVybChodHRwOi8vaW1hZ2UucmFrdXRlbi5jby5qcC9yYWt1dGVuMjQvY2FiaW5ldC9sYXlvdXQvYnRuX2NhcnRfYmxhY2suZ2lmKSAjZmNmY2ZjIG5vLXJlcGVhdDsKICBvdmVyZmxvdzogaGlkZGVuOwogIGJvcmRlci13aWR0aDogMHB4OwogIHRleHQtaW5kZW50OiAxNTAlOwogIGN1cnNvcjogcG9pbnRlciAhaW1wb3J0YW50OwogIHdoaXRlLXNwYWNlOiBub3dyYXA7CiAgbWFyZ2luOiAxMHB4IDAgMCAwOwp9CiovCgovKiDT6LxzpKuktIydj+qkx6WzpeGl86XIpaKlpqXICiNyYWt1dGVuTGltaXRlZElkX2Fyb3VuZENhcnQgaW5wdXQgewogIHdpZHRoOiAxODBweDsKICBoZWlnaHQ6IDQwcHg7CiBiYWNrZ3JvdW5kOnVybCgiaHR0cDovL2ltYWdlLnJha3V0ZW4uY28uanAvcmFrdXRlbjI0L2NhYmluZXQvbGF5b3V0L2J0bl9jYXJ0X2JsYWNrLmdpZiIpICNmY2ZjZmMgbm8tcmVwZWF0OwogIG92ZXJmbG93OiBoaWRkZW47CiAgYm9yZGVyLXdpZHRoOiAwcHg7CiAgdGV4dC1pbmRlbnQ6IDE1MCU7CiAgY3Vyc29yOiBwb2ludGVyICFpbXBvcnRhbnQ7CiAgd2hpdGUtc3BhY2U6IG5vd3JhcDsKICBtYXJnaW46IDEwcHggMCAwIDA7Cn0KKi8KI3Jha3V0ZW5MaW1pdGVkSWRfYXJvdW5kQ2FydCBpbnB1dC5yQ2FydEJ0bjpob3ZlciwKZGl2LnNob3BCb29rbWFya0FyZWEgZGl2LnNob3BCa20gYS5hZGRTaG9wQmttIHNwYW4uc2hvcEJrbVN0YXI6aG92ZXIsCmRpdi5ib29rbWFya0FyZWEgZGl2LmJrbSBhLmFkZEJrbSBzcGFuLmJrbVN0YXI6aG92ZXIgewogIG9wYWNpdHk6IDAuODsKICBmaWx0ZXI6IGFscGhhKG9wYWNpdHk9ODApOwp9CgojcmFrdXRlbkxpbWl0ZWRJZF9hcm91bmRDYXJ0ICNzZXJ2aWNlVGFibGVTbWx7Ci8qCiAgbWFyZ2luLWxlZnQ6IDkycHggIWltcG9ydGFudDsKKi8KfQoKI3Jha3V0ZW5MaW1pdGVkSWRfYXJvdW5kQ2FydCAjc2VydmljZVRhYmxlU21sIHRkLmZhdm9yaXRlewp3aWR0aDogMjcwcHggIWltcG9ydGFudDsKfQoKCgojcmFrdXRlbkxpbWl0ZWRJZF9hcm91bmRDYXJ0IGRpdi5zaG9wQmttewp3aWR0aDogMTIwcHg7Cn0KCmRpdi5zaG9wQm9va21hcmtBcmVhIGRpdi5zaG9wQmttIGEuYWRkU2hvcEJrbXsKd2lkdGg6IDEyMHB4ICFpbXBvcnRhbnQ7CmhlaWdodDogMjZweCAhaW1wb3J0YW50Owp9CgpkaXYuc2hvcEJvb2ttYXJrQXJlYSBkaXYuc2hvcEJrbSBhLmFkZFNob3BCa20gc3Bhbi5zaG9wQmttU3RhcnsKd2lkdGg6IDEyMHB4ICFpbXBvcnRhbnQ7CmhlaWdodDogMjZweCAhaW1wb3J0YW50OwpiYWNrZ3JvdW5kOiB1cmwoaHR0cDovL2ltYWdlLnJha3V0ZW4uY28uanAvcmFrdXRlbjI0L2NhYmluZXQvbGF5b3V0L2J0bl9mYXZvcml0ZV9zaG9wLmdpZikgbm8tcmVwZWF0IDAgMCAhaW1wb3J0YW50Owp9CgoKCiNyYWt1dGVuTGltaXRlZElkX2Fyb3VuZENhcnQgZGl2LmJrbXsKd2lkdGg6IDEyMHB4Owp9CgpkaXYuYm9va21hcmtBcmVhIGRpdi5ia20gYS5hZGRCa217CndpZHRoOiAxMjBweCAhaW1wb3J0YW50OwpoZWlnaHQ6IDI2cHggIWltcG9ydGFudDsKfQoKZGl2LmJvb2ttYXJrQXJlYSBkaXYuYmttIGEuYWRkQmttIHNwYW4uYmttU3RhcnsKd2lkdGg6IDEyMHB4ICFpbXBvcnRhbnQ7CmhlaWdodDogMjZweCAhaW1wb3J0YW50OwpiYWNrZ3JvdW5kOiB1cmwoaHR0cDovL2ltYWdlLnJha3V0ZW4uY28uanAvcmFrdXRlbjI0L2NhYmluZXQvbGF5b3V0L2J0bl9mYXZvcml0ZV9pdGVtLmdpZikgbm8tcmVwZWF0IDAgMCAhaW1wb3J0YW50Owp9Cgoud2Vla2x5Qm5yewp3aWR0aDogNzAwcHg7CmhlaWdodDogMjMxcHg7CnBvc2l0aW9uOiByZWxhdGl2ZTsKYmFja2dyb3VuZDogdXJsKCJodHRwOi8vd3d3LnJha3V0ZW4ubmUuanAvZ29sZC9yYWt1dGVuMjQvaW1nL3JhbmsxL2JnX3JhbmtibnIuanBnIikgbGVmdCB0b3Agbm8tcmVwZWF0Owp9Cgoud2Vla2x5Qm5yIGltZ3sKd2lkdGg6IDY2MnB4Owpwb3NpdGlvbjogYWJzb2x1dGU7CmJvdHRvbTogMzBweDsKbGVmdDogMjBweDsKei1pbmRleDogMTA7Cn0KCi53ZWVrbHlCbnI6YWZ0ZXJ7CmNvbnRlbnQ6IHVybCgiaHR0cDovL3d3dy5yYWt1dGVuLm5lLmpwL2dvbGQvcmFrdXRlbjI0L2ltZy9yYW5rMS93cmFwX3JhbmtibnIucG5nIik7CnBvc2l0aW9uOiBhYnNvbHV0ZTsKdG9wOiAwOwpsZWZ0OiAwOwp6LWluZGV4OiAxMDA7Cn0KCi5yZXZpZXdCbnIgewogICAgd2lkdGg6IDcwMHB4OwogICAgaGVpZ2h0OiAxMDBweDsKICAgIGJhY2tncm91bmQ6IHVybCgiaHR0cDovL2ltYWdlLnJha3V0ZW4uY28uanAvcmFrdXRlbjI0L2NhYmluZXQvY2FtcGFpZ24vcmV2aWV3L2JnX3Jldmlld2Juci5qcGciKSBsZWZ0IHRvcCBuby1yZXBlYXQ7CiAgICBwb3NpdGlvbjogcmVsYXRpdmU7CiAgICBmb250LXNpemU6IDE2cHg7Cn0KCi5yZXZpZXdCbnIgZGl2IHsKICAgIHBhZGRpbmc6IDEwcHg7CiAgICBiYWNrZ3JvdW5kOiAjZmZmOwogICAgcG9zaXRpb246IGFic29sdXRlOwogICAgdG9wOiAxMXB4OwogICAgbGVmdDogMTgwcHg7CiAgICBsaW5lLWhlaWdodDogMTIwJTsKICAgIGJvcmRlci1yYWRpdXM6IDVweDsKfQoKLnJldmlld0JuciBzcGFuIHsKICAgIGNvbG9yOiAjZmYwMDAwOwp9CgoucmV2aWV3Qm5yIHN0cm9uZyB7CiAgICBmb250LXNpemU6IDE4cHg7Cn0KCi5ibnJfZWFnbGVzewogICAgd2lkdGg6IDcwMHB4OwogICAgZGlzcGxheTogYmxvY2s7CiAgICBiYWNrZ3JvdW5kLWNvbG9yOiAjOTIwNDFlOwogICAgdGV4dC1hbGlnbjogY2VudGVyOwp9CgoKCmh0bWwsYm9keSB7CmZvbnQtZmFtaWx5OiBDZW50dXJ5IEdvdGhpYywgQXJpYWw7Cn0KCnNwYW4uY2F0ZWdvcnlfaXRlbXRheHBvc3RhZ2Uge2ZvbnQtc2l6ZToxMHB4O30Kc3Bhbi5jYXRlZ29yeV9pdGVtcHJpY2Uge2NvbG9yOiNiZjAwMDA7Zm9udC1zaXplOjI0cHg7Zm9udC13ZWlnaHQ6Ym9sZDsgZGlzcGxheTpibG9jazt9CnNwYW4ucHJpY2UyIHsgZm9udC1zaXplOjIyMCUgIWltcG9ydGFudDtmb250LXdlaWdodDpib2xkO30KdGFibGV7ei1pbmRleDowO30gCnNwYW4uY2F0ZWdvcnlfaXRlbXByaWNlOmJlZm9yZXsvKmNvbnRlbnQ6IlBSSUNFICI7Ki9mb250LXNpemU6MTBweDt9Cjwvc3R5bGU+Cgo8IS0tIKSzpLOk3qTHIC0tPgoKCjwvdGFibGU+,peGlv6XWqWCkzsi8urml0KW5pb2l66XIIDUwZyjI69ShhIggpdCluaW9peulyCmhvphTzOwyNKG/W6Xhpb+l1qlgIKXQpbmlvaXrpchdo7qYU8zsMjQ=,mFPM7DI0pa+l6qW5pb+l66WspaSltqlgpd+lzaXppeulpqWpqWClv6lgpeqloqXDpdel6qWipcOl13g1pcClpqXLqWCls6XzpcmpYKXgpdql6qWopbWpYKXipbmls6Xzpcil7KXDpa+lucjVn4aksda5pOGls6Wzpcqlw6XEpaqlpKXrpKiktKTepLOk4dPNpbWl86XapeylsKXqpc7JyO9MmUOlr6Xqpbmlv6XrpaylpKW2qWAgNTAwbWwgNDixvr52pM7Ep8WuuMq+xqXhpb+l1qlgpM7IvLq5pdCluaW9peulyCA1MGcoyOvUoYSIIKXQpbmlvaXrpcgpob6YU8zsMjShv1ul4aW/pdapYCCl0KW5pb2l66XIXQ==,peGlv6XWqWAvy7CSaTE4ODCD0tLUyc/LzcHPn2/Bz6GjpeGlv6XWqWCkzsi8urml0KW5pb2l66XIIDUwZyjI69ShhIggpdCluaW9peulyCmhvphTzOwyNKG/W6Xhpb+l1qlgIKXQpbmlvaXrpchd[rn]
31-51728,aHR0cDovL3RzaG9wLnIxMHMuanAvcmFrdXRlbjI0L2NhYmluZXQveDUyNjkveDUyNjk3MGhfbC5qcGc/Zml0aW49NzAwOjcwMA==,NzYwLjAwMDA=,,pdqlw6XIP6XapcOlyKWwpcOluiA+IKXapcOlyNPDpKrK1sjrpOzTw8a3ID4gpdCludPDxrcgPiDI69ShhIg=,pa2l0aXvqWCl0KW5pb2l66XIIDIwMGcoyOvUoYSIIKXQpbmlvaXrpcgpob6YU8zsMjShv1ulraXRpe+pYKW9peulyCCl0KW5pb2l66XIXQ==,pa2l0aXvqWClvaXrpcgvy7CSaTE4ODCD0tLUyc/LzcHPn2/Bzw==,oaE8YnI+PGJyPjxzbWFsbD6h+aXRpcOlsalgpbilx6W2paSl87XIpM/T6LjmpMqkr4nkuPyktaTspOuks6TIpKykoqTqpN6kuaGjPC9zbWFsbD48YnI+PGJyPjx0YWJsZT48dHI+PHRkIHdpZHRoPSIxMDAlIj48cCBjbGFzcz0icGRlc2MiPjxkaXYgY2xhc3M9InBkZXNjdGl0bGUiPsnMxrfVaMP3PC9kaXY+PGRpdiBjbGFzcz0icGRlc2Nob25idW4iPqG4pa2l0aXvqWCl0KW5pb2l66XIIDIwMGcoyOvUoYSIIKXQpbmlvaXrpcgpobmkz6Giw8Ckt6Sk19TIu6SsstCktaTspL/tbrn6pM6JY8zvpMekyKTspL+l36XNpeml69hOuLukyqSqiWOk8qGizNjUU9F1t6ikx7jfn+GfhrPJpLekv6XQpbmlvaXrpcikx6S5oaPX1Mi7pM6l36XNpeml66SsoaKkqryhpMukpqTrpKqkpKTypKKkv6SopMakr6TspN6kuaGjPC9kaXY+PGRpdiBjbGFzcz0icGRlc2N0aXRsZSI+yrnTw7e9t6g8L2Rpdj48ZGl2IGNsYXNzPSJwZGVzY2hvbmJ1biI+1KGy2yi8czE4MKXqpcOlyKXrKaTOpKqcq6TLMbT8pPLI66TsoaKk6KSvpKukrbvspLykxsjr1KGkt6TGpK+kwKS1pKSho7Drye3UoaTk1+Ocq6TLpKrKuaSkpM6I9rrPpM+hopyrwb+ky7rPpO+ku6TGyrnTw8G/pPLVe7mdpLekxqSvpMCktaSkoaM8L2Rpdj48ZGl2IGNsYXNzPSJwZGVzY3RpdGxlIj7KudPDyc+kztei0uI8L2Rpdj48ZGl2IGNsYXNzPSJwZGVzY2hvbmJ1biI+ofGxvsa3pM/Ks9PDpMekz6SipOqk3qS7pPOhozxicj6h8bjfn+HK7LPJpLekv5+GpK2JY6TOpL+k4aGipKqcq6TLyNyksaStpOmkyqSks8m31qSsuKHfWz/J8rXupLmk64j2us+krKS0pLakpKTepLmkrKGipKqcq6TLuqyk3qTspOufb5lDzu+kx6S5pM6kx8a32Xyky6TPhpbufaS0pLakpKTepLuk86GjPGJyPqHx70yFzriqpPKC+6ThpOuks6TIpKykoqTqpN6kuaTOpMehoqSqnKuk8sLkpMikt6S/4eGkz9Shstuk5KSqnKukzrP2yOuk6r/apMqkyaTypbel46XvqWCkyqTJpMek6KSvz7Skw6TGpK+kwKS1pKShozxicj6h8TI0lXLpZ+9Mhc6kyqTJpM7Rra1o70yFzriqpMekzqS0yrnTw6TPpKqk5KThpK+kwKS1pKShozxicj6h8aSqvKGky7rPpO+kyqSkpMikraTPoaKktMq508Ok8qSqpOSk4aSvpMCktaSkoaM8L2Rpdj48ZGl2IGNsYXNzPSJwZGVzY3RpdGxlIj7UrbLEwc/D+z+W0fBCs8m31rXIPC9kaXY+PGRpdiBjbGFzcz0icGRlc2Nob25idW4iPqHx1K2yxMHPw/ujurqjiWM8L2Rpdj48ZGl2IGNsYXNzPSJwZGVzY3RpdGxlIj7Ura5iufo8L2Rpdj48ZGl2IGNsYXNzPSJwZGVzY2hvbmJ1biI+7W65+jwvZGl2PjwvcD48L3RkPjwvdHI+PC90YWJsZT48YnI+pdal6aXzpcmjuqWtpdGl76lgpb2l66XIPGJyPphTzOwyNKO+yNXTw8a3o77I69ShhIg/zsLUocb3o77I69ShhIijvqXQpbmlvaXrpcijvqWtpdGl76lgpdCluaW9peulyCAyMDBnKMjr1KGEiCCl0KW5pb2l66XIKTxicj7RddTs2JyJ09Sqo7qlraXRpe+pYDxicj7Ura5iufog7W65+jxicj7E2sjdwb+jujIwMGc8YnI+PGJyPjxicj6ltaWkpboozeLXsCmjujE3MCoxMjAqKG1tKTxicj5KQU6ls6lgpcmjuqGhNDUyNjM4MDAwMTUwNjxicj48YnI+PHRhYmxlIHdpZHRoPSIxMDAlIiBib3JkZXI9MCBjZWxsc3BhY2luZz0wIGNlbGxwYWRkaW5nPTU+PHRyPjx0ZD48L3RkPjx0cj48dGQ+PC90ZD48L3RyPjwvdGFibGU+PGJyPjxicj48YnI+jtq45s7E2J+juqWxpfOls6lgpbOl4Nbqyr274cnnPGJyPlRFTDowNTAtNTU3Ny01MDQzPGJyPjxicj5bpa2l0aXvqWClvaXrpchdPGJyPsjr1KGEiD/OwtShxvcvyOvUoYSIL6XQpbmlvaXrpcg8YnI+x/i31jpbu6+7ksa3XTxicj48IS0tIGlkOiA/cy1pZD1yMjRfaWhibnJfMDEvID9zLWlkPXIyNF9paGJucl8wMiAtLT4KPHRhYmxlIHdpZHRoPSI3MzAiIGNlbGxwYWRkaW5nPSIwIiBjZWxsc3BhY2luZz0iMCIgYm9yZGVyPSIwIj4KCjwhLS0xMKOlT0ZGpa+pYKXdpfMvIC0tPgoKPGRpdiBzdHlsZT0ibWFyZ2luLWJvdHRvbToxMHB4OyI+Cgo8aW1nIHNyYz0iCmh0dHBzOi8vaW1hZ2UucmFrdXRlbi5jby5qcC9yYWt1dGVuMjQvY2FiaW5ldC9jb3Vwb24vYm5yXzEwMF83MDBfNjAuanBnIiBhbHQ9IrP1pOGkxqTOt73P3raoMTAwg9JPRkalr6lgpd2l86OhIiB3aWR0aD0iNzAwIiBoZWlnaHQ9IjYwIiBib3JkZXI9IjAiPgo8L2Rpdj4KCjxkaXYgc3R5bGU9Im1hcmdpbi1ib3R0b206MTBweDsiPgoKPGltZyBzcmM9Imh0dHBzOi8vaW1hZ2UucmFrdXRlbi5jby5qcC9yYWt1dGVuMjQvY2FiaW5ldC9jb3Vwb24vYm5yXzcwMF82MF81MDAwLmpwZyIgYWx0PSI1LDAwMIPS0tTJz9mPyOsxMCVPRkajoSIgd2lkdGg9IjcwMCIgaGVpZ2h0PSI2MCIgYm9yZGVyPSIwIj4KPC9kaXY+Cgo8IS0tZGl2IHN0eWxlPSJtYXJnaW4tYm90dG9tOjEwcHg7Ij4KCjxpbWcgc3JjPSJodHRwOi8vaW1hZ2UucmFrdXRlbi5jby5qcC9yYWt1dGVuMjQvY2FiaW5ldC9jb3Vwb24vYm5yXzcwMF82MF8xMDAwMC5qcGciIGFsdD0iMTAsMDAwg9LS1MnP2Y/I66THMTUlT0ZGo6EiIHdpZHRoPSI3MDAiIGhlaWdodD0iNjAiIGJvcmRlcj0iMCI+CjwvZGl2LS0+Cgo8IS0tZGl2IHN0eWxlPSJtYXJnaW4tYm90dG9tOjEwcHg7Ij4KCjxpbWcgc3JjPSJodHRwOi8vaW1hZ2UucmFrdXRlbi5jby5qcC9yYWt1dGVuMjQvY2FiaW5ldC9jYW1wYWlnbi9hc3VyYWt1L2Jucl83MDBfNjAuanBnIiBhbHQ9IqSipLmYU8nMxrel3aWkpfOlyDOxtqOhIiB3aWR0aD0iNzAwIiBoZWlnaHQ9IjYwIiBib3JkZXI9IjAiPgo8L2Rpdi0tPgoKPGRpdiBzdHlsZT0ibWFyZ2luLWJvdHRvbToxMHB4OyI+Cgo8aW1nIHNyYz0iaHR0cHM6Ly9pbWFnZS5yYWt1dGVuLmNvLmpwL3Jha3V0ZW4yNC9jYWJpbmV0L3NwZWNpYWwvZmF0aGVyXzQ2OHg2MC5qcGciIGFsdD0ipd2lpKXzpcgzsbajoSIgd2lkdGg9IjQ2OCIgaGVpZ2h0PSI2MCIgYm9yZGVyPSIwIj4KPC9kaXY+CgoKPGRpdiBzdHlsZT0ibWFyZ2luLWJvdHRvbToxMHB4OyI+Cgo8aW1nIHNyYz0iaHR0cHM6Ly9pbWFnZS5yYWt1dGVuLmNvLmpwL3Jha3V0ZW4yNC9jYWJpbmV0L3NwZWNpYWwvMjAxNl9lY2FtcGFpZ24uanBnIiBhbHQ9IqWkqWClsKXrpbmE2cD705vE7qXdpaSl86XIMrG2o6EiIHdpZHRoPSI0NjgiIGhlaWdodD0iNjAiIGJvcmRlcj0iMCI+CjwvZGl2PgoKCjwhLS0gLzEwo6VPRkalr6lgpd2l8yAtLT4KCjwhLS0gpKqkuaS5pOHJzMa3IC0tPgqlxqXspdO9Qr3po7oKpcil3qXIpbil5algpbkgLwql3qWrpcel36Wipcqlw6XEpaqlpKXrIC8KIOuKhNOl1qXspcOlyaWrpcOlv6lgIC8KIKXrpaSl3KW5pcalo6lgIC8KpOqk86S09aEgLwo8IS0tIC+kqqS5pLmk4cnMxrcgLS0+CgoKCjwhLS0gmFPM7DI0pKuk6aTOpeGlw6W7qWCluC8gLS0+Cjxicj48YnI+CgoKPCEtLSAvmFPM7DI0pKuk6aTOpeGlw6W7qWCluCAtLT4KCjwhLS0gpKKkuZhTTkcvIC0tPgo8IS0toaE8aW1nIHNyYz0iaHR0cDovL2ltYWdlLnJha3V0ZW4uY28uanAvcmFrdXRlbjI0L2NhYmluZXQvaXRlbTQ2L2FzdXJha3UwNzA0LmpwZyIgd2lkdGg9IjczMCIgaGVpZ2h0PSIxMzAiIGJvcmRlcj0iMCI+Cgo8ZGl2IHN0eWxlPSJtYXJnaW4tYm90dG9tOjVweDsiPgo8aW1nIHNyYz0iaHR0cDovL2ltYWdlLnJha3V0ZW4uY28uanAvcmFrdXRlbjI0L2NhYmluZXQvaXRlbTQ1L2FzdXJha3UwNzExLmpwZyIgd2lkdGg9IjczMCIgaGVpZ2h0PSI1MCIgYm9yZGVyPSIwIj4KPC9kaXY+Ci0tPgo8IS0tIC+koqS5mFNORyAtLT4KCgoKPCEtLSC72N9bLyAtLT4KPCEtLSAKCiAtLT4KPCEtLSAvu9jfWyAtLT4KCgoKPCEtLSAywdCx7cq+08Ol0KXKqWClqKXqpaI+CjwhLS0KPHRyPgo8dGQgd2lkdGg9IjM2NSI+PGltZyBzcmM9Imh0dHA6Ly93d3cucmFrdXRlbi5uZS5qcC9nb2xkL3Jha3V0ZW4yNC9pdGVtL2ltYWdlcy9pdGVtcGFnZV9ibnJfMDEuanBnIiB3aWR0aD0iMzYwIiBoZWlnaHQ9IjYwIiBib3JkZXI9IjAiIGFsdD0iIj48L3RkPgo8dGQgd2lkdGg9IjM2NSI+PGltZyBzcmM9Imh0dHA6Ly93d3cucmFrdXRlbi5uZS5qcC9nb2xkL3Jha3V0ZW4yNC9pdGVtL2ltYWdlcy9pdGVtcGFnZV9ibnJfMDIuZ2lmIiB3aWR0aD0iMzYwIiBoZWlnaHQ9IjYwIiBib3JkZXI9IjAiIGFsdD0iIj48L3RkPgo8L3RyPgotLT4gCgo8IS0tINlJpKTO76SrpLSl3KW/pfMvIC0tPgo8c3R5bGU+Ci8qIL7Jpdylv6XzCiNyYWt1dGVuTGltaXRlZElkX2Fyb3VuZENhcnQgaW5wdXQgewogIHdpZHRoOiAxNjBweDsKICBoZWlnaHQ6IDQwcHg7CiBiYWNrZ3JvdW5kOnVybChodHRwOi8vaW1hZ2UucmFrdXRlbi5jby5qcC9yYWt1dGVuMjQvY2FiaW5ldC90ZXN0L2NhcnRfYmxhY2suZ2lmKSAjZmNmY2ZjIG5vLXJlcGVhdDsKICBvdmVyZmxvdzogaGlkZGVuOwogIGJvcmRlci13aWR0aDogMHB4OwogIHRleHQtaW5kZW50OiAxNTAlOwogIGN1cnNvcjogcG9pbnRlciAhaW1wb3J0YW50OwogIHdoaXRlLXNwYWNlOiBub3dyYXA7CiAgbWFyZ2luOiAxMHB4IDAgMCAwOwp9CiovCgovKiC+yTIKI3Jha3V0ZW5MaW1pdGVkSWRfYXJvdW5kQ2FydCBpbnB1dCB7CiAgd2lkdGg6IDE4MHB4OwogIGhlaWdodDogNDBweDsKIGJhY2tncm91bmQ6dXJsKGh0dHA6Ly9pbWFnZS5yYWt1dGVuLmNvLmpwL3Jha3V0ZW4yNC9jYWJpbmV0L2xheW91dC9idG5fY2FydF9ibGFjay5naWYpICNmY2ZjZmMgbm8tcmVwZWF0OwogIG92ZXJmbG93OiBoaWRkZW47CiAgYm9yZGVyLXdpZHRoOiAwcHg7CiAgdGV4dC1pbmRlbnQ6IDE1MCU7CiAgY3Vyc29yOiBwb2ludGVyICFpbXBvcnRhbnQ7CiAgd2hpdGUtc3BhY2U6IG5vd3JhcDsKICBtYXJnaW46IDEwcHggMCAwIDA7Cn0KKi8KCi8qINPovHOkq6S0jJ2P6qTHpbOl4aXzpciloqWmpcgKI3Jha3V0ZW5MaW1pdGVkSWRfYXJvdW5kQ2FydCBpbnB1dCB7CiAgd2lkdGg6IDE4MHB4OwogIGhlaWdodDogNDBweDsKIGJhY2tncm91bmQ6dXJsKCJodHRwOi8vaW1hZ2UucmFrdXRlbi5jby5qcC9yYWt1dGVuMjQvY2FiaW5ldC9sYXlvdXQvYnRuX2NhcnRfYmxhY2suZ2lmIikgI2ZjZmNmYyBuby1yZXBlYXQ7CiAgb3ZlcmZsb3c6IGhpZGRlbjsKICBib3JkZXItd2lkdGg6IDBweDsKICB0ZXh0LWluZGVudDogMTUwJTsKICBjdXJzb3I6IHBvaW50ZXIgIWltcG9ydGFudDsKICB3aGl0ZS1zcGFjZTogbm93cmFwOwogIG1hcmdpbjogMTBweCAwIDAgMDsKfQoqLwojcmFrdXRlbkxpbWl0ZWRJZF9hcm91bmRDYXJ0IGlucHV0LnJDYXJ0QnRuOmhvdmVyLApkaXYuc2hvcEJvb2ttYXJrQXJlYSBkaXYuc2hvcEJrbSBhLmFkZFNob3BCa20gc3Bhbi5zaG9wQmttU3Rhcjpob3ZlciwKZGl2LmJvb2ttYXJrQXJlYSBkaXYuYmttIGEuYWRkQmttIHNwYW4uYmttU3Rhcjpob3ZlciB7CiAgb3BhY2l0eTogMC44OwogIGZpbHRlcjogYWxwaGEob3BhY2l0eT04MCk7Cn0KCiNyYWt1dGVuTGltaXRlZElkX2Fyb3VuZENhcnQgI3NlcnZpY2VUYWJsZVNtbHsKLyoKICBtYXJnaW4tbGVmdDogOTJweCAhaW1wb3J0YW50OwoqLwp9CgojcmFrdXRlbkxpbWl0ZWRJZF9hcm91bmRDYXJ0ICNzZXJ2aWNlVGFibGVTbWwgdGQuZmF2b3JpdGV7CndpZHRoOiAyNzBweCAhaW1wb3J0YW50Owp9CgoKCiNyYWt1dGVuTGltaXRlZElkX2Fyb3VuZENhcnQgZGl2LnNob3BCa217CndpZHRoOiAxMjBweDsKfQoKZGl2LnNob3BCb29rbWFya0FyZWEgZGl2LnNob3BCa20gYS5hZGRTaG9wQmttewp3aWR0aDogMTIwcHggIWltcG9ydGFudDsKaGVpZ2h0OiAyNnB4ICFpbXBvcnRhbnQ7Cn0KCmRpdi5zaG9wQm9va21hcmtBcmVhIGRpdi5zaG9wQmttIGEuYWRkU2hvcEJrbSBzcGFuLnNob3BCa21TdGFyewp3aWR0aDogMTIwcHggIWltcG9ydGFudDsKaGVpZ2h0OiAyNnB4ICFpbXBvcnRhbnQ7CmJhY2tncm91bmQ6IHVybChodHRwOi8vaW1hZ2UucmFrdXRlbi5jby5qcC9yYWt1dGVuMjQvY2FiaW5ldC9sYXlvdXQvYnRuX2Zhdm9yaXRlX3Nob3AuZ2lmKSBuby1yZXBlYXQgMCAwICFpbXBvcnRhbnQ7Cn0KCgoKI3Jha3V0ZW5MaW1pdGVkSWRfYXJvdW5kQ2FydCBkaXYuYmttewp3aWR0aDogMTIwcHg7Cn0KCmRpdi5ib29rbWFya0FyZWEgZGl2LmJrbSBhLmFkZEJrbXsKd2lkdGg6IDEyMHB4ICFpbXBvcnRhbnQ7CmhlaWdodDogMjZweCAhaW1wb3J0YW50Owp9CgpkaXYuYm9va21hcmtBcmVhIGRpdi5ia20gYS5hZGRCa20gc3Bhbi5ia21TdGFyewp3aWR0aDogMTIwcHggIWltcG9ydGFudDsKaGVpZ2h0OiAyNnB4ICFpbXBvcnRhbnQ7CmJhY2tncm91bmQ6IHVybChodHRwOi8vaW1hZ2UucmFrdXRlbi5jby5qcC9yYWt1dGVuMjQvY2FiaW5ldC9sYXlvdXQvYnRuX2Zhdm9yaXRlX2l0ZW0uZ2lmKSBuby1yZXBlYXQgMCAwICFpbXBvcnRhbnQ7Cn0KCi53ZWVrbHlCbnJ7CndpZHRoOiA3MDBweDsKaGVpZ2h0OiAyMzFweDsKcG9zaXRpb246IHJlbGF0aXZlOwpiYWNrZ3JvdW5kOiB1cmwoImh0dHA6Ly93d3cucmFrdXRlbi5uZS5qcC9nb2xkL3Jha3V0ZW4yNC9pbWcvcmFuazEvYmdfcmFua2Juci5qcGciKSBsZWZ0IHRvcCBuby1yZXBlYXQ7Cn0KCi53ZWVrbHlCbnIgaW1newp3aWR0aDogNjYycHg7CnBvc2l0aW9uOiBhYnNvbHV0ZTsKYm90dG9tOiAzMHB4OwpsZWZ0OiAyMHB4Owp6LWluZGV4OiAxMDsKfQoKLndlZWtseUJucjphZnRlcnsKY29udGVudDogdXJsKCJodHRwOi8vd3d3LnJha3V0ZW4ubmUuanAvZ29sZC9yYWt1dGVuMjQvaW1nL3JhbmsxL3dyYXBfcmFua2Juci5wbmciKTsKcG9zaXRpb246IGFic29sdXRlOwp0b3A6IDA7CmxlZnQ6IDA7CnotaW5kZXg6IDEwMDsKfQoKLnJldmlld0JuciB7CiAgICB3aWR0aDogNzAwcHg7CiAgICBoZWlnaHQ6IDEwMHB4OwogICAgYmFja2dyb3VuZDogdXJsKCJodHRwOi8vaW1hZ2UucmFrdXRlbi5jby5qcC9yYWt1dGVuMjQvY2FiaW5ldC9jYW1wYWlnbi9yZXZpZXcvYmdfcmV2aWV3Ym5yLmpwZyIpIGxlZnQgdG9wIG5vLXJlcGVhdDsKICAgIHBvc2l0aW9uOiByZWxhdGl2ZTsKICAgIGZvbnQtc2l6ZTogMTZweDsKfQoKLnJldmlld0JuciBkaXYgewogICAgcGFkZGluZzogMTBweDsKICAgIGJhY2tncm91bmQ6ICNmZmY7CiAgICBwb3NpdGlvbjogYWJzb2x1dGU7CiAgICB0b3A6IDExcHg7CiAgICBsZWZ0OiAxODBweDsKICAgIGxpbmUtaGVpZ2h0OiAxMjAlOwogICAgYm9yZGVyLXJhZGl1czogNXB4Owp9CgoucmV2aWV3Qm5yIHNwYW4gewogICAgY29sb3I6ICNmZjAwMDA7Cn0KCi5yZXZpZXdCbnIgc3Ryb25nIHsKICAgIGZvbnQtc2l6ZTogMThweDsKfQoKLmJucl9lYWdsZXN7CiAgICB3aWR0aDogNzAwcHg7CiAgICBkaXNwbGF5OiBibG9jazsKICAgIGJhY2tncm91bmQtY29sb3I6ICM5MjA0MWU7CiAgICB0ZXh0LWFsaWduOiBjZW50ZXI7Cn0KCgoKaHRtbCxib2R5IHsKZm9udC1mYW1pbHk6IENlbnR1cnkgR290aGljLCBBcmlhbDsKfQoKc3Bhbi5jYXRlZ29yeV9pdGVtdGF4cG9zdGFnZSB7Zm9udC1zaXplOjEwcHg7fQpzcGFuLmNhdGVnb3J5X2l0ZW1wcmljZSB7Y29sb3I6I2JmMDAwMDtmb250LXNpemU6MjRweDtmb250LXdlaWdodDpib2xkOyBkaXNwbGF5OmJsb2NrO30Kc3Bhbi5wcmljZTIgeyBmb250LXNpemU6MjIwJSAhaW1wb3J0YW50O2ZvbnQtd2VpZ2h0OmJvbGQ7fQp0YWJsZXt6LWluZGV4OjA7fSAKc3Bhbi5jYXRlZ29yeV9pdGVtcHJpY2U6YmVmb3Jley8qY29udGVudDoiUFJJQ0UgIjsqL2ZvbnQtc2l6ZToxMHB4O30KPC9zdHlsZT4KCjwhLS0gpLOks6TepMcgLS0+CgoKPC90YWJsZT4=,pa2l0aXvqWCl0KW5pb2l66XIIDIwMGcoyOvUoYSIIKXQpbmlvaXrpcgpob6YU8zsMjShv1ulraXRpe+pYKW9peulyCCl0KW5pb2l66XIXaO6mFPM7DI0,mFPM7DI0pa+l6qW5pb+l66WspaSltqlgpd+lzaXppeulpqWpqWClv6lgpeqloqXDpdel6qWipcOl13g1pcClpqXLqWCls6XzpcmpYKXgpdql6qWopbWpYKXipbmls6Xzpcil7KXDpa+lucjVn4aksda5pOGls6Wzpcqlw6XEpaqlpKXrpKiktKTepLOk4dPNpbWl86XapeylsKXqpc7JyO9MmUOlr6Xqpbmlv6XrpaylpKW2qWAgNTAwbWwgNDixvr52pM7Ep8WuuMq+xqWtpdGl76lgpdCluaW9peulyCAyMDBnKMjr1KGEiCCl0KW5pb2l66XIKaG+mFPM7DI0ob9bpa2l0aXvqWClvaXrpcggpdCluaW9peulyF0=,pa2l0aXvqWClvaXrpcgvy7CSaTE4ODCD0tLUyc/LzcHPn2/Bz6Gjpa2l0aXvqWCl0KW5pb2l66XIIDIwMGcoyOvUoYSIIKXQpbmlvaXrpcgpob6YU8zsMjShv1ulraXRpe+pYKW9peulyCCl0KW5pb2l66XIXQ==[rn]
31-51729,aHR0cDovL3RzaG9wLnIxMHMuanAvcmFrdXRlbjI0L2NhYmluZXQvZTM2ODIvZTM2ODIyOGhfbC5qcGc/Zml0aW49NzAwOjcwMA==,NDMyLjAwMDA=,,pdqlw6XIP6XapcOlyKWwpcOluiA+IKXapcOlyNPDpKrK1sjrpOzTw8a3ID4gpdCludPDxrcgPiDI69ShhIg=,paKl3qWkpe+lyiCl0KW5pa2l46Xzpcelo6lgpdClw6WwKKXppdml86XAqWCueKTOkHuk3ykgMzRnocEyob6YU8zsMjShv1uloqXepaSl76XKIMjr1KGEiF0=,paKl3qWkpe+lyi/LsJJpMTg4MIPS0tTJz8vNwc+fb8HP,PGEgaHJlZj0iaHR0cDovL3d3dy5yYWt1dGVuLm5lLmpwL2dvbGQvcmFrdXRlbjI0L2NhbXBhaWduL3Jldmlldy8/cy1pZD1yMjRfcmV2aWV3X2ZpcnN0MDEiIHRhcmdldD0iX2JsYW5rIj48aW1nIHNyYz0iaHR0cDovL2ltYWdlLnJha3V0ZW4uY28uanAvcmFrdXRlbjI0L2NhYmluZXQvY2FtcGFpZ24vcmV2aWV3LzFiYW5fcmV2aWV3LmpwZyIgd2lkdGg9IjcwMCIgaGVpZ2h0PSIxMDAiIGJvcmRlcj0iMCIgLz48L2E+PGJyPqH5P6XspdOl5algzba45ZVypMult6XnpcOl16TY16LOxLesusWk8taqpOmku6TroaOkzqXBpaelw6WvpPLI66TspMakr6TApLWkpKGjPGJyPj/h4cjVpeGpYKXrpMukxqWvqWCl3aXzVVJMpPKkqsvNpOqkt6TepLmhozxhIGhyZWY9Imh0dHBzOi8vb3JkZXIubXkucmFrdXRlbi5jby5qcC8/cy1pZD1yMjRfcmV2aWV3X2ZpcnN0MDIiPqH2ofWl7KXTpeWpYKTylfikr6H1ofY8L2E+PGJyPj/L+6TOt72krM/IpMvNtrjlpLekv4j2us+hoqWvqWCl3aXz302zyoydz/PN4qTIpMqk6qTepLmkzqTHpLTXotLipK+kwKS1pKSho6XspdOl5algzba45aTPz8Kyv6TL05vdZKS3pMakpKTepLmhozxicj4/peyl06XlqWDNtrjlpKuk6be007Ok3qTHlXKy7qSspKKk66S/pOGhosnMxre7rcPmyc+kzqXspdOl5algvP7K/aTIjGfrSKTOzba45bz+yv2krK6QpMqk64j2us+krKSipOqk3qS5pM6kx9PopOGktMHLs9Ckr6TApLWkpKGjPGJyPjxicj48YnI+PHNtYWxsPqH5pdGlw6WxqWCluKXHpbalpKXztcikz9PouOakyqSvieS4/KS1pOyk66SzpMikrKSipOqk3qS5oaM8L3NtYWxsPjxicj48YnI+PHRhYmxlPjx0cj48dGQgd2lkdGg9IjEwMCUiPjxwIGNsYXNzPSJwZGVzYyI+PGRpdiBjbGFzcz0icGRlc2N0aXRsZSI+yczGt9Vow/c8L2Rpdj48ZGl2IGNsYXNzPSJwZGVzY2hvbmJ1biI+obiloqXepaSl76XKIKXQpbmlraXjpfOlx6WjqWCl0KXDpbAopeml2aXzpcCpYK54pM6Qe6TfKSAzNGehwTKhuaTPoaKlraXjpfOlx6WjqWDQzaSspa2l5algpcikyrBrxd3I69ShhIikx6S5oaOkpqTDpMik6tDEtdik6KSkpeml2aXzpcCpYK54pM7P46TqoaMyu9iYU6S3pOGk3qS5oaM8L2Rpdj48ZGl2IGNsYXNzPSJwZGVzY3RpdGxlIj7KudPDt723qDwvZGl2PjxkaXYgY2xhc3M9InBkZXNjaG9uYnVuIj6h8bD817Ck8sihpMOkxqSqyrmkpKSvpMCktaSkoaM8YnI+ofHUobLbpM6kqpyrpMul0KW5pa2l46Xzpcelo6lgpPLI66TsoaKk6KSvpKukrbvspLykxqS0yOvUoaSvpMCktaSkoaM8YnI+ofHRdca3pM7Q1Nl8yc+hos606V+34qTHpOKwa8XdpKzI9aTepOqhosjcpLGky6SvpK+kyqTriPa6z6SspKKk6qTepLmho6TepL+hopVy6Wekzr1V316kyKTIpOKky8mrpKyJ5KTvpOuI9rrPpKykoqTqpN6kuaSsoaLGt9l8pMuGlu59pM+koqTqpN6ku6TzoaM8L2Rpdj48ZGl2IGNsYXNzPSJwZGVzY3RpdGxlIj6ktNei0uI8L2Rpdj48ZGl2IGNsYXNzPSJwZGVzY2hvbmJ1biI+ofmxvsa3pM/Ks6TZzu+kx6TPpKKk6qTepLuk86GjPGJyPqHx08PNvtLUzeKky6TPpLTKudPDpMukyqTppMqkpKTHpK+kwKS1pKShozxicj6h8byhpMu6z6TvpMqkpJVypM+ktMq508Ok8qSqpOSk4aSvpMCktaSkoaM8YnI+ofHRra1oyr2kzu9Mhc4/yKvX1ITTvW+cq8b3oaIyNJVy6WfvTIXOpM6I9rrPoaKkqsq5pKSkzplDt06kztVow/eV+KTytF/VSqTOyc+ktMq508Okr6TApLWkpKGjPGJyPqHxpLTKudPD4eGkzte3pKS32aStpM+kqqTkpOGkr6TApLWkpKGjPGJyPqHxstCk6pyrpM+kyqTrpNmkr9TnpK/B96S3oaLUobLboaLvTIXOuKqk8qTopK/PtKTDpMakr6TApLWkpKGjPGJyPqHxzOzIu7TzwO3Kr9Shstukz7nim2ekrMqnpO+k7KTriPa6z6SspKKk6qTepLmhozxicj6h8aXQpbmlraXjpfOlx6WjqWCkz7HApOyk5KS5pK+47qTspOuks6TIpKykoqTqpN6kuaSsoaLGt9l8pMuGlu59pM+koqTqpN6ku6TzoaOk3qS/oaLKqprdpPKOoaTTpOukyLBrxd2kt6TKpK+kyqTrv9ak7KSspKKk6qTepLmhozxicj6h8bjfzsK24MqqoaLWscnkyNW54qTysdyksaGiyOnT14O5pM7K1qTOveykq6TKpKSkyKSzpO2kx7Gjudykt6TGpK+kwKS1pKShozwvZGl2PjxkaXYgY2xhc3M9InBkZXNjdGl0bGUiPrPJt9Y8L2Rpdj48ZGl2IGNsYXNzPSJwZGVzY2hvbmJ1biI+zL/L4cuuy9hOYaGipa+lqKXzy+GhosHyy+FOYaGizL/L4U5hoaKlvaXrpdOlyKlgpeuhoqW/pdSlqqWrpcel86XXpfOhosuuoaLP48HPoaLH4DGhorPgNTA0PC9kaXY+PGRpdiBjbGFzcz0icGRlc2N0aXRsZSI+1K2uYrn6PC9kaXY+PGRpdiBjbGFzcz0icGRlc2Nob25idW4iPtbQufo8L2Rpdj48L3A+PC90ZD48L3RyPjwvdGFibGU+PGJyPqXWpeml86XJo7qloqXepaSl76XKPGJyPphTzOwyNKO+yNXTw8a3o77I69ShhIg/zsLUocb3o77I69ShhIijvsjr1KGEiKO+paKl3qWkpe+lyiCl0KW5pa2l46Xzpcelo6lgpdClw6WwKKXppdml86XAqWCueKTOkHuk3ykgMzRnocEyPGJyPtF11OzYnInT1KqjuqWwpe2pYKXQpeul16XtpcClr6XIpdel6aXzpcul86WwPGJyPtStrmK5+iDW0Ln6PGJyPsTayN3Bv6O6MzRnocEywaM8YnI+PGJyPjxicj48YnI+SkFOpbOpYKXJo7qhoTQ1MTcxNjExMTgyNzg8YnI+PGJyPjx0YWJsZSB3aWR0aD0iMTAwJSIgYm9yZGVyPTAgY2VsbHNwYWNpbmc9MCBjZWxscGFkZGluZz01Pjx0cj48dGQ+PC90ZD48dHI+PHRkPjwvdGQ+PC90cj48L3RhYmxlPjxicj48YnI+PGJyPo7auObOxNifo7qlsaXzpbOpYKWzpeDW6sq9u+HJ5zxicj5URUw6MDUwLTU1NzctNTA0Mzxicj48YnI+W6Wipd6lpKXvpcpdPGJyPsjr1KGEiD/OwtShxvcvyOvUoYSIL8jr1KGEiDxicj48YnI+PCEtLSBpZDogP3MtaWQ9cjI0X2loYm5yXzAxLyA/cy1pZD1yMjRfaWhibnJfMDIgLS0+Cjx0YWJsZSB3aWR0aD0iNzMwIiBjZWxscGFkZGluZz0iMCIgY2VsbHNwYWNpbmc9IjAiIGJvcmRlcj0iMCI+Cgo8IS0tMTCjpU9GRqWvqWCl3aXzLyAtLT4KCjxkaXYgc3R5bGU9Im1hcmdpbi1ib3R0b206MTBweDsiPgoKPGltZyBzcmM9IgpodHRwczovL2ltYWdlLnJha3V0ZW4uY28uanAvcmFrdXRlbjI0L2NhYmluZXQvY291cG9uL2Jucl8xMDBfNzAwXzYwLmpwZyIgYWx0PSKz9aThpMakzre9z962qDEwMIPST0ZGpa+pYKXdpfOjoSIgd2lkdGg9IjcwMCIgaGVpZ2h0PSI2MCIgYm9yZGVyPSIwIj4KPC9kaXY+Cgo8ZGl2IHN0eWxlPSJtYXJnaW4tYm90dG9tOjEwcHg7Ij4KCjxpbWcgc3JjPSJodHRwczovL2ltYWdlLnJha3V0ZW4uY28uanAvcmFrdXRlbjI0L2NhYmluZXQvY291cG9uL2Jucl83MDBfNjBfNTAwMC5qcGciIGFsdD0iNSwwMDCD0tLUyc/Zj8jrMTAlT0ZGo6EiIHdpZHRoPSI3MDAiIGhlaWdodD0iNjAiIGJvcmRlcj0iMCI+CjwvZGl2PgoKPCEtLWRpdiBzdHlsZT0ibWFyZ2luLWJvdHRvbToxMHB4OyI+Cgo8aW1nIHNyYz0iaHR0cDovL2ltYWdlLnJha3V0ZW4uY28uanAvcmFrdXRlbjI0L2NhYmluZXQvY291cG9uL2Jucl83MDBfNjBfMTAwMDAuanBnIiBhbHQ9IjEwLDAwMIPS0tTJz9mPyOukxzE1JU9GRqOhIiB3aWR0aD0iNzAwIiBoZWlnaHQ9IjYwIiBib3JkZXI9IjAiPgo8L2Rpdi0tPgoKPCEtLWRpdiBzdHlsZT0ibWFyZ2luLWJvdHRvbToxMHB4OyI+Cgo8aW1nIHNyYz0iaHR0cDovL2ltYWdlLnJha3V0ZW4uY28uanAvcmFrdXRlbjI0L2NhYmluZXQvY2FtcGFpZ24vYXN1cmFrdS9ibnJfNzAwXzYwLmpwZyIgYWx0PSKkoqS5mFPJzMa3pd2lpKXzpcgzsbajoSIgd2lkdGg9IjcwMCIgaGVpZ2h0PSI2MCIgYm9yZGVyPSIwIj4KPC9kaXYtLT4KCjxkaXYgc3R5bGU9Im1hcmdpbi1ib3R0b206MTBweDsiPgoKPGltZyBzcmM9Imh0dHBzOi8vaW1hZ2UucmFrdXRlbi5jby5qcC9yYWt1dGVuMjQvY2FiaW5ldC9zcGVjaWFsL2ZhdGhlcl80Njh4NjAuanBnIiBhbHQ9IqXdpaSl86XIM7G2o6EiIHdpZHRoPSI0NjgiIGhlaWdodD0iNjAiIGJvcmRlcj0iMCI+CjwvZGl2PgoKCjxkaXYgc3R5bGU9Im1hcmdpbi1ib3R0b206MTBweDsiPgoKPGltZyBzcmM9Imh0dHBzOi8vaW1hZ2UucmFrdXRlbi5jby5qcC9yYWt1dGVuMjQvY2FiaW5ldC9zcGVjaWFsLzIwMTZfZWNhbXBhaWduLmpwZyIgYWx0PSKlpKlgpbCl66W5hNnA+9ObxO6l3aWkpfOlyDKxtqOhIiB3aWR0aD0iNDY4IiBoZWlnaHQ9IjYwIiBib3JkZXI9IjAiPgo8L2Rpdj4KCgo8IS0tIC8xMKOlT0ZGpa+pYKXdpfMgLS0+Cgo8IS0tIKSqpLmkuaThyczGtyAtLT4Kpcal7KXTvUK96aO6CqXIpd6lyKW4peWpYKW5IC8Kpd6lq6XHpd+loqXKpcOlxKWqpaSl6yAvCiDrioTTpdal7KXDpcmlq6XDpb+pYCAvCiCl66WkpdyluaXGpaOpYCAvCqTqpPOktPWhIC8KPCEtLSAvpKqkuaS5pOHJzMa3IC0tPgoKCgo8IS0tIJhTzOwyNKSrpOmkzqXhpcOlu6lgpbgvIC0tPgo8YnI+PGJyPgoKCjwhLS0gL5hTzOwyNKSrpOmkzqXhpcOlu6lgpbggLS0+Cgo8IS0tIKSipLmYU05HLyAtLT4KPCEtLaGhPGltZyBzcmM9Imh0dHA6Ly9pbWFnZS5yYWt1dGVuLmNvLmpwL3Jha3V0ZW4yNC9jYWJpbmV0L2l0ZW00Ni9hc3VyYWt1MDcwNC5qcGciIHdpZHRoPSI3MzAiIGhlaWdodD0iMTMwIiBib3JkZXI9IjAiPgoKPGRpdiBzdHlsZT0ibWFyZ2luLWJvdHRvbTo1cHg7Ij4KPGltZyBzcmM9Imh0dHA6Ly9pbWFnZS5yYWt1dGVuLmNvLmpwL3Jha3V0ZW4yNC9jYWJpbmV0L2l0ZW00NS9hc3VyYWt1MDcxMS5qcGciIHdpZHRoPSI3MzAiIGhlaWdodD0iNTAiIGJvcmRlcj0iMCI+CjwvZGl2PgotLT4KPCEtLSAvpKKkuZhTTkcgLS0+CgoKCjwhLS0gu9jfWy8gLS0+CjwhLS0gCgogLS0+CjwhLS0gL7vY31sgLS0+CgoKCjwhLS0gMsHQse3KvtPDpdClyqlgpail6qWiPgo8IS0tCjx0cj4KPHRkIHdpZHRoPSIzNjUiPjxpbWcgc3JjPSJodHRwOi8vd3d3LnJha3V0ZW4ubmUuanAvZ29sZC9yYWt1dGVuMjQvaXRlbS9pbWFnZXMvaXRlbXBhZ2VfYm5yXzAxLmpwZyIgd2lkdGg9IjM2MCIgaGVpZ2h0PSI2MCIgYm9yZGVyPSIwIiBhbHQ9IiI+PC90ZD4KPHRkIHdpZHRoPSIzNjUiPjxpbWcgc3JjPSJodHRwOi8vd3d3LnJha3V0ZW4ubmUuanAvZ29sZC9yYWt1dGVuMjQvaXRlbS9pbWFnZXMvaXRlbXBhZ2VfYm5yXzAyLmdpZiIgd2lkdGg9IjM2MCIgaGVpZ2h0PSI2MCIgYm9yZGVyPSIwIiBhbHQ9IiI+PC90ZD4KPC90cj4KLS0+IAoKPCEtLSDZSaSkzu+kq6S0pdylv6XzLyAtLT4KPHN0eWxlPgovKiC+yaXcpb+l8wojcmFrdXRlbkxpbWl0ZWRJZF9hcm91bmRDYXJ0IGlucHV0IHsKICB3aWR0aDogMTYwcHg7CiAgaGVpZ2h0OiA0MHB4OwogYmFja2dyb3VuZDp1cmwoaHR0cDovL2ltYWdlLnJha3V0ZW4uY28uanAvcmFrdXRlbjI0L2NhYmluZXQvdGVzdC9jYXJ0X2JsYWNrLmdpZikgI2ZjZmNmYyBuby1yZXBlYXQ7CiAgb3ZlcmZsb3c6IGhpZGRlbjsKICBib3JkZXItd2lkdGg6IDBweDsKICB0ZXh0LWluZGVudDogMTUwJTsKICBjdXJzb3I6IHBvaW50ZXIgIWltcG9ydGFudDsKICB3aGl0ZS1zcGFjZTogbm93cmFwOwogIG1hcmdpbjogMTBweCAwIDAgMDsKfQoqLwoKLyogvskyCiNyYWt1dGVuTGltaXRlZElkX2Fyb3VuZENhcnQgaW5wdXQgewogIHdpZHRoOiAxODBweDsKICBoZWlnaHQ6IDQwcHg7CiBiYWNrZ3JvdW5kOnVybChodHRwOi8vaW1hZ2UucmFrdXRlbi5jby5qcC9yYWt1dGVuMjQvY2FiaW5ldC9sYXlvdXQvYnRuX2NhcnRfYmxhY2suZ2lmKSAjZmNmY2ZjIG5vLXJlcGVhdDsKICBvdmVyZmxvdzogaGlkZGVuOwogIGJvcmRlci13aWR0aDogMHB4OwogIHRleHQtaW5kZW50OiAxNTAlOwogIGN1cnNvcjogcG9pbnRlciAhaW1wb3J0YW50OwogIHdoaXRlLXNwYWNlOiBub3dyYXA7CiAgbWFyZ2luOiAxMHB4IDAgMCAwOwp9CiovCgovKiDT6LxzpKuktIydj+qkx6WzpeGl86XIpaKlpqXICiNyYWt1dGVuTGltaXRlZElkX2Fyb3VuZENhcnQgaW5wdXQgewogIHdpZHRoOiAxODBweDsKICBoZWlnaHQ6IDQwcHg7CiBiYWNrZ3JvdW5kOnVybCgiaHR0cDovL2ltYWdlLnJha3V0ZW4uY28uanAvcmFrdXRlbjI0L2NhYmluZXQvbGF5b3V0L2J0bl9jYXJ0X2JsYWNrLmdpZiIpICNmY2ZjZmMgbm8tcmVwZWF0OwogIG92ZXJmbG93OiBoaWRkZW47CiAgYm9yZGVyLXdpZHRoOiAwcHg7CiAgdGV4dC1pbmRlbnQ6IDE1MCU7CiAgY3Vyc29yOiBwb2ludGVyICFpbXBvcnRhbnQ7CiAgd2hpdGUtc3BhY2U6IG5vd3JhcDsKICBtYXJnaW46IDEwcHggMCAwIDA7Cn0KKi8KI3Jha3V0ZW5MaW1pdGVkSWRfYXJvdW5kQ2FydCBpbnB1dC5yQ2FydEJ0bjpob3ZlciwKZGl2LnNob3BCb29rbWFya0FyZWEgZGl2LnNob3BCa20gYS5hZGRTaG9wQmttIHNwYW4uc2hvcEJrbVN0YXI6aG92ZXIsCmRpdi5ib29rbWFya0FyZWEgZGl2LmJrbSBhLmFkZEJrbSBzcGFuLmJrbVN0YXI6aG92ZXIgewogIG9wYWNpdHk6IDAuODsKICBmaWx0ZXI6IGFscGhhKG9wYWNpdHk9ODApOwp9CgojcmFrdXRlbkxpbWl0ZWRJZF9hcm91bmRDYXJ0ICNzZXJ2aWNlVGFibGVTbWx7Ci8qCiAgbWFyZ2luLWxlZnQ6IDkycHggIWltcG9ydGFudDsKKi8KfQoKI3Jha3V0ZW5MaW1pdGVkSWRfYXJvdW5kQ2FydCAjc2VydmljZVRhYmxlU21sIHRkLmZhdm9yaXRlewp3aWR0aDogMjcwcHggIWltcG9ydGFudDsKfQoKCgojcmFrdXRlbkxpbWl0ZWRJZF9hcm91bmRDYXJ0IGRpdi5zaG9wQmttewp3aWR0aDogMTIwcHg7Cn0KCmRpdi5zaG9wQm9va21hcmtBcmVhIGRpdi5zaG9wQmttIGEuYWRkU2hvcEJrbXsKd2lkdGg6IDEyMHB4ICFpbXBvcnRhbnQ7CmhlaWdodDogMjZweCAhaW1wb3J0YW50Owp9CgpkaXYuc2hvcEJvb2ttYXJrQXJlYSBkaXYuc2hvcEJrbSBhLmFkZFNob3BCa20gc3Bhbi5zaG9wQmttU3RhcnsKd2lkdGg6IDEyMHB4ICFpbXBvcnRhbnQ7CmhlaWdodDogMjZweCAhaW1wb3J0YW50OwpiYWNrZ3JvdW5kOiB1cmwoaHR0cDovL2ltYWdlLnJha3V0ZW4uY28uanAvcmFrdXRlbjI0L2NhYmluZXQvbGF5b3V0L2J0bl9mYXZvcml0ZV9zaG9wLmdpZikgbm8tcmVwZWF0IDAgMCAhaW1wb3J0YW50Owp9CgoKCiNyYWt1dGVuTGltaXRlZElkX2Fyb3VuZENhcnQgZGl2LmJrbXsKd2lkdGg6IDEyMHB4Owp9CgpkaXYuYm9va21hcmtBcmVhIGRpdi5ia20gYS5hZGRCa217CndpZHRoOiAxMjBweCAhaW1wb3J0YW50OwpoZWlnaHQ6IDI2cHggIWltcG9ydGFudDsKfQoKZGl2LmJvb2ttYXJrQXJlYSBkaXYuYmttIGEuYWRkQmttIHNwYW4uYmttU3RhcnsKd2lkdGg6IDEyMHB4ICFpbXBvcnRhbnQ7CmhlaWdodDogMjZweCAhaW1wb3J0YW50OwpiYWNrZ3JvdW5kOiB1cmwoaHR0cDovL2ltYWdlLnJha3V0ZW4uY28uanAvcmFrdXRlbjI0L2NhYmluZXQvbGF5b3V0L2J0bl9mYXZvcml0ZV9pdGVtLmdpZikgbm8tcmVwZWF0IDAgMCAhaW1wb3J0YW50Owp9Cgoud2Vla2x5Qm5yewp3aWR0aDogNzAwcHg7CmhlaWdodDogMjMxcHg7CnBvc2l0aW9uOiByZWxhdGl2ZTsKYmFja2dyb3VuZDogdXJsKCJodHRwOi8vd3d3LnJha3V0ZW4ubmUuanAvZ29sZC9yYWt1dGVuMjQvaW1nL3JhbmsxL2JnX3JhbmtibnIuanBnIikgbGVmdCB0b3Agbm8tcmVwZWF0Owp9Cgoud2Vla2x5Qm5yIGltZ3sKd2lkdGg6IDY2MnB4Owpwb3NpdGlvbjogYWJzb2x1dGU7CmJvdHRvbTogMzBweDsKbGVmdDogMjBweDsKei1pbmRleDogMTA7Cn0KCi53ZWVrbHlCbnI6YWZ0ZXJ7CmNvbnRlbnQ6IHVybCgiaHR0cDovL3d3dy5yYWt1dGVuLm5lLmpwL2dvbGQvcmFrdXRlbjI0L2ltZy9yYW5rMS93cmFwX3JhbmtibnIucG5nIik7CnBvc2l0aW9uOiBhYnNvbHV0ZTsKdG9wOiAwOwpsZWZ0OiAwOwp6LWluZGV4OiAxMDA7Cn0KCi5yZXZpZXdCbnIgewogICAgd2lkdGg6IDcwMHB4OwogICAgaGVpZ2h0OiAxMDBweDsKICAgIGJhY2tncm91bmQ6IHVybCgiaHR0cDovL2ltYWdlLnJha3V0ZW4uY28uanAvcmFrdXRlbjI0L2NhYmluZXQvY2FtcGFpZ24vcmV2aWV3L2JnX3Jldmlld2Juci5qcGciKSBsZWZ0IHRvcCBuby1yZXBlYXQ7CiAgICBwb3NpdGlvbjogcmVsYXRpdmU7CiAgICBmb250LXNpemU6IDE2cHg7Cn0KCi5yZXZpZXdCbnIgZGl2IHsKICAgIHBhZGRpbmc6IDEwcHg7CiAgICBiYWNrZ3JvdW5kOiAjZmZmOwogICAgcG9zaXRpb246IGFic29sdXRlOwogICAgdG9wOiAxMXB4OwogICAgbGVmdDogMTgwcHg7CiAgICBsaW5lLWhlaWdodDogMTIwJTsKICAgIGJvcmRlci1yYWRpdXM6IDVweDsKfQoKLnJldmlld0JuciBzcGFuIHsKICAgIGNvbG9yOiAjZmYwMDAwOwp9CgoucmV2aWV3Qm5yIHN0cm9uZyB7CiAgICBmb250LXNpemU6IDE4cHg7Cn0KCi5ibnJfZWFnbGVzewogICAgd2lkdGg6IDcwMHB4OwogICAgZGlzcGxheTogYmxvY2s7CiAgICBiYWNrZ3JvdW5kLWNvbG9yOiAjOTIwNDFlOwogICAgdGV4dC1hbGlnbjogY2VudGVyOwp9CgoKCmh0bWwsYm9keSB7CmZvbnQtZmFtaWx5OiBDZW50dXJ5IEdvdGhpYywgQXJpYWw7Cn0KCnNwYW4uY2F0ZWdvcnlfaXRlbXRheHBvc3RhZ2Uge2ZvbnQtc2l6ZToxMHB4O30Kc3Bhbi5jYXRlZ29yeV9pdGVtcHJpY2Uge2NvbG9yOiNiZjAwMDA7Zm9udC1zaXplOjI0cHg7Zm9udC13ZWlnaHQ6Ym9sZDsgZGlzcGxheTpibG9jazt9CnNwYW4ucHJpY2UyIHsgZm9udC1zaXplOjIyMCUgIWltcG9ydGFudDtmb250LXdlaWdodDpib2xkO30KdGFibGV7ei1pbmRleDowO30gCnNwYW4uY2F0ZWdvcnlfaXRlbXByaWNlOmJlZm9yZXsvKmNvbnRlbnQ6IlBSSUNFICI7Ki9mb250LXNpemU6MTBweDt9Cjwvc3R5bGU+Cgo8IS0tIKSzpLOk3qTHIC0tPgoKCjwvdGFibGU+,paKl3qWkpe+lyiCl0KW5pa2l46Xzpcelo6lgpdClw6WwKKXppdml86XAqWCueKTOkHuk3ykgMzRnJnRpbWVzOzKhvphTzOwyNKG/W6Wipd6lpKXvpcogyOvUoYSIXaO6mFPM7DI0,mFPM7DI0pa+l6qW5pb+l66WspaSltqlgpd+lzaXppeulpqWpqWClv6lgpeqloqXDpdel6qWipcOl13g1pcClpqXLqWCls6XzpcmpYKXgpdql6qWopbWpYKXipbmls6Xzpcil7KXDpa+lucjVn4aksda5pOGls6Wzpcqlw6XEpaqlpKXrpKiktKTepLOk4dPNpbWl86XapeylsKXqpc7JyO9MmUOlr6Xqpbmlv6XrpaylpKW2qWAgNTAwbWwgNDixvr52pM7Ep8WuuMq+xqWipd6lpKXvpcogpdCluaWtpeOl86XHpaOpYKXQpcOlsCil6aXZpfOlwKlgrnikzpB7pN8pIDM0ZyZ0aW1lczsyob6YU8zsMjShv1uloqXepaSl76XKIMjr1KGEiF0=,paKl3qWkpe+lyi/LsJJpMTg4MIPS0tTJz8vNwc+fb8HPoaOloqXepaSl76XKIKXQpbmlraXjpfOlx6WjqWCl0KXDpbAopeml2aXzpcCpYK54pM6Qe6TfKSAzNGcmdGltZXM7MqG+mFPM7DI0ob9bpaKl3qWkpe+lyiDI69ShhIhd[rn]
31-51730,aHR0cDovL3RzaG9wLnIxMHMuanAvcmFrdXRlbjI0L2NhYmluZXQvZTM4OTIvZTM4OTI1NWhfbC5qcGc/Zml0aW49NzAwOjcwMA==,MTU1NS4yMDAw,,pdqlw6XIP6XapcOlyKWwpcOluiA+IKXapcOlyNPDpKrK1sjrpOzTw8a3ID4gpdCludPDxrcgPiDI69ShhIg=,s/2JY8vYyOvUocHPIKSqpNek7SCkpqTfQ09PTCAyNWehwTEwsPzI66G+mFPM7DI0ob9bpKqk16TtIMjr1KGEiF0=,pKqk16TtL8uwkmkxODgwg9LS1MnPy83Bz59vwc8=,PGJyPjxicj6xvsnMxrekz9TajuzP3qTqpM7JzMa3pMekuaGjpLTXos7E4eGky6WtpeOl86W7peuktaS7pMakpKS/pMCkr4j2us+krKS0pLakpKTepLmhozxicj48c21hbGw+ofml0aXDpbGpYKW4pceltqWkpfO1yKTP0+i45qTKpK+J5Lj8pLWk7KTrpLOkyKSspKKk6qTepLmhozwvc21hbGw+PGJyPjxicj48dGFibGU+PHRyPjx0ZCB3aWR0aD0iMTAwJSI+PHAgY2xhc3M9InBkZXNjIj48ZGl2IGNsYXNzPSJwZGVzY3RpdGxlIj7JzMa31WjD9zwvZGl2PjxkaXYgY2xhc3M9InBkZXNjaG9uYnVuIj6huLP9iWPL2Mjr1KHBzyCkqqTXpO0gpKak30NPT0wgMjVnocExMLD8yOuhuaTPoaKbt8uuxvel4algpaupYKSs6V+wa6GiiWPL2LP9yKU/saPKqj+lraXspaSkzoRJt72kz6S9pM6k3qTepMuhuKWvqWCl67jQobmk8qXXpemluaS3pL/I69ShhIikx6S5oaOkqqTXpO2huKSmpN+huaTOpa+pYKXrpb+lpKXXpMekuaGjpd+l86XIz7Wkzsfloamkt6Svy6y/7LjQpM6koqTrz+Ok6qGjpdal66lgpM6cq8mroaM8L2Rpdj48ZGl2IGNsYXNzPSJwZGVzY3RpdGxlIj7KudPDt723qDwvZGl2PjxkaXYgY2xhc3M9InBkZXNjaG9uYnVuIj6kqpyrMjAwpeqlw6XIpeuky4ydpLehorG+xrcyNWek8sjrpOyhoqTopK+kq6StpN6kvKTGyOvUoaS3pMakr6TApLWkpKGjPC9kaXY+PGRpdiBjbGFzcz0icGRlc2N0aXRsZSI+yrnTw8nPpM7XotLiPC9kaXY+PGRpdiBjbGFzcz0icGRlc2Nob25idW4iPqHxsb7Gt6TPy661wMuupM6JY8vYpPKz/cilpLek3qS5pM6kx6GiyOvUoeHhpM6kqpyrpM/rar76tcikrLex1rOkt6TkpLmkr6TKpMOkxqSkpN6kuaGjpKrvTIXOpM6y0KTqnKuk8qGi0u7I1aTLt9Ckq6S31rGkt6TGpLTKudPDpLmk66SzpMi1yKTPpKqx3KSxpK+kwKS1pKShozxicj6h8aG4pMik7aTfs8m31qG5pMfUobLbxNqkrKS5pNmk6qTkpLmkr6TKpOqk3qS5pM6kx6GipLTXotLipK+kwKS1pKShozxicj6h8aTIpO2k37PJt9akrNShstukzrHapMu4tqStpOSkuaSvpMqkw6TGpKSk3qS5oaOkt6TDpKuk6qTIyNykq6S3pMakr6TApLWkpKGjPGJyPqHxyOvUodLUzeKkztPDzb6ky6TPyrmk76TKpKSkx6SvpMCktaSkoaM8YnI+ofHIy7mktPPA7cqvpM7UobLboaIyNJVy6WfvTIXOpMukz6S0yrnTw6TypKqx3KSxpK+kwKS1pKShozxicj6h8dPXg7mkzsrWpM697KSrpMqkpKTIpLOk7aTLpKqkpKTGpK+kwKS1pKShozxicj6h8cqqmt2k8o6hpNOk66TIyavVe6Tkz+Ok6qSstc3PwqS5pOuks6TIpKykoqTqpN6kuaTOpMexo7ncpMuktNei0uKkr6TApLWkpKGjPC9kaXY+PGRpdiBjbGFzcz0icGRlc2N0aXRsZSI+yKuzybfWPC9kaXY+PGRpdiBjbGFzcz0icGRlc2Nob25idW4iPsHyy+FOYaGipbCl6qW3pfOhoqXdpeqlr6Wqpb+ly6WmpeAtMTChoqW3peqlq6GipaKluaWzpeul06Xzy+FOYaGipc+lw6Wr082hoqXhpfOlyKlgpeuhoqXRpdGlpKXzoaKlyKWmpa24+aWopa2luaGipaul36XEpey7qKWopa2luaGipcGl48h+pailraW5oaLLrsjc0NSls6XpqWClsqXzoaKl0qWipeul7aXzy+FOYaGipailv6XOqWCl66GiRFBHoaLLrqGiQkehoqW5pa+l76XppfOhoqXepbOl86XWpailraW5oaKz4DEwNqGix+AxoaLP48HPPC9kaXY+PGRpdiBjbGFzcz0icGRlc2N0aXRsZSI+pKqGlqSkus+k76S7z8g8L2Rpdj48ZGl2IGNsYXNzPSJwZGVzY2hvbmJ1biI+1urKvbvhyecgy67J+rvu0XXX98v5IKSqv82YlLeZv9o8YnI+VEVMo7owNTgxLTIzLTQxMzI8L2Rpdj48L3A+PC90ZD48L3RyPjwvdGFibGU+PGJyPqXWpeml86XJo7qkqqTXpO08YnI+mFPM7DI0o77I1dPDxrejvsjr1KGEiD/OwtShxvejvsjr1KGEiKO+yOvUoYSIIIljy9iz/cilo76z/Yljy9jI69Shwc8gpKqk16TtIKSmpN9DT09MIDI1Z6HBMTCw/MjrPGJyPrBridPUqqO6y67J+rvu0XXX98v5PGJyPjxicj7E2sjdwb+jujI1Z6HBMTA8YnI+PGJyPjxicj48YnI+SkFOpbOpYKXJo7qhoTQ5OTc1NDMxNDQwMTc8YnI+PGJyPjx0YWJsZSB3aWR0aD0iMTAwJSIgYm9yZGVyPTAgY2VsbHNwYWNpbmc9MCBjZWxscGFkZGluZz01Pjx0cj48dGQ+PC90ZD48dHI+PHRkPjwvdGQ+PC90cj48L3RhYmxlPjxicj48YnI+PGJyPo7auObOxNifo7qlsaXzpbOpYKWzpeDW6sq9u+HJ5zxicj5URUw6MDUwLTU1NzctNTA0Mzxicj48YnI+W6SqpNek7V08YnI+yOvUoYSIP87C1KHG9y/I69ShhIgvyOvUoYSIIIljy9iz/cilPGJyPsf4t9Y6W7uvu5LGt108YnI+PCEtLSBpZDogP3MtaWQ9cjI0X2loYm5yXzAxLyA/cy1pZD1yMjRfaWhibnJfMDIgLS0+Cjx0YWJsZSB3aWR0aD0iNzMwIiBjZWxscGFkZGluZz0iMCIgY2VsbHNwYWNpbmc9IjAiIGJvcmRlcj0iMCI+Cgo8IS0tMTCjpU9GRqWvqWCl3aXzLyAtLT4KCjxkaXYgc3R5bGU9Im1hcmdpbi1ib3R0b206MTBweDsiPgoKPGltZyBzcmM9IgpodHRwczovL2ltYWdlLnJha3V0ZW4uY28uanAvcmFrdXRlbjI0L2NhYmluZXQvY291cG9uL2Jucl8xMDBfNzAwXzYwLmpwZyIgYWx0PSKz9aThpMakzre9z962qDEwMIPST0ZGpa+pYKXdpfOjoSIgd2lkdGg9IjcwMCIgaGVpZ2h0PSI2MCIgYm9yZGVyPSIwIj4KPC9kaXY+Cgo8ZGl2IHN0eWxlPSJtYXJnaW4tYm90dG9tOjEwcHg7Ij4KCjxpbWcgc3JjPSJodHRwczovL2ltYWdlLnJha3V0ZW4uY28uanAvcmFrdXRlbjI0L2NhYmluZXQvY291cG9uL2Jucl83MDBfNjBfNTAwMC5qcGciIGFsdD0iNSwwMDCD0tLUyc/Zj8jrMTAlT0ZGo6EiIHdpZHRoPSI3MDAiIGhlaWdodD0iNjAiIGJvcmRlcj0iMCI+CjwvZGl2PgoKPCEtLWRpdiBzdHlsZT0ibWFyZ2luLWJvdHRvbToxMHB4OyI+Cgo8aW1nIHNyYz0iaHR0cDovL2ltYWdlLnJha3V0ZW4uY28uanAvcmFrdXRlbjI0L2NhYmluZXQvY291cG9uL2Jucl83MDBfNjBfMTAwMDAuanBnIiBhbHQ9IjEwLDAwMIPS0tTJz9mPyOukxzE1JU9GRqOhIiB3aWR0aD0iNzAwIiBoZWlnaHQ9IjYwIiBib3JkZXI9IjAiPgo8L2Rpdi0tPgoKPCEtLWRpdiBzdHlsZT0ibWFyZ2luLWJvdHRvbToxMHB4OyI+Cgo8aW1nIHNyYz0iaHR0cDovL2ltYWdlLnJha3V0ZW4uY28uanAvcmFrdXRlbjI0L2NhYmluZXQvY2FtcGFpZ24vYXN1cmFrdS9ibnJfNzAwXzYwLmpwZyIgYWx0PSKkoqS5mFPJzMa3pd2lpKXzpcgzsbajoSIgd2lkdGg9IjcwMCIgaGVpZ2h0PSI2MCIgYm9yZGVyPSIwIj4KPC9kaXYtLT4KCjxkaXYgc3R5bGU9Im1hcmdpbi1ib3R0b206MTBweDsiPgoKPGltZyBzcmM9Imh0dHBzOi8vaW1hZ2UucmFrdXRlbi5jby5qcC9yYWt1dGVuMjQvY2FiaW5ldC9zcGVjaWFsL2ZhdGhlcl80Njh4NjAuanBnIiBhbHQ9IqXdpaSl86XIM7G2o6EiIHdpZHRoPSI0NjgiIGhlaWdodD0iNjAiIGJvcmRlcj0iMCI+CjwvZGl2PgoKCjxkaXYgc3R5bGU9Im1hcmdpbi1ib3R0b206MTBweDsiPgoKPGltZyBzcmM9Imh0dHBzOi8vaW1hZ2UucmFrdXRlbi5jby5qcC9yYWt1dGVuMjQvY2FiaW5ldC9zcGVjaWFsLzIwMTZfZWNhbXBhaWduLmpwZyIgYWx0PSKlpKlgpbCl66W5hNnA+9ObxO6l3aWkpfOlyDKxtqOhIiB3aWR0aD0iNDY4IiBoZWlnaHQ9IjYwIiBib3JkZXI9IjAiPgo8L2Rpdj4KCgo8IS0tIC8xMKOlT0ZGpa+pYKXdpfMgLS0+Cgo8IS0tIKSqpLmkuaThyczGtyAtLT4Kpcal7KXTvUK96aO6CqXIpd6lyKW4peWpYKW5IC8Kpd6lq6XHpd+loqXKpcOlxKWqpaSl6yAvCiDrioTTpdal7KXDpcmlq6XDpb+pYCAvCiCl66WkpdyluaXGpaOpYCAvCqTqpPOktPWhIC8KPCEtLSAvpKqkuaS5pOHJzMa3IC0tPgoKCgo8IS0tIJhTzOwyNKSrpOmkzqXhpcOlu6lgpbgvIC0tPgo8YnI+PGJyPgoKCjwhLS0gL5hTzOwyNKSrpOmkzqXhpcOlu6lgpbggLS0+Cgo8IS0tIKSipLmYU05HLyAtLT4KPCEtLaGhPGltZyBzcmM9Imh0dHA6Ly9pbWFnZS5yYWt1dGVuLmNvLmpwL3Jha3V0ZW4yNC9jYWJpbmV0L2l0ZW00Ni9hc3VyYWt1MDcwNC5qcGciIHdpZHRoPSI3MzAiIGhlaWdodD0iMTMwIiBib3JkZXI9IjAiPgoKPGRpdiBzdHlsZT0ibWFyZ2luLWJvdHRvbTo1cHg7Ij4KPGltZyBzcmM9Imh0dHA6Ly9pbWFnZS5yYWt1dGVuLmNvLmpwL3Jha3V0ZW4yNC9jYWJpbmV0L2l0ZW00NS9hc3VyYWt1MDcxMS5qcGciIHdpZHRoPSI3MzAiIGhlaWdodD0iNTAiIGJvcmRlcj0iMCI+CjwvZGl2PgotLT4KPCEtLSAvpKKkuZhTTkcgLS0+CgoKCjwhLS0gu9jfWy8gLS0+CjwhLS0gCgogLS0+CjwhLS0gL7vY31sgLS0+CgoKCjwhLS0gMsHQse3KvtPDpdClyqlgpail6qWiPgo8IS0tCjx0cj4KPHRkIHdpZHRoPSIzNjUiPjxpbWcgc3JjPSJodHRwOi8vd3d3LnJha3V0ZW4ubmUuanAvZ29sZC9yYWt1dGVuMjQvaXRlbS9pbWFnZXMvaXRlbXBhZ2VfYm5yXzAxLmpwZyIgd2lkdGg9IjM2MCIgaGVpZ2h0PSI2MCIgYm9yZGVyPSIwIiBhbHQ9IiI+PC90ZD4KPHRkIHdpZHRoPSIzNjUiPjxpbWcgc3JjPSJodHRwOi8vd3d3LnJha3V0ZW4ubmUuanAvZ29sZC9yYWt1dGVuMjQvaXRlbS9pbWFnZXMvaXRlbXBhZ2VfYm5yXzAyLmdpZiIgd2lkdGg9IjM2MCIgaGVpZ2h0PSI2MCIgYm9yZGVyPSIwIiBhbHQ9IiI+PC90ZD4KPC90cj4KLS0+IAoKPCEtLSDZSaSkzu+kq6S0pdylv6XzLyAtLT4KPHN0eWxlPgovKiC+yaXcpb+l8wojcmFrdXRlbkxpbWl0ZWRJZF9hcm91bmRDYXJ0IGlucHV0IHsKICB3aWR0aDogMTYwcHg7CiAgaGVpZ2h0OiA0MHB4OwogYmFja2dyb3VuZDp1cmwoaHR0cDovL2ltYWdlLnJha3V0ZW4uY28uanAvcmFrdXRlbjI0L2NhYmluZXQvdGVzdC9jYXJ0X2JsYWNrLmdpZikgI2ZjZmNmYyBuby1yZXBlYXQ7CiAgb3ZlcmZsb3c6IGhpZGRlbjsKICBib3JkZXItd2lkdGg6IDBweDsKICB0ZXh0LWluZGVudDogMTUwJTsKICBjdXJzb3I6IHBvaW50ZXIgIWltcG9ydGFudDsKICB3aGl0ZS1zcGFjZTogbm93cmFwOwogIG1hcmdpbjogMTBweCAwIDAgMDsKfQoqLwoKLyogvskyCiNyYWt1dGVuTGltaXRlZElkX2Fyb3VuZENhcnQgaW5wdXQgewogIHdpZHRoOiAxODBweDsKICBoZWlnaHQ6IDQwcHg7CiBiYWNrZ3JvdW5kOnVybChodHRwOi8vaW1hZ2UucmFrdXRlbi5jby5qcC9yYWt1dGVuMjQvY2FiaW5ldC9sYXlvdXQvYnRuX2NhcnRfYmxhY2suZ2lmKSAjZmNmY2ZjIG5vLXJlcGVhdDsKICBvdmVyZmxvdzogaGlkZGVuOwogIGJvcmRlci13aWR0aDogMHB4OwogIHRleHQtaW5kZW50OiAxNTAlOwogIGN1cnNvcjogcG9pbnRlciAhaW1wb3J0YW50OwogIHdoaXRlLXNwYWNlOiBub3dyYXA7CiAgbWFyZ2luOiAxMHB4IDAgMCAwOwp9CiovCgovKiDT6LxzpKuktIydj+qkx6WzpeGl86XIpaKlpqXICiNyYWt1dGVuTGltaXRlZElkX2Fyb3VuZENhcnQgaW5wdXQgewogIHdpZHRoOiAxODBweDsKICBoZWlnaHQ6IDQwcHg7CiBiYWNrZ3JvdW5kOnVybCgiaHR0cDovL2ltYWdlLnJha3V0ZW4uY28uanAvcmFrdXRlbjI0L2NhYmluZXQvbGF5b3V0L2J0bl9jYXJ0X2JsYWNrLmdpZiIpICNmY2ZjZmMgbm8tcmVwZWF0OwogIG92ZXJmbG93OiBoaWRkZW47CiAgYm9yZGVyLXdpZHRoOiAwcHg7CiAgdGV4dC1pbmRlbnQ6IDE1MCU7CiAgY3Vyc29yOiBwb2ludGVyICFpbXBvcnRhbnQ7CiAgd2hpdGUtc3BhY2U6IG5vd3JhcDsKICBtYXJnaW46IDEwcHggMCAwIDA7Cn0KKi8KI3Jha3V0ZW5MaW1pdGVkSWRfYXJvdW5kQ2FydCBpbnB1dC5yQ2FydEJ0bjpob3ZlciwKZGl2LnNob3BCb29rbWFya0FyZWEgZGl2LnNob3BCa20gYS5hZGRTaG9wQmttIHNwYW4uc2hvcEJrbVN0YXI6aG92ZXIsCmRpdi5ib29rbWFya0FyZWEgZGl2LmJrbSBhLmFkZEJrbSBzcGFuLmJrbVN0YXI6aG92ZXIgewogIG9wYWNpdHk6IDAuODsKICBmaWx0ZXI6IGFscGhhKG9wYWNpdHk9ODApOwp9CgojcmFrdXRlbkxpbWl0ZWRJZF9hcm91bmRDYXJ0ICNzZXJ2aWNlVGFibGVTbWx7Ci8qCiAgbWFyZ2luLWxlZnQ6IDkycHggIWltcG9ydGFudDsKKi8KfQoKI3Jha3V0ZW5MaW1pdGVkSWRfYXJvdW5kQ2FydCAjc2VydmljZVRhYmxlU21sIHRkLmZhdm9yaXRlewp3aWR0aDogMjcwcHggIWltcG9ydGFudDsKfQoKCgojcmFrdXRlbkxpbWl0ZWRJZF9hcm91bmRDYXJ0IGRpdi5zaG9wQmttewp3aWR0aDogMTIwcHg7Cn0KCmRpdi5zaG9wQm9va21hcmtBcmVhIGRpdi5zaG9wQmttIGEuYWRkU2hvcEJrbXsKd2lkdGg6IDEyMHB4ICFpbXBvcnRhbnQ7CmhlaWdodDogMjZweCAhaW1wb3J0YW50Owp9CgpkaXYuc2hvcEJvb2ttYXJrQXJlYSBkaXYuc2hvcEJrbSBhLmFkZFNob3BCa20gc3Bhbi5zaG9wQmttU3RhcnsKd2lkdGg6IDEyMHB4ICFpbXBvcnRhbnQ7CmhlaWdodDogMjZweCAhaW1wb3J0YW50OwpiYWNrZ3JvdW5kOiB1cmwoaHR0cDovL2ltYWdlLnJha3V0ZW4uY28uanAvcmFrdXRlbjI0L2NhYmluZXQvbGF5b3V0L2J0bl9mYXZvcml0ZV9zaG9wLmdpZikgbm8tcmVwZWF0IDAgMCAhaW1wb3J0YW50Owp9CgoKCiNyYWt1dGVuTGltaXRlZElkX2Fyb3VuZENhcnQgZGl2LmJrbXsKd2lkdGg6IDEyMHB4Owp9CgpkaXYuYm9va21hcmtBcmVhIGRpdi5ia20gYS5hZGRCa217CndpZHRoOiAxMjBweCAhaW1wb3J0YW50OwpoZWlnaHQ6IDI2cHggIWltcG9ydGFudDsKfQoKZGl2LmJvb2ttYXJrQXJlYSBkaXYuYmttIGEuYWRkQmttIHNwYW4uYmttU3RhcnsKd2lkdGg6IDEyMHB4ICFpbXBvcnRhbnQ7CmhlaWdodDogMjZweCAhaW1wb3J0YW50OwpiYWNrZ3JvdW5kOiB1cmwoaHR0cDovL2ltYWdlLnJha3V0ZW4uY28uanAvcmFrdXRlbjI0L2NhYmluZXQvbGF5b3V0L2J0bl9mYXZvcml0ZV9pdGVtLmdpZikgbm8tcmVwZWF0IDAgMCAhaW1wb3J0YW50Owp9Cgoud2Vla2x5Qm5yewp3aWR0aDogNzAwcHg7CmhlaWdodDogMjMxcHg7CnBvc2l0aW9uOiByZWxhdGl2ZTsKYmFja2dyb3VuZDogdXJsKCJodHRwOi8vd3d3LnJha3V0ZW4ubmUuanAvZ29sZC9yYWt1dGVuMjQvaW1nL3JhbmsxL2JnX3JhbmtibnIuanBnIikgbGVmdCB0b3Agbm8tcmVwZWF0Owp9Cgoud2Vla2x5Qm5yIGltZ3sKd2lkdGg6IDY2MnB4Owpwb3NpdGlvbjogYWJzb2x1dGU7CmJvdHRvbTogMzBweDsKbGVmdDogMjBweDsKei1pbmRleDogMTA7Cn0KCi53ZWVrbHlCbnI6YWZ0ZXJ7CmNvbnRlbnQ6IHVybCgiaHR0cDovL3d3dy5yYWt1dGVuLm5lLmpwL2dvbGQvcmFrdXRlbjI0L2ltZy9yYW5rMS93cmFwX3JhbmtibnIucG5nIik7CnBvc2l0aW9uOiBhYnNvbHV0ZTsKdG9wOiAwOwpsZWZ0OiAwOwp6LWluZGV4OiAxMDA7Cn0KCi5yZXZpZXdCbnIgewogICAgd2lkdGg6IDcwMHB4OwogICAgaGVpZ2h0OiAxMDBweDsKICAgIGJhY2tncm91bmQ6IHVybCgiaHR0cDovL2ltYWdlLnJha3V0ZW4uY28uanAvcmFrdXRlbjI0L2NhYmluZXQvY2FtcGFpZ24vcmV2aWV3L2JnX3Jldmlld2Juci5qcGciKSBsZWZ0IHRvcCBuby1yZXBlYXQ7CiAgICBwb3NpdGlvbjogcmVsYXRpdmU7CiAgICBmb250LXNpemU6IDE2cHg7Cn0KCi5yZXZpZXdCbnIgZGl2IHsKICAgIHBhZGRpbmc6IDEwcHg7CiAgICBiYWNrZ3JvdW5kOiAjZmZmOwogICAgcG9zaXRpb246IGFic29sdXRlOwogICAgdG9wOiAxMXB4OwogICAgbGVmdDogMTgwcHg7CiAgICBsaW5lLWhlaWdodDogMTIwJTsKICAgIGJvcmRlci1yYWRpdXM6IDVweDsKfQoKLnJldmlld0JuciBzcGFuIHsKICAgIGNvbG9yOiAjZmYwMDAwOwp9CgoucmV2aWV3Qm5yIHN0cm9uZyB7CiAgICBmb250LXNpemU6IDE4cHg7Cn0KCi5ibnJfZWFnbGVzewogICAgd2lkdGg6IDcwMHB4OwogICAgZGlzcGxheTogYmxvY2s7CiAgICBiYWNrZ3JvdW5kLWNvbG9yOiAjOTIwNDFlOwogICAgdGV4dC1hbGlnbjogY2VudGVyOwp9CgoKCmh0bWwsYm9keSB7CmZvbnQtZmFtaWx5OiBDZW50dXJ5IEdvdGhpYywgQXJpYWw7Cn0KCnNwYW4uY2F0ZWdvcnlfaXRlbXRheHBvc3RhZ2Uge2ZvbnQtc2l6ZToxMHB4O30Kc3Bhbi5jYXRlZ29yeV9pdGVtcHJpY2Uge2NvbG9yOiNiZjAwMDA7Zm9udC1zaXplOjI0cHg7Zm9udC13ZWlnaHQ6Ym9sZDsgZGlzcGxheTpibG9jazt9CnNwYW4ucHJpY2UyIHsgZm9udC1zaXplOjIyMCUgIWltcG9ydGFudDtmb250LXdlaWdodDpib2xkO30KdGFibGV7ei1pbmRleDowO30gCnNwYW4uY2F0ZWdvcnlfaXRlbXByaWNlOmJlZm9yZXsvKmNvbnRlbnQ6IlBSSUNFICI7Ki9mb250LXNpemU6MTBweDt9Cjwvc3R5bGU+Cgo8IS0tIKSzpLOk3qTHIC0tPgoKCjwvdGFibGU+,s/2JY8vYyOvUocHPIKSqpNek7SCkpqTfQ09PTCAyNWcmdGltZXM7MTCw/Mjrob6YU8zsMjShv1ukqqTXpO0gyOvUoYSIXaO6mFPM7DI0,mFPM7DI0pa+l6qW5pb+l66WspaSltqlgpd+lzaXppeulpqWpqWClv6lgpeqloqXDpdel6qWipcOl13g1pcClpqXLqWCls6XzpcmpYKXgpdql6qWopbWpYKXipbmls6Xzpcil7KXDpa+lucjVn4aksda5pOGls6Wzpcqlw6XEpaqlpKXrpKiktKTepLOk4dPNpbWl86XapeylsKXqpc7JyO9MmUOlr6Xqpbmlv6XrpaylpKW2qWAgNTAwbWwgNDixvr52pM7Ep8WuuMq+xrP9iWPL2Mjr1KHBzyCkqqTXpO0gpKak30NPT0wgMjVnJnRpbWVzOzEwsPzI66G+mFPM7DI0ob9bpKqk16TtIMjr1KGEiF0=,pKqk16TtL8uwkmkxODgwg9LS1MnPy83Bz59vwc+ho7P9iWPL2Mjr1KHBzyCkqqTXpO0gpKak30NPT0wgMjVnJnRpbWVzOzEwsPzI66G+mFPM7DI0ob9bpKqk16TtIMjr1KGEiF0=[rn]
31-51731,aHR0cDovL3RzaG9wLnIxMHMuanAvcmFrdXRlbjI0L2NhYmluZXQvZTQ5MjEvZTQ5MjE3MmhfbC5qcGc/Zml0aW49NzAwOjcwMA==,MjU5LjIwMDA=,,pdqlw6XIP6XapcOlyKWwpcOluiA+IKXapcOlyNPDpKrK1sjrpOzTw8a3ID4gpdCludPDxrcgPiDI69ShhIg=,pbWl4KW3pfOlsKW5pdqlt6Xjpeul0KW5pdWlo6W6IKW4pfOluKXjqWAmpeyl4qXzpM7P46TqIDY1Zygxu9i31imhvphTzOwyNKG/W7Brxd3I69ShhIgozL/L4cjr1KGEiCld,y7CSaTE4ODCD0tLUyc/LzcHPn2/Bzw==,PGEgaHJlZj0iaHR0cDovL3d3dy5yYWt1dGVuLm5lLmpwL2dvbGQvcmFrdXRlbjI0L2NhbXBhaWduL3Jldmlldy8/cy1pZD1yMjRfcmV2aWV3X2ZpcnN0MDEiIHRhcmdldD0iX2JsYW5rIj48aW1nIHNyYz0iaHR0cDovL2ltYWdlLnJha3V0ZW4uY28uanAvcmFrdXRlbjI0L2NhYmluZXQvY2FtcGFpZ24vcmV2aWV3LzFiYW5fcmV2aWV3LmpwZyIgd2lkdGg9IjcwMCIgaGVpZ2h0PSIxMDAiIGJvcmRlcj0iMCIgLz48L2E+PGJyPqH5P6XspdOl5algzba45ZVypMult6XnpcOl16TY16LOxLesusWk8taqpOmku6TroaOkzqXBpaelw6WvpPLI66TspMakr6TApLWkpKGjPGJyPj/h4cjVpeGpYKXrpMukxqWvqWCl3aXzVVJMpPKkqsvNpOqkt6TepLmhozxhIGhyZWY9Imh0dHBzOi8vb3JkZXIubXkucmFrdXRlbi5jby5qcC8/cy1pZD1yMjRfcmV2aWV3X2ZpcnN0MDIiPqH2ofWl7KXTpeWpYKTylfikr6H1ofY8L2E+PGJyPj/L+6TOt72krM/IpMvNtrjlpLekv4j2us+hoqWvqWCl3aXz302zyoydz/PN4qTIpMqk6qTepLmkzqTHpLTXotLipK+kwKS1pKSho6XspdOl5algzba45aTPz8Kyv6TL05vdZKS3pMakpKTepLmhozxicj4/peyl06XlqWDNtrjlpKuk6be007Ok3qTHlXKy7qSspKKk66S/pOGhosnMxre7rcPmyc+kzqXspdOl5algvP7K/aTIjGfrSKTOzba45bz+yv2krK6QpMqk64j2us+krKSipOqk3qS5pM6kx9PopOGktMHLs9Ckr6TApLWkpKGjPGJyPjxicj48YnI+PHNtYWxsPqH5pdGlw6WxqWCluKXHpbalpKXztcikz9PouOakyqSvieS4/KS1pOyk66SzpMikrKSipOqk3qS5oaM8L3NtYWxsPjxicj48YnI+PHRhYmxlPjx0cj48dGQgd2lkdGg9IjEwMCUiPjxwIGNsYXNzPSJwZGVzYyI+PGRpdiBjbGFzcz0icGRlc2N0aXRsZSI+yczGt9Vow/c8L2Rpdj48ZGl2IGNsYXNzPSJwZGVzY2hvbmJ1biI+obiltaXgpbel86Wwpbml2qW3peOl66XQpbml1aWjpbogpbil86W4peOpYCal7KXipfOkzs/jpOogNjVnKDG72LfWKaG5pM+hooOew8Ckys/jpOqkzqXQpbml1aWjpbqkx6S5oaOlt6Xlpe+lt6Xlpe+kyMjcpLGz9qS5sGvF3SjMv8vhKaW/paSl16TOpdCluaXVpaOluqTHpLmhozwvZGl2PjxkaXYgY2xhc3M9InBkZXNjdGl0bGUiPsq508O3vbeoPC9kaXY+PGRpdiBjbGFzcz0icGRlc2Nob25idW4iPtShstukzqSqnKsovHMyMDBMKaTLjJ2kt6TGoaKxvsa3pPLI66TspMbI3KSxvUuk76TDpMakq6TpyOvUoaS3pMakr6TApLWkpKGjPC9kaXY+PGRpdiBjbGFzcz0icGRlc2N0aXRsZSI+pLTXotLiPC9kaXY+PGRpdiBjbGFzcz0icGRlc2Nob25idW4iPqHx74vKs7K7v8mhozxicj6h8dVg74vKs9ei0uKhozxicj6h8c3y0rvvi6Tf3nqk86TAiPa6z6TkyrnTw9bQP8q508Ph4aGiye3M5T+8oaTLrpCzo6SspKKk6aTvpOykv5VypM+horG+xrek8rPWss6kt6S5pLDUXLbPpPLK3KSxpOuhozxicj6h8cS/pMvI66TDpL+I9rrPpM/V5suupMfWsaTBpMvPtKSkwfekt6Gi0r2On6TO1Fyy7KTyytyksaTroaM8YnI+ofHKudPD4eGkz9axpMGky9Shsts/70yFzriqtcik8qTopK/PtKSkwfekuaGjPGJyPqHxieTJqz+J5Nl8pM6/1qTspKykoqTrpM6kx7TzwO3Kr6GixL7RdaTOpKrvTIXOtcikx6TPyrnTw7K7v8mhozxicj6h8TI0lXLpZ7GjzsK1yKGi0a2taMq9pM7vTIXOuKqkx6TPyrnTw7K7v8mhozxicj6h8aTt316ZQyil1aWjpeulv6lgKaSsxL/UkaTepOqkuaTrtcihotShstuk5O9Mhc64qqTygvuk4aTrv8nE3NDU09Ck6qGjPGJyPqHxnKuk8rfQpKukuaW/paSl16TOpKrvTIXOpMekz7G+xrek8sq508Ph4aGitv62yLfZpK2kuaTrpMjvTIXOuKrE2rK/pMubQaTspKy4ttfFpLmk67/WpOzT0KTqoaM8YnI+ofGy0KTqnKukz8+05aqky8q508Oyu7/JoaM8YnI+ofHL+6TOyOvUoYSIpMiB49PDsru/yaGjPGJyPqHx08PNvtLUzeKkzsq508Oyu7/JoaM8YnI+ofGkqtfTmJSk5KXapcOlyKTOytakzr3spKukyqSkpMiks6TtpMfKudPDP7Gjudyhozxicj6h8Ynk2Xw/ieTJqz/Jq5JppLGkzr/WpOykrKSipOue6aGipa2l46XDpdek8qS3pMOkq6Tqvoak4aGiuN/Owrbgyqqk5NaxyeTI1bnipPKx3KSxpMaxo7ncoaM8L2Rpdj48ZGl2IGNsYXNzPSJwZGVzY3RpdGxlIj6zybfWPC9kaXY+PGRpdiBjbGFzcz0icGRlc2Nob25idW4iPqWvpail88vhoaLB8svhTmGhosj9peql88vhNU5hoaKlu6Xrpe2pYKW5payl4KGiz+PBz6GiUEVHLTihorCyz6LP48vhpcelyqXIpeqlpqXgoaKl6aXZpfOlwKlgpailraW5oaKz4DOhosfgMTwvZGl2PjxkaXYgY2xhc3M9InBkZXNjdGl0bGUiPtStrmK5+jwvZGl2PjxkaXYgY2xhc3M9InBkZXNjaG9uYnVuIj7W0Ln6PC9kaXY+PGRpdiBjbGFzcz0icGRlc2N0aXRsZSI+pKqGlqSkus+k76S7z8g8L2Rpdj48ZGl2IGNsYXNzPSJwZGVzY2hvbmJ1biI+1urKvbvhyeelzqXrpbOpYKXdpeypYKW3peel8zxicj5URUyjujA0Mi00ODUtMzEwMDwvZGl2PjwvcD48L3RkPjwvdHI+PC90YWJsZT48YnI+PGJyPphTzOwyNKO+yNXTw8a3o77I69ShhIg/zsLUocb3o77I69ShhIijvrBrxd3I69ShhIgozL/L4cjr1KGEiCmjvqW1peClt6XzpbCluaXapbel46XrpdCluaXVpaOluiCluKXzpbil46lgJqXspeKl86TOz+Ok6iA2NWcoMbvYt9YpPGJyPtF11OzYnInT1KqjuqXOpeuls6lgpd2l7Klgpbel56XzPGJyPtStrmK5+iDW0Ln6PGJyPsTayN3Bv6O6NjVnKDG72LfWKTxicj48YnI+PGJyPjxicj5KQU6ls6lgpcmjuqGhNDUzNTMwNDI4MDEzMjxicj48YnI+PHRhYmxlIHdpZHRoPSIxMDAlIiBib3JkZXI9MCBjZWxsc3BhY2luZz0wIGNlbGxwYWRkaW5nPTU+PHRyPjx0ZD48L3RkPjx0cj48dGQ+PC90ZD48L3RyPjwvdGFibGU+PGJyPjxicj48YnI+jtq45s7E2J+juqWxpfOls6lgpbOl4Nbqyr274cnnPGJyPlRFTDowNTAtNTU3Ny01MDQzPGJyPjxicj48YnI+yOvUoYSIP87C1KHG9y/I69ShhIgvsGvF3cjr1KGEiCjMv8vhyOvUoYSIKTxicj7H+LfWOlu7r7uSxrddPGJyPjwhLS0gaWQ6ID9zLWlkPXIyNF9paGJucl8wMS8gP3MtaWQ9cjI0X2loYm5yXzAyIC0tPgo8dGFibGUgd2lkdGg9IjczMCIgY2VsbHBhZGRpbmc9IjAiIGNlbGxzcGFjaW5nPSIwIiBib3JkZXI9IjAiPgoKPCEtLTEwo6VPRkalr6lgpd2l8y8gLS0+Cgo8ZGl2IHN0eWxlPSJtYXJnaW4tYm90dG9tOjEwcHg7Ij4KCjxpbWcgc3JjPSIKaHR0cHM6Ly9pbWFnZS5yYWt1dGVuLmNvLmpwL3Jha3V0ZW4yNC9jYWJpbmV0L2NvdXBvbi9ibnJfMTAwXzcwMF82MC5qcGciIGFsdD0is/Wk4aTGpM63vc/etqgxMDCD0k9GRqWvqWCl3aXzo6EiIHdpZHRoPSI3MDAiIGhlaWdodD0iNjAiIGJvcmRlcj0iMCI+CjwvZGl2PgoKPGRpdiBzdHlsZT0ibWFyZ2luLWJvdHRvbToxMHB4OyI+Cgo8aW1nIHNyYz0iaHR0cHM6Ly9pbWFnZS5yYWt1dGVuLmNvLmpwL3Jha3V0ZW4yNC9jYWJpbmV0L2NvdXBvbi9ibnJfNzAwXzYwXzUwMDAuanBnIiBhbHQ9IjUsMDAwg9LS1MnP2Y/I6zEwJU9GRqOhIiB3aWR0aD0iNzAwIiBoZWlnaHQ9IjYwIiBib3JkZXI9IjAiPgo8L2Rpdj4KCjwhLS1kaXYgc3R5bGU9Im1hcmdpbi1ib3R0b206MTBweDsiPgoKPGltZyBzcmM9Imh0dHA6Ly9pbWFnZS5yYWt1dGVuLmNvLmpwL3Jha3V0ZW4yNC9jYWJpbmV0L2NvdXBvbi9ibnJfNzAwXzYwXzEwMDAwLmpwZyIgYWx0PSIxMCwwMDCD0tLUyc/Zj8jrpMcxNSVPRkajoSIgd2lkdGg9IjcwMCIgaGVpZ2h0PSI2MCIgYm9yZGVyPSIwIj4KPC9kaXYtLT4KCjwhLS1kaXYgc3R5bGU9Im1hcmdpbi1ib3R0b206MTBweDsiPgoKPGltZyBzcmM9Imh0dHA6Ly9pbWFnZS5yYWt1dGVuLmNvLmpwL3Jha3V0ZW4yNC9jYWJpbmV0L2NhbXBhaWduL2FzdXJha3UvYm5yXzcwMF82MC5qcGciIGFsdD0ipKKkuZhTyczGt6XdpaSl86XIM7G2o6EiIHdpZHRoPSI3MDAiIGhlaWdodD0iNjAiIGJvcmRlcj0iMCI+CjwvZGl2LS0+Cgo8ZGl2IHN0eWxlPSJtYXJnaW4tYm90dG9tOjEwcHg7Ij4KCjxpbWcgc3JjPSJodHRwczovL2ltYWdlLnJha3V0ZW4uY28uanAvcmFrdXRlbjI0L2NhYmluZXQvc3BlY2lhbC9mYXRoZXJfNDY4eDYwLmpwZyIgYWx0PSKl3aWkpfOlyDOxtqOhIiB3aWR0aD0iNDY4IiBoZWlnaHQ9IjYwIiBib3JkZXI9IjAiPgo8L2Rpdj4KCgo8ZGl2IHN0eWxlPSJtYXJnaW4tYm90dG9tOjEwcHg7Ij4KCjxpbWcgc3JjPSJodHRwczovL2ltYWdlLnJha3V0ZW4uY28uanAvcmFrdXRlbjI0L2NhYmluZXQvc3BlY2lhbC8yMDE2X2VjYW1wYWlnbi5qcGciIGFsdD0ipaSpYKWwpeuluYTZwPvTm8Tupd2lpKXzpcgysbajoSIgd2lkdGg9IjQ2OCIgaGVpZ2h0PSI2MCIgYm9yZGVyPSIwIj4KPC9kaXY+CgoKPCEtLSAvMTCjpU9GRqWvqWCl3aXzIC0tPgoKPCEtLSCkqqS5pLmk4cnMxrcgLS0+CqXGpeyl071CvemjugqlyKXepciluKXlqWCluSAvCqXepaulx6XfpaKlyqXDpcSlqqWkpesgLwog64qE06XWpeylw6XJpaulw6W/qWAgLwogpeulpKXcpbmlxqWjqWAgLwqk6qTzpLT1oSAvCjwhLS0gL6SqpLmkuaThyczGtyAtLT4KCgoKPCEtLSCYU8zsMjSkq6TppM6l4aXDpbupYKW4LyAtLT4KPGJyPjxicj4KCgo8IS0tIC+YU8zsMjSkq6TppM6l4aXDpbupYKW4IC0tPgoKPCEtLSCkoqS5mFNORy8gLS0+CjwhLS2hoTxpbWcgc3JjPSJodHRwOi8vaW1hZ2UucmFrdXRlbi5jby5qcC9yYWt1dGVuMjQvY2FiaW5ldC9pdGVtNDYvYXN1cmFrdTA3MDQuanBnIiB3aWR0aD0iNzMwIiBoZWlnaHQ9IjEzMCIgYm9yZGVyPSIwIj4KCjxkaXYgc3R5bGU9Im1hcmdpbi1ib3R0b206NXB4OyI+CjxpbWcgc3JjPSJodHRwOi8vaW1hZ2UucmFrdXRlbi5jby5qcC9yYWt1dGVuMjQvY2FiaW5ldC9pdGVtNDUvYXN1cmFrdTA3MTEuanBnIiB3aWR0aD0iNzMwIiBoZWlnaHQ9IjUwIiBib3JkZXI9IjAiPgo8L2Rpdj4KLS0+CjwhLS0gL6SipLmYU05HIC0tPgoKCgo8IS0tILvY31svIC0tPgo8IS0tIAoKIC0tPgo8IS0tIC+72N9bIC0tPgoKCgo8IS0tIDLB0LHtyr7Tw6XQpcqpYKWopeqloj4KPCEtLQo8dHI+Cjx0ZCB3aWR0aD0iMzY1Ij48aW1nIHNyYz0iaHR0cDovL3d3dy5yYWt1dGVuLm5lLmpwL2dvbGQvcmFrdXRlbjI0L2l0ZW0vaW1hZ2VzL2l0ZW1wYWdlX2Jucl8wMS5qcGciIHdpZHRoPSIzNjAiIGhlaWdodD0iNjAiIGJvcmRlcj0iMCIgYWx0PSIiPjwvdGQ+Cjx0ZCB3aWR0aD0iMzY1Ij48aW1nIHNyYz0iaHR0cDovL3d3dy5yYWt1dGVuLm5lLmpwL2dvbGQvcmFrdXRlbjI0L2l0ZW0vaW1hZ2VzL2l0ZW1wYWdlX2Jucl8wMi5naWYiIHdpZHRoPSIzNjAiIGhlaWdodD0iNjAiIGJvcmRlcj0iMCIgYWx0PSIiPjwvdGQ+CjwvdHI+Ci0tPiAKCjwhLS0g2UmkpM7vpKuktKXcpb+l8y8gLS0+CjxzdHlsZT4KLyogvsml3KW/pfMKI3Jha3V0ZW5MaW1pdGVkSWRfYXJvdW5kQ2FydCBpbnB1dCB7CiAgd2lkdGg6IDE2MHB4OwogIGhlaWdodDogNDBweDsKIGJhY2tncm91bmQ6dXJsKGh0dHA6Ly9pbWFnZS5yYWt1dGVuLmNvLmpwL3Jha3V0ZW4yNC9jYWJpbmV0L3Rlc3QvY2FydF9ibGFjay5naWYpICNmY2ZjZmMgbm8tcmVwZWF0OwogIG92ZXJmbG93OiBoaWRkZW47CiAgYm9yZGVyLXdpZHRoOiAwcHg7CiAgdGV4dC1pbmRlbnQ6IDE1MCU7CiAgY3Vyc29yOiBwb2ludGVyICFpbXBvcnRhbnQ7CiAgd2hpdGUtc3BhY2U6IG5vd3JhcDsKICBtYXJnaW46IDEwcHggMCAwIDA7Cn0KKi8KCi8qIL7JMgojcmFrdXRlbkxpbWl0ZWRJZF9hcm91bmRDYXJ0IGlucHV0IHsKICB3aWR0aDogMTgwcHg7CiAgaGVpZ2h0OiA0MHB4OwogYmFja2dyb3VuZDp1cmwoaHR0cDovL2ltYWdlLnJha3V0ZW4uY28uanAvcmFrdXRlbjI0L2NhYmluZXQvbGF5b3V0L2J0bl9jYXJ0X2JsYWNrLmdpZikgI2ZjZmNmYyBuby1yZXBlYXQ7CiAgb3ZlcmZsb3c6IGhpZGRlbjsKICBib3JkZXItd2lkdGg6IDBweDsKICB0ZXh0LWluZGVudDogMTUwJTsKICBjdXJzb3I6IHBvaW50ZXIgIWltcG9ydGFudDsKICB3aGl0ZS1zcGFjZTogbm93cmFwOwogIG1hcmdpbjogMTBweCAwIDAgMDsKfQoqLwoKLyog0+i8c6SrpLSMnY/qpMels6XhpfOlyKWipaalyAojcmFrdXRlbkxpbWl0ZWRJZF9hcm91bmRDYXJ0IGlucHV0IHsKICB3aWR0aDogMTgwcHg7CiAgaGVpZ2h0OiA0MHB4OwogYmFja2dyb3VuZDp1cmwoImh0dHA6Ly9pbWFnZS5yYWt1dGVuLmNvLmpwL3Jha3V0ZW4yNC9jYWJpbmV0L2xheW91dC9idG5fY2FydF9ibGFjay5naWYiKSAjZmNmY2ZjIG5vLXJlcGVhdDsKICBvdmVyZmxvdzogaGlkZGVuOwogIGJvcmRlci13aWR0aDogMHB4OwogIHRleHQtaW5kZW50OiAxNTAlOwogIGN1cnNvcjogcG9pbnRlciAhaW1wb3J0YW50OwogIHdoaXRlLXNwYWNlOiBub3dyYXA7CiAgbWFyZ2luOiAxMHB4IDAgMCAwOwp9CiovCiNyYWt1dGVuTGltaXRlZElkX2Fyb3VuZENhcnQgaW5wdXQuckNhcnRCdG46aG92ZXIsCmRpdi5zaG9wQm9va21hcmtBcmVhIGRpdi5zaG9wQmttIGEuYWRkU2hvcEJrbSBzcGFuLnNob3BCa21TdGFyOmhvdmVyLApkaXYuYm9va21hcmtBcmVhIGRpdi5ia20gYS5hZGRCa20gc3Bhbi5ia21TdGFyOmhvdmVyIHsKICBvcGFjaXR5OiAwLjg7CiAgZmlsdGVyOiBhbHBoYShvcGFjaXR5PTgwKTsKfQoKI3Jha3V0ZW5MaW1pdGVkSWRfYXJvdW5kQ2FydCAjc2VydmljZVRhYmxlU21sewovKgogIG1hcmdpbi1sZWZ0OiA5MnB4ICFpbXBvcnRhbnQ7CiovCn0KCiNyYWt1dGVuTGltaXRlZElkX2Fyb3VuZENhcnQgI3NlcnZpY2VUYWJsZVNtbCB0ZC5mYXZvcml0ZXsKd2lkdGg6IDI3MHB4ICFpbXBvcnRhbnQ7Cn0KCgoKI3Jha3V0ZW5MaW1pdGVkSWRfYXJvdW5kQ2FydCBkaXYuc2hvcEJrbXsKd2lkdGg6IDEyMHB4Owp9CgpkaXYuc2hvcEJvb2ttYXJrQXJlYSBkaXYuc2hvcEJrbSBhLmFkZFNob3BCa217CndpZHRoOiAxMjBweCAhaW1wb3J0YW50OwpoZWlnaHQ6IDI2cHggIWltcG9ydGFudDsKfQoKZGl2LnNob3BCb29rbWFya0FyZWEgZGl2LnNob3BCa20gYS5hZGRTaG9wQmttIHNwYW4uc2hvcEJrbVN0YXJ7CndpZHRoOiAxMjBweCAhaW1wb3J0YW50OwpoZWlnaHQ6IDI2cHggIWltcG9ydGFudDsKYmFja2dyb3VuZDogdXJsKGh0dHA6Ly9pbWFnZS5yYWt1dGVuLmNvLmpwL3Jha3V0ZW4yNC9jYWJpbmV0L2xheW91dC9idG5fZmF2b3JpdGVfc2hvcC5naWYpIG5vLXJlcGVhdCAwIDAgIWltcG9ydGFudDsKfQoKCgojcmFrdXRlbkxpbWl0ZWRJZF9hcm91bmRDYXJ0IGRpdi5ia217CndpZHRoOiAxMjBweDsKfQoKZGl2LmJvb2ttYXJrQXJlYSBkaXYuYmttIGEuYWRkQmttewp3aWR0aDogMTIwcHggIWltcG9ydGFudDsKaGVpZ2h0OiAyNnB4ICFpbXBvcnRhbnQ7Cn0KCmRpdi5ib29rbWFya0FyZWEgZGl2LmJrbSBhLmFkZEJrbSBzcGFuLmJrbVN0YXJ7CndpZHRoOiAxMjBweCAhaW1wb3J0YW50OwpoZWlnaHQ6IDI2cHggIWltcG9ydGFudDsKYmFja2dyb3VuZDogdXJsKGh0dHA6Ly9pbWFnZS5yYWt1dGVuLmNvLmpwL3Jha3V0ZW4yNC9jYWJpbmV0L2xheW91dC9idG5fZmF2b3JpdGVfaXRlbS5naWYpIG5vLXJlcGVhdCAwIDAgIWltcG9ydGFudDsKfQoKLndlZWtseUJucnsKd2lkdGg6IDcwMHB4OwpoZWlnaHQ6IDIzMXB4Owpwb3NpdGlvbjogcmVsYXRpdmU7CmJhY2tncm91bmQ6IHVybCgiaHR0cDovL3d3dy5yYWt1dGVuLm5lLmpwL2dvbGQvcmFrdXRlbjI0L2ltZy9yYW5rMS9iZ19yYW5rYm5yLmpwZyIpIGxlZnQgdG9wIG5vLXJlcGVhdDsKfQoKLndlZWtseUJuciBpbWd7CndpZHRoOiA2NjJweDsKcG9zaXRpb246IGFic29sdXRlOwpib3R0b206IDMwcHg7CmxlZnQ6IDIwcHg7CnotaW5kZXg6IDEwOwp9Cgoud2Vla2x5Qm5yOmFmdGVyewpjb250ZW50OiB1cmwoImh0dHA6Ly93d3cucmFrdXRlbi5uZS5qcC9nb2xkL3Jha3V0ZW4yNC9pbWcvcmFuazEvd3JhcF9yYW5rYm5yLnBuZyIpOwpwb3NpdGlvbjogYWJzb2x1dGU7CnRvcDogMDsKbGVmdDogMDsKei1pbmRleDogMTAwOwp9CgoucmV2aWV3Qm5yIHsKICAgIHdpZHRoOiA3MDBweDsKICAgIGhlaWdodDogMTAwcHg7CiAgICBiYWNrZ3JvdW5kOiB1cmwoImh0dHA6Ly9pbWFnZS5yYWt1dGVuLmNvLmpwL3Jha3V0ZW4yNC9jYWJpbmV0L2NhbXBhaWduL3Jldmlldy9iZ19yZXZpZXdibnIuanBnIikgbGVmdCB0b3Agbm8tcmVwZWF0OwogICAgcG9zaXRpb246IHJlbGF0aXZlOwogICAgZm9udC1zaXplOiAxNnB4Owp9CgoucmV2aWV3Qm5yIGRpdiB7CiAgICBwYWRkaW5nOiAxMHB4OwogICAgYmFja2dyb3VuZDogI2ZmZjsKICAgIHBvc2l0aW9uOiBhYnNvbHV0ZTsKICAgIHRvcDogMTFweDsKICAgIGxlZnQ6IDE4MHB4OwogICAgbGluZS1oZWlnaHQ6IDEyMCU7CiAgICBib3JkZXItcmFkaXVzOiA1cHg7Cn0KCi5yZXZpZXdCbnIgc3BhbiB7CiAgICBjb2xvcjogI2ZmMDAwMDsKfQoKLnJldmlld0JuciBzdHJvbmcgewogICAgZm9udC1zaXplOiAxOHB4Owp9CgouYm5yX2VhZ2xlc3sKICAgIHdpZHRoOiA3MDBweDsKICAgIGRpc3BsYXk6IGJsb2NrOwogICAgYmFja2dyb3VuZC1jb2xvcjogIzkyMDQxZTsKICAgIHRleHQtYWxpZ246IGNlbnRlcjsKfQoKCgpodG1sLGJvZHkgewpmb250LWZhbWlseTogQ2VudHVyeSBHb3RoaWMsIEFyaWFsOwp9CgpzcGFuLmNhdGVnb3J5X2l0ZW10YXhwb3N0YWdlIHtmb250LXNpemU6MTBweDt9CnNwYW4uY2F0ZWdvcnlfaXRlbXByaWNlIHtjb2xvcjojYmYwMDAwO2ZvbnQtc2l6ZToyNHB4O2ZvbnQtd2VpZ2h0OmJvbGQ7IGRpc3BsYXk6YmxvY2s7fQpzcGFuLnByaWNlMiB7IGZvbnQtc2l6ZToyMjAlICFpbXBvcnRhbnQ7Zm9udC13ZWlnaHQ6Ym9sZDt9CnRhYmxle3otaW5kZXg6MDt9IApzcGFuLmNhdGVnb3J5X2l0ZW1wcmljZTpiZWZvcmV7Lypjb250ZW50OiJQUklDRSAiOyovZm9udC1zaXplOjEwcHg7fQo8L3N0eWxlPgoKPCEtLSCks6SzpN6kxyAtLT4KCgo8L3RhYmxlPg==,pbWl4KW3pfOlsKW5pdqlt6Xjpeul0KW5pdWlo6W6IKW4pfOluKXjqWAmYW1wO6XspeKl86TOz+Ok6iA2NWcoMbvYt9Ypob6YU8zsMjShv1uwa8XdyOvUoYSIKMy/y+HI69ShhIgpXaO6mFPM7DI0,mFPM7DI0pa+l6qW5pb+l66WspaSltqlgpd+lzaXppeulpqWpqWClv6lgpeqloqXDpdel6qWipcOl13g1pcClpqXLqWCls6XzpcmpYKXgpdql6qWopbWpYKXipbmls6Xzpcil7KXDpa+lucjVn4aksda5pOGls6Wzpcqlw6XEpaqlpKXrpKiktKTepLOk4dPNpbWl86XapeylsKXqpc7JyO9MmUOlr6Xqpbmlv6XrpaylpKW2qWAgNTAwbWwgNDixvr52pM7Ep8WuuMq+xqW1peClt6XzpbCluaXapbel46XrpdCluaXVpaOluiCluKXzpbil46lgJmFtcDul7KXipfOkzs/jpOogNjVnKDG72LfWKaG+mFPM7DI0ob9bsGvF3cjr1KGEiCjMv8vhyOvUoYSIKV0=,y7CSaTE4ODCD0tLUyc/LzcHPn2/Bz6GjpbWl4KW3pfOlsKW5pdqlt6Xjpeul0KW5pdWlo6W6IKW4pfOluKXjqWAmYW1wO6XspeKl86TOz+Ok6iA2NWcoMbvYt9Ypob6YU8zsMjShv1uwa8XdyOvUoYSIKMy/y+HI69ShhIgpXQ==[rn]
31-51732,aHR0cDovL3RzaG9wLnIxMHMuanAvcmFrdXRlbjI0L2NhYmluZXQvZTA2MzAvZTA2MzA2NWhfbC5qcGc/Zml0aW49NzAwOjcwMA==,NTAxMS4yMDAw,,pdqlw6XIP6XapcOlyKWwpcOluiA+IKXapcOlyNPDpKrK1sjrpOzTw8a3ID4gpdCludPDxrcgPiDI69ShhIg=,pd2pYKXJpdqlt6WnIKXQpbml0aWmpcCpYCA3NTBnKMjr1KGEiCCl0KW5pb2l66XIKaG+mFPM7DI0ob9bpd2pYKXJpdqlt6WnIKXQpbmlvaXrpchd,pd2pYKXJpdqlt6WnL8vNwc+fb8HP,PGEgaHJlZj0iaHR0cDovL3d3dy5yYWt1dGVuLm5lLmpwL2dvbGQvcmFrdXRlbjI0L2NhbXBhaWduL3Jldmlldy8/cy1pZD1yMjRfcmV2aWV3X2ZpcnN0MDEiIHRhcmdldD0iX2JsYW5rIj48aW1nIHNyYz0iaHR0cDovL2ltYWdlLnJha3V0ZW4uY28uanAvcmFrdXRlbjI0L2NhYmluZXQvY2FtcGFpZ24vcmV2aWV3LzFiYW5fcmV2aWV3LmpwZyIgd2lkdGg9IjcwMCIgaGVpZ2h0PSIxMDAiIGJvcmRlcj0iMCIgLz48L2E+PGJyPqH5P6XspdOl5algzba45ZVypMult6XnpcOl16TY16LOxLesusWk8taqpOmku6TroaOkzqXBpaelw6WvpPLI66TspMakr6TApLWkpKGjPGJyPj/h4cjVpeGpYKXrpMukxqWvqWCl3aXzVVJMpPKkqsvNpOqkt6TepLmhozxhIGhyZWY9Imh0dHBzOi8vb3JkZXIubXkucmFrdXRlbi5jby5qcC8/cy1pZD1yMjRfcmV2aWV3X2ZpcnN0MDIiPqH2ofWl7KXTpeWpYKTylfikr6H1ofY8L2E+PGJyPj/L+6TOt72krM/IpMvNtrjlpLekv4j2us+hoqWvqWCl3aXz302zyoydz/PN4qTIpMqk6qTepLmkzqTHpLTXotLipK+kwKS1pKSho6XspdOl5algzba45aTPz8Kyv6TL05vdZKS3pMakpKTepLmhozxicj4/peyl06XlqWDNtrjlpKuk6be007Ok3qTHlXKy7qSspKKk66S/pOGhosnMxre7rcPmyc+kzqXspdOl5algvP7K/aTIjGfrSKTOzba45bz+yv2krK6QpMqk64j2us+krKSipOqk3qS5pM6kx9PopOGktMHLs9Ckr6TApLWkpKGjPGJyPjxicj48YnI+PHNtYWxsPqH5pdGlw6WxqWCluKXHpbalpKXztcikz9PouOakyqSvieS4/KS1pOyk66SzpMikrKSipOqk3qS5oaM8L3NtYWxsPjxicj48YnI+PHRhYmxlPjx0cj48dGQgd2lkdGg9IjEwMCUiPjxwIGNsYXNzPSJwZGVzYyI+PGRpdiBjbGFzcz0icGRlc2N0aXRsZSI+yczGt9Vow/c8L2Rpdj48ZGl2IGNsYXNzPSJwZGVzY2hvbmJ1biI+obil3algpcml2qW3pacgpdCluaXRpaalwKlgIDc1MGcoyOvUoYSIIKXQpbmlvaXrpcgpobmkz6GiuqPLrqTI0dKJY6SrpOmz6bP2pLekv8zsyLul36XNpeml66Ty1vfUrcHPpMikt6S/pdCluaW9peulyKTHpLmho6TMpOuk4aTOpKqcq6Tyydmkt6S/pOGhosjcpKukt6TG1+Okt5yrpPKkuaTrpMik1aTvpNWk76TOxd2krM3qs8mho8ajpOykv6SqvKGk4qTIpO2k6qTIpN6k7aTkpKukyqSqnKukx7D8pN/eeqTfpN6kuaGjn2/XxcmroaKfb8/jwc+hozwvZGl2PjxkaXYgY2xhc3M9InBkZXNjdGl0bGUiPsq508O3vbeoPC9kaXY+PGRpdiBjbGFzcz0icGRlc2Nob25idW4iPj/UobLbpM6kqpyrKLxzMjAwTCmkyzG0/Mirsr+k8sjrpOyhoqTopK+kq6Stu+ykvKTGyNykq6S3oaLI69ShpLekxs/CpLWkpKGjPGJyPj+kzKTrpOGkzqSqnKsoMzgtNDC2yCmkx6TmpMOkr6TqyOvUoaS3pMbPwqS1pKShozwvZGl2PjxkaXYgY2xhc3M9InBkZXNjdGl0bGUiPsq508PJz6TO16LS4jwvZGl2PjxkaXYgY2xhc3M9InBkZXNjaG9uYnVuIj4/uqPLrqSrpNak7KTkzsLIqqSrpNak7KTOzOXZfKTOt72k5KSqvKGky66Qs6OkzqSipOukyKStpM+hoqS0yrnTw6Ty1tDWuaS3pMbPwqS1pKShozxicj4/pd+lzaXppeuJY6Ty1vfUrcHPpMikt6TGpKSk66S/pOG61smrs8m31qSs0ruyv7qspN6k7KTGpKqk6qTepLmkrKGipLTKudPDpMukz4aW7n2koqTqpN6ku6TzoaM8YnI+P83qyKuky6SqnKuky8jcpLGkxqSkpMqkpIj2us+kz9ShstukrKS5pNmk6qTkpLmkr6TKpOqk3qS5pM6kx6GiyOvUoaTO60iky6TPpLTXotLiz8KktaSkoaM8YnI+PzI0lXLpZ+9Mhc6kyqTJmUO3TqTLpOikw6TGpM+ktMq508Oky6TKpOykyqSkiPa6z6SspKKk6qTepLmho6SqyrmkpKTOmUO3TqTO1WjD95X4pPKktLRf1UqkzsnPoaKktMq508PPwqS1pKShozxicj4/pKrX05iUpM7K1qTOveykq6TKpKSkyKSzpO2ky7Gjudykt6TGz8KktaSkoaM8L2Rpdj48ZGl2IGNsYXNzPSJwZGVzY3RpdGxlIj6zybfWPC9kaXY+PGRpdiBjbGFzcz0icGRlc2Nob25idW4iPqXfpc2l6aXriWOhoqWzpbOlyqXEpdGlpqXAqWChoqWipe2lqKXZpemlqKWtpbktMqGipeyl4qXzpailraW5oaKl5KW3082hoqXspeKl87n7xqTTzaGiy66hoqXOpdCl6aWopa2luaGipdalyaWmt07X09PNoaLUwtKKst3TzaGipa2l56Wmpcul89PNoaKl26XbpdDTzaGipd6lxLdO19PTzTwvZGl2PjwvcD48L3RkPjwvdHI+PC90YWJsZT48YnI+pdal6aXzpcmjuqXdqWClyaXapbelpzxicj6YU8zsMjSjvsjV08PGt6O+yOvUoYSIP87C1KHG96O+yOvUoYSIo76l0KW5pb2l66XIo76l3algpcml2qW3pacgpdCluaXRpaalwKlgIDc1MGcoyOvUoYSIIKXQpbmlvaXrpcgpPGJyPrBridPUqqO6S0dQpbil46XRpfM8YnI+PGJyPsTayN3Bv6O6NzUwZzxicj48YnI+PGJyPqW1paSluqO61rG+tjEwOCq436S1MTEyKG1tKTxicj5KQU6ls6lgpcmjuqGhNDU2MjI3NTYzMTAzODxicj48YnI+PHRhYmxlIHdpZHRoPSIxMDAlIiBib3JkZXI9MCBjZWxsc3BhY2luZz0wIGNlbGxwYWRkaW5nPTU+PHRyPjx0ZD48L3RkPjx0cj48dGQ+PC90ZD48L3RyPjwvdGFibGU+PGJyPjxicj48YnI+jtq45s7E2J+juqWxpfOls6lgpbOl4Nbqyr274cnnPGJyPlRFTDowNTAtNTU3Ny01MDQzPGJyPjxicj5bpd2pYKXJpdqlt6WnXTxicj7I69ShhIg/zsLUocb3L8jr1KGEiC+l0KW5pb2l66XIPGJyPsf4t9Y6W7uvu5LGt108YnI+PCEtLSBpZDogP3MtaWQ9cjI0X2loYm5yXzAxLyA/cy1pZD1yMjRfaWhibnJfMDIgLS0+Cjx0YWJsZSB3aWR0aD0iNzMwIiBjZWxscGFkZGluZz0iMCIgY2VsbHNwYWNpbmc9IjAiIGJvcmRlcj0iMCI+Cgo8IS0tMTCjpU9GRqWvqWCl3aXzLyAtLT4KCjxkaXYgc3R5bGU9Im1hcmdpbi1ib3R0b206MTBweDsiPgoKPGltZyBzcmM9IgpodHRwczovL2ltYWdlLnJha3V0ZW4uY28uanAvcmFrdXRlbjI0L2NhYmluZXQvY291cG9uL2Jucl8xMDBfNzAwXzYwLmpwZyIgYWx0PSKz9aThpMakzre9z962qDEwMIPST0ZGpa+pYKXdpfOjoSIgd2lkdGg9IjcwMCIgaGVpZ2h0PSI2MCIgYm9yZGVyPSIwIj4KPC9kaXY+Cgo8ZGl2IHN0eWxlPSJtYXJnaW4tYm90dG9tOjEwcHg7Ij4KCjxpbWcgc3JjPSJodHRwczovL2ltYWdlLnJha3V0ZW4uY28uanAvcmFrdXRlbjI0L2NhYmluZXQvY291cG9uL2Jucl83MDBfNjBfNTAwMC5qcGciIGFsdD0iNSwwMDCD0tLUyc/Zj8jrMTAlT0ZGo6EiIHdpZHRoPSI3MDAiIGhlaWdodD0iNjAiIGJvcmRlcj0iMCI+CjwvZGl2PgoKPCEtLWRpdiBzdHlsZT0ibWFyZ2luLWJvdHRvbToxMHB4OyI+Cgo8aW1nIHNyYz0iaHR0cDovL2ltYWdlLnJha3V0ZW4uY28uanAvcmFrdXRlbjI0L2NhYmluZXQvY291cG9uL2Jucl83MDBfNjBfMTAwMDAuanBnIiBhbHQ9IjEwLDAwMIPS0tTJz9mPyOukxzE1JU9GRqOhIiB3aWR0aD0iNzAwIiBoZWlnaHQ9IjYwIiBib3JkZXI9IjAiPgo8L2Rpdi0tPgoKPCEtLWRpdiBzdHlsZT0ibWFyZ2luLWJvdHRvbToxMHB4OyI+Cgo8aW1nIHNyYz0iaHR0cDovL2ltYWdlLnJha3V0ZW4uY28uanAvcmFrdXRlbjI0L2NhYmluZXQvY2FtcGFpZ24vYXN1cmFrdS9ibnJfNzAwXzYwLmpwZyIgYWx0PSKkoqS5mFPJzMa3pd2lpKXzpcgzsbajoSIgd2lkdGg9IjcwMCIgaGVpZ2h0PSI2MCIgYm9yZGVyPSIwIj4KPC9kaXYtLT4KCjxkaXYgc3R5bGU9Im1hcmdpbi1ib3R0b206MTBweDsiPgoKPGltZyBzcmM9Imh0dHBzOi8vaW1hZ2UucmFrdXRlbi5jby5qcC9yYWt1dGVuMjQvY2FiaW5ldC9zcGVjaWFsL2ZhdGhlcl80Njh4NjAuanBnIiBhbHQ9IqXdpaSl86XIM7G2o6EiIHdpZHRoPSI0NjgiIGhlaWdodD0iNjAiIGJvcmRlcj0iMCI+CjwvZGl2PgoKCjxkaXYgc3R5bGU9Im1hcmdpbi1ib3R0b206MTBweDsiPgoKPGltZyBzcmM9Imh0dHBzOi8vaW1hZ2UucmFrdXRlbi5jby5qcC9yYWt1dGVuMjQvY2FiaW5ldC9zcGVjaWFsLzIwMTZfZWNhbXBhaWduLmpwZyIgYWx0PSKlpKlgpbCl66W5hNnA+9ObxO6l3aWkpfOlyDKxtqOhIiB3aWR0aD0iNDY4IiBoZWlnaHQ9IjYwIiBib3JkZXI9IjAiPgo8L2Rpdj4KCgo8IS0tIC8xMKOlT0ZGpa+pYKXdpfMgLS0+Cgo8IS0tIKSqpLmkuaThyczGtyAtLT4Kpcal7KXTvUK96aO6CqXIpd6lyKW4peWpYKW5IC8Kpd6lq6XHpd+loqXKpcOlxKWqpaSl6yAvCiDrioTTpdal7KXDpcmlq6XDpb+pYCAvCiCl66WkpdyluaXGpaOpYCAvCqTqpPOktPWhIC8KPCEtLSAvpKqkuaS5pOHJzMa3IC0tPgoKCgo8IS0tIJhTzOwyNKSrpOmkzqXhpcOlu6lgpbgvIC0tPgo8YnI+PGJyPgoKCjwhLS0gL5hTzOwyNKSrpOmkzqXhpcOlu6lgpbggLS0+Cgo8IS0tIKSipLmYU05HLyAtLT4KPCEtLaGhPGltZyBzcmM9Imh0dHA6Ly9pbWFnZS5yYWt1dGVuLmNvLmpwL3Jha3V0ZW4yNC9jYWJpbmV0L2l0ZW00Ni9hc3VyYWt1MDcwNC5qcGciIHdpZHRoPSI3MzAiIGhlaWdodD0iMTMwIiBib3JkZXI9IjAiPgoKPGRpdiBzdHlsZT0ibWFyZ2luLWJvdHRvbTo1cHg7Ij4KPGltZyBzcmM9Imh0dHA6Ly9pbWFnZS5yYWt1dGVuLmNvLmpwL3Jha3V0ZW4yNC9jYWJpbmV0L2l0ZW00NS9hc3VyYWt1MDcxMS5qcGciIHdpZHRoPSI3MzAiIGhlaWdodD0iNTAiIGJvcmRlcj0iMCI+CjwvZGl2PgotLT4KPCEtLSAvpKKkuZhTTkcgLS0+CgoKCjwhLS0gu9jfWy8gLS0+CjwhLS0gCgogLS0+CjwhLS0gL7vY31sgLS0+CgoKCjwhLS0gMsHQse3KvtPDpdClyqlgpail6qWiPgo8IS0tCjx0cj4KPHRkIHdpZHRoPSIzNjUiPjxpbWcgc3JjPSJodHRwOi8vd3d3LnJha3V0ZW4ubmUuanAvZ29sZC9yYWt1dGVuMjQvaXRlbS9pbWFnZXMvaXRlbXBhZ2VfYm5yXzAxLmpwZyIgd2lkdGg9IjM2MCIgaGVpZ2h0PSI2MCIgYm9yZGVyPSIwIiBhbHQ9IiI+PC90ZD4KPHRkIHdpZHRoPSIzNjUiPjxpbWcgc3JjPSJodHRwOi8vd3d3LnJha3V0ZW4ubmUuanAvZ29sZC9yYWt1dGVuMjQvaXRlbS9pbWFnZXMvaXRlbXBhZ2VfYm5yXzAyLmdpZiIgd2lkdGg9IjM2MCIgaGVpZ2h0PSI2MCIgYm9yZGVyPSIwIiBhbHQ9IiI+PC90ZD4KPC90cj4KLS0+IAoKPCEtLSDZSaSkzu+kq6S0pdylv6XzLyAtLT4KPHN0eWxlPgovKiC+yaXcpb+l8wojcmFrdXRlbkxpbWl0ZWRJZF9hcm91bmRDYXJ0IGlucHV0IHsKICB3aWR0aDogMTYwcHg7CiAgaGVpZ2h0OiA0MHB4OwogYmFja2dyb3VuZDp1cmwoaHR0cDovL2ltYWdlLnJha3V0ZW4uY28uanAvcmFrdXRlbjI0L2NhYmluZXQvdGVzdC9jYXJ0X2JsYWNrLmdpZikgI2ZjZmNmYyBuby1yZXBlYXQ7CiAgb3ZlcmZsb3c6IGhpZGRlbjsKICBib3JkZXItd2lkdGg6IDBweDsKICB0ZXh0LWluZGVudDogMTUwJTsKICBjdXJzb3I6IHBvaW50ZXIgIWltcG9ydGFudDsKICB3aGl0ZS1zcGFjZTogbm93cmFwOwogIG1hcmdpbjogMTBweCAwIDAgMDsKfQoqLwoKLyogvskyCiNyYWt1dGVuTGltaXRlZElkX2Fyb3VuZENhcnQgaW5wdXQgewogIHdpZHRoOiAxODBweDsKICBoZWlnaHQ6IDQwcHg7CiBiYWNrZ3JvdW5kOnVybChodHRwOi8vaW1hZ2UucmFrdXRlbi5jby5qcC9yYWt1dGVuMjQvY2FiaW5ldC9sYXlvdXQvYnRuX2NhcnRfYmxhY2suZ2lmKSAjZmNmY2ZjIG5vLXJlcGVhdDsKICBvdmVyZmxvdzogaGlkZGVuOwogIGJvcmRlci13aWR0aDogMHB4OwogIHRleHQtaW5kZW50OiAxNTAlOwogIGN1cnNvcjogcG9pbnRlciAhaW1wb3J0YW50OwogIHdoaXRlLXNwYWNlOiBub3dyYXA7CiAgbWFyZ2luOiAxMHB4IDAgMCAwOwp9CiovCgovKiDT6LxzpKuktIydj+qkx6WzpeGl86XIpaKlpqXICiNyYWt1dGVuTGltaXRlZElkX2Fyb3VuZENhcnQgaW5wdXQgewogIHdpZHRoOiAxODBweDsKICBoZWlnaHQ6IDQwcHg7CiBiYWNrZ3JvdW5kOnVybCgiaHR0cDovL2ltYWdlLnJha3V0ZW4uY28uanAvcmFrdXRlbjI0L2NhYmluZXQvbGF5b3V0L2J0bl9jYXJ0X2JsYWNrLmdpZiIpICNmY2ZjZmMgbm8tcmVwZWF0OwogIG92ZXJmbG93OiBoaWRkZW47CiAgYm9yZGVyLXdpZHRoOiAwcHg7CiAgdGV4dC1pbmRlbnQ6IDE1MCU7CiAgY3Vyc29yOiBwb2ludGVyICFpbXBvcnRhbnQ7CiAgd2hpdGUtc3BhY2U6IG5vd3JhcDsKICBtYXJnaW46IDEwcHggMCAwIDA7Cn0KKi8KI3Jha3V0ZW5MaW1pdGVkSWRfYXJvdW5kQ2FydCBpbnB1dC5yQ2FydEJ0bjpob3ZlciwKZGl2LnNob3BCb29rbWFya0FyZWEgZGl2LnNob3BCa20gYS5hZGRTaG9wQmttIHNwYW4uc2hvcEJrbVN0YXI6aG92ZXIsCmRpdi5ib29rbWFya0FyZWEgZGl2LmJrbSBhLmFkZEJrbSBzcGFuLmJrbVN0YXI6aG92ZXIgewogIG9wYWNpdHk6IDAuODsKICBmaWx0ZXI6IGFscGhhKG9wYWNpdHk9ODApOwp9CgojcmFrdXRlbkxpbWl0ZWRJZF9hcm91bmRDYXJ0ICNzZXJ2aWNlVGFibGVTbWx7Ci8qCiAgbWFyZ2luLWxlZnQ6IDkycHggIWltcG9ydGFudDsKKi8KfQoKI3Jha3V0ZW5MaW1pdGVkSWRfYXJvdW5kQ2FydCAjc2VydmljZVRhYmxlU21sIHRkLmZhdm9yaXRlewp3aWR0aDogMjcwcHggIWltcG9ydGFudDsKfQoKCgojcmFrdXRlbkxpbWl0ZWRJZF9hcm91bmRDYXJ0IGRpdi5zaG9wQmttewp3aWR0aDogMTIwcHg7Cn0KCmRpdi5zaG9wQm9va21hcmtBcmVhIGRpdi5zaG9wQmttIGEuYWRkU2hvcEJrbXsKd2lkdGg6IDEyMHB4ICFpbXBvcnRhbnQ7CmhlaWdodDogMjZweCAhaW1wb3J0YW50Owp9CgpkaXYuc2hvcEJvb2ttYXJrQXJlYSBkaXYuc2hvcEJrbSBhLmFkZFNob3BCa20gc3Bhbi5zaG9wQmttU3RhcnsKd2lkdGg6IDEyMHB4ICFpbXBvcnRhbnQ7CmhlaWdodDogMjZweCAhaW1wb3J0YW50OwpiYWNrZ3JvdW5kOiB1cmwoaHR0cDovL2ltYWdlLnJha3V0ZW4uY28uanAvcmFrdXRlbjI0L2NhYmluZXQvbGF5b3V0L2J0bl9mYXZvcml0ZV9zaG9wLmdpZikgbm8tcmVwZWF0IDAgMCAhaW1wb3J0YW50Owp9CgoKCiNyYWt1dGVuTGltaXRlZElkX2Fyb3VuZENhcnQgZGl2LmJrbXsKd2lkdGg6IDEyMHB4Owp9CgpkaXYuYm9va21hcmtBcmVhIGRpdi5ia20gYS5hZGRCa217CndpZHRoOiAxMjBweCAhaW1wb3J0YW50OwpoZWlnaHQ6IDI2cHggIWltcG9ydGFudDsKfQoKZGl2LmJvb2ttYXJrQXJlYSBkaXYuYmttIGEuYWRkQmttIHNwYW4uYmttU3RhcnsKd2lkdGg6IDEyMHB4ICFpbXBvcnRhbnQ7CmhlaWdodDogMjZweCAhaW1wb3J0YW50OwpiYWNrZ3JvdW5kOiB1cmwoaHR0cDovL2ltYWdlLnJha3V0ZW4uY28uanAvcmFrdXRlbjI0L2NhYmluZXQvbGF5b3V0L2J0bl9mYXZvcml0ZV9pdGVtLmdpZikgbm8tcmVwZWF0IDAgMCAhaW1wb3J0YW50Owp9Cgoud2Vla2x5Qm5yewp3aWR0aDogNzAwcHg7CmhlaWdodDogMjMxcHg7CnBvc2l0aW9uOiByZWxhdGl2ZTsKYmFja2dyb3VuZDogdXJsKCJodHRwOi8vd3d3LnJha3V0ZW4ubmUuanAvZ29sZC9yYWt1dGVuMjQvaW1nL3JhbmsxL2JnX3JhbmtibnIuanBnIikgbGVmdCB0b3Agbm8tcmVwZWF0Owp9Cgoud2Vla2x5Qm5yIGltZ3sKd2lkdGg6IDY2MnB4Owpwb3NpdGlvbjogYWJzb2x1dGU7CmJvdHRvbTogMzBweDsKbGVmdDogMjBweDsKei1pbmRleDogMTA7Cn0KCi53ZWVrbHlCbnI6YWZ0ZXJ7CmNvbnRlbnQ6IHVybCgiaHR0cDovL3d3dy5yYWt1dGVuLm5lLmpwL2dvbGQvcmFrdXRlbjI0L2ltZy9yYW5rMS93cmFwX3JhbmtibnIucG5nIik7CnBvc2l0aW9uOiBhYnNvbHV0ZTsKdG9wOiAwOwpsZWZ0OiAwOwp6LWluZGV4OiAxMDA7Cn0KCi5yZXZpZXdCbnIgewogICAgd2lkdGg6IDcwMHB4OwogICAgaGVpZ2h0OiAxMDBweDsKICAgIGJhY2tncm91bmQ6IHVybCgiaHR0cDovL2ltYWdlLnJha3V0ZW4uY28uanAvcmFrdXRlbjI0L2NhYmluZXQvY2FtcGFpZ24vcmV2aWV3L2JnX3Jldmlld2Juci5qcGciKSBsZWZ0IHRvcCBuby1yZXBlYXQ7CiAgICBwb3NpdGlvbjogcmVsYXRpdmU7CiAgICBmb250LXNpemU6IDE2cHg7Cn0KCi5yZXZpZXdCbnIgZGl2IHsKICAgIHBhZGRpbmc6IDEwcHg7CiAgICBiYWNrZ3JvdW5kOiAjZmZmOwogICAgcG9zaXRpb246IGFic29sdXRlOwogICAgdG9wOiAxMXB4OwogICAgbGVmdDogMTgwcHg7CiAgICBsaW5lLWhlaWdodDogMTIwJTsKICAgIGJvcmRlci1yYWRpdXM6IDVweDsKfQoKLnJldmlld0JuciBzcGFuIHsKICAgIGNvbG9yOiAjZmYwMDAwOwp9CgoucmV2aWV3Qm5yIHN0cm9uZyB7CiAgICBmb250LXNpemU6IDE4cHg7Cn0KCi5ibnJfZWFnbGVzewogICAgd2lkdGg6IDcwMHB4OwogICAgZGlzcGxheTogYmxvY2s7CiAgICBiYWNrZ3JvdW5kLWNvbG9yOiAjOTIwNDFlOwogICAgdGV4dC1hbGlnbjogY2VudGVyOwp9CgoKCmh0bWwsYm9keSB7CmZvbnQtZmFtaWx5OiBDZW50dXJ5IEdvdGhpYywgQXJpYWw7Cn0KCnNwYW4uY2F0ZWdvcnlfaXRlbXRheHBvc3RhZ2Uge2ZvbnQtc2l6ZToxMHB4O30Kc3Bhbi5jYXRlZ29yeV9pdGVtcHJpY2Uge2NvbG9yOiNiZjAwMDA7Zm9udC1zaXplOjI0cHg7Zm9udC13ZWlnaHQ6Ym9sZDsgZGlzcGxheTpibG9jazt9CnNwYW4ucHJpY2UyIHsgZm9udC1zaXplOjIyMCUgIWltcG9ydGFudDtmb250LXdlaWdodDpib2xkO30KdGFibGV7ei1pbmRleDowO30gCnNwYW4uY2F0ZWdvcnlfaXRlbXByaWNlOmJlZm9yZXsvKmNvbnRlbnQ6IlBSSUNFICI7Ki9mb250LXNpemU6MTBweDt9Cjwvc3R5bGU+Cgo8IS0tIKSzpLOk3qTHIC0tPgoKCjwvdGFibGU+,pd2pYKXJpdqlt6WnIKXQpbml0aWmpcCpYCA3NTBnKMjr1KGEiCCl0KW5pb2l66XIKaG+mFPM7DI0ob9bpd2pYKXJpdqlt6WnIKXQpbmlvaXrpchdo7qYU8zsMjQ=,mFPM7DI0pa+l6qW5pb+l66WspaSltqlgpd+lzaXppeulpqWpqWClv6lgpeqloqXDpdel6qWipcOl13g1pcClpqXLqWCls6XzpcmpYKXgpdql6qWopbWpYKXipbmls6Xzpcil7KXDpa+lucjVn4aksda5pOGls6Wzpcqlw6XEpaqlpKXrpKiktKTepLOk4dPNpbWl86XapeylsKXqpc7JyO9MmUOlr6Xqpbmlv6XrpaylpKW2qWAgNTAwbWwgNDixvr52pM7Ep8WuuMq+xqXdqWClyaXapbelpyCl0KW5pdGlpqXAqWAgNzUwZyjI69ShhIggpdCluaW9peulyCmhvphTzOwyNKG/W6XdqWClyaXapbelpyCl0KW5pb2l66XIXQ==,pd2pYKXJpdqlt6WnL8vNwc+fb8HPoaOl3algpcml2qW3pacgpdCluaXRpaalwKlgIDc1MGcoyOvUoYSIIKXQpbmlvaXrpcgpob6YU8zsMjShv1ul3algpcml2qW3pacgpdCluaW9peulyF0=[rn]
31-51733,aHR0cDovL3RzaG9wLnIxMHMuanAvcmFrdXRlbjI0L2NhYmluZXQvZTQ5MjEvZTQ5MjE5OGhfbC5qcGc/Zml0aW49NzAwOjcwMA==,NTE4LjQwMDA=,,pdqlw6XIP6XapcOlyKWwpcOluiA+IKXapcOlyNPDpKrK1sjrpOzTw8a3ID4gpdCludPDxrcgPiDI69ShhIg=,dmVnZXZlZ2Wl0KW5pb2l66XIIKXppaSl4CalraWmpaSkzs/jpOogNzBnocEysPzI66TqKDK72LfWKaG+mFPM7DI0ob9bpdCluaW9peulyF0=,y7CSaTE4ODCD0tLUyc/LzcHPn2/Bzw==,PGJyPjxicj6xvsnMxrekz9TajuzP3qTqpM7JzMa3pMekuaGjpLTXos7E4eGky6WtpeOl86W7peuktaS7pMakpKS/pMCkr4j2us+krKS0pLakpKTepLmhozxicj48c21hbGw+ofml0aXDpbGpYKW4pceltqWkpfO1yKTP0+i45qTKpK+J5Lj8pLWk7KTrpLOkyKSspKKk6qTepLmhozwvc21hbGw+PGJyPjxicj48dGFibGU+PHRyPjx0ZCB3aWR0aD0iMTAwJSI+PHAgY2xhc3M9InBkZXNjIj48ZGl2IGNsYXNzPSJwZGVzY3RpdGxlIj7JzMa31WjD9zwvZGl2PjxkaXYgY2xhc3M9InBkZXNjaG9uYnVuIj6huHZlZ2V2ZWdlpdCluaW9peulyCCl6aWkpeAmpa2lpqWkpM7P46TqIDcwZ6HBMrD8yOuk6igyu9i31imhuaTPoaLecohApMfM4bmppLmk66G6pdWl7KlgpdCpYKXGpaOpYKG7pMvSiqS/pMakv6XQpbmlvaXrpcikx6S5oaOw153hpb+lpKXXpM6kqpyryaukyKGipNWk86TvpOrGr6SmpdWl66lgpcSkzs/jpOqho7GjyqqzybfWpM6lz6XBpd+lxKWopa3F5LrPoaMxtPw3MGehwTK72LfWpM6lu6XDpcikx6WupdWlyKTLpOKkqqS5pLmk4aGjPC9kaXY+PGRpdiBjbGFzcz0icGRlc2N0aXRsZSI+yrnTw7e9t6g8L2Rpdj48ZGl2IGNsYXNzPSJwZGVzY2hvbmJ1biI+1KGy26TOpKqcqyi8czIwMEwppMuMnaS3pMahorG+xrcxtPwoNzBnKaTyyOuk7KTGpOikr6SrpK2k3qS8pMbI69ShpLekxqSvpMCktaSkoaM8L2Rpdj48ZGl2IGNsYXNzPSJwZGVzY3RpdGxlIj6ktNei0uI8L2Rpdj48ZGl2IGNsYXNzPSJwZGVzY2hvbmJ1biI+ofHvi8qzsru/yaGjPGJyPqHx1WDvi8qz16LS4qGjPGJyPqHxzfLSu++LpN/eeqTzpMCI9rrPpOTKudPD1tA/yrnTw+HhoaLJ7czlP7yhpMuukLOjpKykoqTppO+k7KS/lXKkz6Gisb7Gt6Tys9ayzqS3pLmksNRcts+k8srcpLGk66GjPGJyPqHxxL+ky8jrpMOkv4j2us+kz9Xmy66kx9axpMGky8+0pKTB96S3oaLSvY6fpM7UXLLspPLK3KSxpOuhozxicj6h8cq508Ph4aTP1rGkwaTL1KGy2z/vTIXOuKq1yKTypOikr8+0pKTB96S5oaM8YnI+ofGJ5MmrP4nk2Xykzr/WpOykrKSipOukzqTHtPPA7cqvoaLEvtF1pM6kqu9Mhc61yKTHpM/KudPDsru/yaGjPGJyPqHxMjSVculnsaPOwrXIoaLRra1oyr2kzu9Mhc64qqTHpM/KudPDsru/yaGjPGJyPqHxpO3fXplDKKXVpaOl66W/qWAppKzEv9SRpN6k6qS5pOu1yKGi1KGy26Tk70yFzriqpPKC+6ThpOu/ycTc0NTT0KTqoaM8YnI+ofGcq6Tyt9Ckq6S5pb+lpKXXpM6kqu9Mhc6kx6TPsb7Gt6TyyrnTw+HhoaK2/rbIt9mkraS5pOukyO9Mhc64qsTasr+ky5tBpOykrLi218WkuaTrv9ak7NPQpOqhozxicj6h8bLQpOqcq6TPz7TlqqTLyrnTw7K7v8mhozxicj6h8cv7pM7I69ShhIikyIHj08Oyu7/JoaM8YnI+ofHTw82+0tTN4qTOyrnTw7K7v8mhozxicj6h8aSq19OYlKTkpdqlw6XIpM7K1qTOveykq6TKpKSkyKSzpO2kx8q508M/saO53KGjPGJyPqHxieTZfD+J5MmrP8mrkmmksaTOv9ak7KSspKKk657poaKlraXjpcOl16TypLekw6SrpOq+hqThoaK4387CtuDKqqTk1rHJ5MjVueKk8rHcpLGkxrGjudyhozwvZGl2PjxkaXYgY2xhc3M9InBkZXNjdGl0bGUiPrPJt9Y8L2Rpdj48ZGl2IGNsYXNzPSJwZGVzY2hvbmJ1biI+iWO7r05hoaLB8svhTmGhosvhu6+lwaW/pfOhoqXHpa2luaXIpeql86Giz+PBz6GipaulqqXqpfOhosuuoaKlsaWkpb2lps3BoaKl3aXqpb2l66XZqWClyDgwoaKl1aWnpc6lraW3pailv6XOqWCl66Gipailv6XOqWCl66Gipc+lwaXfpcSlqKWtpbk8L2Rpdj48ZGl2IGNsYXNzPSJwZGVzY3RpdGxlIj7Ura5iufo8L2Rpdj48ZGl2IGNsYXNzPSJwZGVzY2hvbmJ1biI+1tC5+jwvZGl2PjxkaXYgY2xhc3M9InBkZXNjdGl0bGUiPqSqhpakpLrPpO+ku8/IPC9kaXY+PGRpdiBjbGFzcz0icGRlc2Nob25idW4iPtbqyr274cnnpc6l66WzqWCl3aXsqWClt6XnpfM8YnI+VEVMo7owNDItNDg1LTMxMDA8L2Rpdj48L3A+PC90ZD48L3RyPjwvdGFibGU+PGJyPjxicj6YU8zsMjSjvsjV08PGt6O+yOvUoYSIP87C1KHG96O+yOvUoYSIo76l0KW5pb2l66XIo752ZWdldmVnZaXQpbmlvaXrpcggpemlpKXgJqWtpaalpKTOz+Ok6iA3MGehwTKw/MjrpOooMrvYt9YpPGJyPtF11OzYnInT1KqjuqXOpeuls6lgpd2l7Klgpbel56XzPGJyPtStrmK5+iDW0Ln6PGJyPsTayN3Bv6O6NzBnocEysPzI66TqKDK72LfWKTxicj48YnI+PGJyPjxicj5KQU6ls6lgpcmjuqGhNDUzNTMwNDI3OTI4MDxicj48YnI+PHRhYmxlIHdpZHRoPSIxMDAlIiBib3JkZXI9MCBjZWxsc3BhY2luZz0wIGNlbGxwYWRkaW5nPTU+PHRyPjx0ZD48L3RkPjx0cj48dGQ+PC90ZD48L3RyPjwvdGFibGU+PGJyPjxicj48YnI+jtq45s7E2J+juqWxpfOls6lgpbOl4Nbqyr274cnnPGJyPlRFTDowNTAtNTU3Ny01MDQzPGJyPjxicj48YnI+yOvUoYSIP87C1KHG9y/I69ShhIgvpdCluaW9peulyDxicj7H+LfWOlu7r7uSxrddPGJyPjwhLS0gaWQ6ID9zLWlkPXIyNF9paGJucl8wMS8gP3MtaWQ9cjI0X2loYm5yXzAyIC0tPgo8dGFibGUgd2lkdGg9IjczMCIgY2VsbHBhZGRpbmc9IjAiIGNlbGxzcGFjaW5nPSIwIiBib3JkZXI9IjAiPgoKPCEtLTEwo6VPRkalr6lgpd2l8y8gLS0+Cgo8ZGl2IHN0eWxlPSJtYXJnaW4tYm90dG9tOjEwcHg7Ij4KCjxpbWcgc3JjPSIKaHR0cHM6Ly9pbWFnZS5yYWt1dGVuLmNvLmpwL3Jha3V0ZW4yNC9jYWJpbmV0L2NvdXBvbi9ibnJfMTAwXzcwMF82MC5qcGciIGFsdD0is/Wk4aTGpM63vc/etqgxMDCD0k9GRqWvqWCl3aXzo6EiIHdpZHRoPSI3MDAiIGhlaWdodD0iNjAiIGJvcmRlcj0iMCI+CjwvZGl2PgoKPGRpdiBzdHlsZT0ibWFyZ2luLWJvdHRvbToxMHB4OyI+Cgo8aW1nIHNyYz0iaHR0cHM6Ly9pbWFnZS5yYWt1dGVuLmNvLmpwL3Jha3V0ZW4yNC9jYWJpbmV0L2NvdXBvbi9ibnJfNzAwXzYwXzUwMDAuanBnIiBhbHQ9IjUsMDAwg9LS1MnP2Y/I6zEwJU9GRqOhIiB3aWR0aD0iNzAwIiBoZWlnaHQ9IjYwIiBib3JkZXI9IjAiPgo8L2Rpdj4KCjwhLS1kaXYgc3R5bGU9Im1hcmdpbi1ib3R0b206MTBweDsiPgoKPGltZyBzcmM9Imh0dHA6Ly9pbWFnZS5yYWt1dGVuLmNvLmpwL3Jha3V0ZW4yNC9jYWJpbmV0L2NvdXBvbi9ibnJfNzAwXzYwXzEwMDAwLmpwZyIgYWx0PSIxMCwwMDCD0tLUyc/Zj8jrpMcxNSVPRkajoSIgd2lkdGg9IjcwMCIgaGVpZ2h0PSI2MCIgYm9yZGVyPSIwIj4KPC9kaXYtLT4KCjwhLS1kaXYgc3R5bGU9Im1hcmdpbi1ib3R0b206MTBweDsiPgoKPGltZyBzcmM9Imh0dHA6Ly9pbWFnZS5yYWt1dGVuLmNvLmpwL3Jha3V0ZW4yNC9jYWJpbmV0L2NhbXBhaWduL2FzdXJha3UvYm5yXzcwMF82MC5qcGciIGFsdD0ipKKkuZhTyczGt6XdpaSl86XIM7G2o6EiIHdpZHRoPSI3MDAiIGhlaWdodD0iNjAiIGJvcmRlcj0iMCI+CjwvZGl2LS0+Cgo8ZGl2IHN0eWxlPSJtYXJnaW4tYm90dG9tOjEwcHg7Ij4KCjxpbWcgc3JjPSJodHRwczovL2ltYWdlLnJha3V0ZW4uY28uanAvcmFrdXRlbjI0L2NhYmluZXQvc3BlY2lhbC9mYXRoZXJfNDY4eDYwLmpwZyIgYWx0PSKl3aWkpfOlyDOxtqOhIiB3aWR0aD0iNDY4IiBoZWlnaHQ9IjYwIiBib3JkZXI9IjAiPgo8L2Rpdj4KCgo8ZGl2IHN0eWxlPSJtYXJnaW4tYm90dG9tOjEwcHg7Ij4KCjxpbWcgc3JjPSJodHRwczovL2ltYWdlLnJha3V0ZW4uY28uanAvcmFrdXRlbjI0L2NhYmluZXQvc3BlY2lhbC8yMDE2X2VjYW1wYWlnbi5qcGciIGFsdD0ipaSpYKWwpeuluYTZwPvTm8Tupd2lpKXzpcgysbajoSIgd2lkdGg9IjQ2OCIgaGVpZ2h0PSI2MCIgYm9yZGVyPSIwIj4KPC9kaXY+CgoKPCEtLSAvMTCjpU9GRqWvqWCl3aXzIC0tPgoKPCEtLSCkqqS5pLmk4cnMxrcgLS0+CqXGpeyl071CvemjugqlyKXepciluKXlqWCluSAvCqXepaulx6XfpaKlyqXDpcSlqqWkpesgLwog64qE06XWpeylw6XJpaulw6W/qWAgLwogpeulpKXcpbmlxqWjqWAgLwqk6qTzpLT1oSAvCjwhLS0gL6SqpLmkuaThyczGtyAtLT4KCgoKPCEtLSCYU8zsMjSkq6TppM6l4aXDpbupYKW4LyAtLT4KPGJyPjxicj4KCgo8IS0tIC+YU8zsMjSkq6TppM6l4aXDpbupYKW4IC0tPgoKPCEtLSCkoqS5mFNORy8gLS0+CjwhLS2hoTxpbWcgc3JjPSJodHRwOi8vaW1hZ2UucmFrdXRlbi5jby5qcC9yYWt1dGVuMjQvY2FiaW5ldC9pdGVtNDYvYXN1cmFrdTA3MDQuanBnIiB3aWR0aD0iNzMwIiBoZWlnaHQ9IjEzMCIgYm9yZGVyPSIwIj4KCjxkaXYgc3R5bGU9Im1hcmdpbi1ib3R0b206NXB4OyI+CjxpbWcgc3JjPSJodHRwOi8vaW1hZ2UucmFrdXRlbi5jby5qcC9yYWt1dGVuMjQvY2FiaW5ldC9pdGVtNDUvYXN1cmFrdTA3MTEuanBnIiB3aWR0aD0iNzMwIiBoZWlnaHQ9IjUwIiBib3JkZXI9IjAiPgo8L2Rpdj4KLS0+CjwhLS0gL6SipLmYU05HIC0tPgoKCgo8IS0tILvY31svIC0tPgo8IS0tIAoKIC0tPgo8IS0tIC+72N9bIC0tPgoKCgo8IS0tIDLB0LHtyr7Tw6XQpcqpYKWopeqloj4KPCEtLQo8dHI+Cjx0ZCB3aWR0aD0iMzY1Ij48aW1nIHNyYz0iaHR0cDovL3d3dy5yYWt1dGVuLm5lLmpwL2dvbGQvcmFrdXRlbjI0L2l0ZW0vaW1hZ2VzL2l0ZW1wYWdlX2Jucl8wMS5qcGciIHdpZHRoPSIzNjAiIGhlaWdodD0iNjAiIGJvcmRlcj0iMCIgYWx0PSIiPjwvdGQ+Cjx0ZCB3aWR0aD0iMzY1Ij48aW1nIHNyYz0iaHR0cDovL3d3dy5yYWt1dGVuLm5lLmpwL2dvbGQvcmFrdXRlbjI0L2l0ZW0vaW1hZ2VzL2l0ZW1wYWdlX2Jucl8wMi5naWYiIHdpZHRoPSIzNjAiIGhlaWdodD0iNjAiIGJvcmRlcj0iMCIgYWx0PSIiPjwvdGQ+CjwvdHI+Ci0tPiAKCjwhLS0g2UmkpM7vpKuktKXcpb+l8y8gLS0+CjxzdHlsZT4KLyogvsml3KW/pfMKI3Jha3V0ZW5MaW1pdGVkSWRfYXJvdW5kQ2FydCBpbnB1dCB7CiAgd2lkdGg6IDE2MHB4OwogIGhlaWdodDogNDBweDsKIGJhY2tncm91bmQ6dXJsKGh0dHA6Ly9pbWFnZS5yYWt1dGVuLmNvLmpwL3Jha3V0ZW4yNC9jYWJpbmV0L3Rlc3QvY2FydF9ibGFjay5naWYpICNmY2ZjZmMgbm8tcmVwZWF0OwogIG92ZXJmbG93OiBoaWRkZW47CiAgYm9yZGVyLXdpZHRoOiAwcHg7CiAgdGV4dC1pbmRlbnQ6IDE1MCU7CiAgY3Vyc29yOiBwb2ludGVyICFpbXBvcnRhbnQ7CiAgd2hpdGUtc3BhY2U6IG5vd3JhcDsKICBtYXJnaW46IDEwcHggMCAwIDA7Cn0KKi8KCi8qIL7JMgojcmFrdXRlbkxpbWl0ZWRJZF9hcm91bmRDYXJ0IGlucHV0IHsKICB3aWR0aDogMTgwcHg7CiAgaGVpZ2h0OiA0MHB4OwogYmFja2dyb3VuZDp1cmwoaHR0cDovL2ltYWdlLnJha3V0ZW4uY28uanAvcmFrdXRlbjI0L2NhYmluZXQvbGF5b3V0L2J0bl9jYXJ0X2JsYWNrLmdpZikgI2ZjZmNmYyBuby1yZXBlYXQ7CiAgb3ZlcmZsb3c6IGhpZGRlbjsKICBib3JkZXItd2lkdGg6IDBweDsKICB0ZXh0LWluZGVudDogMTUwJTsKICBjdXJzb3I6IHBvaW50ZXIgIWltcG9ydGFudDsKICB3aGl0ZS1zcGFjZTogbm93cmFwOwogIG1hcmdpbjogMTBweCAwIDAgMDsKfQoqLwoKLyog0+i8c6SrpLSMnY/qpMels6XhpfOlyKWipaalyAojcmFrdXRlbkxpbWl0ZWRJZF9hcm91bmRDYXJ0IGlucHV0IHsKICB3aWR0aDogMTgwcHg7CiAgaGVpZ2h0OiA0MHB4OwogYmFja2dyb3VuZDp1cmwoImh0dHA6Ly9pbWFnZS5yYWt1dGVuLmNvLmpwL3Jha3V0ZW4yNC9jYWJpbmV0L2xheW91dC9idG5fY2FydF9ibGFjay5naWYiKSAjZmNmY2ZjIG5vLXJlcGVhdDsKICBvdmVyZmxvdzogaGlkZGVuOwogIGJvcmRlci13aWR0aDogMHB4OwogIHRleHQtaW5kZW50OiAxNTAlOwogIGN1cnNvcjogcG9pbnRlciAhaW1wb3J0YW50OwogIHdoaXRlLXNwYWNlOiBub3dyYXA7CiAgbWFyZ2luOiAxMHB4IDAgMCAwOwp9CiovCiNyYWt1dGVuTGltaXRlZElkX2Fyb3VuZENhcnQgaW5wdXQuckNhcnRCdG46aG92ZXIsCmRpdi5zaG9wQm9va21hcmtBcmVhIGRpdi5zaG9wQmttIGEuYWRkU2hvcEJrbSBzcGFuLnNob3BCa21TdGFyOmhvdmVyLApkaXYuYm9va21hcmtBcmVhIGRpdi5ia20gYS5hZGRCa20gc3Bhbi5ia21TdGFyOmhvdmVyIHsKICBvcGFjaXR5OiAwLjg7CiAgZmlsdGVyOiBhbHBoYShvcGFjaXR5PTgwKTsKfQoKI3Jha3V0ZW5MaW1pdGVkSWRfYXJvdW5kQ2FydCAjc2VydmljZVRhYmxlU21sewovKgogIG1hcmdpbi1sZWZ0OiA5MnB4ICFpbXBvcnRhbnQ7CiovCn0KCiNyYWt1dGVuTGltaXRlZElkX2Fyb3VuZENhcnQgI3NlcnZpY2VUYWJsZVNtbCB0ZC5mYXZvcml0ZXsKd2lkdGg6IDI3MHB4ICFpbXBvcnRhbnQ7Cn0KCgoKI3Jha3V0ZW5MaW1pdGVkSWRfYXJvdW5kQ2FydCBkaXYuc2hvcEJrbXsKd2lkdGg6IDEyMHB4Owp9CgpkaXYuc2hvcEJvb2ttYXJrQXJlYSBkaXYuc2hvcEJrbSBhLmFkZFNob3BCa217CndpZHRoOiAxMjBweCAhaW1wb3J0YW50OwpoZWlnaHQ6IDI2cHggIWltcG9ydGFudDsKfQoKZGl2LnNob3BCb29rbWFya0FyZWEgZGl2LnNob3BCa20gYS5hZGRTaG9wQmttIHNwYW4uc2hvcEJrbVN0YXJ7CndpZHRoOiAxMjBweCAhaW1wb3J0YW50OwpoZWlnaHQ6IDI2cHggIWltcG9ydGFudDsKYmFja2dyb3VuZDogdXJsKGh0dHA6Ly9pbWFnZS5yYWt1dGVuLmNvLmpwL3Jha3V0ZW4yNC9jYWJpbmV0L2xheW91dC9idG5fZmF2b3JpdGVfc2hvcC5naWYpIG5vLXJlcGVhdCAwIDAgIWltcG9ydGFudDsKfQoKCgojcmFrdXRlbkxpbWl0ZWRJZF9hcm91bmRDYXJ0IGRpdi5ia217CndpZHRoOiAxMjBweDsKfQoKZGl2LmJvb2ttYXJrQXJlYSBkaXYuYmttIGEuYWRkQmttewp3aWR0aDogMTIwcHggIWltcG9ydGFudDsKaGVpZ2h0OiAyNnB4ICFpbXBvcnRhbnQ7Cn0KCmRpdi5ib29rbWFya0FyZWEgZGl2LmJrbSBhLmFkZEJrbSBzcGFuLmJrbVN0YXJ7CndpZHRoOiAxMjBweCAhaW1wb3J0YW50OwpoZWlnaHQ6IDI2cHggIWltcG9ydGFudDsKYmFja2dyb3VuZDogdXJsKGh0dHA6Ly9pbWFnZS5yYWt1dGVuLmNvLmpwL3Jha3V0ZW4yNC9jYWJpbmV0L2xheW91dC9idG5fZmF2b3JpdGVfaXRlbS5naWYpIG5vLXJlcGVhdCAwIDAgIWltcG9ydGFudDsKfQoKLndlZWtseUJucnsKd2lkdGg6IDcwMHB4OwpoZWlnaHQ6IDIzMXB4Owpwb3NpdGlvbjogcmVsYXRpdmU7CmJhY2tncm91bmQ6IHVybCgiaHR0cDovL3d3dy5yYWt1dGVuLm5lLmpwL2dvbGQvcmFrdXRlbjI0L2ltZy9yYW5rMS9iZ19yYW5rYm5yLmpwZyIpIGxlZnQgdG9wIG5vLXJlcGVhdDsKfQoKLndlZWtseUJuciBpbWd7CndpZHRoOiA2NjJweDsKcG9zaXRpb246IGFic29sdXRlOwpib3R0b206IDMwcHg7CmxlZnQ6IDIwcHg7CnotaW5kZXg6IDEwOwp9Cgoud2Vla2x5Qm5yOmFmdGVyewpjb250ZW50OiB1cmwoImh0dHA6Ly93d3cucmFrdXRlbi5uZS5qcC9nb2xkL3Jha3V0ZW4yNC9pbWcvcmFuazEvd3JhcF9yYW5rYm5yLnBuZyIpOwpwb3NpdGlvbjogYWJzb2x1dGU7CnRvcDogMDsKbGVmdDogMDsKei1pbmRleDogMTAwOwp9CgoucmV2aWV3Qm5yIHsKICAgIHdpZHRoOiA3MDBweDsKICAgIGhlaWdodDogMTAwcHg7CiAgICBiYWNrZ3JvdW5kOiB1cmwoImh0dHA6Ly9pbWFnZS5yYWt1dGVuLmNvLmpwL3Jha3V0ZW4yNC9jYWJpbmV0L2NhbXBhaWduL3Jldmlldy9iZ19yZXZpZXdibnIuanBnIikgbGVmdCB0b3Agbm8tcmVwZWF0OwogICAgcG9zaXRpb246IHJlbGF0aXZlOwogICAgZm9udC1zaXplOiAxNnB4Owp9CgoucmV2aWV3Qm5yIGRpdiB7CiAgICBwYWRkaW5nOiAxMHB4OwogICAgYmFja2dyb3VuZDogI2ZmZjsKICAgIHBvc2l0aW9uOiBhYnNvbHV0ZTsKICAgIHRvcDogMTFweDsKICAgIGxlZnQ6IDE4MHB4OwogICAgbGluZS1oZWlnaHQ6IDEyMCU7CiAgICBib3JkZXItcmFkaXVzOiA1cHg7Cn0KCi5yZXZpZXdCbnIgc3BhbiB7CiAgICBjb2xvcjogI2ZmMDAwMDsKfQoKLnJldmlld0JuciBzdHJvbmcgewogICAgZm9udC1zaXplOiAxOHB4Owp9CgouYm5yX2VhZ2xlc3sKICAgIHdpZHRoOiA3MDBweDsKICAgIGRpc3BsYXk6IGJsb2NrOwogICAgYmFja2dyb3VuZC1jb2xvcjogIzkyMDQxZTsKICAgIHRleHQtYWxpZ246IGNlbnRlcjsKfQoKCgpodG1sLGJvZHkgewpmb250LWZhbWlseTogQ2VudHVyeSBHb3RoaWMsIEFyaWFsOwp9CgpzcGFuLmNhdGVnb3J5X2l0ZW10YXhwb3N0YWdlIHtmb250LXNpemU6MTBweDt9CnNwYW4uY2F0ZWdvcnlfaXRlbXByaWNlIHtjb2xvcjojYmYwMDAwO2ZvbnQtc2l6ZToyNHB4O2ZvbnQtd2VpZ2h0OmJvbGQ7IGRpc3BsYXk6YmxvY2s7fQpzcGFuLnByaWNlMiB7IGZvbnQtc2l6ZToyMjAlICFpbXBvcnRhbnQ7Zm9udC13ZWlnaHQ6Ym9sZDt9CnRhYmxle3otaW5kZXg6MDt9IApzcGFuLmNhdGVnb3J5X2l0ZW1wcmljZTpiZWZvcmV7Lypjb250ZW50OiJQUklDRSAiOyovZm9udC1zaXplOjEwcHg7fQo8L3N0eWxlPgoKPCEtLSCks6SzpN6kxyAtLT4KCgo8L3RhYmxlPg==,dmVnZXZlZ2Wl0KW5pb2l66XIIKXppaSl4CZhbXA7pa2lpqWkpM7P46TqIDcwZyZ0aW1lczsysPzI66TqKDK72LfWKaG+mFPM7DI0ob9bpdCluaW9peulyF2juphTzOwyNA==,mFPM7DI0pa+l6qW5pb+l66WspaSltqlgpd+lzaXppeulpqWpqWClv6lgpeqloqXDpdel6qWipcOl13g1pcClpqXLqWCls6XzpcmpYKXgpdql6qWopbWpYKXipbmls6Xzpcil7KXDpa+lucjVn4aksda5pOGls6Wzpcqlw6XEpaqlpKXrpKiktKTepLOk4dPNpbWl86XapeylsKXqpc7JyO9MmUOlr6Xqpbmlv6XrpaylpKW2qWAgNTAwbWwgNDixvr52pM7Ep8WuuMq+xnZlZ2V2ZWdlpdCluaW9peulyCCl6aWkpeAmYW1wO6WtpaalpKTOz+Ok6iA3MGcmdGltZXM7MrD8yOuk6igyu9i31imhvphTzOwyNKG/W6XQpbmlvaXrpchd,y7CSaTE4ODCD0tLUyc/LzcHPn2/Bz6GjdmVnZXZlZ2Wl0KW5pb2l66XIIKXppaSl4CZhbXA7pa2lpqWkpM7P46TqIDcwZyZ0aW1lczsysPzI66TqKDK72LfWKaG+mFPM7DI0ob9bpdCluaW9peulyF0=[rn]
31-51734,aHR0cDovL3RzaG9wLnIxMHMuanAvcmFrdXRlbjI0L2NhYmluZXQvZTQ5MjIvZTQ5MjIyNmhfbC5qcGc/Zml0aW49NzAwOjcwMA==,Mjg1MS4yMDAw,,pdqlw6XIP6XapcOlyKWwpcOluiA+IKXapcOlyNPDpKrK1sjrpOzTw8a3ID4gpdCludPDxrcgPiDI69ShhIg=,pd2pYKXJpdqlt6WnIKXQpbml0aWmpcCpYCCl7algpbogMzUwZyjI69ShhIggpdCluaW9peulyCmhvphTzOwyNKG/W6XdqWClyaXapbelpyDI69ShhIggpbmlraXzpbGlol0=,pd2pYKXJpdqlt6WnL8vNwc+fb8HP,PGEgaHJlZj0iaHR0cDovL3d3dy5yYWt1dGVuLm5lLmpwL2dvbGQvcmFrdXRlbjI0L2NhbXBhaWduL3Jldmlldy8/cy1pZD1yMjRfcmV2aWV3X2ZpcnN0MDEiIHRhcmdldD0iX2JsYW5rIj48aW1nIHNyYz0iaHR0cDovL2ltYWdlLnJha3V0ZW4uY28uanAvcmFrdXRlbjI0L2NhYmluZXQvY2FtcGFpZ24vcmV2aWV3LzFiYW5fcmV2aWV3LmpwZyIgd2lkdGg9IjcwMCIgaGVpZ2h0PSIxMDAiIGJvcmRlcj0iMCIgLz48L2E+PGJyPqH5P6XspdOl5algzba45ZVypMult6XnpcOl16TY16LOxLesusWk8taqpOmku6TroaOkzqXBpaelw6WvpPLI66TspMakr6TApLWkpKGjPGJyPj/h4cjVpeGpYKXrpMukxqWvqWCl3aXzVVJMpPKkqsvNpOqkt6TepLmhozxhIGhyZWY9Imh0dHBzOi8vb3JkZXIubXkucmFrdXRlbi5jby5qcC8/cy1pZD1yMjRfcmV2aWV3X2ZpcnN0MDIiPqH2ofWl7KXTpeWpYKTylfikr6H1ofY8L2E+PGJyPj/L+6TOt72krM/IpMvNtrjlpLekv4j2us+hoqWvqWCl3aXz302zyoydz/PN4qTIpMqk6qTepLmkzqTHpLTXotLipK+kwKS1pKSho6XspdOl5algzba45aTPz8Kyv6TL05vdZKS3pMakpKTepLmhozxicj4/peyl06XlqWDNtrjlpKuk6be007Ok3qTHlXKy7qSspKKk66S/pOGhosnMxre7rcPmyc+kzqXspdOl5algvP7K/aTIjGfrSKTOzba45bz+yv2krK6QpMqk64j2us+krKSipOqk3qS5pM6kx9PopOGktMHLs9Ckr6TApLWkpKGjPGJyPjxicj48YnI+PHNtYWxsPqH5pdGlw6WxqWCluKXHpbalpKXztcikz9PouOakyqSvieS4/KS1pOyk66SzpMikrKSipOqk3qS5oaM8L3NtYWxsPjxicj48YnI+PHRhYmxlPjx0cj48dGQgd2lkdGg9IjEwMCUiPjxwIGNsYXNzPSJwZGVzYyI+PGRpdiBjbGFzcz0icGRlc2N0aXRsZSI+yczGt9Vow/c8L2Rpdj48ZGl2IGNsYXNzPSJwZGVzY2hvbmJ1biI+obil3algpcml2qW3pacgpdCluaXRpaalwKlgIKXtqWCluiAzNTBnKMjr1KGEiCCl0KW5pb2l66XIKaG5pM+hoszsyLul36XNpeml6z/Wss7vpailraW5xeS6z8jr1KGEiKTHpLmho6TepOukx8PAyN3SuqTOpOikpqTKpMik7aTfpM6koqTrpKqcq6Gjpd+lzaXppeuk8qTPpLik4aTIpLmk68+0m7ezybfWpKzGpMR3pMu4ttfFpLekv5tBpOyk8tfUyLuky6SqpMikt6TepLmho6TkpLWkt6Skz+Ok6qGjPC9kaXY+PGRpdiBjbGFzcz0icGRlc2N0aXRsZSI+yrnTw7e9t6g8L2Rpdj48ZGl2IGNsYXNzPSJwZGVzY2hvbmJ1biI+ofHUobLbpM6kqpyrKLxzMjAwTCmky7i2yvSkzqW5pdepYKXzMi0zsa231qTOsb7Gt6TyyOuk7KGipOikr6SrpK2k3qS8pMbI3KSrpLehosjr1KGkt6TGpK+kwKS1pKShozxicj6h8aTMpOuk4aTOpKqcqygzOLbILTQztsgppMek5qTDpK+k6sjr1KGkt6TGpK+kwKS1pKShozwvZGl2PjxkaXYgY2xhc3M9InBkZXNjdGl0bGUiPqS016LS4jwvZGl2PjxkaXYgY2xhc3M9InBkZXNjaG9uYnVuIj66o8uupKuk1qTspOTOwsiqpKuk1qTspM7M5dl8pM63vaTkpKq8oaTLrpCzo6TOpKKk66TIpK2kz6GipLTKudPDpPLW0Na5pLekxqSvpMCktaSkoaM8L2Rpdj48ZGl2IGNsYXNzPSJwZGVzY3RpdGxlIj6zybfWPC9kaXY+PGRpdiBjbGFzcz0icGRlc2Nob25idW4iPqXfpc2l6aXriWOhoqWzpbOlyqXEpdGlpqXAqWChoqWipe2lqKXZpemlqKWtpbktNKGipeyl4qXzpailraW5oaKl5KW3082hoqXspeKl87n7xqTTzaGiy66hoqXOpdCl6aWopa2luaGipdalyaWmt07X09PNoaLUwtKKst3TzaGipa2l56Wmpcul89PNoaKl26XbpdDTzaGipd6lxLdO19PTzaGiz+PBzzwvZGl2PjxkaXYgY2xhc3M9InBkZXNjdGl0bGUiPtStrmK5+jwvZGl2PjxkaXYgY2xhc3M9InBkZXNjaG9uYnVuIj7I1bG+PC9kaXY+PGRpdiBjbGFzcz0icGRlc2N0aXRsZSI+pKqGlqSkus+k76S7z8g8L2Rpdj48ZGl2IGNsYXNzPSJwZGVzY2hvbmJ1biI+1urKvbvhyedLR1AgSkFQQU48YnI+VEVMo7owMTIwLTM4MC0zMzg8L2Rpdj48L3A+PC90ZD48L3RyPjwvdGFibGU+PGJyPqXWpeml86XJo7ql3algpcml2qW3pac8YnI+mFPM7DI0o77I1dPDxrejvsjr1KGEiD/OwtShxvejvsjr1KGEiKO+yOvUoYSIIKW5pa2l86WxpaKjvqXdqWClyaXapbelpyCl0KW5pdGlpqXAqWAgpe2pYKW6IDM1MGcoyOvUoYSIIKXQpbmlvaXrpcgpPGJyPrBridPUqqO6S0dQpbil46XRpfM8YnI+1K2uYrn6IMjVsb48YnI+xNrI3cG/o7ozNTBnPGJyPjxicj48YnI+PGJyPkpBTqWzqWClyaO6oaE0NTYyMjc1NjMxMDgzPGJyPjxicj48dGFibGUgd2lkdGg9IjEwMCUiIGJvcmRlcj0wIGNlbGxzcGFjaW5nPTAgY2VsbHBhZGRpbmc9NT48dHI+PHRkPjwvdGQ+PHRyPjx0ZD48L3RkPjwvdHI+PC90YWJsZT48YnI+PGJyPjxicj6O2rjmzsTYn6O6pbGl86WzqWCls6Xg1urKvbvhyec8YnI+VEVMOjA1MC01NTc3LTUwNDM8YnI+PGJyPlul3algpcml2qW3paddPGJyPsjr1KGEiD/OwtShxvcvyOvUoYSIL8jr1KGEiCCluaWtpfOlsaWiPGJyPsf4t9Y6W7uvu5LGt108YnI+PCEtLSBpZDogP3MtaWQ9cjI0X2loYm5yXzAxLyA/cy1pZD1yMjRfaWhibnJfMDIgLS0+Cjx0YWJsZSB3aWR0aD0iNzMwIiBjZWxscGFkZGluZz0iMCIgY2VsbHNwYWNpbmc9IjAiIGJvcmRlcj0iMCI+Cgo8IS0tMTCjpU9GRqWvqWCl3aXzLyAtLT4KCjxkaXYgc3R5bGU9Im1hcmdpbi1ib3R0b206MTBweDsiPgoKPGltZyBzcmM9IgpodHRwczovL2ltYWdlLnJha3V0ZW4uY28uanAvcmFrdXRlbjI0L2NhYmluZXQvY291cG9uL2Jucl8xMDBfNzAwXzYwLmpwZyIgYWx0PSKz9aThpMakzre9z962qDEwMIPST0ZGpa+pYKXdpfOjoSIgd2lkdGg9IjcwMCIgaGVpZ2h0PSI2MCIgYm9yZGVyPSIwIj4KPC9kaXY+Cgo8ZGl2IHN0eWxlPSJtYXJnaW4tYm90dG9tOjEwcHg7Ij4KCjxpbWcgc3JjPSJodHRwczovL2ltYWdlLnJha3V0ZW4uY28uanAvcmFrdXRlbjI0L2NhYmluZXQvY291cG9uL2Jucl83MDBfNjBfNTAwMC5qcGciIGFsdD0iNSwwMDCD0tLUyc/Zj8jrMTAlT0ZGo6EiIHdpZHRoPSI3MDAiIGhlaWdodD0iNjAiIGJvcmRlcj0iMCI+CjwvZGl2PgoKPCEtLWRpdiBzdHlsZT0ibWFyZ2luLWJvdHRvbToxMHB4OyI+Cgo8aW1nIHNyYz0iaHR0cDovL2ltYWdlLnJha3V0ZW4uY28uanAvcmFrdXRlbjI0L2NhYmluZXQvY291cG9uL2Jucl83MDBfNjBfMTAwMDAuanBnIiBhbHQ9IjEwLDAwMIPS0tTJz9mPyOukxzE1JU9GRqOhIiB3aWR0aD0iNzAwIiBoZWlnaHQ9IjYwIiBib3JkZXI9IjAiPgo8L2Rpdi0tPgoKPCEtLWRpdiBzdHlsZT0ibWFyZ2luLWJvdHRvbToxMHB4OyI+Cgo8aW1nIHNyYz0iaHR0cDovL2ltYWdlLnJha3V0ZW4uY28uanAvcmFrdXRlbjI0L2NhYmluZXQvY2FtcGFpZ24vYXN1cmFrdS9ibnJfNzAwXzYwLmpwZyIgYWx0PSKkoqS5mFPJzMa3pd2lpKXzpcgzsbajoSIgd2lkdGg9IjcwMCIgaGVpZ2h0PSI2MCIgYm9yZGVyPSIwIj4KPC9kaXYtLT4KCjxkaXYgc3R5bGU9Im1hcmdpbi1ib3R0b206MTBweDsiPgoKPGltZyBzcmM9Imh0dHBzOi8vaW1hZ2UucmFrdXRlbi5jby5qcC9yYWt1dGVuMjQvY2FiaW5ldC9zcGVjaWFsL2ZhdGhlcl80Njh4NjAuanBnIiBhbHQ9IqXdpaSl86XIM7G2o6EiIHdpZHRoPSI0NjgiIGhlaWdodD0iNjAiIGJvcmRlcj0iMCI+CjwvZGl2PgoKCjxkaXYgc3R5bGU9Im1hcmdpbi1ib3R0b206MTBweDsiPgoKPGltZyBzcmM9Imh0dHBzOi8vaW1hZ2UucmFrdXRlbi5jby5qcC9yYWt1dGVuMjQvY2FiaW5ldC9zcGVjaWFsLzIwMTZfZWNhbXBhaWduLmpwZyIgYWx0PSKlpKlgpbCl66W5hNnA+9ObxO6l3aWkpfOlyDKxtqOhIiB3aWR0aD0iNDY4IiBoZWlnaHQ9IjYwIiBib3JkZXI9IjAiPgo8L2Rpdj4KCgo8IS0tIC8xMKOlT0ZGpa+pYKXdpfMgLS0+Cgo8IS0tIKSqpLmkuaThyczGtyAtLT4Kpcal7KXTvUK96aO6CqXIpd6lyKW4peWpYKW5IC8Kpd6lq6XHpd+loqXKpcOlxKWqpaSl6yAvCiDrioTTpdal7KXDpcmlq6XDpb+pYCAvCiCl66WkpdyluaXGpaOpYCAvCqTqpPOktPWhIC8KPCEtLSAvpKqkuaS5pOHJzMa3IC0tPgoKCgo8IS0tIJhTzOwyNKSrpOmkzqXhpcOlu6lgpbgvIC0tPgo8YnI+PGJyPgoKCjwhLS0gL5hTzOwyNKSrpOmkzqXhpcOlu6lgpbggLS0+Cgo8IS0tIKSipLmYU05HLyAtLT4KPCEtLaGhPGltZyBzcmM9Imh0dHA6Ly9pbWFnZS5yYWt1dGVuLmNvLmpwL3Jha3V0ZW4yNC9jYWJpbmV0L2l0ZW00Ni9hc3VyYWt1MDcwNC5qcGciIHdpZHRoPSI3MzAiIGhlaWdodD0iMTMwIiBib3JkZXI9IjAiPgoKPGRpdiBzdHlsZT0ibWFyZ2luLWJvdHRvbTo1cHg7Ij4KPGltZyBzcmM9Imh0dHA6Ly9pbWFnZS5yYWt1dGVuLmNvLmpwL3Jha3V0ZW4yNC9jYWJpbmV0L2l0ZW00NS9hc3VyYWt1MDcxMS5qcGciIHdpZHRoPSI3MzAiIGhlaWdodD0iNTAiIGJvcmRlcj0iMCI+CjwvZGl2PgotLT4KPCEtLSAvpKKkuZhTTkcgLS0+CgoKCjwhLS0gu9jfWy8gLS0+CjwhLS0gCgogLS0+CjwhLS0gL7vY31sgLS0+CgoKCjwhLS0gMsHQse3KvtPDpdClyqlgpail6qWiPgo8IS0tCjx0cj4KPHRkIHdpZHRoPSIzNjUiPjxpbWcgc3JjPSJodHRwOi8vd3d3LnJha3V0ZW4ubmUuanAvZ29sZC9yYWt1dGVuMjQvaXRlbS9pbWFnZXMvaXRlbXBhZ2VfYm5yXzAxLmpwZyIgd2lkdGg9IjM2MCIgaGVpZ2h0PSI2MCIgYm9yZGVyPSIwIiBhbHQ9IiI+PC90ZD4KPHRkIHdpZHRoPSIzNjUiPjxpbWcgc3JjPSJodHRwOi8vd3d3LnJha3V0ZW4ubmUuanAvZ29sZC9yYWt1dGVuMjQvaXRlbS9pbWFnZXMvaXRlbXBhZ2VfYm5yXzAyLmdpZiIgd2lkdGg9IjM2MCIgaGVpZ2h0PSI2MCIgYm9yZGVyPSIwIiBhbHQ9IiI+PC90ZD4KPC90cj4KLS0+IAoKPCEtLSDZSaSkzu+kq6S0pdylv6XzLyAtLT4KPHN0eWxlPgovKiC+yaXcpb+l8wojcmFrdXRlbkxpbWl0ZWRJZF9hcm91bmRDYXJ0IGlucHV0IHsKICB3aWR0aDogMTYwcHg7CiAgaGVpZ2h0OiA0MHB4OwogYmFja2dyb3VuZDp1cmwoaHR0cDovL2ltYWdlLnJha3V0ZW4uY28uanAvcmFrdXRlbjI0L2NhYmluZXQvdGVzdC9jYXJ0X2JsYWNrLmdpZikgI2ZjZmNmYyBuby1yZXBlYXQ7CiAgb3ZlcmZsb3c6IGhpZGRlbjsKICBib3JkZXItd2lkdGg6IDBweDsKICB0ZXh0LWluZGVudDogMTUwJTsKICBjdXJzb3I6IHBvaW50ZXIgIWltcG9ydGFudDsKICB3aGl0ZS1zcGFjZTogbm93cmFwOwogIG1hcmdpbjogMTBweCAwIDAgMDsKfQoqLwoKLyogvskyCiNyYWt1dGVuTGltaXRlZElkX2Fyb3VuZENhcnQgaW5wdXQgewogIHdpZHRoOiAxODBweDsKICBoZWlnaHQ6IDQwcHg7CiBiYWNrZ3JvdW5kOnVybChodHRwOi8vaW1hZ2UucmFrdXRlbi5jby5qcC9yYWt1dGVuMjQvY2FiaW5ldC9sYXlvdXQvYnRuX2NhcnRfYmxhY2suZ2lmKSAjZmNmY2ZjIG5vLXJlcGVhdDsKICBvdmVyZmxvdzogaGlkZGVuOwogIGJvcmRlci13aWR0aDogMHB4OwogIHRleHQtaW5kZW50OiAxNTAlOwogIGN1cnNvcjogcG9pbnRlciAhaW1wb3J0YW50OwogIHdoaXRlLXNwYWNlOiBub3dyYXA7CiAgbWFyZ2luOiAxMHB4IDAgMCAwOwp9CiovCgovKiDT6LxzpKuktIydj+qkx6WzpeGl86XIpaKlpqXICiNyYWt1dGVuTGltaXRlZElkX2Fyb3VuZENhcnQgaW5wdXQgewogIHdpZHRoOiAxODBweDsKICBoZWlnaHQ6IDQwcHg7CiBiYWNrZ3JvdW5kOnVybCgiaHR0cDovL2ltYWdlLnJha3V0ZW4uY28uanAvcmFrdXRlbjI0L2NhYmluZXQvbGF5b3V0L2J0bl9jYXJ0X2JsYWNrLmdpZiIpICNmY2ZjZmMgbm8tcmVwZWF0OwogIG92ZXJmbG93OiBoaWRkZW47CiAgYm9yZGVyLXdpZHRoOiAwcHg7CiAgdGV4dC1pbmRlbnQ6IDE1MCU7CiAgY3Vyc29yOiBwb2ludGVyICFpbXBvcnRhbnQ7CiAgd2hpdGUtc3BhY2U6IG5vd3JhcDsKICBtYXJnaW46IDEwcHggMCAwIDA7Cn0KKi8KI3Jha3V0ZW5MaW1pdGVkSWRfYXJvdW5kQ2FydCBpbnB1dC5yQ2FydEJ0bjpob3ZlciwKZGl2LnNob3BCb29rbWFya0FyZWEgZGl2LnNob3BCa20gYS5hZGRTaG9wQmttIHNwYW4uc2hvcEJrbVN0YXI6aG92ZXIsCmRpdi5ib29rbWFya0FyZWEgZGl2LmJrbSBhLmFkZEJrbSBzcGFuLmJrbVN0YXI6aG92ZXIgewogIG9wYWNpdHk6IDAuODsKICBmaWx0ZXI6IGFscGhhKG9wYWNpdHk9ODApOwp9CgojcmFrdXRlbkxpbWl0ZWRJZF9hcm91bmRDYXJ0ICNzZXJ2aWNlVGFibGVTbWx7Ci8qCiAgbWFyZ2luLWxlZnQ6IDkycHggIWltcG9ydGFudDsKKi8KfQoKI3Jha3V0ZW5MaW1pdGVkSWRfYXJvdW5kQ2FydCAjc2VydmljZVRhYmxlU21sIHRkLmZhdm9yaXRlewp3aWR0aDogMjcwcHggIWltcG9ydGFudDsKfQoKCgojcmFrdXRlbkxpbWl0ZWRJZF9hcm91bmRDYXJ0IGRpdi5zaG9wQmttewp3aWR0aDogMTIwcHg7Cn0KCmRpdi5zaG9wQm9va21hcmtBcmVhIGRpdi5zaG9wQmttIGEuYWRkU2hvcEJrbXsKd2lkdGg6IDEyMHB4ICFpbXBvcnRhbnQ7CmhlaWdodDogMjZweCAhaW1wb3J0YW50Owp9CgpkaXYuc2hvcEJvb2ttYXJrQXJlYSBkaXYuc2hvcEJrbSBhLmFkZFNob3BCa20gc3Bhbi5zaG9wQmttU3RhcnsKd2lkdGg6IDEyMHB4ICFpbXBvcnRhbnQ7CmhlaWdodDogMjZweCAhaW1wb3J0YW50OwpiYWNrZ3JvdW5kOiB1cmwoaHR0cDovL2ltYWdlLnJha3V0ZW4uY28uanAvcmFrdXRlbjI0L2NhYmluZXQvbGF5b3V0L2J0bl9mYXZvcml0ZV9zaG9wLmdpZikgbm8tcmVwZWF0IDAgMCAhaW1wb3J0YW50Owp9CgoKCiNyYWt1dGVuTGltaXRlZElkX2Fyb3VuZENhcnQgZGl2LmJrbXsKd2lkdGg6IDEyMHB4Owp9CgpkaXYuYm9va21hcmtBcmVhIGRpdi5ia20gYS5hZGRCa217CndpZHRoOiAxMjBweCAhaW1wb3J0YW50OwpoZWlnaHQ6IDI2cHggIWltcG9ydGFudDsKfQoKZGl2LmJvb2ttYXJrQXJlYSBkaXYuYmttIGEuYWRkQmttIHNwYW4uYmttU3RhcnsKd2lkdGg6IDEyMHB4ICFpbXBvcnRhbnQ7CmhlaWdodDogMjZweCAhaW1wb3J0YW50OwpiYWNrZ3JvdW5kOiB1cmwoaHR0cDovL2ltYWdlLnJha3V0ZW4uY28uanAvcmFrdXRlbjI0L2NhYmluZXQvbGF5b3V0L2J0bl9mYXZvcml0ZV9pdGVtLmdpZikgbm8tcmVwZWF0IDAgMCAhaW1wb3J0YW50Owp9Cgoud2Vla2x5Qm5yewp3aWR0aDogNzAwcHg7CmhlaWdodDogMjMxcHg7CnBvc2l0aW9uOiByZWxhdGl2ZTsKYmFja2dyb3VuZDogdXJsKCJodHRwOi8vd3d3LnJha3V0ZW4ubmUuanAvZ29sZC9yYWt1dGVuMjQvaW1nL3JhbmsxL2JnX3JhbmtibnIuanBnIikgbGVmdCB0b3Agbm8tcmVwZWF0Owp9Cgoud2Vla2x5Qm5yIGltZ3sKd2lkdGg6IDY2MnB4Owpwb3NpdGlvbjogYWJzb2x1dGU7CmJvdHRvbTogMzBweDsKbGVmdDogMjBweDsKei1pbmRleDogMTA7Cn0KCi53ZWVrbHlCbnI6YWZ0ZXJ7CmNvbnRlbnQ6IHVybCgiaHR0cDovL3d3dy5yYWt1dGVuLm5lLmpwL2dvbGQvcmFrdXRlbjI0L2ltZy9yYW5rMS93cmFwX3JhbmtibnIucG5nIik7CnBvc2l0aW9uOiBhYnNvbHV0ZTsKdG9wOiAwOwpsZWZ0OiAwOwp6LWluZGV4OiAxMDA7Cn0KCi5yZXZpZXdCbnIgewogICAgd2lkdGg6IDcwMHB4OwogICAgaGVpZ2h0OiAxMDBweDsKICAgIGJhY2tncm91bmQ6IHVybCgiaHR0cDovL2ltYWdlLnJha3V0ZW4uY28uanAvcmFrdXRlbjI0L2NhYmluZXQvY2FtcGFpZ24vcmV2aWV3L2JnX3Jldmlld2Juci5qcGciKSBsZWZ0IHRvcCBuby1yZXBlYXQ7CiAgICBwb3NpdGlvbjogcmVsYXRpdmU7CiAgICBmb250LXNpemU6IDE2cHg7Cn0KCi5yZXZpZXdCbnIgZGl2IHsKICAgIHBhZGRpbmc6IDEwcHg7CiAgICBiYWNrZ3JvdW5kOiAjZmZmOwogICAgcG9zaXRpb246IGFic29sdXRlOwogICAgdG9wOiAxMXB4OwogICAgbGVmdDogMTgwcHg7CiAgICBsaW5lLWhlaWdodDogMTIwJTsKICAgIGJvcmRlci1yYWRpdXM6IDVweDsKfQoKLnJldmlld0JuciBzcGFuIHsKICAgIGNvbG9yOiAjZmYwMDAwOwp9CgoucmV2aWV3Qm5yIHN0cm9uZyB7CiAgICBmb250LXNpemU6IDE4cHg7Cn0KCi5ibnJfZWFnbGVzewogICAgd2lkdGg6IDcwMHB4OwogICAgZGlzcGxheTogYmxvY2s7CiAgICBiYWNrZ3JvdW5kLWNvbG9yOiAjOTIwNDFlOwogICAgdGV4dC1hbGlnbjogY2VudGVyOwp9CgoKCmh0bWwsYm9keSB7CmZvbnQtZmFtaWx5OiBDZW50dXJ5IEdvdGhpYywgQXJpYWw7Cn0KCnNwYW4uY2F0ZWdvcnlfaXRlbXRheHBvc3RhZ2Uge2ZvbnQtc2l6ZToxMHB4O30Kc3Bhbi5jYXRlZ29yeV9pdGVtcHJpY2Uge2NvbG9yOiNiZjAwMDA7Zm9udC1zaXplOjI0cHg7Zm9udC13ZWlnaHQ6Ym9sZDsgZGlzcGxheTpibG9jazt9CnNwYW4ucHJpY2UyIHsgZm9udC1zaXplOjIyMCUgIWltcG9ydGFudDtmb250LXdlaWdodDpib2xkO30KdGFibGV7ei1pbmRleDowO30gCnNwYW4uY2F0ZWdvcnlfaXRlbXByaWNlOmJlZm9yZXsvKmNvbnRlbnQ6IlBSSUNFICI7Ki9mb250LXNpemU6MTBweDt9Cjwvc3R5bGU+Cgo8IS0tIKSzpLOk3qTHIC0tPgoKCjwvdGFibGU+,pd2pYKXJpdqlt6WnIKXQpbml0aWmpcCpYCCl7algpbogMzUwZyjI69ShhIggpdCluaW9peulyCmhvphTzOwyNKG/W6XdqWClyaXapbelpyDI69ShhIggpbmlraXzpbGlol2juphTzOwyNA==,mFPM7DI0pa+l6qW5pb+l66WspaSltqlgpd+lzaXppeulpqWpqWClv6lgpeqloqXDpdel6qWipcOl13g1pcClpqXLqWCls6XzpcmpYKXgpdql6qWopbWpYKXipbmls6Xzpcil7KXDpa+lucjVn4aksda5pOGls6Wzpcqlw6XEpaqlpKXrpKiktKTepLOk4dPNpbWl86XapeylsKXqpc7JyO9MmUOlr6Xqpbmlv6XrpaylpKW2qWAgNTAwbWwgNDixvr52pM7Ep8WuuMq+xqXdqWClyaXapbelpyCl0KW5pdGlpqXAqWAgpe2pYKW6IDM1MGcoyOvUoYSIIKXQpbmlvaXrpcgpob6YU8zsMjShv1ul3algpcml2qW3pacgyOvUoYSIIKW5pa2l86WxpaJd,pd2pYKXJpdqlt6WnL8vNwc+fb8HPoaOl3algpcml2qW3pacgpdCluaXRpaalwKlgIKXtqWCluiAzNTBnKMjr1KGEiCCl0KW5pb2l66XIKaG+mFPM7DI0ob9bpd2pYKXJpdqlt6WnIMjr1KGEiCCluaWtpfOlsaWiXQ==[rn]
31-51735,aHR0cDovL3RzaG9wLnIxMHMuanAvcmFrdXRlbjI0L2NhYmluZXQvZTQ5MDcvZTQ5MDc3MGhfbC5qcGc/Zml0aW49NzAwOjcwMA==,MTMzNy42MDAw,,pdqlw6XIP6XapcOlyKWwpcOluiA+IKXapcOlyNPDpKrK1sjrpOzTw8a3ID4gpdCludPDxrcgPiDI69ShhIg=,pdCl1iA2pMSkzs/jpOqkqphTpLek30JPWCCkpqTrpKqkpKXXpemlucjrpOogNDjlVsjrKDa3Tu6QuPc45VYpob6YU8zsMjShv1ul0KXWILBrxd3I69ShhIgozL/L4cjr1KGEiCldob5rbzc0dGShv6G+SE9GMDehvw==,pdCl1i/LsJJpMTg4MIPS0tTJz8vNwc+fb8HP,PGRpdiBjbGFzcz0id2Vla2x5Qm5yIj48aW1nIHNyYz0iaHR0cDovL2ltYWdlLnJha3V0ZW4uY28uanAvcmFrdXRlbjI0L2NhYmluZXQvZXhwbG4vMjE1MzI3X2U0OTA3NzBoLmpwZyIgYWx0PSIiPjwvZGl2Pjxicj48YnI+PHNtYWxsPqH5pdGlw6WxqWCluKXHpbalpKXztcikz9PouOakyqSvieS4/KS1pOyk66SzpMikrKSipOqk3qS5oaM8L3NtYWxsPjxicj48YnI+PHRhYmxlPjx0cj48dGQgd2lkdGg9IjEwMCUiPjxwIGNsYXNzPSJwZGVzYyI+PGRpdiBjbGFzcz0icGRlc2N0aXRsZSI+yczGt9Vow/c8L2Rpdj48ZGl2IGNsYXNzPSJwZGVzY2hvbmJ1biI+obil0KXWIDakxKTOz+Ok6qSqmFOkt6TfQk9YIKSmpOukqqSkpdel6aW5yOuk6iA0OOVWyOsoNrdO7pC49zjlVimhuaTPoaKhuKTmpLqhuaG4ya2huaG4pbCl7KWkpbmlvKXppculpqXgobmhuKXtpaSl5KXrpault6W5pdml6qlgobmkyKGipKak66SqpKSl16XppbmhuKXbpe+lpKXIpe2pYKW6obmhuKXbpe+lpKXIpaul4qXfqWCl66G5pM42t07ukKTOz+Ok6qTypKqYU6S3pN+kpKS/pMCksaTrzL/L4aWspbmkzsth08PI69ShhIg/pdCl1qTOpbulw6XIpMekuaGjpdGl76XVpeuwa8XdpM7Mv8vhpayluaSsoaLOwtShhL+5+6TyuN+k4aTG0arQ0KTytNnfTaS5pOuwa8XdyOvUoYSIKMy/y+HI69ShhIgppMekuaGjyKvJ7aTOxqOk7D+856SzpOo/0fzNtLXIpKyk5KTvpOmkpKTHoaKcq8nPpKyk6uHhpOKl3aWrpd2lq6TIpLekxs7CpKuktaSs6Uy+QaStpLek3qS5oaOkqu9Mhc6kzqSqnKukrKTkpO+k6aSrpKukr6TKpOukqryhpMuk5KS1pLekpMjr1KGEiKTKpM6kx6Gis+CkwaTjpPOkyNK7vnekzsjr1KGky6TipLTKudPDpKSkv6TApLGk3qS5oaPSvcthsr/N4sa3oaM8YnI+pbulw6XIxNrI3Txicj6h8aTmpLqkzs/jpOqjujQwZ6HBOOVWPGJyPqHxya2kzs/jpOqjujQwZ6HBOOVWPGJyPqHxpbCl7KWkpbmlvKXppculpqXgpM7P46Tqo7o0MGehwTjlVjxicj6h8aXtpaSl5KXrpault6W5pdml6qlgpM7P46Tqo7o0MGehwTjlVjxicj6h8aXbpe+lpKXIpe2pYKW6pM7P46TqKKTLpLSk6qW/paSl1ymjujQwZ6HBOOVWPGJyPqHxpdul76Wkpcilq6Xipd+pYKXrpM7P46TqKKTLpLSk6qW/paSl1ymjujQwZ6HBOOVWPC9kaXY+PGRpdiBjbGFzcz0icGRlc2N0aXRsZSI+yrnTw7e9t6g8L2Rpdj48ZGl2IGNsYXNzPSJwZGVzY2hvbmJ1biI+1KGy26TOnKsoMTUwLTIwMEwppMuhojHlVsjcpKukt6StpMOkxqSrpOnI69ShpLekxqSvpMCktaSkoaM8YnI+ofGwa8Xd1tCkzuVWhIik8u6GpMu9/KTFpLGk66TIoaKk3qTspMuku6St3nqk4Ij2us+krKSipOqk3qS5oaM8YnI+ofHF3aSsz/ukqKS/4eGk4sy/y+GlrKW5pKycq6TLyNyksd56pPOkx6SkpOukzqTHoaKEv7n7pM/pTL5BpK2kt6TepLmhozxicj6h8cjcpKukt6TGpKuk6TKVculn0tTE2qTOyOvUoaSshL+5+7XEpMekuaGjPGJyPqHxtPyk8ulft+Kkt6S/4eGkz6S5pLCky6SqyrmkpKSvpMCktaSkoaM8YnI+ofGz4KTBpOOk86TI0ru+d6TLyOvUoaS5pOuVcqTiyrmkqKTepLmhozwvZGl2PjxkaXYgY2xhc3M9InBkZXNjdGl0bGUiPsq508PJz6TO16LS4jwvZGl2PjxkaXYgY2xhc3M9InBkZXNjaG9uYnVuIj6hvqXQpdYgpKak66SqpKSl16XppbkopMuktKTqpb+lpKXXKSDKudPDyc+kzqS016LS4qG/PGJyPqH5pdCl1iCkpqTrpKqkpKXXpemluaG4pdul76Wkpcil7algpbqkzs/jpOqhuaG4pdul76Wkpcilq6Xipd+pYKXrpM7P46Tqobmky6TPsNed4bPJt9akrMjrpMOkxqSkpN6kuaGj0tTPwqTOteOky6S016LS4qSvpMCktaSkoaM8YnI+ofGk6KSvpKukraTepLykxqSrpOnI69ShpLekxqSvpMCktaSkoaM8YnI+ofHI69ShpM7rSKGi1KGy26THpM6kuaTZpOqky6S016LS4qSvpMCktaSkoaM8YnI+ob7UobLbP71vnKvG9z+y0KTqnKuky6TEpKSkxqG/PGJyPqHxvW+cq8b3pMuk6KTDpMakz8q508Okx6StpMqkpJlDt06krKSipOukzqTHoaLVaMP3lfik8qS0tF/VSqSvpMCktaSkoaM8YnI+ofHM7Mi7pM6088Dtyq8/xL7RdaTO1KGy26TLpM+ktMq508Oky6TKpOmkyqSkpMekr6TApLWkpKGjPGJyPqHx70yFzriqpOTF5LncpM6bQaTspMuw153hs8m31qSspMSkraGi17ekpKTApK2VcqTLs/ak66SzpMikrKSipOqk3qS5oaM8YnI+ofHKudPD4eGhotGtrWi/2qTOpdWlo6Xrpb+pYKTk1KGy27XIpMuy0KTDpL+w153hs8m31qTPpOikr8+0pKTB96S3pMakr6TApLWkpKGjPGJyPqHxpKrK1sjrpOy3vbeopM+hor1vnKvG96TO1WjD95X4pMuPvqTDpMakr6TApLWkpKGjPGJyPqHxz7TlqplDpM7vTIXOy669b8uupd2l86XXpM+hoqXVpaOl66W/qWCky7DXneGzybfWpKykxKTepOuks6TIpKykoqTrpM6kx6S0yrnTw6TLpMqk6aTKpKSkx6SvpMCktaSkoaM8L2Rpdj48ZGl2IGNsYXNzPSJwZGVzY3RpdGxlIj6ktNei0uI8L2Rpdj48ZGl2IGNsYXNzPSJwZGVzY2hvbmJ1biI+ob7KudPDyc+kzqS016LS4qG/PGJyPqHxsb7Gt6TIy/ukzsjr1KGEiKTPgePTw6S3pMqkpKTHpK+kwKS1pKShozxicj6h8cjr1KHS1M3ipM7Tw82+pMvKuaTvpMqkpKTHpK+kwKS1pKShozxicj6h8dfTuamkzsrWpM697KSvy/mky9bDpKukyqSkpMekr6TApLWkpKGjPGJyPqHx1UrWqtaipM63vaTKpMmkztVgyrOk8rfApLCkv6ThoaLWw6StiPbL+aTL16LS4qS3pMakr6TApLWkpKGjPGJyPqHxuN/OwqTOy/mky9bDpKukyqSkpMekr6TApLWkpKGjPGJyPjxicj6hvsntzOWky6TEpKSkxqG/PGJyPqHxxqSl1aSipOukpKTPzOXZfKTLrpCzo6SspKKk64j2us+kz9K9jp+ky8/g1YSkt6TGpLTKudPDpK+kwKS1pKShozxicj6h8cq508PW0KTepL+kz8q508Ph4aGixqSl1aTLsGvV7qGisGuz4KGipKuk5qTfoaK0zLykuNC1yKTOrpCzo6SsrEak7KS/iPa6z6GiyrnTw6Ty1tDWuaS3oaLSvY6fpMuktM/g1YSkr6TApLWkpKGjPGJyPqHxzfLSu++LpN/eeqTzpMCVcqTPy66k8u+LpN6ku6TrtcikzoRJ1sOk8tDQpMOkxqSvpMCktaSkoaM8YnI+ob7UobLbpMukxKSkpMahvzxicj6h8dShsts/70yFzriqpPKkpKS/pOGk66WkpaqlpqTPyOukw6TGpKSk3qS7pPOhozxicj6h8czsyLukzrTzwO3Kr9Shstuky6TPyrmk76TKpKSkx6SvpMCktaSkoaM8YnI+ofHUobLbpM6bQaTspMvI69ShhIikzsmry9ikrLi218Wkt6TGyaukrKTEpK+ks6TIpOKkoqTrpM6kx6Gim0Gk7KTP1Oek4aTL1KHK0tPDz7SEiKTHwuSkyKS3pMakr6TApLWkpKGjPGJyPqHxyOvUoYSIpPLI3KSrpLekv6SqnKuk8te3pKSkwKStpLmk66TIoaKktKSvpN6k7KTLxeS53KTk70yFzriqpM6bQaTspKyz9qTGpK+k66SzpMikrKSipOqk3qS5oaM8YnI+ob6y0KTqnKuky6TEpKSkxqG/PGJyPqHxz7TlqqTOpLTXotLio7rPtOWqpMvKuaSopN6kuaSsoaKkuaS5pK6k5Mjh3JvKy8nPpLKky6TPx+XLrijLrrXAy64ppPKktMq508Okr6TApLWkpKGjpMSksdbDpK2hoqSqpO2kt6S/pMakztLCwc+k8s+05aqkuaTrlXKhoqSqpLek46Ts18XTw8+0hIikx8+05aqkuaTrlXKkz8q5pO+kyqSkpMekr6TApLWkpKGjPGJyPqHxy66k5KTqpM6ktNei0uKjup9vmUOJY6TytuCkr7qspOCkzqTHoaLWss7vpM7LrqTkpOqky6TPyrmk76TKpKSkx6SvpMCktaSkoaM8L2Rpdj48ZGl2IGNsYXNzPSJwZGVzY3RpdGxlIj6zybfWPC9kaXY+PGRpdiBjbGFzcz0icGRlc2Nob25idW4iPqG+pOakuqTOz+Ok6qG/ob7JraTOz+Ok6qG/PGJyPsy/y+HLrsvYpcqlyKXqpaal4Cqhosy/y+GlyqXIpeqlpqXgKqGizL/L4aWrpeult6WmpeAqoaKl1aXepevL4aGipdalyaWmzMeholBFRzYwMDChosvhu6+l3qWwpc2lt6WmpeChoqXHpa2luaXIpeql86GipbGlpMvhQ2GhoqW3pefMx9ast77L4aWopbmlxqXroaKlsKXqpbel86Giz+PBz6GiKCsvLSnH4DGhorvGNDxicj4qpM+huNPQhL+zybfWobmhop9vse3KvqTPobikvaTOy/ukzrPJt9ahuTxicj48YnI+ob6lsKXspaSluaW8pemly6WmpeCkzs/jpOqhv6G+pe2lpKXkpeulq6W3pbml2aXqqWCkzs/jpOqhvzxicj7Mv8vhy67L2KXKpcil6qWmpeAqoaLMv8vhpcqlyKXqpaal4CqhoqXVpd6l68vhoaJQRUc2MDAwoaKl1qXJpabMx6GizL/L4UNhoaLL4buvpd6lsKXNpbelpqXgoaKlsKXqpbel86Gipd+l6qW5pcGl88vhpaSlvaXXpe2l1KXroaKlt6XnzMfWrLe+y+GlqKW5pcal66Giz+PBz6GiKCsvLSm7xjShorPgMTA2PGJyPiqkz6G409CEv7PJt9ahuaGin2+x7cq+pM+huKS9pM7L+6TOs8m31qG5PGJyPjxicj6hvqXbpe+lpKXIpe2pYKW6pM7P46Tqob+hvqXbpe+lpKXIpaul4qXfqWCl66TOz+Ok6qG/PGJyPsy/y+HLrsvYpcqlyKXqpaal4Cqhosy/y+GlyqXIpeqlpqXgKqGipdWl3qXry+GholBFRzYwMDChosvhu69UaaGipdKloqXrpe2l88vhTmEtMqGipcil6iilq6XXpeql6z+lq6XXpeql88vhKaWwpeqlu6Xqpeuhosy/y+FDYaGiy+G7r6XepbClzaW3paal4KGipdalyaWmzMehoqW3pefMx9ast77L4aWopbmlxqXroaKlxqXIpemlqqXspaSl88vhUE9Fpb2l66XTpcOlyKGiUE9FpbmlxqWipeql66WoqWClxqXroaKl3aXqpaKlr6XqpevL4U5hoaKl3aXqpaKlr6XqpevL4aGipdml86XIpcqlpKXIoaK439bYus9QRUeholBWUKGiz+PBz6GiKCsvLSm7xjShorPgMTA2PGJyPiqkz6G409CEv7PJt9ahuaGin2+x7cq+pM+huKS9pM7L+6TOs8m31qG5PC9kaXY+PGRpdiBjbGFzcz0icGRlc2N0aXRsZSI+1K2uYrn6PC9kaXY+PGRpdiBjbGFzcz0icGRlc2Nob25idW4iPsjVsb48L2Rpdj48ZGl2IGNsYXNzPSJwZGVzY3RpdGxlIj6Ev8TcP4S/ufs8L2Rpdj48ZGl2IGNsYXNzPSJwZGVzY2hvbmJ1biI+ob6Ev8Tcob88YnI+xqOEurvYj82horznpM6ks6TqoaLR/M20oaLA5KSo1qKhosnxvVXNtKGipeqlpqXepcGhotbMoaKkoqS7pOKhoqS3pOKk5KSxoaK7xKTs0NShoqTSpNOhoqSipKukrqTsoaKkt6TDpLek86GipMukraTTPC9kaXY+PGRpdiBjbGFzcz0icGRlc2N0aXRsZSI+pKqGlqSkus+k76S7z8g8L2Rpdj48ZGl2IGNsYXNzPSJwZGVzY2hvbmJ1biI+pKqGlrrPpLvPyDxicj67qM31IM/72U3V38/g1YTK0jxicj6l1aXqqWClwKWkpeSl66O6MDEyMC0xNjUtNjk2PGJyPjmjujAwLTE3o7owMCjNwerXP8jV6tc/16PI1aTys/2kryk8YnI+PGJyPruozfXW6sq9u+HJ5zxicj6WfL6ptrzW0NHrx/jI1bG+mPLDqYj27q4xLTE0LTEwPC9kaXY+PC9wPjwvdGQ+PC90cj48L3RhYmxlPjxicj6l1qXppfOlyaO6pdCl1jxicj6YU8zsMjSjvsjV08PGt6O+yOvUoYSIP87C1KHG96O+yOvUoYSIo76wa8XdyOvUoYSIKMy/y+HI69ShhIgpo76l0KXWIDakxKTOz+Ok6qSqmFOkt6TfQk9YIKSmpOukqqSkpdel6aW5yOuk6iA0OOVWyOsoNrdO7pC49zjlVik8YnI+0XXU7NicidPUqqO6u6jN9Txicj7Ura5iufogyNWxvjxicj7E2sjdwb+jujQ45VYoNrdO7pA/uPc45VYpPGJyPjxicj48YnI+PGJyPkpBTqWzqWClyaO6oaE0OTAxMzAxMzI3NDM3PGJyPjxicj48dGFibGUgd2lkdGg9IjEwMCUiIGJvcmRlcj0wIGNlbGxzcGFjaW5nPTAgY2VsbHBhZGRpbmc9NT48dHI+PHRkPjwvdGQ+PHRyPjx0ZD48L3RkPjwvdHI+PC90YWJsZT48YnI+PGJyPjxicj6O2rjmzsTYn6O6pbGl86WzqWCls6Xg1urKvbvhyec8YnI+VEVMOjA1MC01NTc3LTUwNDM8YnI+PGJyPlul0KXWXTxicj7I69ShhIg/zsLUocb3L8jr1KGEiC+wa8XdyOvUoYSIKMy/y+HI69ShhIgpPGJyPsf4t9Y6W9K9y2Gyv83ixrddPGJyPjwhLS0gaWQ6ID9zLWlkPXIyNF9paGJucl8wMS8gP3MtaWQ9cjI0X2loYm5yXzAyIC0tPgo8dGFibGUgd2lkdGg9IjczMCIgY2VsbHBhZGRpbmc9IjAiIGNlbGxzcGFjaW5nPSIwIiBib3JkZXI9IjAiPgoKPCEtLTEwo6VPRkalr6lgpd2l8y8gLS0+Cgo8ZGl2IHN0eWxlPSJtYXJnaW4tYm90dG9tOjEwcHg7Ij4KCjxpbWcgc3JjPSIKaHR0cHM6Ly9pbWFnZS5yYWt1dGVuLmNvLmpwL3Jha3V0ZW4yNC9jYWJpbmV0L2NvdXBvbi9ibnJfMTAwXzcwMF82MC5qcGciIGFsdD0is/Wk4aTGpM63vc/etqgxMDCD0k9GRqWvqWCl3aXzo6EiIHdpZHRoPSI3MDAiIGhlaWdodD0iNjAiIGJvcmRlcj0iMCI+CjwvZGl2PgoKPGRpdiBzdHlsZT0ibWFyZ2luLWJvdHRvbToxMHB4OyI+Cgo8aW1nIHNyYz0iaHR0cHM6Ly9pbWFnZS5yYWt1dGVuLmNvLmpwL3Jha3V0ZW4yNC9jYWJpbmV0L2NvdXBvbi9ibnJfNzAwXzYwXzUwMDAuanBnIiBhbHQ9IjUsMDAwg9LS1MnP2Y/I6zEwJU9GRqOhIiB3aWR0aD0iNzAwIiBoZWlnaHQ9IjYwIiBib3JkZXI9IjAiPgo8L2Rpdj4KCjwhLS1kaXYgc3R5bGU9Im1hcmdpbi1ib3R0b206MTBweDsiPgoKPGltZyBzcmM9Imh0dHA6Ly9pbWFnZS5yYWt1dGVuLmNvLmpwL3Jha3V0ZW4yNC9jYWJpbmV0L2NvdXBvbi9ibnJfNzAwXzYwXzEwMDAwLmpwZyIgYWx0PSIxMCwwMDCD0tLUyc/Zj8jrpMcxNSVPRkajoSIgd2lkdGg9IjcwMCIgaGVpZ2h0PSI2MCIgYm9yZGVyPSIwIj4KPC9kaXYtLT4KCjwhLS1kaXYgc3R5bGU9Im1hcmdpbi1ib3R0b206MTBweDsiPgoKPGltZyBzcmM9Imh0dHA6Ly9pbWFnZS5yYWt1dGVuLmNvLmpwL3Jha3V0ZW4yNC9jYWJpbmV0L2NhbXBhaWduL2FzdXJha3UvYm5yXzcwMF82MC5qcGciIGFsdD0ipKKkuZhTyczGt6XdpaSl86XIM7G2o6EiIHdpZHRoPSI3MDAiIGhlaWdodD0iNjAiIGJvcmRlcj0iMCI+CjwvZGl2LS0+Cgo8ZGl2IHN0eWxlPSJtYXJnaW4tYm90dG9tOjEwcHg7Ij4KCjxpbWcgc3JjPSJodHRwczovL2ltYWdlLnJha3V0ZW4uY28uanAvcmFrdXRlbjI0L2NhYmluZXQvc3BlY2lhbC9mYXRoZXJfNDY4eDYwLmpwZyIgYWx0PSKl3aWkpfOlyDOxtqOhIiB3aWR0aD0iNDY4IiBoZWlnaHQ9IjYwIiBib3JkZXI9IjAiPgo8L2Rpdj4KCgo8ZGl2IHN0eWxlPSJtYXJnaW4tYm90dG9tOjEwcHg7Ij4KCjxpbWcgc3JjPSJodHRwczovL2ltYWdlLnJha3V0ZW4uY28uanAvcmFrdXRlbjI0L2NhYmluZXQvc3BlY2lhbC8yMDE2X2VjYW1wYWlnbi5qcGciIGFsdD0ipaSpYKWwpeuluYTZwPvTm8Tupd2lpKXzpcgysbajoSIgd2lkdGg9IjQ2OCIgaGVpZ2h0PSI2MCIgYm9yZGVyPSIwIj4KPC9kaXY+CgoKPCEtLSAvMTCjpU9GRqWvqWCl3aXzIC0tPgoKPCEtLSCkqqS5pLmk4cnMxrcgLS0+CqXGpeyl071CvemjugqlyKXepciluKXlqWCluSAvCqXepaulx6XfpaKlyqXDpcSlqqWkpesgLwog64qE06XWpeylw6XJpaulw6W/qWAgLwogpeulpKXcpbmlxqWjqWAgLwqk6qTzpLT1oSAvCjwhLS0gL6SqpLmkuaThyczGtyAtLT4KCgoKPCEtLSCYU8zsMjSkq6TppM6l4aXDpbupYKW4LyAtLT4KPGJyPjxicj4KCgo8IS0tIC+YU8zsMjSkq6TppM6l4aXDpbupYKW4IC0tPgoKPCEtLSCkoqS5mFNORy8gLS0+CjwhLS2hoTxpbWcgc3JjPSJodHRwOi8vaW1hZ2UucmFrdXRlbi5jby5qcC9yYWt1dGVuMjQvY2FiaW5ldC9pdGVtNDYvYXN1cmFrdTA3MDQuanBnIiB3aWR0aD0iNzMwIiBoZWlnaHQ9IjEzMCIgYm9yZGVyPSIwIj4KCjxkaXYgc3R5bGU9Im1hcmdpbi1ib3R0b206NXB4OyI+CjxpbWcgc3JjPSJodHRwOi8vaW1hZ2UucmFrdXRlbi5jby5qcC9yYWt1dGVuMjQvY2FiaW5ldC9pdGVtNDUvYXN1cmFrdTA3MTEuanBnIiB3aWR0aD0iNzMwIiBoZWlnaHQ9IjUwIiBib3JkZXI9IjAiPgo8L2Rpdj4KLS0+CjwhLS0gL6SipLmYU05HIC0tPgoKCgo8IS0tILvY31svIC0tPgo8IS0tIAoKIC0tPgo8IS0tIC+72N9bIC0tPgoKCgo8IS0tIDLB0LHtyr7Tw6XQpcqpYKWopeqloj4KPCEtLQo8dHI+Cjx0ZCB3aWR0aD0iMzY1Ij48aW1nIHNyYz0iaHR0cDovL3d3dy5yYWt1dGVuLm5lLmpwL2dvbGQvcmFrdXRlbjI0L2l0ZW0vaW1hZ2VzL2l0ZW1wYWdlX2Jucl8wMS5qcGciIHdpZHRoPSIzNjAiIGhlaWdodD0iNjAiIGJvcmRlcj0iMCIgYWx0PSIiPjwvdGQ+Cjx0ZCB3aWR0aD0iMzY1Ij48aW1nIHNyYz0iaHR0cDovL3d3dy5yYWt1dGVuLm5lLmpwL2dvbGQvcmFrdXRlbjI0L2l0ZW0vaW1hZ2VzL2l0ZW1wYWdlX2Jucl8wMi5naWYiIHdpZHRoPSIzNjAiIGhlaWdodD0iNjAiIGJvcmRlcj0iMCIgYWx0PSIiPjwvdGQ+CjwvdHI+Ci0tPiAKCjwhLS0g2UmkpM7vpKuktKXcpb+l8y8gLS0+CjxzdHlsZT4KLyogvsml3KW/pfMKI3Jha3V0ZW5MaW1pdGVkSWRfYXJvdW5kQ2FydCBpbnB1dCB7CiAgd2lkdGg6IDE2MHB4OwogIGhlaWdodDogNDBweDsKIGJhY2tncm91bmQ6dXJsKGh0dHA6Ly9pbWFnZS5yYWt1dGVuLmNvLmpwL3Jha3V0ZW4yNC9jYWJpbmV0L3Rlc3QvY2FydF9ibGFjay5naWYpICNmY2ZjZmMgbm8tcmVwZWF0OwogIG92ZXJmbG93OiBoaWRkZW47CiAgYm9yZGVyLXdpZHRoOiAwcHg7CiAgdGV4dC1pbmRlbnQ6IDE1MCU7CiAgY3Vyc29yOiBwb2ludGVyICFpbXBvcnRhbnQ7CiAgd2hpdGUtc3BhY2U6IG5vd3JhcDsKICBtYXJnaW46IDEwcHggMCAwIDA7Cn0KKi8KCi8qIL7JMgojcmFrdXRlbkxpbWl0ZWRJZF9hcm91bmRDYXJ0IGlucHV0IHsKICB3aWR0aDogMTgwcHg7CiAgaGVpZ2h0OiA0MHB4OwogYmFja2dyb3VuZDp1cmwoaHR0cDovL2ltYWdlLnJha3V0ZW4uY28uanAvcmFrdXRlbjI0L2NhYmluZXQvbGF5b3V0L2J0bl9jYXJ0X2JsYWNrLmdpZikgI2ZjZmNmYyBuby1yZXBlYXQ7CiAgb3ZlcmZsb3c6IGhpZGRlbjsKICBib3JkZXItd2lkdGg6IDBweDsKICB0ZXh0LWluZGVudDogMTUwJTsKICBjdXJzb3I6IHBvaW50ZXIgIWltcG9ydGFudDsKICB3aGl0ZS1zcGFjZTogbm93cmFwOwogIG1hcmdpbjogMTBweCAwIDAgMDsKfQoqLwoKLyog0+i8c6SrpLSMnY/qpMels6XhpfOlyKWipaalyAojcmFrdXRlbkxpbWl0ZWRJZF9hcm91bmRDYXJ0IGlucHV0IHsKICB3aWR0aDogMTgwcHg7CiAgaGVpZ2h0OiA0MHB4OwogYmFja2dyb3VuZDp1cmwoImh0dHA6Ly9pbWFnZS5yYWt1dGVuLmNvLmpwL3Jha3V0ZW4yNC9jYWJpbmV0L2xheW91dC9idG5fY2FydF9ibGFjay5naWYiKSAjZmNmY2ZjIG5vLXJlcGVhdDsKICBvdmVyZmxvdzogaGlkZGVuOwogIGJvcmRlci13aWR0aDogMHB4OwogIHRleHQtaW5kZW50OiAxNTAlOwogIGN1cnNvcjogcG9pbnRlciAhaW1wb3J0YW50OwogIHdoaXRlLXNwYWNlOiBub3dyYXA7CiAgbWFyZ2luOiAxMHB4IDAgMCAwOwp9CiovCiNyYWt1dGVuTGltaXRlZElkX2Fyb3VuZENhcnQgaW5wdXQuckNhcnRCdG46aG92ZXIsCmRpdi5zaG9wQm9va21hcmtBcmVhIGRpdi5zaG9wQmttIGEuYWRkU2hvcEJrbSBzcGFuLnNob3BCa21TdGFyOmhvdmVyLApkaXYuYm9va21hcmtBcmVhIGRpdi5ia20gYS5hZGRCa20gc3Bhbi5ia21TdGFyOmhvdmVyIHsKICBvcGFjaXR5OiAwLjg7CiAgZmlsdGVyOiBhbHBoYShvcGFjaXR5PTgwKTsKfQoKI3Jha3V0ZW5MaW1pdGVkSWRfYXJvdW5kQ2FydCAjc2VydmljZVRhYmxlU21sewovKgogIG1hcmdpbi1sZWZ0OiA5MnB4ICFpbXBvcnRhbnQ7CiovCn0KCiNyYWt1dGVuTGltaXRlZElkX2Fyb3VuZENhcnQgI3NlcnZpY2VUYWJsZVNtbCB0ZC5mYXZvcml0ZXsKd2lkdGg6IDI3MHB4ICFpbXBvcnRhbnQ7Cn0KCgoKI3Jha3V0ZW5MaW1pdGVkSWRfYXJvdW5kQ2FydCBkaXYuc2hvcEJrbXsKd2lkdGg6IDEyMHB4Owp9CgpkaXYuc2hvcEJvb2ttYXJrQXJlYSBkaXYuc2hvcEJrbSBhLmFkZFNob3BCa217CndpZHRoOiAxMjBweCAhaW1wb3J0YW50OwpoZWlnaHQ6IDI2cHggIWltcG9ydGFudDsKfQoKZGl2LnNob3BCb29rbWFya0FyZWEgZGl2LnNob3BCa20gYS5hZGRTaG9wQmttIHNwYW4uc2hvcEJrbVN0YXJ7CndpZHRoOiAxMjBweCAhaW1wb3J0YW50OwpoZWlnaHQ6IDI2cHggIWltcG9ydGFudDsKYmFja2dyb3VuZDogdXJsKGh0dHA6Ly9pbWFnZS5yYWt1dGVuLmNvLmpwL3Jha3V0ZW4yNC9jYWJpbmV0L2xheW91dC9idG5fZmF2b3JpdGVfc2hvcC5naWYpIG5vLXJlcGVhdCAwIDAgIWltcG9ydGFudDsKfQoKCgojcmFrdXRlbkxpbWl0ZWRJZF9hcm91bmRDYXJ0IGRpdi5ia217CndpZHRoOiAxMjBweDsKfQoKZGl2LmJvb2ttYXJrQXJlYSBkaXYuYmttIGEuYWRkQmttewp3aWR0aDogMTIwcHggIWltcG9ydGFudDsKaGVpZ2h0OiAyNnB4ICFpbXBvcnRhbnQ7Cn0KCmRpdi5ib29rbWFya0FyZWEgZGl2LmJrbSBhLmFkZEJrbSBzcGFuLmJrbVN0YXJ7CndpZHRoOiAxMjBweCAhaW1wb3J0YW50OwpoZWlnaHQ6IDI2cHggIWltcG9ydGFudDsKYmFja2dyb3VuZDogdXJsKGh0dHA6Ly9pbWFnZS5yYWt1dGVuLmNvLmpwL3Jha3V0ZW4yNC9jYWJpbmV0L2xheW91dC9idG5fZmF2b3JpdGVfaXRlbS5naWYpIG5vLXJlcGVhdCAwIDAgIWltcG9ydGFudDsKfQoKLndlZWtseUJucnsKd2lkdGg6IDcwMHB4OwpoZWlnaHQ6IDIzMXB4Owpwb3NpdGlvbjogcmVsYXRpdmU7CmJhY2tncm91bmQ6IHVybCgiaHR0cDovL3d3dy5yYWt1dGVuLm5lLmpwL2dvbGQvcmFrdXRlbjI0L2ltZy9yYW5rMS9iZ19yYW5rYm5yLmpwZyIpIGxlZnQgdG9wIG5vLXJlcGVhdDsKfQoKLndlZWtseUJuciBpbWd7CndpZHRoOiA2NjJweDsKcG9zaXRpb246IGFic29sdXRlOwpib3R0b206IDMwcHg7CmxlZnQ6IDIwcHg7CnotaW5kZXg6IDEwOwp9Cgoud2Vla2x5Qm5yOmFmdGVyewpjb250ZW50OiB1cmwoImh0dHA6Ly93d3cucmFrdXRlbi5uZS5qcC9nb2xkL3Jha3V0ZW4yNC9pbWcvcmFuazEvd3JhcF9yYW5rYm5yLnBuZyIpOwpwb3NpdGlvbjogYWJzb2x1dGU7CnRvcDogMDsKbGVmdDogMDsKei1pbmRleDogMTAwOwp9CgoucmV2aWV3Qm5yIHsKICAgIHdpZHRoOiA3MDBweDsKICAgIGhlaWdodDogMTAwcHg7CiAgICBiYWNrZ3JvdW5kOiB1cmwoImh0dHA6Ly9pbWFnZS5yYWt1dGVuLmNvLmpwL3Jha3V0ZW4yNC9jYWJpbmV0L2NhbXBhaWduL3Jldmlldy9iZ19yZXZpZXdibnIuanBnIikgbGVmdCB0b3Agbm8tcmVwZWF0OwogICAgcG9zaXRpb246IHJlbGF0aXZlOwogICAgZm9udC1zaXplOiAxNnB4Owp9CgoucmV2aWV3Qm5yIGRpdiB7CiAgICBwYWRkaW5nOiAxMHB4OwogICAgYmFja2dyb3VuZDogI2ZmZjsKICAgIHBvc2l0aW9uOiBhYnNvbHV0ZTsKICAgIHRvcDogMTFweDsKICAgIGxlZnQ6IDE4MHB4OwogICAgbGluZS1oZWlnaHQ6IDEyMCU7CiAgICBib3JkZXItcmFkaXVzOiA1cHg7Cn0KCi5yZXZpZXdCbnIgc3BhbiB7CiAgICBjb2xvcjogI2ZmMDAwMDsKfQoKLnJldmlld0JuciBzdHJvbmcgewogICAgZm9udC1zaXplOiAxOHB4Owp9CgouYm5yX2VhZ2xlc3sKICAgIHdpZHRoOiA3MDBweDsKICAgIGRpc3BsYXk6IGJsb2NrOwogICAgYmFja2dyb3VuZC1jb2xvcjogIzkyMDQxZTsKICAgIHRleHQtYWxpZ246IGNlbnRlcjsKfQoKCgpodG1sLGJvZHkgewpmb250LWZhbWlseTogQ2VudHVyeSBHb3RoaWMsIEFyaWFsOwp9CgpzcGFuLmNhdGVnb3J5X2l0ZW10YXhwb3N0YWdlIHtmb250LXNpemU6MTBweDt9CnNwYW4uY2F0ZWdvcnlfaXRlbXByaWNlIHtjb2xvcjojYmYwMDAwO2ZvbnQtc2l6ZToyNHB4O2ZvbnQtd2VpZ2h0OmJvbGQ7IGRpc3BsYXk6YmxvY2s7fQpzcGFuLnByaWNlMiB7IGZvbnQtc2l6ZToyMjAlICFpbXBvcnRhbnQ7Zm9udC13ZWlnaHQ6Ym9sZDt9CnRhYmxle3otaW5kZXg6MDt9IApzcGFuLmNhdGVnb3J5X2l0ZW1wcmljZTpiZWZvcmV7Lypjb250ZW50OiJQUklDRSAiOyovZm9udC1zaXplOjEwcHg7fQo8L3N0eWxlPgoKPCEtLSCks6SzpN6kxyAtLT4KCgo8L3RhYmxlPg==,pdCl1iA2pMSkzs/jpOqkqphTpLek30JPWCCkpqTrpKqkpKXXpemlucjrpOogNDjlVsjrKDa3Tu6QuPc45VYpob6YU8zsMjShv1ul0KXWILBrxd3I69ShhIgozL/L4cjr1KGEiCldob5rbzc0dGShv6G+SE9GMDehv6O6mFPM7DI0,mFPM7DI0pa+l6qW5pb+l66WspaSltqlgpd+lzaXppeulpqWpqWClv6lgpeqloqXDpdel6qWipcOl13g1pcClpqXLqWCls6XzpcmpYKXgpdql6qWopbWpYKXipbmls6Xzpcil7KXDpa+lucjVn4aksda5pOGls6Wzpcqlw6XEpaqlpKXrpKiktKTepLOk4dPNpbWl86XapeylsKXqpc7JyO9MmUOlr6Xqpbmlv6XrpaylpKW2qWAgNTAwbWwgNDixvr52pM7Ep8WuuMq+xqXQpdYgNqTEpM7P46TqpKqYU6S3pN9CT1ggpKak66SqpKSl16XppbnI66TqIDQ45VbI6yg2t07ukLj3OOVWKaG+mFPM7DI0ob9bpdCl1iCwa8XdyOvUoYSIKMy/y+HI69ShhIgpXaG+a283NHRkob+hvkhPRjA3ob8=,pdCl1i/LsJJpMTg4MIPS0tTJz8vNwc+fb8HPoaOl0KXWIDakxKTOz+Ok6qSqmFOkt6TfQk9YIKSmpOukqqSkpdel6aW5yOuk6iA0OOVWyOsoNrdO7pC49zjlVimhvphTzOwyNKG/W6XQpdYgsGvF3cjr1KGEiCjMv8vhyOvUoYSIKV2hvmtvNzR0ZKG/ob5IT0YwN6G/[rn]
31-51736,aHR0cDovL3RzaG9wLnIxMHMuanAvcmFrdXRlbjI0L2NhYmluZXQveDUwNDAveDUwNDAxMGhfbC5qcGc/Zml0aW49NzAwOjcwMA==,NjAyLjQwMDA=,,pdqlw6XIP6XapcOlyKWwpcOluiA+IMiu08PGtyA+IKSqpOKkwaTjID4gpdypYKXr,pdupYKXqqWCl7algpempYKXcqWCl6yCl36XLIKXWpeupYKG+mFPM7DI0ob9bUExBVFoopdel6aXDpcQpIKXcqWCl6yjIrtPDKV0=,UExBVFoopdel6aXDpcQpL8uwkmkxODgwg9LS1MnPy83Bz59vwc8=,PGJyPjxicj48c21hbGw+ofml0aXDpbGpYKW4pceltqWkpfO1yKTP0+i45qTKpK+J5Lj8pLWk7KTrpLOkyKSspKKk6qTepLmhozwvc21hbGw+PGJyPjxicj48dGFibGU+PHRyPjx0ZCB3aWR0aD0iMTAwJSI+PHAgY2xhc3M9InBkZXNjIj48ZGl2IGNsYXNzPSJwZGVzY3RpdGxlIj7JzMa31WjD9zwvZGl2PjxkaXYgY2xhc3M9InBkZXNjaG9uYnVuIj6huKXbqWCl6qlgpe2pYKXpqWCl3Klgpesgpd+lyyCl1qXrqWChuaTPoaLO5b3H0M6kyMH5vcfQzqTO0aikrOlfpKSkv6XppdCpYKXcqWCl6yjIrtPDKaTHpLmho6W1paSluqTLus+k76S7pMal3Klgpeuk5KSqpOSkxKTy1tCky8jrpOykxsq5pKS3vaGi31uk07e9pKykpKTtpKSk7ZhTpLek4aTepLmho6Wrpeml1aXrpMel5qXLqWClr6TKpceltqWkpfOkyKGiMTAwJczsyLultKXg0XWkx7Cy0MTL2LLEpM6kqqTipMGk46THpLmho6XfpcultaWkpbqho6WrpempYKTPpdal66lgoaM8L2Rpdj48ZGl2IGNsYXNzPSJwZGVzY3RpdGxlIj6yxNl8PC9kaXY+PGRpdiBjbGFzcz0icGRlc2Nob25idW4iPszsyLultKXgPC9kaXY+PGRpdiBjbGFzcz0icGRlc2N0aXRsZSI+1K2uYrn6PC9kaXY+PGRpdiBjbGFzcz0icGRlc2Nob25idW4iPtbQufo8L2Rpdj48L3A+PC90ZD48L3RyPjwvdGFibGU+PGJyPqXWpeml86XJo7pQTEFUWiil16XppcOlxCk8YnI+mFPM7DI0o76l2qXDpcjTw8a3o77IrtPDxrcopbClw6W6KaO+yK7Tw6SqpOKkwaTjP83mvt8oyK4/31spo76l3KlgpeujvqXbqWCl6qlgpe2pYKXpqWCl3Klgpesgpd+lyyCl1qXrqWA8YnI+sGuJ09Sqo7pQTEFUWiil16XppcOlxCk8YnI+1K2uYrn6INbQufo8YnI+PGJyPqWrpempYKO6pdal66lgPGJyPjxicj6ltaWkpbqjutaxvrY4NShtbSk8YnI+SkFOpbOpYKXJo7qhoTQ5NzkwMDc3MTA1NjM8YnI+PGJyPjx0YWJsZSB3aWR0aD0iMTAwJSIgYm9yZGVyPTAgY2VsbHNwYWNpbmc9MCBjZWxscGFkZGluZz01Pjx0cj48dGQ+PC90ZD48dHI+PHRkPjwvdGQ+PC90cj48L3RhYmxlPjxicj48YnI+PGJyPo7auObOxNifo7qlsaXzpbOpYKWzpeDW6sq9u+HJ5zxicj5URUw6MDUwLTU1NzctNTA0Mzxicj48YnI+W1BMQVRaKKXXpemlw6XEKV08YnI+yK7Tw8a3KKWwpcOluikvyK7Tw6SqpOKkwaTjP83mvt8oyK4/31spL6XcqWCl6zxicj48YnI+PCEtLSBpZDogP3MtaWQ9cjI0X2loYm5yXzAxLyA/cy1pZD1yMjRfaWhibnJfMDIgLS0+Cjx0YWJsZSB3aWR0aD0iNzMwIiBjZWxscGFkZGluZz0iMCIgY2VsbHNwYWNpbmc9IjAiIGJvcmRlcj0iMCI+Cgo8IS0tMTCjpU9GRqWvqWCl3aXzLyAtLT4KCjxkaXYgc3R5bGU9Im1hcmdpbi1ib3R0b206MTBweDsiPgoKPGltZyBzcmM9IgpodHRwczovL2ltYWdlLnJha3V0ZW4uY28uanAvcmFrdXRlbjI0L2NhYmluZXQvY291cG9uL2Jucl8xMDBfNzAwXzYwLmpwZyIgYWx0PSKz9aThpMakzre9z962qDEwMIPST0ZGpa+pYKXdpfOjoSIgd2lkdGg9IjcwMCIgaGVpZ2h0PSI2MCIgYm9yZGVyPSIwIj4KPC9kaXY+Cgo8ZGl2IHN0eWxlPSJtYXJnaW4tYm90dG9tOjEwcHg7Ij4KCjxpbWcgc3JjPSJodHRwczovL2ltYWdlLnJha3V0ZW4uY28uanAvcmFrdXRlbjI0L2NhYmluZXQvY291cG9uL2Jucl83MDBfNjBfNTAwMC5qcGciIGFsdD0iNSwwMDCD0tLUyc/Zj8jrMTAlT0ZGo6EiIHdpZHRoPSI3MDAiIGhlaWdodD0iNjAiIGJvcmRlcj0iMCI+CjwvZGl2PgoKPGRpdiBzdHlsZT0ibWFyZ2luLWJvdHRvbToxMHB4OyI+Cgo8aW1nIHNyYz0iaHR0cDovL2ltYWdlLnJha3V0ZW4uY28uanAvcmFrdXRlbjI0L2NhYmluZXQvY291cG9uL2Jucl83MDBfNjBfMTAwMDAuanBnIiBhbHQ9IjEwLDAwMIPS0tTJz9mPyOukxzE1JU9GRqOhIiB3aWR0aD0iNzAwIiBoZWlnaHQ9IjYwIiBib3JkZXI9IjAiPgo8L2Rpdj4KCjwhLS1kaXYgc3R5bGU9Im1hcmdpbi1ib3R0b206MTBweDsiPgoKPGltZyBzcmM9Imh0dHA6Ly9pbWFnZS5yYWt1dGVuLmNvLmpwL3Jha3V0ZW4yNC9jYWJpbmV0L2NhbXBhaWduL2FzdXJha3UvYm5yXzcwMF82MC5qcGciIGFsdD0ipKKkuZhTyczGt6XdpaSl86XIM7G2o6EiIHdpZHRoPSI3MDAiIGhlaWdodD0iNjAiIGJvcmRlcj0iMCI+CjwvZGl2LS0+Cgo8ZGl2IHN0eWxlPSJtYXJnaW4tYm90dG9tOjEwcHg7Ij4KCjxpbWcgc3JjPSJodHRwczovL2ltYWdlLnJha3V0ZW4uY28uanAvcmFrdXRlbjI0L2NhYmluZXQvc3BlY2lhbC9mYXRoZXJfNDY4eDYwLmpwZyIgYWx0PSKl3aWkpfOlyDOxtqOhIiB3aWR0aD0iNDY4IiBoZWlnaHQ9IjYwIiBib3JkZXI9IjAiPgo8L2Rpdj4KCgo8IS0tZGl2IHN0eWxlPSJtYXJnaW4tYm90dG9tOjEwcHg7Ij4KCjxpbWcgc3JjPSJodHRwczovL2ltYWdlLnJha3V0ZW4uY28uanAvcmFrdXRlbjI0L2NhYmluZXQvc3BlY2lhbC8yMDE2X2VjYW1wYWlnbi5qcGciIGFsdD0ipaSpYKWwpeuluYTZwPvTm8Tupd2lpKXzpcgysbajoSIgd2lkdGg9IjQ2OCIgaGVpZ2h0PSI2MCIgYm9yZGVyPSIwIj4KPC9kaXYtLT4KCgo8IS0tIC8xMKOlT0ZGpa+pYKXdpfMgLS0+Cgo8IS0tIKSqpLmkuaThyczGtyAtLT4Kpcal7KXTvUK96aO6CqXIpd6lyKW4peWpYKW5IC8Kpd6lq6XHpd+loqXKpcOlxKWqpaSl6yAvCiDrioTTpdal7KXDpcmlq6XDpb+pYCAvCiCl66WkpdyluaXGpaOpYCAvCqTqpPOktPWhIC8KPCEtLSAvpKqkuaS5pOHJzMa3IC0tPgoKCgo8IS0tIJhTzOwyNKSrpOmkzqXhpcOlu6lgpbgvIC0tPgo8YnI+PGJyPgoKCjwhLS0gL5hTzOwyNKSrpOmkzqXhpcOlu6lgpbggLS0+Cgo8IS0tIKSipLmYU05HLyAtLT4KPCEtLaGhPGltZyBzcmM9Imh0dHA6Ly9pbWFnZS5yYWt1dGVuLmNvLmpwL3Jha3V0ZW4yNC9jYWJpbmV0L2l0ZW00Ni9hc3VyYWt1MDcwNC5qcGciIHdpZHRoPSI3MzAiIGhlaWdodD0iMTMwIiBib3JkZXI9IjAiPgoKPGRpdiBzdHlsZT0ibWFyZ2luLWJvdHRvbTo1cHg7Ij4KPGltZyBzcmM9Imh0dHA6Ly9pbWFnZS5yYWt1dGVuLmNvLmpwL3Jha3V0ZW4yNC9jYWJpbmV0L2l0ZW00NS9hc3VyYWt1MDcxMS5qcGciIHdpZHRoPSI3MzAiIGhlaWdodD0iNTAiIGJvcmRlcj0iMCI+CjwvZGl2PgotLT4KPCEtLSAvpKKkuZhTTkcgLS0+CgoKCjwhLS0gu9jfWy8gLS0+CjwhLS0gCgogLS0+CjwhLS0gL7vY31sgLS0+CgoKCjwhLS0gMsHQse3KvtPDpdClyqlgpail6qWiPgo8IS0tCjx0cj4KPHRkIHdpZHRoPSIzNjUiPjxpbWcgc3JjPSJodHRwOi8vd3d3LnJha3V0ZW4ubmUuanAvZ29sZC9yYWt1dGVuMjQvaXRlbS9pbWFnZXMvaXRlbXBhZ2VfYm5yXzAxLmpwZyIgd2lkdGg9IjM2MCIgaGVpZ2h0PSI2MCIgYm9yZGVyPSIwIiBhbHQ9IiI+PC90ZD4KPHRkIHdpZHRoPSIzNjUiPjxpbWcgc3JjPSJodHRwOi8vd3d3LnJha3V0ZW4ubmUuanAvZ29sZC9yYWt1dGVuMjQvaXRlbS9pbWFnZXMvaXRlbXBhZ2VfYm5yXzAyLmdpZiIgd2lkdGg9IjM2MCIgaGVpZ2h0PSI2MCIgYm9yZGVyPSIwIiBhbHQ9IiI+PC90ZD4KPC90cj4KLS0+IAoKPCEtLSDZSaSkzu+kq6S0pdylv6XzLyAtLT4KPHN0eWxlPgovKiC+yaXcpb+l8wojcmFrdXRlbkxpbWl0ZWRJZF9hcm91bmRDYXJ0IGlucHV0IHsKICB3aWR0aDogMTYwcHg7CiAgaGVpZ2h0OiA0MHB4OwogYmFja2dyb3VuZDp1cmwoaHR0cDovL2ltYWdlLnJha3V0ZW4uY28uanAvcmFrdXRlbjI0L2NhYmluZXQvdGVzdC9jYXJ0X2JsYWNrLmdpZikgI2ZjZmNmYyBuby1yZXBlYXQ7CiAgb3ZlcmZsb3c6IGhpZGRlbjsKICBib3JkZXItd2lkdGg6IDBweDsKICB0ZXh0LWluZGVudDogMTUwJTsKICBjdXJzb3I6IHBvaW50ZXIgIWltcG9ydGFudDsKICB3aGl0ZS1zcGFjZTogbm93cmFwOwogIG1hcmdpbjogMTBweCAwIDAgMDsKfQoqLwoKLyogvskyCiNyYWt1dGVuTGltaXRlZElkX2Fyb3VuZENhcnQgaW5wdXQgewogIHdpZHRoOiAxODBweDsKICBoZWlnaHQ6IDQwcHg7CiBiYWNrZ3JvdW5kOnVybChodHRwOi8vaW1hZ2UucmFrdXRlbi5jby5qcC9yYWt1dGVuMjQvY2FiaW5ldC9sYXlvdXQvYnRuX2NhcnRfYmxhY2suZ2lmKSAjZmNmY2ZjIG5vLXJlcGVhdDsKICBvdmVyZmxvdzogaGlkZGVuOwogIGJvcmRlci13aWR0aDogMHB4OwogIHRleHQtaW5kZW50OiAxNTAlOwogIGN1cnNvcjogcG9pbnRlciAhaW1wb3J0YW50OwogIHdoaXRlLXNwYWNlOiBub3dyYXA7CiAgbWFyZ2luOiAxMHB4IDAgMCAwOwp9CiovCgovKiDT6LxzpKuktIydj+qkx6WzpeGl86XIpaKlpqXICiNyYWt1dGVuTGltaXRlZElkX2Fyb3VuZENhcnQgaW5wdXQgewogIHdpZHRoOiAxODBweDsKICBoZWlnaHQ6IDQwcHg7CiBiYWNrZ3JvdW5kOnVybCgiaHR0cDovL2ltYWdlLnJha3V0ZW4uY28uanAvcmFrdXRlbjI0L2NhYmluZXQvbGF5b3V0L2J0bl9jYXJ0X2JsYWNrLmdpZiIpICNmY2ZjZmMgbm8tcmVwZWF0OwogIG92ZXJmbG93OiBoaWRkZW47CiAgYm9yZGVyLXdpZHRoOiAwcHg7CiAgdGV4dC1pbmRlbnQ6IDE1MCU7CiAgY3Vyc29yOiBwb2ludGVyICFpbXBvcnRhbnQ7CiAgd2hpdGUtc3BhY2U6IG5vd3JhcDsKICBtYXJnaW46IDEwcHggMCAwIDA7Cn0KKi8KI3Jha3V0ZW5MaW1pdGVkSWRfYXJvdW5kQ2FydCBpbnB1dC5yQ2FydEJ0bjpob3ZlciwKZGl2LnNob3BCb29rbWFya0FyZWEgZGl2LnNob3BCa20gYS5hZGRTaG9wQmttIHNwYW4uc2hvcEJrbVN0YXI6aG92ZXIsCmRpdi5ib29rbWFya0FyZWEgZGl2LmJrbSBhLmFkZEJrbSBzcGFuLmJrbVN0YXI6aG92ZXIgewogIG9wYWNpdHk6IDAuODsKICBmaWx0ZXI6IGFscGhhKG9wYWNpdHk9ODApOwp9CgojcmFrdXRlbkxpbWl0ZWRJZF9hcm91bmRDYXJ0ICNzZXJ2aWNlVGFibGVTbWx7Ci8qCiAgbWFyZ2luLWxlZnQ6IDkycHggIWltcG9ydGFudDsKKi8KfQoKI3Jha3V0ZW5MaW1pdGVkSWRfYXJvdW5kQ2FydCAjc2VydmljZVRhYmxlU21sIHRkLmZhdm9yaXRlewp3aWR0aDogMjcwcHggIWltcG9ydGFudDsKfQoKCgojcmFrdXRlbkxpbWl0ZWRJZF9hcm91bmRDYXJ0IGRpdi5zaG9wQmttewp3aWR0aDogMTIwcHg7Cn0KCmRpdi5zaG9wQm9va21hcmtBcmVhIGRpdi5zaG9wQmttIGEuYWRkU2hvcEJrbXsKd2lkdGg6IDEyMHB4ICFpbXBvcnRhbnQ7CmhlaWdodDogMjZweCAhaW1wb3J0YW50Owp9CgpkaXYuc2hvcEJvb2ttYXJrQXJlYSBkaXYuc2hvcEJrbSBhLmFkZFNob3BCa20gc3Bhbi5zaG9wQmttU3RhcnsKd2lkdGg6IDEyMHB4ICFpbXBvcnRhbnQ7CmhlaWdodDogMjZweCAhaW1wb3J0YW50OwpiYWNrZ3JvdW5kOiB1cmwoaHR0cDovL2ltYWdlLnJha3V0ZW4uY28uanAvcmFrdXRlbjI0L2NhYmluZXQvbGF5b3V0L2J0bl9mYXZvcml0ZV9zaG9wLmdpZikgbm8tcmVwZWF0IDAgMCAhaW1wb3J0YW50Owp9CgoKCiNyYWt1dGVuTGltaXRlZElkX2Fyb3VuZENhcnQgZGl2LmJrbXsKd2lkdGg6IDEyMHB4Owp9CgpkaXYuYm9va21hcmtBcmVhIGRpdi5ia20gYS5hZGRCa217CndpZHRoOiAxMjBweCAhaW1wb3J0YW50OwpoZWlnaHQ6IDI2cHggIWltcG9ydGFudDsKfQoKZGl2LmJvb2ttYXJrQXJlYSBkaXYuYmttIGEuYWRkQmttIHNwYW4uYmttU3RhcnsKd2lkdGg6IDEyMHB4ICFpbXBvcnRhbnQ7CmhlaWdodDogMjZweCAhaW1wb3J0YW50OwpiYWNrZ3JvdW5kOiB1cmwoaHR0cDovL2ltYWdlLnJha3V0ZW4uY28uanAvcmFrdXRlbjI0L2NhYmluZXQvbGF5b3V0L2J0bl9mYXZvcml0ZV9pdGVtLmdpZikgbm8tcmVwZWF0IDAgMCAhaW1wb3J0YW50Owp9Cgoud2Vla2x5Qm5yewp3aWR0aDogNzAwcHg7CmhlaWdodDogMjMxcHg7CnBvc2l0aW9uOiByZWxhdGl2ZTsKYmFja2dyb3VuZDogdXJsKCJodHRwOi8vd3d3LnJha3V0ZW4ubmUuanAvZ29sZC9yYWt1dGVuMjQvaW1nL3JhbmsxL2JnX3JhbmtibnIuanBnIikgbGVmdCB0b3Agbm8tcmVwZWF0Owp9Cgoud2Vla2x5Qm5yIGltZ3sKd2lkdGg6IDY2MnB4Owpwb3NpdGlvbjogYWJzb2x1dGU7CmJvdHRvbTogMzBweDsKbGVmdDogMjBweDsKei1pbmRleDogMTA7Cn0KCi53ZWVrbHlCbnI6YWZ0ZXJ7CmNvbnRlbnQ6IHVybCgiaHR0cDovL3d3dy5yYWt1dGVuLm5lLmpwL2dvbGQvcmFrdXRlbjI0L2ltZy9yYW5rMS93cmFwX3JhbmtibnIucG5nIik7CnBvc2l0aW9uOiBhYnNvbHV0ZTsKdG9wOiAwOwpsZWZ0OiAwOwp6LWluZGV4OiAxMDA7Cn0KCi5yZXZpZXdCbnIgewogICAgd2lkdGg6IDcwMHB4OwogICAgaGVpZ2h0OiAxMDBweDsKICAgIGJhY2tncm91bmQ6IHVybCgiaHR0cDovL2ltYWdlLnJha3V0ZW4uY28uanAvcmFrdXRlbjI0L2NhYmluZXQvY2FtcGFpZ24vcmV2aWV3L2JnX3Jldmlld2Juci5qcGciKSBsZWZ0IHRvcCBuby1yZXBlYXQ7CiAgICBwb3NpdGlvbjogcmVsYXRpdmU7CiAgICBmb250LXNpemU6IDE2cHg7Cn0KCi5yZXZpZXdCbnIgZGl2IHsKICAgIHBhZGRpbmc6IDEwcHg7CiAgICBiYWNrZ3JvdW5kOiAjZmZmOwogICAgcG9zaXRpb246IGFic29sdXRlOwogICAgdG9wOiAxMXB4OwogICAgbGVmdDogMTgwcHg7CiAgICBsaW5lLWhlaWdodDogMTIwJTsKICAgIGJvcmRlci1yYWRpdXM6IDVweDsKfQoKLnJldmlld0JuciBzcGFuIHsKICAgIGNvbG9yOiAjZmYwMDAwOwp9CgoucmV2aWV3Qm5yIHN0cm9uZyB7CiAgICBmb250LXNpemU6IDE4cHg7Cn0KCi5ibnJfZWFnbGVzewogICAgd2lkdGg6IDcwMHB4OwogICAgZGlzcGxheTogYmxvY2s7CiAgICBiYWNrZ3JvdW5kLWNvbG9yOiAjOTIwNDFlOwogICAgdGV4dC1hbGlnbjogY2VudGVyOwp9CgoKCmh0bWwsYm9keSB7CmZvbnQtZmFtaWx5OiBDZW50dXJ5IEdvdGhpYywgQXJpYWw7Cn0KCnNwYW4uY2F0ZWdvcnlfaXRlbXRheHBvc3RhZ2Uge2ZvbnQtc2l6ZToxMHB4O30Kc3Bhbi5jYXRlZ29yeV9pdGVtcHJpY2Uge2NvbG9yOiNiZjAwMDA7Zm9udC1zaXplOjI0cHg7Zm9udC13ZWlnaHQ6Ym9sZDsgZGlzcGxheTpibG9jazt9CnNwYW4ucHJpY2UyIHsgZm9udC1zaXplOjIyMCUgIWltcG9ydGFudDtmb250LXdlaWdodDpib2xkO30KdGFibGV7ei1pbmRleDowO30gCnNwYW4uY2F0ZWdvcnlfaXRlbXByaWNlOmJlZm9yZXsvKmNvbnRlbnQ6IlBSSUNFICI7Ki9mb250LXNpemU6MTBweDt9Cjwvc3R5bGU+Cgo8IS0tIKSzpLOk3qTHIC0tPgoKCjwvdGFibGU+,pdupYKXqqWCl7algpempYKXcqWCl6yCl36XLIKXWpeupYKG+mFPM7DI0ob9bUExBVFoopdel6aXDpcQpIKXcqWCl6yjIrtPDKV2juphTzOwyNA==,mFPM7DI0pa+l6qW5pb+l66WspaSltqlgpd+lzaXppeulpqWpqWClv6lgpeqloqXDpdel6qWipcOl13g1pcClpqXLqWCls6XzpcmpYKXgpdql6qWopbWpYKXipbmls6Xzpcil7KXDpa+lucjVn4aksda5pOGls6Wzpcqlw6XEpaqlpKXrpKiktKTepLOk4dPNpbWl86XapeylsKXqpc7JyO9MmUOlr6Xqpbmlv6XrpaylpKW2qWAgNTAwbWwgNDixvr52pM7Ep8WuuMq+xqXbqWCl6qlgpe2pYKXpqWCl3Klgpesgpd+lyyCl1qXrqWChvphTzOwyNKG/W1BMQVRaKKXXpemlw6XEKSCl3KlgpesoyK7Twyld,UExBVFoopdel6aXDpcQpL8uwkmkxODgwg9LS1MnPy83Bz59vwc+ho6XbqWCl6qlgpe2pYKXpqWCl3Klgpesgpd+lyyCl1qXrqWChvphTzOwyNKG/W1BMQVRaKKXXpemlw6XEKSCl3KlgpesoyK7Twyld[rn]
31-51737,aHR0cDovL3RzaG9wLnIxMHMuanAvcmFrdXRlbjI0L2NhYmluZXQveDUwNDAveDUwNDAzMGhfbC5qcGc/Zml0aW49NzAwOjcwMA==,NjEyLjAwMDA=,,pdqlw6XIP6XapcOlyKWwpcOluiA+IMiu08PGtyA+IKSqpOKkwaTjID4gpdypYKXr,pdupYKXqqWCl7algpempYKXcqWCl6yCl36XLIKWqpeyl86W4ob6YU8zsMjShv1tQTEFUWiil16XppcOlxCkgpdypYKXrKMiu08MpXQ==,UExBVFoopdel6aXDpcQpL8uwkmkxODgwg9LS1MnPy83Bz59vwc8=,PGEgaHJlZj0iaHR0cDovL3d3dy5yYWt1dGVuLm5lLmpwL2dvbGQvcmFrdXRlbjI0L2NhbXBhaWduL3Jldmlldy8/cy1pZD1yMjRfcmV2aWV3X2ZpcnN0MDEiIHRhcmdldD0iX2JsYW5rIj48aW1nIHNyYz0iaHR0cDovL2ltYWdlLnJha3V0ZW4uY28uanAvcmFrdXRlbjI0L2NhYmluZXQvY2FtcGFpZ24vcmV2aWV3LzFiYW5fcmV2aWV3LmpwZyIgd2lkdGg9IjcwMCIgaGVpZ2h0PSIxMDAiIGJvcmRlcj0iMCIgLz48L2E+PGJyPqH5P6XspdOl5algzba45ZVypMult6XnpcOl16TY16LOxLesusWk8taqpOmku6TroaOkzqXBpaelw6WvpPLI66TspMakr6TApLWkpKGjPGJyPj/h4cjVpeGpYKXrpMukxqWvqWCl3aXzVVJMpPKkqsvNpOqkt6TepLmhozxhIGhyZWY9Imh0dHBzOi8vb3JkZXIubXkucmFrdXRlbi5jby5qcC8/cy1pZD1yMjRfcmV2aWV3X2ZpcnN0MDIiPqH2ofWl7KXTpeWpYKTylfikr6H1ofY8L2E+PGJyPj/L+6TOt72krM/IpMvNtrjlpLekv4j2us+hoqWvqWCl3aXz302zyoydz/PN4qTIpMqk6qTepLmkzqTHpLTXotLipK+kwKS1pKSho6XspdOl5algzba45aTPz8Kyv6TL05vdZKS3pMakpKTepLmhozxicj4/peyl06XlqWDNtrjlpKuk6be007Ok3qTHlXKy7qSspKKk66S/pOGhosnMxre7rcPmyc+kzqXspdOl5algvP7K/aTIjGfrSKTOzba45bz+yv2krK6QpMqk64j2us+krKSipOqk3qS5pM6kx9PopOGktMHLs9Ckr6TApLWkpKGjPGJyPjxicj48YnI+PHNtYWxsPqH5pdGlw6WxqWCluKXHpbalpKXztcikz9PouOakyqSvieS4/KS1pOyk66SzpMikrKSipOqk3qS5oaM8L3NtYWxsPjxicj48YnI+PHRhYmxlPjx0cj48dGQgd2lkdGg9IjEwMCUiPjxwIGNsYXNzPSJwZGVzYyI+PGRpdiBjbGFzcz0icGRlc2N0aXRsZSI+yczGt9Vow/c8L2Rpdj48ZGl2IGNsYXNzPSJwZGVzY2hvbmJ1biI+obil26lgpeqpYKXtqWCl6algpdypYKXrIKXfpcsgpaql7KXzpbihuaTPoaLO5b3H0M6kyMH5vcfQzqTO0aikrOlfpKSkv6XppdCpYKXcqWCl6yjIrtPDKaTHpLmho6W1paSluqTLus+k76S7pMal3Klgpeuk5KSqpOSkxKTy1tCky8jrpOykxsq5pKS3vaGi31uk07e9pKykpKTtpKSk7ZhTpLek4aTepLmho6Wrpeml1aXrpMel5qXLqWClr6TKpceltqWkpfOkyKGiMTAwJczsyLultKXg0XWkx7Cy0MTL2LLEpM6kqqTipMGk46THpLmho6XfpcultaWkpbqho6WrpempYKTPpaql7KXzpbihozwvZGl2PjxkaXYgY2xhc3M9InBkZXNjdGl0bGUiPrLE2Xw8L2Rpdj48ZGl2IGNsYXNzPSJwZGVzY2hvbmJ1biI+zOzIu6W0peA8L2Rpdj48ZGl2IGNsYXNzPSJwZGVzY3RpdGxlIj7Ura5iufo8L2Rpdj48ZGl2IGNsYXNzPSJwZGVzY2hvbmJ1biI+1tC5+jwvZGl2PjwvcD48L3RkPjwvdHI+PC90YWJsZT48YnI+pdal6aXzpcmjulBMQVRaKKXXpemlw6XEKTxicj6YU8zsMjSjvqXapcOlyNPDxrejvsiu08PGtyilsKXDpbopo77IrtPDpKqk4qTBpOM/zea+3yjIrj/fWymjvqXcqWCl66O+pdupYKXqqWCl7algpempYKXcqWCl6yCl36XLIKWqpeyl86W4PGJyPrBridPUqqO6UExBVFoopdel6aXDpcQpPGJyPtStrmK5+iDW0Ln6PGJyPjxicj6lq6XpqWCjuqWqpeyl86W4PGJyPjxicj6ltaWkpbqjutaxvrY4NShtbSk8YnI+SkFOpbOpYKXJo7qhoTQ5NzkwMDc3MTA1ODc8YnI+PGJyPjx0YWJsZSB3aWR0aD0iMTAwJSIgYm9yZGVyPTAgY2VsbHNwYWNpbmc9MCBjZWxscGFkZGluZz01Pjx0cj48dGQ+PC90ZD48dHI+PHRkPjwvdGQ+PC90cj48L3RhYmxlPjxicj48YnI+PGJyPo7auObOxNifo7qlsaXzpbOpYKWzpeDW6sq9u+HJ5zxicj5URUw6MDUwLTU1NzctNTA0Mzxicj48YnI+W1BMQVRaKKXXpemlw6XEKV08YnI+yK7Tw8a3KKWwpcOluikvyK7Tw6SqpOKkwaTjP83mvt8oyK4/31spL6XcqWCl6zxicj48YnI+PCEtLSBpZDogP3MtaWQ9cjI0X2loYm5yXzAxLyA/cy1pZD1yMjRfaWhibnJfMDIgLS0+Cjx0YWJsZSB3aWR0aD0iNzMwIiBjZWxscGFkZGluZz0iMCIgY2VsbHNwYWNpbmc9IjAiIGJvcmRlcj0iMCI+Cgo8IS0tMTCjpU9GRqWvqWCl3aXzLyAtLT4KCjxkaXYgc3R5bGU9Im1hcmdpbi1ib3R0b206MTBweDsiPgoKPGltZyBzcmM9IgpodHRwczovL2ltYWdlLnJha3V0ZW4uY28uanAvcmFrdXRlbjI0L2NhYmluZXQvY291cG9uL2Jucl8xMDBfNzAwXzYwLmpwZyIgYWx0PSKz9aThpMakzre9z962qDEwMIPST0ZGpa+pYKXdpfOjoSIgd2lkdGg9IjcwMCIgaGVpZ2h0PSI2MCIgYm9yZGVyPSIwIj4KPC9kaXY+Cgo8ZGl2IHN0eWxlPSJtYXJnaW4tYm90dG9tOjEwcHg7Ij4KCjxpbWcgc3JjPSJodHRwczovL2ltYWdlLnJha3V0ZW4uY28uanAvcmFrdXRlbjI0L2NhYmluZXQvY291cG9uL2Jucl83MDBfNjBfNTAwMC5qcGciIGFsdD0iNSwwMDCD0tLUyc/Zj8jrMTAlT0ZGo6EiIHdpZHRoPSI3MDAiIGhlaWdodD0iNjAiIGJvcmRlcj0iMCI+CjwvZGl2PgoKPGRpdiBzdHlsZT0ibWFyZ2luLWJvdHRvbToxMHB4OyI+Cgo8aW1nIHNyYz0iaHR0cDovL2ltYWdlLnJha3V0ZW4uY28uanAvcmFrdXRlbjI0L2NhYmluZXQvY291cG9uL2Jucl83MDBfNjBfMTAwMDAuanBnIiBhbHQ9IjEwLDAwMIPS0tTJz9mPyOukxzE1JU9GRqOhIiB3aWR0aD0iNzAwIiBoZWlnaHQ9IjYwIiBib3JkZXI9IjAiPgo8L2Rpdj4KCjwhLS1kaXYgc3R5bGU9Im1hcmdpbi1ib3R0b206MTBweDsiPgoKPGltZyBzcmM9Imh0dHA6Ly9pbWFnZS5yYWt1dGVuLmNvLmpwL3Jha3V0ZW4yNC9jYWJpbmV0L2NhbXBhaWduL2FzdXJha3UvYm5yXzcwMF82MC5qcGciIGFsdD0ipKKkuZhTyczGt6XdpaSl86XIM7G2o6EiIHdpZHRoPSI3MDAiIGhlaWdodD0iNjAiIGJvcmRlcj0iMCI+CjwvZGl2LS0+Cgo8ZGl2IHN0eWxlPSJtYXJnaW4tYm90dG9tOjEwcHg7Ij4KCjxpbWcgc3JjPSJodHRwczovL2ltYWdlLnJha3V0ZW4uY28uanAvcmFrdXRlbjI0L2NhYmluZXQvc3BlY2lhbC9mYXRoZXJfNDY4eDYwLmpwZyIgYWx0PSKl3aWkpfOlyDOxtqOhIiB3aWR0aD0iNDY4IiBoZWlnaHQ9IjYwIiBib3JkZXI9IjAiPgo8L2Rpdj4KCgo8IS0tZGl2IHN0eWxlPSJtYXJnaW4tYm90dG9tOjEwcHg7Ij4KCjxpbWcgc3JjPSJodHRwczovL2ltYWdlLnJha3V0ZW4uY28uanAvcmFrdXRlbjI0L2NhYmluZXQvc3BlY2lhbC8yMDE2X2VjYW1wYWlnbi5qcGciIGFsdD0ipaSpYKWwpeuluYTZwPvTm8Tupd2lpKXzpcgysbajoSIgd2lkdGg9IjQ2OCIgaGVpZ2h0PSI2MCIgYm9yZGVyPSIwIj4KPC9kaXYtLT4KCgo8IS0tIC8xMKOlT0ZGpa+pYKXdpfMgLS0+Cgo8IS0tIKSqpLmkuaThyczGtyAtLT4Kpcal7KXTvUK96aO6CqXIpd6lyKW4peWpYKW5IC8Kpd6lq6XHpd+loqXKpcOlxKWqpaSl6yAvCiDrioTTpdal7KXDpcmlq6XDpb+pYCAvCiCl66WkpdyluaXGpaOpYCAvCqTqpPOktPWhIC8KPCEtLSAvpKqkuaS5pOHJzMa3IC0tPgoKCgo8IS0tIJhTzOwyNKSrpOmkzqXhpcOlu6lgpbgvIC0tPgo8YnI+PGJyPgoKCjwhLS0gL5hTzOwyNKSrpOmkzqXhpcOlu6lgpbggLS0+Cgo8IS0tIKSipLmYU05HLyAtLT4KPCEtLaGhPGltZyBzcmM9Imh0dHA6Ly9pbWFnZS5yYWt1dGVuLmNvLmpwL3Jha3V0ZW4yNC9jYWJpbmV0L2l0ZW00Ni9hc3VyYWt1MDcwNC5qcGciIHdpZHRoPSI3MzAiIGhlaWdodD0iMTMwIiBib3JkZXI9IjAiPgoKPGRpdiBzdHlsZT0ibWFyZ2luLWJvdHRvbTo1cHg7Ij4KPGltZyBzcmM9Imh0dHA6Ly9pbWFnZS5yYWt1dGVuLmNvLmpwL3Jha3V0ZW4yNC9jYWJpbmV0L2l0ZW00NS9hc3VyYWt1MDcxMS5qcGciIHdpZHRoPSI3MzAiIGhlaWdodD0iNTAiIGJvcmRlcj0iMCI+CjwvZGl2PgotLT4KPCEtLSAvpKKkuZhTTkcgLS0+CgoKCjwhLS0gu9jfWy8gLS0+CjwhLS0gCgogLS0+CjwhLS0gL7vY31sgLS0+CgoKCjwhLS0gMsHQse3KvtPDpdClyqlgpail6qWiPgo8IS0tCjx0cj4KPHRkIHdpZHRoPSIzNjUiPjxpbWcgc3JjPSJodHRwOi8vd3d3LnJha3V0ZW4ubmUuanAvZ29sZC9yYWt1dGVuMjQvaXRlbS9pbWFnZXMvaXRlbXBhZ2VfYm5yXzAxLmpwZyIgd2lkdGg9IjM2MCIgaGVpZ2h0PSI2MCIgYm9yZGVyPSIwIiBhbHQ9IiI+PC90ZD4KPHRkIHdpZHRoPSIzNjUiPjxpbWcgc3JjPSJodHRwOi8vd3d3LnJha3V0ZW4ubmUuanAvZ29sZC9yYWt1dGVuMjQvaXRlbS9pbWFnZXMvaXRlbXBhZ2VfYm5yXzAyLmdpZiIgd2lkdGg9IjM2MCIgaGVpZ2h0PSI2MCIgYm9yZGVyPSIwIiBhbHQ9IiI+PC90ZD4KPC90cj4KLS0+IAoKPCEtLSDZSaSkzu+kq6S0pdylv6XzLyAtLT4KPHN0eWxlPgovKiC+yaXcpb+l8wojcmFrdXRlbkxpbWl0ZWRJZF9hcm91bmRDYXJ0IGlucHV0IHsKICB3aWR0aDogMTYwcHg7CiAgaGVpZ2h0OiA0MHB4OwogYmFja2dyb3VuZDp1cmwoaHR0cDovL2ltYWdlLnJha3V0ZW4uY28uanAvcmFrdXRlbjI0L2NhYmluZXQvdGVzdC9jYXJ0X2JsYWNrLmdpZikgI2ZjZmNmYyBuby1yZXBlYXQ7CiAgb3ZlcmZsb3c6IGhpZGRlbjsKICBib3JkZXItd2lkdGg6IDBweDsKICB0ZXh0LWluZGVudDogMTUwJTsKICBjdXJzb3I6IHBvaW50ZXIgIWltcG9ydGFudDsKICB3aGl0ZS1zcGFjZTogbm93cmFwOwogIG1hcmdpbjogMTBweCAwIDAgMDsKfQoqLwoKLyogvskyCiNyYWt1dGVuTGltaXRlZElkX2Fyb3VuZENhcnQgaW5wdXQgewogIHdpZHRoOiAxODBweDsKICBoZWlnaHQ6IDQwcHg7CiBiYWNrZ3JvdW5kOnVybChodHRwOi8vaW1hZ2UucmFrdXRlbi5jby5qcC9yYWt1dGVuMjQvY2FiaW5ldC9sYXlvdXQvYnRuX2NhcnRfYmxhY2suZ2lmKSAjZmNmY2ZjIG5vLXJlcGVhdDsKICBvdmVyZmxvdzogaGlkZGVuOwogIGJvcmRlci13aWR0aDogMHB4OwogIHRleHQtaW5kZW50OiAxNTAlOwogIGN1cnNvcjogcG9pbnRlciAhaW1wb3J0YW50OwogIHdoaXRlLXNwYWNlOiBub3dyYXA7CiAgbWFyZ2luOiAxMHB4IDAgMCAwOwp9CiovCgovKiDT6LxzpKuktIydj+qkx6WzpeGl86XIpaKlpqXICiNyYWt1dGVuTGltaXRlZElkX2Fyb3VuZENhcnQgaW5wdXQgewogIHdpZHRoOiAxODBweDsKICBoZWlnaHQ6IDQwcHg7CiBiYWNrZ3JvdW5kOnVybCgiaHR0cDovL2ltYWdlLnJha3V0ZW4uY28uanAvcmFrdXRlbjI0L2NhYmluZXQvbGF5b3V0L2J0bl9jYXJ0X2JsYWNrLmdpZiIpICNmY2ZjZmMgbm8tcmVwZWF0OwogIG92ZXJmbG93OiBoaWRkZW47CiAgYm9yZGVyLXdpZHRoOiAwcHg7CiAgdGV4dC1pbmRlbnQ6IDE1MCU7CiAgY3Vyc29yOiBwb2ludGVyICFpbXBvcnRhbnQ7CiAgd2hpdGUtc3BhY2U6IG5vd3JhcDsKICBtYXJnaW46IDEwcHggMCAwIDA7Cn0KKi8KI3Jha3V0ZW5MaW1pdGVkSWRfYXJvdW5kQ2FydCBpbnB1dC5yQ2FydEJ0bjpob3ZlciwKZGl2LnNob3BCb29rbWFya0FyZWEgZGl2LnNob3BCa20gYS5hZGRTaG9wQmttIHNwYW4uc2hvcEJrbVN0YXI6aG92ZXIsCmRpdi5ib29rbWFya0FyZWEgZGl2LmJrbSBhLmFkZEJrbSBzcGFuLmJrbVN0YXI6aG92ZXIgewogIG9wYWNpdHk6IDAuODsKICBmaWx0ZXI6IGFscGhhKG9wYWNpdHk9ODApOwp9CgojcmFrdXRlbkxpbWl0ZWRJZF9hcm91bmRDYXJ0ICNzZXJ2aWNlVGFibGVTbWx7Ci8qCiAgbWFyZ2luLWxlZnQ6IDkycHggIWltcG9ydGFudDsKKi8KfQoKI3Jha3V0ZW5MaW1pdGVkSWRfYXJvdW5kQ2FydCAjc2VydmljZVRhYmxlU21sIHRkLmZhdm9yaXRlewp3aWR0aDogMjcwcHggIWltcG9ydGFudDsKfQoKCgojcmFrdXRlbkxpbWl0ZWRJZF9hcm91bmRDYXJ0IGRpdi5zaG9wQmttewp3aWR0aDogMTIwcHg7Cn0KCmRpdi5zaG9wQm9va21hcmtBcmVhIGRpdi5zaG9wQmttIGEuYWRkU2hvcEJrbXsKd2lkdGg6IDEyMHB4ICFpbXBvcnRhbnQ7CmhlaWdodDogMjZweCAhaW1wb3J0YW50Owp9CgpkaXYuc2hvcEJvb2ttYXJrQXJlYSBkaXYuc2hvcEJrbSBhLmFkZFNob3BCa20gc3Bhbi5zaG9wQmttU3RhcnsKd2lkdGg6IDEyMHB4ICFpbXBvcnRhbnQ7CmhlaWdodDogMjZweCAhaW1wb3J0YW50OwpiYWNrZ3JvdW5kOiB1cmwoaHR0cDovL2ltYWdlLnJha3V0ZW4uY28uanAvcmFrdXRlbjI0L2NhYmluZXQvbGF5b3V0L2J0bl9mYXZvcml0ZV9zaG9wLmdpZikgbm8tcmVwZWF0IDAgMCAhaW1wb3J0YW50Owp9CgoKCiNyYWt1dGVuTGltaXRlZElkX2Fyb3VuZENhcnQgZGl2LmJrbXsKd2lkdGg6IDEyMHB4Owp9CgpkaXYuYm9va21hcmtBcmVhIGRpdi5ia20gYS5hZGRCa217CndpZHRoOiAxMjBweCAhaW1wb3J0YW50OwpoZWlnaHQ6IDI2cHggIWltcG9ydGFudDsKfQoKZGl2LmJvb2ttYXJrQXJlYSBkaXYuYmttIGEuYWRkQmttIHNwYW4uYmttU3RhcnsKd2lkdGg6IDEyMHB4ICFpbXBvcnRhbnQ7CmhlaWdodDogMjZweCAhaW1wb3J0YW50OwpiYWNrZ3JvdW5kOiB1cmwoaHR0cDovL2ltYWdlLnJha3V0ZW4uY28uanAvcmFrdXRlbjI0L2NhYmluZXQvbGF5b3V0L2J0bl9mYXZvcml0ZV9pdGVtLmdpZikgbm8tcmVwZWF0IDAgMCAhaW1wb3J0YW50Owp9Cgoud2Vla2x5Qm5yewp3aWR0aDogNzAwcHg7CmhlaWdodDogMjMxcHg7CnBvc2l0aW9uOiByZWxhdGl2ZTsKYmFja2dyb3VuZDogdXJsKCJodHRwOi8vd3d3LnJha3V0ZW4ubmUuanAvZ29sZC9yYWt1dGVuMjQvaW1nL3JhbmsxL2JnX3JhbmtibnIuanBnIikgbGVmdCB0b3Agbm8tcmVwZWF0Owp9Cgoud2Vla2x5Qm5yIGltZ3sKd2lkdGg6IDY2MnB4Owpwb3NpdGlvbjogYWJzb2x1dGU7CmJvdHRvbTogMzBweDsKbGVmdDogMjBweDsKei1pbmRleDogMTA7Cn0KCi53ZWVrbHlCbnI6YWZ0ZXJ7CmNvbnRlbnQ6IHVybCgiaHR0cDovL3d3dy5yYWt1dGVuLm5lLmpwL2dvbGQvcmFrdXRlbjI0L2ltZy9yYW5rMS93cmFwX3JhbmtibnIucG5nIik7CnBvc2l0aW9uOiBhYnNvbHV0ZTsKdG9wOiAwOwpsZWZ0OiAwOwp6LWluZGV4OiAxMDA7Cn0KCi5yZXZpZXdCbnIgewogICAgd2lkdGg6IDcwMHB4OwogICAgaGVpZ2h0OiAxMDBweDsKICAgIGJhY2tncm91bmQ6IHVybCgiaHR0cDovL2ltYWdlLnJha3V0ZW4uY28uanAvcmFrdXRlbjI0L2NhYmluZXQvY2FtcGFpZ24vcmV2aWV3L2JnX3Jldmlld2Juci5qcGciKSBsZWZ0IHRvcCBuby1yZXBlYXQ7CiAgICBwb3NpdGlvbjogcmVsYXRpdmU7CiAgICBmb250LXNpemU6IDE2cHg7Cn0KCi5yZXZpZXdCbnIgZGl2IHsKICAgIHBhZGRpbmc6IDEwcHg7CiAgICBiYWNrZ3JvdW5kOiAjZmZmOwogICAgcG9zaXRpb246IGFic29sdXRlOwogICAgdG9wOiAxMXB4OwogICAgbGVmdDogMTgwcHg7CiAgICBsaW5lLWhlaWdodDogMTIwJTsKICAgIGJvcmRlci1yYWRpdXM6IDVweDsKfQoKLnJldmlld0JuciBzcGFuIHsKICAgIGNvbG9yOiAjZmYwMDAwOwp9CgoucmV2aWV3Qm5yIHN0cm9uZyB7CiAgICBmb250LXNpemU6IDE4cHg7Cn0KCi5ibnJfZWFnbGVzewogICAgd2lkdGg6IDcwMHB4OwogICAgZGlzcGxheTogYmxvY2s7CiAgICBiYWNrZ3JvdW5kLWNvbG9yOiAjOTIwNDFlOwogICAgdGV4dC1hbGlnbjogY2VudGVyOwp9CgoKCmh0bWwsYm9keSB7CmZvbnQtZmFtaWx5OiBDZW50dXJ5IEdvdGhpYywgQXJpYWw7Cn0KCnNwYW4uY2F0ZWdvcnlfaXRlbXRheHBvc3RhZ2Uge2ZvbnQtc2l6ZToxMHB4O30Kc3Bhbi5jYXRlZ29yeV9pdGVtcHJpY2Uge2NvbG9yOiNiZjAwMDA7Zm9udC1zaXplOjI0cHg7Zm9udC13ZWlnaHQ6Ym9sZDsgZGlzcGxheTpibG9jazt9CnNwYW4ucHJpY2UyIHsgZm9udC1zaXplOjIyMCUgIWltcG9ydGFudDtmb250LXdlaWdodDpib2xkO30KdGFibGV7ei1pbmRleDowO30gCnNwYW4uY2F0ZWdvcnlfaXRlbXByaWNlOmJlZm9yZXsvKmNvbnRlbnQ6IlBSSUNFICI7Ki9mb250LXNpemU6MTBweDt9Cjwvc3R5bGU+Cgo8IS0tIKSzpLOk3qTHIC0tPgoKCjwvdGFibGU+,pdupYKXqqWCl7algpempYKXcqWCl6yCl36XLIKWqpeyl86W4ob6YU8zsMjShv1tQTEFUWiil16XppcOlxCkgpdypYKXrKMiu08MpXaO6mFPM7DI0,mFPM7DI0pa+l6qW5pb+l66WspaSltqlgpd+lzaXppeulpqWpqWClv6lgpeqloqXDpdel6qWipcOl13g1pcClpqXLqWCls6XzpcmpYKXgpdql6qWopbWpYKXipbmls6Xzpcil7KXDpa+lucjVn4aksda5pOGls6Wzpcqlw6XEpaqlpKXrpKiktKTepLOk4dPNpbWl86XapeylsKXqpc7JyO9MmUOlr6Xqpbmlv6XrpaylpKW2qWAgNTAwbWwgNDixvr52pM7Ep8WuuMq+xqXbqWCl6qlgpe2pYKXpqWCl3Klgpesgpd+lyyClqqXspfOluKG+mFPM7DI0ob9bUExBVFoopdel6aXDpcQpIKXcqWCl6yjIrtPDKV0=,UExBVFoopdel6aXDpcQpL8uwkmkxODgwg9LS1MnPy83Bz59vwc+ho6XbqWCl6qlgpe2pYKXpqWCl3Klgpesgpd+lyyClqqXspfOluKG+mFPM7DI0ob9bUExBVFoopdel6aXDpcQpIKXcqWCl6yjIrtPDKV0=[rn]
31-51738,aHR0cDovL3RzaG9wLnIxMHMuanAvcmFrdXRlbjI0L2NhYmluZXQvZTE0OTQvZTE0OTQwOWhfbC5qcGc/Zml0aW49NzAwOjcwMA==,Nzc3LjYwMDA=,,pdqlw6XIP6XapcOlyKWwpcOluiA+IMiu08PGtyA+IKSqpOKkwaTjID4gpdypYKXr,paql66WrP6XGpculuaXcqWCl66G+mFPM7DI0ob9bUGV0c3RhZ2VzIKXcqWCl6yjIrtPDKV0=,UGV0c3RhZ2VzKKXapcOlyKW5pcapYKW4KS/LsJJpMTg4MIPS0tTJz8vNwc+fb8HP,PGJyPjxicj48c21hbGw+ofml0aXDpbGpYKW4pceltqWkpfO1yKTP0+i45qTKpK+J5Lj8pLWk7KTrpLOkyKSspKKk6qTepLmhozwvc21hbGw+PGJyPjxicj48dGFibGU+PHRyPjx0ZCB3aWR0aD0iMTAwJSI+PHAgY2xhc3M9InBkZXNjIj48ZGl2IGNsYXNzPSJwZGVzY3RpdGxlIj7JzMa31WjD9zwvZGl2PjxkaXYgY2xhc3M9InBkZXNjaG9uYnVuIj6huKWqpeulqz+lxqXLpbml3KlgpeuhuaTPoaLLrqTLuKGkr6GipOikr4+OpOChood5pN/QxLXYkmnIuqTOpdypYKXrKMiu08MppMekuaGjpe+l86TBpOOk86TOtPO6w6StpMql3KlgpevQzSGx7cPmpM7Eo5iUpM+abqSwpK2kzqXepcOltalgpbiEv7n7pOKho6SqpOSkxKTyyOuk7KTGmFOkt6Sv31uk2aTepLmhozwvZGl2PjxkaXYgY2xhc3M9InBkZXNjdGl0bGUiPqS016LS4jwvZGl2PjxkaXYgY2xhc3M9InBkZXNjaG9uYnVuIj6h8aSqytbI66TsPGJyPsuupN6kv6TPpMyk66TenKukx8+0pKShosuumt2k8qTopK/H0KTDpMbI1eqOuMmkt6S3pMakr6TApLWkpKGjPC9kaXY+PGRpdiBjbGFzcz0icGRlc2N0aXRsZSI+ssTZfDwvZGl2PjxkaXYgY2xhc3M9InBkZXNjaG9uYnVuIj6f4b/Jy9zQ1KWopemluaXIpd6pYDwvZGl2PjxkaXYgY2xhc3M9InBkZXNjdGl0bGUiPtStrmK5+jwvZGl2PjxkaXYgY2xhc3M9InBkZXNjaG9uYnVuIj7W0Ln6PC9kaXY+PC9wPjwvdGQ+PC90cj48L3RhYmxlPjxicj6l1qXppfOlyaO6UGV0c3RhZ2VzKKXapcOlyKW5pcapYKW4KTxicj6YU8zsMjSjvqXapcOlyNPDxrejvsiu08PGtyilsKXDpbopo77IrtPDpKqk4qTBpOM/zea+3yjIrj/fWymjvqXcqWCl66O+paql66WrP6XGpculuaXcqWCl6zxicj7dlMjr1KqjuqXApcOlyaWmpaelpDxicj7Ura5iufog1tC5+jxicj7W2MG/o7o3NGc8YnI+PGJyPjxicj6ltaWkpbqjutaxvrY3Y208YnI+SkFOpbOpYKXJo7qhoTA4NzE4NjQwMDIzNTI8YnI+PGJyPjx0YWJsZSB3aWR0aD0iMTAwJSIgYm9yZGVyPTAgY2VsbHNwYWNpbmc9MCBjZWxscGFkZGluZz01Pjx0cj48dGQ+PC90ZD48dHI+PHRkPjwvdGQ+PC90cj48L3RhYmxlPjxicj48YnI+PGJyPo7auObOxNifo7qlsaXzpbOpYKWzpeDW6sq9u+HJ5zxicj5URUw6MDUwLTU1NzctNTA0Mzxicj48YnI+W1BldHN0YWdlcyil2qXDpciluaXGqWCluCldPGJyPsiu08PGtyilsKXDpbopL8iu08OkqqTipMGk4z/N5r7fKMiuP99bKS+l3Klgpes8YnI+PGJyPjwhLS0gaWQ6ID9zLWlkPXIyNF9paGJucl8wMS8gP3MtaWQ9cjI0X2loYm5yXzAyIC0tPgo8dGFibGUgd2lkdGg9IjczMCIgY2VsbHBhZGRpbmc9IjAiIGNlbGxzcGFjaW5nPSIwIiBib3JkZXI9IjAiPgoKPCEtLTEwo6VPRkalr6lgpd2l8y8gLS0+Cgo8ZGl2IHN0eWxlPSJtYXJnaW4tYm90dG9tOjEwcHg7Ij4KCjxpbWcgc3JjPSIKaHR0cHM6Ly9pbWFnZS5yYWt1dGVuLmNvLmpwL3Jha3V0ZW4yNC9jYWJpbmV0L2NvdXBvbi9ibnJfMTAwXzcwMF82MC5qcGciIGFsdD0is/Wk4aTGpM63vc/etqgxMDCD0k9GRqWvqWCl3aXzo6EiIHdpZHRoPSI3MDAiIGhlaWdodD0iNjAiIGJvcmRlcj0iMCI+CjwvZGl2PgoKPGRpdiBzdHlsZT0ibWFyZ2luLWJvdHRvbToxMHB4OyI+Cgo8aW1nIHNyYz0iaHR0cHM6Ly9pbWFnZS5yYWt1dGVuLmNvLmpwL3Jha3V0ZW4yNC9jYWJpbmV0L2NvdXBvbi9ibnJfNzAwXzYwXzUwMDAuanBnIiBhbHQ9IjUsMDAwg9LS1MnP2Y/I6zEwJU9GRqOhIiB3aWR0aD0iNzAwIiBoZWlnaHQ9IjYwIiBib3JkZXI9IjAiPgo8L2Rpdj4KCjxkaXYgc3R5bGU9Im1hcmdpbi1ib3R0b206MTBweDsiPgoKPGltZyBzcmM9Imh0dHA6Ly9pbWFnZS5yYWt1dGVuLmNvLmpwL3Jha3V0ZW4yNC9jYWJpbmV0L2NvdXBvbi9ibnJfNzAwXzYwXzEwMDAwLmpwZyIgYWx0PSIxMCwwMDCD0tLUyc/Zj8jrpMcxNSVPRkajoSIgd2lkdGg9IjcwMCIgaGVpZ2h0PSI2MCIgYm9yZGVyPSIwIj4KPC9kaXY+Cgo8IS0tZGl2IHN0eWxlPSJtYXJnaW4tYm90dG9tOjEwcHg7Ij4KCjxpbWcgc3JjPSJodHRwOi8vaW1hZ2UucmFrdXRlbi5jby5qcC9yYWt1dGVuMjQvY2FiaW5ldC9jYW1wYWlnbi9hc3VyYWt1L2Jucl83MDBfNjAuanBnIiBhbHQ9IqSipLmYU8nMxrel3aWkpfOlyDOxtqOhIiB3aWR0aD0iNzAwIiBoZWlnaHQ9IjYwIiBib3JkZXI9IjAiPgo8L2Rpdi0tPgoKPGRpdiBzdHlsZT0ibWFyZ2luLWJvdHRvbToxMHB4OyI+Cgo8aW1nIHNyYz0iaHR0cHM6Ly9pbWFnZS5yYWt1dGVuLmNvLmpwL3Jha3V0ZW4yNC9jYWJpbmV0L3NwZWNpYWwvZmF0aGVyXzQ2OHg2MC5qcGciIGFsdD0ipd2lpKXzpcgzsbajoSIgd2lkdGg9IjQ2OCIgaGVpZ2h0PSI2MCIgYm9yZGVyPSIwIj4KPC9kaXY+CgoKPCEtLWRpdiBzdHlsZT0ibWFyZ2luLWJvdHRvbToxMHB4OyI+Cgo8aW1nIHNyYz0iaHR0cHM6Ly9pbWFnZS5yYWt1dGVuLmNvLmpwL3Jha3V0ZW4yNC9jYWJpbmV0L3NwZWNpYWwvMjAxNl9lY2FtcGFpZ24uanBnIiBhbHQ9IqWkqWClsKXrpbmE2cD705vE7qXdpaSl86XIMrG2o6EiIHdpZHRoPSI0NjgiIGhlaWdodD0iNjAiIGJvcmRlcj0iMCI+CjwvZGl2LS0+CgoKPCEtLSAvMTCjpU9GRqWvqWCl3aXzIC0tPgoKPCEtLSCkqqS5pLmk4cnMxrcgLS0+CqXGpeyl071CvemjugqlyKXepciluKXlqWCluSAvCqXepaulx6XfpaKlyqXDpcSlqqWkpesgLwog64qE06XWpeylw6XJpaulw6W/qWAgLwogpeulpKXcpbmlxqWjqWAgLwqk6qTzpLT1oSAvCjwhLS0gL6SqpLmkuaThyczGtyAtLT4KCgoKPCEtLSCYU8zsMjSkq6TppM6l4aXDpbupYKW4LyAtLT4KPGJyPjxicj4KCgo8IS0tIC+YU8zsMjSkq6TppM6l4aXDpbupYKW4IC0tPgoKPCEtLSCkoqS5mFNORy8gLS0+CjwhLS2hoTxpbWcgc3JjPSJodHRwOi8vaW1hZ2UucmFrdXRlbi5jby5qcC9yYWt1dGVuMjQvY2FiaW5ldC9pdGVtNDYvYXN1cmFrdTA3MDQuanBnIiB3aWR0aD0iNzMwIiBoZWlnaHQ9IjEzMCIgYm9yZGVyPSIwIj4KCjxkaXYgc3R5bGU9Im1hcmdpbi1ib3R0b206NXB4OyI+CjxpbWcgc3JjPSJodHRwOi8vaW1hZ2UucmFrdXRlbi5jby5qcC9yYWt1dGVuMjQvY2FiaW5ldC9pdGVtNDUvYXN1cmFrdTA3MTEuanBnIiB3aWR0aD0iNzMwIiBoZWlnaHQ9IjUwIiBib3JkZXI9IjAiPgo8L2Rpdj4KLS0+CjwhLS0gL6SipLmYU05HIC0tPgoKCgo8IS0tILvY31svIC0tPgo8IS0tIAoKIC0tPgo8IS0tIC+72N9bIC0tPgoKCgo8IS0tIDLB0LHtyr7Tw6XQpcqpYKWopeqloj4KPCEtLQo8dHI+Cjx0ZCB3aWR0aD0iMzY1Ij48aW1nIHNyYz0iaHR0cDovL3d3dy5yYWt1dGVuLm5lLmpwL2dvbGQvcmFrdXRlbjI0L2l0ZW0vaW1hZ2VzL2l0ZW1wYWdlX2Jucl8wMS5qcGciIHdpZHRoPSIzNjAiIGhlaWdodD0iNjAiIGJvcmRlcj0iMCIgYWx0PSIiPjwvdGQ+Cjx0ZCB3aWR0aD0iMzY1Ij48aW1nIHNyYz0iaHR0cDovL3d3dy5yYWt1dGVuLm5lLmpwL2dvbGQvcmFrdXRlbjI0L2l0ZW0vaW1hZ2VzL2l0ZW1wYWdlX2Jucl8wMi5naWYiIHdpZHRoPSIzNjAiIGhlaWdodD0iNjAiIGJvcmRlcj0iMCIgYWx0PSIiPjwvdGQ+CjwvdHI+Ci0tPiAKCjwhLS0g2UmkpM7vpKuktKXcpb+l8y8gLS0+CjxzdHlsZT4KLyogvsml3KW/pfMKI3Jha3V0ZW5MaW1pdGVkSWRfYXJvdW5kQ2FydCBpbnB1dCB7CiAgd2lkdGg6IDE2MHB4OwogIGhlaWdodDogNDBweDsKIGJhY2tncm91bmQ6dXJsKGh0dHA6Ly9pbWFnZS5yYWt1dGVuLmNvLmpwL3Jha3V0ZW4yNC9jYWJpbmV0L3Rlc3QvY2FydF9ibGFjay5naWYpICNmY2ZjZmMgbm8tcmVwZWF0OwogIG92ZXJmbG93OiBoaWRkZW47CiAgYm9yZGVyLXdpZHRoOiAwcHg7CiAgdGV4dC1pbmRlbnQ6IDE1MCU7CiAgY3Vyc29yOiBwb2ludGVyICFpbXBvcnRhbnQ7CiAgd2hpdGUtc3BhY2U6IG5vd3JhcDsKICBtYXJnaW46IDEwcHggMCAwIDA7Cn0KKi8KCi8qIL7JMgojcmFrdXRlbkxpbWl0ZWRJZF9hcm91bmRDYXJ0IGlucHV0IHsKICB3aWR0aDogMTgwcHg7CiAgaGVpZ2h0OiA0MHB4OwogYmFja2dyb3VuZDp1cmwoaHR0cDovL2ltYWdlLnJha3V0ZW4uY28uanAvcmFrdXRlbjI0L2NhYmluZXQvbGF5b3V0L2J0bl9jYXJ0X2JsYWNrLmdpZikgI2ZjZmNmYyBuby1yZXBlYXQ7CiAgb3ZlcmZsb3c6IGhpZGRlbjsKICBib3JkZXItd2lkdGg6IDBweDsKICB0ZXh0LWluZGVudDogMTUwJTsKICBjdXJzb3I6IHBvaW50ZXIgIWltcG9ydGFudDsKICB3aGl0ZS1zcGFjZTogbm93cmFwOwogIG1hcmdpbjogMTBweCAwIDAgMDsKfQoqLwoKLyog0+i8c6SrpLSMnY/qpMels6XhpfOlyKWipaalyAojcmFrdXRlbkxpbWl0ZWRJZF9hcm91bmRDYXJ0IGlucHV0IHsKICB3aWR0aDogMTgwcHg7CiAgaGVpZ2h0OiA0MHB4OwogYmFja2dyb3VuZDp1cmwoImh0dHA6Ly9pbWFnZS5yYWt1dGVuLmNvLmpwL3Jha3V0ZW4yNC9jYWJpbmV0L2xheW91dC9idG5fY2FydF9ibGFjay5naWYiKSAjZmNmY2ZjIG5vLXJlcGVhdDsKICBvdmVyZmxvdzogaGlkZGVuOwogIGJvcmRlci13aWR0aDogMHB4OwogIHRleHQtaW5kZW50OiAxNTAlOwogIGN1cnNvcjogcG9pbnRlciAhaW1wb3J0YW50OwogIHdoaXRlLXNwYWNlOiBub3dyYXA7CiAgbWFyZ2luOiAxMHB4IDAgMCAwOwp9CiovCiNyYWt1dGVuTGltaXRlZElkX2Fyb3VuZENhcnQgaW5wdXQuckNhcnRCdG46aG92ZXIsCmRpdi5zaG9wQm9va21hcmtBcmVhIGRpdi5zaG9wQmttIGEuYWRkU2hvcEJrbSBzcGFuLnNob3BCa21TdGFyOmhvdmVyLApkaXYuYm9va21hcmtBcmVhIGRpdi5ia20gYS5hZGRCa20gc3Bhbi5ia21TdGFyOmhvdmVyIHsKICBvcGFjaXR5OiAwLjg7CiAgZmlsdGVyOiBhbHBoYShvcGFjaXR5PTgwKTsKfQoKI3Jha3V0ZW5MaW1pdGVkSWRfYXJvdW5kQ2FydCAjc2VydmljZVRhYmxlU21sewovKgogIG1hcmdpbi1sZWZ0OiA5MnB4ICFpbXBvcnRhbnQ7CiovCn0KCiNyYWt1dGVuTGltaXRlZElkX2Fyb3VuZENhcnQgI3NlcnZpY2VUYWJsZVNtbCB0ZC5mYXZvcml0ZXsKd2lkdGg6IDI3MHB4ICFpbXBvcnRhbnQ7Cn0KCgoKI3Jha3V0ZW5MaW1pdGVkSWRfYXJvdW5kQ2FydCBkaXYuc2hvcEJrbXsKd2lkdGg6IDEyMHB4Owp9CgpkaXYuc2hvcEJvb2ttYXJrQXJlYSBkaXYuc2hvcEJrbSBhLmFkZFNob3BCa217CndpZHRoOiAxMjBweCAhaW1wb3J0YW50OwpoZWlnaHQ6IDI2cHggIWltcG9ydGFudDsKfQoKZGl2LnNob3BCb29rbWFya0FyZWEgZGl2LnNob3BCa20gYS5hZGRTaG9wQmttIHNwYW4uc2hvcEJrbVN0YXJ7CndpZHRoOiAxMjBweCAhaW1wb3J0YW50OwpoZWlnaHQ6IDI2cHggIWltcG9ydGFudDsKYmFja2dyb3VuZDogdXJsKGh0dHA6Ly9pbWFnZS5yYWt1dGVuLmNvLmpwL3Jha3V0ZW4yNC9jYWJpbmV0L2xheW91dC9idG5fZmF2b3JpdGVfc2hvcC5naWYpIG5vLXJlcGVhdCAwIDAgIWltcG9ydGFudDsKfQoKCgojcmFrdXRlbkxpbWl0ZWRJZF9hcm91bmRDYXJ0IGRpdi5ia217CndpZHRoOiAxMjBweDsKfQoKZGl2LmJvb2ttYXJrQXJlYSBkaXYuYmttIGEuYWRkQmttewp3aWR0aDogMTIwcHggIWltcG9ydGFudDsKaGVpZ2h0OiAyNnB4ICFpbXBvcnRhbnQ7Cn0KCmRpdi5ib29rbWFya0FyZWEgZGl2LmJrbSBhLmFkZEJrbSBzcGFuLmJrbVN0YXJ7CndpZHRoOiAxMjBweCAhaW1wb3J0YW50OwpoZWlnaHQ6IDI2cHggIWltcG9ydGFudDsKYmFja2dyb3VuZDogdXJsKGh0dHA6Ly9pbWFnZS5yYWt1dGVuLmNvLmpwL3Jha3V0ZW4yNC9jYWJpbmV0L2xheW91dC9idG5fZmF2b3JpdGVfaXRlbS5naWYpIG5vLXJlcGVhdCAwIDAgIWltcG9ydGFudDsKfQoKLndlZWtseUJucnsKd2lkdGg6IDcwMHB4OwpoZWlnaHQ6IDIzMXB4Owpwb3NpdGlvbjogcmVsYXRpdmU7CmJhY2tncm91bmQ6IHVybCgiaHR0cDovL3d3dy5yYWt1dGVuLm5lLmpwL2dvbGQvcmFrdXRlbjI0L2ltZy9yYW5rMS9iZ19yYW5rYm5yLmpwZyIpIGxlZnQgdG9wIG5vLXJlcGVhdDsKfQoKLndlZWtseUJuciBpbWd7CndpZHRoOiA2NjJweDsKcG9zaXRpb246IGFic29sdXRlOwpib3R0b206IDMwcHg7CmxlZnQ6IDIwcHg7CnotaW5kZXg6IDEwOwp9Cgoud2Vla2x5Qm5yOmFmdGVyewpjb250ZW50OiB1cmwoImh0dHA6Ly93d3cucmFrdXRlbi5uZS5qcC9nb2xkL3Jha3V0ZW4yNC9pbWcvcmFuazEvd3JhcF9yYW5rYm5yLnBuZyIpOwpwb3NpdGlvbjogYWJzb2x1dGU7CnRvcDogMDsKbGVmdDogMDsKei1pbmRleDogMTAwOwp9CgoucmV2aWV3Qm5yIHsKICAgIHdpZHRoOiA3MDBweDsKICAgIGhlaWdodDogMTAwcHg7CiAgICBiYWNrZ3JvdW5kOiB1cmwoImh0dHA6Ly9pbWFnZS5yYWt1dGVuLmNvLmpwL3Jha3V0ZW4yNC9jYWJpbmV0L2NhbXBhaWduL3Jldmlldy9iZ19yZXZpZXdibnIuanBnIikgbGVmdCB0b3Agbm8tcmVwZWF0OwogICAgcG9zaXRpb246IHJlbGF0aXZlOwogICAgZm9udC1zaXplOiAxNnB4Owp9CgoucmV2aWV3Qm5yIGRpdiB7CiAgICBwYWRkaW5nOiAxMHB4OwogICAgYmFja2dyb3VuZDogI2ZmZjsKICAgIHBvc2l0aW9uOiBhYnNvbHV0ZTsKICAgIHRvcDogMTFweDsKICAgIGxlZnQ6IDE4MHB4OwogICAgbGluZS1oZWlnaHQ6IDEyMCU7CiAgICBib3JkZXItcmFkaXVzOiA1cHg7Cn0KCi5yZXZpZXdCbnIgc3BhbiB7CiAgICBjb2xvcjogI2ZmMDAwMDsKfQoKLnJldmlld0JuciBzdHJvbmcgewogICAgZm9udC1zaXplOiAxOHB4Owp9CgouYm5yX2VhZ2xlc3sKICAgIHdpZHRoOiA3MDBweDsKICAgIGRpc3BsYXk6IGJsb2NrOwogICAgYmFja2dyb3VuZC1jb2xvcjogIzkyMDQxZTsKICAgIHRleHQtYWxpZ246IGNlbnRlcjsKfQoKCgpodG1sLGJvZHkgewpmb250LWZhbWlseTogQ2VudHVyeSBHb3RoaWMsIEFyaWFsOwp9CgpzcGFuLmNhdGVnb3J5X2l0ZW10YXhwb3N0YWdlIHtmb250LXNpemU6MTBweDt9CnNwYW4uY2F0ZWdvcnlfaXRlbXByaWNlIHtjb2xvcjojYmYwMDAwO2ZvbnQtc2l6ZToyNHB4O2ZvbnQtd2VpZ2h0OmJvbGQ7IGRpc3BsYXk6YmxvY2s7fQpzcGFuLnByaWNlMiB7IGZvbnQtc2l6ZToyMjAlICFpbXBvcnRhbnQ7Zm9udC13ZWlnaHQ6Ym9sZDt9CnRhYmxle3otaW5kZXg6MDt9IApzcGFuLmNhdGVnb3J5X2l0ZW1wcmljZTpiZWZvcmV7Lypjb250ZW50OiJQUklDRSAiOyovZm9udC1zaXplOjEwcHg7fQo8L3N0eWxlPgoKPCEtLSCks6SzpN6kxyAtLT4KCgo8L3RhYmxlPg==,paql66WrP6XGpculuaXcqWCl66G+mFPM7DI0ob9bUGV0c3RhZ2VzIKXcqWCl6yjIrtPDKV2juphTzOwyNA==,mFPM7DI0pa+l6qW5pb+l66WspaSltqlgpd+lzaXppeulpqWpqWClv6lgpeqloqXDpdel6qWipcOl13g1pcClpqXLqWCls6XzpcmpYKXgpdql6qWopbWpYKXipbmls6Xzpcil7KXDpa+lucjVn4aksda5pOGls6Wzpcqlw6XEpaqlpKXrpKiktKTepLOk4dPNpbWl86XapeylsKXqpc7JyO9MmUOlr6Xqpbmlv6XrpaylpKW2qWAgNTAwbWwgNDixvr52pM7Ep8WuuMq+xqWqpeulqz+lxqXLpbml3KlgpeuhvphTzOwyNKG/W1BldHN0YWdlcyCl3KlgpesoyK7Twyld,UGV0c3RhZ2VzKKXapcOlyKW5pcapYKW4KS/LsJJpMTg4MIPS0tTJz8vNwc+fb8HPoaOlqqXrpas/pcaly6W5pdypYKXrob6YU8zsMjShv1tQZXRzdGFnZXMgpdypYKXrKMiu08MpXQ==[rn]
31-51739,aHR0cDovL3RzaG9wLnIxMHMuanAvcmFrdXRlbjI0L2NhYmluZXQvZTAxODcvZTAxODc3OGhfbC5qcGc/Zml0aW49NzAwOjcwMA==,NjI5LjYwMDA=,,pdqlw6XIP6XapcOlyKWwpcOluiA+IMiu08PGtyA+IKSqpOKkwaTjID4gpdypYKXr,pcalyKXpIKWzpfOlsCCluaXiqWCl66WmpaGl0CCl6aWkpcil1qXrqWChvphTzOwyNKG/W6WzpfOlsCCl3KlgpesoyK7Twyld,S09ORyils6XzpbApL8uwkmkxODgwg9LS1MnPy83Bz59vwc8=,PGEgaHJlZj0iaHR0cDovL3d3dy5yYWt1dGVuLm5lLmpwL2dvbGQvcmFrdXRlbjI0L2NhbXBhaWduL3Jldmlldy8/cy1pZD1yMjRfcmV2aWV3X2ZpcnN0MDEiIHRhcmdldD0iX2JsYW5rIj48aW1nIHNyYz0iaHR0cDovL2ltYWdlLnJha3V0ZW4uY28uanAvcmFrdXRlbjI0L2NhYmluZXQvY2FtcGFpZ24vcmV2aWV3LzFiYW5fcmV2aWV3LmpwZyIgd2lkdGg9IjcwMCIgaGVpZ2h0PSIxMDAiIGJvcmRlcj0iMCIgLz48L2E+PGJyPqH5P6XspdOl5algzba45ZVypMult6XnpcOl16TY16LOxLesusWk8taqpOmku6TroaOkzqXBpaelw6WvpPLI66TspMakr6TApLWkpKGjPGJyPj/h4cjVpeGpYKXrpMukxqWvqWCl3aXzVVJMpPKkqsvNpOqkt6TepLmhozxhIGhyZWY9Imh0dHBzOi8vb3JkZXIubXkucmFrdXRlbi5jby5qcC8/cy1pZD1yMjRfcmV2aWV3X2ZpcnN0MDIiPqH2ofWl7KXTpeWpYKTylfikr6H1ofY8L2E+PGJyPj/L+6TOt72krM/IpMvNtrjlpLekv4j2us+hoqWvqWCl3aXz302zyoydz/PN4qTIpMqk6qTepLmkzqTHpLTXotLipK+kwKS1pKSho6XspdOl5algzba45aTPz8Kyv6TL05vdZKS3pMakpKTepLmhozxicj4/peyl06XlqWDNtrjlpKuk6be007Ok3qTHlXKy7qSspKKk66S/pOGhosnMxre7rcPmyc+kzqXspdOl5algvP7K/aTIjGfrSKTOzba45bz+yv2krK6QpMqk64j2us+krKSipOqk3qS5pM6kx9PopOGktMHLs9Ckr6TApLWkpKGjPGJyPqGhPGJyPjxicj48c21hbGw+ofml0aXDpbGpYKW4pceltqWkpfO1yKTP0+i45qTKpK+J5Lj8pLWk7KTrpLOkyKSspKKk6qTepLmhozwvc21hbGw+PGJyPjxicj48dGFibGU+PHRyPjx0ZCB3aWR0aD0iMTAwJSI+PHAgY2xhc3M9InBkZXNjIj48ZGl2IGNsYXNzPSJwZGVzY3RpdGxlIj7JzMa31WjD9zwvZGl2PjxkaXYgY2xhc3M9InBkZXNjaG9uYnVuIj6huKXGpcil6SCls6XzpbAgpbml4qlgpeulpqWhpdAgpemlpKXIpdal66lgobmkz6Gi0amkwKTrpN6ky6XSpeml0qXppLekvzSxvqTO1+OkrKTEpKSkv6TopKakyqXmpcupYKWvpMrQzte0pM6l3KlgpesoyK7Twymkx6S5oaO80tflpM7Su4ZUpMekoqTrkNvIrqTIpM6ls6XfpeWly6WxqWClt6XnpfOk8phTpLek36Gi0ru+d6TOlXLpZ6TypaKlr6XGpaOl1qTL316ktKS5pL+k4aTL6V+wa6S1pOyk3qS3pL+ho6TJpLOkx6TipK+k76SopMahot9bpNOk5KS5pKSlx6W2paSl86GjkNvIrqSstPO6w6StpMrfW6TTpKyls6XsMaTEpMdPS6Gj1cm38qTHmm6ky6TkpLWkt6SvoaK6zrbIpMek4s+0pKik3qS5oaOQ28iupM6087rDpK2kyqXUqWCl1Klg0vSk4vhRpOqk3qS5oaM8L2Rpdj48ZGl2IGNsYXNzPSJwZGVzY3RpdGxlIj6yxNl8PC9kaXY+PGRpdiBjbGFzcz0icGRlc2Nob25idW4iPqXKpaSl7aXzv42+U6GipbSl4DwvZGl2PjxkaXYgY2xhc3M9InBkZXNjdGl0bGUiPsn6rmK5+jwvZGl2PjxkaXYgY2xhc3M9InBkZXNjaG9uYnVuIj6loqXhpeqlqzwvZGl2PjwvcD48L3RkPjwvdHI+PC90YWJsZT48YnI+pdal6aXzpcmjuktPTkcopbOl86WwKTxicj6YU8zsMjSjvqXapcOlyNPDxrejvsiu08PGtyilsKXDpbopo77IrtPDpKqk4qTBpOM/zea+3yjIrj/fWymjvqXcqWCl66O+pcalyKXpIKWzpfOlsCCluaXiqWCl66WmpaGl0CCl6aWkpcil1qXrqWA8YnI+3ZTI69Sqo7qluaXapa+lyKXppeAgpdal6aXzpbogpbil46XRpfM8YnI+1K2uYrn6INbQufo8YnI+1tjBv6O6NjdnPGJyPjxicj6lq6XpqWCjuqXppaSlyKXWpeupYDxicj6ltaWkpbqjuqSvpNOk7LK/uuG3+TQwbW2hos/CpdypYKXruuG3+TQwbW2hoqXGqWCl66TO6UyktTExMG1tPGJyPkpBTqWzqWClyaO6oaEwMzU1ODU3NDAyMDE8YnI+PGJyPjx0YWJsZSB3aWR0aD0iMTAwJSIgYm9yZGVyPTAgY2VsbHNwYWNpbmc9MCBjZWxscGFkZGluZz01Pjx0cj48dGQ+PC90ZD48dHI+PHRkPjwvdGQ+PC90cj48L3RhYmxlPjxicj48YnI+PGJyPo7auObOxNifo7qlsaXzpbOpYKWzpeDW6sq9u+HJ5zxicj5URUw6MDUwLTU1NzctNTA0Mzxicj48YnI+W0tPTkcopbOl86WwKV08YnI+yK7Tw8a3KKWwpcOluikvyK7Tw6SqpOKkwaTjP83mvt8oyK4/31spL6XcqWCl6zxicj48YnI+PCEtLSBpZDogP3MtaWQ9cjI0X2loYm5yXzAxLyA/cy1pZD1yMjRfaWhibnJfMDIgLS0+Cjx0YWJsZSB3aWR0aD0iNzMwIiBjZWxscGFkZGluZz0iMCIgY2VsbHNwYWNpbmc9IjAiIGJvcmRlcj0iMCI+Cgo8IS0tMTCjpU9GRqWvqWCl3aXzLyAtLT4KCjxkaXYgc3R5bGU9Im1hcmdpbi1ib3R0b206MTBweDsiPgoKPGltZyBzcmM9IgpodHRwczovL2ltYWdlLnJha3V0ZW4uY28uanAvcmFrdXRlbjI0L2NhYmluZXQvY291cG9uL2Jucl8xMDBfNzAwXzYwLmpwZyIgYWx0PSKz9aThpMakzre9z962qDEwMIPST0ZGpa+pYKXdpfOjoSIgd2lkdGg9IjcwMCIgaGVpZ2h0PSI2MCIgYm9yZGVyPSIwIj4KPC9kaXY+Cgo8ZGl2IHN0eWxlPSJtYXJnaW4tYm90dG9tOjEwcHg7Ij4KCjxpbWcgc3JjPSJodHRwczovL2ltYWdlLnJha3V0ZW4uY28uanAvcmFrdXRlbjI0L2NhYmluZXQvY291cG9uL2Jucl83MDBfNjBfNTAwMC5qcGciIGFsdD0iNSwwMDCD0tLUyc/Zj8jrMTAlT0ZGo6EiIHdpZHRoPSI3MDAiIGhlaWdodD0iNjAiIGJvcmRlcj0iMCI+CjwvZGl2PgoKPGRpdiBzdHlsZT0ibWFyZ2luLWJvdHRvbToxMHB4OyI+Cgo8aW1nIHNyYz0iaHR0cDovL2ltYWdlLnJha3V0ZW4uY28uanAvcmFrdXRlbjI0L2NhYmluZXQvY291cG9uL2Jucl83MDBfNjBfMTAwMDAuanBnIiBhbHQ9IjEwLDAwMIPS0tTJz9mPyOukxzE1JU9GRqOhIiB3aWR0aD0iNzAwIiBoZWlnaHQ9IjYwIiBib3JkZXI9IjAiPgo8L2Rpdj4KCjwhLS1kaXYgc3R5bGU9Im1hcmdpbi1ib3R0b206MTBweDsiPgoKPGltZyBzcmM9Imh0dHA6Ly9pbWFnZS5yYWt1dGVuLmNvLmpwL3Jha3V0ZW4yNC9jYWJpbmV0L2NhbXBhaWduL2FzdXJha3UvYm5yXzcwMF82MC5qcGciIGFsdD0ipKKkuZhTyczGt6XdpaSl86XIM7G2o6EiIHdpZHRoPSI3MDAiIGhlaWdodD0iNjAiIGJvcmRlcj0iMCI+CjwvZGl2LS0+Cgo8ZGl2IHN0eWxlPSJtYXJnaW4tYm90dG9tOjEwcHg7Ij4KCjxpbWcgc3JjPSJodHRwczovL2ltYWdlLnJha3V0ZW4uY28uanAvcmFrdXRlbjI0L2NhYmluZXQvc3BlY2lhbC9mYXRoZXJfNDY4eDYwLmpwZyIgYWx0PSKl3aWkpfOlyDOxtqOhIiB3aWR0aD0iNDY4IiBoZWlnaHQ9IjYwIiBib3JkZXI9IjAiPgo8L2Rpdj4KCgo8IS0tZGl2IHN0eWxlPSJtYXJnaW4tYm90dG9tOjEwcHg7Ij4KCjxpbWcgc3JjPSJodHRwczovL2ltYWdlLnJha3V0ZW4uY28uanAvcmFrdXRlbjI0L2NhYmluZXQvc3BlY2lhbC8yMDE2X2VjYW1wYWlnbi5qcGciIGFsdD0ipaSpYKWwpeuluYTZwPvTm8Tupd2lpKXzpcgysbajoSIgd2lkdGg9IjQ2OCIgaGVpZ2h0PSI2MCIgYm9yZGVyPSIwIj4KPC9kaXYtLT4KCgo8IS0tIC8xMKOlT0ZGpa+pYKXdpfMgLS0+Cgo8IS0tIKSqpLmkuaThyczGtyAtLT4Kpcal7KXTvUK96aO6CqXIpd6lyKW4peWpYKW5IC8Kpd6lq6XHpd+loqXKpcOlxKWqpaSl6yAvCiDrioTTpdal7KXDpcmlq6XDpb+pYCAvCiCl66WkpdyluaXGpaOpYCAvCqTqpPOktPWhIC8KPCEtLSAvpKqkuaS5pOHJzMa3IC0tPgoKCgo8IS0tIJhTzOwyNKSrpOmkzqXhpcOlu6lgpbgvIC0tPgo8YnI+PGJyPgoKCjwhLS0gL5hTzOwyNKSrpOmkzqXhpcOlu6lgpbggLS0+Cgo8IS0tIKSipLmYU05HLyAtLT4KPCEtLaGhPGltZyBzcmM9Imh0dHA6Ly9pbWFnZS5yYWt1dGVuLmNvLmpwL3Jha3V0ZW4yNC9jYWJpbmV0L2l0ZW00Ni9hc3VyYWt1MDcwNC5qcGciIHdpZHRoPSI3MzAiIGhlaWdodD0iMTMwIiBib3JkZXI9IjAiPgoKPGRpdiBzdHlsZT0ibWFyZ2luLWJvdHRvbTo1cHg7Ij4KPGltZyBzcmM9Imh0dHA6Ly9pbWFnZS5yYWt1dGVuLmNvLmpwL3Jha3V0ZW4yNC9jYWJpbmV0L2l0ZW00NS9hc3VyYWt1MDcxMS5qcGciIHdpZHRoPSI3MzAiIGhlaWdodD0iNTAiIGJvcmRlcj0iMCI+CjwvZGl2PgotLT4KPCEtLSAvpKKkuZhTTkcgLS0+CgoKCjwhLS0gu9jfWy8gLS0+CjwhLS0gCgogLS0+CjwhLS0gL7vY31sgLS0+CgoKCjwhLS0gMsHQse3KvtPDpdClyqlgpail6qWiPgo8IS0tCjx0cj4KPHRkIHdpZHRoPSIzNjUiPjxpbWcgc3JjPSJodHRwOi8vd3d3LnJha3V0ZW4ubmUuanAvZ29sZC9yYWt1dGVuMjQvaXRlbS9pbWFnZXMvaXRlbXBhZ2VfYm5yXzAxLmpwZyIgd2lkdGg9IjM2MCIgaGVpZ2h0PSI2MCIgYm9yZGVyPSIwIiBhbHQ9IiI+PC90ZD4KPHRkIHdpZHRoPSIzNjUiPjxpbWcgc3JjPSJodHRwOi8vd3d3LnJha3V0ZW4ubmUuanAvZ29sZC9yYWt1dGVuMjQvaXRlbS9pbWFnZXMvaXRlbXBhZ2VfYm5yXzAyLmdpZiIgd2lkdGg9IjM2MCIgaGVpZ2h0PSI2MCIgYm9yZGVyPSIwIiBhbHQ9IiI+PC90ZD4KPC90cj4KLS0+IAoKPCEtLSDZSaSkzu+kq6S0pdylv6XzLyAtLT4KPHN0eWxlPgovKiC+yaXcpb+l8wojcmFrdXRlbkxpbWl0ZWRJZF9hcm91bmRDYXJ0IGlucHV0IHsKICB3aWR0aDogMTYwcHg7CiAgaGVpZ2h0OiA0MHB4OwogYmFja2dyb3VuZDp1cmwoaHR0cDovL2ltYWdlLnJha3V0ZW4uY28uanAvcmFrdXRlbjI0L2NhYmluZXQvdGVzdC9jYXJ0X2JsYWNrLmdpZikgI2ZjZmNmYyBuby1yZXBlYXQ7CiAgb3ZlcmZsb3c6IGhpZGRlbjsKICBib3JkZXItd2lkdGg6IDBweDsKICB0ZXh0LWluZGVudDogMTUwJTsKICBjdXJzb3I6IHBvaW50ZXIgIWltcG9ydGFudDsKICB3aGl0ZS1zcGFjZTogbm93cmFwOwogIG1hcmdpbjogMTBweCAwIDAgMDsKfQoqLwoKLyogvskyCiNyYWt1dGVuTGltaXRlZElkX2Fyb3VuZENhcnQgaW5wdXQgewogIHdpZHRoOiAxODBweDsKICBoZWlnaHQ6IDQwcHg7CiBiYWNrZ3JvdW5kOnVybChodHRwOi8vaW1hZ2UucmFrdXRlbi5jby5qcC9yYWt1dGVuMjQvY2FiaW5ldC9sYXlvdXQvYnRuX2NhcnRfYmxhY2suZ2lmKSAjZmNmY2ZjIG5vLXJlcGVhdDsKICBvdmVyZmxvdzogaGlkZGVuOwogIGJvcmRlci13aWR0aDogMHB4OwogIHRleHQtaW5kZW50OiAxNTAlOwogIGN1cnNvcjogcG9pbnRlciAhaW1wb3J0YW50OwogIHdoaXRlLXNwYWNlOiBub3dyYXA7CiAgbWFyZ2luOiAxMHB4IDAgMCAwOwp9CiovCgovKiDT6LxzpKuktIydj+qkx6WzpeGl86XIpaKlpqXICiNyYWt1dGVuTGltaXRlZElkX2Fyb3VuZENhcnQgaW5wdXQgewogIHdpZHRoOiAxODBweDsKICBoZWlnaHQ6IDQwcHg7CiBiYWNrZ3JvdW5kOnVybCgiaHR0cDovL2ltYWdlLnJha3V0ZW4uY28uanAvcmFrdXRlbjI0L2NhYmluZXQvbGF5b3V0L2J0bl9jYXJ0X2JsYWNrLmdpZiIpICNmY2ZjZmMgbm8tcmVwZWF0OwogIG92ZXJmbG93OiBoaWRkZW47CiAgYm9yZGVyLXdpZHRoOiAwcHg7CiAgdGV4dC1pbmRlbnQ6IDE1MCU7CiAgY3Vyc29yOiBwb2ludGVyICFpbXBvcnRhbnQ7CiAgd2hpdGUtc3BhY2U6IG5vd3JhcDsKICBtYXJnaW46IDEwcHggMCAwIDA7Cn0KKi8KI3Jha3V0ZW5MaW1pdGVkSWRfYXJvdW5kQ2FydCBpbnB1dC5yQ2FydEJ0bjpob3ZlciwKZGl2LnNob3BCb29rbWFya0FyZWEgZGl2LnNob3BCa20gYS5hZGRTaG9wQmttIHNwYW4uc2hvcEJrbVN0YXI6aG92ZXIsCmRpdi5ib29rbWFya0FyZWEgZGl2LmJrbSBhLmFkZEJrbSBzcGFuLmJrbVN0YXI6aG92ZXIgewogIG9wYWNpdHk6IDAuODsKICBmaWx0ZXI6IGFscGhhKG9wYWNpdHk9ODApOwp9CgojcmFrdXRlbkxpbWl0ZWRJZF9hcm91bmRDYXJ0ICNzZXJ2aWNlVGFibGVTbWx7Ci8qCiAgbWFyZ2luLWxlZnQ6IDkycHggIWltcG9ydGFudDsKKi8KfQoKI3Jha3V0ZW5MaW1pdGVkSWRfYXJvdW5kQ2FydCAjc2VydmljZVRhYmxlU21sIHRkLmZhdm9yaXRlewp3aWR0aDogMjcwcHggIWltcG9ydGFudDsKfQoKCgojcmFrdXRlbkxpbWl0ZWRJZF9hcm91bmRDYXJ0IGRpdi5zaG9wQmttewp3aWR0aDogMTIwcHg7Cn0KCmRpdi5zaG9wQm9va21hcmtBcmVhIGRpdi5zaG9wQmttIGEuYWRkU2hvcEJrbXsKd2lkdGg6IDEyMHB4ICFpbXBvcnRhbnQ7CmhlaWdodDogMjZweCAhaW1wb3J0YW50Owp9CgpkaXYuc2hvcEJvb2ttYXJrQXJlYSBkaXYuc2hvcEJrbSBhLmFkZFNob3BCa20gc3Bhbi5zaG9wQmttU3RhcnsKd2lkdGg6IDEyMHB4ICFpbXBvcnRhbnQ7CmhlaWdodDogMjZweCAhaW1wb3J0YW50OwpiYWNrZ3JvdW5kOiB1cmwoaHR0cDovL2ltYWdlLnJha3V0ZW4uY28uanAvcmFrdXRlbjI0L2NhYmluZXQvbGF5b3V0L2J0bl9mYXZvcml0ZV9zaG9wLmdpZikgbm8tcmVwZWF0IDAgMCAhaW1wb3J0YW50Owp9CgoKCiNyYWt1dGVuTGltaXRlZElkX2Fyb3VuZENhcnQgZGl2LmJrbXsKd2lkdGg6IDEyMHB4Owp9CgpkaXYuYm9va21hcmtBcmVhIGRpdi5ia20gYS5hZGRCa217CndpZHRoOiAxMjBweCAhaW1wb3J0YW50OwpoZWlnaHQ6IDI2cHggIWltcG9ydGFudDsKfQoKZGl2LmJvb2ttYXJrQXJlYSBkaXYuYmttIGEuYWRkQmttIHNwYW4uYmttU3RhcnsKd2lkdGg6IDEyMHB4ICFpbXBvcnRhbnQ7CmhlaWdodDogMjZweCAhaW1wb3J0YW50OwpiYWNrZ3JvdW5kOiB1cmwoaHR0cDovL2ltYWdlLnJha3V0ZW4uY28uanAvcmFrdXRlbjI0L2NhYmluZXQvbGF5b3V0L2J0bl9mYXZvcml0ZV9pdGVtLmdpZikgbm8tcmVwZWF0IDAgMCAhaW1wb3J0YW50Owp9Cgoud2Vla2x5Qm5yewp3aWR0aDogNzAwcHg7CmhlaWdodDogMjMxcHg7CnBvc2l0aW9uOiByZWxhdGl2ZTsKYmFja2dyb3VuZDogdXJsKCJodHRwOi8vd3d3LnJha3V0ZW4ubmUuanAvZ29sZC9yYWt1dGVuMjQvaW1nL3JhbmsxL2JnX3JhbmtibnIuanBnIikgbGVmdCB0b3Agbm8tcmVwZWF0Owp9Cgoud2Vla2x5Qm5yIGltZ3sKd2lkdGg6IDY2MnB4Owpwb3NpdGlvbjogYWJzb2x1dGU7CmJvdHRvbTogMzBweDsKbGVmdDogMjBweDsKei1pbmRleDogMTA7Cn0KCi53ZWVrbHlCbnI6YWZ0ZXJ7CmNvbnRlbnQ6IHVybCgiaHR0cDovL3d3dy5yYWt1dGVuLm5lLmpwL2dvbGQvcmFrdXRlbjI0L2ltZy9yYW5rMS93cmFwX3JhbmtibnIucG5nIik7CnBvc2l0aW9uOiBhYnNvbHV0ZTsKdG9wOiAwOwpsZWZ0OiAwOwp6LWluZGV4OiAxMDA7Cn0KCi5yZXZpZXdCbnIgewogICAgd2lkdGg6IDcwMHB4OwogICAgaGVpZ2h0OiAxMDBweDsKICAgIGJhY2tncm91bmQ6IHVybCgiaHR0cDovL2ltYWdlLnJha3V0ZW4uY28uanAvcmFrdXRlbjI0L2NhYmluZXQvY2FtcGFpZ24vcmV2aWV3L2JnX3Jldmlld2Juci5qcGciKSBsZWZ0IHRvcCBuby1yZXBlYXQ7CiAgICBwb3NpdGlvbjogcmVsYXRpdmU7CiAgICBmb250LXNpemU6IDE2cHg7Cn0KCi5yZXZpZXdCbnIgZGl2IHsKICAgIHBhZGRpbmc6IDEwcHg7CiAgICBiYWNrZ3JvdW5kOiAjZmZmOwogICAgcG9zaXRpb246IGFic29sdXRlOwogICAgdG9wOiAxMXB4OwogICAgbGVmdDogMTgwcHg7CiAgICBsaW5lLWhlaWdodDogMTIwJTsKICAgIGJvcmRlci1yYWRpdXM6IDVweDsKfQoKLnJldmlld0JuciBzcGFuIHsKICAgIGNvbG9yOiAjZmYwMDAwOwp9CgoucmV2aWV3Qm5yIHN0cm9uZyB7CiAgICBmb250LXNpemU6IDE4cHg7Cn0KCi5ibnJfZWFnbGVzewogICAgd2lkdGg6IDcwMHB4OwogICAgZGlzcGxheTogYmxvY2s7CiAgICBiYWNrZ3JvdW5kLWNvbG9yOiAjOTIwNDFlOwogICAgdGV4dC1hbGlnbjogY2VudGVyOwp9CgoKCmh0bWwsYm9keSB7CmZvbnQtZmFtaWx5OiBDZW50dXJ5IEdvdGhpYywgQXJpYWw7Cn0KCnNwYW4uY2F0ZWdvcnlfaXRlbXRheHBvc3RhZ2Uge2ZvbnQtc2l6ZToxMHB4O30Kc3Bhbi5jYXRlZ29yeV9pdGVtcHJpY2Uge2NvbG9yOiNiZjAwMDA7Zm9udC1zaXplOjI0cHg7Zm9udC13ZWlnaHQ6Ym9sZDsgZGlzcGxheTpibG9jazt9CnNwYW4ucHJpY2UyIHsgZm9udC1zaXplOjIyMCUgIWltcG9ydGFudDtmb250LXdlaWdodDpib2xkO30KdGFibGV7ei1pbmRleDowO30gCnNwYW4uY2F0ZWdvcnlfaXRlbXByaWNlOmJlZm9yZXsvKmNvbnRlbnQ6IlBSSUNFICI7Ki9mb250LXNpemU6MTBweDt9Cjwvc3R5bGU+Cgo8IS0tIKSzpLOk3qTHIC0tPgoKCjwvdGFibGU+,pcalyKXpIKWzpfOlsCCluaXiqWCl66WmpaGl0CCl6aWkpcil1qXrqWChvphTzOwyNKG/W6WzpfOlsCCl3KlgpesoyK7Twyldo7qYU8zsMjQ=,mFPM7DI0pa+l6qW5pb+l66WspaSltqlgpd+lzaXppeulpqWpqWClv6lgpeqloqXDpdel6qWipcOl13g1pcClpqXLqWCls6XzpcmpYKXgpdql6qWopbWpYKXipbmls6Xzpcil7KXDpa+lucjVn4aksda5pOGls6Wzpcqlw6XEpaqlpKXrpKiktKTepLOk4dPNpbWl86XapeylsKXqpc7JyO9MmUOlr6Xqpbmlv6XrpaylpKW2qWAgNTAwbWwgNDixvr52pM7Ep8WuuMq+xqXGpcil6SCls6XzpbAgpbml4qlgpeulpqWhpdAgpemlpKXIpdal66lgob6YU8zsMjShv1uls6XzpbAgpdypYKXrKMiu08MpXQ==,S09ORyils6XzpbApL8uwkmkxODgwg9LS1MnPy83Bz59vwc+ho6XGpcil6SCls6XzpbAgpbml4qlgpeulpqWhpdAgpemlpKXIpdal66lgob6YU8zsMjShv1uls6XzpbAgpdypYKXrKMiu08MpXQ==[rn]
31-51740,aHR0cDovL3RzaG9wLnIxMHMuanAvcmFrdXRlbjI0L2NhYmluZXQvZTAxODcvZTAxODc3MmhfbC5qcGc/Zml0aW49NzAwOjcwMA==,MTA2MS42MDAw,,pdqlw6XIP6XapcOlyKWwpcOluiA+IMiu08PGtyA+IKSqpOKkwaTjID4gpdypYKXr,pcalyKXpIKWzpfOlsCClpqWhpdAgpeylw6XJob6YU8zsMjShv1uls6XzpbAgpdypYKXrKMiu08MpXQ==,S09ORyils6XzpbApL8uwkmkxODgwg9LS1MnPy83Bz59vwc8=,PGEgaHJlZj0iaHR0cDovL3d3dy5yYWt1dGVuLm5lLmpwL2dvbGQvcmFrdXRlbjI0L2NhbXBhaWduL3Jldmlldy8/cy1pZD1yMjRfcmV2aWV3X2ZpcnN0MDEiIHRhcmdldD0iX2JsYW5rIj48aW1nIHNyYz0iaHR0cDovL2ltYWdlLnJha3V0ZW4uY28uanAvcmFrdXRlbjI0L2NhYmluZXQvY2FtcGFpZ24vcmV2aWV3LzFiYW5fcmV2aWV3LmpwZyIgd2lkdGg9IjcwMCIgaGVpZ2h0PSIxMDAiIGJvcmRlcj0iMCIgLz48L2E+PGJyPqH5P6XspdOl5algzba45ZVypMult6XnpcOl16TY16LOxLesusWk8taqpOmku6TroaOkzqXBpaelw6WvpPLI66TspMakr6TApLWkpKGjPGJyPj/h4cjVpeGpYKXrpMukxqWvqWCl3aXzVVJMpPKkqsvNpOqkt6TepLmhozxhIGhyZWY9Imh0dHBzOi8vb3JkZXIubXkucmFrdXRlbi5jby5qcC8/cy1pZD1yMjRfcmV2aWV3X2ZpcnN0MDIiPqH2ofWl7KXTpeWpYKTylfikr6H1ofY8L2E+PGJyPj/L+6TOt72krM/IpMvNtrjlpLekv4j2us+hoqWvqWCl3aXz302zyoydz/PN4qTIpMqk6qTepLmkzqTHpLTXotLipK+kwKS1pKSho6XspdOl5algzba45aTPz8Kyv6TL05vdZKS3pMakpKTepLmhozxicj4/peyl06XlqWDNtrjlpKuk6be007Ok3qTHlXKy7qSspKKk66S/pOGhosnMxre7rcPmyc+kzqXspdOl5algvP7K/aTIjGfrSKTOzba45bz+yv2krK6QpMqk64j2us+krKSipOqk3qS5pM6kx9PopOGktMHLs9Ckr6TApLWkpKGjPGJyPqGhPGJyPjxicj48c21hbGw+ofml0aXDpbGpYKW4pceltqWkpfO1yKTP0+i45qTKpK+J5Lj8pLWk7KTrpLOkyKSspKKk6qTepLmhozwvc21hbGw+PGJyPjxicj48dGFibGU+PHRyPjx0ZCB3aWR0aD0iMTAwJSI+PHAgY2xhc3M9InBkZXNjIj48ZGl2IGNsYXNzPSJwZGVzY3RpdGxlIj7JzMa31WjD9zwvZGl2PjxkaXYgY2xhc3M9InBkZXNjaG9uYnVuIj6huKXGpcil6SCls6XzpbAgpaaloaXQIKXspcOlyaG5pM+hoqXGpculuaXcqWCl66GitdHI66Tqpeml0KlgpcilpKGipe2pYKXXpKy6z8zlpLekv6W5pa2l86W3pcOl1z+lyKWkKMiu08MppMekuaGj0amkwKTrpN6ky6XSpeml0qXppLekvzSxvqTO1+OkrKTEpKSkv6TopKakyqXmpcupYKWvpMrQzte0pKzIrqTOxWTOtqTy0v2kraTEpLGhoqTJpLOkx6TipK+k76SopMbfW6TTpOSkuaSkpceltqWkpfOho7K8tdikzsTNvsPQ1KSsuN+kr6Gius62yKTHpOLPtKSopN6kuaGjPC9kaXY+PGRpdiBjbGFzcz0icGRlc2N0aXRsZSI+ssTZfDwvZGl2PjxkaXYgY2xhc3M9InBkZXNjaG9uYnVuIj6lyqWkpe2l87+NvlOhoqW0peA8L2Rpdj48L3A+PC90ZD48L3RyPjwvdGFibGU+PGJyPqXWpeml86XJo7pLT05HKKWzpfOlsCk8YnI+mFPM7DI0o76l2qXDpcjTw8a3o77IrtPDxrcopbClw6W6KaO+yK7Tw6SqpOKkwaTjP83mvt8oyK4/31spo76l3KlgpeujvqXGpcil6SCls6XzpbAgpaaloaXQIKXspcOlyTxicj7dlMjr1KqjuqW5pdqlr6XIpeml4CCl1qXppfOluiCluKXjpdGl8zxicj7Ura5iufog1tC5+jxicj7W2MG/o7oxODBnPGJyPjxicj6lq6XpqWCjuqXspcOlyTxicj6ltaWkpbqjuqSvpNOk7LK/uuG3+TUwbW2hos/CpdypYKXruuG3+TkwbW2hoqXGqWCl66TO6UyktTE4MG1tPGJyPkpBTqWzqWClyaO6oaEwMzU1ODU3NDAyMjU8YnI+PGJyPjx0YWJsZSB3aWR0aD0iMTAwJSIgYm9yZGVyPTAgY2VsbHNwYWNpbmc9MCBjZWxscGFkZGluZz01Pjx0cj48dGQ+PC90ZD48dHI+PHRkPjwvdGQ+PC90cj48L3RhYmxlPjxicj48YnI+PGJyPo7auObOxNifo7qlsaXzpbOpYKWzpeDW6sq9u+HJ5zxicj5URUw6MDUwLTU1NzctNTA0Mzxicj48YnI+W0tPTkcopbOl86WwKV08YnI+yK7Tw8a3KKWwpcOluikvyK7Tw6SqpOKkwaTjP83mvt8oyK4/31spL6XcqWCl6zxicj48YnI+PCEtLSBpZDogP3MtaWQ9cjI0X2loYm5yXzAxLyA/cy1pZD1yMjRfaWhibnJfMDIgLS0+Cjx0YWJsZSB3aWR0aD0iNzMwIiBjZWxscGFkZGluZz0iMCIgY2VsbHNwYWNpbmc9IjAiIGJvcmRlcj0iMCI+Cgo8IS0tMTCjpU9GRqWvqWCl3aXzLyAtLT4KCjxkaXYgc3R5bGU9Im1hcmdpbi1ib3R0b206MTBweDsiPgoKPGltZyBzcmM9IgpodHRwczovL2ltYWdlLnJha3V0ZW4uY28uanAvcmFrdXRlbjI0L2NhYmluZXQvY291cG9uL2Jucl8xMDBfNzAwXzYwLmpwZyIgYWx0PSKz9aThpMakzre9z962qDEwMIPST0ZGpa+pYKXdpfOjoSIgd2lkdGg9IjcwMCIgaGVpZ2h0PSI2MCIgYm9yZGVyPSIwIj4KPC9kaXY+Cgo8ZGl2IHN0eWxlPSJtYXJnaW4tYm90dG9tOjEwcHg7Ij4KCjxpbWcgc3JjPSJodHRwczovL2ltYWdlLnJha3V0ZW4uY28uanAvcmFrdXRlbjI0L2NhYmluZXQvY291cG9uL2Jucl83MDBfNjBfNTAwMC5qcGciIGFsdD0iNSwwMDCD0tLUyc/Zj8jrMTAlT0ZGo6EiIHdpZHRoPSI3MDAiIGhlaWdodD0iNjAiIGJvcmRlcj0iMCI+CjwvZGl2PgoKPGRpdiBzdHlsZT0ibWFyZ2luLWJvdHRvbToxMHB4OyI+Cgo8aW1nIHNyYz0iaHR0cDovL2ltYWdlLnJha3V0ZW4uY28uanAvcmFrdXRlbjI0L2NhYmluZXQvY291cG9uL2Jucl83MDBfNjBfMTAwMDAuanBnIiBhbHQ9IjEwLDAwMIPS0tTJz9mPyOukxzE1JU9GRqOhIiB3aWR0aD0iNzAwIiBoZWlnaHQ9IjYwIiBib3JkZXI9IjAiPgo8L2Rpdj4KCjwhLS1kaXYgc3R5bGU9Im1hcmdpbi1ib3R0b206MTBweDsiPgoKPGltZyBzcmM9Imh0dHA6Ly9pbWFnZS5yYWt1dGVuLmNvLmpwL3Jha3V0ZW4yNC9jYWJpbmV0L2NhbXBhaWduL2FzdXJha3UvYm5yXzcwMF82MC5qcGciIGFsdD0ipKKkuZhTyczGt6XdpaSl86XIM7G2o6EiIHdpZHRoPSI3MDAiIGhlaWdodD0iNjAiIGJvcmRlcj0iMCI+CjwvZGl2LS0+Cgo8ZGl2IHN0eWxlPSJtYXJnaW4tYm90dG9tOjEwcHg7Ij4KCjxpbWcgc3JjPSJodHRwczovL2ltYWdlLnJha3V0ZW4uY28uanAvcmFrdXRlbjI0L2NhYmluZXQvc3BlY2lhbC9mYXRoZXJfNDY4eDYwLmpwZyIgYWx0PSKl3aWkpfOlyDOxtqOhIiB3aWR0aD0iNDY4IiBoZWlnaHQ9IjYwIiBib3JkZXI9IjAiPgo8L2Rpdj4KCgo8IS0tZGl2IHN0eWxlPSJtYXJnaW4tYm90dG9tOjEwcHg7Ij4KCjxpbWcgc3JjPSJodHRwczovL2ltYWdlLnJha3V0ZW4uY28uanAvcmFrdXRlbjI0L2NhYmluZXQvc3BlY2lhbC8yMDE2X2VjYW1wYWlnbi5qcGciIGFsdD0ipaSpYKWwpeuluYTZwPvTm8Tupd2lpKXzpcgysbajoSIgd2lkdGg9IjQ2OCIgaGVpZ2h0PSI2MCIgYm9yZGVyPSIwIj4KPC9kaXYtLT4KCgo8IS0tIC8xMKOlT0ZGpa+pYKXdpfMgLS0+Cgo8IS0tIKSqpLmkuaThyczGtyAtLT4Kpcal7KXTvUK96aO6CqXIpd6lyKW4peWpYKW5IC8Kpd6lq6XHpd+loqXKpcOlxKWqpaSl6yAvCiDrioTTpdal7KXDpcmlq6XDpb+pYCAvCiCl66WkpdyluaXGpaOpYCAvCqTqpPOktPWhIC8KPCEtLSAvpKqkuaS5pOHJzMa3IC0tPgoKCgo8IS0tIJhTzOwyNKSrpOmkzqXhpcOlu6lgpbgvIC0tPgo8YnI+PGJyPgoKCjwhLS0gL5hTzOwyNKSrpOmkzqXhpcOlu6lgpbggLS0+Cgo8IS0tIKSipLmYU05HLyAtLT4KPCEtLaGhPGltZyBzcmM9Imh0dHA6Ly9pbWFnZS5yYWt1dGVuLmNvLmpwL3Jha3V0ZW4yNC9jYWJpbmV0L2l0ZW00Ni9hc3VyYWt1MDcwNC5qcGciIHdpZHRoPSI3MzAiIGhlaWdodD0iMTMwIiBib3JkZXI9IjAiPgoKPGRpdiBzdHlsZT0ibWFyZ2luLWJvdHRvbTo1cHg7Ij4KPGltZyBzcmM9Imh0dHA6Ly9pbWFnZS5yYWt1dGVuLmNvLmpwL3Jha3V0ZW4yNC9jYWJpbmV0L2l0ZW00NS9hc3VyYWt1MDcxMS5qcGciIHdpZHRoPSI3MzAiIGhlaWdodD0iNTAiIGJvcmRlcj0iMCI+CjwvZGl2PgotLT4KPCEtLSAvpKKkuZhTTkcgLS0+CgoKCjwhLS0gu9jfWy8gLS0+CjwhLS0gCgogLS0+CjwhLS0gL7vY31sgLS0+CgoKCjwhLS0gMsHQse3KvtPDpdClyqlgpail6qWiPgo8IS0tCjx0cj4KPHRkIHdpZHRoPSIzNjUiPjxpbWcgc3JjPSJodHRwOi8vd3d3LnJha3V0ZW4ubmUuanAvZ29sZC9yYWt1dGVuMjQvaXRlbS9pbWFnZXMvaXRlbXBhZ2VfYm5yXzAxLmpwZyIgd2lkdGg9IjM2MCIgaGVpZ2h0PSI2MCIgYm9yZGVyPSIwIiBhbHQ9IiI+PC90ZD4KPHRkIHdpZHRoPSIzNjUiPjxpbWcgc3JjPSJodHRwOi8vd3d3LnJha3V0ZW4ubmUuanAvZ29sZC9yYWt1dGVuMjQvaXRlbS9pbWFnZXMvaXRlbXBhZ2VfYm5yXzAyLmdpZiIgd2lkdGg9IjM2MCIgaGVpZ2h0PSI2MCIgYm9yZGVyPSIwIiBhbHQ9IiI+PC90ZD4KPC90cj4KLS0+IAoKPCEtLSDZSaSkzu+kq6S0pdylv6XzLyAtLT4KPHN0eWxlPgovKiC+yaXcpb+l8wojcmFrdXRlbkxpbWl0ZWRJZF9hcm91bmRDYXJ0IGlucHV0IHsKICB3aWR0aDogMTYwcHg7CiAgaGVpZ2h0OiA0MHB4OwogYmFja2dyb3VuZDp1cmwoaHR0cDovL2ltYWdlLnJha3V0ZW4uY28uanAvcmFrdXRlbjI0L2NhYmluZXQvdGVzdC9jYXJ0X2JsYWNrLmdpZikgI2ZjZmNmYyBuby1yZXBlYXQ7CiAgb3ZlcmZsb3c6IGhpZGRlbjsKICBib3JkZXItd2lkdGg6IDBweDsKICB0ZXh0LWluZGVudDogMTUwJTsKICBjdXJzb3I6IHBvaW50ZXIgIWltcG9ydGFudDsKICB3aGl0ZS1zcGFjZTogbm93cmFwOwogIG1hcmdpbjogMTBweCAwIDAgMDsKfQoqLwoKLyogvskyCiNyYWt1dGVuTGltaXRlZElkX2Fyb3VuZENhcnQgaW5wdXQgewogIHdpZHRoOiAxODBweDsKICBoZWlnaHQ6IDQwcHg7CiBiYWNrZ3JvdW5kOnVybChodHRwOi8vaW1hZ2UucmFrdXRlbi5jby5qcC9yYWt1dGVuMjQvY2FiaW5ldC9sYXlvdXQvYnRuX2NhcnRfYmxhY2suZ2lmKSAjZmNmY2ZjIG5vLXJlcGVhdDsKICBvdmVyZmxvdzogaGlkZGVuOwogIGJvcmRlci13aWR0aDogMHB4OwogIHRleHQtaW5kZW50OiAxNTAlOwogIGN1cnNvcjogcG9pbnRlciAhaW1wb3J0YW50OwogIHdoaXRlLXNwYWNlOiBub3dyYXA7CiAgbWFyZ2luOiAxMHB4IDAgMCAwOwp9CiovCgovKiDT6LxzpKuktIydj+qkx6WzpeGl86XIpaKlpqXICiNyYWt1dGVuTGltaXRlZElkX2Fyb3VuZENhcnQgaW5wdXQgewogIHdpZHRoOiAxODBweDsKICBoZWlnaHQ6IDQwcHg7CiBiYWNrZ3JvdW5kOnVybCgiaHR0cDovL2ltYWdlLnJha3V0ZW4uY28uanAvcmFrdXRlbjI0L2NhYmluZXQvbGF5b3V0L2J0bl9jYXJ0X2JsYWNrLmdpZiIpICNmY2ZjZmMgbm8tcmVwZWF0OwogIG92ZXJmbG93OiBoaWRkZW47CiAgYm9yZGVyLXdpZHRoOiAwcHg7CiAgdGV4dC1pbmRlbnQ6IDE1MCU7CiAgY3Vyc29yOiBwb2ludGVyICFpbXBvcnRhbnQ7CiAgd2hpdGUtc3BhY2U6IG5vd3JhcDsKICBtYXJnaW46IDEwcHggMCAwIDA7Cn0KKi8KI3Jha3V0ZW5MaW1pdGVkSWRfYXJvdW5kQ2FydCBpbnB1dC5yQ2FydEJ0bjpob3ZlciwKZGl2LnNob3BCb29rbWFya0FyZWEgZGl2LnNob3BCa20gYS5hZGRTaG9wQmttIHNwYW4uc2hvcEJrbVN0YXI6aG92ZXIsCmRpdi5ib29rbWFya0FyZWEgZGl2LmJrbSBhLmFkZEJrbSBzcGFuLmJrbVN0YXI6aG92ZXIgewogIG9wYWNpdHk6IDAuODsKICBmaWx0ZXI6IGFscGhhKG9wYWNpdHk9ODApOwp9CgojcmFrdXRlbkxpbWl0ZWRJZF9hcm91bmRDYXJ0ICNzZXJ2aWNlVGFibGVTbWx7Ci8qCiAgbWFyZ2luLWxlZnQ6IDkycHggIWltcG9ydGFudDsKKi8KfQoKI3Jha3V0ZW5MaW1pdGVkSWRfYXJvdW5kQ2FydCAjc2VydmljZVRhYmxlU21sIHRkLmZhdm9yaXRlewp3aWR0aDogMjcwcHggIWltcG9ydGFudDsKfQoKCgojcmFrdXRlbkxpbWl0ZWRJZF9hcm91bmRDYXJ0IGRpdi5zaG9wQmttewp3aWR0aDogMTIwcHg7Cn0KCmRpdi5zaG9wQm9va21hcmtBcmVhIGRpdi5zaG9wQmttIGEuYWRkU2hvcEJrbXsKd2lkdGg6IDEyMHB4ICFpbXBvcnRhbnQ7CmhlaWdodDogMjZweCAhaW1wb3J0YW50Owp9CgpkaXYuc2hvcEJvb2ttYXJrQXJlYSBkaXYuc2hvcEJrbSBhLmFkZFNob3BCa20gc3Bhbi5zaG9wQmttU3RhcnsKd2lkdGg6IDEyMHB4ICFpbXBvcnRhbnQ7CmhlaWdodDogMjZweCAhaW1wb3J0YW50OwpiYWNrZ3JvdW5kOiB1cmwoaHR0cDovL2ltYWdlLnJha3V0ZW4uY28uanAvcmFrdXRlbjI0L2NhYmluZXQvbGF5b3V0L2J0bl9mYXZvcml0ZV9zaG9wLmdpZikgbm8tcmVwZWF0IDAgMCAhaW1wb3J0YW50Owp9CgoKCiNyYWt1dGVuTGltaXRlZElkX2Fyb3VuZENhcnQgZGl2LmJrbXsKd2lkdGg6IDEyMHB4Owp9CgpkaXYuYm9va21hcmtBcmVhIGRpdi5ia20gYS5hZGRCa217CndpZHRoOiAxMjBweCAhaW1wb3J0YW50OwpoZWlnaHQ6IDI2cHggIWltcG9ydGFudDsKfQoKZGl2LmJvb2ttYXJrQXJlYSBkaXYuYmttIGEuYWRkQmttIHNwYW4uYmttU3RhcnsKd2lkdGg6IDEyMHB4ICFpbXBvcnRhbnQ7CmhlaWdodDogMjZweCAhaW1wb3J0YW50OwpiYWNrZ3JvdW5kOiB1cmwoaHR0cDovL2ltYWdlLnJha3V0ZW4uY28uanAvcmFrdXRlbjI0L2NhYmluZXQvbGF5b3V0L2J0bl9mYXZvcml0ZV9pdGVtLmdpZikgbm8tcmVwZWF0IDAgMCAhaW1wb3J0YW50Owp9Cgoud2Vla2x5Qm5yewp3aWR0aDogNzAwcHg7CmhlaWdodDogMjMxcHg7CnBvc2l0aW9uOiByZWxhdGl2ZTsKYmFja2dyb3VuZDogdXJsKCJodHRwOi8vd3d3LnJha3V0ZW4ubmUuanAvZ29sZC9yYWt1dGVuMjQvaW1nL3JhbmsxL2JnX3JhbmtibnIuanBnIikgbGVmdCB0b3Agbm8tcmVwZWF0Owp9Cgoud2Vla2x5Qm5yIGltZ3sKd2lkdGg6IDY2MnB4Owpwb3NpdGlvbjogYWJzb2x1dGU7CmJvdHRvbTogMzBweDsKbGVmdDogMjBweDsKei1pbmRleDogMTA7Cn0KCi53ZWVrbHlCbnI6YWZ0ZXJ7CmNvbnRlbnQ6IHVybCgiaHR0cDovL3d3dy5yYWt1dGVuLm5lLmpwL2dvbGQvcmFrdXRlbjI0L2ltZy9yYW5rMS93cmFwX3JhbmtibnIucG5nIik7CnBvc2l0aW9uOiBhYnNvbHV0ZTsKdG9wOiAwOwpsZWZ0OiAwOwp6LWluZGV4OiAxMDA7Cn0KCi5yZXZpZXdCbnIgewogICAgd2lkdGg6IDcwMHB4OwogICAgaGVpZ2h0OiAxMDBweDsKICAgIGJhY2tncm91bmQ6IHVybCgiaHR0cDovL2ltYWdlLnJha3V0ZW4uY28uanAvcmFrdXRlbjI0L2NhYmluZXQvY2FtcGFpZ24vcmV2aWV3L2JnX3Jldmlld2Juci5qcGciKSBsZWZ0IHRvcCBuby1yZXBlYXQ7CiAgICBwb3NpdGlvbjogcmVsYXRpdmU7CiAgICBmb250LXNpemU6IDE2cHg7Cn0KCi5yZXZpZXdCbnIgZGl2IHsKICAgIHBhZGRpbmc6IDEwcHg7CiAgICBiYWNrZ3JvdW5kOiAjZmZmOwogICAgcG9zaXRpb246IGFic29sdXRlOwogICAgdG9wOiAxMXB4OwogICAgbGVmdDogMTgwcHg7CiAgICBsaW5lLWhlaWdodDogMTIwJTsKICAgIGJvcmRlci1yYWRpdXM6IDVweDsKfQoKLnJldmlld0JuciBzcGFuIHsKICAgIGNvbG9yOiAjZmYwMDAwOwp9CgoucmV2aWV3Qm5yIHN0cm9uZyB7CiAgICBmb250LXNpemU6IDE4cHg7Cn0KCi5ibnJfZWFnbGVzewogICAgd2lkdGg6IDcwMHB4OwogICAgZGlzcGxheTogYmxvY2s7CiAgICBiYWNrZ3JvdW5kLWNvbG9yOiAjOTIwNDFlOwogICAgdGV4dC1hbGlnbjogY2VudGVyOwp9CgoKCmh0bWwsYm9keSB7CmZvbnQtZmFtaWx5OiBDZW50dXJ5IEdvdGhpYywgQXJpYWw7Cn0KCnNwYW4uY2F0ZWdvcnlfaXRlbXRheHBvc3RhZ2Uge2ZvbnQtc2l6ZToxMHB4O30Kc3Bhbi5jYXRlZ29yeV9pdGVtcHJpY2Uge2NvbG9yOiNiZjAwMDA7Zm9udC1zaXplOjI0cHg7Zm9udC13ZWlnaHQ6Ym9sZDsgZGlzcGxheTpibG9jazt9CnNwYW4ucHJpY2UyIHsgZm9udC1zaXplOjIyMCUgIWltcG9ydGFudDtmb250LXdlaWdodDpib2xkO30KdGFibGV7ei1pbmRleDowO30gCnNwYW4uY2F0ZWdvcnlfaXRlbXByaWNlOmJlZm9yZXsvKmNvbnRlbnQ6IlBSSUNFICI7Ki9mb250LXNpemU6MTBweDt9Cjwvc3R5bGU+Cgo8IS0tIKSzpLOk3qTHIC0tPgoKCjwvdGFibGU+,pcalyKXpIKWzpfOlsCClpqWhpdAgpeylw6XJob6YU8zsMjShv1uls6XzpbAgpdypYKXrKMiu08MpXaO6mFPM7DI0,mFPM7DI0pa+l6qW5pb+l66WspaSltqlgpd+lzaXppeulpqWpqWClv6lgpeqloqXDpdel6qWipcOl13g1pcClpqXLqWCls6XzpcmpYKXgpdql6qWopbWpYKXipbmls6Xzpcil7KXDpa+lucjVn4aksda5pOGls6Wzpcqlw6XEpaqlpKXrpKiktKTepLOk4dPNpbWl86XapeylsKXqpc7JyO9MmUOlr6Xqpbmlv6XrpaylpKW2qWAgNTAwbWwgNDixvr52pM7Ep8WuuMq+xqXGpcil6SCls6XzpbAgpaaloaXQIKXspcOlyaG+mFPM7DI0ob9bpbOl86WwIKXcqWCl6yjIrtPDKV0=,S09ORyils6XzpbApL8uwkmkxODgwg9LS1MnPy83Bz59vwc+ho6XGpcil6SCls6XzpbAgpaaloaXQIKXspcOlyaG+mFPM7DI0ob9bpbOl86WwIKXcqWCl6yjIrtPDKV0=[rn]
31-51741,aHR0cDovL3RzaG9wLnIxMHMuanAvcmFrdXRlbjI0L2NhYmluZXQvZTE4MTAvZTE4MTA3MmhfbC5qcGc/Zml0aW49NzAwOjcwMA==,MzUyLjgwMDA=,,pdqlw6XIP6XapcOlyKWwpcOluiA+IMiu08PGtyA+IKSqpOKkwaTjID4gpdypYKXr,pdmlpKXTqWAgpdupYKXqqWCl7algpempYKXcqWCl6yCl6aWkpcilsKXqqWCl86G+mFPM7DI0ob9bUExBVFoopdel6aXDpcQpIKXcqWCl6yjIrtPDKV0=,UExBVFoopdel6aXDpcQpL8uwkmkxODgwg9LS1MnPy83Bz59vwc8=,PGJyPjxicj48c21hbGw+ofml0aXDpbGpYKW4pceltqWkpfO1yKTP0+i45qTKpK+J5Lj8pLWk7KTrpLOkyKSspKKk6qTepLmhozwvc21hbGw+PGJyPjxicj48dGFibGU+PHRyPjx0ZCB3aWR0aD0iMTAwJSI+PHAgY2xhc3M9InBkZXNjIj48ZGl2IGNsYXNzPSJwZGVzY3RpdGxlIj7JzMa31WjD9zwvZGl2PjxkaXYgY2xhc3M9InBkZXNjaG9uYnVuIj6huKXZpaSl06lgIKXbqWCl6qlgpe2pYKXpqWCl3KlgpesgpemlpKXIpbCl6qlgpfOhuaTPoaKlqqXipcGl46Tkpaql5KXEpPLI66TspMbfW6TTt73X1NPJpM6l3KlgpesoyK7Twymkx6S5oaOlyqXBpeWl6aXrpeml0KlgzNjT0KTOyOHcm6S1pMjS/aTDj4ik6o+KpLWk8rzmpM2C5KSopMakpKTrpdypYKXrpcipYKWkpMekuaGjPC9kaXY+PGRpdiBjbGFzcz0icGRlc2N0aXRsZSI+paul6algPC9kaXY+PGRpdiBjbGFzcz0icGRlc2Nob25idW4iPqXppaSlyKWwpeqpYKXzPC9kaXY+PGRpdiBjbGFzcz0icGRlc2N0aXRsZSI+1K2uYrn6PC9kaXY+PGRpdiBjbGFzcz0icGRlc2Nob25idW4iPtbQufo8L2Rpdj48L3A+PC90ZD48L3RyPjwvdGFibGU+PGJyPqXWpeml86XJo7pQTEFUWiil16XppcOlxCk8YnI+mFPM7DI0o76l2qXDpcjTw8a3o77IrtPDxrcopbClw6W6KaO+yK7Tw6SqpOKkwaTjP83mvt8oyK4/31spo76l3KlgpeujvqXZpaSl06lgIKXbqWCl6qlgpe2pYKXpqWCl3KlgpesgpemlpKXIpbCl6qlgpfM8YnI+3ZTI69Sqo7pQTEFUWiil16XppcOlxCk8YnI+1K2uYrn6INbQufo8YnI+PGJyPjxicj48YnI+pbWlpKW6o7rWsb62NWNtPGJyPkpBTqWzqWClyaO6oaE0OTc5MDA3NzE0NTc4PGJyPjxicj48dGFibGUgd2lkdGg9IjEwMCUiIGJvcmRlcj0wIGNlbGxzcGFjaW5nPTAgY2VsbHBhZGRpbmc9NT48dHI+PHRkPjwvdGQ+PHRyPjx0ZD48L3RkPjwvdHI+PC90YWJsZT48YnI+PGJyPjxicj6O2rjmzsTYn6O6pbGl86WzqWCls6Xg1urKvbvhyec8YnI+VEVMOjA1MC01NTc3LTUwNDM8YnI+PGJyPltQTEFUWiil16XppcOlxCldPGJyPsiu08PGtyilsKXDpbopL8iu08OkqqTipMGk4z/N5r7fKMiuP99bKS+l3Klgpes8YnI+PGJyPjwhLS0gaWQ6ID9zLWlkPXIyNF9paGJucl8wMS8gP3MtaWQ9cjI0X2loYm5yXzAyIC0tPgo8dGFibGUgd2lkdGg9IjczMCIgY2VsbHBhZGRpbmc9IjAiIGNlbGxzcGFjaW5nPSIwIiBib3JkZXI9IjAiPgoKPCEtLTEwo6VPRkalr6lgpd2l8y8gLS0+Cgo8ZGl2IHN0eWxlPSJtYXJnaW4tYm90dG9tOjEwcHg7Ij4KCjxpbWcgc3JjPSIKaHR0cHM6Ly9pbWFnZS5yYWt1dGVuLmNvLmpwL3Jha3V0ZW4yNC9jYWJpbmV0L2NvdXBvbi9ibnJfMTAwXzcwMF82MC5qcGciIGFsdD0is/Wk4aTGpM63vc/etqgxMDCD0k9GRqWvqWCl3aXzo6EiIHdpZHRoPSI3MDAiIGhlaWdodD0iNjAiIGJvcmRlcj0iMCI+CjwvZGl2PgoKPGRpdiBzdHlsZT0ibWFyZ2luLWJvdHRvbToxMHB4OyI+Cgo8aW1nIHNyYz0iaHR0cHM6Ly9pbWFnZS5yYWt1dGVuLmNvLmpwL3Jha3V0ZW4yNC9jYWJpbmV0L2NvdXBvbi9ibnJfNzAwXzYwXzUwMDAuanBnIiBhbHQ9IjUsMDAwg9LS1MnP2Y/I6zEwJU9GRqOhIiB3aWR0aD0iNzAwIiBoZWlnaHQ9IjYwIiBib3JkZXI9IjAiPgo8L2Rpdj4KCjxkaXYgc3R5bGU9Im1hcmdpbi1ib3R0b206MTBweDsiPgoKPGltZyBzcmM9Imh0dHA6Ly9pbWFnZS5yYWt1dGVuLmNvLmpwL3Jha3V0ZW4yNC9jYWJpbmV0L2NvdXBvbi9ibnJfNzAwXzYwXzEwMDAwLmpwZyIgYWx0PSIxMCwwMDCD0tLUyc/Zj8jrpMcxNSVPRkajoSIgd2lkdGg9IjcwMCIgaGVpZ2h0PSI2MCIgYm9yZGVyPSIwIj4KPC9kaXY+Cgo8IS0tZGl2IHN0eWxlPSJtYXJnaW4tYm90dG9tOjEwcHg7Ij4KCjxpbWcgc3JjPSJodHRwOi8vaW1hZ2UucmFrdXRlbi5jby5qcC9yYWt1dGVuMjQvY2FiaW5ldC9jYW1wYWlnbi9hc3VyYWt1L2Jucl83MDBfNjAuanBnIiBhbHQ9IqSipLmYU8nMxrel3aWkpfOlyDOxtqOhIiB3aWR0aD0iNzAwIiBoZWlnaHQ9IjYwIiBib3JkZXI9IjAiPgo8L2Rpdi0tPgoKPGRpdiBzdHlsZT0ibWFyZ2luLWJvdHRvbToxMHB4OyI+Cgo8aW1nIHNyYz0iaHR0cHM6Ly9pbWFnZS5yYWt1dGVuLmNvLmpwL3Jha3V0ZW4yNC9jYWJpbmV0L3NwZWNpYWwvZmF0aGVyXzQ2OHg2MC5qcGciIGFsdD0ipd2lpKXzpcgzsbajoSIgd2lkdGg9IjQ2OCIgaGVpZ2h0PSI2MCIgYm9yZGVyPSIwIj4KPC9kaXY+CgoKPCEtLWRpdiBzdHlsZT0ibWFyZ2luLWJvdHRvbToxMHB4OyI+Cgo8aW1nIHNyYz0iaHR0cHM6Ly9pbWFnZS5yYWt1dGVuLmNvLmpwL3Jha3V0ZW4yNC9jYWJpbmV0L3NwZWNpYWwvMjAxNl9lY2FtcGFpZ24uanBnIiBhbHQ9IqWkqWClsKXrpbmE2cD705vE7qXdpaSl86XIMrG2o6EiIHdpZHRoPSI0NjgiIGhlaWdodD0iNjAiIGJvcmRlcj0iMCI+CjwvZGl2LS0+CgoKPCEtLSAvMTCjpU9GRqWvqWCl3aXzIC0tPgoKPCEtLSCkqqS5pLmk4cnMxrcgLS0+CqXGpeyl071CvemjugqlyKXepciluKXlqWCluSAvCqXepaulx6XfpaKlyqXDpcSlqqWkpesgLwog64qE06XWpeylw6XJpaulw6W/qWAgLwogpeulpKXcpbmlxqWjqWAgLwqk6qTzpLT1oSAvCjwhLS0gL6SqpLmkuaThyczGtyAtLT4KCgoKPCEtLSCYU8zsMjSkq6TppM6l4aXDpbupYKW4LyAtLT4KPGJyPjxicj4KCgo8IS0tIC+YU8zsMjSkq6TppM6l4aXDpbupYKW4IC0tPgoKPCEtLSCkoqS5mFNORy8gLS0+CjwhLS2hoTxpbWcgc3JjPSJodHRwOi8vaW1hZ2UucmFrdXRlbi5jby5qcC9yYWt1dGVuMjQvY2FiaW5ldC9pdGVtNDYvYXN1cmFrdTA3MDQuanBnIiB3aWR0aD0iNzMwIiBoZWlnaHQ9IjEzMCIgYm9yZGVyPSIwIj4KCjxkaXYgc3R5bGU9Im1hcmdpbi1ib3R0b206NXB4OyI+CjxpbWcgc3JjPSJodHRwOi8vaW1hZ2UucmFrdXRlbi5jby5qcC9yYWt1dGVuMjQvY2FiaW5ldC9pdGVtNDUvYXN1cmFrdTA3MTEuanBnIiB3aWR0aD0iNzMwIiBoZWlnaHQ9IjUwIiBib3JkZXI9IjAiPgo8L2Rpdj4KLS0+CjwhLS0gL6SipLmYU05HIC0tPgoKCgo8IS0tILvY31svIC0tPgo8IS0tIAoKIC0tPgo8IS0tIC+72N9bIC0tPgoKCgo8IS0tIDLB0LHtyr7Tw6XQpcqpYKWopeqloj4KPCEtLQo8dHI+Cjx0ZCB3aWR0aD0iMzY1Ij48aW1nIHNyYz0iaHR0cDovL3d3dy5yYWt1dGVuLm5lLmpwL2dvbGQvcmFrdXRlbjI0L2l0ZW0vaW1hZ2VzL2l0ZW1wYWdlX2Jucl8wMS5qcGciIHdpZHRoPSIzNjAiIGhlaWdodD0iNjAiIGJvcmRlcj0iMCIgYWx0PSIiPjwvdGQ+Cjx0ZCB3aWR0aD0iMzY1Ij48aW1nIHNyYz0iaHR0cDovL3d3dy5yYWt1dGVuLm5lLmpwL2dvbGQvcmFrdXRlbjI0L2l0ZW0vaW1hZ2VzL2l0ZW1wYWdlX2Jucl8wMi5naWYiIHdpZHRoPSIzNjAiIGhlaWdodD0iNjAiIGJvcmRlcj0iMCIgYWx0PSIiPjwvdGQ+CjwvdHI+Ci0tPiAKCjwhLS0g2UmkpM7vpKuktKXcpb+l8y8gLS0+CjxzdHlsZT4KLyogvsml3KW/pfMKI3Jha3V0ZW5MaW1pdGVkSWRfYXJvdW5kQ2FydCBpbnB1dCB7CiAgd2lkdGg6IDE2MHB4OwogIGhlaWdodDogNDBweDsKIGJhY2tncm91bmQ6dXJsKGh0dHA6Ly9pbWFnZS5yYWt1dGVuLmNvLmpwL3Jha3V0ZW4yNC9jYWJpbmV0L3Rlc3QvY2FydF9ibGFjay5naWYpICNmY2ZjZmMgbm8tcmVwZWF0OwogIG92ZXJmbG93OiBoaWRkZW47CiAgYm9yZGVyLXdpZHRoOiAwcHg7CiAgdGV4dC1pbmRlbnQ6IDE1MCU7CiAgY3Vyc29yOiBwb2ludGVyICFpbXBvcnRhbnQ7CiAgd2hpdGUtc3BhY2U6IG5vd3JhcDsKICBtYXJnaW46IDEwcHggMCAwIDA7Cn0KKi8KCi8qIL7JMgojcmFrdXRlbkxpbWl0ZWRJZF9hcm91bmRDYXJ0IGlucHV0IHsKICB3aWR0aDogMTgwcHg7CiAgaGVpZ2h0OiA0MHB4OwogYmFja2dyb3VuZDp1cmwoaHR0cDovL2ltYWdlLnJha3V0ZW4uY28uanAvcmFrdXRlbjI0L2NhYmluZXQvbGF5b3V0L2J0bl9jYXJ0X2JsYWNrLmdpZikgI2ZjZmNmYyBuby1yZXBlYXQ7CiAgb3ZlcmZsb3c6IGhpZGRlbjsKICBib3JkZXItd2lkdGg6IDBweDsKICB0ZXh0LWluZGVudDogMTUwJTsKICBjdXJzb3I6IHBvaW50ZXIgIWltcG9ydGFudDsKICB3aGl0ZS1zcGFjZTogbm93cmFwOwogIG1hcmdpbjogMTBweCAwIDAgMDsKfQoqLwoKLyog0+i8c6SrpLSMnY/qpMels6XhpfOlyKWipaalyAojcmFrdXRlbkxpbWl0ZWRJZF9hcm91bmRDYXJ0IGlucHV0IHsKICB3aWR0aDogMTgwcHg7CiAgaGVpZ2h0OiA0MHB4OwogYmFja2dyb3VuZDp1cmwoImh0dHA6Ly9pbWFnZS5yYWt1dGVuLmNvLmpwL3Jha3V0ZW4yNC9jYWJpbmV0L2xheW91dC9idG5fY2FydF9ibGFjay5naWYiKSAjZmNmY2ZjIG5vLXJlcGVhdDsKICBvdmVyZmxvdzogaGlkZGVuOwogIGJvcmRlci13aWR0aDogMHB4OwogIHRleHQtaW5kZW50OiAxNTAlOwogIGN1cnNvcjogcG9pbnRlciAhaW1wb3J0YW50OwogIHdoaXRlLXNwYWNlOiBub3dyYXA7CiAgbWFyZ2luOiAxMHB4IDAgMCAwOwp9CiovCiNyYWt1dGVuTGltaXRlZElkX2Fyb3VuZENhcnQgaW5wdXQuckNhcnRCdG46aG92ZXIsCmRpdi5zaG9wQm9va21hcmtBcmVhIGRpdi5zaG9wQmttIGEuYWRkU2hvcEJrbSBzcGFuLnNob3BCa21TdGFyOmhvdmVyLApkaXYuYm9va21hcmtBcmVhIGRpdi5ia20gYS5hZGRCa20gc3Bhbi5ia21TdGFyOmhvdmVyIHsKICBvcGFjaXR5OiAwLjg7CiAgZmlsdGVyOiBhbHBoYShvcGFjaXR5PTgwKTsKfQoKI3Jha3V0ZW5MaW1pdGVkSWRfYXJvdW5kQ2FydCAjc2VydmljZVRhYmxlU21sewovKgogIG1hcmdpbi1sZWZ0OiA5MnB4ICFpbXBvcnRhbnQ7CiovCn0KCiNyYWt1dGVuTGltaXRlZElkX2Fyb3VuZENhcnQgI3NlcnZpY2VUYWJsZVNtbCB0ZC5mYXZvcml0ZXsKd2lkdGg6IDI3MHB4ICFpbXBvcnRhbnQ7Cn0KCgoKI3Jha3V0ZW5MaW1pdGVkSWRfYXJvdW5kQ2FydCBkaXYuc2hvcEJrbXsKd2lkdGg6IDEyMHB4Owp9CgpkaXYuc2hvcEJvb2ttYXJrQXJlYSBkaXYuc2hvcEJrbSBhLmFkZFNob3BCa217CndpZHRoOiAxMjBweCAhaW1wb3J0YW50OwpoZWlnaHQ6IDI2cHggIWltcG9ydGFudDsKfQoKZGl2LnNob3BCb29rbWFya0FyZWEgZGl2LnNob3BCa20gYS5hZGRTaG9wQmttIHNwYW4uc2hvcEJrbVN0YXJ7CndpZHRoOiAxMjBweCAhaW1wb3J0YW50OwpoZWlnaHQ6IDI2cHggIWltcG9ydGFudDsKYmFja2dyb3VuZDogdXJsKGh0dHA6Ly9pbWFnZS5yYWt1dGVuLmNvLmpwL3Jha3V0ZW4yNC9jYWJpbmV0L2xheW91dC9idG5fZmF2b3JpdGVfc2hvcC5naWYpIG5vLXJlcGVhdCAwIDAgIWltcG9ydGFudDsKfQoKCgojcmFrdXRlbkxpbWl0ZWRJZF9hcm91bmRDYXJ0IGRpdi5ia217CndpZHRoOiAxMjBweDsKfQoKZGl2LmJvb2ttYXJrQXJlYSBkaXYuYmttIGEuYWRkQmttewp3aWR0aDogMTIwcHggIWltcG9ydGFudDsKaGVpZ2h0OiAyNnB4ICFpbXBvcnRhbnQ7Cn0KCmRpdi5ib29rbWFya0FyZWEgZGl2LmJrbSBhLmFkZEJrbSBzcGFuLmJrbVN0YXJ7CndpZHRoOiAxMjBweCAhaW1wb3J0YW50OwpoZWlnaHQ6IDI2cHggIWltcG9ydGFudDsKYmFja2dyb3VuZDogdXJsKGh0dHA6Ly9pbWFnZS5yYWt1dGVuLmNvLmpwL3Jha3V0ZW4yNC9jYWJpbmV0L2xheW91dC9idG5fZmF2b3JpdGVfaXRlbS5naWYpIG5vLXJlcGVhdCAwIDAgIWltcG9ydGFudDsKfQoKLndlZWtseUJucnsKd2lkdGg6IDcwMHB4OwpoZWlnaHQ6IDIzMXB4Owpwb3NpdGlvbjogcmVsYXRpdmU7CmJhY2tncm91bmQ6IHVybCgiaHR0cDovL3d3dy5yYWt1dGVuLm5lLmpwL2dvbGQvcmFrdXRlbjI0L2ltZy9yYW5rMS9iZ19yYW5rYm5yLmpwZyIpIGxlZnQgdG9wIG5vLXJlcGVhdDsKfQoKLndlZWtseUJuciBpbWd7CndpZHRoOiA2NjJweDsKcG9zaXRpb246IGFic29sdXRlOwpib3R0b206IDMwcHg7CmxlZnQ6IDIwcHg7CnotaW5kZXg6IDEwOwp9Cgoud2Vla2x5Qm5yOmFmdGVyewpjb250ZW50OiB1cmwoImh0dHA6Ly93d3cucmFrdXRlbi5uZS5qcC9nb2xkL3Jha3V0ZW4yNC9pbWcvcmFuazEvd3JhcF9yYW5rYm5yLnBuZyIpOwpwb3NpdGlvbjogYWJzb2x1dGU7CnRvcDogMDsKbGVmdDogMDsKei1pbmRleDogMTAwOwp9CgoucmV2aWV3Qm5yIHsKICAgIHdpZHRoOiA3MDBweDsKICAgIGhlaWdodDogMTAwcHg7CiAgICBiYWNrZ3JvdW5kOiB1cmwoImh0dHA6Ly9pbWFnZS5yYWt1dGVuLmNvLmpwL3Jha3V0ZW4yNC9jYWJpbmV0L2NhbXBhaWduL3Jldmlldy9iZ19yZXZpZXdibnIuanBnIikgbGVmdCB0b3Agbm8tcmVwZWF0OwogICAgcG9zaXRpb246IHJlbGF0aXZlOwogICAgZm9udC1zaXplOiAxNnB4Owp9CgoucmV2aWV3Qm5yIGRpdiB7CiAgICBwYWRkaW5nOiAxMHB4OwogICAgYmFja2dyb3VuZDogI2ZmZjsKICAgIHBvc2l0aW9uOiBhYnNvbHV0ZTsKICAgIHRvcDogMTFweDsKICAgIGxlZnQ6IDE4MHB4OwogICAgbGluZS1oZWlnaHQ6IDEyMCU7CiAgICBib3JkZXItcmFkaXVzOiA1cHg7Cn0KCi5yZXZpZXdCbnIgc3BhbiB7CiAgICBjb2xvcjogI2ZmMDAwMDsKfQoKLnJldmlld0JuciBzdHJvbmcgewogICAgZm9udC1zaXplOiAxOHB4Owp9CgouYm5yX2VhZ2xlc3sKICAgIHdpZHRoOiA3MDBweDsKICAgIGRpc3BsYXk6IGJsb2NrOwogICAgYmFja2dyb3VuZC1jb2xvcjogIzkyMDQxZTsKICAgIHRleHQtYWxpZ246IGNlbnRlcjsKfQoKCgpodG1sLGJvZHkgewpmb250LWZhbWlseTogQ2VudHVyeSBHb3RoaWMsIEFyaWFsOwp9CgpzcGFuLmNhdGVnb3J5X2l0ZW10YXhwb3N0YWdlIHtmb250LXNpemU6MTBweDt9CnNwYW4uY2F0ZWdvcnlfaXRlbXByaWNlIHtjb2xvcjojYmYwMDAwO2ZvbnQtc2l6ZToyNHB4O2ZvbnQtd2VpZ2h0OmJvbGQ7IGRpc3BsYXk6YmxvY2s7fQpzcGFuLnByaWNlMiB7IGZvbnQtc2l6ZToyMjAlICFpbXBvcnRhbnQ7Zm9udC13ZWlnaHQ6Ym9sZDt9CnRhYmxle3otaW5kZXg6MDt9IApzcGFuLmNhdGVnb3J5X2l0ZW1wcmljZTpiZWZvcmV7Lypjb250ZW50OiJQUklDRSAiOyovZm9udC1zaXplOjEwcHg7fQo8L3N0eWxlPgoKPCEtLSCks6SzpN6kxyAtLT4KCgo8L3RhYmxlPg==,pdmlpKXTqWAgpdupYKXqqWCl7algpempYKXcqWCl6yCl6aWkpcilsKXqqWCl86G+mFPM7DI0ob9bUExBVFoopdel6aXDpcQpIKXcqWCl6yjIrtPDKV2juphTzOwyNA==,mFPM7DI0pa+l6qW5pb+l66WspaSltqlgpd+lzaXppeulpqWpqWClv6lgpeqloqXDpdel6qWipcOl13g1pcClpqXLqWCls6XzpcmpYKXgpdql6qWopbWpYKXipbmls6Xzpcil7KXDpa+lucjVn4aksda5pOGls6Wzpcqlw6XEpaqlpKXrpKiktKTepLOk4dPNpbWl86XapeylsKXqpc7JyO9MmUOlr6Xqpbmlv6XrpaylpKW2qWAgNTAwbWwgNDixvr52pM7Ep8WuuMq+xqXZpaSl06lgIKXbqWCl6qlgpe2pYKXpqWCl3KlgpesgpemlpKXIpbCl6qlgpfOhvphTzOwyNKG/W1BMQVRaKKXXpemlw6XEKSCl3KlgpesoyK7Twyld,UExBVFoopdel6aXDpcQpL8uwkmkxODgwg9LS1MnPy83Bz59vwc+ho6XZpaSl06lgIKXbqWCl6qlgpe2pYKXpqWCl3KlgpesgpemlpKXIpbCl6qlgpfOhvphTzOwyNKG/W1BMQVRaKKXXpemlw6XEKSCl3KlgpesoyK7Twyld[rn]
31-51742,aHR0cDovL3RzaG9wLnIxMHMuanAvcmFrdXRlbjI0L2NhYmluZXQveDUyMjkveDUyMjk4MGhfbC5qcGc/Zml0aW49NzAwOjcwMA==,MzI2LjQwMDA=,,pdqlw6XIP6XapcOlyKWwpcOluiA+IMiu08PGtyA+IKSqpOKkwaTjID4gpdypYKXr,pbml3algpcSl3KlgpesgpdCluaWxpcOlyKXcqWCl66G+mFPM7DI0ob9bUExBVFoopdel6aXDpcQpIKXcqWCl6yjIrtPDKV0=,UExBVFoopdel6aXDpcQpL8uwkmkxODgwg9LS1MnPy83Bz59vwc8=,PGEgaHJlZj0iaHR0cDovL3d3dy5yYWt1dGVuLm5lLmpwL2dvbGQvcmFrdXRlbjI0L2NhbXBhaWduL3Jldmlldy8/cy1pZD1yMjRfcmV2aWV3X2ZpcnN0MDEiIHRhcmdldD0iX2JsYW5rIj48aW1nIHNyYz0iaHR0cDovL2ltYWdlLnJha3V0ZW4uY28uanAvcmFrdXRlbjI0L2NhYmluZXQvY2FtcGFpZ24vcmV2aWV3LzFiYW5fcmV2aWV3LmpwZyIgd2lkdGg9IjcwMCIgaGVpZ2h0PSIxMDAiIGJvcmRlcj0iMCIgLz48L2E+PGJyPqH5P6XspdOl5algzba45ZVypMult6XnpcOl16TY16LOxLesusWk8taqpOmku6TroaOkzqXBpaelw6WvpPLI66TspMakr6TApLWkpKGjPGJyPj/h4cjVpeGpYKXrpMukxqWvqWCl3aXzVVJMpPKkqsvNpOqkt6TepLmhozxhIGhyZWY9Imh0dHBzOi8vb3JkZXIubXkucmFrdXRlbi5jby5qcC8/cy1pZD1yMjRfcmV2aWV3X2ZpcnN0MDIiPqH2ofWl7KXTpeWpYKTylfikr6H1ofY8L2E+PGJyPj/L+6TOt72krM/IpMvNtrjlpLekv4j2us+hoqWvqWCl3aXz302zyoydz/PN4qTIpMqk6qTepLmkzqTHpLTXotLipK+kwKS1pKSho6XspdOl5algzba45aTPz8Kyv6TL05vdZKS3pMakpKTepLmhozxicj4/peyl06XlqWDNtrjlpKuk6be007Ok3qTHlXKy7qSspKKk66S/pOGhosnMxre7rcPmyc+kzqXspdOl5algvP7K/aTIjGfrSKTOzba45bz+yv2krK6QpMqk64j2us+krKSipOqk3qS5pM6kx9PopOGktMHLs9Ckr6TApLWkpKGjPGJyPjxicj48YnI+PHNtYWxsPqH5pdGlw6WxqWCluKXHpbalpKXztcikz9PouOakyqSvieS4/KS1pOyk66SzpMikrKSipOqk3qS5oaM8L3NtYWxsPjxicj48YnI+PHRhYmxlPjx0cj48dGQgd2lkdGg9IjEwMCUiPjxwIGNsYXNzPSJwZGVzYyI+PGRpdiBjbGFzcz0icGRlc2N0aXRsZSI+yczGt9Vow/c8L2Rpdj48ZGl2IGNsYXNzPSJwZGVzY2hvbmJ1biI+obiluaXdqWClxKXcqWCl6yCl0KW5pbGlw6XIpdypYKXrobmkz6Gipbmlr6WkqWClq6lgKPhRpOq10Sm4tqStpM6luaXdqWClxKXcqWCl6yjIrtPDKaTHpLmho7aot6ykzqW5pd2pYKXEpdypYKXrpceltqWkpfOkx6XcqWCl67rDpK2kyqXvpfOkwaTjpPOkyKW5pd2pYKXGpaOpYKTL31uk06TepLek56SmoaOkqqTipMGk46TH31uk1qSzpMikz6W5pcil7KW5veLP+6TkpbmlraXzpbelw6XXhL+5+6TApLGkx6TKpK+hoqS3pMSksaTkpcil7Klgpcul86WwoaKloqW0pPLlkaSopL+k6qGipcel86W/peuEv7n7pOLG2rT9pMekraTepLmhozwvZGl2PjxkaXYgY2xhc3M9InBkZXNjdGl0bGUiPrLE2Xw8L2Rpdj48ZGl2IGNsYXNzPSJwZGVzY2hvbmJ1biI+pdOly6lgpes8L2Rpdj48ZGl2IGNsYXNzPSJwZGVzY3RpdGxlIj7Ura5iufo8L2Rpdj48ZGl2IGNsYXNzPSJwZGVzY2hvbmJ1biI+1tC5+jwvZGl2PjwvcD48L3RkPjwvdHI+PC90YWJsZT48YnI+pdal6aXzpcmjulBMQVRaKKXXpemlw6XEKTxicj6YU8zsMjSjvqXapcOlyNPDxrejvsiu08PGtyilsKXDpbopo77IrtPDpKqk4qTBpOM/zea+3yjIrj/fWymjvqXcqWCl66O+pbml3algpcSl3KlgpesgpdCluaWxpcOlyKXcqWCl6zxicj6wa4nT1KqjulBMQVRaKKXXpemlw6XEKTxicj7Ura5iufog1tC5+jxicj48YnI+PGJyPjxicj6ltaWkpbqjutaxvrY2NShtbSk8YnI+SkFOpbOpYKXJo7qhoTQ5NzkwMDc3MDUwNTc8YnI+PGJyPjx0YWJsZSB3aWR0aD0iMTAwJSIgYm9yZGVyPTAgY2VsbHNwYWNpbmc9MCBjZWxscGFkZGluZz01Pjx0cj48dGQ+PC90ZD48dHI+PHRkPjwvdGQ+PC90cj48L3RhYmxlPjxicj48YnI+PGJyPo7auObOxNifo7qlsaXzpbOpYKWzpeDW6sq9u+HJ5zxicj5URUw6MDUwLTU1NzctNTA0Mzxicj48YnI+W1BMQVRaKKXXpemlw6XEKV08YnI+yK7Tw8a3KKWwpcOluikvyK7Tw6SqpOKkwaTjP83mvt8oyK4/31spL6XcqWCl6zxicj48YnI+PCEtLSBpZDogP3MtaWQ9cjI0X2loYm5yXzAxLyA/cy1pZD1yMjRfaWhibnJfMDIgLS0+Cjx0YWJsZSB3aWR0aD0iNzMwIiBjZWxscGFkZGluZz0iMCIgY2VsbHNwYWNpbmc9IjAiIGJvcmRlcj0iMCI+Cgo8IS0tMTCjpU9GRqWvqWCl3aXzLyAtLT4KCjxkaXYgc3R5bGU9Im1hcmdpbi1ib3R0b206MTBweDsiPgoKPGltZyBzcmM9IgpodHRwczovL2ltYWdlLnJha3V0ZW4uY28uanAvcmFrdXRlbjI0L2NhYmluZXQvY291cG9uL2Jucl8xMDBfNzAwXzYwLmpwZyIgYWx0PSKz9aThpMakzre9z962qDEwMIPST0ZGpa+pYKXdpfOjoSIgd2lkdGg9IjcwMCIgaGVpZ2h0PSI2MCIgYm9yZGVyPSIwIj4KPC9kaXY+Cgo8ZGl2IHN0eWxlPSJtYXJnaW4tYm90dG9tOjEwcHg7Ij4KCjxpbWcgc3JjPSJodHRwczovL2ltYWdlLnJha3V0ZW4uY28uanAvcmFrdXRlbjI0L2NhYmluZXQvY291cG9uL2Jucl83MDBfNjBfNTAwMC5qcGciIGFsdD0iNSwwMDCD0tLUyc/Zj8jrMTAlT0ZGo6EiIHdpZHRoPSI3MDAiIGhlaWdodD0iNjAiIGJvcmRlcj0iMCI+CjwvZGl2PgoKPGRpdiBzdHlsZT0ibWFyZ2luLWJvdHRvbToxMHB4OyI+Cgo8aW1nIHNyYz0iaHR0cDovL2ltYWdlLnJha3V0ZW4uY28uanAvcmFrdXRlbjI0L2NhYmluZXQvY291cG9uL2Jucl83MDBfNjBfMTAwMDAuanBnIiBhbHQ9IjEwLDAwMIPS0tTJz9mPyOukxzE1JU9GRqOhIiB3aWR0aD0iNzAwIiBoZWlnaHQ9IjYwIiBib3JkZXI9IjAiPgo8L2Rpdj4KCjwhLS1kaXYgc3R5bGU9Im1hcmdpbi1ib3R0b206MTBweDsiPgoKPGltZyBzcmM9Imh0dHA6Ly9pbWFnZS5yYWt1dGVuLmNvLmpwL3Jha3V0ZW4yNC9jYWJpbmV0L2NhbXBhaWduL2FzdXJha3UvYm5yXzcwMF82MC5qcGciIGFsdD0ipKKkuZhTyczGt6XdpaSl86XIM7G2o6EiIHdpZHRoPSI3MDAiIGhlaWdodD0iNjAiIGJvcmRlcj0iMCI+CjwvZGl2LS0+Cgo8ZGl2IHN0eWxlPSJtYXJnaW4tYm90dG9tOjEwcHg7Ij4KCjxpbWcgc3JjPSJodHRwczovL2ltYWdlLnJha3V0ZW4uY28uanAvcmFrdXRlbjI0L2NhYmluZXQvc3BlY2lhbC9mYXRoZXJfNDY4eDYwLmpwZyIgYWx0PSKl3aWkpfOlyDOxtqOhIiB3aWR0aD0iNDY4IiBoZWlnaHQ9IjYwIiBib3JkZXI9IjAiPgo8L2Rpdj4KCgo8IS0tZGl2IHN0eWxlPSJtYXJnaW4tYm90dG9tOjEwcHg7Ij4KCjxpbWcgc3JjPSJodHRwczovL2ltYWdlLnJha3V0ZW4uY28uanAvcmFrdXRlbjI0L2NhYmluZXQvc3BlY2lhbC8yMDE2X2VjYW1wYWlnbi5qcGciIGFsdD0ipaSpYKWwpeuluYTZwPvTm8Tupd2lpKXzpcgysbajoSIgd2lkdGg9IjQ2OCIgaGVpZ2h0PSI2MCIgYm9yZGVyPSIwIj4KPC9kaXYtLT4KCgo8IS0tIC8xMKOlT0ZGpa+pYKXdpfMgLS0+Cgo8IS0tIKSqpLmkuaThyczGtyAtLT4Kpcal7KXTvUK96aO6CqXIpd6lyKW4peWpYKW5IC8Kpd6lq6XHpd+loqXKpcOlxKWqpaSl6yAvCiDrioTTpdal7KXDpcmlq6XDpb+pYCAvCiCl66WkpdyluaXGpaOpYCAvCqTqpPOktPWhIC8KPCEtLSAvpKqkuaS5pOHJzMa3IC0tPgoKCgo8IS0tIJhTzOwyNKSrpOmkzqXhpcOlu6lgpbgvIC0tPgo8YnI+PGJyPgoKCjwhLS0gL5hTzOwyNKSrpOmkzqXhpcOlu6lgpbggLS0+Cgo8IS0tIKSipLmYU05HLyAtLT4KPCEtLaGhPGltZyBzcmM9Imh0dHA6Ly9pbWFnZS5yYWt1dGVuLmNvLmpwL3Jha3V0ZW4yNC9jYWJpbmV0L2l0ZW00Ni9hc3VyYWt1MDcwNC5qcGciIHdpZHRoPSI3MzAiIGhlaWdodD0iMTMwIiBib3JkZXI9IjAiPgoKPGRpdiBzdHlsZT0ibWFyZ2luLWJvdHRvbTo1cHg7Ij4KPGltZyBzcmM9Imh0dHA6Ly9pbWFnZS5yYWt1dGVuLmNvLmpwL3Jha3V0ZW4yNC9jYWJpbmV0L2l0ZW00NS9hc3VyYWt1MDcxMS5qcGciIHdpZHRoPSI3MzAiIGhlaWdodD0iNTAiIGJvcmRlcj0iMCI+CjwvZGl2PgotLT4KPCEtLSAvpKKkuZhTTkcgLS0+CgoKCjwhLS0gu9jfWy8gLS0+CjwhLS0gCgogLS0+CjwhLS0gL7vY31sgLS0+CgoKCjwhLS0gMsHQse3KvtPDpdClyqlgpail6qWiPgo8IS0tCjx0cj4KPHRkIHdpZHRoPSIzNjUiPjxpbWcgc3JjPSJodHRwOi8vd3d3LnJha3V0ZW4ubmUuanAvZ29sZC9yYWt1dGVuMjQvaXRlbS9pbWFnZXMvaXRlbXBhZ2VfYm5yXzAxLmpwZyIgd2lkdGg9IjM2MCIgaGVpZ2h0PSI2MCIgYm9yZGVyPSIwIiBhbHQ9IiI+PC90ZD4KPHRkIHdpZHRoPSIzNjUiPjxpbWcgc3JjPSJodHRwOi8vd3d3LnJha3V0ZW4ubmUuanAvZ29sZC9yYWt1dGVuMjQvaXRlbS9pbWFnZXMvaXRlbXBhZ2VfYm5yXzAyLmdpZiIgd2lkdGg9IjM2MCIgaGVpZ2h0PSI2MCIgYm9yZGVyPSIwIiBhbHQ9IiI+PC90ZD4KPC90cj4KLS0+IAoKPCEtLSDZSaSkzu+kq6S0pdylv6XzLyAtLT4KPHN0eWxlPgovKiC+yaXcpb+l8wojcmFrdXRlbkxpbWl0ZWRJZF9hcm91bmRDYXJ0IGlucHV0IHsKICB3aWR0aDogMTYwcHg7CiAgaGVpZ2h0OiA0MHB4OwogYmFja2dyb3VuZDp1cmwoaHR0cDovL2ltYWdlLnJha3V0ZW4uY28uanAvcmFrdXRlbjI0L2NhYmluZXQvdGVzdC9jYXJ0X2JsYWNrLmdpZikgI2ZjZmNmYyBuby1yZXBlYXQ7CiAgb3ZlcmZsb3c6IGhpZGRlbjsKICBib3JkZXItd2lkdGg6IDBweDsKICB0ZXh0LWluZGVudDogMTUwJTsKICBjdXJzb3I6IHBvaW50ZXIgIWltcG9ydGFudDsKICB3aGl0ZS1zcGFjZTogbm93cmFwOwogIG1hcmdpbjogMTBweCAwIDAgMDsKfQoqLwoKLyogvskyCiNyYWt1dGVuTGltaXRlZElkX2Fyb3VuZENhcnQgaW5wdXQgewogIHdpZHRoOiAxODBweDsKICBoZWlnaHQ6IDQwcHg7CiBiYWNrZ3JvdW5kOnVybChodHRwOi8vaW1hZ2UucmFrdXRlbi5jby5qcC9yYWt1dGVuMjQvY2FiaW5ldC9sYXlvdXQvYnRuX2NhcnRfYmxhY2suZ2lmKSAjZmNmY2ZjIG5vLXJlcGVhdDsKICBvdmVyZmxvdzogaGlkZGVuOwogIGJvcmRlci13aWR0aDogMHB4OwogIHRleHQtaW5kZW50OiAxNTAlOwogIGN1cnNvcjogcG9pbnRlciAhaW1wb3J0YW50OwogIHdoaXRlLXNwYWNlOiBub3dyYXA7CiAgbWFyZ2luOiAxMHB4IDAgMCAwOwp9CiovCgovKiDT6LxzpKuktIydj+qkx6WzpeGl86XIpaKlpqXICiNyYWt1dGVuTGltaXRlZElkX2Fyb3VuZENhcnQgaW5wdXQgewogIHdpZHRoOiAxODBweDsKICBoZWlnaHQ6IDQwcHg7CiBiYWNrZ3JvdW5kOnVybCgiaHR0cDovL2ltYWdlLnJha3V0ZW4uY28uanAvcmFrdXRlbjI0L2NhYmluZXQvbGF5b3V0L2J0bl9jYXJ0X2JsYWNrLmdpZiIpICNmY2ZjZmMgbm8tcmVwZWF0OwogIG92ZXJmbG93OiBoaWRkZW47CiAgYm9yZGVyLXdpZHRoOiAwcHg7CiAgdGV4dC1pbmRlbnQ6IDE1MCU7CiAgY3Vyc29yOiBwb2ludGVyICFpbXBvcnRhbnQ7CiAgd2hpdGUtc3BhY2U6IG5vd3JhcDsKICBtYXJnaW46IDEwcHggMCAwIDA7Cn0KKi8KI3Jha3V0ZW5MaW1pdGVkSWRfYXJvdW5kQ2FydCBpbnB1dC5yQ2FydEJ0bjpob3ZlciwKZGl2LnNob3BCb29rbWFya0FyZWEgZGl2LnNob3BCa20gYS5hZGRTaG9wQmttIHNwYW4uc2hvcEJrbVN0YXI6aG92ZXIsCmRpdi5ib29rbWFya0FyZWEgZGl2LmJrbSBhLmFkZEJrbSBzcGFuLmJrbVN0YXI6aG92ZXIgewogIG9wYWNpdHk6IDAuODsKICBmaWx0ZXI6IGFscGhhKG9wYWNpdHk9ODApOwp9CgojcmFrdXRlbkxpbWl0ZWRJZF9hcm91bmRDYXJ0ICNzZXJ2aWNlVGFibGVTbWx7Ci8qCiAgbWFyZ2luLWxlZnQ6IDkycHggIWltcG9ydGFudDsKKi8KfQoKI3Jha3V0ZW5MaW1pdGVkSWRfYXJvdW5kQ2FydCAjc2VydmljZVRhYmxlU21sIHRkLmZhdm9yaXRlewp3aWR0aDogMjcwcHggIWltcG9ydGFudDsKfQoKCgojcmFrdXRlbkxpbWl0ZWRJZF9hcm91bmRDYXJ0IGRpdi5zaG9wQmttewp3aWR0aDogMTIwcHg7Cn0KCmRpdi5zaG9wQm9va21hcmtBcmVhIGRpdi5zaG9wQmttIGEuYWRkU2hvcEJrbXsKd2lkdGg6IDEyMHB4ICFpbXBvcnRhbnQ7CmhlaWdodDogMjZweCAhaW1wb3J0YW50Owp9CgpkaXYuc2hvcEJvb2ttYXJrQXJlYSBkaXYuc2hvcEJrbSBhLmFkZFNob3BCa20gc3Bhbi5zaG9wQmttU3RhcnsKd2lkdGg6IDEyMHB4ICFpbXBvcnRhbnQ7CmhlaWdodDogMjZweCAhaW1wb3J0YW50OwpiYWNrZ3JvdW5kOiB1cmwoaHR0cDovL2ltYWdlLnJha3V0ZW4uY28uanAvcmFrdXRlbjI0L2NhYmluZXQvbGF5b3V0L2J0bl9mYXZvcml0ZV9zaG9wLmdpZikgbm8tcmVwZWF0IDAgMCAhaW1wb3J0YW50Owp9CgoKCiNyYWt1dGVuTGltaXRlZElkX2Fyb3VuZENhcnQgZGl2LmJrbXsKd2lkdGg6IDEyMHB4Owp9CgpkaXYuYm9va21hcmtBcmVhIGRpdi5ia20gYS5hZGRCa217CndpZHRoOiAxMjBweCAhaW1wb3J0YW50OwpoZWlnaHQ6IDI2cHggIWltcG9ydGFudDsKfQoKZGl2LmJvb2ttYXJrQXJlYSBkaXYuYmttIGEuYWRkQmttIHNwYW4uYmttU3RhcnsKd2lkdGg6IDEyMHB4ICFpbXBvcnRhbnQ7CmhlaWdodDogMjZweCAhaW1wb3J0YW50OwpiYWNrZ3JvdW5kOiB1cmwoaHR0cDovL2ltYWdlLnJha3V0ZW4uY28uanAvcmFrdXRlbjI0L2NhYmluZXQvbGF5b3V0L2J0bl9mYXZvcml0ZV9pdGVtLmdpZikgbm8tcmVwZWF0IDAgMCAhaW1wb3J0YW50Owp9Cgoud2Vla2x5Qm5yewp3aWR0aDogNzAwcHg7CmhlaWdodDogMjMxcHg7CnBvc2l0aW9uOiByZWxhdGl2ZTsKYmFja2dyb3VuZDogdXJsKCJodHRwOi8vd3d3LnJha3V0ZW4ubmUuanAvZ29sZC9yYWt1dGVuMjQvaW1nL3JhbmsxL2JnX3JhbmtibnIuanBnIikgbGVmdCB0b3Agbm8tcmVwZWF0Owp9Cgoud2Vla2x5Qm5yIGltZ3sKd2lkdGg6IDY2MnB4Owpwb3NpdGlvbjogYWJzb2x1dGU7CmJvdHRvbTogMzBweDsKbGVmdDogMjBweDsKei1pbmRleDogMTA7Cn0KCi53ZWVrbHlCbnI6YWZ0ZXJ7CmNvbnRlbnQ6IHVybCgiaHR0cDovL3d3dy5yYWt1dGVuLm5lLmpwL2dvbGQvcmFrdXRlbjI0L2ltZy9yYW5rMS93cmFwX3JhbmtibnIucG5nIik7CnBvc2l0aW9uOiBhYnNvbHV0ZTsKdG9wOiAwOwpsZWZ0OiAwOwp6LWluZGV4OiAxMDA7Cn0KCi5yZXZpZXdCbnIgewogICAgd2lkdGg6IDcwMHB4OwogICAgaGVpZ2h0OiAxMDBweDsKICAgIGJhY2tncm91bmQ6IHVybCgiaHR0cDovL2ltYWdlLnJha3V0ZW4uY28uanAvcmFrdXRlbjI0L2NhYmluZXQvY2FtcGFpZ24vcmV2aWV3L2JnX3Jldmlld2Juci5qcGciKSBsZWZ0IHRvcCBuby1yZXBlYXQ7CiAgICBwb3NpdGlvbjogcmVsYXRpdmU7CiAgICBmb250LXNpemU6IDE2cHg7Cn0KCi5yZXZpZXdCbnIgZGl2IHsKICAgIHBhZGRpbmc6IDEwcHg7CiAgICBiYWNrZ3JvdW5kOiAjZmZmOwogICAgcG9zaXRpb246IGFic29sdXRlOwogICAgdG9wOiAxMXB4OwogICAgbGVmdDogMTgwcHg7CiAgICBsaW5lLWhlaWdodDogMTIwJTsKICAgIGJvcmRlci1yYWRpdXM6IDVweDsKfQoKLnJldmlld0JuciBzcGFuIHsKICAgIGNvbG9yOiAjZmYwMDAwOwp9CgoucmV2aWV3Qm5yIHN0cm9uZyB7CiAgICBmb250LXNpemU6IDE4cHg7Cn0KCi5ibnJfZWFnbGVzewogICAgd2lkdGg6IDcwMHB4OwogICAgZGlzcGxheTogYmxvY2s7CiAgICBiYWNrZ3JvdW5kLWNvbG9yOiAjOTIwNDFlOwogICAgdGV4dC1hbGlnbjogY2VudGVyOwp9CgoKCmh0bWwsYm9keSB7CmZvbnQtZmFtaWx5OiBDZW50dXJ5IEdvdGhpYywgQXJpYWw7Cn0KCnNwYW4uY2F0ZWdvcnlfaXRlbXRheHBvc3RhZ2Uge2ZvbnQtc2l6ZToxMHB4O30Kc3Bhbi5jYXRlZ29yeV9pdGVtcHJpY2Uge2NvbG9yOiNiZjAwMDA7Zm9udC1zaXplOjI0cHg7Zm9udC13ZWlnaHQ6Ym9sZDsgZGlzcGxheTpibG9jazt9CnNwYW4ucHJpY2UyIHsgZm9udC1zaXplOjIyMCUgIWltcG9ydGFudDtmb250LXdlaWdodDpib2xkO30KdGFibGV7ei1pbmRleDowO30gCnNwYW4uY2F0ZWdvcnlfaXRlbXByaWNlOmJlZm9yZXsvKmNvbnRlbnQ6IlBSSUNFICI7Ki9mb250LXNpemU6MTBweDt9Cjwvc3R5bGU+Cgo8IS0tIKSzpLOk3qTHIC0tPgoKCjwvdGFibGU+,pbml3algpcSl3KlgpesgpdCluaWxpcOlyKXcqWCl66G+mFPM7DI0ob9bUExBVFoopdel6aXDpcQpIKXcqWCl6yjIrtPDKV2juphTzOwyNA==,mFPM7DI0pa+l6qW5pb+l66WspaSltqlgpd+lzaXppeulpqWpqWClv6lgpeqloqXDpdel6qWipcOl13g1pcClpqXLqWCls6XzpcmpYKXgpdql6qWopbWpYKXipbmls6Xzpcil7KXDpa+lucjVn4aksda5pOGls6Wzpcqlw6XEpaqlpKXrpKiktKTepLOk4dPNpbWl86XapeylsKXqpc7JyO9MmUOlr6Xqpbmlv6XrpaylpKW2qWAgNTAwbWwgNDixvr52pM7Ep8WuuMq+xqW5pd2pYKXEpdypYKXrIKXQpbmlsaXDpcil3KlgpeuhvphTzOwyNKG/W1BMQVRaKKXXpemlw6XEKSCl3KlgpesoyK7Twyld,UExBVFoopdel6aXDpcQpL8uwkmkxODgwg9LS1MnPy83Bz59vwc+ho6W5pd2pYKXEpdypYKXrIKXQpbmlsaXDpcil3KlgpeuhvphTzOwyNKG/W1BMQVRaKKXXpemlw6XEKSCl3KlgpesoyK7Twyld[rn]
31-51743,aHR0cDovL3RzaG9wLnIxMHMuanAvcmFrdXRlbjI0L2NhYmluZXQvYTI1ODkvYTI1ODk5MGhfbC5qcGc/Zml0aW49NzAwOjcwMA==,MjU2LjgwMDA=,,pdqlw6XIP6XapcOlyKWwpcOluiA+IMiu08PGtyA+IKSqpOKkwaTjID4gpdypYKXr,yK6kzqSqpOKkwaTjIKW1pcOlq6lgpdypYKXrob6YU8zsMjShv1tQZXRpbyil2qXGpaOlqikgpdypYKXrXQ==,UGV0aW8opdqlxqWjpaopL8uwkmkxODgwg9LS1MnPy83Bz59vwc8=,PGEgaHJlZj0iaHR0cDovL3d3dy5yYWt1dGVuLm5lLmpwL2dvbGQvcmFrdXRlbjI0L2NhbXBhaWduL3Jldmlldy8/cy1pZD1yMjRfcmV2aWV3X2ZpcnN0MDEiIHRhcmdldD0iX2JsYW5rIj48aW1nIHNyYz0iaHR0cDovL2ltYWdlLnJha3V0ZW4uY28uanAvcmFrdXRlbjI0L2NhYmluZXQvY2FtcGFpZ24vcmV2aWV3LzFiYW5fcmV2aWV3LmpwZyIgd2lkdGg9IjcwMCIgaGVpZ2h0PSIxMDAiIGJvcmRlcj0iMCIgLz48L2E+PGJyPqH5P6XspdOl5algzba45ZVypMult6XnpcOl16TY16LOxLesusWk8taqpOmku6TroaOkzqXBpaelw6WvpPLI66TspMakr6TApLWkpKGjPGJyPj/h4cjVpeGpYKXrpMukxqWvqWCl3aXzVVJMpPKkqsvNpOqkt6TepLmhozxhIGhyZWY9Imh0dHBzOi8vb3JkZXIubXkucmFrdXRlbi5jby5qcC8/cy1pZD1yMjRfcmV2aWV3X2ZpcnN0MDIiPqH2ofWl7KXTpeWpYKTylfikr6H1ofY8L2E+PGJyPj/L+6TOt72krM/IpMvNtrjlpLekv4j2us+hoqWvqWCl3aXz302zyoydz/PN4qTIpMqk6qTepLmkzqTHpLTXotLipK+kwKS1pKSho6XspdOl5algzba45aTPz8Kyv6TL05vdZKS3pMakpKTepLmhozxicj4/peyl06XlqWDNtrjlpKuk6be007Ok3qTHlXKy7qSspKKk66S/pOGhosnMxre7rcPmyc+kzqXspdOl5algvP7K/aTIjGfrSKTOzba45bz+yv2krK6QpMqk64j2us+krKSipOqk3qS5pM6kx9PopOGktMHLs9Ckr6TApLWkpKGjPGJyPjxicj48YnI+PHNtYWxsPqH5pdGlw6WxqWCluKXHpbalpKXztcikz9PouOakyqSvieS4/KS1pOyk66SzpMikrKSipOqk3qS5oaM8L3NtYWxsPjxicj48YnI+PHRhYmxlPjx0cj48dGQgd2lkdGg9IjEwMCUiPjxwIGNsYXNzPSJwZGVzYyI+PGRpdiBjbGFzcz0icGRlc2N0aXRsZSI+yczGt9Vow/c8L2Rpdj48ZGl2IGNsYXNzPSJwZGVzY2hvbmJ1biI+objIrqTOpKqk4qTBpOMgpbWlw6WrqWCl3KlgpeuhuaTPoaKltaXDpaupYKXcqWCl69DNpM6l06XLqWCl69F1pdypYKXrKMiu08MppMekuaGjpdWlqLi2pK2kx6Gih3mk4KTIobil1KXlqWChuaTI+FGk66SrpOmhorrDxubQxKSstMy8pKS1pOyhoqXvpfOkwaTjpPO088+ypNOkx6S5oaM8L2Rpdj48L3A+PC90ZD48L3RyPjwvdGFibGU+PGJyPqXWpeml86XJo7pQZXRpbyil2qXGpaOlqik8YnI+mFPM7DI0o76l2qXDpcjTw8a3o77IrtPDxrcopbClw6W6KaO+yK7Tw6SqpOKkwaTjP83mvt8oyK4/31spo76l3KlgpeujvsiupM6kqqTipMGk4yCltaXDpaupYKXcqWCl6zxicj6wa4nT1KqjuqXapcalo6WqPGJyPtStrmK5+iDW0Ln6PGJyPtbYwb+jurxzOTBnPGJyPjxicj48YnI+pbWlpKW6o7oxMTAqMjM1KjU1KG1tKTxicj5KQU6ls6lgpcmjuqGhNDkwMzU4ODUwNTUxNTxicj48YnI+PHRhYmxlIHdpZHRoPSIxMDAlIiBib3JkZXI9MCBjZWxsc3BhY2luZz0wIGNlbGxwYWRkaW5nPTU+PHRyPjx0ZD48L3RkPjx0cj48dGQ+PC90ZD48L3RyPjwvdGFibGU+PGJyPjxicj48YnI+jtq45s7E2J+juqWxpfOls6lgpbOl4Nbqyr274cnnPGJyPlRFTDowNTAtNTU3Ny01MDQzPGJyPjxicj5bUGV0aW8opdqlxqWjpaopXTxicj7IrtPDxrcopbClw6W6KS/IrtPDpKqk4qTBpOM/zea+3yjIrj/fWykvpdypYKXrPGJyPjxicj48IS0tIGlkOiA/cy1pZD1yMjRfaWhibnJfMDEvID9zLWlkPXIyNF9paGJucl8wMiAtLT4KPHRhYmxlIHdpZHRoPSI3MzAiIGNlbGxwYWRkaW5nPSIwIiBjZWxsc3BhY2luZz0iMCIgYm9yZGVyPSIwIj4KCjwhLS0xMKOlT0ZGpa+pYKXdpfMvIC0tPgoKPGRpdiBzdHlsZT0ibWFyZ2luLWJvdHRvbToxMHB4OyI+Cgo8aW1nIHNyYz0iCmh0dHBzOi8vaW1hZ2UucmFrdXRlbi5jby5qcC9yYWt1dGVuMjQvY2FiaW5ldC9jb3Vwb24vYm5yXzEwMF83MDBfNjAuanBnIiBhbHQ9IrP1pOGkxqTOt73P3raoMTAwg9JPRkalr6lgpd2l86OhIiB3aWR0aD0iNzAwIiBoZWlnaHQ9IjYwIiBib3JkZXI9IjAiPgo8L2Rpdj4KCjxkaXYgc3R5bGU9Im1hcmdpbi1ib3R0b206MTBweDsiPgoKPGltZyBzcmM9Imh0dHBzOi8vaW1hZ2UucmFrdXRlbi5jby5qcC9yYWt1dGVuMjQvY2FiaW5ldC9jb3Vwb24vYm5yXzcwMF82MF81MDAwLmpwZyIgYWx0PSI1LDAwMIPS0tTJz9mPyOsxMCVPRkajoSIgd2lkdGg9IjcwMCIgaGVpZ2h0PSI2MCIgYm9yZGVyPSIwIj4KPC9kaXY+Cgo8ZGl2IHN0eWxlPSJtYXJnaW4tYm90dG9tOjEwcHg7Ij4KCjxpbWcgc3JjPSJodHRwOi8vaW1hZ2UucmFrdXRlbi5jby5qcC9yYWt1dGVuMjQvY2FiaW5ldC9jb3Vwb24vYm5yXzcwMF82MF8xMDAwMC5qcGciIGFsdD0iMTAsMDAwg9LS1MnP2Y/I66THMTUlT0ZGo6EiIHdpZHRoPSI3MDAiIGhlaWdodD0iNjAiIGJvcmRlcj0iMCI+CjwvZGl2PgoKPCEtLWRpdiBzdHlsZT0ibWFyZ2luLWJvdHRvbToxMHB4OyI+Cgo8aW1nIHNyYz0iaHR0cDovL2ltYWdlLnJha3V0ZW4uY28uanAvcmFrdXRlbjI0L2NhYmluZXQvY2FtcGFpZ24vYXN1cmFrdS9ibnJfNzAwXzYwLmpwZyIgYWx0PSKkoqS5mFPJzMa3pd2lpKXzpcgzsbajoSIgd2lkdGg9IjcwMCIgaGVpZ2h0PSI2MCIgYm9yZGVyPSIwIj4KPC9kaXYtLT4KCjxkaXYgc3R5bGU9Im1hcmdpbi1ib3R0b206MTBweDsiPgoKPGltZyBzcmM9Imh0dHBzOi8vaW1hZ2UucmFrdXRlbi5jby5qcC9yYWt1dGVuMjQvY2FiaW5ldC9zcGVjaWFsL2ZhdGhlcl80Njh4NjAuanBnIiBhbHQ9IqXdpaSl86XIM7G2o6EiIHdpZHRoPSI0NjgiIGhlaWdodD0iNjAiIGJvcmRlcj0iMCI+CjwvZGl2PgoKCjwhLS1kaXYgc3R5bGU9Im1hcmdpbi1ib3R0b206MTBweDsiPgoKPGltZyBzcmM9Imh0dHBzOi8vaW1hZ2UucmFrdXRlbi5jby5qcC9yYWt1dGVuMjQvY2FiaW5ldC9zcGVjaWFsLzIwMTZfZWNhbXBhaWduLmpwZyIgYWx0PSKlpKlgpbCl66W5hNnA+9ObxO6l3aWkpfOlyDKxtqOhIiB3aWR0aD0iNDY4IiBoZWlnaHQ9IjYwIiBib3JkZXI9IjAiPgo8L2Rpdi0tPgoKCjwhLS0gLzEwo6VPRkalr6lgpd2l8yAtLT4KCjwhLS0gpKqkuaS5pOHJzMa3IC0tPgqlxqXspdO9Qr3po7oKpcil3qXIpbil5algpbkgLwql3qWrpcel36Wipcqlw6XEpaqlpKXrIC8KIOuKhNOl1qXspcOlyaWrpcOlv6lgIC8KIKXrpaSl3KW5pcalo6lgIC8KpOqk86S09aEgLwo8IS0tIC+kqqS5pLmk4cnMxrcgLS0+CgoKCjwhLS0gmFPM7DI0pKuk6aTOpeGlw6W7qWCluC8gLS0+Cjxicj48YnI+CgoKPCEtLSAvmFPM7DI0pKuk6aTOpeGlw6W7qWCluCAtLT4KCjwhLS0gpKKkuZhTTkcvIC0tPgo8IS0toaE8aW1nIHNyYz0iaHR0cDovL2ltYWdlLnJha3V0ZW4uY28uanAvcmFrdXRlbjI0L2NhYmluZXQvaXRlbTQ2L2FzdXJha3UwNzA0LmpwZyIgd2lkdGg9IjczMCIgaGVpZ2h0PSIxMzAiIGJvcmRlcj0iMCI+Cgo8ZGl2IHN0eWxlPSJtYXJnaW4tYm90dG9tOjVweDsiPgo8aW1nIHNyYz0iaHR0cDovL2ltYWdlLnJha3V0ZW4uY28uanAvcmFrdXRlbjI0L2NhYmluZXQvaXRlbTQ1L2FzdXJha3UwNzExLmpwZyIgd2lkdGg9IjczMCIgaGVpZ2h0PSI1MCIgYm9yZGVyPSIwIj4KPC9kaXY+Ci0tPgo8IS0tIC+koqS5mFNORyAtLT4KCgoKPCEtLSC72N9bLyAtLT4KPCEtLSAKCiAtLT4KPCEtLSAvu9jfWyAtLT4KCgoKPCEtLSAywdCx7cq+08Ol0KXKqWClqKXqpaI+CjwhLS0KPHRyPgo8dGQgd2lkdGg9IjM2NSI+PGltZyBzcmM9Imh0dHA6Ly93d3cucmFrdXRlbi5uZS5qcC9nb2xkL3Jha3V0ZW4yNC9pdGVtL2ltYWdlcy9pdGVtcGFnZV9ibnJfMDEuanBnIiB3aWR0aD0iMzYwIiBoZWlnaHQ9IjYwIiBib3JkZXI9IjAiIGFsdD0iIj48L3RkPgo8dGQgd2lkdGg9IjM2NSI+PGltZyBzcmM9Imh0dHA6Ly93d3cucmFrdXRlbi5uZS5qcC9nb2xkL3Jha3V0ZW4yNC9pdGVtL2ltYWdlcy9pdGVtcGFnZV9ibnJfMDIuZ2lmIiB3aWR0aD0iMzYwIiBoZWlnaHQ9IjYwIiBib3JkZXI9IjAiIGFsdD0iIj48L3RkPgo8L3RyPgotLT4gCgo8IS0tINlJpKTO76SrpLSl3KW/pfMvIC0tPgo8c3R5bGU+Ci8qIL7Jpdylv6XzCiNyYWt1dGVuTGltaXRlZElkX2Fyb3VuZENhcnQgaW5wdXQgewogIHdpZHRoOiAxNjBweDsKICBoZWlnaHQ6IDQwcHg7CiBiYWNrZ3JvdW5kOnVybChodHRwOi8vaW1hZ2UucmFrdXRlbi5jby5qcC9yYWt1dGVuMjQvY2FiaW5ldC90ZXN0L2NhcnRfYmxhY2suZ2lmKSAjZmNmY2ZjIG5vLXJlcGVhdDsKICBvdmVyZmxvdzogaGlkZGVuOwogIGJvcmRlci13aWR0aDogMHB4OwogIHRleHQtaW5kZW50OiAxNTAlOwogIGN1cnNvcjogcG9pbnRlciAhaW1wb3J0YW50OwogIHdoaXRlLXNwYWNlOiBub3dyYXA7CiAgbWFyZ2luOiAxMHB4IDAgMCAwOwp9CiovCgovKiC+yTIKI3Jha3V0ZW5MaW1pdGVkSWRfYXJvdW5kQ2FydCBpbnB1dCB7CiAgd2lkdGg6IDE4MHB4OwogIGhlaWdodDogNDBweDsKIGJhY2tncm91bmQ6dXJsKGh0dHA6Ly9pbWFnZS5yYWt1dGVuLmNvLmpwL3Jha3V0ZW4yNC9jYWJpbmV0L2xheW91dC9idG5fY2FydF9ibGFjay5naWYpICNmY2ZjZmMgbm8tcmVwZWF0OwogIG92ZXJmbG93OiBoaWRkZW47CiAgYm9yZGVyLXdpZHRoOiAwcHg7CiAgdGV4dC1pbmRlbnQ6IDE1MCU7CiAgY3Vyc29yOiBwb2ludGVyICFpbXBvcnRhbnQ7CiAgd2hpdGUtc3BhY2U6IG5vd3JhcDsKICBtYXJnaW46IDEwcHggMCAwIDA7Cn0KKi8KCi8qINPovHOkq6S0jJ2P6qTHpbOl4aXzpciloqWmpcgKI3Jha3V0ZW5MaW1pdGVkSWRfYXJvdW5kQ2FydCBpbnB1dCB7CiAgd2lkdGg6IDE4MHB4OwogIGhlaWdodDogNDBweDsKIGJhY2tncm91bmQ6dXJsKCJodHRwOi8vaW1hZ2UucmFrdXRlbi5jby5qcC9yYWt1dGVuMjQvY2FiaW5ldC9sYXlvdXQvYnRuX2NhcnRfYmxhY2suZ2lmIikgI2ZjZmNmYyBuby1yZXBlYXQ7CiAgb3ZlcmZsb3c6IGhpZGRlbjsKICBib3JkZXItd2lkdGg6IDBweDsKICB0ZXh0LWluZGVudDogMTUwJTsKICBjdXJzb3I6IHBvaW50ZXIgIWltcG9ydGFudDsKICB3aGl0ZS1zcGFjZTogbm93cmFwOwogIG1hcmdpbjogMTBweCAwIDAgMDsKfQoqLwojcmFrdXRlbkxpbWl0ZWRJZF9hcm91bmRDYXJ0IGlucHV0LnJDYXJ0QnRuOmhvdmVyLApkaXYuc2hvcEJvb2ttYXJrQXJlYSBkaXYuc2hvcEJrbSBhLmFkZFNob3BCa20gc3Bhbi5zaG9wQmttU3Rhcjpob3ZlciwKZGl2LmJvb2ttYXJrQXJlYSBkaXYuYmttIGEuYWRkQmttIHNwYW4uYmttU3Rhcjpob3ZlciB7CiAgb3BhY2l0eTogMC44OwogIGZpbHRlcjogYWxwaGEob3BhY2l0eT04MCk7Cn0KCiNyYWt1dGVuTGltaXRlZElkX2Fyb3VuZENhcnQgI3NlcnZpY2VUYWJsZVNtbHsKLyoKICBtYXJnaW4tbGVmdDogOTJweCAhaW1wb3J0YW50OwoqLwp9CgojcmFrdXRlbkxpbWl0ZWRJZF9hcm91bmRDYXJ0ICNzZXJ2aWNlVGFibGVTbWwgdGQuZmF2b3JpdGV7CndpZHRoOiAyNzBweCAhaW1wb3J0YW50Owp9CgoKCiNyYWt1dGVuTGltaXRlZElkX2Fyb3VuZENhcnQgZGl2LnNob3BCa217CndpZHRoOiAxMjBweDsKfQoKZGl2LnNob3BCb29rbWFya0FyZWEgZGl2LnNob3BCa20gYS5hZGRTaG9wQmttewp3aWR0aDogMTIwcHggIWltcG9ydGFudDsKaGVpZ2h0OiAyNnB4ICFpbXBvcnRhbnQ7Cn0KCmRpdi5zaG9wQm9va21hcmtBcmVhIGRpdi5zaG9wQmttIGEuYWRkU2hvcEJrbSBzcGFuLnNob3BCa21TdGFyewp3aWR0aDogMTIwcHggIWltcG9ydGFudDsKaGVpZ2h0OiAyNnB4ICFpbXBvcnRhbnQ7CmJhY2tncm91bmQ6IHVybChodHRwOi8vaW1hZ2UucmFrdXRlbi5jby5qcC9yYWt1dGVuMjQvY2FiaW5ldC9sYXlvdXQvYnRuX2Zhdm9yaXRlX3Nob3AuZ2lmKSBuby1yZXBlYXQgMCAwICFpbXBvcnRhbnQ7Cn0KCgoKI3Jha3V0ZW5MaW1pdGVkSWRfYXJvdW5kQ2FydCBkaXYuYmttewp3aWR0aDogMTIwcHg7Cn0KCmRpdi5ib29rbWFya0FyZWEgZGl2LmJrbSBhLmFkZEJrbXsKd2lkdGg6IDEyMHB4ICFpbXBvcnRhbnQ7CmhlaWdodDogMjZweCAhaW1wb3J0YW50Owp9CgpkaXYuYm9va21hcmtBcmVhIGRpdi5ia20gYS5hZGRCa20gc3Bhbi5ia21TdGFyewp3aWR0aDogMTIwcHggIWltcG9ydGFudDsKaGVpZ2h0OiAyNnB4ICFpbXBvcnRhbnQ7CmJhY2tncm91bmQ6IHVybChodHRwOi8vaW1hZ2UucmFrdXRlbi5jby5qcC9yYWt1dGVuMjQvY2FiaW5ldC9sYXlvdXQvYnRuX2Zhdm9yaXRlX2l0ZW0uZ2lmKSBuby1yZXBlYXQgMCAwICFpbXBvcnRhbnQ7Cn0KCi53ZWVrbHlCbnJ7CndpZHRoOiA3MDBweDsKaGVpZ2h0OiAyMzFweDsKcG9zaXRpb246IHJlbGF0aXZlOwpiYWNrZ3JvdW5kOiB1cmwoImh0dHA6Ly93d3cucmFrdXRlbi5uZS5qcC9nb2xkL3Jha3V0ZW4yNC9pbWcvcmFuazEvYmdfcmFua2Juci5qcGciKSBsZWZ0IHRvcCBuby1yZXBlYXQ7Cn0KCi53ZWVrbHlCbnIgaW1newp3aWR0aDogNjYycHg7CnBvc2l0aW9uOiBhYnNvbHV0ZTsKYm90dG9tOiAzMHB4OwpsZWZ0OiAyMHB4Owp6LWluZGV4OiAxMDsKfQoKLndlZWtseUJucjphZnRlcnsKY29udGVudDogdXJsKCJodHRwOi8vd3d3LnJha3V0ZW4ubmUuanAvZ29sZC9yYWt1dGVuMjQvaW1nL3JhbmsxL3dyYXBfcmFua2Juci5wbmciKTsKcG9zaXRpb246IGFic29sdXRlOwp0b3A6IDA7CmxlZnQ6IDA7CnotaW5kZXg6IDEwMDsKfQoKLnJldmlld0JuciB7CiAgICB3aWR0aDogNzAwcHg7CiAgICBoZWlnaHQ6IDEwMHB4OwogICAgYmFja2dyb3VuZDogdXJsKCJodHRwOi8vaW1hZ2UucmFrdXRlbi5jby5qcC9yYWt1dGVuMjQvY2FiaW5ldC9jYW1wYWlnbi9yZXZpZXcvYmdfcmV2aWV3Ym5yLmpwZyIpIGxlZnQgdG9wIG5vLXJlcGVhdDsKICAgIHBvc2l0aW9uOiByZWxhdGl2ZTsKICAgIGZvbnQtc2l6ZTogMTZweDsKfQoKLnJldmlld0JuciBkaXYgewogICAgcGFkZGluZzogMTBweDsKICAgIGJhY2tncm91bmQ6ICNmZmY7CiAgICBwb3NpdGlvbjogYWJzb2x1dGU7CiAgICB0b3A6IDExcHg7CiAgICBsZWZ0OiAxODBweDsKICAgIGxpbmUtaGVpZ2h0OiAxMjAlOwogICAgYm9yZGVyLXJhZGl1czogNXB4Owp9CgoucmV2aWV3Qm5yIHNwYW4gewogICAgY29sb3I6ICNmZjAwMDA7Cn0KCi5yZXZpZXdCbnIgc3Ryb25nIHsKICAgIGZvbnQtc2l6ZTogMThweDsKfQoKLmJucl9lYWdsZXN7CiAgICB3aWR0aDogNzAwcHg7CiAgICBkaXNwbGF5OiBibG9jazsKICAgIGJhY2tncm91bmQtY29sb3I6ICM5MjA0MWU7CiAgICB0ZXh0LWFsaWduOiBjZW50ZXI7Cn0KCgoKaHRtbCxib2R5IHsKZm9udC1mYW1pbHk6IENlbnR1cnkgR290aGljLCBBcmlhbDsKfQoKc3Bhbi5jYXRlZ29yeV9pdGVtdGF4cG9zdGFnZSB7Zm9udC1zaXplOjEwcHg7fQpzcGFuLmNhdGVnb3J5X2l0ZW1wcmljZSB7Y29sb3I6I2JmMDAwMDtmb250LXNpemU6MjRweDtmb250LXdlaWdodDpib2xkOyBkaXNwbGF5OmJsb2NrO30Kc3Bhbi5wcmljZTIgeyBmb250LXNpemU6MjIwJSAhaW1wb3J0YW50O2ZvbnQtd2VpZ2h0OmJvbGQ7fQp0YWJsZXt6LWluZGV4OjA7fSAKc3Bhbi5jYXRlZ29yeV9pdGVtcHJpY2U6YmVmb3Jley8qY29udGVudDoiUFJJQ0UgIjsqL2ZvbnQtc2l6ZToxMHB4O30KPC9zdHlsZT4KCjwhLS0gpLOks6TepMcgLS0+CgoKPC90YWJsZT4=,yK6kzqSqpOKkwaTjIKW1pcOlq6lgpdypYKXrob6YU8zsMjShv1tQZXRpbyil2qXGpaOlqikgpdypYKXrXaO6mFPM7DI0,mFPM7DI0pa+l6qW5pb+l66WspaSltqlgpd+lzaXppeulpqWpqWClv6lgpeqloqXDpdel6qWipcOl13g1pcClpqXLqWCls6XzpcmpYKXgpdql6qWopbWpYKXipbmls6Xzpcil7KXDpa+lucjVn4aksda5pOGls6Wzpcqlw6XEpaqlpKXrpKiktKTepLOk4dPNpbWl86XapeylsKXqpc7JyO9MmUOlr6Xqpbmlv6XrpaylpKW2qWAgNTAwbWwgNDixvr52pM7Ep8WuuMq+xsiupM6kqqTipMGk4yCltaXDpaupYKXcqWCl66G+mFPM7DI0ob9bUGV0aW8opdqlxqWjpaopIKXcqWCl610=,UGV0aW8opdqlxqWjpaopL8uwkmkxODgwg9LS1MnPy83Bz59vwc+ho8iupM6kqqTipMGk4yCltaXDpaupYKXcqWCl66G+mFPM7DI0ob9bUGV0aW8opdqlxqWjpaopIKXcqWCl610=[rn]
31-51744,aHR0cDovL3RzaG9wLnIxMHMuanAvcmFrdXRlbjI0L2NhYmluZXQvYTI1MDEvYTI1MDEyMGhfbC5qcGc/Zml0aW49NzAwOjcwMA==,MjU2LjgwMDA=,,pdqlw6XIP6XapcOlyKWwpcOluiA+IMiu08PGtyA+IKSqpOKkwaTjID4gpdypYKXr,pOSk76TppKul3KlgpesgpdCluaWxpcOlyKG+mFPM7DI0ob9bUGV0aW8opdqlxqWjpaopIKXcqWCl610=,UGV0aW8opdqlxqWjpaopL8uwkmkxODgwg9LS1MnPy83Bz59vwc8=,PGEgaHJlZj0iaHR0cDovL3d3dy5yYWt1dGVuLm5lLmpwL2dvbGQvcmFrdXRlbjI0L2NhbXBhaWduL3Jldmlldy8/cy1pZD1yMjRfcmV2aWV3X2ZpcnN0MDEiIHRhcmdldD0iX2JsYW5rIj48aW1nIHNyYz0iaHR0cDovL2ltYWdlLnJha3V0ZW4uY28uanAvcmFrdXRlbjI0L2NhYmluZXQvY2FtcGFpZ24vcmV2aWV3LzFiYW5fcmV2aWV3LmpwZyIgd2lkdGg9IjcwMCIgaGVpZ2h0PSIxMDAiIGJvcmRlcj0iMCIgLz48L2E+PGJyPqH5P6XspdOl5algzba45ZVypMult6XnpcOl16TY16LOxLesusWk8taqpOmku6TroaOkzqXBpaelw6WvpPLI66TspMakr6TApLWkpKGjPGJyPj/h4cjVpeGpYKXrpMukxqWvqWCl3aXzVVJMpPKkqsvNpOqkt6TepLmhozxhIGhyZWY9Imh0dHBzOi8vb3JkZXIubXkucmFrdXRlbi5jby5qcC8/cy1pZD1yMjRfcmV2aWV3X2ZpcnN0MDIiPqH2ofWl7KXTpeWpYKTylfikr6H1ofY8L2E+PGJyPj/L+6TOt72krM/IpMvNtrjlpLekv4j2us+hoqWvqWCl3aXz302zyoydz/PN4qTIpMqk6qTepLmkzqTHpLTXotLipK+kwKS1pKSho6XspdOl5algzba45aTPz8Kyv6TL05vdZKS3pMakpKTepLmhozxicj4/peyl06XlqWDNtrjlpKuk6be007Ok3qTHlXKy7qSspKKk66S/pOGhosnMxre7rcPmyc+kzqXspdOl5algvP7K/aTIjGfrSKTOzba45bz+yv2krK6QpMqk64j2us+krKSipOqk3qS5pM6kx9PopOGktMHLs9Ckr6TApLWkpKGjPGJyPjxicj48YnI+PHNtYWxsPqH5pdGlw6WxqWCluKXHpbalpKXztcikz9PouOakyqSvieS4/KS1pOyk66SzpMikrKSipOqk3qS5oaM8L3NtYWxsPjxicj48YnI+PHRhYmxlPjx0cj48dGQgd2lkdGg9IjEwMCUiPjxwIGNsYXNzPSJwZGVzYyI+PGRpdiBjbGFzcz0icGRlc2N0aXRsZSI+yczGt9Vow/c8L2Rpdj48ZGl2IGNsYXNzPSJwZGVzY2hvbmJ1biI+obik5KTvpOmkq6XcqWCl6yCl0KW5pbGlw6XIobmkz6GipemlxqXDpa+ludF1pM7IrtPDpKqk4qTBpOOkx6S5oaPL2LLEpMuks6TApO+kw6S/oaLQoaS1pMql76XzpMGk46TzpM6kt6TEpLGky6Ti0tvBoqTEoaLIy5rdpM6l3KlgpevQzaWipaSlxqXgpMekuaGjPC9kaXY+PC9wPjwvdGQ+PC90cj48L3RhYmxlPjxicj6l1qXppfOlyaO6UGV0aW8opdqlxqWjpaopPGJyPphTzOwyNKO+pdqlw6XI08PGt6O+yK7Tw8a3KKWwpcOluimjvsiu08OkqqTipMGk4z/N5r7fKMiuP99bKaO+pdypYKXro76k5KTvpOmkq6XcqWCl6yCl0KW5pbGlw6XIPGJyPticidPUqqO6pdqlxqWjpao8YnI+1K2uYrn6IMjVsb48YnI+1tjBv6O6vHM1MGc8YnI+PGJyPjxicj6ltaWkpbqjulc4MCpIMjEwKkQ3MChtbSk8YnI+SkFOpbOpYKXJo7qhoTQ5MDM1ODgyMDA1MzM8YnI+PGJyPjx0YWJsZSB3aWR0aD0iMTAwJSIgYm9yZGVyPTAgY2VsbHNwYWNpbmc9MCBjZWxscGFkZGluZz01Pjx0cj48dGQ+PC90ZD48dHI+PHRkPjwvdGQ+PC90cj48L3RhYmxlPjxicj48YnI+PGJyPo7auObOxNifo7qlsaXzpbOpYKWzpeDW6sq9u+HJ5zxicj5URUw6MDUwLTU1NzctNTA0Mzxicj48YnI+W1BldGlvKKXapcalo6WqKV08YnI+yK7Tw8a3KKWwpcOluikvyK7Tw6SqpOKkwaTjP83mvt8oyK4/31spL6XcqWCl6zxicj48YnI+PCEtLSBpZDogP3MtaWQ9cjI0X2loYm5yXzAxLyA/cy1pZD1yMjRfaWhibnJfMDIgLS0+Cjx0YWJsZSB3aWR0aD0iNzMwIiBjZWxscGFkZGluZz0iMCIgY2VsbHNwYWNpbmc9IjAiIGJvcmRlcj0iMCI+Cgo8IS0tMTCjpU9GRqWvqWCl3aXzLyAtLT4KCjxkaXYgc3R5bGU9Im1hcmdpbi1ib3R0b206MTBweDsiPgoKPGltZyBzcmM9IgpodHRwczovL2ltYWdlLnJha3V0ZW4uY28uanAvcmFrdXRlbjI0L2NhYmluZXQvY291cG9uL2Jucl8xMDBfNzAwXzYwLmpwZyIgYWx0PSKz9aThpMakzre9z962qDEwMIPST0ZGpa+pYKXdpfOjoSIgd2lkdGg9IjcwMCIgaGVpZ2h0PSI2MCIgYm9yZGVyPSIwIj4KPC9kaXY+Cgo8ZGl2IHN0eWxlPSJtYXJnaW4tYm90dG9tOjEwcHg7Ij4KCjxpbWcgc3JjPSJodHRwczovL2ltYWdlLnJha3V0ZW4uY28uanAvcmFrdXRlbjI0L2NhYmluZXQvY291cG9uL2Jucl83MDBfNjBfNTAwMC5qcGciIGFsdD0iNSwwMDCD0tLUyc/Zj8jrMTAlT0ZGo6EiIHdpZHRoPSI3MDAiIGhlaWdodD0iNjAiIGJvcmRlcj0iMCI+CjwvZGl2PgoKPGRpdiBzdHlsZT0ibWFyZ2luLWJvdHRvbToxMHB4OyI+Cgo8aW1nIHNyYz0iaHR0cDovL2ltYWdlLnJha3V0ZW4uY28uanAvcmFrdXRlbjI0L2NhYmluZXQvY291cG9uL2Jucl83MDBfNjBfMTAwMDAuanBnIiBhbHQ9IjEwLDAwMIPS0tTJz9mPyOukxzE1JU9GRqOhIiB3aWR0aD0iNzAwIiBoZWlnaHQ9IjYwIiBib3JkZXI9IjAiPgo8L2Rpdj4KCjwhLS1kaXYgc3R5bGU9Im1hcmdpbi1ib3R0b206MTBweDsiPgoKPGltZyBzcmM9Imh0dHA6Ly9pbWFnZS5yYWt1dGVuLmNvLmpwL3Jha3V0ZW4yNC9jYWJpbmV0L2NhbXBhaWduL2FzdXJha3UvYm5yXzcwMF82MC5qcGciIGFsdD0ipKKkuZhTyczGt6XdpaSl86XIM7G2o6EiIHdpZHRoPSI3MDAiIGhlaWdodD0iNjAiIGJvcmRlcj0iMCI+CjwvZGl2LS0+Cgo8ZGl2IHN0eWxlPSJtYXJnaW4tYm90dG9tOjEwcHg7Ij4KCjxpbWcgc3JjPSJodHRwczovL2ltYWdlLnJha3V0ZW4uY28uanAvcmFrdXRlbjI0L2NhYmluZXQvc3BlY2lhbC9mYXRoZXJfNDY4eDYwLmpwZyIgYWx0PSKl3aWkpfOlyDOxtqOhIiB3aWR0aD0iNDY4IiBoZWlnaHQ9IjYwIiBib3JkZXI9IjAiPgo8L2Rpdj4KCgo8IS0tZGl2IHN0eWxlPSJtYXJnaW4tYm90dG9tOjEwcHg7Ij4KCjxpbWcgc3JjPSJodHRwczovL2ltYWdlLnJha3V0ZW4uY28uanAvcmFrdXRlbjI0L2NhYmluZXQvc3BlY2lhbC8yMDE2X2VjYW1wYWlnbi5qcGciIGFsdD0ipaSpYKWwpeuluYTZwPvTm8Tupd2lpKXzpcgysbajoSIgd2lkdGg9IjQ2OCIgaGVpZ2h0PSI2MCIgYm9yZGVyPSIwIj4KPC9kaXYtLT4KCgo8IS0tIC8xMKOlT0ZGpa+pYKXdpfMgLS0+Cgo8IS0tIKSqpLmkuaThyczGtyAtLT4Kpcal7KXTvUK96aO6CqXIpd6lyKW4peWpYKW5IC8Kpd6lq6XHpd+loqXKpcOlxKWqpaSl6yAvCiDrioTTpdal7KXDpcmlq6XDpb+pYCAvCiCl66WkpdyluaXGpaOpYCAvCqTqpPOktPWhIC8KPCEtLSAvpKqkuaS5pOHJzMa3IC0tPgoKCgo8IS0tIJhTzOwyNKSrpOmkzqXhpcOlu6lgpbgvIC0tPgo8YnI+PGJyPgoKCjwhLS0gL5hTzOwyNKSrpOmkzqXhpcOlu6lgpbggLS0+Cgo8IS0tIKSipLmYU05HLyAtLT4KPCEtLaGhPGltZyBzcmM9Imh0dHA6Ly9pbWFnZS5yYWt1dGVuLmNvLmpwL3Jha3V0ZW4yNC9jYWJpbmV0L2l0ZW00Ni9hc3VyYWt1MDcwNC5qcGciIHdpZHRoPSI3MzAiIGhlaWdodD0iMTMwIiBib3JkZXI9IjAiPgoKPGRpdiBzdHlsZT0ibWFyZ2luLWJvdHRvbTo1cHg7Ij4KPGltZyBzcmM9Imh0dHA6Ly9pbWFnZS5yYWt1dGVuLmNvLmpwL3Jha3V0ZW4yNC9jYWJpbmV0L2l0ZW00NS9hc3VyYWt1MDcxMS5qcGciIHdpZHRoPSI3MzAiIGhlaWdodD0iNTAiIGJvcmRlcj0iMCI+CjwvZGl2PgotLT4KPCEtLSAvpKKkuZhTTkcgLS0+CgoKCjwhLS0gu9jfWy8gLS0+CjwhLS0gCgogLS0+CjwhLS0gL7vY31sgLS0+CgoKCjwhLS0gMsHQse3KvtPDpdClyqlgpail6qWiPgo8IS0tCjx0cj4KPHRkIHdpZHRoPSIzNjUiPjxpbWcgc3JjPSJodHRwOi8vd3d3LnJha3V0ZW4ubmUuanAvZ29sZC9yYWt1dGVuMjQvaXRlbS9pbWFnZXMvaXRlbXBhZ2VfYm5yXzAxLmpwZyIgd2lkdGg9IjM2MCIgaGVpZ2h0PSI2MCIgYm9yZGVyPSIwIiBhbHQ9IiI+PC90ZD4KPHRkIHdpZHRoPSIzNjUiPjxpbWcgc3JjPSJodHRwOi8vd3d3LnJha3V0ZW4ubmUuanAvZ29sZC9yYWt1dGVuMjQvaXRlbS9pbWFnZXMvaXRlbXBhZ2VfYm5yXzAyLmdpZiIgd2lkdGg9IjM2MCIgaGVpZ2h0PSI2MCIgYm9yZGVyPSIwIiBhbHQ9IiI+PC90ZD4KPC90cj4KLS0+IAoKPCEtLSDZSaSkzu+kq6S0pdylv6XzLyAtLT4KPHN0eWxlPgovKiC+yaXcpb+l8wojcmFrdXRlbkxpbWl0ZWRJZF9hcm91bmRDYXJ0IGlucHV0IHsKICB3aWR0aDogMTYwcHg7CiAgaGVpZ2h0OiA0MHB4OwogYmFja2dyb3VuZDp1cmwoaHR0cDovL2ltYWdlLnJha3V0ZW4uY28uanAvcmFrdXRlbjI0L2NhYmluZXQvdGVzdC9jYXJ0X2JsYWNrLmdpZikgI2ZjZmNmYyBuby1yZXBlYXQ7CiAgb3ZlcmZsb3c6IGhpZGRlbjsKICBib3JkZXItd2lkdGg6IDBweDsKICB0ZXh0LWluZGVudDogMTUwJTsKICBjdXJzb3I6IHBvaW50ZXIgIWltcG9ydGFudDsKICB3aGl0ZS1zcGFjZTogbm93cmFwOwogIG1hcmdpbjogMTBweCAwIDAgMDsKfQoqLwoKLyogvskyCiNyYWt1dGVuTGltaXRlZElkX2Fyb3VuZENhcnQgaW5wdXQgewogIHdpZHRoOiAxODBweDsKICBoZWlnaHQ6IDQwcHg7CiBiYWNrZ3JvdW5kOnVybChodHRwOi8vaW1hZ2UucmFrdXRlbi5jby5qcC9yYWt1dGVuMjQvY2FiaW5ldC9sYXlvdXQvYnRuX2NhcnRfYmxhY2suZ2lmKSAjZmNmY2ZjIG5vLXJlcGVhdDsKICBvdmVyZmxvdzogaGlkZGVuOwogIGJvcmRlci13aWR0aDogMHB4OwogIHRleHQtaW5kZW50OiAxNTAlOwogIGN1cnNvcjogcG9pbnRlciAhaW1wb3J0YW50OwogIHdoaXRlLXNwYWNlOiBub3dyYXA7CiAgbWFyZ2luOiAxMHB4IDAgMCAwOwp9CiovCgovKiDT6LxzpKuktIydj+qkx6WzpeGl86XIpaKlpqXICiNyYWt1dGVuTGltaXRlZElkX2Fyb3VuZENhcnQgaW5wdXQgewogIHdpZHRoOiAxODBweDsKICBoZWlnaHQ6IDQwcHg7CiBiYWNrZ3JvdW5kOnVybCgiaHR0cDovL2ltYWdlLnJha3V0ZW4uY28uanAvcmFrdXRlbjI0L2NhYmluZXQvbGF5b3V0L2J0bl9jYXJ0X2JsYWNrLmdpZiIpICNmY2ZjZmMgbm8tcmVwZWF0OwogIG92ZXJmbG93OiBoaWRkZW47CiAgYm9yZGVyLXdpZHRoOiAwcHg7CiAgdGV4dC1pbmRlbnQ6IDE1MCU7CiAgY3Vyc29yOiBwb2ludGVyICFpbXBvcnRhbnQ7CiAgd2hpdGUtc3BhY2U6IG5vd3JhcDsKICBtYXJnaW46IDEwcHggMCAwIDA7Cn0KKi8KI3Jha3V0ZW5MaW1pdGVkSWRfYXJvdW5kQ2FydCBpbnB1dC5yQ2FydEJ0bjpob3ZlciwKZGl2LnNob3BCb29rbWFya0FyZWEgZGl2LnNob3BCa20gYS5hZGRTaG9wQmttIHNwYW4uc2hvcEJrbVN0YXI6aG92ZXIsCmRpdi5ib29rbWFya0FyZWEgZGl2LmJrbSBhLmFkZEJrbSBzcGFuLmJrbVN0YXI6aG92ZXIgewogIG9wYWNpdHk6IDAuODsKICBmaWx0ZXI6IGFscGhhKG9wYWNpdHk9ODApOwp9CgojcmFrdXRlbkxpbWl0ZWRJZF9hcm91bmRDYXJ0ICNzZXJ2aWNlVGFibGVTbWx7Ci8qCiAgbWFyZ2luLWxlZnQ6IDkycHggIWltcG9ydGFudDsKKi8KfQoKI3Jha3V0ZW5MaW1pdGVkSWRfYXJvdW5kQ2FydCAjc2VydmljZVRhYmxlU21sIHRkLmZhdm9yaXRlewp3aWR0aDogMjcwcHggIWltcG9ydGFudDsKfQoKCgojcmFrdXRlbkxpbWl0ZWRJZF9hcm91bmRDYXJ0IGRpdi5zaG9wQmttewp3aWR0aDogMTIwcHg7Cn0KCmRpdi5zaG9wQm9va21hcmtBcmVhIGRpdi5zaG9wQmttIGEuYWRkU2hvcEJrbXsKd2lkdGg6IDEyMHB4ICFpbXBvcnRhbnQ7CmhlaWdodDogMjZweCAhaW1wb3J0YW50Owp9CgpkaXYuc2hvcEJvb2ttYXJrQXJlYSBkaXYuc2hvcEJrbSBhLmFkZFNob3BCa20gc3Bhbi5zaG9wQmttU3RhcnsKd2lkdGg6IDEyMHB4ICFpbXBvcnRhbnQ7CmhlaWdodDogMjZweCAhaW1wb3J0YW50OwpiYWNrZ3JvdW5kOiB1cmwoaHR0cDovL2ltYWdlLnJha3V0ZW4uY28uanAvcmFrdXRlbjI0L2NhYmluZXQvbGF5b3V0L2J0bl9mYXZvcml0ZV9zaG9wLmdpZikgbm8tcmVwZWF0IDAgMCAhaW1wb3J0YW50Owp9CgoKCiNyYWt1dGVuTGltaXRlZElkX2Fyb3VuZENhcnQgZGl2LmJrbXsKd2lkdGg6IDEyMHB4Owp9CgpkaXYuYm9va21hcmtBcmVhIGRpdi5ia20gYS5hZGRCa217CndpZHRoOiAxMjBweCAhaW1wb3J0YW50OwpoZWlnaHQ6IDI2cHggIWltcG9ydGFudDsKfQoKZGl2LmJvb2ttYXJrQXJlYSBkaXYuYmttIGEuYWRkQmttIHNwYW4uYmttU3RhcnsKd2lkdGg6IDEyMHB4ICFpbXBvcnRhbnQ7CmhlaWdodDogMjZweCAhaW1wb3J0YW50OwpiYWNrZ3JvdW5kOiB1cmwoaHR0cDovL2ltYWdlLnJha3V0ZW4uY28uanAvcmFrdXRlbjI0L2NhYmluZXQvbGF5b3V0L2J0bl9mYXZvcml0ZV9pdGVtLmdpZikgbm8tcmVwZWF0IDAgMCAhaW1wb3J0YW50Owp9Cgoud2Vla2x5Qm5yewp3aWR0aDogNzAwcHg7CmhlaWdodDogMjMxcHg7CnBvc2l0aW9uOiByZWxhdGl2ZTsKYmFja2dyb3VuZDogdXJsKCJodHRwOi8vd3d3LnJha3V0ZW4ubmUuanAvZ29sZC9yYWt1dGVuMjQvaW1nL3JhbmsxL2JnX3JhbmtibnIuanBnIikgbGVmdCB0b3Agbm8tcmVwZWF0Owp9Cgoud2Vla2x5Qm5yIGltZ3sKd2lkdGg6IDY2MnB4Owpwb3NpdGlvbjogYWJzb2x1dGU7CmJvdHRvbTogMzBweDsKbGVmdDogMjBweDsKei1pbmRleDogMTA7Cn0KCi53ZWVrbHlCbnI6YWZ0ZXJ7CmNvbnRlbnQ6IHVybCgiaHR0cDovL3d3dy5yYWt1dGVuLm5lLmpwL2dvbGQvcmFrdXRlbjI0L2ltZy9yYW5rMS93cmFwX3JhbmtibnIucG5nIik7CnBvc2l0aW9uOiBhYnNvbHV0ZTsKdG9wOiAwOwpsZWZ0OiAwOwp6LWluZGV4OiAxMDA7Cn0KCi5yZXZpZXdCbnIgewogICAgd2lkdGg6IDcwMHB4OwogICAgaGVpZ2h0OiAxMDBweDsKICAgIGJhY2tncm91bmQ6IHVybCgiaHR0cDovL2ltYWdlLnJha3V0ZW4uY28uanAvcmFrdXRlbjI0L2NhYmluZXQvY2FtcGFpZ24vcmV2aWV3L2JnX3Jldmlld2Juci5qcGciKSBsZWZ0IHRvcCBuby1yZXBlYXQ7CiAgICBwb3NpdGlvbjogcmVsYXRpdmU7CiAgICBmb250LXNpemU6IDE2cHg7Cn0KCi5yZXZpZXdCbnIgZGl2IHsKICAgIHBhZGRpbmc6IDEwcHg7CiAgICBiYWNrZ3JvdW5kOiAjZmZmOwogICAgcG9zaXRpb246IGFic29sdXRlOwogICAgdG9wOiAxMXB4OwogICAgbGVmdDogMTgwcHg7CiAgICBsaW5lLWhlaWdodDogMTIwJTsKICAgIGJvcmRlci1yYWRpdXM6IDVweDsKfQoKLnJldmlld0JuciBzcGFuIHsKICAgIGNvbG9yOiAjZmYwMDAwOwp9CgoucmV2aWV3Qm5yIHN0cm9uZyB7CiAgICBmb250LXNpemU6IDE4cHg7Cn0KCi5ibnJfZWFnbGVzewogICAgd2lkdGg6IDcwMHB4OwogICAgZGlzcGxheTogYmxvY2s7CiAgICBiYWNrZ3JvdW5kLWNvbG9yOiAjOTIwNDFlOwogICAgdGV4dC1hbGlnbjogY2VudGVyOwp9CgoKCmh0bWwsYm9keSB7CmZvbnQtZmFtaWx5OiBDZW50dXJ5IEdvdGhpYywgQXJpYWw7Cn0KCnNwYW4uY2F0ZWdvcnlfaXRlbXRheHBvc3RhZ2Uge2ZvbnQtc2l6ZToxMHB4O30Kc3Bhbi5jYXRlZ29yeV9pdGVtcHJpY2Uge2NvbG9yOiNiZjAwMDA7Zm9udC1zaXplOjI0cHg7Zm9udC13ZWlnaHQ6Ym9sZDsgZGlzcGxheTpibG9jazt9CnNwYW4ucHJpY2UyIHsgZm9udC1zaXplOjIyMCUgIWltcG9ydGFudDtmb250LXdlaWdodDpib2xkO30KdGFibGV7ei1pbmRleDowO30gCnNwYW4uY2F0ZWdvcnlfaXRlbXByaWNlOmJlZm9yZXsvKmNvbnRlbnQ6IlBSSUNFICI7Ki9mb250LXNpemU6MTBweDt9Cjwvc3R5bGU+Cgo8IS0tIKSzpLOk3qTHIC0tPgoKCjwvdGFibGU+,pOSk76TppKul3KlgpesgpdCluaWxpcOlyKG+mFPM7DI0ob9bUGV0aW8opdqlxqWjpaopIKXcqWCl612juphTzOwyNA==,mFPM7DI0pa+l6qW5pb+l66WspaSltqlgpd+lzaXppeulpqWpqWClv6lgpeqloqXDpdel6qWipcOl13g1pcClpqXLqWCls6XzpcmpYKXgpdql6qWopbWpYKXipbmls6Xzpcil7KXDpa+lucjVn4aksda5pOGls6Wzpcqlw6XEpaqlpKXrpKiktKTepLOk4dPNpbWl86XapeylsKXqpc7JyO9MmUOlr6Xqpbmlv6XrpaylpKW2qWAgNTAwbWwgNDixvr52pM7Ep8WuuMq+xqTkpO+k6aSrpdypYKXrIKXQpbmlsaXDpcihvphTzOwyNKG/W1BldGlvKKXapcalo6WqKSCl3Klgpetd,UGV0aW8opdqlxqWjpaopL8uwkmkxODgwg9LS1MnPy83Bz59vwc+ho6TkpO+k6aSrpdypYKXrIKXQpbmlsaXDpcihvphTzOwyNKG/W1BldGlvKKXapcalo6WqKSCl3Klgpetd[rn]
31-51745,aHR0cDovL3RzaG9wLnIxMHMuanAvcmFrdXRlbjI0L2NhYmluZXQvZTMwODcvZTMwODczMmhfbC5qcGc/Zml0aW49NzAwOjcwMA==,MTI3OC40MDAw,,pdqlw6XIP6XapcOlyKWwpcOluiA+IMiu08PGtyA+IKSqpOKkwaTjID4gpdypYKXr,pb6ltKXVpeylw6Wvpbkgpbil46WkpdYgU6W1paSluiCl1qXrqWChvphTzOwyNKG/W6W+pbSl1aXspcOlr6W5IKXcqWCl6yjIrtPDKV0=,pb6ltKXVpeylw6Wvpbkvy7CSaTE4ODCD0tLUyc/LzcHPn2/Bzw==,PGEgaHJlZj0iaHR0cDovL3d3dy5yYWt1dGVuLm5lLmpwL2dvbGQvcmFrdXRlbjI0L2NhbXBhaWduL3Jldmlldy8/cy1pZD1yMjRfcmV2aWV3X2ZpcnN0MDEiIHRhcmdldD0iX2JsYW5rIj48aW1nIHNyYz0iaHR0cDovL2ltYWdlLnJha3V0ZW4uY28uanAvcmFrdXRlbjI0L2NhYmluZXQvY2FtcGFpZ24vcmV2aWV3LzFiYW5fcmV2aWV3LmpwZyIgd2lkdGg9IjcwMCIgaGVpZ2h0PSIxMDAiIGJvcmRlcj0iMCIgLz48L2E+PGJyPqH5P6XspdOl5algzba45ZVypMult6XnpcOl16TY16LOxLesusWk8taqpOmku6TroaOkzqXBpaelw6WvpPLI66TspMakr6TApLWkpKGjPGJyPj/h4cjVpeGpYKXrpMukxqWvqWCl3aXzVVJMpPKkqsvNpOqkt6TepLmhozxhIGhyZWY9Imh0dHBzOi8vb3JkZXIubXkucmFrdXRlbi5jby5qcC8/cy1pZD1yMjRfcmV2aWV3X2ZpcnN0MDIiPqH2ofWl7KXTpeWpYKTylfikr6H1ofY8L2E+PGJyPj/L+6TOt72krM/IpMvNtrjlpLekv4j2us+hoqWvqWCl3aXz302zyoydz/PN4qTIpMqk6qTepLmkzqTHpLTXotLipK+kwKS1pKSho6XspdOl5algzba45aTPz8Kyv6TL05vdZKS3pMakpKTepLmhozxicj4/peyl06XlqWDNtrjlpKuk6be007Ok3qTHlXKy7qSspKKk66S/pOGhosnMxre7rcPmyc+kzqXspdOl5algvP7K/aTIjGfrSKTOzba45bz+yv2krK6QpMqk64j2us+krKSipOqk3qS5pM6kx9PopOGktMHLs9Ckr6TApLWkpKGjPGJyPjxicj48YnI+PHNtYWxsPqH5pdGlw6WxqWCluKXHpbalpKXztcikz9PouOakyqSvieS4/KS1pOyk66SzpMikrKSipOqk3qS5oaM8L3NtYWxsPjxicj48YnI+PHRhYmxlPjx0cj48dGQgd2lkdGg9IjEwMCUiPjxwIGNsYXNzPSJwZGVzYyI+PGRpdiBjbGFzcz0icGRlc2N0aXRsZSI+yczGt9Vow/c8L2Rpdj48ZGl2IGNsYXNzPSJwZGVzY2hvbmJ1biI+obilvqW0pdWl7KXDpa+luSCluKXjpaSl1iBTpbWlpKW6IKXWpeupYKG5pM+hosTNvsPQ1KTLg56k7KTGy66ky7ihpK+hosvYssSky6G4pb6ltD+l1aXspcOlr6W5obmk8sq508Okt6S/pdypYKXrKMiu08MppMekuaGjyOGk6aSrpKTL2LLEpMqkrKTppOLW2KTfpKykoqTqoaLEzb7D0NSky4OepOykxqSkpOukzqTHpayluKWspbi6w6StpMql76XzpcGl46XzpMuk1KTDpL+k6qTHpLmho5zPpM6lx6W2paSl86TLpOik6qGipKSk7aTzpMq3vc/ypMuk6KSvj46k4KTOpMel3KlgpevNtqSy31uk06SsyqKk6snPpKyk66SzpMjpZ99gpKSkyqS3oaOJsqTspMukr6SkpM6kx6XRpe+l1aXrpMql76XzpMGk46TzpMuk4qWqpbmluaXhpMekuaGjPC9kaXY+PGRpdiBjbGFzcz0icGRlc2N0aXRsZSI+yrnTw7e9t6g8L2Rpdj48ZGl2IGNsYXNzPSJwZGVzY2hvbmJ1biI+/W2k68GmpM6PiqSk19OkzqXcqWCl699bpNOky99tpLekxqSkpN6kuaGjpN6kv6Giy66ky7ihpK2k3qS5pM6kx6GipdepYKXrpMqkycuuiPakx6TO31uk06TLpOLKudPDs/bAtKTepLmhozxicj6l76XzpMGk46TzpM7M5aTLus+kw6S/pbWlpKW6pPKkqt94pNOkr6TApLWkpKGjPC9kaXY+PGRpdiBjbGFzcz0icGRlc2N0aXRsZSI+yrnTw8nPpM7XotLiPC9kaXY+PGRpdiBjbGFzcz0icGRlc2Nob25idW4iPsnMxrekztPDzb6k8qS0tF/VSqTOyc+horG+yczGt6TypL2kzsS/tcTS1M3ipMukz8q508Okt6TKpKSkx8/CpLWkpKGjPGJyPsq508PHsKTLpM/JzMa3pPK145fKpLehooL7pOSTcIL7tcikrKSipOuI9rrPpM/KudPDpPKkqqTkpOHPwqS1pKShozxicj6xvsnMxrekz6Giz/u6xMa3pMekuaGjyaukoqS7oaLGxpNwtcikrLBryfqkt6TGwLSkv4j2us+kz6GipaqpYKXKqWCYlKTOxdC2z6THyrnTw6Ty1tDWuaS3oaLQwqS3pKTRdca3pMi9u5NRpLekxs/CpLWkpKGjPGJyPrjEwbykt6S/pOqhotDewO2kt6TKpKSkx6SvpMCktaSkoaM8YnI+yrnTw+HhpM+l2qXDpcik5NChpLWkpKSq19OYlKTOytak5L/apKy97KSrpMqkpIj2y/mk2KTOsaO53KGiudzA7aTypKruiqSk1sKkt6TepLmhozxicj6huKS0yrnTw8nPpM7XotLiobmkz7HYpLqkqtVppN/tlKStoaLKwrnKtcikzp9vpKSk6KSmpMuktMq508PPwqS1pKSho6TepL+hosrCucq1yKTO0WGDlKTP1sKkt6SrpM2k3qS5oaM8L2Rpdj48ZGl2IGNsYXNzPSJwZGVzY3RpdGxlIj6yxNl8PC9kaXY+PGRpdiBjbGFzcz0icGRlc2Nob25idW4iPqW+pbSl1aXspcOlr6W5PC9kaXY+PGRpdiBjbGFzcz0icGRlc2N0aXRsZSI+1K2uYrn6PC9kaXY+PGRpdiBjbGFzcz0icGRlc2Nob25idW4iPqWipeGl6qWrPC9kaXY+PC9wPjwvdGQ+PC90cj48L3RhYmxlPjxicj6l1qXppfOlyaO6pb6ltKXVpeylw6Wvpbk8YnI+mFPM7DI0o76l2qXDpcjTw8a3o77IrtPDxrcopbClw6W6KaO+yK7Tw6SqpOKkwaTjP83mvt8oyK4/31spo76l3KlgpeujvqW+pbSl1aXspcOlr6W5IKW4peOlpKXWIFOltaWkpbogpdal66lgPGJyPt2UyOvUqqO6UmFuZ2VyJ3M8YnI+1K2uYrn6IKWipeGl6qWrPGJyPtbYpLWjujEzMGc8YnI+PGJyPqWrpempYKO6pdal66lgPGJyPqW1paSluqO6U6W1paSlui/Wsb62vHM2Y208YnI+SkFOpbOpYKXJo7qhoTA3NDc0NzM3MzU2NzA8YnI+PGJyPjx0YWJsZSB3aWR0aD0iMTAwJSIgYm9yZGVyPTAgY2VsbHNwYWNpbmc9MCBjZWxscGFkZGluZz01Pjx0cj48dGQ+PC90ZD48dHI+PHRkPjwvdGQ+PC90cj48L3RhYmxlPjxicj48YnI+PGJyPo7auObOxNifo7qlsaXzpbOpYKWzpeDW6sq9u+HJ5zxicj5URUw6MDUwLTU1NzctNTA0Mzxicj48YnI+W6W+pbSl1aXspcOlr6W5XTxicj7IrtPDxrcopbClw6W6KS/IrtPDpKqk4qTBpOM/zea+3yjIrj/fWykvpdypYKXrPGJyPjxicj48IS0tIGlkOiA/cy1pZD1yMjRfaWhibnJfMDEvID9zLWlkPXIyNF9paGJucl8wMiAtLT4KPHRhYmxlIHdpZHRoPSI3MzAiIGNlbGxwYWRkaW5nPSIwIiBjZWxsc3BhY2luZz0iMCIgYm9yZGVyPSIwIj4KCjwhLS0xMKOlT0ZGpa+pYKXdpfMvIC0tPgoKPGRpdiBzdHlsZT0ibWFyZ2luLWJvdHRvbToxMHB4OyI+Cgo8aW1nIHNyYz0iCmh0dHBzOi8vaW1hZ2UucmFrdXRlbi5jby5qcC9yYWt1dGVuMjQvY2FiaW5ldC9jb3Vwb24vYm5yXzEwMF83MDBfNjAuanBnIiBhbHQ9IrP1pOGkxqTOt73P3raoMTAwg9JPRkalr6lgpd2l86OhIiB3aWR0aD0iNzAwIiBoZWlnaHQ9IjYwIiBib3JkZXI9IjAiPgo8L2Rpdj4KCjxkaXYgc3R5bGU9Im1hcmdpbi1ib3R0b206MTBweDsiPgoKPGltZyBzcmM9Imh0dHBzOi8vaW1hZ2UucmFrdXRlbi5jby5qcC9yYWt1dGVuMjQvY2FiaW5ldC9jb3Vwb24vYm5yXzcwMF82MF81MDAwLmpwZyIgYWx0PSI1LDAwMIPS0tTJz9mPyOsxMCVPRkajoSIgd2lkdGg9IjcwMCIgaGVpZ2h0PSI2MCIgYm9yZGVyPSIwIj4KPC9kaXY+Cgo8ZGl2IHN0eWxlPSJtYXJnaW4tYm90dG9tOjEwcHg7Ij4KCjxpbWcgc3JjPSJodHRwOi8vaW1hZ2UucmFrdXRlbi5jby5qcC9yYWt1dGVuMjQvY2FiaW5ldC9jb3Vwb24vYm5yXzcwMF82MF8xMDAwMC5qcGciIGFsdD0iMTAsMDAwg9LS1MnP2Y/I66THMTUlT0ZGo6EiIHdpZHRoPSI3MDAiIGhlaWdodD0iNjAiIGJvcmRlcj0iMCI+CjwvZGl2PgoKPCEtLWRpdiBzdHlsZT0ibWFyZ2luLWJvdHRvbToxMHB4OyI+Cgo8aW1nIHNyYz0iaHR0cDovL2ltYWdlLnJha3V0ZW4uY28uanAvcmFrdXRlbjI0L2NhYmluZXQvY2FtcGFpZ24vYXN1cmFrdS9ibnJfNzAwXzYwLmpwZyIgYWx0PSKkoqS5mFPJzMa3pd2lpKXzpcgzsbajoSIgd2lkdGg9IjcwMCIgaGVpZ2h0PSI2MCIgYm9yZGVyPSIwIj4KPC9kaXYtLT4KCjxkaXYgc3R5bGU9Im1hcmdpbi1ib3R0b206MTBweDsiPgoKPGltZyBzcmM9Imh0dHBzOi8vaW1hZ2UucmFrdXRlbi5jby5qcC9yYWt1dGVuMjQvY2FiaW5ldC9zcGVjaWFsL2ZhdGhlcl80Njh4NjAuanBnIiBhbHQ9IqXdpaSl86XIM7G2o6EiIHdpZHRoPSI0NjgiIGhlaWdodD0iNjAiIGJvcmRlcj0iMCI+CjwvZGl2PgoKCjwhLS1kaXYgc3R5bGU9Im1hcmdpbi1ib3R0b206MTBweDsiPgoKPGltZyBzcmM9Imh0dHBzOi8vaW1hZ2UucmFrdXRlbi5jby5qcC9yYWt1dGVuMjQvY2FiaW5ldC9zcGVjaWFsLzIwMTZfZWNhbXBhaWduLmpwZyIgYWx0PSKlpKlgpbCl66W5hNnA+9ObxO6l3aWkpfOlyDKxtqOhIiB3aWR0aD0iNDY4IiBoZWlnaHQ9IjYwIiBib3JkZXI9IjAiPgo8L2Rpdi0tPgoKCjwhLS0gLzEwo6VPRkalr6lgpd2l8yAtLT4KCjwhLS0gpKqkuaS5pOHJzMa3IC0tPgqlxqXspdO9Qr3po7oKpcil3qXIpbil5algpbkgLwql3qWrpcel36Wipcqlw6XEpaqlpKXrIC8KIOuKhNOl1qXspcOlyaWrpcOlv6lgIC8KIKXrpaSl3KW5pcalo6lgIC8KpOqk86S09aEgLwo8IS0tIC+kqqS5pLmk4cnMxrcgLS0+CgoKCjwhLS0gmFPM7DI0pKuk6aTOpeGlw6W7qWCluC8gLS0+Cjxicj48YnI+CgoKPCEtLSAvmFPM7DI0pKuk6aTOpeGlw6W7qWCluCAtLT4KCjwhLS0gpKKkuZhTTkcvIC0tPgo8IS0toaE8aW1nIHNyYz0iaHR0cDovL2ltYWdlLnJha3V0ZW4uY28uanAvcmFrdXRlbjI0L2NhYmluZXQvaXRlbTQ2L2FzdXJha3UwNzA0LmpwZyIgd2lkdGg9IjczMCIgaGVpZ2h0PSIxMzAiIGJvcmRlcj0iMCI+Cgo8ZGl2IHN0eWxlPSJtYXJnaW4tYm90dG9tOjVweDsiPgo8aW1nIHNyYz0iaHR0cDovL2ltYWdlLnJha3V0ZW4uY28uanAvcmFrdXRlbjI0L2NhYmluZXQvaXRlbTQ1L2FzdXJha3UwNzExLmpwZyIgd2lkdGg9IjczMCIgaGVpZ2h0PSI1MCIgYm9yZGVyPSIwIj4KPC9kaXY+Ci0tPgo8IS0tIC+koqS5mFNORyAtLT4KCgoKPCEtLSC72N9bLyAtLT4KPCEtLSAKCiAtLT4KPCEtLSAvu9jfWyAtLT4KCgoKPCEtLSAywdCx7cq+08Ol0KXKqWClqKXqpaI+CjwhLS0KPHRyPgo8dGQgd2lkdGg9IjM2NSI+PGltZyBzcmM9Imh0dHA6Ly93d3cucmFrdXRlbi5uZS5qcC9nb2xkL3Jha3V0ZW4yNC9pdGVtL2ltYWdlcy9pdGVtcGFnZV9ibnJfMDEuanBnIiB3aWR0aD0iMzYwIiBoZWlnaHQ9IjYwIiBib3JkZXI9IjAiIGFsdD0iIj48L3RkPgo8dGQgd2lkdGg9IjM2NSI+PGltZyBzcmM9Imh0dHA6Ly93d3cucmFrdXRlbi5uZS5qcC9nb2xkL3Jha3V0ZW4yNC9pdGVtL2ltYWdlcy9pdGVtcGFnZV9ibnJfMDIuZ2lmIiB3aWR0aD0iMzYwIiBoZWlnaHQ9IjYwIiBib3JkZXI9IjAiIGFsdD0iIj48L3RkPgo8L3RyPgotLT4gCgo8IS0tINlJpKTO76SrpLSl3KW/pfMvIC0tPgo8c3R5bGU+Ci8qIL7Jpdylv6XzCiNyYWt1dGVuTGltaXRlZElkX2Fyb3VuZENhcnQgaW5wdXQgewogIHdpZHRoOiAxNjBweDsKICBoZWlnaHQ6IDQwcHg7CiBiYWNrZ3JvdW5kOnVybChodHRwOi8vaW1hZ2UucmFrdXRlbi5jby5qcC9yYWt1dGVuMjQvY2FiaW5ldC90ZXN0L2NhcnRfYmxhY2suZ2lmKSAjZmNmY2ZjIG5vLXJlcGVhdDsKICBvdmVyZmxvdzogaGlkZGVuOwogIGJvcmRlci13aWR0aDogMHB4OwogIHRleHQtaW5kZW50OiAxNTAlOwogIGN1cnNvcjogcG9pbnRlciAhaW1wb3J0YW50OwogIHdoaXRlLXNwYWNlOiBub3dyYXA7CiAgbWFyZ2luOiAxMHB4IDAgMCAwOwp9CiovCgovKiC+yTIKI3Jha3V0ZW5MaW1pdGVkSWRfYXJvdW5kQ2FydCBpbnB1dCB7CiAgd2lkdGg6IDE4MHB4OwogIGhlaWdodDogNDBweDsKIGJhY2tncm91bmQ6dXJsKGh0dHA6Ly9pbWFnZS5yYWt1dGVuLmNvLmpwL3Jha3V0ZW4yNC9jYWJpbmV0L2xheW91dC9idG5fY2FydF9ibGFjay5naWYpICNmY2ZjZmMgbm8tcmVwZWF0OwogIG92ZXJmbG93OiBoaWRkZW47CiAgYm9yZGVyLXdpZHRoOiAwcHg7CiAgdGV4dC1pbmRlbnQ6IDE1MCU7CiAgY3Vyc29yOiBwb2ludGVyICFpbXBvcnRhbnQ7CiAgd2hpdGUtc3BhY2U6IG5vd3JhcDsKICBtYXJnaW46IDEwcHggMCAwIDA7Cn0KKi8KCi8qINPovHOkq6S0jJ2P6qTHpbOl4aXzpciloqWmpcgKI3Jha3V0ZW5MaW1pdGVkSWRfYXJvdW5kQ2FydCBpbnB1dCB7CiAgd2lkdGg6IDE4MHB4OwogIGhlaWdodDogNDBweDsKIGJhY2tncm91bmQ6dXJsKCJodHRwOi8vaW1hZ2UucmFrdXRlbi5jby5qcC9yYWt1dGVuMjQvY2FiaW5ldC9sYXlvdXQvYnRuX2NhcnRfYmxhY2suZ2lmIikgI2ZjZmNmYyBuby1yZXBlYXQ7CiAgb3ZlcmZsb3c6IGhpZGRlbjsKICBib3JkZXItd2lkdGg6IDBweDsKICB0ZXh0LWluZGVudDogMTUwJTsKICBjdXJzb3I6IHBvaW50ZXIgIWltcG9ydGFudDsKICB3aGl0ZS1zcGFjZTogbm93cmFwOwogIG1hcmdpbjogMTBweCAwIDAgMDsKfQoqLwojcmFrdXRlbkxpbWl0ZWRJZF9hcm91bmRDYXJ0IGlucHV0LnJDYXJ0QnRuOmhvdmVyLApkaXYuc2hvcEJvb2ttYXJrQXJlYSBkaXYuc2hvcEJrbSBhLmFkZFNob3BCa20gc3Bhbi5zaG9wQmttU3Rhcjpob3ZlciwKZGl2LmJvb2ttYXJrQXJlYSBkaXYuYmttIGEuYWRkQmttIHNwYW4uYmttU3Rhcjpob3ZlciB7CiAgb3BhY2l0eTogMC44OwogIGZpbHRlcjogYWxwaGEob3BhY2l0eT04MCk7Cn0KCiNyYWt1dGVuTGltaXRlZElkX2Fyb3VuZENhcnQgI3NlcnZpY2VUYWJsZVNtbHsKLyoKICBtYXJnaW4tbGVmdDogOTJweCAhaW1wb3J0YW50OwoqLwp9CgojcmFrdXRlbkxpbWl0ZWRJZF9hcm91bmRDYXJ0ICNzZXJ2aWNlVGFibGVTbWwgdGQuZmF2b3JpdGV7CndpZHRoOiAyNzBweCAhaW1wb3J0YW50Owp9CgoKCiNyYWt1dGVuTGltaXRlZElkX2Fyb3VuZENhcnQgZGl2LnNob3BCa217CndpZHRoOiAxMjBweDsKfQoKZGl2LnNob3BCb29rbWFya0FyZWEgZGl2LnNob3BCa20gYS5hZGRTaG9wQmttewp3aWR0aDogMTIwcHggIWltcG9ydGFudDsKaGVpZ2h0OiAyNnB4ICFpbXBvcnRhbnQ7Cn0KCmRpdi5zaG9wQm9va21hcmtBcmVhIGRpdi5zaG9wQmttIGEuYWRkU2hvcEJrbSBzcGFuLnNob3BCa21TdGFyewp3aWR0aDogMTIwcHggIWltcG9ydGFudDsKaGVpZ2h0OiAyNnB4ICFpbXBvcnRhbnQ7CmJhY2tncm91bmQ6IHVybChodHRwOi8vaW1hZ2UucmFrdXRlbi5jby5qcC9yYWt1dGVuMjQvY2FiaW5ldC9sYXlvdXQvYnRuX2Zhdm9yaXRlX3Nob3AuZ2lmKSBuby1yZXBlYXQgMCAwICFpbXBvcnRhbnQ7Cn0KCgoKI3Jha3V0ZW5MaW1pdGVkSWRfYXJvdW5kQ2FydCBkaXYuYmttewp3aWR0aDogMTIwcHg7Cn0KCmRpdi5ib29rbWFya0FyZWEgZGl2LmJrbSBhLmFkZEJrbXsKd2lkdGg6IDEyMHB4ICFpbXBvcnRhbnQ7CmhlaWdodDogMjZweCAhaW1wb3J0YW50Owp9CgpkaXYuYm9va21hcmtBcmVhIGRpdi5ia20gYS5hZGRCa20gc3Bhbi5ia21TdGFyewp3aWR0aDogMTIwcHggIWltcG9ydGFudDsKaGVpZ2h0OiAyNnB4ICFpbXBvcnRhbnQ7CmJhY2tncm91bmQ6IHVybChodHRwOi8vaW1hZ2UucmFrdXRlbi5jby5qcC9yYWt1dGVuMjQvY2FiaW5ldC9sYXlvdXQvYnRuX2Zhdm9yaXRlX2l0ZW0uZ2lmKSBuby1yZXBlYXQgMCAwICFpbXBvcnRhbnQ7Cn0KCi53ZWVrbHlCbnJ7CndpZHRoOiA3MDBweDsKaGVpZ2h0OiAyMzFweDsKcG9zaXRpb246IHJlbGF0aXZlOwpiYWNrZ3JvdW5kOiB1cmwoImh0dHA6Ly93d3cucmFrdXRlbi5uZS5qcC9nb2xkL3Jha3V0ZW4yNC9pbWcvcmFuazEvYmdfcmFua2Juci5qcGciKSBsZWZ0IHRvcCBuby1yZXBlYXQ7Cn0KCi53ZWVrbHlCbnIgaW1newp3aWR0aDogNjYycHg7CnBvc2l0aW9uOiBhYnNvbHV0ZTsKYm90dG9tOiAzMHB4OwpsZWZ0OiAyMHB4Owp6LWluZGV4OiAxMDsKfQoKLndlZWtseUJucjphZnRlcnsKY29udGVudDogdXJsKCJodHRwOi8vd3d3LnJha3V0ZW4ubmUuanAvZ29sZC9yYWt1dGVuMjQvaW1nL3JhbmsxL3dyYXBfcmFua2Juci5wbmciKTsKcG9zaXRpb246IGFic29sdXRlOwp0b3A6IDA7CmxlZnQ6IDA7CnotaW5kZXg6IDEwMDsKfQoKLnJldmlld0JuciB7CiAgICB3aWR0aDogNzAwcHg7CiAgICBoZWlnaHQ6IDEwMHB4OwogICAgYmFja2dyb3VuZDogdXJsKCJodHRwOi8vaW1hZ2UucmFrdXRlbi5jby5qcC9yYWt1dGVuMjQvY2FiaW5ldC9jYW1wYWlnbi9yZXZpZXcvYmdfcmV2aWV3Ym5yLmpwZyIpIGxlZnQgdG9wIG5vLXJlcGVhdDsKICAgIHBvc2l0aW9uOiByZWxhdGl2ZTsKICAgIGZvbnQtc2l6ZTogMTZweDsKfQoKLnJldmlld0JuciBkaXYgewogICAgcGFkZGluZzogMTBweDsKICAgIGJhY2tncm91bmQ6ICNmZmY7CiAgICBwb3NpdGlvbjogYWJzb2x1dGU7CiAgICB0b3A6IDExcHg7CiAgICBsZWZ0OiAxODBweDsKICAgIGxpbmUtaGVpZ2h0OiAxMjAlOwogICAgYm9yZGVyLXJhZGl1czogNXB4Owp9CgoucmV2aWV3Qm5yIHNwYW4gewogICAgY29sb3I6ICNmZjAwMDA7Cn0KCi5yZXZpZXdCbnIgc3Ryb25nIHsKICAgIGZvbnQtc2l6ZTogMThweDsKfQoKLmJucl9lYWdsZXN7CiAgICB3aWR0aDogNzAwcHg7CiAgICBkaXNwbGF5OiBibG9jazsKICAgIGJhY2tncm91bmQtY29sb3I6ICM5MjA0MWU7CiAgICB0ZXh0LWFsaWduOiBjZW50ZXI7Cn0KCgoKaHRtbCxib2R5IHsKZm9udC1mYW1pbHk6IENlbnR1cnkgR290aGljLCBBcmlhbDsKfQoKc3Bhbi5jYXRlZ29yeV9pdGVtdGF4cG9zdGFnZSB7Zm9udC1zaXplOjEwcHg7fQpzcGFuLmNhdGVnb3J5X2l0ZW1wcmljZSB7Y29sb3I6I2JmMDAwMDtmb250LXNpemU6MjRweDtmb250LXdlaWdodDpib2xkOyBkaXNwbGF5OmJsb2NrO30Kc3Bhbi5wcmljZTIgeyBmb250LXNpemU6MjIwJSAhaW1wb3J0YW50O2ZvbnQtd2VpZ2h0OmJvbGQ7fQp0YWJsZXt6LWluZGV4OjA7fSAKc3Bhbi5jYXRlZ29yeV9pdGVtcHJpY2U6YmVmb3Jley8qY29udGVudDoiUFJJQ0UgIjsqL2ZvbnQtc2l6ZToxMHB4O30KPC9zdHlsZT4KCjwhLS0gpLOks6TepMcgLS0+CgoKPC90YWJsZT4=,pb6ltKXVpeylw6Wvpbkgpbil46WkpdYgU6W1paSluiCl1qXrqWChvphTzOwyNKG/W6W+pbSl1aXspcOlr6W5IKXcqWCl6yjIrtPDKV2juphTzOwyNA==,mFPM7DI0pa+l6qW5pb+l66WspaSltqlgpd+lzaXppeulpqWpqWClv6lgpeqloqXDpdel6qWipcOl13g1pcClpqXLqWCls6XzpcmpYKXgpdql6qWopbWpYKXipbmls6Xzpcil7KXDpa+lucjVn4aksda5pOGls6Wzpcqlw6XEpaqlpKXrpKiktKTepLOk4dPNpbWl86XapeylsKXqpc7JyO9MmUOlr6Xqpbmlv6XrpaylpKW2qWAgNTAwbWwgNDixvr52pM7Ep8WuuMq+xqW+pbSl1aXspcOlr6W5IKW4peOlpKXWIFOltaWkpbogpdal66lgob6YU8zsMjShv1ulvqW0pdWl7KXDpa+luSCl3KlgpesoyK7Twyld,pb6ltKXVpeylw6Wvpbkvy7CSaTE4ODCD0tLUyc/LzcHPn2/Bz6Gjpb6ltKXVpeylw6Wvpbkgpbil46WkpdYgU6W1paSluiCl1qXrqWChvphTzOwyNKG/W6W+pbSl1aXspcOlr6W5IKXcqWCl6yjIrtPDKV0=[rn]
31-51746,aHR0cDovL3RzaG9wLnIxMHMuanAvcmFrdXRlbjI0L2NhYmluZXQveDUwNDAveDUwNDAwMGhfbC5qcGc/Zml0aW49NzAwOjcwMA==,NjIyLjQwMDA=,,pdqlw6XIP6XapcOlyKWwpcOluiA+IMiu08PGtyA+IKSqpOKkwaTjID4gpdypYKXr,pdupYKXqqWCl7algpempYKXcqWCl6yCl36XLIKXspcOlyaG+mFPM7DI0ob9bUExBVFoopdel6aXDpcQpIKXcqWCl6yjIrtPDKV0=,UExBVFoopdel6aXDpcQpL8uwkmkxODgwg9LS1MnPy83Bz59vwc8=,PGEgaHJlZj0iaHR0cDovL3d3dy5yYWt1dGVuLm5lLmpwL2dvbGQvcmFrdXRlbjI0L2NhbXBhaWduL3Jldmlldy8/cy1pZD1yMjRfcmV2aWV3X2ZpcnN0MDEiIHRhcmdldD0iX2JsYW5rIj48aW1nIHNyYz0iaHR0cDovL2ltYWdlLnJha3V0ZW4uY28uanAvcmFrdXRlbjI0L2NhYmluZXQvY2FtcGFpZ24vcmV2aWV3LzFiYW5fcmV2aWV3LmpwZyIgd2lkdGg9IjcwMCIgaGVpZ2h0PSIxMDAiIGJvcmRlcj0iMCIgLz48L2E+PGJyPqH5P6XspdOl5algzba45ZVypMult6XnpcOl16TY16LOxLesusWk8taqpOmku6TroaOkzqXBpaelw6WvpPLI66TspMakr6TApLWkpKGjPGJyPj/h4cjVpeGpYKXrpMukxqWvqWCl3aXzVVJMpPKkqsvNpOqkt6TepLmhozxhIGhyZWY9Imh0dHBzOi8vb3JkZXIubXkucmFrdXRlbi5jby5qcC8/cy1pZD1yMjRfcmV2aWV3X2ZpcnN0MDIiPqH2ofWl7KXTpeWpYKTylfikr6H1ofY8L2E+PGJyPj/L+6TOt72krM/IpMvNtrjlpLekv4j2us+hoqWvqWCl3aXz302zyoydz/PN4qTIpMqk6qTepLmkzqTHpLTXotLipK+kwKS1pKSho6XspdOl5algzba45aTPz8Kyv6TL05vdZKS3pMakpKTepLmhozxicj4/peyl06XlqWDNtrjlpKuk6be007Ok3qTHlXKy7qSspKKk66S/pOGhosnMxre7rcPmyc+kzqXspdOl5algvP7K/aTIjGfrSKTOzba45bz+yv2krK6QpMqk64j2us+krKSipOqk3qS5pM6kx9PopOGktMHLs9Ckr6TApLWkpKGjPGJyPqGhPGJyPjxicj48c21hbGw+ofml0aXDpbGpYKW4pceltqWkpfO1yKTP0+i45qTKpK+J5Lj8pLWk7KTrpLOkyKSspKKk6qTepLmhozwvc21hbGw+PGJyPjxicj48dGFibGU+PHRyPjx0ZCB3aWR0aD0iMTAwJSI+PHAgY2xhc3M9InBkZXNjIj48ZGl2IGNsYXNzPSJwZGVzY3RpdGxlIj7JzMa31WjD9zwvZGl2PjxkaXYgY2xhc3M9InBkZXNjaG9uYnVuIj6huKXbqWCl6qlgpe2pYKXpqWCl3Klgpesgpd+lyyCl7KXDpcmhuaTPoaLO5b3H0M6kyMH5vcfQzqTO0aikrOlfpKSkv6XppdCpYKXcqWCl6yjIrtPDKaTHpLmho6W1paSluqTLus+k76S7pMal3Klgpeuk5KSqpOSkxKTy1tCky8jrpOykxsq5pKS3vaGi31uk07e9pKykpKTtpKSk7ZhTpLek4aTepLmho6Wrpeml1aXrpMel5qXLqWClr6TKpceltqWkpfOkyKGiMTAwJczsyLultKXg0XWkx7Cy0MTL2LLEpM6kqqTipMGk46THpLmho6XfpcultaWkpbqho6WrpempYKTPpeylw6XJoaM8L2Rpdj48ZGl2IGNsYXNzPSJwZGVzY3RpdGxlIj6yxNl8PC9kaXY+PGRpdiBjbGFzcz0icGRlc2Nob25idW4iPszsyLultKXgPC9kaXY+PGRpdiBjbGFzcz0icGRlc2N0aXRsZSI+1K2uYrn6PC9kaXY+PGRpdiBjbGFzcz0icGRlc2Nob25idW4iPtbQufo8L2Rpdj48L3A+PC90ZD48L3RyPjwvdGFibGU+PGJyPqXWpeml86XJo7pQTEFUWiil16XppcOlxCk8YnI+mFPM7DI0o76l2qXDpcjTw8a3o77IrtPDxrcopbClw6W6KaO+yK7Tw6SqpOKkwaTjP83mvt8oyK4/31spo76l3KlgpeujvqXbqWCl6qlgpe2pYKXpqWCl3Klgpesgpd+lyyCl7KXDpck8YnI+sGuJ09Sqo7pQTEFUWiil16XppcOlxCk8YnI+1K2uYrn6INbQufo8YnI+PGJyPqWrpempYKO6peylw6XJPGJyPjxicj6ltaWkpbqjutaxvrY4NShtbSk8YnI+SkFOpbOpYKXJo7qhoTQ5NzkwMDc3MTA2MDA8YnI+PGJyPjx0YWJsZSB3aWR0aD0iMTAwJSIgYm9yZGVyPTAgY2VsbHNwYWNpbmc9MCBjZWxscGFkZGluZz01Pjx0cj48dGQ+PC90ZD48dHI+PHRkPjwvdGQ+PC90cj48L3RhYmxlPjxicj48YnI+PGJyPo7auObOxNifo7qlsaXzpbOpYKWzpeDW6sq9u+HJ5zxicj5URUw6MDUwLTU1NzctNTA0Mzxicj48YnI+W1BMQVRaKKXXpemlw6XEKV08YnI+yK7Tw8a3KKWwpcOluikvyK7Tw6SqpOKkwaTjP83mvt8oyK4/31spL6XcqWCl6zxicj48YnI+PCEtLSBpZDogP3MtaWQ9cjI0X2loYm5yXzAxLyA/cy1pZD1yMjRfaWhibnJfMDIgLS0+Cjx0YWJsZSB3aWR0aD0iNzMwIiBjZWxscGFkZGluZz0iMCIgY2VsbHNwYWNpbmc9IjAiIGJvcmRlcj0iMCI+Cgo8IS0tMTCjpU9GRqWvqWCl3aXzLyAtLT4KCjxkaXYgc3R5bGU9Im1hcmdpbi1ib3R0b206MTBweDsiPgoKPGltZyBzcmM9IgpodHRwczovL2ltYWdlLnJha3V0ZW4uY28uanAvcmFrdXRlbjI0L2NhYmluZXQvY291cG9uL2Jucl8xMDBfNzAwXzYwLmpwZyIgYWx0PSKz9aThpMakzre9z962qDEwMIPST0ZGpa+pYKXdpfOjoSIgd2lkdGg9IjcwMCIgaGVpZ2h0PSI2MCIgYm9yZGVyPSIwIj4KPC9kaXY+Cgo8ZGl2IHN0eWxlPSJtYXJnaW4tYm90dG9tOjEwcHg7Ij4KCjxpbWcgc3JjPSJodHRwczovL2ltYWdlLnJha3V0ZW4uY28uanAvcmFrdXRlbjI0L2NhYmluZXQvY291cG9uL2Jucl83MDBfNjBfNTAwMC5qcGciIGFsdD0iNSwwMDCD0tLUyc/Zj8jrMTAlT0ZGo6EiIHdpZHRoPSI3MDAiIGhlaWdodD0iNjAiIGJvcmRlcj0iMCI+CjwvZGl2PgoKPGRpdiBzdHlsZT0ibWFyZ2luLWJvdHRvbToxMHB4OyI+Cgo8aW1nIHNyYz0iaHR0cDovL2ltYWdlLnJha3V0ZW4uY28uanAvcmFrdXRlbjI0L2NhYmluZXQvY291cG9uL2Jucl83MDBfNjBfMTAwMDAuanBnIiBhbHQ9IjEwLDAwMIPS0tTJz9mPyOukxzE1JU9GRqOhIiB3aWR0aD0iNzAwIiBoZWlnaHQ9IjYwIiBib3JkZXI9IjAiPgo8L2Rpdj4KCjwhLS1kaXYgc3R5bGU9Im1hcmdpbi1ib3R0b206MTBweDsiPgoKPGltZyBzcmM9Imh0dHA6Ly9pbWFnZS5yYWt1dGVuLmNvLmpwL3Jha3V0ZW4yNC9jYWJpbmV0L2NhbXBhaWduL2FzdXJha3UvYm5yXzcwMF82MC5qcGciIGFsdD0ipKKkuZhTyczGt6XdpaSl86XIM7G2o6EiIHdpZHRoPSI3MDAiIGhlaWdodD0iNjAiIGJvcmRlcj0iMCI+CjwvZGl2LS0+Cgo8ZGl2IHN0eWxlPSJtYXJnaW4tYm90dG9tOjEwcHg7Ij4KCjxpbWcgc3JjPSJodHRwczovL2ltYWdlLnJha3V0ZW4uY28uanAvcmFrdXRlbjI0L2NhYmluZXQvc3BlY2lhbC9mYXRoZXJfNDY4eDYwLmpwZyIgYWx0PSKl3aWkpfOlyDOxtqOhIiB3aWR0aD0iNDY4IiBoZWlnaHQ9IjYwIiBib3JkZXI9IjAiPgo8L2Rpdj4KCgo8IS0tZGl2IHN0eWxlPSJtYXJnaW4tYm90dG9tOjEwcHg7Ij4KCjxpbWcgc3JjPSJodHRwczovL2ltYWdlLnJha3V0ZW4uY28uanAvcmFrdXRlbjI0L2NhYmluZXQvc3BlY2lhbC8yMDE2X2VjYW1wYWlnbi5qcGciIGFsdD0ipaSpYKWwpeuluYTZwPvTm8Tupd2lpKXzpcgysbajoSIgd2lkdGg9IjQ2OCIgaGVpZ2h0PSI2MCIgYm9yZGVyPSIwIj4KPC9kaXYtLT4KCgo8IS0tIC8xMKOlT0ZGpa+pYKXdpfMgLS0+Cgo8IS0tIKSqpLmkuaThyczGtyAtLT4Kpcal7KXTvUK96aO6CqXIpd6lyKW4peWpYKW5IC8Kpd6lq6XHpd+loqXKpcOlxKWqpaSl6yAvCiDrioTTpdal7KXDpcmlq6XDpb+pYCAvCiCl66WkpdyluaXGpaOpYCAvCqTqpPOktPWhIC8KPCEtLSAvpKqkuaS5pOHJzMa3IC0tPgoKCgo8IS0tIJhTzOwyNKSrpOmkzqXhpcOlu6lgpbgvIC0tPgo8YnI+PGJyPgoKCjwhLS0gL5hTzOwyNKSrpOmkzqXhpcOlu6lgpbggLS0+Cgo8IS0tIKSipLmYU05HLyAtLT4KPCEtLaGhPGltZyBzcmM9Imh0dHA6Ly9pbWFnZS5yYWt1dGVuLmNvLmpwL3Jha3V0ZW4yNC9jYWJpbmV0L2l0ZW00Ni9hc3VyYWt1MDcwNC5qcGciIHdpZHRoPSI3MzAiIGhlaWdodD0iMTMwIiBib3JkZXI9IjAiPgoKPGRpdiBzdHlsZT0ibWFyZ2luLWJvdHRvbTo1cHg7Ij4KPGltZyBzcmM9Imh0dHA6Ly9pbWFnZS5yYWt1dGVuLmNvLmpwL3Jha3V0ZW4yNC9jYWJpbmV0L2l0ZW00NS9hc3VyYWt1MDcxMS5qcGciIHdpZHRoPSI3MzAiIGhlaWdodD0iNTAiIGJvcmRlcj0iMCI+CjwvZGl2PgotLT4KPCEtLSAvpKKkuZhTTkcgLS0+CgoKCjwhLS0gu9jfWy8gLS0+CjwhLS0gCgogLS0+CjwhLS0gL7vY31sgLS0+CgoKCjwhLS0gMsHQse3KvtPDpdClyqlgpail6qWiPgo8IS0tCjx0cj4KPHRkIHdpZHRoPSIzNjUiPjxpbWcgc3JjPSJodHRwOi8vd3d3LnJha3V0ZW4ubmUuanAvZ29sZC9yYWt1dGVuMjQvaXRlbS9pbWFnZXMvaXRlbXBhZ2VfYm5yXzAxLmpwZyIgd2lkdGg9IjM2MCIgaGVpZ2h0PSI2MCIgYm9yZGVyPSIwIiBhbHQ9IiI+PC90ZD4KPHRkIHdpZHRoPSIzNjUiPjxpbWcgc3JjPSJodHRwOi8vd3d3LnJha3V0ZW4ubmUuanAvZ29sZC9yYWt1dGVuMjQvaXRlbS9pbWFnZXMvaXRlbXBhZ2VfYm5yXzAyLmdpZiIgd2lkdGg9IjM2MCIgaGVpZ2h0PSI2MCIgYm9yZGVyPSIwIiBhbHQ9IiI+PC90ZD4KPC90cj4KLS0+IAoKPCEtLSDZSaSkzu+kq6S0pdylv6XzLyAtLT4KPHN0eWxlPgovKiC+yaXcpb+l8wojcmFrdXRlbkxpbWl0ZWRJZF9hcm91bmRDYXJ0IGlucHV0IHsKICB3aWR0aDogMTYwcHg7CiAgaGVpZ2h0OiA0MHB4OwogYmFja2dyb3VuZDp1cmwoaHR0cDovL2ltYWdlLnJha3V0ZW4uY28uanAvcmFrdXRlbjI0L2NhYmluZXQvdGVzdC9jYXJ0X2JsYWNrLmdpZikgI2ZjZmNmYyBuby1yZXBlYXQ7CiAgb3ZlcmZsb3c6IGhpZGRlbjsKICBib3JkZXItd2lkdGg6IDBweDsKICB0ZXh0LWluZGVudDogMTUwJTsKICBjdXJzb3I6IHBvaW50ZXIgIWltcG9ydGFudDsKICB3aGl0ZS1zcGFjZTogbm93cmFwOwogIG1hcmdpbjogMTBweCAwIDAgMDsKfQoqLwoKLyogvskyCiNyYWt1dGVuTGltaXRlZElkX2Fyb3VuZENhcnQgaW5wdXQgewogIHdpZHRoOiAxODBweDsKICBoZWlnaHQ6IDQwcHg7CiBiYWNrZ3JvdW5kOnVybChodHRwOi8vaW1hZ2UucmFrdXRlbi5jby5qcC9yYWt1dGVuMjQvY2FiaW5ldC9sYXlvdXQvYnRuX2NhcnRfYmxhY2suZ2lmKSAjZmNmY2ZjIG5vLXJlcGVhdDsKICBvdmVyZmxvdzogaGlkZGVuOwogIGJvcmRlci13aWR0aDogMHB4OwogIHRleHQtaW5kZW50OiAxNTAlOwogIGN1cnNvcjogcG9pbnRlciAhaW1wb3J0YW50OwogIHdoaXRlLXNwYWNlOiBub3dyYXA7CiAgbWFyZ2luOiAxMHB4IDAgMCAwOwp9CiovCgovKiDT6LxzpKuktIydj+qkx6WzpeGl86XIpaKlpqXICiNyYWt1dGVuTGltaXRlZElkX2Fyb3VuZENhcnQgaW5wdXQgewogIHdpZHRoOiAxODBweDsKICBoZWlnaHQ6IDQwcHg7CiBiYWNrZ3JvdW5kOnVybCgiaHR0cDovL2ltYWdlLnJha3V0ZW4uY28uanAvcmFrdXRlbjI0L2NhYmluZXQvbGF5b3V0L2J0bl9jYXJ0X2JsYWNrLmdpZiIpICNmY2ZjZmMgbm8tcmVwZWF0OwogIG92ZXJmbG93OiBoaWRkZW47CiAgYm9yZGVyLXdpZHRoOiAwcHg7CiAgdGV4dC1pbmRlbnQ6IDE1MCU7CiAgY3Vyc29yOiBwb2ludGVyICFpbXBvcnRhbnQ7CiAgd2hpdGUtc3BhY2U6IG5vd3JhcDsKICBtYXJnaW46IDEwcHggMCAwIDA7Cn0KKi8KI3Jha3V0ZW5MaW1pdGVkSWRfYXJvdW5kQ2FydCBpbnB1dC5yQ2FydEJ0bjpob3ZlciwKZGl2LnNob3BCb29rbWFya0FyZWEgZGl2LnNob3BCa20gYS5hZGRTaG9wQmttIHNwYW4uc2hvcEJrbVN0YXI6aG92ZXIsCmRpdi5ib29rbWFya0FyZWEgZGl2LmJrbSBhLmFkZEJrbSBzcGFuLmJrbVN0YXI6aG92ZXIgewogIG9wYWNpdHk6IDAuODsKICBmaWx0ZXI6IGFscGhhKG9wYWNpdHk9ODApOwp9CgojcmFrdXRlbkxpbWl0ZWRJZF9hcm91bmRDYXJ0ICNzZXJ2aWNlVGFibGVTbWx7Ci8qCiAgbWFyZ2luLWxlZnQ6IDkycHggIWltcG9ydGFudDsKKi8KfQoKI3Jha3V0ZW5MaW1pdGVkSWRfYXJvdW5kQ2FydCAjc2VydmljZVRhYmxlU21sIHRkLmZhdm9yaXRlewp3aWR0aDogMjcwcHggIWltcG9ydGFudDsKfQoKCgojcmFrdXRlbkxpbWl0ZWRJZF9hcm91bmRDYXJ0IGRpdi5zaG9wQmttewp3aWR0aDogMTIwcHg7Cn0KCmRpdi5zaG9wQm9va21hcmtBcmVhIGRpdi5zaG9wQmttIGEuYWRkU2hvcEJrbXsKd2lkdGg6IDEyMHB4ICFpbXBvcnRhbnQ7CmhlaWdodDogMjZweCAhaW1wb3J0YW50Owp9CgpkaXYuc2hvcEJvb2ttYXJrQXJlYSBkaXYuc2hvcEJrbSBhLmFkZFNob3BCa20gc3Bhbi5zaG9wQmttU3RhcnsKd2lkdGg6IDEyMHB4ICFpbXBvcnRhbnQ7CmhlaWdodDogMjZweCAhaW1wb3J0YW50OwpiYWNrZ3JvdW5kOiB1cmwoaHR0cDovL2ltYWdlLnJha3V0ZW4uY28uanAvcmFrdXRlbjI0L2NhYmluZXQvbGF5b3V0L2J0bl9mYXZvcml0ZV9zaG9wLmdpZikgbm8tcmVwZWF0IDAgMCAhaW1wb3J0YW50Owp9CgoKCiNyYWt1dGVuTGltaXRlZElkX2Fyb3VuZENhcnQgZGl2LmJrbXsKd2lkdGg6IDEyMHB4Owp9CgpkaXYuYm9va21hcmtBcmVhIGRpdi5ia20gYS5hZGRCa217CndpZHRoOiAxMjBweCAhaW1wb3J0YW50OwpoZWlnaHQ6IDI2cHggIWltcG9ydGFudDsKfQoKZGl2LmJvb2ttYXJrQXJlYSBkaXYuYmttIGEuYWRkQmttIHNwYW4uYmttU3RhcnsKd2lkdGg6IDEyMHB4ICFpbXBvcnRhbnQ7CmhlaWdodDogMjZweCAhaW1wb3J0YW50OwpiYWNrZ3JvdW5kOiB1cmwoaHR0cDovL2ltYWdlLnJha3V0ZW4uY28uanAvcmFrdXRlbjI0L2NhYmluZXQvbGF5b3V0L2J0bl9mYXZvcml0ZV9pdGVtLmdpZikgbm8tcmVwZWF0IDAgMCAhaW1wb3J0YW50Owp9Cgoud2Vla2x5Qm5yewp3aWR0aDogNzAwcHg7CmhlaWdodDogMjMxcHg7CnBvc2l0aW9uOiByZWxhdGl2ZTsKYmFja2dyb3VuZDogdXJsKCJodHRwOi8vd3d3LnJha3V0ZW4ubmUuanAvZ29sZC9yYWt1dGVuMjQvaW1nL3JhbmsxL2JnX3JhbmtibnIuanBnIikgbGVmdCB0b3Agbm8tcmVwZWF0Owp9Cgoud2Vla2x5Qm5yIGltZ3sKd2lkdGg6IDY2MnB4Owpwb3NpdGlvbjogYWJzb2x1dGU7CmJvdHRvbTogMzBweDsKbGVmdDogMjBweDsKei1pbmRleDogMTA7Cn0KCi53ZWVrbHlCbnI6YWZ0ZXJ7CmNvbnRlbnQ6IHVybCgiaHR0cDovL3d3dy5yYWt1dGVuLm5lLmpwL2dvbGQvcmFrdXRlbjI0L2ltZy9yYW5rMS93cmFwX3JhbmtibnIucG5nIik7CnBvc2l0aW9uOiBhYnNvbHV0ZTsKdG9wOiAwOwpsZWZ0OiAwOwp6LWluZGV4OiAxMDA7Cn0KCi5yZXZpZXdCbnIgewogICAgd2lkdGg6IDcwMHB4OwogICAgaGVpZ2h0OiAxMDBweDsKICAgIGJhY2tncm91bmQ6IHVybCgiaHR0cDovL2ltYWdlLnJha3V0ZW4uY28uanAvcmFrdXRlbjI0L2NhYmluZXQvY2FtcGFpZ24vcmV2aWV3L2JnX3Jldmlld2Juci5qcGciKSBsZWZ0IHRvcCBuby1yZXBlYXQ7CiAgICBwb3NpdGlvbjogcmVsYXRpdmU7CiAgICBmb250LXNpemU6IDE2cHg7Cn0KCi5yZXZpZXdCbnIgZGl2IHsKICAgIHBhZGRpbmc6IDEwcHg7CiAgICBiYWNrZ3JvdW5kOiAjZmZmOwogICAgcG9zaXRpb246IGFic29sdXRlOwogICAgdG9wOiAxMXB4OwogICAgbGVmdDogMTgwcHg7CiAgICBsaW5lLWhlaWdodDogMTIwJTsKICAgIGJvcmRlci1yYWRpdXM6IDVweDsKfQoKLnJldmlld0JuciBzcGFuIHsKICAgIGNvbG9yOiAjZmYwMDAwOwp9CgoucmV2aWV3Qm5yIHN0cm9uZyB7CiAgICBmb250LXNpemU6IDE4cHg7Cn0KCi5ibnJfZWFnbGVzewogICAgd2lkdGg6IDcwMHB4OwogICAgZGlzcGxheTogYmxvY2s7CiAgICBiYWNrZ3JvdW5kLWNvbG9yOiAjOTIwNDFlOwogICAgdGV4dC1hbGlnbjogY2VudGVyOwp9CgoKCmh0bWwsYm9keSB7CmZvbnQtZmFtaWx5OiBDZW50dXJ5IEdvdGhpYywgQXJpYWw7Cn0KCnNwYW4uY2F0ZWdvcnlfaXRlbXRheHBvc3RhZ2Uge2ZvbnQtc2l6ZToxMHB4O30Kc3Bhbi5jYXRlZ29yeV9pdGVtcHJpY2Uge2NvbG9yOiNiZjAwMDA7Zm9udC1zaXplOjI0cHg7Zm9udC13ZWlnaHQ6Ym9sZDsgZGlzcGxheTpibG9jazt9CnNwYW4ucHJpY2UyIHsgZm9udC1zaXplOjIyMCUgIWltcG9ydGFudDtmb250LXdlaWdodDpib2xkO30KdGFibGV7ei1pbmRleDowO30gCnNwYW4uY2F0ZWdvcnlfaXRlbXByaWNlOmJlZm9yZXsvKmNvbnRlbnQ6IlBSSUNFICI7Ki9mb250LXNpemU6MTBweDt9Cjwvc3R5bGU+Cgo8IS0tIKSzpLOk3qTHIC0tPgoKCjwvdGFibGU+,pdupYKXqqWCl7algpempYKXcqWCl6yCl36XLIKXspcOlyaG+mFPM7DI0ob9bUExBVFoopdel6aXDpcQpIKXcqWCl6yjIrtPDKV2juphTzOwyNA==,mFPM7DI0pa+l6qW5pb+l66WspaSltqlgpd+lzaXppeulpqWpqWClv6lgpeqloqXDpdel6qWipcOl13g1pcClpqXLqWCls6XzpcmpYKXgpdql6qWopbWpYKXipbmls6Xzpcil7KXDpa+lucjVn4aksda5pOGls6Wzpcqlw6XEpaqlpKXrpKiktKTepLOk4dPNpbWl86XapeylsKXqpc7JyO9MmUOlr6Xqpbmlv6XrpaylpKW2qWAgNTAwbWwgNDixvr52pM7Ep8WuuMq+xqXbqWCl6qlgpe2pYKXpqWCl3Klgpesgpd+lyyCl7KXDpcmhvphTzOwyNKG/W1BMQVRaKKXXpemlw6XEKSCl3KlgpesoyK7Twyld,UExBVFoopdel6aXDpcQpL8uwkmkxODgwg9LS1MnPy83Bz59vwc+ho6XbqWCl6qlgpe2pYKXpqWCl3Klgpesgpd+lyyCl7KXDpcmhvphTzOwyNKG/W1BMQVRaKKXXpemlw6XEKSCl3KlgpesoyK7Twyld[rn]
31-51747,aHR0cDovL3RzaG9wLnIxMHMuanAvcmFrdXRlbjI0L2NhYmluZXQvZTIwNzUvZTIwNzUzNGhfbC5qcGc/Zml0aW49NzAwOjcwMA==,NTMxLjIwMDA=,,pdqlw6XIP6XapcOlyKWwpcOluiA+IMiu08PGtyA+IKSqpOKkwaTjID4gpdypYKXr,pO+k86TvpPOltaXDpaupYCCl1KXzpa+hvphTzOwyNKG/W6W5qWCl0algpa2l46XDpcggpdypYKXrKMiu08MpXQ==,pbmpYKXRqWClraXjpcOlyC/LsJJpMTg4MIPS0tTJz8vNwc+fb8HP,PGEgaHJlZj0iaHR0cDovL3d3dy5yYWt1dGVuLm5lLmpwL2dvbGQvcmFrdXRlbjI0L2NhbXBhaWduL3Jldmlldy8/cy1pZD1yMjRfcmV2aWV3X2ZpcnN0MDEiIHRhcmdldD0iX2JsYW5rIj48aW1nIHNyYz0iaHR0cDovL2ltYWdlLnJha3V0ZW4uY28uanAvcmFrdXRlbjI0L2NhYmluZXQvY2FtcGFpZ24vcmV2aWV3LzFiYW5fcmV2aWV3LmpwZyIgd2lkdGg9IjcwMCIgaGVpZ2h0PSIxMDAiIGJvcmRlcj0iMCIgLz48L2E+PGJyPqH5P6XspdOl5algzba45ZVypMult6XnpcOl16TY16LOxLesusWk8taqpOmku6TroaOkzqXBpaelw6WvpPLI66TspMakr6TApLWkpKGjPGJyPj/h4cjVpeGpYKXrpMukxqWvqWCl3aXzVVJMpPKkqsvNpOqkt6TepLmhozxhIGhyZWY9Imh0dHBzOi8vb3JkZXIubXkucmFrdXRlbi5jby5qcC8/cy1pZD1yMjRfcmV2aWV3X2ZpcnN0MDIiPqH2ofWl7KXTpeWpYKTylfikr6H1ofY8L2E+PGJyPj/L+6TOt72krM/IpMvNtrjlpLekv4j2us+hoqWvqWCl3aXz302zyoydz/PN4qTIpMqk6qTepLmkzqTHpLTXotLipK+kwKS1pKSho6XspdOl5algzba45aTPz8Kyv6TL05vdZKS3pMakpKTepLmhozxicj4/peyl06XlqWDNtrjlpKuk6be007Ok3qTHlXKy7qSspKKk66S/pOGhosnMxre7rcPmyc+kzqXspdOl5algvP7K/aTIjGfrSKTOzba45bz+yv2krK6QpMqk64j2us+krKSipOqk3qS5pM6kx9PopOGktMHLs9Ckr6TApLWkpKGjPGJyPqGhPGJyPjxicj48c21hbGw+ofml0aXDpbGpYKW4pceltqWkpfO1yKTP0+i45qTKpK+J5Lj8pLWk7KTrpLOkyKSspKKk6qTepLmhozwvc21hbGw+PGJyPjxicj48dGFibGU+PHRyPjx0ZCB3aWR0aD0iMTAwJSI+PHAgY2xhc3M9InBkZXNjIj48ZGl2IGNsYXNzPSJwZGVzY3RpdGxlIj7JzMa31WjD9zwvZGl2PjxkaXYgY2xhc3M9InBkZXNjaG9uYnVuIj6huKTvpPOk76TzpbWlw6WrqWAgpdSl86Wvobmkz6Gi31yE08G/paKlw6XXpMuk4tLbwaKkxMiu08OkzqSqpOKkwaTjKKXcqWCl6ymkx6S5oaPW0D/QodDNyK7Tw6GjPC9kaXY+PGRpdiBjbGFzcz0icGRlc2N0aXRsZSI+pLTXotLiPC9kaXY+PGRpdiBjbGFzcz0icGRlc2Nob25idW4iPqHxsb7Gt6TPpdqlw6XI08PN5r7fpMekuaGjpL2kzsv7pM7Ev7XEpMukz8q508Okt6TKpKSkx6SvpMCktaSkoaM8YnI+ofGl2qXDpcikrKWkpemlpKXppLekxqSkpOuVcqTLyrnTw6S3pMqkpKTHpK+kwKS1pKShozxicj6h8e+VpKTW96TI0ru+d6SrsdikusS/pM697KSviPbL+aTH31uk0KS7pMakr6TApLWkpKGjPGJyPqHxyrnTw9bQpMvGxpNwpKykoqTDpL+I9rrPoaLL2aTkpKuky8q508Ok8tbQ1rmkt8ihpOrJz6SypMakr6TApLWkpKGjPGJyPqHxibKk7KS/pKqk4qTBpOOkz9Vg74uk5Mu8pO+kzKXIpeml1qXrpM7UrdLypMukyqTqpN6kuaTOpMfQwqS3pKSk4qTOpMi9u5NRpLekxqSvpMCktaSkoaM8YnI+ofHN8qSs0rvVYO+LpLehorrOpOmkq6TO1qLXtKSspKKk64j2us+kz8vZpOSkq6TLqpXSvY6fpMuktM/g1YSkr6TApLWkpKGjPGJyPqHxu/Ck5MWvt7/G977fpM69/KSvpMfKudPDP7fF1sOkt6TKpKSkx6SvpMCktaSkoaO78J7EpOSlsaWspM7UrdLypMikyqTqpN6kuaGjPGJyPqHx1rHJ5MjVueI/uN/Owrbgyqqkzoj2y/mk8rHcpLGhotPXg7mk5KXapcOlyKTOytakzr3spKukyqSkpMiks6TtpMexo7ncpLekxqSvpMCktaSkoaM8L2Rpdj48ZGl2IGNsYXNzPSJwZGVzY3RpdGxlIj6yxNl8PC9kaXY+PGRpdiBjbGFzcz0icGRlc2Nob25idW4iPqXppcalw6Wvpbk8L2Rpdj48ZGl2IGNsYXNzPSJwZGVzY3RpdGxlIj7Ura5iufo8L2Rpdj48ZGl2IGNsYXNzPSJwZGVzY2hvbmJ1biI+1tC5+jwvZGl2PjxkaXYgY2xhc3M9InBkZXNjdGl0bGUiPqSqhpakpLrPpO+ku8/IPC9kaXY+PGRpdiBjbGFzcz0icGRlc2Nob25idW4iPtbqyr274cnnpbmpYKXRqWClraXjpcOlyDxicj5URUyjujAzLTM0MzQtMTEyMjwvZGl2PjwvcD48L3RkPjwvdHI+PC90YWJsZT48YnI+pdal6aXzpcmjuqW5qWCl0algpa2l46XDpcg8YnI+mFPM7DI0o76l2qXDpcjTw8a3o77IrtPDxrcopbClw6W6KaO+yK7Tw6SqpOKkwaTjP83mvt8oyK4/31spo76l3KlgpeujvqTvpPOk76TzpbWlw6WrqWAgpdSl86WvPGJyPtF11OzYnInT1KqjuqW5qWCl0algpa2l46XDpcg8YnI+1K2uYrn6INbQufo8YnI+paul6algo7ql1KXzpa88YnI+PGJyPjxicj48YnI+SkFOpbOpYKXJo7qhoTQ5NzM2NDAwOTE0ODU8YnI+PGJyPjx0YWJsZSB3aWR0aD0iMTAwJSIgYm9yZGVyPTAgY2VsbHNwYWNpbmc9MCBjZWxscGFkZGluZz01Pjx0cj48dGQ+PC90ZD48dHI+PHRkPjwvdGQ+PC90cj48L3RhYmxlPjxicj48YnI+PGJyPo7auObOxNifo7qlsaXzpbOpYKWzpeDW6sq9u+HJ5zxicj5URUw6MDUwLTU1NzctNTA0Mzxicj48YnI+W6W5qWCl0algpa2l46XDpchdPGJyPsiu08PGtyilsKXDpbopL8iu08OkqqTipMGk4z/N5r7fKMiuP99bKS+l3Klgpes8YnI+PGJyPjwhLS0gaWQ6ID9zLWlkPXIyNF9paGJucl8wMS8gP3MtaWQ9cjI0X2loYm5yXzAyIC0tPgo8dGFibGUgd2lkdGg9IjczMCIgY2VsbHBhZGRpbmc9IjAiIGNlbGxzcGFjaW5nPSIwIiBib3JkZXI9IjAiPgoKPCEtLTEwo6VPRkalr6lgpd2l8y8gLS0+Cgo8ZGl2IHN0eWxlPSJtYXJnaW4tYm90dG9tOjEwcHg7Ij4KCjxpbWcgc3JjPSIKaHR0cHM6Ly9pbWFnZS5yYWt1dGVuLmNvLmpwL3Jha3V0ZW4yNC9jYWJpbmV0L2NvdXBvbi9ibnJfMTAwXzcwMF82MC5qcGciIGFsdD0is/Wk4aTGpM63vc/etqgxMDCD0k9GRqWvqWCl3aXzo6EiIHdpZHRoPSI3MDAiIGhlaWdodD0iNjAiIGJvcmRlcj0iMCI+CjwvZGl2PgoKPGRpdiBzdHlsZT0ibWFyZ2luLWJvdHRvbToxMHB4OyI+Cgo8aW1nIHNyYz0iaHR0cHM6Ly9pbWFnZS5yYWt1dGVuLmNvLmpwL3Jha3V0ZW4yNC9jYWJpbmV0L2NvdXBvbi9ibnJfNzAwXzYwXzUwMDAuanBnIiBhbHQ9IjUsMDAwg9LS1MnP2Y/I6zEwJU9GRqOhIiB3aWR0aD0iNzAwIiBoZWlnaHQ9IjYwIiBib3JkZXI9IjAiPgo8L2Rpdj4KCjxkaXYgc3R5bGU9Im1hcmdpbi1ib3R0b206MTBweDsiPgoKPGltZyBzcmM9Imh0dHA6Ly9pbWFnZS5yYWt1dGVuLmNvLmpwL3Jha3V0ZW4yNC9jYWJpbmV0L2NvdXBvbi9ibnJfNzAwXzYwXzEwMDAwLmpwZyIgYWx0PSIxMCwwMDCD0tLUyc/Zj8jrpMcxNSVPRkajoSIgd2lkdGg9IjcwMCIgaGVpZ2h0PSI2MCIgYm9yZGVyPSIwIj4KPC9kaXY+Cgo8IS0tZGl2IHN0eWxlPSJtYXJnaW4tYm90dG9tOjEwcHg7Ij4KCjxpbWcgc3JjPSJodHRwOi8vaW1hZ2UucmFrdXRlbi5jby5qcC9yYWt1dGVuMjQvY2FiaW5ldC9jYW1wYWlnbi9hc3VyYWt1L2Jucl83MDBfNjAuanBnIiBhbHQ9IqSipLmYU8nMxrel3aWkpfOlyDOxtqOhIiB3aWR0aD0iNzAwIiBoZWlnaHQ9IjYwIiBib3JkZXI9IjAiPgo8L2Rpdi0tPgoKPGRpdiBzdHlsZT0ibWFyZ2luLWJvdHRvbToxMHB4OyI+Cgo8aW1nIHNyYz0iaHR0cHM6Ly9pbWFnZS5yYWt1dGVuLmNvLmpwL3Jha3V0ZW4yNC9jYWJpbmV0L3NwZWNpYWwvZmF0aGVyXzQ2OHg2MC5qcGciIGFsdD0ipd2lpKXzpcgzsbajoSIgd2lkdGg9IjQ2OCIgaGVpZ2h0PSI2MCIgYm9yZGVyPSIwIj4KPC9kaXY+CgoKPCEtLWRpdiBzdHlsZT0ibWFyZ2luLWJvdHRvbToxMHB4OyI+Cgo8aW1nIHNyYz0iaHR0cHM6Ly9pbWFnZS5yYWt1dGVuLmNvLmpwL3Jha3V0ZW4yNC9jYWJpbmV0L3NwZWNpYWwvMjAxNl9lY2FtcGFpZ24uanBnIiBhbHQ9IqWkqWClsKXrpbmE2cD705vE7qXdpaSl86XIMrG2o6EiIHdpZHRoPSI0NjgiIGhlaWdodD0iNjAiIGJvcmRlcj0iMCI+CjwvZGl2LS0+CgoKPCEtLSAvMTCjpU9GRqWvqWCl3aXzIC0tPgoKPCEtLSCkqqS5pLmk4cnMxrcgLS0+CqXGpeyl071CvemjugqlyKXepciluKXlqWCluSAvCqXepaulx6XfpaKlyqXDpcSlqqWkpesgLwog64qE06XWpeylw6XJpaulw6W/qWAgLwogpeulpKXcpbmlxqWjqWAgLwqk6qTzpLT1oSAvCjwhLS0gL6SqpLmkuaThyczGtyAtLT4KCgoKPCEtLSCYU8zsMjSkq6TppM6l4aXDpbupYKW4LyAtLT4KPGJyPjxicj4KCgo8IS0tIC+YU8zsMjSkq6TppM6l4aXDpbupYKW4IC0tPgoKPCEtLSCkoqS5mFNORy8gLS0+CjwhLS2hoTxpbWcgc3JjPSJodHRwOi8vaW1hZ2UucmFrdXRlbi5jby5qcC9yYWt1dGVuMjQvY2FiaW5ldC9pdGVtNDYvYXN1cmFrdTA3MDQuanBnIiB3aWR0aD0iNzMwIiBoZWlnaHQ9IjEzMCIgYm9yZGVyPSIwIj4KCjxkaXYgc3R5bGU9Im1hcmdpbi1ib3R0b206NXB4OyI+CjxpbWcgc3JjPSJodHRwOi8vaW1hZ2UucmFrdXRlbi5jby5qcC9yYWt1dGVuMjQvY2FiaW5ldC9pdGVtNDUvYXN1cmFrdTA3MTEuanBnIiB3aWR0aD0iNzMwIiBoZWlnaHQ9IjUwIiBib3JkZXI9IjAiPgo8L2Rpdj4KLS0+CjwhLS0gL6SipLmYU05HIC0tPgoKCgo8IS0tILvY31svIC0tPgo8IS0tIAoKIC0tPgo8IS0tIC+72N9bIC0tPgoKCgo8IS0tIDLB0LHtyr7Tw6XQpcqpYKWopeqloj4KPCEtLQo8dHI+Cjx0ZCB3aWR0aD0iMzY1Ij48aW1nIHNyYz0iaHR0cDovL3d3dy5yYWt1dGVuLm5lLmpwL2dvbGQvcmFrdXRlbjI0L2l0ZW0vaW1hZ2VzL2l0ZW1wYWdlX2Jucl8wMS5qcGciIHdpZHRoPSIzNjAiIGhlaWdodD0iNjAiIGJvcmRlcj0iMCIgYWx0PSIiPjwvdGQ+Cjx0ZCB3aWR0aD0iMzY1Ij48aW1nIHNyYz0iaHR0cDovL3d3dy5yYWt1dGVuLm5lLmpwL2dvbGQvcmFrdXRlbjI0L2l0ZW0vaW1hZ2VzL2l0ZW1wYWdlX2Jucl8wMi5naWYiIHdpZHRoPSIzNjAiIGhlaWdodD0iNjAiIGJvcmRlcj0iMCIgYWx0PSIiPjwvdGQ+CjwvdHI+Ci0tPiAKCjwhLS0g2UmkpM7vpKuktKXcpb+l8y8gLS0+CjxzdHlsZT4KLyogvsml3KW/pfMKI3Jha3V0ZW5MaW1pdGVkSWRfYXJvdW5kQ2FydCBpbnB1dCB7CiAgd2lkdGg6IDE2MHB4OwogIGhlaWdodDogNDBweDsKIGJhY2tncm91bmQ6dXJsKGh0dHA6Ly9pbWFnZS5yYWt1dGVuLmNvLmpwL3Jha3V0ZW4yNC9jYWJpbmV0L3Rlc3QvY2FydF9ibGFjay5naWYpICNmY2ZjZmMgbm8tcmVwZWF0OwogIG92ZXJmbG93OiBoaWRkZW47CiAgYm9yZGVyLXdpZHRoOiAwcHg7CiAgdGV4dC1pbmRlbnQ6IDE1MCU7CiAgY3Vyc29yOiBwb2ludGVyICFpbXBvcnRhbnQ7CiAgd2hpdGUtc3BhY2U6IG5vd3JhcDsKICBtYXJnaW46IDEwcHggMCAwIDA7Cn0KKi8KCi8qIL7JMgojcmFrdXRlbkxpbWl0ZWRJZF9hcm91bmRDYXJ0IGlucHV0IHsKICB3aWR0aDogMTgwcHg7CiAgaGVpZ2h0OiA0MHB4OwogYmFja2dyb3VuZDp1cmwoaHR0cDovL2ltYWdlLnJha3V0ZW4uY28uanAvcmFrdXRlbjI0L2NhYmluZXQvbGF5b3V0L2J0bl9jYXJ0X2JsYWNrLmdpZikgI2ZjZmNmYyBuby1yZXBlYXQ7CiAgb3ZlcmZsb3c6IGhpZGRlbjsKICBib3JkZXItd2lkdGg6IDBweDsKICB0ZXh0LWluZGVudDogMTUwJTsKICBjdXJzb3I6IHBvaW50ZXIgIWltcG9ydGFudDsKICB3aGl0ZS1zcGFjZTogbm93cmFwOwogIG1hcmdpbjogMTBweCAwIDAgMDsKfQoqLwoKLyog0+i8c6SrpLSMnY/qpMels6XhpfOlyKWipaalyAojcmFrdXRlbkxpbWl0ZWRJZF9hcm91bmRDYXJ0IGlucHV0IHsKICB3aWR0aDogMTgwcHg7CiAgaGVpZ2h0OiA0MHB4OwogYmFja2dyb3VuZDp1cmwoImh0dHA6Ly9pbWFnZS5yYWt1dGVuLmNvLmpwL3Jha3V0ZW4yNC9jYWJpbmV0L2xheW91dC9idG5fY2FydF9ibGFjay5naWYiKSAjZmNmY2ZjIG5vLXJlcGVhdDsKICBvdmVyZmxvdzogaGlkZGVuOwogIGJvcmRlci13aWR0aDogMHB4OwogIHRleHQtaW5kZW50OiAxNTAlOwogIGN1cnNvcjogcG9pbnRlciAhaW1wb3J0YW50OwogIHdoaXRlLXNwYWNlOiBub3dyYXA7CiAgbWFyZ2luOiAxMHB4IDAgMCAwOwp9CiovCiNyYWt1dGVuTGltaXRlZElkX2Fyb3VuZENhcnQgaW5wdXQuckNhcnRCdG46aG92ZXIsCmRpdi5zaG9wQm9va21hcmtBcmVhIGRpdi5zaG9wQmttIGEuYWRkU2hvcEJrbSBzcGFuLnNob3BCa21TdGFyOmhvdmVyLApkaXYuYm9va21hcmtBcmVhIGRpdi5ia20gYS5hZGRCa20gc3Bhbi5ia21TdGFyOmhvdmVyIHsKICBvcGFjaXR5OiAwLjg7CiAgZmlsdGVyOiBhbHBoYShvcGFjaXR5PTgwKTsKfQoKI3Jha3V0ZW5MaW1pdGVkSWRfYXJvdW5kQ2FydCAjc2VydmljZVRhYmxlU21sewovKgogIG1hcmdpbi1sZWZ0OiA5MnB4ICFpbXBvcnRhbnQ7CiovCn0KCiNyYWt1dGVuTGltaXRlZElkX2Fyb3VuZENhcnQgI3NlcnZpY2VUYWJsZVNtbCB0ZC5mYXZvcml0ZXsKd2lkdGg6IDI3MHB4ICFpbXBvcnRhbnQ7Cn0KCgoKI3Jha3V0ZW5MaW1pdGVkSWRfYXJvdW5kQ2FydCBkaXYuc2hvcEJrbXsKd2lkdGg6IDEyMHB4Owp9CgpkaXYuc2hvcEJvb2ttYXJrQXJlYSBkaXYuc2hvcEJrbSBhLmFkZFNob3BCa217CndpZHRoOiAxMjBweCAhaW1wb3J0YW50OwpoZWlnaHQ6IDI2cHggIWltcG9ydGFudDsKfQoKZGl2LnNob3BCb29rbWFya0FyZWEgZGl2LnNob3BCa20gYS5hZGRTaG9wQmttIHNwYW4uc2hvcEJrbVN0YXJ7CndpZHRoOiAxMjBweCAhaW1wb3J0YW50OwpoZWlnaHQ6IDI2cHggIWltcG9ydGFudDsKYmFja2dyb3VuZDogdXJsKGh0dHA6Ly9pbWFnZS5yYWt1dGVuLmNvLmpwL3Jha3V0ZW4yNC9jYWJpbmV0L2xheW91dC9idG5fZmF2b3JpdGVfc2hvcC5naWYpIG5vLXJlcGVhdCAwIDAgIWltcG9ydGFudDsKfQoKCgojcmFrdXRlbkxpbWl0ZWRJZF9hcm91bmRDYXJ0IGRpdi5ia217CndpZHRoOiAxMjBweDsKfQoKZGl2LmJvb2ttYXJrQXJlYSBkaXYuYmttIGEuYWRkQmttewp3aWR0aDogMTIwcHggIWltcG9ydGFudDsKaGVpZ2h0OiAyNnB4ICFpbXBvcnRhbnQ7Cn0KCmRpdi5ib29rbWFya0FyZWEgZGl2LmJrbSBhLmFkZEJrbSBzcGFuLmJrbVN0YXJ7CndpZHRoOiAxMjBweCAhaW1wb3J0YW50OwpoZWlnaHQ6IDI2cHggIWltcG9ydGFudDsKYmFja2dyb3VuZDogdXJsKGh0dHA6Ly9pbWFnZS5yYWt1dGVuLmNvLmpwL3Jha3V0ZW4yNC9jYWJpbmV0L2xheW91dC9idG5fZmF2b3JpdGVfaXRlbS5naWYpIG5vLXJlcGVhdCAwIDAgIWltcG9ydGFudDsKfQoKLndlZWtseUJucnsKd2lkdGg6IDcwMHB4OwpoZWlnaHQ6IDIzMXB4Owpwb3NpdGlvbjogcmVsYXRpdmU7CmJhY2tncm91bmQ6IHVybCgiaHR0cDovL3d3dy5yYWt1dGVuLm5lLmpwL2dvbGQvcmFrdXRlbjI0L2ltZy9yYW5rMS9iZ19yYW5rYm5yLmpwZyIpIGxlZnQgdG9wIG5vLXJlcGVhdDsKfQoKLndlZWtseUJuciBpbWd7CndpZHRoOiA2NjJweDsKcG9zaXRpb246IGFic29sdXRlOwpib3R0b206IDMwcHg7CmxlZnQ6IDIwcHg7CnotaW5kZXg6IDEwOwp9Cgoud2Vla2x5Qm5yOmFmdGVyewpjb250ZW50OiB1cmwoImh0dHA6Ly93d3cucmFrdXRlbi5uZS5qcC9nb2xkL3Jha3V0ZW4yNC9pbWcvcmFuazEvd3JhcF9yYW5rYm5yLnBuZyIpOwpwb3NpdGlvbjogYWJzb2x1dGU7CnRvcDogMDsKbGVmdDogMDsKei1pbmRleDogMTAwOwp9CgoucmV2aWV3Qm5yIHsKICAgIHdpZHRoOiA3MDBweDsKICAgIGhlaWdodDogMTAwcHg7CiAgICBiYWNrZ3JvdW5kOiB1cmwoImh0dHA6Ly9pbWFnZS5yYWt1dGVuLmNvLmpwL3Jha3V0ZW4yNC9jYWJpbmV0L2NhbXBhaWduL3Jldmlldy9iZ19yZXZpZXdibnIuanBnIikgbGVmdCB0b3Agbm8tcmVwZWF0OwogICAgcG9zaXRpb246IHJlbGF0aXZlOwogICAgZm9udC1zaXplOiAxNnB4Owp9CgoucmV2aWV3Qm5yIGRpdiB7CiAgICBwYWRkaW5nOiAxMHB4OwogICAgYmFja2dyb3VuZDogI2ZmZjsKICAgIHBvc2l0aW9uOiBhYnNvbHV0ZTsKICAgIHRvcDogMTFweDsKICAgIGxlZnQ6IDE4MHB4OwogICAgbGluZS1oZWlnaHQ6IDEyMCU7CiAgICBib3JkZXItcmFkaXVzOiA1cHg7Cn0KCi5yZXZpZXdCbnIgc3BhbiB7CiAgICBjb2xvcjogI2ZmMDAwMDsKfQoKLnJldmlld0JuciBzdHJvbmcgewogICAgZm9udC1zaXplOiAxOHB4Owp9CgouYm5yX2VhZ2xlc3sKICAgIHdpZHRoOiA3MDBweDsKICAgIGRpc3BsYXk6IGJsb2NrOwogICAgYmFja2dyb3VuZC1jb2xvcjogIzkyMDQxZTsKICAgIHRleHQtYWxpZ246IGNlbnRlcjsKfQoKCgpodG1sLGJvZHkgewpmb250LWZhbWlseTogQ2VudHVyeSBHb3RoaWMsIEFyaWFsOwp9CgpzcGFuLmNhdGVnb3J5X2l0ZW10YXhwb3N0YWdlIHtmb250LXNpemU6MTBweDt9CnNwYW4uY2F0ZWdvcnlfaXRlbXByaWNlIHtjb2xvcjojYmYwMDAwO2ZvbnQtc2l6ZToyNHB4O2ZvbnQtd2VpZ2h0OmJvbGQ7IGRpc3BsYXk6YmxvY2s7fQpzcGFuLnByaWNlMiB7IGZvbnQtc2l6ZToyMjAlICFpbXBvcnRhbnQ7Zm9udC13ZWlnaHQ6Ym9sZDt9CnRhYmxle3otaW5kZXg6MDt9IApzcGFuLmNhdGVnb3J5X2l0ZW1wcmljZTpiZWZvcmV7Lypjb250ZW50OiJQUklDRSAiOyovZm9udC1zaXplOjEwcHg7fQo8L3N0eWxlPgoKPCEtLSCks6SzpN6kxyAtLT4KCgo8L3RhYmxlPg==,pO+k86TvpPOltaXDpaupYCCl1KXzpa+hvphTzOwyNKG/W6W5qWCl0algpa2l46XDpcggpdypYKXrKMiu08MpXaO6mFPM7DI0,mFPM7DI0pa+l6qW5pb+l66WspaSltqlgpd+lzaXppeulpqWpqWClv6lgpeqloqXDpdel6qWipcOl13g1pcClpqXLqWCls6XzpcmpYKXgpdql6qWopbWpYKXipbmls6Xzpcil7KXDpa+lucjVn4aksda5pOGls6Wzpcqlw6XEpaqlpKXrpKiktKTepLOk4dPNpbWl86XapeylsKXqpc7JyO9MmUOlr6Xqpbmlv6XrpaylpKW2qWAgNTAwbWwgNDixvr52pM7Ep8WuuMq+xqTvpPOk76TzpbWlw6WrqWAgpdSl86Wvob6YU8zsMjShv1ulualgpdGpYKWtpeOlw6XIIKXcqWCl6yjIrtPDKV0=,pbmpYKXRqWClraXjpcOlyC/LsJJpMTg4MIPS0tTJz8vNwc+fb8HPoaOk76TzpO+k86W1pcOlq6lgIKXUpfOlr6G+mFPM7DI0ob9bpbmpYKXRqWClraXjpcOlyCCl3KlgpesoyK7Twyld[rn]
31-51748,aHR0cDovL3RzaG9wLnIxMHMuanAvcmFrdXRlbjI0L2NhYmluZXQvZTQwOTgvZTQwOTg5MWhfbC5qcGc/Zml0aW49NzAwOjcwMA==,NTMzLjYwMDA=,,pdqlw6XIP6XapcOlyKWwpcOluiA+IMiu08PGtyA+IKSqpOKkwaTjID4gpdypYKXr,SlcgUGV0Q29tcGFueSCl2aWkpdOpYKXbqWCl6qlgpcaly6W5IKXUpfOlr6G+mFPM7DI0ob9bpdypYKXrIKXXpemlw6XEXQ==,Slcgpdqlw6XIpaul86XRpcupYC/LsJJpMTg4MIPS0tTJz8vNwc+fb8HP,PGEgaHJlZj0iaHR0cDovL3d3dy5yYWt1dGVuLm5lLmpwL2dvbGQvcmFrdXRlbjI0L2NhbXBhaWduL3Jldmlldy8/cy1pZD1yMjRfcmV2aWV3X2ZpcnN0MDEiIHRhcmdldD0iX2JsYW5rIj48aW1nIHNyYz0iaHR0cDovL2ltYWdlLnJha3V0ZW4uY28uanAvcmFrdXRlbjI0L2NhYmluZXQvY2FtcGFpZ24vcmV2aWV3LzFiYW5fcmV2aWV3LmpwZyIgd2lkdGg9IjcwMCIgaGVpZ2h0PSIxMDAiIGJvcmRlcj0iMCIgLz48L2E+PGJyPqH5P6XspdOl5algzba45ZVypMult6XnpcOl16TY16LOxLesusWk8taqpOmku6TroaOkzqXBpaelw6WvpPLI66TspMakr6TApLWkpKGjPGJyPj/h4cjVpeGpYKXrpMukxqWvqWCl3aXzVVJMpPKkqsvNpOqkt6TepLmhozxhIGhyZWY9Imh0dHBzOi8vb3JkZXIubXkucmFrdXRlbi5jby5qcC8/cy1pZD1yMjRfcmV2aWV3X2ZpcnN0MDIiPqH2ofWl7KXTpeWpYKTylfikr6H1ofY8L2E+PGJyPj/L+6TOt72krM/IpMvNtrjlpLekv4j2us+hoqWvqWCl3aXz302zyoydz/PN4qTIpMqk6qTepLmkzqTHpLTXotLipK+kwKS1pKSho6XspdOl5algzba45aTPz8Kyv6TL05vdZKS3pMakpKTepLmhozxicj4/peyl06XlqWDNtrjlpKuk6be007Ok3qTHlXKy7qSspKKk66S/pOGhosnMxre7rcPmyc+kzqXspdOl5algvP7K/aTIjGfrSKTOzba45bz+yv2krK6QpMqk64j2us+krKSipOqk3qS5pM6kx9PopOGktMHLs9Ckr6TApLWkpKGjPGJyPjxicj48YnI+PHNtYWxsPqH5pdGlw6WxqWCluKXHpbalpKXztcikz9PouOakyqSvieS4/KS1pOyk66SzpMikrKSipOqk3qS5oaM8L3NtYWxsPjxicj48YnI+PHRhYmxlPjx0cj48dGQgd2lkdGg9IjEwMCUiPjxwIGNsYXNzPSJwZGVzYyI+PGRpdiBjbGFzcz0icGRlc2N0aXRsZSI+yczGt9Vow/c8L2Rpdj48ZGl2IGNsYXNzPSJwZGVzY2hvbmJ1biI+obhKVyBQZXRDb21wYW55IKXZpaSl06lgpdupYKXqqWClxqXLpbkgpdSl86Wvobmkz6GipcqlwaXlpeml66XppdCpYNF1pM6l26lgpeqpYKXtqWCl6algpMjTsqThpM6lxqXLpbml3Klgpeuk8r1NpN+6z6TvpLukv6XcqWCl6yjIrtPDKaTHpLmhozwvZGl2PjxkaXYgY2xhc3M9InBkZXNjdGl0bGUiPsq508PJz6TO16LS4jwvZGl2PjxkaXYgY2xhc3M9InBkZXNjaG9uYnVuIj6xvsa3pM+l2qXDpcjTw6THpLmho8S/tcTS1M3ipM7KudPDpM+kqta5pOGkr6TApLWkpKGjPC9kaXY+PGRpdiBjbGFzcz0icGRlc2N0aXRsZSI+xrfZfLHtyr48L2Rpdj48ZGl2IGNsYXNzPSJwZGVzY2hvbmJ1biI+zOzIu6W0peChoqXdpeqlqKW5pcal6zwvZGl2PjxkaXYgY2xhc3M9InBkZXNjdGl0bGUiPtStrmK5+jwvZGl2PjxkaXYgY2xhc3M9InBkZXNjaG9uYnVuIj7W0Ln6PC9kaXY+PC9wPjwvdGQ+PC90cj48L3RhYmxlPjxicj6l1qXppfOlyaO6Slcgpdqlw6XIpaul86XRpcupYDxicj6YU8zsMjSjvqXapcOlyNPDxrejvsiu08PGtyilsKXDpbopo77IrtPDpKqk4qTBpOM/zea+3yjIrj/fWymjvqXcqWCl66O+SlcgUGV0Q29tcGFueSCl2aWkpdOpYKXbqWCl6qlgpcaly6W5IKXUpfOlrzxicj7YnInT1KqjulBMQVRaKKXXpemlw6XEKTxicj7Ura5iufog1tC5+jxicj48YnI+PGJyPjxicj48YnI+SkFOpbOpYKXJo7qhoTQ5NzkwMDc3MTYyNTE8YnI+PGJyPjx0YWJsZSB3aWR0aD0iMTAwJSIgYm9yZGVyPTAgY2VsbHNwYWNpbmc9MCBjZWxscGFkZGluZz01Pjx0cj48dGQ+PC90ZD48dHI+PHRkPjwvdGQ+PC90cj48L3RhYmxlPjxicj48YnI+PGJyPo7auObOxNifo7qlsaXzpbOpYKWzpeDW6sq9u+HJ5zxicj5URUw6MDUwLTU1NzctNTA0Mzxicj48YnI+W0pXIKXapcOlyKWrpfOl0aXLqWBdPGJyPsiu08PGtyilsKXDpbopL8iu08OkqqTipMGk4z/N5r7fKMiuP99bKS+l3Klgpes8YnI+PGJyPjwhLS0gaWQ6ID9zLWlkPXIyNF9paGJucl8wMS8gP3MtaWQ9cjI0X2loYm5yXzAyIC0tPgo8dGFibGUgd2lkdGg9IjczMCIgY2VsbHBhZGRpbmc9IjAiIGNlbGxzcGFjaW5nPSIwIiBib3JkZXI9IjAiPgoKPCEtLTEwo6VPRkalr6lgpd2l8y8gLS0+Cgo8ZGl2IHN0eWxlPSJtYXJnaW4tYm90dG9tOjEwcHg7Ij4KCjxpbWcgc3JjPSIKaHR0cHM6Ly9pbWFnZS5yYWt1dGVuLmNvLmpwL3Jha3V0ZW4yNC9jYWJpbmV0L2NvdXBvbi9ibnJfMTAwXzcwMF82MC5qcGciIGFsdD0is/Wk4aTGpM63vc/etqgxMDCD0k9GRqWvqWCl3aXzo6EiIHdpZHRoPSI3MDAiIGhlaWdodD0iNjAiIGJvcmRlcj0iMCI+CjwvZGl2PgoKPGRpdiBzdHlsZT0ibWFyZ2luLWJvdHRvbToxMHB4OyI+Cgo8aW1nIHNyYz0iaHR0cHM6Ly9pbWFnZS5yYWt1dGVuLmNvLmpwL3Jha3V0ZW4yNC9jYWJpbmV0L2NvdXBvbi9ibnJfNzAwXzYwXzUwMDAuanBnIiBhbHQ9IjUsMDAwg9LS1MnP2Y/I6zEwJU9GRqOhIiB3aWR0aD0iNzAwIiBoZWlnaHQ9IjYwIiBib3JkZXI9IjAiPgo8L2Rpdj4KCjxkaXYgc3R5bGU9Im1hcmdpbi1ib3R0b206MTBweDsiPgoKPGltZyBzcmM9Imh0dHA6Ly9pbWFnZS5yYWt1dGVuLmNvLmpwL3Jha3V0ZW4yNC9jYWJpbmV0L2NvdXBvbi9ibnJfNzAwXzYwXzEwMDAwLmpwZyIgYWx0PSIxMCwwMDCD0tLUyc/Zj8jrpMcxNSVPRkajoSIgd2lkdGg9IjcwMCIgaGVpZ2h0PSI2MCIgYm9yZGVyPSIwIj4KPC9kaXY+Cgo8IS0tZGl2IHN0eWxlPSJtYXJnaW4tYm90dG9tOjEwcHg7Ij4KCjxpbWcgc3JjPSJodHRwOi8vaW1hZ2UucmFrdXRlbi5jby5qcC9yYWt1dGVuMjQvY2FiaW5ldC9jYW1wYWlnbi9hc3VyYWt1L2Jucl83MDBfNjAuanBnIiBhbHQ9IqSipLmYU8nMxrel3aWkpfOlyDOxtqOhIiB3aWR0aD0iNzAwIiBoZWlnaHQ9IjYwIiBib3JkZXI9IjAiPgo8L2Rpdi0tPgoKPGRpdiBzdHlsZT0ibWFyZ2luLWJvdHRvbToxMHB4OyI+Cgo8aW1nIHNyYz0iaHR0cHM6Ly9pbWFnZS5yYWt1dGVuLmNvLmpwL3Jha3V0ZW4yNC9jYWJpbmV0L3NwZWNpYWwvZmF0aGVyXzQ2OHg2MC5qcGciIGFsdD0ipd2lpKXzpcgzsbajoSIgd2lkdGg9IjQ2OCIgaGVpZ2h0PSI2MCIgYm9yZGVyPSIwIj4KPC9kaXY+CgoKPCEtLWRpdiBzdHlsZT0ibWFyZ2luLWJvdHRvbToxMHB4OyI+Cgo8aW1nIHNyYz0iaHR0cHM6Ly9pbWFnZS5yYWt1dGVuLmNvLmpwL3Jha3V0ZW4yNC9jYWJpbmV0L3NwZWNpYWwvMjAxNl9lY2FtcGFpZ24uanBnIiBhbHQ9IqWkqWClsKXrpbmE2cD705vE7qXdpaSl86XIMrG2o6EiIHdpZHRoPSI0NjgiIGhlaWdodD0iNjAiIGJvcmRlcj0iMCI+CjwvZGl2LS0+CgoKPCEtLSAvMTCjpU9GRqWvqWCl3aXzIC0tPgoKPCEtLSCkqqS5pLmk4cnMxrcgLS0+CqXGpeyl071CvemjugqlyKXepciluKXlqWCluSAvCqXepaulx6XfpaKlyqXDpcSlqqWkpesgLwog64qE06XWpeylw6XJpaulw6W/qWAgLwogpeulpKXcpbmlxqWjqWAgLwqk6qTzpLT1oSAvCjwhLS0gL6SqpLmkuaThyczGtyAtLT4KCgoKPCEtLSCYU8zsMjSkq6TppM6l4aXDpbupYKW4LyAtLT4KPGJyPjxicj4KCgo8IS0tIC+YU8zsMjSkq6TppM6l4aXDpbupYKW4IC0tPgoKPCEtLSCkoqS5mFNORy8gLS0+CjwhLS2hoTxpbWcgc3JjPSJodHRwOi8vaW1hZ2UucmFrdXRlbi5jby5qcC9yYWt1dGVuMjQvY2FiaW5ldC9pdGVtNDYvYXN1cmFrdTA3MDQuanBnIiB3aWR0aD0iNzMwIiBoZWlnaHQ9IjEzMCIgYm9yZGVyPSIwIj4KCjxkaXYgc3R5bGU9Im1hcmdpbi1ib3R0b206NXB4OyI+CjxpbWcgc3JjPSJodHRwOi8vaW1hZ2UucmFrdXRlbi5jby5qcC9yYWt1dGVuMjQvY2FiaW5ldC9pdGVtNDUvYXN1cmFrdTA3MTEuanBnIiB3aWR0aD0iNzMwIiBoZWlnaHQ9IjUwIiBib3JkZXI9IjAiPgo8L2Rpdj4KLS0+CjwhLS0gL6SipLmYU05HIC0tPgoKCgo8IS0tILvY31svIC0tPgo8IS0tIAoKIC0tPgo8IS0tIC+72N9bIC0tPgoKCgo8IS0tIDLB0LHtyr7Tw6XQpcqpYKWopeqloj4KPCEtLQo8dHI+Cjx0ZCB3aWR0aD0iMzY1Ij48aW1nIHNyYz0iaHR0cDovL3d3dy5yYWt1dGVuLm5lLmpwL2dvbGQvcmFrdXRlbjI0L2l0ZW0vaW1hZ2VzL2l0ZW1wYWdlX2Jucl8wMS5qcGciIHdpZHRoPSIzNjAiIGhlaWdodD0iNjAiIGJvcmRlcj0iMCIgYWx0PSIiPjwvdGQ+Cjx0ZCB3aWR0aD0iMzY1Ij48aW1nIHNyYz0iaHR0cDovL3d3dy5yYWt1dGVuLm5lLmpwL2dvbGQvcmFrdXRlbjI0L2l0ZW0vaW1hZ2VzL2l0ZW1wYWdlX2Jucl8wMi5naWYiIHdpZHRoPSIzNjAiIGhlaWdodD0iNjAiIGJvcmRlcj0iMCIgYWx0PSIiPjwvdGQ+CjwvdHI+Ci0tPiAKCjwhLS0g2UmkpM7vpKuktKXcpb+l8y8gLS0+CjxzdHlsZT4KLyogvsml3KW/pfMKI3Jha3V0ZW5MaW1pdGVkSWRfYXJvdW5kQ2FydCBpbnB1dCB7CiAgd2lkdGg6IDE2MHB4OwogIGhlaWdodDogNDBweDsKIGJhY2tncm91bmQ6dXJsKGh0dHA6Ly9pbWFnZS5yYWt1dGVuLmNvLmpwL3Jha3V0ZW4yNC9jYWJpbmV0L3Rlc3QvY2FydF9ibGFjay5naWYpICNmY2ZjZmMgbm8tcmVwZWF0OwogIG92ZXJmbG93OiBoaWRkZW47CiAgYm9yZGVyLXdpZHRoOiAwcHg7CiAgdGV4dC1pbmRlbnQ6IDE1MCU7CiAgY3Vyc29yOiBwb2ludGVyICFpbXBvcnRhbnQ7CiAgd2hpdGUtc3BhY2U6IG5vd3JhcDsKICBtYXJnaW46IDEwcHggMCAwIDA7Cn0KKi8KCi8qIL7JMgojcmFrdXRlbkxpbWl0ZWRJZF9hcm91bmRDYXJ0IGlucHV0IHsKICB3aWR0aDogMTgwcHg7CiAgaGVpZ2h0OiA0MHB4OwogYmFja2dyb3VuZDp1cmwoaHR0cDovL2ltYWdlLnJha3V0ZW4uY28uanAvcmFrdXRlbjI0L2NhYmluZXQvbGF5b3V0L2J0bl9jYXJ0X2JsYWNrLmdpZikgI2ZjZmNmYyBuby1yZXBlYXQ7CiAgb3ZlcmZsb3c6IGhpZGRlbjsKICBib3JkZXItd2lkdGg6IDBweDsKICB0ZXh0LWluZGVudDogMTUwJTsKICBjdXJzb3I6IHBvaW50ZXIgIWltcG9ydGFudDsKICB3aGl0ZS1zcGFjZTogbm93cmFwOwogIG1hcmdpbjogMTBweCAwIDAgMDsKfQoqLwoKLyog0+i8c6SrpLSMnY/qpMels6XhpfOlyKWipaalyAojcmFrdXRlbkxpbWl0ZWRJZF9hcm91bmRDYXJ0IGlucHV0IHsKICB3aWR0aDogMTgwcHg7CiAgaGVpZ2h0OiA0MHB4OwogYmFja2dyb3VuZDp1cmwoImh0dHA6Ly9pbWFnZS5yYWt1dGVuLmNvLmpwL3Jha3V0ZW4yNC9jYWJpbmV0L2xheW91dC9idG5fY2FydF9ibGFjay5naWYiKSAjZmNmY2ZjIG5vLXJlcGVhdDsKICBvdmVyZmxvdzogaGlkZGVuOwogIGJvcmRlci13aWR0aDogMHB4OwogIHRleHQtaW5kZW50OiAxNTAlOwogIGN1cnNvcjogcG9pbnRlciAhaW1wb3J0YW50OwogIHdoaXRlLXNwYWNlOiBub3dyYXA7CiAgbWFyZ2luOiAxMHB4IDAgMCAwOwp9CiovCiNyYWt1dGVuTGltaXRlZElkX2Fyb3VuZENhcnQgaW5wdXQuckNhcnRCdG46aG92ZXIsCmRpdi5zaG9wQm9va21hcmtBcmVhIGRpdi5zaG9wQmttIGEuYWRkU2hvcEJrbSBzcGFuLnNob3BCa21TdGFyOmhvdmVyLApkaXYuYm9va21hcmtBcmVhIGRpdi5ia20gYS5hZGRCa20gc3Bhbi5ia21TdGFyOmhvdmVyIHsKICBvcGFjaXR5OiAwLjg7CiAgZmlsdGVyOiBhbHBoYShvcGFjaXR5PTgwKTsKfQoKI3Jha3V0ZW5MaW1pdGVkSWRfYXJvdW5kQ2FydCAjc2VydmljZVRhYmxlU21sewovKgogIG1hcmdpbi1sZWZ0OiA5MnB4ICFpbXBvcnRhbnQ7CiovCn0KCiNyYWt1dGVuTGltaXRlZElkX2Fyb3VuZENhcnQgI3NlcnZpY2VUYWJsZVNtbCB0ZC5mYXZvcml0ZXsKd2lkdGg6IDI3MHB4ICFpbXBvcnRhbnQ7Cn0KCgoKI3Jha3V0ZW5MaW1pdGVkSWRfYXJvdW5kQ2FydCBkaXYuc2hvcEJrbXsKd2lkdGg6IDEyMHB4Owp9CgpkaXYuc2hvcEJvb2ttYXJrQXJlYSBkaXYuc2hvcEJrbSBhLmFkZFNob3BCa217CndpZHRoOiAxMjBweCAhaW1wb3J0YW50OwpoZWlnaHQ6IDI2cHggIWltcG9ydGFudDsKfQoKZGl2LnNob3BCb29rbWFya0FyZWEgZGl2LnNob3BCa20gYS5hZGRTaG9wQmttIHNwYW4uc2hvcEJrbVN0YXJ7CndpZHRoOiAxMjBweCAhaW1wb3J0YW50OwpoZWlnaHQ6IDI2cHggIWltcG9ydGFudDsKYmFja2dyb3VuZDogdXJsKGh0dHA6Ly9pbWFnZS5yYWt1dGVuLmNvLmpwL3Jha3V0ZW4yNC9jYWJpbmV0L2xheW91dC9idG5fZmF2b3JpdGVfc2hvcC5naWYpIG5vLXJlcGVhdCAwIDAgIWltcG9ydGFudDsKfQoKCgojcmFrdXRlbkxpbWl0ZWRJZF9hcm91bmRDYXJ0IGRpdi5ia217CndpZHRoOiAxMjBweDsKfQoKZGl2LmJvb2ttYXJrQXJlYSBkaXYuYmttIGEuYWRkQmttewp3aWR0aDogMTIwcHggIWltcG9ydGFudDsKaGVpZ2h0OiAyNnB4ICFpbXBvcnRhbnQ7Cn0KCmRpdi5ib29rbWFya0FyZWEgZGl2LmJrbSBhLmFkZEJrbSBzcGFuLmJrbVN0YXJ7CndpZHRoOiAxMjBweCAhaW1wb3J0YW50OwpoZWlnaHQ6IDI2cHggIWltcG9ydGFudDsKYmFja2dyb3VuZDogdXJsKGh0dHA6Ly9pbWFnZS5yYWt1dGVuLmNvLmpwL3Jha3V0ZW4yNC9jYWJpbmV0L2xheW91dC9idG5fZmF2b3JpdGVfaXRlbS5naWYpIG5vLXJlcGVhdCAwIDAgIWltcG9ydGFudDsKfQoKLndlZWtseUJucnsKd2lkdGg6IDcwMHB4OwpoZWlnaHQ6IDIzMXB4Owpwb3NpdGlvbjogcmVsYXRpdmU7CmJhY2tncm91bmQ6IHVybCgiaHR0cDovL3d3dy5yYWt1dGVuLm5lLmpwL2dvbGQvcmFrdXRlbjI0L2ltZy9yYW5rMS9iZ19yYW5rYm5yLmpwZyIpIGxlZnQgdG9wIG5vLXJlcGVhdDsKfQoKLndlZWtseUJuciBpbWd7CndpZHRoOiA2NjJweDsKcG9zaXRpb246IGFic29sdXRlOwpib3R0b206IDMwcHg7CmxlZnQ6IDIwcHg7CnotaW5kZXg6IDEwOwp9Cgoud2Vla2x5Qm5yOmFmdGVyewpjb250ZW50OiB1cmwoImh0dHA6Ly93d3cucmFrdXRlbi5uZS5qcC9nb2xkL3Jha3V0ZW4yNC9pbWcvcmFuazEvd3JhcF9yYW5rYm5yLnBuZyIpOwpwb3NpdGlvbjogYWJzb2x1dGU7CnRvcDogMDsKbGVmdDogMDsKei1pbmRleDogMTAwOwp9CgoucmV2aWV3Qm5yIHsKICAgIHdpZHRoOiA3MDBweDsKICAgIGhlaWdodDogMTAwcHg7CiAgICBiYWNrZ3JvdW5kOiB1cmwoImh0dHA6Ly9pbWFnZS5yYWt1dGVuLmNvLmpwL3Jha3V0ZW4yNC9jYWJpbmV0L2NhbXBhaWduL3Jldmlldy9iZ19yZXZpZXdibnIuanBnIikgbGVmdCB0b3Agbm8tcmVwZWF0OwogICAgcG9zaXRpb246IHJlbGF0aXZlOwogICAgZm9udC1zaXplOiAxNnB4Owp9CgoucmV2aWV3Qm5yIGRpdiB7CiAgICBwYWRkaW5nOiAxMHB4OwogICAgYmFja2dyb3VuZDogI2ZmZjsKICAgIHBvc2l0aW9uOiBhYnNvbHV0ZTsKICAgIHRvcDogMTFweDsKICAgIGxlZnQ6IDE4MHB4OwogICAgbGluZS1oZWlnaHQ6IDEyMCU7CiAgICBib3JkZXItcmFkaXVzOiA1cHg7Cn0KCi5yZXZpZXdCbnIgc3BhbiB7CiAgICBjb2xvcjogI2ZmMDAwMDsKfQoKLnJldmlld0JuciBzdHJvbmcgewogICAgZm9udC1zaXplOiAxOHB4Owp9CgouYm5yX2VhZ2xlc3sKICAgIHdpZHRoOiA3MDBweDsKICAgIGRpc3BsYXk6IGJsb2NrOwogICAgYmFja2dyb3VuZC1jb2xvcjogIzkyMDQxZTsKICAgIHRleHQtYWxpZ246IGNlbnRlcjsKfQoKCgpodG1sLGJvZHkgewpmb250LWZhbWlseTogQ2VudHVyeSBHb3RoaWMsIEFyaWFsOwp9CgpzcGFuLmNhdGVnb3J5X2l0ZW10YXhwb3N0YWdlIHtmb250LXNpemU6MTBweDt9CnNwYW4uY2F0ZWdvcnlfaXRlbXByaWNlIHtjb2xvcjojYmYwMDAwO2ZvbnQtc2l6ZToyNHB4O2ZvbnQtd2VpZ2h0OmJvbGQ7IGRpc3BsYXk6YmxvY2s7fQpzcGFuLnByaWNlMiB7IGZvbnQtc2l6ZToyMjAlICFpbXBvcnRhbnQ7Zm9udC13ZWlnaHQ6Ym9sZDt9CnRhYmxle3otaW5kZXg6MDt9IApzcGFuLmNhdGVnb3J5X2l0ZW1wcmljZTpiZWZvcmV7Lypjb250ZW50OiJQUklDRSAiOyovZm9udC1zaXplOjEwcHg7fQo8L3N0eWxlPgoKPCEtLSCks6SzpN6kxyAtLT4KCgo8L3RhYmxlPg==,SlcgUGV0Q29tcGFueSCl2aWkpdOpYKXbqWCl6qlgpcaly6W5IKXUpfOlr6G+mFPM7DI0ob9bpdypYKXrIKXXpemlw6XEXaO6mFPM7DI0,mFPM7DI0pa+l6qW5pb+l66WspaSltqlgpd+lzaXppeulpqWpqWClv6lgpeqloqXDpdel6qWipcOl13g1pcClpqXLqWCls6XzpcmpYKXgpdql6qWopbWpYKXipbmls6Xzpcil7KXDpa+lucjVn4aksda5pOGls6Wzpcqlw6XEpaqlpKXrpKiktKTepLOk4dPNpbWl86XapeylsKXqpc7JyO9MmUOlr6Xqpbmlv6XrpaylpKW2qWAgNTAwbWwgNDixvr52pM7Ep8WuuMq+xkpXIFBldENvbXBhbnkgpdmlpKXTqWCl26lgpeqpYKXGpculuSCl1KXzpa+hvphTzOwyNKG/W6XcqWCl6yCl16XppcOlxF0=,Slcgpdqlw6XIpaul86XRpcupYC/LsJJpMTg4MIPS0tTJz8vNwc+fb8HPoaNKVyBQZXRDb21wYW55IKXZpaSl06lgpdupYKXqqWClxqXLpbkgpdSl86Wvob6YU8zsMjShv1ul3Klgpesgpdel6aXDpcRd[rn]
31-51749,aHR0cDovL3RzaG9wLnIxMHMuanAvcmFrdXRlbjI0L2NhYmluZXQvZTQxODkvZTQxODk4OGhfbC5qcGc/Zml0aW49NzAwOjcwMA==,MjUwNS42MDAw,,pdqlw6XIP6XapcOlyKWwpcOluiA+IMiu08PGtyA+IKSqpOKkwaTjID4gpdypYKXr,sLXpnKTHueKk66XcqWCl66SqpOKkwaTjIKWqqWCl06lgpb+l1SClsKXtpaal3KlgpesgTKG+mFPM7DI0ob9bpdel6aXNpcOlyD+lyaXDpbAgpdypYKXrXQ==,pdel6aXNpcOlyD+lyaXDpbAvy83Bz59vwc8=,PGJyPjxicj6xvsnMxrekz9TajuzP3qTqpM7JzMa3pMekuaGjpLTXos7E4eGky6WtpeOl86W7peuktaS7pMakpKS/pMCkr4j2us+krKS0pLakpKTepLmhozxicj48c21hbGw+ofml0aXDpbGpYKW4pceltqWkpfO1yKTP0+i45qTKpK+J5Lj8pLWk7KTrpLOkyKSspKKk6qTepLmhozwvc21hbGw+PGJyPjxicj48dGFibGU+PHRyPjx0ZCB3aWR0aD0iMTAwJSI+PHAgY2xhc3M9InBkZXNjIj48ZGl2IGNsYXNzPSJwZGVzY3RpdGxlIj7JzMa31WjD9zwvZGl2PjxkaXYgY2xhc3M9InBkZXNjaG9uYnVuIj6huLC16Zykx7nipOul3KlgpeukqqTipMGk4yClqqlgpdOpYKW/pdUgpbCl7aWmpdypYKXrIEyhuaTPoaKwtemcpMe54qTryK7Tw6XcqWCl66SqpOKkwaTjpMekuaGj0O654tDNpMqkzqTHsLXpnKTHueKk66TOpMeloqWmpcilyaWi31uk06TL1+7fbaTHpLmho6XfpfOlyKTOz+Ok6qTHpe+l86TBpOOk86TO0OHSmaTytMy8pKS3pN6kuaGjj4q2yKXspdml6zWHeaTgwaakrKTIpMak4o+KpKSl76XzpMGk46TzpMuho7Cy0MSkzqWipeGl6qWr0XWlyKWkpMekuSjjVaTKpMmkztPQtr7O79l8pM+6rKTepOykxqSkpN6ku6TzKaGjPGJyPoydz/PE6v1oo7qzyciu08MoMS03mnIpPC9kaXY+PGRpdiBjbGFzcz0icGRlc2N0aXRsZSI+yrnTw7e9t6g8L2Rpdj48ZGl2IGNsYXNzPSJwZGVzY2hvbmJ1biI+ofGktMq508PHsLywpNObQaTspL+k6cuuz7SkpKS3oaKk6KSvx6ykq6S3pMakq6TppLTKudPDpK+kwKS1pKShozwvZGl2PjxkaXYgY2xhc3M9InBkZXNjdGl0bGUiPsq508PJz6TO16LS4jwvZGl2PjxkaXYgY2xhc3M9InBkZXNjaG9uYnVuIj6h8e+VpKTW96TOxL+krL3spK+5oIfspMfKudPDpLehoqXapcOlyKTOpKqk4qTBpOPS1M3ipM7Tw82+pMekz8q508Okt6TKpKSkx6SvpMCktaSkoaM8YnI+ofGxvtF1xrekz4+Ktsiky4OepOykxqSqpOqk3qS5pKyhoqXapcOlyKTOh3mk4MGmP4d5pN/xsaTLpOikw6TGpM+2zJVy6Wekx4mypOykxqS3pN6kpoj2us+krKS0pLakpKTepLmhozxicj6h8cq508Okt6TKpKSVcqTPpdqlw6XIpOSkqtfTpLWk3qTOytakzr3spK+I9sv5pMu3xdbDpLekyqSkpMekr6TApLWkpKGjPGJyPqHx1c+6ps7vpOS78JrdpM69/KSvpMfKudPDpLekyqSkpMekr6TApLWkpKGjPGJyPqHx1WDvi6TOv9ak7KSspKKk6qTepLmkzqTHxsaTcKS3pL+kqqTipMGk46THpdqlw6XIpPLfW6TQpLukyqSkpMekr6TApLWkpKGjPGJyPqHxzfLSu6Gipdqlw6XIpKzvi6Tf3nqk86TAlXKkz6S5pLCky6qV0r2On6TLpLTP4NWEpK+kwKS1pKShozwvZGl2PjxkaXYgY2xhc3M9InBkZXNjdGl0bGUiPsa32Xyx7cq+PC9kaXY+PGRpdiBjbGFzcz0icGRlc2Nob25idW4iPqHxn+G/ycvc0NSlqKXppbmlyKXeqWA8YnI+ofHJzMa3pbWlpKW6o7rWsb62Ny42Y22hotbYwb+jujEyNGc8L2Rpdj48ZGl2IGNsYXNzPSJwZGVzY3RpdGxlIj7Ura5iufo8L2Rpdj48ZGl2IGNsYXNzPSJwZGVzY2hvbmJ1biI+paKl4aXqpas8L2Rpdj48L3A+PC90ZD48L3RyPjwvdGFibGU+PGJyPqXWpeml86XJo7ql16Xppc2lw6XIP6XJpcOlsDxicj6YU8zsMjSjvqXapcOlyNPDxrejvsiu08PGtyilsKXDpbopo77IrtPDpKqk4qTBpOM/zea+3yjIrj/fWymjvqXcqWCl66O+sLXpnKTHueKk66XcqWCl66SqpOKkwaTjIKWqqWCl06lgpb+l1SClsKXtpaal3KlgpesgTDxicj7YnInT1KqjuqXApcOlyaWmpaelpDxicj7Ura5iufogpaKl4aXqpas8YnI+PGJyPjxicj48YnI+PGJyPkpBTqWzqWClyaO6oaE0OTQzMTY5MDUwNzgyPGJyPjxicj48dGFibGUgd2lkdGg9IjEwMCUiIGJvcmRlcj0wIGNlbGxzcGFjaW5nPTAgY2VsbHBhZGRpbmc9NT48dHI+PHRkPjwvdGQ+PHRyPjx0ZD48L3RkPjwvdHI+PC90YWJsZT48YnI+PGJyPjxicj6O2rjmzsTYn6O6pbGl86WzqWCls6Xg1urKvbvhyec8YnI+VEVMOjA1MC01NTc3LTUwNDM8YnI+PGJyPlul16Xppc2lw6XIP6XJpcOlsF08YnI+yK7Tw8a3KKWwpcOluikvyK7Tw6SqpOKkwaTjP83mvt8oyK4/31spL6XcqWCl6zxicj48YnI+PCEtLSBpZDogP3MtaWQ9cjI0X2loYm5yXzAxLyA/cy1pZD1yMjRfaWhibnJfMDIgLS0+Cjx0YWJsZSB3aWR0aD0iNzMwIiBjZWxscGFkZGluZz0iMCIgY2VsbHNwYWNpbmc9IjAiIGJvcmRlcj0iMCI+Cgo8IS0tMTCjpU9GRqWvqWCl3aXzLyAtLT4KCjxkaXYgc3R5bGU9Im1hcmdpbi1ib3R0b206MTBweDsiPgoKPGltZyBzcmM9IgpodHRwczovL2ltYWdlLnJha3V0ZW4uY28uanAvcmFrdXRlbjI0L2NhYmluZXQvY291cG9uL2Jucl8xMDBfNzAwXzYwLmpwZyIgYWx0PSKz9aThpMakzre9z962qDEwMIPST0ZGpa+pYKXdpfOjoSIgd2lkdGg9IjcwMCIgaGVpZ2h0PSI2MCIgYm9yZGVyPSIwIj4KPC9kaXY+Cgo8ZGl2IHN0eWxlPSJtYXJnaW4tYm90dG9tOjEwcHg7Ij4KCjxpbWcgc3JjPSJodHRwczovL2ltYWdlLnJha3V0ZW4uY28uanAvcmFrdXRlbjI0L2NhYmluZXQvY291cG9uL2Jucl83MDBfNjBfNTAwMC5qcGciIGFsdD0iNSwwMDCD0tLUyc/Zj8jrMTAlT0ZGo6EiIHdpZHRoPSI3MDAiIGhlaWdodD0iNjAiIGJvcmRlcj0iMCI+CjwvZGl2PgoKPGRpdiBzdHlsZT0ibWFyZ2luLWJvdHRvbToxMHB4OyI+Cgo8aW1nIHNyYz0iaHR0cDovL2ltYWdlLnJha3V0ZW4uY28uanAvcmFrdXRlbjI0L2NhYmluZXQvY291cG9uL2Jucl83MDBfNjBfMTAwMDAuanBnIiBhbHQ9IjEwLDAwMIPS0tTJz9mPyOukxzE1JU9GRqOhIiB3aWR0aD0iNzAwIiBoZWlnaHQ9IjYwIiBib3JkZXI9IjAiPgo8L2Rpdj4KCjwhLS1kaXYgc3R5bGU9Im1hcmdpbi1ib3R0b206MTBweDsiPgoKPGltZyBzcmM9Imh0dHA6Ly9pbWFnZS5yYWt1dGVuLmNvLmpwL3Jha3V0ZW4yNC9jYWJpbmV0L2NhbXBhaWduL2FzdXJha3UvYm5yXzcwMF82MC5qcGciIGFsdD0ipKKkuZhTyczGt6XdpaSl86XIM7G2o6EiIHdpZHRoPSI3MDAiIGhlaWdodD0iNjAiIGJvcmRlcj0iMCI+CjwvZGl2LS0+Cgo8ZGl2IHN0eWxlPSJtYXJnaW4tYm90dG9tOjEwcHg7Ij4KCjxpbWcgc3JjPSJodHRwczovL2ltYWdlLnJha3V0ZW4uY28uanAvcmFrdXRlbjI0L2NhYmluZXQvc3BlY2lhbC9mYXRoZXJfNDY4eDYwLmpwZyIgYWx0PSKl3aWkpfOlyDOxtqOhIiB3aWR0aD0iNDY4IiBoZWlnaHQ9IjYwIiBib3JkZXI9IjAiPgo8L2Rpdj4KCgo8IS0tZGl2IHN0eWxlPSJtYXJnaW4tYm90dG9tOjEwcHg7Ij4KCjxpbWcgc3JjPSJodHRwczovL2ltYWdlLnJha3V0ZW4uY28uanAvcmFrdXRlbjI0L2NhYmluZXQvc3BlY2lhbC8yMDE2X2VjYW1wYWlnbi5qcGciIGFsdD0ipaSpYKWwpeuluYTZwPvTm8Tupd2lpKXzpcgysbajoSIgd2lkdGg9IjQ2OCIgaGVpZ2h0PSI2MCIgYm9yZGVyPSIwIj4KPC9kaXYtLT4KCgo8IS0tIC8xMKOlT0ZGpa+pYKXdpfMgLS0+Cgo8IS0tIKSqpLmkuaThyczGtyAtLT4Kpcal7KXTvUK96aO6CqXIpd6lyKW4peWpYKW5IC8Kpd6lq6XHpd+loqXKpcOlxKWqpaSl6yAvCiDrioTTpdal7KXDpcmlq6XDpb+pYCAvCiCl66WkpdyluaXGpaOpYCAvCqTqpPOktPWhIC8KPCEtLSAvpKqkuaS5pOHJzMa3IC0tPgoKCgo8IS0tIJhTzOwyNKSrpOmkzqXhpcOlu6lgpbgvIC0tPgo8YnI+PGJyPgoKCjwhLS0gL5hTzOwyNKSrpOmkzqXhpcOlu6lgpbggLS0+Cgo8IS0tIKSipLmYU05HLyAtLT4KPCEtLaGhPGltZyBzcmM9Imh0dHA6Ly9pbWFnZS5yYWt1dGVuLmNvLmpwL3Jha3V0ZW4yNC9jYWJpbmV0L2l0ZW00Ni9hc3VyYWt1MDcwNC5qcGciIHdpZHRoPSI3MzAiIGhlaWdodD0iMTMwIiBib3JkZXI9IjAiPgoKPGRpdiBzdHlsZT0ibWFyZ2luLWJvdHRvbTo1cHg7Ij4KPGltZyBzcmM9Imh0dHA6Ly9pbWFnZS5yYWt1dGVuLmNvLmpwL3Jha3V0ZW4yNC9jYWJpbmV0L2l0ZW00NS9hc3VyYWt1MDcxMS5qcGciIHdpZHRoPSI3MzAiIGhlaWdodD0iNTAiIGJvcmRlcj0iMCI+CjwvZGl2PgotLT4KPCEtLSAvpKKkuZhTTkcgLS0+CgoKCjwhLS0gu9jfWy8gLS0+CjwhLS0gCgogLS0+CjwhLS0gL7vY31sgLS0+CgoKCjwhLS0gMsHQse3KvtPDpdClyqlgpail6qWiPgo8IS0tCjx0cj4KPHRkIHdpZHRoPSIzNjUiPjxpbWcgc3JjPSJodHRwOi8vd3d3LnJha3V0ZW4ubmUuanAvZ29sZC9yYWt1dGVuMjQvaXRlbS9pbWFnZXMvaXRlbXBhZ2VfYm5yXzAxLmpwZyIgd2lkdGg9IjM2MCIgaGVpZ2h0PSI2MCIgYm9yZGVyPSIwIiBhbHQ9IiI+PC90ZD4KPHRkIHdpZHRoPSIzNjUiPjxpbWcgc3JjPSJodHRwOi8vd3d3LnJha3V0ZW4ubmUuanAvZ29sZC9yYWt1dGVuMjQvaXRlbS9pbWFnZXMvaXRlbXBhZ2VfYm5yXzAyLmdpZiIgd2lkdGg9IjM2MCIgaGVpZ2h0PSI2MCIgYm9yZGVyPSIwIiBhbHQ9IiI+PC90ZD4KPC90cj4KLS0+IAoKPCEtLSDZSaSkzu+kq6S0pdylv6XzLyAtLT4KPHN0eWxlPgovKiC+yaXcpb+l8wojcmFrdXRlbkxpbWl0ZWRJZF9hcm91bmRDYXJ0IGlucHV0IHsKICB3aWR0aDogMTYwcHg7CiAgaGVpZ2h0OiA0MHB4OwogYmFja2dyb3VuZDp1cmwoaHR0cDovL2ltYWdlLnJha3V0ZW4uY28uanAvcmFrdXRlbjI0L2NhYmluZXQvdGVzdC9jYXJ0X2JsYWNrLmdpZikgI2ZjZmNmYyBuby1yZXBlYXQ7CiAgb3ZlcmZsb3c6IGhpZGRlbjsKICBib3JkZXItd2lkdGg6IDBweDsKICB0ZXh0LWluZGVudDogMTUwJTsKICBjdXJzb3I6IHBvaW50ZXIgIWltcG9ydGFudDsKICB3aGl0ZS1zcGFjZTogbm93cmFwOwogIG1hcmdpbjogMTBweCAwIDAgMDsKfQoqLwoKLyogvskyCiNyYWt1dGVuTGltaXRlZElkX2Fyb3VuZENhcnQgaW5wdXQgewogIHdpZHRoOiAxODBweDsKICBoZWlnaHQ6IDQwcHg7CiBiYWNrZ3JvdW5kOnVybChodHRwOi8vaW1hZ2UucmFrdXRlbi5jby5qcC9yYWt1dGVuMjQvY2FiaW5ldC9sYXlvdXQvYnRuX2NhcnRfYmxhY2suZ2lmKSAjZmNmY2ZjIG5vLXJlcGVhdDsKICBvdmVyZmxvdzogaGlkZGVuOwogIGJvcmRlci13aWR0aDogMHB4OwogIHRleHQtaW5kZW50OiAxNTAlOwogIGN1cnNvcjogcG9pbnRlciAhaW1wb3J0YW50OwogIHdoaXRlLXNwYWNlOiBub3dyYXA7CiAgbWFyZ2luOiAxMHB4IDAgMCAwOwp9CiovCgovKiDT6LxzpKuktIydj+qkx6WzpeGl86XIpaKlpqXICiNyYWt1dGVuTGltaXRlZElkX2Fyb3VuZENhcnQgaW5wdXQgewogIHdpZHRoOiAxODBweDsKICBoZWlnaHQ6IDQwcHg7CiBiYWNrZ3JvdW5kOnVybCgiaHR0cDovL2ltYWdlLnJha3V0ZW4uY28uanAvcmFrdXRlbjI0L2NhYmluZXQvbGF5b3V0L2J0bl9jYXJ0X2JsYWNrLmdpZiIpICNmY2ZjZmMgbm8tcmVwZWF0OwogIG92ZXJmbG93OiBoaWRkZW47CiAgYm9yZGVyLXdpZHRoOiAwcHg7CiAgdGV4dC1pbmRlbnQ6IDE1MCU7CiAgY3Vyc29yOiBwb2ludGVyICFpbXBvcnRhbnQ7CiAgd2hpdGUtc3BhY2U6IG5vd3JhcDsKICBtYXJnaW46IDEwcHggMCAwIDA7Cn0KKi8KI3Jha3V0ZW5MaW1pdGVkSWRfYXJvdW5kQ2FydCBpbnB1dC5yQ2FydEJ0bjpob3ZlciwKZGl2LnNob3BCb29rbWFya0FyZWEgZGl2LnNob3BCa20gYS5hZGRTaG9wQmttIHNwYW4uc2hvcEJrbVN0YXI6aG92ZXIsCmRpdi5ib29rbWFya0FyZWEgZGl2LmJrbSBhLmFkZEJrbSBzcGFuLmJrbVN0YXI6aG92ZXIgewogIG9wYWNpdHk6IDAuODsKICBmaWx0ZXI6IGFscGhhKG9wYWNpdHk9ODApOwp9CgojcmFrdXRlbkxpbWl0ZWRJZF9hcm91bmRDYXJ0ICNzZXJ2aWNlVGFibGVTbWx7Ci8qCiAgbWFyZ2luLWxlZnQ6IDkycHggIWltcG9ydGFudDsKKi8KfQoKI3Jha3V0ZW5MaW1pdGVkSWRfYXJvdW5kQ2FydCAjc2VydmljZVRhYmxlU21sIHRkLmZhdm9yaXRlewp3aWR0aDogMjcwcHggIWltcG9ydGFudDsKfQoKCgojcmFrdXRlbkxpbWl0ZWRJZF9hcm91bmRDYXJ0IGRpdi5zaG9wQmttewp3aWR0aDogMTIwcHg7Cn0KCmRpdi5zaG9wQm9va21hcmtBcmVhIGRpdi5zaG9wQmttIGEuYWRkU2hvcEJrbXsKd2lkdGg6IDEyMHB4ICFpbXBvcnRhbnQ7CmhlaWdodDogMjZweCAhaW1wb3J0YW50Owp9CgpkaXYuc2hvcEJvb2ttYXJrQXJlYSBkaXYuc2hvcEJrbSBhLmFkZFNob3BCa20gc3Bhbi5zaG9wQmttU3RhcnsKd2lkdGg6IDEyMHB4ICFpbXBvcnRhbnQ7CmhlaWdodDogMjZweCAhaW1wb3J0YW50OwpiYWNrZ3JvdW5kOiB1cmwoaHR0cDovL2ltYWdlLnJha3V0ZW4uY28uanAvcmFrdXRlbjI0L2NhYmluZXQvbGF5b3V0L2J0bl9mYXZvcml0ZV9zaG9wLmdpZikgbm8tcmVwZWF0IDAgMCAhaW1wb3J0YW50Owp9CgoKCiNyYWt1dGVuTGltaXRlZElkX2Fyb3VuZENhcnQgZGl2LmJrbXsKd2lkdGg6IDEyMHB4Owp9CgpkaXYuYm9va21hcmtBcmVhIGRpdi5ia20gYS5hZGRCa217CndpZHRoOiAxMjBweCAhaW1wb3J0YW50OwpoZWlnaHQ6IDI2cHggIWltcG9ydGFudDsKfQoKZGl2LmJvb2ttYXJrQXJlYSBkaXYuYmttIGEuYWRkQmttIHNwYW4uYmttU3RhcnsKd2lkdGg6IDEyMHB4ICFpbXBvcnRhbnQ7CmhlaWdodDogMjZweCAhaW1wb3J0YW50OwpiYWNrZ3JvdW5kOiB1cmwoaHR0cDovL2ltYWdlLnJha3V0ZW4uY28uanAvcmFrdXRlbjI0L2NhYmluZXQvbGF5b3V0L2J0bl9mYXZvcml0ZV9pdGVtLmdpZikgbm8tcmVwZWF0IDAgMCAhaW1wb3J0YW50Owp9Cgoud2Vla2x5Qm5yewp3aWR0aDogNzAwcHg7CmhlaWdodDogMjMxcHg7CnBvc2l0aW9uOiByZWxhdGl2ZTsKYmFja2dyb3VuZDogdXJsKCJodHRwOi8vd3d3LnJha3V0ZW4ubmUuanAvZ29sZC9yYWt1dGVuMjQvaW1nL3JhbmsxL2JnX3JhbmtibnIuanBnIikgbGVmdCB0b3Agbm8tcmVwZWF0Owp9Cgoud2Vla2x5Qm5yIGltZ3sKd2lkdGg6IDY2MnB4Owpwb3NpdGlvbjogYWJzb2x1dGU7CmJvdHRvbTogMzBweDsKbGVmdDogMjBweDsKei1pbmRleDogMTA7Cn0KCi53ZWVrbHlCbnI6YWZ0ZXJ7CmNvbnRlbnQ6IHVybCgiaHR0cDovL3d3dy5yYWt1dGVuLm5lLmpwL2dvbGQvcmFrdXRlbjI0L2ltZy9yYW5rMS93cmFwX3JhbmtibnIucG5nIik7CnBvc2l0aW9uOiBhYnNvbHV0ZTsKdG9wOiAwOwpsZWZ0OiAwOwp6LWluZGV4OiAxMDA7Cn0KCi5yZXZpZXdCbnIgewogICAgd2lkdGg6IDcwMHB4OwogICAgaGVpZ2h0OiAxMDBweDsKICAgIGJhY2tncm91bmQ6IHVybCgiaHR0cDovL2ltYWdlLnJha3V0ZW4uY28uanAvcmFrdXRlbjI0L2NhYmluZXQvY2FtcGFpZ24vcmV2aWV3L2JnX3Jldmlld2Juci5qcGciKSBsZWZ0IHRvcCBuby1yZXBlYXQ7CiAgICBwb3NpdGlvbjogcmVsYXRpdmU7CiAgICBmb250LXNpemU6IDE2cHg7Cn0KCi5yZXZpZXdCbnIgZGl2IHsKICAgIHBhZGRpbmc6IDEwcHg7CiAgICBiYWNrZ3JvdW5kOiAjZmZmOwogICAgcG9zaXRpb246IGFic29sdXRlOwogICAgdG9wOiAxMXB4OwogICAgbGVmdDogMTgwcHg7CiAgICBsaW5lLWhlaWdodDogMTIwJTsKICAgIGJvcmRlci1yYWRpdXM6IDVweDsKfQoKLnJldmlld0JuciBzcGFuIHsKICAgIGNvbG9yOiAjZmYwMDAwOwp9CgoucmV2aWV3Qm5yIHN0cm9uZyB7CiAgICBmb250LXNpemU6IDE4cHg7Cn0KCi5ibnJfZWFnbGVzewogICAgd2lkdGg6IDcwMHB4OwogICAgZGlzcGxheTogYmxvY2s7CiAgICBiYWNrZ3JvdW5kLWNvbG9yOiAjOTIwNDFlOwogICAgdGV4dC1hbGlnbjogY2VudGVyOwp9CgoKCmh0bWwsYm9keSB7CmZvbnQtZmFtaWx5OiBDZW50dXJ5IEdvdGhpYywgQXJpYWw7Cn0KCnNwYW4uY2F0ZWdvcnlfaXRlbXRheHBvc3RhZ2Uge2ZvbnQtc2l6ZToxMHB4O30Kc3Bhbi5jYXRlZ29yeV9pdGVtcHJpY2Uge2NvbG9yOiNiZjAwMDA7Zm9udC1zaXplOjI0cHg7Zm9udC13ZWlnaHQ6Ym9sZDsgZGlzcGxheTpibG9jazt9CnNwYW4ucHJpY2UyIHsgZm9udC1zaXplOjIyMCUgIWltcG9ydGFudDtmb250LXdlaWdodDpib2xkO30KdGFibGV7ei1pbmRleDowO30gCnNwYW4uY2F0ZWdvcnlfaXRlbXByaWNlOmJlZm9yZXsvKmNvbnRlbnQ6IlBSSUNFICI7Ki9mb250LXNpemU6MTBweDt9Cjwvc3R5bGU+Cgo8IS0tIKSzpLOk3qTHIC0tPgoKCjwvdGFibGU+,sLXpnKTHueKk66XcqWCl66SqpOKkwaTjIKWqqWCl06lgpb+l1SClsKXtpaal3KlgpesgTKG+mFPM7DI0ob9bpdel6aXNpcOlyD+lyaXDpbAgpdypYKXrXaO6mFPM7DI0,mFPM7DI0pa+l6qW5pb+l66WspaSltqlgpd+lzaXppeulpqWpqWClv6lgpeqloqXDpdel6qWipcOl13g1pcClpqXLqWCls6XzpcmpYKXgpdql6qWopbWpYKXipbmls6Xzpcil7KXDpa+lucjVn4aksda5pOGls6Wzpcqlw6XEpaqlpKXrpKiktKTepLOk4dPNpbWl86XapeylsKXqpc7JyO9MmUOlr6Xqpbmlv6XrpaylpKW2qWAgNTAwbWwgNDixvr52pM7Ep8WuuMq+xrC16Zykx7nipOul3KlgpeukqqTipMGk4yClqqlgpdOpYKW/pdUgpbCl7aWmpdypYKXrIEyhvphTzOwyNKG/W6XXpemlzaXDpcg/pcmlw6WwIKXcqWCl610=,pdel6aXNpcOlyD+lyaXDpbAvy83Bz59vwc+ho7C16Zykx7nipOul3KlgpeukqqTipMGk4yClqqlgpdOpYKW/pdUgpbCl7aWmpdypYKXrIEyhvphTzOwyNKG/W6XXpemlzaXDpcg/pcmlw6WwIKXcqWCl610=[rn]
31-51750,aHR0cDovL3RzaG9wLnIxMHMuanAvaGFuLW5hcmkvY2FiaW5ldC9taWNreS85NDMtNTYyMzFiLmpwZz9maXRpbj03MDA6NzAw,MTEyMy4yMDAw,,pdqlw6XIP6XapcOlyKWwpcOluiA+IMiu08PGtyA+IKSqpOKkwaTjID4gpMykpKSwpOuk3w==,pbmlv6lgP6WmpampYKW6o7qluaXIqWCl4KXIpeupYKXRqWCj1KPPo9l8pdqlw6XIIKSqpOKkwaTjIMiuo/w=,pbmlv6lgP6WmpampYKW6pdqlw6XIpbOl7KWvpbel56XzfA==,ofbJzMa3pbWlpKW6o68guuGjurxzNS43Y20guN+ktaO6vHMxNi43Y20gPGJyPiCh9svYssSjr7G+zOUgvmQxMDCjpSCl7algpdejujEwMCUgPGJyPiCh9qSqz7TlqqOvIM+05aqZQ8+0pKSkx6StpN6kuaGjo6ilzaXDpcjKudPDo6kgICruXrK/t9ak8tG6pLmkyKG4pdepYKXXqWChudL0pKykt6TepLkgIDxicj6h8aSzpM6kqqTipMGk46TP0KHQzT/W0NDNyK7Tw6THpLmhoyA8YnI+ofHQodDNyK6kx6Tih3mk4MGmpM6PiqSkyK6ky6TP0+ukqKTKpKSkx6SvpMCktaSkoaMgPGJyPqHxyK6kzszl2Xyk5NDUuPGhotDU2XykyqTJpPKktMDtveKkzqSmpKikqtlJpKTH86ThpK+kwKS1pKShoyA8YnI+ofHIrqTOpKqk4qTBpOPS1M3ipM7Tw82+pMvKudPDpLekyqSkpMekr6TApLWkpKGjCjxicj4mY29weTsmIFRNIEx1Y2FzZmlsbSBMdGQuICAKPGJyPjxpbWcgc3JjPSJodHRwczovL2NhYmluZXQucm1zLnJha3V0ZW4uY28uanAvc2hvcHMvaGFuLW5hcmkvY2FiaW5ldC9rYW5iYW4vMTQwOTEyLmpwZyIgYm9yZGVyPSIwIj48cD48aW1nIHNyYz0iaHR0cDovL2NhYmluZXQucm1zLnJha3V0ZW4uY28uanAvc2hvcHMvaGFuLW5hcmkvY2FiaW5ldC9rYW5iYW4vMTAwNDA3LmpwZyI+Cjxicj48YnI+ob6l2qXDpcjTw83mvt+kzqS0yrnTw8nPpM7XotLiob88YnI+Cj/T66SopL+k3qTepM7KudPDpM/GxpNwpOTVYO+LpMukxKTKpKyk6qTepLmkzqTHoaKx2KS675WkpNb3pKzSu753pMvfW6TToaLN8tK7xsaTcKS3pL+I9rrPpM+kuaSwpMvIoaTqyc+ksqTGpK+kwKS1pKShowo8YnI+P4d5pODBpqSsj4qkpKXapcOlyKTLpM/T66SopMqkpKTHpK+kwKS1pKShowo8YnI+ofmwssirpMukqsq5pKTtlKSvnumky8q508PJz6TO16LS4srC7Zek8qTopK+kqtVppN+kr6TApLWkpKGjPHRhYmxlIGJvcmRlcj0iMCIgd2lkdGg9IjU5OSIgaWQ9InRhYmxlMSI+CgkJCQkJCQk8dHI+CgkJCQkJCQkJCQkJCQk8dGQgY29sc3Bhbj0iMiI+CgkJCQkJCQkJCQkJCQk8dGFibGUgYm9yZGVyPSIwIiB3aWR0aD0iOTglIiBpZD0idGFibGU3Ij4KCQkJCQkJCQkJCQkJCQk8dHI+CgkJCQkJCQkJCQk8dGQgY29sc3Bhbj0iMiI+CiAgICAgICAgICAgICAgICAgICAgICAgICAgICAgICAgICAgICAgICAgICAgPHAgYWxpZ249ImNlbnRlciI+PGJyPgoJCQkJCQkJCQkJCTxmb250IHNpemU9IjIiPgoJCQkJCQkJCQkJCaXHpaOluqXLqWCl2qXDpcils6Xspa+lt6XnpfPIoaTqklGkpKW5pb+pYKXIo6E8L2ZvbnQ+PGJyPgoJCQkJCQkJCQkJCQoJCQkJCQkJCQkJCTxpbWcgc3JjPSJodHRwczovL2NhYmluZXQucm1zLnJha3V0ZW4uY28uanAvc2hvcHMvaGFuLW5hcmkvY2FiaW5ldC9rYW5iYW4yLzE3MDUyNi5qcGciIGJvcmRlcj0iMCI+PC90ZD4KCQkJCQkJCQkJCQkJCQk8L3RyPgoJCQkJCQkJCQkJCQkJCTx0cj4KCQkJCQkJCQkJCTx0ZCBjb2xzcGFuPSIyIj4KICAgICAgICAgICAgICAgICAgICAgICAgICAgICAgICAgICAgICAgICAgICA8YnI+CgkJCQkJCQkJCQkJCgkJCQkJCQkJCQkJPGltZyBzcmM9Imh0dHBzOi8vY2FiaW5ldC5ybXMucmFrdXRlbi5jby5qcC9zaG9wcy9oYW4tbmFyaS9jYWJpbmV0L2thbmJhbjIvMTcwNTI3LmpwZyIgYm9yZGVyPSIwIj48L3RkPgoJCQkJCQkJCQkJCQkJCTwvdHI+CgkJCQkJCQkJCQkJCQkJPHRyPgoJCQkJCQkJCQkJPHRkIGNvbHNwYW49IjIiPgogICAgICAgICAgICAgICAgICAgICAgICAgICAgICAgICAgICAgICAgICAgIDxicj4KCQkJCQkJCQkJCQkKCQkJCQkJCQkJCQk8aW1nIHNyYz0iaHR0cHM6Ly9jYWJpbmV0LnJtcy5yYWt1dGVuLmNvLmpwL3Nob3BzL2hhbi1uYXJpL2NhYmluZXQva2FuYmFuMi8xNzA1MjVwLmpwZyIgYm9yZGVyPSIwIj48L3RkPgoJCQkJCQkJCQkJCQkJCTwvdHI+CgkJCQkJCQkJCQkJCQkJPHRyPgoJCQkJCQkJCQkJPHRkIGNvbHNwYW49IjIiPgogICAgICAgICAgICAgICAgICAgICAgICAgICAgICAgICAgICAgICAgICAgIDxicj4KCQkJCQkJCQkJCQkKCQkJCQkJCQkJCQk8aW1nIHNyYz0iaHR0cHM6Ly9jYWJpbmV0LnJtcy5yYWt1dGVuLmNvLmpwL3Nob3BzL2hhbi1uYXJpL2NhYmluZXQva2FuYmFuMi8xNzA1MjMuanBnIiBib3JkZXI9IjAiPjwvdGQ+CgkJCQkJCQkJCQkJCQkJPC90cj4KCQkJCQkJCQkJCQkJCQk8dHI+CgkJCQkJCQkJCQk8dGQgY29sc3Bhbj0iMiI+CiAgICAgICAgICAgICAgICAgICAgICAgICAgICAgICAgICAgICAgICAgICAgPGJyPgogICAgICAgICAgICAgICAgICAgICAgICAgICAgICAgICAgICAgICAgICAgIAoJCQkJCQkJCQkJCTxpbWcgc3JjPSJodHRwczovL2NhYmluZXQucm1zLnJha3V0ZW4uY28uanAvc2hvcHMvaGFuLW5hcmkvY2FiaW5ldC9rYW5iYW4yLzE3MDQxMmQuanBnIiBib3JkZXI9IjAiPjwvdGQ+CgkJCQkJCQkJCQkJCQkJPC90cj4KCQkJCQkJCQkJCQkJCQk8dHI+CgkJCQkJCQkJCQk8dGQgY29sc3Bhbj0iMiI+CiAgICAgICAgICAgICAgICAgICAgICAgICAgICAgICAgICAgICAgICAgICAgPGJyPgoJCQkJCQkJCQkJCQoJCQkJCQkJCQkJCTxpbWcgc3JjPSJodHRwczovL2NhYmluZXQucm1zLnJha3V0ZW4uY28uanAvc2hvcHMvaGFuLW5hcmkvY2FiaW5ldC9rYW5iYW4yLzE3MDQyOGYuanBnIiBib3JkZXI9IjAiPjwvdGQ+CgkJCQkJCQkJCQkJCQkJPC90cj4KCQkJCQkJCQkJCQkJCQk8dHI+CgkJCQkJCQkJCQk8dGQgY29sc3Bhbj0iMiI+CiAgICAgICAgICAgICAgICAgICAgICAgICAgICAgICAgICAgICAgICAgICAgPHAgYWxpZ249ImNlbnRlciI+CiAgICAgICAgICAgICAgICAgICAgICAgICAgICAgICAgICAgICAgICAgICAgPGJyPgoJCQkJCQkJCQkJCQoJCQkJCQkJCQkJCTxpbWcgc3JjPSJodHRwczovL2NhYmluZXQucm1zLnJha3V0ZW4uY28uanAvc2hvcHMvaGFuLW5hcmkvY2FiaW5ldC9rYW5iYW4yLzE3MDMyNGEuanBnIiBib3JkZXI9IjAiPjwvdGQ+CgkJCQkJCQkJCQkJCQkJPC90cj4KCQkJCQkJCQkJCQkJCQk8dHI+CgkJCQkJCQkJCQk8dGQgY29sc3Bhbj0iMiI+CiAgICAgICAgICAgICAgICAgICAgICAgICAgICAgICAgICAgICAgICAgICAgPHAgYWxpZ249ImNlbnRlciI+PGJyPgoJCQkJCQkJCQkJCQoJCQkJCQkJCQkJCTxpbWcgc3JjPSJodHRwczovL2NhYmluZXQucm1zLnJha3V0ZW4uY28uanAvc2hvcHMvaGFuLW5hcmkvY2FiaW5ldC9rYW5iYW4yLzE3MDMxNm8uanBnIiBib3JkZXI9IjAiPjwvdGQ+CgkJCQkJCQkJCQkJCQkJPC90cj4KCQkJCQkJCQkJCQkJCQk8dHI+CgkJCQkJCQkJCQk8dGQgY29sc3Bhbj0iMiI+CiAgICAgICAgICAgICAgICAgICAgICAgICAgICAgICAgICAgICAgICAgICAgPGJyPgoJCQkJCQkJCQkJCQoJCQkJCQkJCQkJCTxpbWcgc3JjPSJodHRwczovL2NhYmluZXQucm1zLnJha3V0ZW4uY28uanAvc2hvcHMvaGFuLW5hcmkvY2FiaW5ldC9rYW5iYW4yLzE3MDMyNC5qcGciIGJvcmRlcj0iMCI+PC90ZD4KCQkJCQkJCQkJCQkJCQk8L3RyPgoJCQkJCQkJCQkJCQkJCTx0cj4KCQkJCQkJCQkJCTx0ZCBjb2xzcGFuPSIyIj4KICAgICAgICAgICAgICAgICAgICAgICAgICAgICAgICAgICAgICAgICAgICA8YnI+CgkJCQkJCQkJCQkJCgkJCQkJCQkJCQkJPGltZyBzcmM9Imh0dHBzOi8vY2FiaW5ldC5ybXMucmFrdXRlbi5jby5qcC9zaG9wcy9oYW4tbmFyaS9jYWJpbmV0L2thbmJhbjIvMTcwNDIzYS5qcGciIGJvcmRlcj0iMCI+PC90ZD4KCQkJCQkJCQkJCQkJCQk8L3RyPgoJCQkJCQkJCQkJCQkJCTx0cj4KCQkJCQkJCQkJCTx0ZCBjb2xzcGFuPSIyIj4KICAgICAgICAgICAgICAgICAgICAgICAgICAgICAgICAgICAgICAgICAgICA8YnI+CgkJCQkJCQkJCQkJCgkJCQkJCQkJCQkJPGltZyBzcmM9Imh0dHBzOi8vY2FiaW5ldC5ybXMucmFrdXRlbi5jby5qcC9zaG9wcy9oYW4tbmFyaS9jYWJpbmV0L2thbmJhbjIvMTcwNDEzYy5qcGciIGJvcmRlcj0iMCI+PC90ZD4KCQkJCQkJCQkJCQkJCQk8L3RyPgoJCQkJCQkJCQkJCQkJCTx0cj4KCQkJCQkJCQkJCTx0ZCBjb2xzcGFuPSIyIj4KICAgICAgICAgICAgICAgICAgICAgICAgICAgICAgICAgICAgICAgICAgICA8YnI+CgkJCQkJCQkJCQkJCgkJCQkJCQkJCQkJPGltZyBzcmM9Imh0dHBzOi8vY2FiaW5ldC5ybXMucmFrdXRlbi5jby5qcC9zaG9wcy9oYW4tbmFyaS9jYWJpbmV0L2thbmJhbjIvMTcwNDI3ZC5qcGciIGJvcmRlcj0iMCI+PC90ZD4KCQkJCQkJCQkJCQkJCQk8L3RyPgoJCQkJCQkJCQkJCQkJCTx0cj4KCQkJCQkJCQkJCTx0ZD4KICAgICAgICAgICAgICAgICAgICAgICAgICAgICAgICAgICAgICAgICAgICA8YnI+CgkJCQkJCQkJCQkJCgkJCQkJCQkJCQkJPGltZyBzcmM9Imh0dHBzOi8vY2FiaW5ldC5ybXMucmFrdXRlbi5jby5qcC9zaG9wcy9oYW4tbmFyaS9jYWJpbmV0L2thbmJhbjIvMTcwNTE5LmpwZyIgYm9yZGVyPSIwIj48L3RkPgoJCQkJCQkJCQkJPHRkPgogICAgICAgICAgICAgICAgICAgICAgICAgICAgICAgICAgICAgICAgICAgIDxicj4KCQkJCQkJCQkJCQkKCQkJCQkJCQkJCQk8aW1nIHNyYz0iaHR0cHM6Ly9jYWJpbmV0LnJtcy5yYWt1dGVuLmNvLmpwL3Nob3BzL2hhbi1uYXJpL2NhYmluZXQva2FuYmFuMi8xNzA1MTJhLmpwZyIgYm9yZGVyPSIwIj48L3RkPgoJCQkJCQkJCQkJCQkJCTwvdHI+CgkJCQkJCQkJCQkJCQkJPHRyPgoJCQkJCQkJCQkJPHRkPgogICAgICAgICAgICAgICAgICAgICAgICAgICAgICAgICAgICAgICAgICAgIDxicj4KCQkJCQkJCQkJCQkKCQkJCQkJCQkJCQk8aW1nIHNyYz0iaHR0cHM6Ly9jYWJpbmV0LnJtcy5yYWt1dGVuLmNvLmpwL3Nob3BzL2hhbi1uYXJpL2NhYmluZXQva2FuYmFuMi8xNzAyMDZhLmpwZyIgYm9yZGVyPSIwIj48L3RkPgoJCQkJCQkJCQkJPHRkPgogICAgICAgICAgICAgICAgICAgICAgICAgICAgICAgICAgICAgICAgICAgIDxicj4KCQkJCQkJCQkJCQkKCQkJCQkJCQkJCQk8aW1nIHNyYz0iaHR0cHM6Ly9jYWJpbmV0LnJtcy5yYWt1dGVuLmNvLmpwL3Nob3BzL2hhbi1uYXJpL2NhYmluZXQva2FuYmFuLzE1MDQyNHIuanBnIiBib3JkZXI9IjAiPjwvdGQ+CgkJCQkJCQkJCQkJCQkJPC90cj4KCQkJCQkJCQkJCQkJCQk8dHI+CgkJCQkJCQkJCQk8dGQgY29sc3Bhbj0iMiI+CiAgICAgICAgICAgICAgICAgICAgICAgICAgICAgICAgICAgICAgICAgICAgPHAgYWxpZ249ImNlbnRlciI+CgkJCQkJCQkJCQkJPGJyPgoJCQkJCQkJCQkJCQoJCQkJCQkJCQkJCTxpbWcgc3JjPSJodHRwczovL2NhYmluZXQucm1zLnJha3V0ZW4uY28uanAvc2hvcHMvaGFuLW5hcmkvY2FiaW5ldC9rYW5iYW4yLzE3MDUwOGQuanBnIiBib3JkZXI9IjAiPjwvdGQ+CgkJCQkJCQkJCQkJCQkJPC90cj4KCQkJCQkJCQkJCQkJCQk8dHI+CgkJCQkJCQkJCQk8dGQgY29sc3Bhbj0iMiI+CiAgICAgICAgICAgICAgICAgICAgICAgICAgICAgICAgICAgICAgICAgICAgPGJyPgoJCQkJCQkJCQkJCQoJCQkJCQkJCQkJCTxpbWcgc3JjPSJodHRwczovL2NhYmluZXQucm1zLnJha3V0ZW4uY28uanAvc2hvcHMvaGFuLW5hcmkvY2FiaW5ldC9rYW5iYW4yLzE3MDIwMmIuanBnIiBib3JkZXI9IjAiPjwvdGQ+CgkJCQkJCQkJCQkJCQkJPC90cj4KCQkJCQkJCQkJCQkJCQk8dHI+CgkJCQkJCQkJCQk8dGQgY29sc3Bhbj0iMiI+CiAgICAgICAgICAgICAgICAgICAgICAgICAgICAgICAgICAgICAgICAgICAgPHAgYWxpZ249ImNlbnRlciI+CgkJCQkJCQkJCQkJPGJyPgoJCQkJCQkJCQkJCQoJCQkJCQkJCQkJCTxpbWcgc3JjPSJodHRwczovL2NhYmluZXQucm1zLnJha3V0ZW4uY28uanAvc2hvcHMvaGFuLW5hcmkvY2FiaW5ldC9rYW5iYW4yLzE2MTIxMy5qcGciIGJvcmRlcj0iMCI+PC90ZD4KCQkJCQkJCQkJCQkJCQk8L3RyPgoJCQkJCQkJCQkJCQkJCTx0cj4KCQkJCQkJCQkJCTx0ZCBjb2xzcGFuPSIyIj4KICAgICAgICAgICAgICAgICAgICAgICAgICAgICAgICAgICAgICAgICAgICA8YnI+CgkJCQkJCQkJCQkJCgkJCQkJCQkJCQkJPGltZyBzcmM9Imh0dHBzOi8vY2FiaW5ldC5ybXMucmFrdXRlbi5jby5qcC9zaG9wcy9oYW4tbmFyaS9jYWJpbmV0L2thbmJhbjIvMTcwMzE2ci5qcGciIGJvcmRlcj0iMCI+PC90ZD4KCQkJCQkJCQkJCQkJCQk8L3RyPgoJCQkJCQkJCQkJCQkJCTx0cj4KCQkJCQkJCQkJCTx0ZCBjb2xzcGFuPSIyIj4KICAgICAgICAgICAgICAgICAgICAgICAgICAgICAgICAgICAgICAgICAgICA8YnI+CgkJCQkJCQkJCQkJCgkJCQkJCQkJCQkJPGltZyBzcmM9Imh0dHBzOi8vY2FiaW5ldC5ybXMucmFrdXRlbi5jby5qcC9zaG9wcy9oYW4tbmFyaS9jYWJpbmV0L2thbmJhbjIvMTcwMjAxYy5qcGciIGJvcmRlcj0iMCI+PC90ZD4KCQkJCQkJCQkJCQkJCQk8L3RyPgoJCQkJCQkJCQkJCQkJCTx0cj4KCQkJCQkJCQkJCTx0ZCBjb2xzcGFuPSIyIj4KICAgICAgICAgICAgICAgICAgICAgICAgICAgICAgICAgICAgICAgICAgICA8YnI+CgkJCQkJCQkJCQkJCgkJCQkJCQkJCQkJPGltZyBzcmM9Imh0dHBzOi8vY2FiaW5ldC5ybXMucmFrdXRlbi5jby5qcC9zaG9wcy9oYW4tbmFyaS9jYWJpbmV0L2thbmJhbjIvMTcwNTMxLmpwZyIgYm9yZGVyPSIwIj48L3RkPgoJCQkJCQkJCQkJCQkJCTwvdHI+CgkJCQkJCQkJCQkJCQkJPC90YWJsZT4KCQkJCQkJCQkJCQkJCTwvdGQ+CgkJCQkJCQkJCQkJCQk8L3RyPgoJCQkJCQkJPHRyPgoJCQkJCQkJCTx0ZCB3aWR0aD0iMzIxIj4KCQkJCQkJCQk8L3RkPgoJCQkJCQkJCTx0ZCB3aWR0aD0iMjY3Ij4KCQkJCQkJCQk8cCBhbGlnbj0iY2VudGVyIj4KCQkJCQkJCQk8L3RkPgoJCQkJCQkJCTwvdHI+CgkJCQkJCQk8dHI+CgkJCQkJCQkJPHRkIHdpZHRoPSIzMjEiPgoJCQkJCQkJCTxwIGFsaWduPSJyaWdodCI+CgkJCQkJCQkJPC90ZD4KCQkJCQkJCQk8dGQgd2lkdGg9IjI2NyI+CgkJCQkJCQkJPHAgYWxpZ249ImxlZnQiPgogICAgICAgICAgICAgICAgICAgICAgICAgICAgICAgICAgICAgICAgICAgIDwvdGQ+CgkJCQkJCQk8L3RyPgoJCQkJCQkJPC90YWJsZT4=,pbmlv6lgP6WmpampYKW6o7qluaXIqWCl4KXIpeupYKXRqWCj1KPPo9l8pdqlw6XIIKSqpOKkwaTjIMiuo/yjuqPIo+Gj7qPuo+Gj8qPp,yK63/qPIo+Gj7qPuo+Gj8qPppc+l86XKpeqkz6TzpMqk6qW5pcypYKXUqWCl6qW1pMilrKW5pdGpYKXrbWltb6Wspeult6Wipd6l66Wxpblqo65wcmVzc6XapcOlyKXRpemlwKWkpbml2qXDpcilq6lgpcil0KWuqWClz6XzpaypYKXQpcOlsKPsZWWlx6Wjpbqly6lgpb+lraW3qWClyaXepbapYKWsqWClx6XzpbOl7aWzpe2lraXjpeqpYKW5pb+pYD+lpqWpqWCluqO6pbmlyKlgpeClyKXrqWCl0algo9Sjz6PZfKXapcOlyCCkqqTipMGk4yDIrqP8,pbmlv6lgP6WmpampYKW6pdqlw6XIpbOl7KWvpbel56XzfKGjpbmlv6lgP6WmpampYKW6o7qluaXIqWCl4KXIpeupYKXRqWCj1KPPo9l8pdqlw6XIIKSqpOKkwaTjIMiuo/w=[rn]
31-51751,aHR0cDovL3RzaG9wLnIxMHMuanAvaGFuLW5hcmkvY2FiaW5ldC9taWNreS85NDMtNTYyMzkuanBnP2ZpdGluPTcwMDo3MDA=,MTAzNi44MDAw,,pdqlw6XIP6XapcOlyKWwpcOluiA+IMiu08PGtyA+IKSqpOKkwaTjID4gpMykpKSwpOuk3w==,pbmlv6lgP6WmpampYKW6o7qj0qOyo8SjsqPUo8+j2Xyl2qXDpcggpKqk4qTBpOMgyK6j/A==,pbmlv6lgP6WmpampYKW6pdqlw6XIpbOl7KWvpbel56XzfA==,ofbJzMa3pbWlpKW6o68guN+ktaO6vHM3LjFjbSDWsb62o7o2Y20gIDxicj6h9svYssSjryCl3aXqpailuaXGpesgICrW0KTL4o+krMjrpMOkxqSkpN6kuaGisb7M5aTy1fGk66TIobilq6Xppaul6aG50vSkrKS3pN6kuTxicj6h8aSzpM6kqqTipMGk46TP0KHQzT/W0NDNyK7Tw6THpLmhoyA8YnI+ofHQodDNyK6kx6Tih3mk4MGmpM6PiqSkyK6ky6TP0+ukqKTKpKSkx6SvpMCktaSkoaMgPGJyPqHxyK6kzszl2Xyk5NDUuPGhotDU2XykyqTJpPKktMDtveKkzqSmpKikqtlJpKTH86ThpK+kwKS1pKShoyA8YnI+ofHIrqTOpKqk4qTBpOPS1M3ipM7Tw82+pMvKudPDpLekyqSkpMekr6TApLWkpKGjCjxicj4mY29weTsmIFRNIEx1Y2FzZmlsbSBMdGQuICAKPGJyPjxpbWcgc3JjPSJodHRwczovL2NhYmluZXQucm1zLnJha3V0ZW4uY28uanAvc2hvcHMvaGFuLW5hcmkvY2FiaW5ldC9rYW5iYW4vMTQwOTEyLmpwZyIgYm9yZGVyPSIwIj48cD48aW1nIHNyYz0iaHR0cDovL2NhYmluZXQucm1zLnJha3V0ZW4uY28uanAvc2hvcHMvaGFuLW5hcmkvY2FiaW5ldC9rYW5iYW4vMTAwNDA3LmpwZyI+CgogIAo8YnI+PGJyPqG+pdqlw6XI08PN5r7fpM6ktMq508PJz6TO16LS4qG/PGJyPgo/0+ukqKS/pN6k3qTOyrnTw6TPxsaTcKTk1WDvi6TLpMSkyqSspOqk3qS5pM6kx6Gisdikuu+VpKTW96Ss0ru+d6TL31uk06GizfLSu8bGk3Ckt6S/iPa6z6TPpLmksKTLyKGk6snPpLKkxqSvpMCktaSkoaMKPGJyPj+HeaTgwaakrI+KpKSl2qXDpciky6TP0+ukqKTKpKSkx6SvpMCktaSkoaMKPGJyPqH5sLLIq6TLpKrKuaSk7ZSkr57ppMvKudPDyc+kztei0uLKwu2XpPKk6KSvpKrVaaTfpK+kwKS1pKShozx0YWJsZSBib3JkZXI9IjAiIHdpZHRoPSI1OTkiIGlkPSJ0YWJsZTEiPgoJCQkJCQkJPHRyPgoJCQkJCQkJCQkJCQkJPHRkIGNvbHNwYW49IjIiPgoJCQkJCQkJCQkJCQkJPHRhYmxlIGJvcmRlcj0iMCIgd2lkdGg9Ijk4JSIgaWQ9InRhYmxlNyI+CgkJCQkJCQkJCQkJCQkJPHRyPgoJCQkJCQkJCQkJPHRkIGNvbHNwYW49IjIiPgogICAgICAgICAgICAgICAgICAgICAgICAgICAgICAgICAgICAgICAgICAgIDxwIGFsaWduPSJjZW50ZXIiPjxicj4KCQkJCQkJCQkJCQk8Zm9udCBzaXplPSIyIj4KCQkJCQkJCQkJCQmlx6Wjpbqly6lgpdqlw6XIpbOl7KWvpbel56XzyKGk6pJRpKSluaW/qWClyKOhPC9mb250Pjxicj4KCQkJCQkJCQkJCQkKCQkJCQkJCQkJCQk8aW1nIHNyYz0iaHR0cHM6Ly9jYWJpbmV0LnJtcy5yYWt1dGVuLmNvLmpwL3Nob3BzL2hhbi1uYXJpL2NhYmluZXQva2FuYmFuMi8xNzA1MjYuanBnIiBib3JkZXI9IjAiPjwvdGQ+CgkJCQkJCQkJCQkJCQkJPC90cj4KCQkJCQkJCQkJCQkJCQk8dHI+CgkJCQkJCQkJCQk8dGQgY29sc3Bhbj0iMiI+CiAgICAgICAgICAgICAgICAgICAgICAgICAgICAgICAgICAgICAgICAgICAgPGJyPgoJCQkJCQkJCQkJCQoJCQkJCQkJCQkJCTxpbWcgc3JjPSJodHRwczovL2NhYmluZXQucm1zLnJha3V0ZW4uY28uanAvc2hvcHMvaGFuLW5hcmkvY2FiaW5ldC9rYW5iYW4yLzE3MDUyNy5qcGciIGJvcmRlcj0iMCI+PC90ZD4KCQkJCQkJCQkJCQkJCQk8L3RyPgoJCQkJCQkJCQkJCQkJCTx0cj4KCQkJCQkJCQkJCTx0ZCBjb2xzcGFuPSIyIj4KICAgICAgICAgICAgICAgICAgICAgICAgICAgICAgICAgICAgICAgICAgICA8YnI+CgkJCQkJCQkJCQkJCgkJCQkJCQkJCQkJPGltZyBzcmM9Imh0dHBzOi8vY2FiaW5ldC5ybXMucmFrdXRlbi5jby5qcC9zaG9wcy9oYW4tbmFyaS9jYWJpbmV0L2thbmJhbjIvMTcwNTI1cC5qcGciIGJvcmRlcj0iMCI+PC90ZD4KCQkJCQkJCQkJCQkJCQk8L3RyPgoJCQkJCQkJCQkJCQkJCTx0cj4KCQkJCQkJCQkJCTx0ZCBjb2xzcGFuPSIyIj4KICAgICAgICAgICAgICAgICAgICAgICAgICAgICAgICAgICAgICAgICAgICA8YnI+CgkJCQkJCQkJCQkJCgkJCQkJCQkJCQkJPGltZyBzcmM9Imh0dHBzOi8vY2FiaW5ldC5ybXMucmFrdXRlbi5jby5qcC9zaG9wcy9oYW4tbmFyaS9jYWJpbmV0L2thbmJhbjIvMTcwNTIzLmpwZyIgYm9yZGVyPSIwIj48L3RkPgoJCQkJCQkJCQkJCQkJCTwvdHI+CgkJCQkJCQkJCQkJCQkJPHRyPgoJCQkJCQkJCQkJPHRkIGNvbHNwYW49IjIiPgogICAgICAgICAgICAgICAgICAgICAgICAgICAgICAgICAgICAgICAgICAgIDxicj4KICAgICAgICAgICAgICAgICAgICAgICAgICAgICAgICAgICAgICAgICAgICAKCQkJCQkJCQkJCQk8aW1nIHNyYz0iaHR0cHM6Ly9jYWJpbmV0LnJtcy5yYWt1dGVuLmNvLmpwL3Nob3BzL2hhbi1uYXJpL2NhYmluZXQva2FuYmFuMi8xNzA0MTJkLmpwZyIgYm9yZGVyPSIwIj48L3RkPgoJCQkJCQkJCQkJCQkJCTwvdHI+CgkJCQkJCQkJCQkJCQkJPHRyPgoJCQkJCQkJCQkJPHRkIGNvbHNwYW49IjIiPgogICAgICAgICAgICAgICAgICAgICAgICAgICAgICAgICAgICAgICAgICAgIDxicj4KCQkJCQkJCQkJCQkKCQkJCQkJCQkJCQk8aW1nIHNyYz0iaHR0cHM6Ly9jYWJpbmV0LnJtcy5yYWt1dGVuLmNvLmpwL3Nob3BzL2hhbi1uYXJpL2NhYmluZXQva2FuYmFuMi8xNzA0MjhmLmpwZyIgYm9yZGVyPSIwIj48L3RkPgoJCQkJCQkJCQkJCQkJCTwvdHI+CgkJCQkJCQkJCQkJCQkJPHRyPgoJCQkJCQkJCQkJPHRkIGNvbHNwYW49IjIiPgogICAgICAgICAgICAgICAgICAgICAgICAgICAgICAgICAgICAgICAgICAgIDxwIGFsaWduPSJjZW50ZXIiPgogICAgICAgICAgICAgICAgICAgICAgICAgICAgICAgICAgICAgICAgICAgIDxicj4KCQkJCQkJCQkJCQkKCQkJCQkJCQkJCQk8aW1nIHNyYz0iaHR0cHM6Ly9jYWJpbmV0LnJtcy5yYWt1dGVuLmNvLmpwL3Nob3BzL2hhbi1uYXJpL2NhYmluZXQva2FuYmFuMi8xNzAzMjRhLmpwZyIgYm9yZGVyPSIwIj48L3RkPgoJCQkJCQkJCQkJCQkJCTwvdHI+CgkJCQkJCQkJCQkJCQkJPHRyPgoJCQkJCQkJCQkJPHRkIGNvbHNwYW49IjIiPgogICAgICAgICAgICAgICAgICAgICAgICAgICAgICAgICAgICAgICAgICAgIDxwIGFsaWduPSJjZW50ZXIiPjxicj4KCQkJCQkJCQkJCQkKCQkJCQkJCQkJCQk8aW1nIHNyYz0iaHR0cHM6Ly9jYWJpbmV0LnJtcy5yYWt1dGVuLmNvLmpwL3Nob3BzL2hhbi1uYXJpL2NhYmluZXQva2FuYmFuMi8xNzAzMTZvLmpwZyIgYm9yZGVyPSIwIj48L3RkPgoJCQkJCQkJCQkJCQkJCTwvdHI+CgkJCQkJCQkJCQkJCQkJPHRyPgoJCQkJCQkJCQkJPHRkIGNvbHNwYW49IjIiPgogICAgICAgICAgICAgICAgICAgICAgICAgICAgICAgICAgICAgICAgICAgIDxicj4KCQkJCQkJCQkJCQkKCQkJCQkJCQkJCQk8aW1nIHNyYz0iaHR0cHM6Ly9jYWJpbmV0LnJtcy5yYWt1dGVuLmNvLmpwL3Nob3BzL2hhbi1uYXJpL2NhYmluZXQva2FuYmFuMi8xNzAzMjQuanBnIiBib3JkZXI9IjAiPjwvdGQ+CgkJCQkJCQkJCQkJCQkJPC90cj4KCQkJCQkJCQkJCQkJCQk8dHI+CgkJCQkJCQkJCQk8dGQgY29sc3Bhbj0iMiI+CiAgICAgICAgICAgICAgICAgICAgICAgICAgICAgICAgICAgICAgICAgICAgPGJyPgoJCQkJCQkJCQkJCQoJCQkJCQkJCQkJCTxpbWcgc3JjPSJodHRwczovL2NhYmluZXQucm1zLnJha3V0ZW4uY28uanAvc2hvcHMvaGFuLW5hcmkvY2FiaW5ldC9rYW5iYW4yLzE3MDQyM2EuanBnIiBib3JkZXI9IjAiPjwvdGQ+CgkJCQkJCQkJCQkJCQkJPC90cj4KCQkJCQkJCQkJCQkJCQk8dHI+CgkJCQkJCQkJCQk8dGQgY29sc3Bhbj0iMiI+CiAgICAgICAgICAgICAgICAgICAgICAgICAgICAgICAgICAgICAgICAgICAgPGJyPgoJCQkJCQkJCQkJCQoJCQkJCQkJCQkJCTxpbWcgc3JjPSJodHRwczovL2NhYmluZXQucm1zLnJha3V0ZW4uY28uanAvc2hvcHMvaGFuLW5hcmkvY2FiaW5ldC9rYW5iYW4yLzE3MDQxM2MuanBnIiBib3JkZXI9IjAiPjwvdGQ+CgkJCQkJCQkJCQkJCQkJPC90cj4KCQkJCQkJCQkJCQkJCQk8dHI+CgkJCQkJCQkJCQk8dGQgY29sc3Bhbj0iMiI+CiAgICAgICAgICAgICAgICAgICAgICAgICAgICAgICAgICAgICAgICAgICAgPGJyPgoJCQkJCQkJCQkJCQoJCQkJCQkJCQkJCTxpbWcgc3JjPSJodHRwczovL2NhYmluZXQucm1zLnJha3V0ZW4uY28uanAvc2hvcHMvaGFuLW5hcmkvY2FiaW5ldC9rYW5iYW4yLzE3MDQyN2QuanBnIiBib3JkZXI9IjAiPjwvdGQ+CgkJCQkJCQkJCQkJCQkJPC90cj4KCQkJCQkJCQkJCQkJCQk8dHI+CgkJCQkJCQkJCQk8dGQ+CiAgICAgICAgICAgICAgICAgICAgICAgICAgICAgICAgICAgICAgICAgICAgPGJyPgoJCQkJCQkJCQkJCQoJCQkJCQkJCQkJCTxpbWcgc3JjPSJodHRwczovL2NhYmluZXQucm1zLnJha3V0ZW4uY28uanAvc2hvcHMvaGFuLW5hcmkvY2FiaW5ldC9rYW5iYW4yLzE3MDUxOS5qcGciIGJvcmRlcj0iMCI+PC90ZD4KCQkJCQkJCQkJCTx0ZD4KICAgICAgICAgICAgICAgICAgICAgICAgICAgICAgICAgICAgICAgICAgICA8YnI+CgkJCQkJCQkJCQkJCgkJCQkJCQkJCQkJPGltZyBzcmM9Imh0dHBzOi8vY2FiaW5ldC5ybXMucmFrdXRlbi5jby5qcC9zaG9wcy9oYW4tbmFyaS9jYWJpbmV0L2thbmJhbjIvMTcwNTEyYS5qcGciIGJvcmRlcj0iMCI+PC90ZD4KCQkJCQkJCQkJCQkJCQk8L3RyPgoJCQkJCQkJCQkJCQkJCTx0cj4KCQkJCQkJCQkJCTx0ZD4KICAgICAgICAgICAgICAgICAgICAgICAgICAgICAgICAgICAgICAgICAgICA8YnI+CgkJCQkJCQkJCQkJCgkJCQkJCQkJCQkJPGltZyBzcmM9Imh0dHBzOi8vY2FiaW5ldC5ybXMucmFrdXRlbi5jby5qcC9zaG9wcy9oYW4tbmFyaS9jYWJpbmV0L2thbmJhbjIvMTcwMjA2YS5qcGciIGJvcmRlcj0iMCI+PC90ZD4KCQkJCQkJCQkJCTx0ZD4KICAgICAgICAgICAgICAgICAgICAgICAgICAgICAgICAgICAgICAgICAgICA8YnI+CgkJCQkJCQkJCQkJCgkJCQkJCQkJCQkJPGltZyBzcmM9Imh0dHBzOi8vY2FiaW5ldC5ybXMucmFrdXRlbi5jby5qcC9zaG9wcy9oYW4tbmFyaS9jYWJpbmV0L2thbmJhbi8xNTA0MjRyLmpwZyIgYm9yZGVyPSIwIj48L3RkPgoJCQkJCQkJCQkJCQkJCTwvdHI+CgkJCQkJCQkJCQkJCQkJPHRyPgoJCQkJCQkJCQkJPHRkIGNvbHNwYW49IjIiPgogICAgICAgICAgICAgICAgICAgICAgICAgICAgICAgICAgICAgICAgICAgIDxwIGFsaWduPSJjZW50ZXIiPgoJCQkJCQkJCQkJCTxicj4KCQkJCQkJCQkJCQkKCQkJCQkJCQkJCQk8aW1nIHNyYz0iaHR0cHM6Ly9jYWJpbmV0LnJtcy5yYWt1dGVuLmNvLmpwL3Nob3BzL2hhbi1uYXJpL2NhYmluZXQva2FuYmFuMi8xNzA1MDhkLmpwZyIgYm9yZGVyPSIwIj48L3RkPgoJCQkJCQkJCQkJCQkJCTwvdHI+CgkJCQkJCQkJCQkJCQkJPHRyPgoJCQkJCQkJCQkJPHRkIGNvbHNwYW49IjIiPgogICAgICAgICAgICAgICAgICAgICAgICAgICAgICAgICAgICAgICAgICAgIDxicj4KCQkJCQkJCQkJCQkKCQkJCQkJCQkJCQk8aW1nIHNyYz0iaHR0cHM6Ly9jYWJpbmV0LnJtcy5yYWt1dGVuLmNvLmpwL3Nob3BzL2hhbi1uYXJpL2NhYmluZXQva2FuYmFuMi8xNzAyMDJiLmpwZyIgYm9yZGVyPSIwIj48L3RkPgoJCQkJCQkJCQkJCQkJCTwvdHI+CgkJCQkJCQkJCQkJCQkJPHRyPgoJCQkJCQkJCQkJPHRkIGNvbHNwYW49IjIiPgogICAgICAgICAgICAgICAgICAgICAgICAgICAgICAgICAgICAgICAgICAgIDxwIGFsaWduPSJjZW50ZXIiPgoJCQkJCQkJCQkJCTxicj4KCQkJCQkJCQkJCQkKCQkJCQkJCQkJCQk8aW1nIHNyYz0iaHR0cHM6Ly9jYWJpbmV0LnJtcy5yYWt1dGVuLmNvLmpwL3Nob3BzL2hhbi1uYXJpL2NhYmluZXQva2FuYmFuMi8xNjEyMTMuanBnIiBib3JkZXI9IjAiPjwvdGQ+CgkJCQkJCQkJCQkJCQkJPC90cj4KCQkJCQkJCQkJCQkJCQk8dHI+CgkJCQkJCQkJCQk8dGQgY29sc3Bhbj0iMiI+CiAgICAgICAgICAgICAgICAgICAgICAgICAgICAgICAgICAgICAgICAgICAgPGJyPgoJCQkJCQkJCQkJCQoJCQkJCQkJCQkJCTxpbWcgc3JjPSJodHRwczovL2NhYmluZXQucm1zLnJha3V0ZW4uY28uanAvc2hvcHMvaGFuLW5hcmkvY2FiaW5ldC9rYW5iYW4yLzE3MDMxNnIuanBnIiBib3JkZXI9IjAiPjwvdGQ+CgkJCQkJCQkJCQkJCQkJPC90cj4KCQkJCQkJCQkJCQkJCQk8dHI+CgkJCQkJCQkJCQk8dGQgY29sc3Bhbj0iMiI+CiAgICAgICAgICAgICAgICAgICAgICAgICAgICAgICAgICAgICAgICAgICAgPGJyPgoJCQkJCQkJCQkJCQoJCQkJCQkJCQkJCTxpbWcgc3JjPSJodHRwczovL2NhYmluZXQucm1zLnJha3V0ZW4uY28uanAvc2hvcHMvaGFuLW5hcmkvY2FiaW5ldC9rYW5iYW4yLzE3MDIwMWMuanBnIiBib3JkZXI9IjAiPjwvdGQ+CgkJCQkJCQkJCQkJCQkJPC90cj4KCQkJCQkJCQkJCQkJCQk8dHI+CgkJCQkJCQkJCQk8dGQgY29sc3Bhbj0iMiI+CiAgICAgICAgICAgICAgICAgICAgICAgICAgICAgICAgICAgICAgICAgICAgPGJyPgoJCQkJCQkJCQkJCQoJCQkJCQkJCQkJCTxpbWcgc3JjPSJodHRwczovL2NhYmluZXQucm1zLnJha3V0ZW4uY28uanAvc2hvcHMvaGFuLW5hcmkvY2FiaW5ldC9rYW5iYW4yLzE3MDUzMS5qcGciIGJvcmRlcj0iMCI+PC90ZD4KCQkJCQkJCQkJCQkJCQk8L3RyPgoJCQkJCQkJCQkJCQkJCTwvdGFibGU+CgkJCQkJCQkJCQkJCQk8L3RkPgoJCQkJCQkJCQkJCQkJPC90cj4KCQkJCQkJCTx0cj4KCQkJCQkJCQk8dGQgd2lkdGg9IjMyMSI+CgkJCQkJCQkJPC90ZD4KCQkJCQkJCQk8dGQgd2lkdGg9IjI2NyI+CgkJCQkJCQkJPHAgYWxpZ249ImNlbnRlciI+CgkJCQkJCQkJPC90ZD4KCQkJCQkJCQk8L3RyPgoJCQkJCQkJPHRyPgoJCQkJCQkJCTx0ZCB3aWR0aD0iMzIxIj4KCQkJCQkJCQk8cCBhbGlnbj0icmlnaHQiPgoJCQkJCQkJCTwvdGQ+CgkJCQkJCQkJPHRkIHdpZHRoPSIyNjciPgoJCQkJCQkJCTxwIGFsaWduPSJsZWZ0Ij4KICAgICAgICAgICAgICAgICAgICAgICAgICAgICAgICAgICAgICAgICAgICA8L3RkPgoJCQkJCQkJPC90cj4KCQkJCQkJCTwvdGFibGU+,pbmlv6lgP6WmpampYKW6o7qj0qOyo8SjsqPUo8+j2Xyl2qXDpcggpKqk4qTBpOMgyK6j/KO6o8ij4aPuo+6j4aPyo+k=,yK63/qPIo+Gj7qPuo+Gj8qPppc+l86XKpeqkz6TzpMqk6qW5pcypYKXUqWCl6qW1pMilrKW5pdGpYKXrbWltb6Wspeult6Wipd6l66Wxpblqo65wcmVzc6XapcOlyKXRpemlwKWkpbml2qXDpcilq6lgpcil0KWuqWClz6XzpaypYKXQpcOlsKPsZWWlx6Wjpbqly6lgpb+lraW3qWClyaXepbapYKWsqWClx6XzpbOl7aWzpe2lraXjpeqpYKW5pb+pYD+lpqWpqWCluqO6o9KjsqPEo7Kj1KPPo9l8pdqlw6XIIKSqpOKkwaTjIMiuo/w=,pbmlv6lgP6WmpampYKW6pdqlw6XIpbOl7KWvpbel56XzfKGjpbmlv6lgP6WmpampYKW6o7qj0qOyo8SjsqPUo8+j2Xyl2qXDpcggpKqk4qTBpOMgyK6j/A==[rn]
31-51752,aHR0cDovL3RzaG9wLnIxMHMuanAvaGFuLW5hcmkvY2FiaW5ldC90b3lzLzk0My0wNDM0OGIuanBnP2ZpdGluPTcwMDo3MDA=,MTcyOC4wMDAw,,pdqlw6XIP6XapcOlyKWwpcOluiA+IMiu08PGtyA+IKSqpOKkwaTjID4gpMykpKSwpOuk3w==,pbmlv6lgP6WmpampYKW6IKXAqWCluT+l2aWkpcCpYKPUo8+j2bTzfKXapcOlyCCkqqTipMGk4yDIrqP8,,ofbJzMa3pbWlpKW6o68gyKvpTKO6vHM0Ny41Y20gt/mjurxzMTQuNWNtICA8YnI+ofbL2LLEo68gsb7M5aO6pd2l6qWopbmlxqXroaGl7algpdejur5kICAqpKq4uaTLpdSpYKXUqWC10cjrpOqpYCAgIDxicj48YnI+ob6ktNei0uKhvyA8YnI+KrG+xreky6TPyKGk6s3ipLe/ycTcpMql3qXzpcikrLi2pKSkxqSqpOqk3qS5oaOl2qXDpcikzrCyyKuk8sXkkV2kt6GipLTKudPDpM7rSKTPyKGk6s3ipLekxu2UpK+k6KSmpKruiqSkpKSkv6S3pN6kuaGjICA8YnI+ofGks6TOpKqk4qTBpOOkz9Ch0M0/1tDQzciu08Okx6S5oaMgPGJyPqHx0KHQzciupMek4od5pODBpqTOj4qkpMiupMukz9PrpKikyqSkpMekr6TApLWkpKGjIDxicj6h8ciupM7M5dl8pOTQ1LjxoaLQ1Nl8pMqkyaTypLTA7b3ipM6kpqSopKrZSaSkx/Ok4aSvpMCktaSkoaMgPGJyPqHxyK6kzqSqpOKkwaTj0tTN4qTO08PNvqTLyrnTw6S3pMqkpKTHpK+kwKS1pKShowoKPGJyPjxpbWcgc3JjPSJodHRwczovL2NhYmluZXQucm1zLnJha3V0ZW4uY28uanAvc2hvcHMvaGFuLW5hcmkvY2FiaW5ldC9rYW5iYW4vMTQwOTEyLmpwZyIgYm9yZGVyPSIwIj48cD48aW1nIHNyYz0iaHR0cDovL2NhYmluZXQucm1zLnJha3V0ZW4uY28uanAvc2hvcHMvaGFuLW5hcmkvY2FiaW5ldC9rYW5iYW4vMTAwNDA3LmpwZyI+Cjxicj48YnI+ob6l2qXDpcjTw83mvt+kzqS0yrnTw8nPpM7XotLiob88YnI+Cj/T66SopL+k3qTepM7KudPDpM/GxpNwpOTVYO+LpMukxKTKpKyk6qTepLmkzqTHoaKx2KS675WkpNb3pKzSu753pMvfW6TToaLN8tK7xsaTcKS3pL+I9rrPpM+kuaSwpMvIoaTqyc+ksqTGpK+kwKS1pKShowo8YnI+P4d5pODBpqSsj4qkpKXapcOlyKTLpM/T66SopMqkpKTHpK+kwKS1pKShowo8YnI+ofmwssirpMukqsq5pKTtlKSvnumky8q508PJz6TO16LS4srC7Zek8qTopK+kqtVppN+kr6TApLWkpKGjPHRhYmxlIGJvcmRlcj0iMCIgd2lkdGg9IjU5OSIgaWQ9InRhYmxlMSI+CgkJCQkJCQk8dHI+CgkJCQkJCQkJCQkJCQk8dGQgY29sc3Bhbj0iMiI+CgkJCQkJCQkJCQkJCQk8dGFibGUgYm9yZGVyPSIwIiB3aWR0aD0iOTglIiBpZD0idGFibGU3Ij4KCQkJCQkJCQkJCQkJCQk8dHI+CgkJCQkJCQkJCQk8dGQgY29sc3Bhbj0iMiI+CiAgICAgICAgICAgICAgICAgICAgICAgICAgICAgICAgICAgICAgICAgICAgPHAgYWxpZ249ImNlbnRlciI+PGJyPgoJCQkJCQkJCQkJCTxmb250IHNpemU9IjIiPgoJCQkJCQkJCQkJCaXHpaOluqXLqWCl2qXDpcils6Xspa+lt6XnpfPIoaTqklGkpKW5pb+pYKXIo6E8L2ZvbnQ+PGJyPgoJCQkJCQkJCQkJCQoJCQkJCQkJCQkJCTxpbWcgc3JjPSJodHRwczovL2NhYmluZXQucm1zLnJha3V0ZW4uY28uanAvc2hvcHMvaGFuLW5hcmkvY2FiaW5ldC9rYW5iYW4yLzE3MDUyNi5qcGciIGJvcmRlcj0iMCI+PC90ZD4KCQkJCQkJCQkJCQkJCQk8L3RyPgoJCQkJCQkJCQkJCQkJCTx0cj4KCQkJCQkJCQkJCTx0ZCBjb2xzcGFuPSIyIj4KICAgICAgICAgICAgICAgICAgICAgICAgICAgICAgICAgICAgICAgICAgICA8YnI+CgkJCQkJCQkJCQkJCgkJCQkJCQkJCQkJPGltZyBzcmM9Imh0dHBzOi8vY2FiaW5ldC5ybXMucmFrdXRlbi5jby5qcC9zaG9wcy9oYW4tbmFyaS9jYWJpbmV0L2thbmJhbjIvMTcwNTI3LmpwZyIgYm9yZGVyPSIwIj48L3RkPgoJCQkJCQkJCQkJCQkJCTwvdHI+CgkJCQkJCQkJCQkJCQkJPHRyPgoJCQkJCQkJCQkJPHRkIGNvbHNwYW49IjIiPgogICAgICAgICAgICAgICAgICAgICAgICAgICAgICAgICAgICAgICAgICAgIDxicj4KCQkJCQkJCQkJCQkKCQkJCQkJCQkJCQk8aW1nIHNyYz0iaHR0cHM6Ly9jYWJpbmV0LnJtcy5yYWt1dGVuLmNvLmpwL3Nob3BzL2hhbi1uYXJpL2NhYmluZXQva2FuYmFuMi8xNzA1MjVwLmpwZyIgYm9yZGVyPSIwIj48L3RkPgoJCQkJCQkJCQkJCQkJCTwvdHI+CgkJCQkJCQkJCQkJCQkJPHRyPgoJCQkJCQkJCQkJPHRkIGNvbHNwYW49IjIiPgogICAgICAgICAgICAgICAgICAgICAgICAgICAgICAgICAgICAgICAgICAgIDxicj4KCQkJCQkJCQkJCQkKCQkJCQkJCQkJCQk8aW1nIHNyYz0iaHR0cHM6Ly9jYWJpbmV0LnJtcy5yYWt1dGVuLmNvLmpwL3Nob3BzL2hhbi1uYXJpL2NhYmluZXQva2FuYmFuMi8xNzA1MjMuanBnIiBib3JkZXI9IjAiPjwvdGQ+CgkJCQkJCQkJCQkJCQkJPC90cj4KCQkJCQkJCQkJCQkJCQk8dHI+CgkJCQkJCQkJCQk8dGQgY29sc3Bhbj0iMiI+CiAgICAgICAgICAgICAgICAgICAgICAgICAgICAgICAgICAgICAgICAgICAgPGJyPgogICAgICAgICAgICAgICAgICAgICAgICAgICAgICAgICAgICAgICAgICAgIAoJCQkJCQkJCQkJCTxpbWcgc3JjPSJodHRwczovL2NhYmluZXQucm1zLnJha3V0ZW4uY28uanAvc2hvcHMvaGFuLW5hcmkvY2FiaW5ldC9rYW5iYW4yLzE3MDQxMmQuanBnIiBib3JkZXI9IjAiPjwvdGQ+CgkJCQkJCQkJCQkJCQkJPC90cj4KCQkJCQkJCQkJCQkJCQk8dHI+CgkJCQkJCQkJCQk8dGQgY29sc3Bhbj0iMiI+CiAgICAgICAgICAgICAgICAgICAgICAgICAgICAgICAgICAgICAgICAgICAgPGJyPgoJCQkJCQkJCQkJCQoJCQkJCQkJCQkJCTxpbWcgc3JjPSJodHRwczovL2NhYmluZXQucm1zLnJha3V0ZW4uY28uanAvc2hvcHMvaGFuLW5hcmkvY2FiaW5ldC9rYW5iYW4yLzE3MDQyOGYuanBnIiBib3JkZXI9IjAiPjwvdGQ+CgkJCQkJCQkJCQkJCQkJPC90cj4KCQkJCQkJCQkJCQkJCQk8dHI+CgkJCQkJCQkJCQk8dGQgY29sc3Bhbj0iMiI+CiAgICAgICAgICAgICAgICAgICAgICAgICAgICAgICAgICAgICAgICAgICAgPHAgYWxpZ249ImNlbnRlciI+CiAgICAgICAgICAgICAgICAgICAgICAgICAgICAgICAgICAgICAgICAgICAgPGJyPgoJCQkJCQkJCQkJCQoJCQkJCQkJCQkJCTxpbWcgc3JjPSJodHRwczovL2NhYmluZXQucm1zLnJha3V0ZW4uY28uanAvc2hvcHMvaGFuLW5hcmkvY2FiaW5ldC9rYW5iYW4yLzE3MDMyNGEuanBnIiBib3JkZXI9IjAiPjwvdGQ+CgkJCQkJCQkJCQkJCQkJPC90cj4KCQkJCQkJCQkJCQkJCQk8dHI+CgkJCQkJCQkJCQk8dGQgY29sc3Bhbj0iMiI+CiAgICAgICAgICAgICAgICAgICAgICAgICAgICAgICAgICAgICAgICAgICAgPHAgYWxpZ249ImNlbnRlciI+PGJyPgoJCQkJCQkJCQkJCQoJCQkJCQkJCQkJCTxpbWcgc3JjPSJodHRwczovL2NhYmluZXQucm1zLnJha3V0ZW4uY28uanAvc2hvcHMvaGFuLW5hcmkvY2FiaW5ldC9rYW5iYW4yLzE3MDMxNm8uanBnIiBib3JkZXI9IjAiPjwvdGQ+CgkJCQkJCQkJCQkJCQkJPC90cj4KCQkJCQkJCQkJCQkJCQk8dHI+CgkJCQkJCQkJCQk8dGQgY29sc3Bhbj0iMiI+CiAgICAgICAgICAgICAgICAgICAgICAgICAgICAgICAgICAgICAgICAgICAgPGJyPgoJCQkJCQkJCQkJCQoJCQkJCQkJCQkJCTxpbWcgc3JjPSJodHRwczovL2NhYmluZXQucm1zLnJha3V0ZW4uY28uanAvc2hvcHMvaGFuLW5hcmkvY2FiaW5ldC9rYW5iYW4yLzE3MDMyNC5qcGciIGJvcmRlcj0iMCI+PC90ZD4KCQkJCQkJCQkJCQkJCQk8L3RyPgoJCQkJCQkJCQkJCQkJCTx0cj4KCQkJCQkJCQkJCTx0ZCBjb2xzcGFuPSIyIj4KICAgICAgICAgICAgICAgICAgICAgICAgICAgICAgICAgICAgICAgICAgICA8YnI+CgkJCQkJCQkJCQkJCgkJCQkJCQkJCQkJPGltZyBzcmM9Imh0dHBzOi8vY2FiaW5ldC5ybXMucmFrdXRlbi5jby5qcC9zaG9wcy9oYW4tbmFyaS9jYWJpbmV0L2thbmJhbjIvMTcwNDIzYS5qcGciIGJvcmRlcj0iMCI+PC90ZD4KCQkJCQkJCQkJCQkJCQk8L3RyPgoJCQkJCQkJCQkJCQkJCTx0cj4KCQkJCQkJCQkJCTx0ZCBjb2xzcGFuPSIyIj4KICAgICAgICAgICAgICAgICAgICAgICAgICAgICAgICAgICAgICAgICAgICA8YnI+CgkJCQkJCQkJCQkJCgkJCQkJCQkJCQkJPGltZyBzcmM9Imh0dHBzOi8vY2FiaW5ldC5ybXMucmFrdXRlbi5jby5qcC9zaG9wcy9oYW4tbmFyaS9jYWJpbmV0L2thbmJhbjIvMTcwNDEzYy5qcGciIGJvcmRlcj0iMCI+PC90ZD4KCQkJCQkJCQkJCQkJCQk8L3RyPgoJCQkJCQkJCQkJCQkJCTx0cj4KCQkJCQkJCQkJCTx0ZCBjb2xzcGFuPSIyIj4KICAgICAgICAgICAgICAgICAgICAgICAgICAgICAgICAgICAgICAgICAgICA8YnI+CgkJCQkJCQkJCQkJCgkJCQkJCQkJCQkJPGltZyBzcmM9Imh0dHBzOi8vY2FiaW5ldC5ybXMucmFrdXRlbi5jby5qcC9zaG9wcy9oYW4tbmFyaS9jYWJpbmV0L2thbmJhbjIvMTcwNDI3ZC5qcGciIGJvcmRlcj0iMCI+PC90ZD4KCQkJCQkJCQkJCQkJCQk8L3RyPgoJCQkJCQkJCQkJCQkJCTx0cj4KCQkJCQkJCQkJCTx0ZD4KICAgICAgICAgICAgICAgICAgICAgICAgICAgICAgICAgICAgICAgICAgICA8YnI+CgkJCQkJCQkJCQkJCgkJCQkJCQkJCQkJPGltZyBzcmM9Imh0dHBzOi8vY2FiaW5ldC5ybXMucmFrdXRlbi5jby5qcC9zaG9wcy9oYW4tbmFyaS9jYWJpbmV0L2thbmJhbjIvMTcwNTE5LmpwZyIgYm9yZGVyPSIwIj48L3RkPgoJCQkJCQkJCQkJPHRkPgogICAgICAgICAgICAgICAgICAgICAgICAgICAgICAgICAgICAgICAgICAgIDxicj4KCQkJCQkJCQkJCQkKCQkJCQkJCQkJCQk8aW1nIHNyYz0iaHR0cHM6Ly9jYWJpbmV0LnJtcy5yYWt1dGVuLmNvLmpwL3Nob3BzL2hhbi1uYXJpL2NhYmluZXQva2FuYmFuMi8xNzA1MTJhLmpwZyIgYm9yZGVyPSIwIj48L3RkPgoJCQkJCQkJCQkJCQkJCTwvdHI+CgkJCQkJCQkJCQkJCQkJPHRyPgoJCQkJCQkJCQkJPHRkPgogICAgICAgICAgICAgICAgICAgICAgICAgICAgICAgICAgICAgICAgICAgIDxicj4KCQkJCQkJCQkJCQkKCQkJCQkJCQkJCQk8aW1nIHNyYz0iaHR0cHM6Ly9jYWJpbmV0LnJtcy5yYWt1dGVuLmNvLmpwL3Nob3BzL2hhbi1uYXJpL2NhYmluZXQva2FuYmFuMi8xNzAyMDZhLmpwZyIgYm9yZGVyPSIwIj48L3RkPgoJCQkJCQkJCQkJPHRkPgogICAgICAgICAgICAgICAgICAgICAgICAgICAgICAgICAgICAgICAgICAgIDxicj4KCQkJCQkJCQkJCQkKCQkJCQkJCQkJCQk8aW1nIHNyYz0iaHR0cHM6Ly9jYWJpbmV0LnJtcy5yYWt1dGVuLmNvLmpwL3Nob3BzL2hhbi1uYXJpL2NhYmluZXQva2FuYmFuLzE1MDQyNHIuanBnIiBib3JkZXI9IjAiPjwvdGQ+CgkJCQkJCQkJCQkJCQkJPC90cj4KCQkJCQkJCQkJCQkJCQk8dHI+CgkJCQkJCQkJCQk8dGQgY29sc3Bhbj0iMiI+CiAgICAgICAgICAgICAgICAgICAgICAgICAgICAgICAgICAgICAgICAgICAgPHAgYWxpZ249ImNlbnRlciI+CgkJCQkJCQkJCQkJPGJyPgoJCQkJCQkJCQkJCQoJCQkJCQkJCQkJCTxpbWcgc3JjPSJodHRwczovL2NhYmluZXQucm1zLnJha3V0ZW4uY28uanAvc2hvcHMvaGFuLW5hcmkvY2FiaW5ldC9rYW5iYW4yLzE3MDUwOGQuanBnIiBib3JkZXI9IjAiPjwvdGQ+CgkJCQkJCQkJCQkJCQkJPC90cj4KCQkJCQkJCQkJCQkJCQk8dHI+CgkJCQkJCQkJCQk8dGQgY29sc3Bhbj0iMiI+CiAgICAgICAgICAgICAgICAgICAgICAgICAgICAgICAgICAgICAgICAgICAgPGJyPgoJCQkJCQkJCQkJCQoJCQkJCQkJCQkJCTxpbWcgc3JjPSJodHRwczovL2NhYmluZXQucm1zLnJha3V0ZW4uY28uanAvc2hvcHMvaGFuLW5hcmkvY2FiaW5ldC9rYW5iYW4yLzE3MDIwMmIuanBnIiBib3JkZXI9IjAiPjwvdGQ+CgkJCQkJCQkJCQkJCQkJPC90cj4KCQkJCQkJCQkJCQkJCQk8dHI+CgkJCQkJCQkJCQk8dGQgY29sc3Bhbj0iMiI+CiAgICAgICAgICAgICAgICAgICAgICAgICAgICAgICAgICAgICAgICAgICAgPHAgYWxpZ249ImNlbnRlciI+CgkJCQkJCQkJCQkJPGJyPgoJCQkJCQkJCQkJCQoJCQkJCQkJCQkJCTxpbWcgc3JjPSJodHRwczovL2NhYmluZXQucm1zLnJha3V0ZW4uY28uanAvc2hvcHMvaGFuLW5hcmkvY2FiaW5ldC9rYW5iYW4yLzE2MTIxMy5qcGciIGJvcmRlcj0iMCI+PC90ZD4KCQkJCQkJCQkJCQkJCQk8L3RyPgoJCQkJCQkJCQkJCQkJCTx0cj4KCQkJCQkJCQkJCTx0ZCBjb2xzcGFuPSIyIj4KICAgICAgICAgICAgICAgICAgICAgICAgICAgICAgICAgICAgICAgICAgICA8YnI+CgkJCQkJCQkJCQkJCgkJCQkJCQkJCQkJPGltZyBzcmM9Imh0dHBzOi8vY2FiaW5ldC5ybXMucmFrdXRlbi5jby5qcC9zaG9wcy9oYW4tbmFyaS9jYWJpbmV0L2thbmJhbjIvMTcwMzE2ci5qcGciIGJvcmRlcj0iMCI+PC90ZD4KCQkJCQkJCQkJCQkJCQk8L3RyPgoJCQkJCQkJCQkJCQkJCTx0cj4KCQkJCQkJCQkJCTx0ZCBjb2xzcGFuPSIyIj4KICAgICAgICAgICAgICAgICAgICAgICAgICAgICAgICAgICAgICAgICAgICA8YnI+CgkJCQkJCQkJCQkJCgkJCQkJCQkJCQkJPGltZyBzcmM9Imh0dHBzOi8vY2FiaW5ldC5ybXMucmFrdXRlbi5jby5qcC9zaG9wcy9oYW4tbmFyaS9jYWJpbmV0L2thbmJhbjIvMTcwMjAxYy5qcGciIGJvcmRlcj0iMCI+PC90ZD4KCQkJCQkJCQkJCQkJCQk8L3RyPgoJCQkJCQkJCQkJCQkJCTx0cj4KCQkJCQkJCQkJCTx0ZCBjb2xzcGFuPSIyIj4KICAgICAgICAgICAgICAgICAgICAgICAgICAgICAgICAgICAgICAgICAgICA8YnI+CgkJCQkJCQkJCQkJCgkJCQkJCQkJCQkJPGltZyBzcmM9Imh0dHBzOi8vY2FiaW5ldC5ybXMucmFrdXRlbi5jby5qcC9zaG9wcy9oYW4tbmFyaS9jYWJpbmV0L2thbmJhbjIvMTcwNTMxLmpwZyIgYm9yZGVyPSIwIj48L3RkPgoJCQkJCQkJCQkJCQkJCTwvdHI+CgkJCQkJCQkJCQkJCQkJPC90YWJsZT4KCQkJCQkJCQkJCQkJCTwvdGQ+CgkJCQkJCQkJCQkJCQk8L3RyPgoJCQkJCQkJPHRyPgoJCQkJCQkJCTx0ZCB3aWR0aD0iMzIxIj4KCQkJCQkJCQk8L3RkPgoJCQkJCQkJCTx0ZCB3aWR0aD0iMjY3Ij4KCQkJCQkJCQk8cCBhbGlnbj0iY2VudGVyIj4KCQkJCQkJCQk8L3RkPgoJCQkJCQkJCTwvdHI+CgkJCQkJCQk8dHI+CgkJCQkJCQkJPHRkIHdpZHRoPSIzMjEiPgoJCQkJCQkJCTxwIGFsaWduPSJyaWdodCI+CgkJCQkJCQkJPC90ZD4KCQkJCQkJCQk8dGQgd2lkdGg9IjI2NyI+CgkJCQkJCQkJPHAgYWxpZ249ImxlZnQiPgogICAgICAgICAgICAgICAgICAgICAgICAgICAgICAgICAgICAgICAgICAgIDwvdGQ+CgkJCQkJCQk8L3RyPgoJCQkJCQkJPC90YWJsZT4=,pbmlv6lgP6WmpampYKW6IKXAqWCluT+l2aWkpcCpYKPUo8+j2bTzfKXapcOlyCCkqqTipMGk4yDIrqP8o7qjyKPho+6j7qPho/Kj6Q==,yK63/qPIo+Gj7qPuo+Gj8qPppc+l86XKpeqkz6TzpMqk6qW5pcypYKXUqWCl6qW1pMilrKW5pdGpYKXrbWltb6Wspeult6Wipd6l66Wxpblqo65wcmVzc6XapcOlyKXRpemlwKWkpbml2qXDpcilq6lgpcil0KWuqWClz6XzpaypYKXQpcOlsKPsZWWlx6Wjpbqly6lgpb+lraW3qWClyaXepbapYKWsqWClx6XzpbOl7aWzpe2lraXjpeqpYKW5pb+pYD+lpqWpqWCluiClwKlgpbk/pdmlpKXAqWCj1KPPo9m083yl2qXDpcggpKqk4qTBpOMgyK6j/A==,pbmlv6lgP6WmpampYKW6IKXAqWCluT+l2aWkpcCpYKPUo8+j2bTzfKXapcOlyCCkqqTipMGk4yDIrqP8[rn]
31-51753,aHR0cDovL3RzaG9wLnIxMHMuanAvaGFuLW5hcmkvY2FiaW5ldC90b3lzLzk0My0wNDQxNGEuanBnP2ZpdGluPTcwMDo3MDA=,MTcyOC4wMDAw,,pdqlw6XIP6XapcOlyKWwpcOluiA+IMiu08PGtyA+IKSqpOKkwaTjID4gpMykpKSwpOuk3w==,pbmlv6lgP6WmpampYKW6IEMtM1BPo9Sjz6PZtPM=,,ofbJzMa3pbWlpKW6o68gIMir6UyjurxzNDUuNWNtILf5o7q8czEyLjZjbSA8YnI+IKH2y9iyxKOvILG+zOWjuqXdpeqlqKW5pcal66Ghpe2pYKXXo7q+ZCA8YnI+ICqkoqS/pN6ky6XUqWCl1KlgtdHI66TqIDxicj6h8aSzpM6kqqTipMGk46TP0KHQzT/W0NDNyK7Tw6THpLmhoyA8YnI+ofHQodDNyK6kx6Tih3mk4MGmpM6PiqSkyK6ky6TP0+ukqKTKpKSkx6SvpMCktaSkoaMgPGJyPqHxyK6kzszl2Xyk5NDUuPGhotDU2XykyqTJpPKktMDtveKkzqSmpKikqtlJpKTH86ThpK+kwKS1pKShoyA8YnI+ofHIrqTOpKqk4qTBpOPS1M3ipM7Tw82+pMvKudPDpLekyqSkpMekr6TApLWkpKGjPGJyPjxpbWcgc3JjPSJodHRwczovL2NhYmluZXQucm1zLnJha3V0ZW4uY28uanAvc2hvcHMvaGFuLW5hcmkvY2FiaW5ldC9rYW5iYW4vMTQwOTEyLmpwZyIgYm9yZGVyPSIwIj48cD48aW1nIHNyYz0iaHR0cDovL2NhYmluZXQucm1zLnJha3V0ZW4uY28uanAvc2hvcHMvaGFuLW5hcmkvY2FiaW5ldC9rYW5iYW4vMTAwNDA3LmpwZyI+CiAKPGJyPjxicj6hvqXapcOlyNPDzea+36TOpLTKudPDyc+kztei0uKhvzxicj4KP9PrpKikv6TepN6kzsq508Okz8bGk3Ck5NVg74uky6TEpMqkrKTqpN6kuaTOpMehorHYpLrvlaSk1vekrNK7vneky99bpNOhos3y0rvGxpNwpLekv4j2us+kz6S5pLCky8ihpOrJz6SypMakr6TApLWkpKGjCjxicj4/h3mk4MGmpKyPiqSkpdqlw6XIpMukz9PrpKikyqSkpMekr6TApLWkpKGjCjxicj6h+bCyyKuky6SqyrmkpO2UpK+e6aTLyrnTw8nPpM7XotLiysLtl6TypOikr6Sq1Wmk36SvpMCktaSkoaM8dGFibGUgYm9yZGVyPSIwIiB3aWR0aD0iNTk5IiBpZD0idGFibGUxIj4KCQkJCQkJCTx0cj4KCQkJCQkJCQkJCQkJCTx0ZCBjb2xzcGFuPSIyIj4KCQkJCQkJCQkJCQkJCTx0YWJsZSBib3JkZXI9IjAiIHdpZHRoPSI5OCUiIGlkPSJ0YWJsZTciPgoJCQkJCQkJCQkJCQkJCTx0cj4KCQkJCQkJCQkJCTx0ZCBjb2xzcGFuPSIyIj4KICAgICAgICAgICAgICAgICAgICAgICAgICAgICAgICAgICAgICAgICAgICA8cCBhbGlnbj0iY2VudGVyIj48YnI+CgkJCQkJCQkJCQkJPGZvbnQgc2l6ZT0iMiI+CgkJCQkJCQkJCQkJpcelo6W6pcupYKXapcOlyKWzpeylr6W3peel88ihpOqSUaSkpbmlv6lgpcijoTwvZm9udD48YnI+CgkJCQkJCQkJCQkJCgkJCQkJCQkJCQkJPGltZyBzcmM9Imh0dHBzOi8vY2FiaW5ldC5ybXMucmFrdXRlbi5jby5qcC9zaG9wcy9oYW4tbmFyaS9jYWJpbmV0L2thbmJhbjIvMTcwNTI2LmpwZyIgYm9yZGVyPSIwIj48L3RkPgoJCQkJCQkJCQkJCQkJCTwvdHI+CgkJCQkJCQkJCQkJCQkJPHRyPgoJCQkJCQkJCQkJPHRkIGNvbHNwYW49IjIiPgogICAgICAgICAgICAgICAgICAgICAgICAgICAgICAgICAgICAgICAgICAgIDxicj4KCQkJCQkJCQkJCQkKCQkJCQkJCQkJCQk8aW1nIHNyYz0iaHR0cHM6Ly9jYWJpbmV0LnJtcy5yYWt1dGVuLmNvLmpwL3Nob3BzL2hhbi1uYXJpL2NhYmluZXQva2FuYmFuMi8xNzA1MjcuanBnIiBib3JkZXI9IjAiPjwvdGQ+CgkJCQkJCQkJCQkJCQkJPC90cj4KCQkJCQkJCQkJCQkJCQk8dHI+CgkJCQkJCQkJCQk8dGQgY29sc3Bhbj0iMiI+CiAgICAgICAgICAgICAgICAgICAgICAgICAgICAgICAgICAgICAgICAgICAgPGJyPgoJCQkJCQkJCQkJCQoJCQkJCQkJCQkJCTxpbWcgc3JjPSJodHRwczovL2NhYmluZXQucm1zLnJha3V0ZW4uY28uanAvc2hvcHMvaGFuLW5hcmkvY2FiaW5ldC9rYW5iYW4yLzE3MDUyNXAuanBnIiBib3JkZXI9IjAiPjwvdGQ+CgkJCQkJCQkJCQkJCQkJPC90cj4KCQkJCQkJCQkJCQkJCQk8dHI+CgkJCQkJCQkJCQk8dGQgY29sc3Bhbj0iMiI+CiAgICAgICAgICAgICAgICAgICAgICAgICAgICAgICAgICAgICAgICAgICAgPGJyPgoJCQkJCQkJCQkJCQoJCQkJCQkJCQkJCTxpbWcgc3JjPSJodHRwczovL2NhYmluZXQucm1zLnJha3V0ZW4uY28uanAvc2hvcHMvaGFuLW5hcmkvY2FiaW5ldC9rYW5iYW4yLzE3MDUyMy5qcGciIGJvcmRlcj0iMCI+PC90ZD4KCQkJCQkJCQkJCQkJCQk8L3RyPgoJCQkJCQkJCQkJCQkJCTx0cj4KCQkJCQkJCQkJCTx0ZCBjb2xzcGFuPSIyIj4KICAgICAgICAgICAgICAgICAgICAgICAgICAgICAgICAgICAgICAgICAgICA8YnI+CiAgICAgICAgICAgICAgICAgICAgICAgICAgICAgICAgICAgICAgICAgICAgCgkJCQkJCQkJCQkJPGltZyBzcmM9Imh0dHBzOi8vY2FiaW5ldC5ybXMucmFrdXRlbi5jby5qcC9zaG9wcy9oYW4tbmFyaS9jYWJpbmV0L2thbmJhbjIvMTcwNDEyZC5qcGciIGJvcmRlcj0iMCI+PC90ZD4KCQkJCQkJCQkJCQkJCQk8L3RyPgoJCQkJCQkJCQkJCQkJCTx0cj4KCQkJCQkJCQkJCTx0ZCBjb2xzcGFuPSIyIj4KICAgICAgICAgICAgICAgICAgICAgICAgICAgICAgICAgICAgICAgICAgICA8YnI+CgkJCQkJCQkJCQkJCgkJCQkJCQkJCQkJPGltZyBzcmM9Imh0dHBzOi8vY2FiaW5ldC5ybXMucmFrdXRlbi5jby5qcC9zaG9wcy9oYW4tbmFyaS9jYWJpbmV0L2thbmJhbjIvMTcwNDI4Zi5qcGciIGJvcmRlcj0iMCI+PC90ZD4KCQkJCQkJCQkJCQkJCQk8L3RyPgoJCQkJCQkJCQkJCQkJCTx0cj4KCQkJCQkJCQkJCTx0ZCBjb2xzcGFuPSIyIj4KICAgICAgICAgICAgICAgICAgICAgICAgICAgICAgICAgICAgICAgICAgICA8cCBhbGlnbj0iY2VudGVyIj4KICAgICAgICAgICAgICAgICAgICAgICAgICAgICAgICAgICAgICAgICAgICA8YnI+CgkJCQkJCQkJCQkJCgkJCQkJCQkJCQkJPGltZyBzcmM9Imh0dHBzOi8vY2FiaW5ldC5ybXMucmFrdXRlbi5jby5qcC9zaG9wcy9oYW4tbmFyaS9jYWJpbmV0L2thbmJhbjIvMTcwMzI0YS5qcGciIGJvcmRlcj0iMCI+PC90ZD4KCQkJCQkJCQkJCQkJCQk8L3RyPgoJCQkJCQkJCQkJCQkJCTx0cj4KCQkJCQkJCQkJCTx0ZCBjb2xzcGFuPSIyIj4KICAgICAgICAgICAgICAgICAgICAgICAgICAgICAgICAgICAgICAgICAgICA8cCBhbGlnbj0iY2VudGVyIj48YnI+CgkJCQkJCQkJCQkJCgkJCQkJCQkJCQkJPGltZyBzcmM9Imh0dHBzOi8vY2FiaW5ldC5ybXMucmFrdXRlbi5jby5qcC9zaG9wcy9oYW4tbmFyaS9jYWJpbmV0L2thbmJhbjIvMTcwMzE2by5qcGciIGJvcmRlcj0iMCI+PC90ZD4KCQkJCQkJCQkJCQkJCQk8L3RyPgoJCQkJCQkJCQkJCQkJCTx0cj4KCQkJCQkJCQkJCTx0ZCBjb2xzcGFuPSIyIj4KICAgICAgICAgICAgICAgICAgICAgICAgICAgICAgICAgICAgICAgICAgICA8YnI+CgkJCQkJCQkJCQkJCgkJCQkJCQkJCQkJPGltZyBzcmM9Imh0dHBzOi8vY2FiaW5ldC5ybXMucmFrdXRlbi5jby5qcC9zaG9wcy9oYW4tbmFyaS9jYWJpbmV0L2thbmJhbjIvMTcwMzI0LmpwZyIgYm9yZGVyPSIwIj48L3RkPgoJCQkJCQkJCQkJCQkJCTwvdHI+CgkJCQkJCQkJCQkJCQkJPHRyPgoJCQkJCQkJCQkJPHRkIGNvbHNwYW49IjIiPgogICAgICAgICAgICAgICAgICAgICAgICAgICAgICAgICAgICAgICAgICAgIDxicj4KCQkJCQkJCQkJCQkKCQkJCQkJCQkJCQk8aW1nIHNyYz0iaHR0cHM6Ly9jYWJpbmV0LnJtcy5yYWt1dGVuLmNvLmpwL3Nob3BzL2hhbi1uYXJpL2NhYmluZXQva2FuYmFuMi8xNzA0MjNhLmpwZyIgYm9yZGVyPSIwIj48L3RkPgoJCQkJCQkJCQkJCQkJCTwvdHI+CgkJCQkJCQkJCQkJCQkJPHRyPgoJCQkJCQkJCQkJPHRkIGNvbHNwYW49IjIiPgogICAgICAgICAgICAgICAgICAgICAgICAgICAgICAgICAgICAgICAgICAgIDxicj4KCQkJCQkJCQkJCQkKCQkJCQkJCQkJCQk8aW1nIHNyYz0iaHR0cHM6Ly9jYWJpbmV0LnJtcy5yYWt1dGVuLmNvLmpwL3Nob3BzL2hhbi1uYXJpL2NhYmluZXQva2FuYmFuMi8xNzA0MTNjLmpwZyIgYm9yZGVyPSIwIj48L3RkPgoJCQkJCQkJCQkJCQkJCTwvdHI+CgkJCQkJCQkJCQkJCQkJPHRyPgoJCQkJCQkJCQkJPHRkIGNvbHNwYW49IjIiPgogICAgICAgICAgICAgICAgICAgICAgICAgICAgICAgICAgICAgICAgICAgIDxicj4KCQkJCQkJCQkJCQkKCQkJCQkJCQkJCQk8aW1nIHNyYz0iaHR0cHM6Ly9jYWJpbmV0LnJtcy5yYWt1dGVuLmNvLmpwL3Nob3BzL2hhbi1uYXJpL2NhYmluZXQva2FuYmFuMi8xNzA0MjdkLmpwZyIgYm9yZGVyPSIwIj48L3RkPgoJCQkJCQkJCQkJCQkJCTwvdHI+CgkJCQkJCQkJCQkJCQkJPHRyPgoJCQkJCQkJCQkJPHRkPgogICAgICAgICAgICAgICAgICAgICAgICAgICAgICAgICAgICAgICAgICAgIDxicj4KCQkJCQkJCQkJCQkKCQkJCQkJCQkJCQk8aW1nIHNyYz0iaHR0cHM6Ly9jYWJpbmV0LnJtcy5yYWt1dGVuLmNvLmpwL3Nob3BzL2hhbi1uYXJpL2NhYmluZXQva2FuYmFuMi8xNzA1MTkuanBnIiBib3JkZXI9IjAiPjwvdGQ+CgkJCQkJCQkJCQk8dGQ+CiAgICAgICAgICAgICAgICAgICAgICAgICAgICAgICAgICAgICAgICAgICAgPGJyPgoJCQkJCQkJCQkJCQoJCQkJCQkJCQkJCTxpbWcgc3JjPSJodHRwczovL2NhYmluZXQucm1zLnJha3V0ZW4uY28uanAvc2hvcHMvaGFuLW5hcmkvY2FiaW5ldC9rYW5iYW4yLzE3MDUxMmEuanBnIiBib3JkZXI9IjAiPjwvdGQ+CgkJCQkJCQkJCQkJCQkJPC90cj4KCQkJCQkJCQkJCQkJCQk8dHI+CgkJCQkJCQkJCQk8dGQ+CiAgICAgICAgICAgICAgICAgICAgICAgICAgICAgICAgICAgICAgICAgICAgPGJyPgoJCQkJCQkJCQkJCQoJCQkJCQkJCQkJCTxpbWcgc3JjPSJodHRwczovL2NhYmluZXQucm1zLnJha3V0ZW4uY28uanAvc2hvcHMvaGFuLW5hcmkvY2FiaW5ldC9rYW5iYW4yLzE3MDIwNmEuanBnIiBib3JkZXI9IjAiPjwvdGQ+CgkJCQkJCQkJCQk8dGQ+CiAgICAgICAgICAgICAgICAgICAgICAgICAgICAgICAgICAgICAgICAgICAgPGJyPgoJCQkJCQkJCQkJCQoJCQkJCQkJCQkJCTxpbWcgc3JjPSJodHRwczovL2NhYmluZXQucm1zLnJha3V0ZW4uY28uanAvc2hvcHMvaGFuLW5hcmkvY2FiaW5ldC9rYW5iYW4vMTUwNDI0ci5qcGciIGJvcmRlcj0iMCI+PC90ZD4KCQkJCQkJCQkJCQkJCQk8L3RyPgoJCQkJCQkJCQkJCQkJCTx0cj4KCQkJCQkJCQkJCTx0ZCBjb2xzcGFuPSIyIj4KICAgICAgICAgICAgICAgICAgICAgICAgICAgICAgICAgICAgICAgICAgICA8cCBhbGlnbj0iY2VudGVyIj4KCQkJCQkJCQkJCQk8YnI+CgkJCQkJCQkJCQkJCgkJCQkJCQkJCQkJPGltZyBzcmM9Imh0dHBzOi8vY2FiaW5ldC5ybXMucmFrdXRlbi5jby5qcC9zaG9wcy9oYW4tbmFyaS9jYWJpbmV0L2thbmJhbjIvMTcwNTA4ZC5qcGciIGJvcmRlcj0iMCI+PC90ZD4KCQkJCQkJCQkJCQkJCQk8L3RyPgoJCQkJCQkJCQkJCQkJCTx0cj4KCQkJCQkJCQkJCTx0ZCBjb2xzcGFuPSIyIj4KICAgICAgICAgICAgICAgICAgICAgICAgICAgICAgICAgICAgICAgICAgICA8YnI+CgkJCQkJCQkJCQkJCgkJCQkJCQkJCQkJPGltZyBzcmM9Imh0dHBzOi8vY2FiaW5ldC5ybXMucmFrdXRlbi5jby5qcC9zaG9wcy9oYW4tbmFyaS9jYWJpbmV0L2thbmJhbjIvMTcwMjAyYi5qcGciIGJvcmRlcj0iMCI+PC90ZD4KCQkJCQkJCQkJCQkJCQk8L3RyPgoJCQkJCQkJCQkJCQkJCTx0cj4KCQkJCQkJCQkJCTx0ZCBjb2xzcGFuPSIyIj4KICAgICAgICAgICAgICAgICAgICAgICAgICAgICAgICAgICAgICAgICAgICA8cCBhbGlnbj0iY2VudGVyIj4KCQkJCQkJCQkJCQk8YnI+CgkJCQkJCQkJCQkJCgkJCQkJCQkJCQkJPGltZyBzcmM9Imh0dHBzOi8vY2FiaW5ldC5ybXMucmFrdXRlbi5jby5qcC9zaG9wcy9oYW4tbmFyaS9jYWJpbmV0L2thbmJhbjIvMTYxMjEzLmpwZyIgYm9yZGVyPSIwIj48L3RkPgoJCQkJCQkJCQkJCQkJCTwvdHI+CgkJCQkJCQkJCQkJCQkJPHRyPgoJCQkJCQkJCQkJPHRkIGNvbHNwYW49IjIiPgogICAgICAgICAgICAgICAgICAgICAgICAgICAgICAgICAgICAgICAgICAgIDxicj4KCQkJCQkJCQkJCQkKCQkJCQkJCQkJCQk8aW1nIHNyYz0iaHR0cHM6Ly9jYWJpbmV0LnJtcy5yYWt1dGVuLmNvLmpwL3Nob3BzL2hhbi1uYXJpL2NhYmluZXQva2FuYmFuMi8xNzAzMTZyLmpwZyIgYm9yZGVyPSIwIj48L3RkPgoJCQkJCQkJCQkJCQkJCTwvdHI+CgkJCQkJCQkJCQkJCQkJPHRyPgoJCQkJCQkJCQkJPHRkIGNvbHNwYW49IjIiPgogICAgICAgICAgICAgICAgICAgICAgICAgICAgICAgICAgICAgICAgICAgIDxicj4KCQkJCQkJCQkJCQkKCQkJCQkJCQkJCQk8aW1nIHNyYz0iaHR0cHM6Ly9jYWJpbmV0LnJtcy5yYWt1dGVuLmNvLmpwL3Nob3BzL2hhbi1uYXJpL2NhYmluZXQva2FuYmFuMi8xNzAyMDFjLmpwZyIgYm9yZGVyPSIwIj48L3RkPgoJCQkJCQkJCQkJCQkJCTwvdHI+CgkJCQkJCQkJCQkJCQkJPHRyPgoJCQkJCQkJCQkJPHRkIGNvbHNwYW49IjIiPgogICAgICAgICAgICAgICAgICAgICAgICAgICAgICAgICAgICAgICAgICAgIDxicj4KCQkJCQkJCQkJCQkKCQkJCQkJCQkJCQk8aW1nIHNyYz0iaHR0cHM6Ly9jYWJpbmV0LnJtcy5yYWt1dGVuLmNvLmpwL3Nob3BzL2hhbi1uYXJpL2NhYmluZXQva2FuYmFuMi8xNzA1MzEuanBnIiBib3JkZXI9IjAiPjwvdGQ+CgkJCQkJCQkJCQkJCQkJPC90cj4KCQkJCQkJCQkJCQkJCQk8L3RhYmxlPgoJCQkJCQkJCQkJCQkJPC90ZD4KCQkJCQkJCQkJCQkJCTwvdHI+CgkJCQkJCQk8dHI+CgkJCQkJCQkJPHRkIHdpZHRoPSIzMjEiPgoJCQkJCQkJCTwvdGQ+CgkJCQkJCQkJPHRkIHdpZHRoPSIyNjciPgoJCQkJCQkJCTxwIGFsaWduPSJjZW50ZXIiPgoJCQkJCQkJCTwvdGQ+CgkJCQkJCQkJPC90cj4KCQkJCQkJCTx0cj4KCQkJCQkJCQk8dGQgd2lkdGg9IjMyMSI+CgkJCQkJCQkJPHAgYWxpZ249InJpZ2h0Ij4KCQkJCQkJCQk8L3RkPgoJCQkJCQkJCTx0ZCB3aWR0aD0iMjY3Ij4KCQkJCQkJCQk8cCBhbGlnbj0ibGVmdCI+CiAgICAgICAgICAgICAgICAgICAgICAgICAgICAgICAgICAgICAgICAgICAgPC90ZD4KCQkJCQkJCTwvdHI+CgkJCQkJCQk8L3RhYmxlPg==,pbmlv6lgP6WmpampYKW6IEMtM1BPo9Sjz6PZtPOjuqPIo+Gj7qPuo+Gj8qPp,yK63/qPIo+Gj7qPuo+Gj8qPppc+l86XKpeqkz6TzpMqk6qW5pcypYKXUqWCl6qW1pMilrKW5pdGpYKXrbWltb6Wspeult6Wipd6l66Wxpblqo65wcmVzc6XapcOlyKXRpemlwKWkpbml2qXDpcilq6lgpcil0KWuqWClz6XzpaypYKXQpcOlsKPsZWWlx6Wjpbqly6lgpb+lraW3qWClyaXepbapYKWsqWClx6XzpbOl7aWzpe2lraXjpeqpYKW5pb+pYD+lpqWpqWCluiBDLTNQT6PUo8+j2bTz,pbmlv6lgP6WmpampYKW6IEMtM1BPo9Sjz6PZtPM=[rn]
31-51754,aHR0cDovL3RzaG9wLnIxMHMuanAvYW5zaGluLXJlbGllZi9jYWJpbmV0L21wZXQxMy80OTg0OTM3NjYyMTI3LmpwZz9maXRpbj03MDA6NzAw,NDIzLjIwMDA=,,pdqlw6XIP6XapcOlyKWwpcOluiA+IMiu08PGtyA+IKSqpOKkwaTjID4gpMykpKSwpOuk3w==,ob6l2qXDpcSl66lgpcihv6TipLOk4qSzpMekw6SrpKSluqlgpbqpYCClr6Xeoe+l2qXDpcjTw8a3IKH5pKrIoaTqvMSku8nMxrehvlJDUKG/ob4wMlAwM0RlYzE2ob8=,,PHRhYmxlIGJvcmRlcj0wIHdpZHRoPTM4MD48dHI+PHRkPjxmb250IHN0eWxlPSJmb250LXNpemU6MTRweDtsaW5lLWhlaWdodDoxLjI7Ij4gPGhyIGNvbG9yPSNjY2ZmY2Mgc2l6ZT0yPjxmb250IGNvbG9yPSMwMDY2ZmY+ofQ8L2ZvbnQ+PGI+zNggIOlMPC9iPjxmb250IGNvbG9yPSMwMDY2ZmY+ofQ8L2ZvbnQ+PGhyIGNvbG9yPSNjY2ZmY2Mgc2l6ZT0yPqHxhNPO76TO7oakrKSrpO+kpKSkPGJyPqHxq0DO76Tyh3mk36S3pOGk67jQ0pmk8s62pO+kqKTroaKkx6TDpKukpKW3peqpYKW6P6TipLOk4qSzpb+lpKXXo6E8YnI+ofGzrNCh0M3Irj/QodDNyK7Tw6TOpKqk4qTBpOOkx6Gih3mk86TH1fGk66TIpaul6aWrpenS9KSs+FGk6qGipMikxqTipOikr99bpNOk3qS5oaM8aHIgY29sb3I9I2NjZmZjYyBzaXplPTI+PGZvbnQgY29sb3I9IzAwNjZmZj6h9DwvZm9udD48Yj6l4algpaupYDwvYj48Zm9udCBjb2xvcj0jMDA2NmZmPqH0PC9mb250PjxociBjb2xvcj0jY2NmZmNjIHNpemU9Mj7W6sq9u+HJ56XapcOlxKXrqWClyDxociBjb2xvcj0jY2NmZmNjIHNpemU9Mj48Zm9udCBjb2xvcj0jMDA2NmZmPqH0PC9mb250PjxiPtStssTBzzwvYj48Zm9udCBjb2xvcj0jMDA2NmZmPqH0PC9mb250PjxociBjb2xvcj0jY2NmZmNjIHNpemU9Mj7J+rXYoaLW0L5kPz8/pd2l6qWopbmlxqXrPGJyPuKPPz8/pd2l6qXXpe2l1KXspfM8L2ZvbnQ+PC90ZD48L3RyPjwvdGFibGU+IDx0YWJsZSBib3JkZXI9MCB3aWR0aD0zODA+PHRyPjx0ZCBzdHlsZT0iZm9udC1zaXplOjEycHg7Ij48Zm9udCBjb2xvcj0jMDAwMDg4Pjxocj6hvqS016LS4qOxob+ks6TOyczGt6TPpKrIoaTqvMSku8nMxrekx6S5oaOktNeizsSktaTspMakq6TpsGvLzaS1pOyk66TepMe8czEwhtOYScjVKM3ByNU/16Ok8rP9pK8ppKSkv6TApK2k3qS5oaM8YnI+IKTKpKqhosnMxreky6TopOqk3qS3pMakz6Gi0+i2qKSstPO3+aTL31ek7KTrpLOkyKTipLSktqSkpN6kuaTOpMehorrO1+SkoqTppKukuKThpLTBy7PQpKruiqSkpKSkv6S3pN6kuaGjPC9mb250PjwvdGQ+PC90cj48dHI+PHRkIHN0eWxlPSJmb250LXNpemU6MTJweDsiPjxmb250IGNvbG9yPSMwMDAwODg+ob6ktNei0uKjsqG/pKrIoaTqvMSku8nMxrfS1M3ipM7JzMa3pMjSu753pMukqtlJpKTJz6SypM6I9rrPpM+hosirpMakzsnMxrekrJNCpKS0zrXapM6wa8vNpMikyqTqpN6kuaTOpMehoqS0wcuz0M/CpLWkpKGjPC9mb250PjwvdGQ+PC90cj48L3RhYmxlPiA8dGFibGUgYm9yZGVyPTAgd2lkdGg9MzgwIHN0eWxlPSJmb250LXNpemU6MTJweDtsaW5lLWhlaWdodDoxLjI7Ij48dHI+PHRkPjxmb250IGNvbG9yPSMwMDAwODg+PGhyPqH5pdGlw6WxqWCluKXHpbalpKXztcikrNPouOakyqSvieS4/KS1pOyk64j2us+k4qSipOqk3qS5oaM8YnI+ofnJzMa3jvy3rD+l4algpaupYMe3xrekyqTJ1lTKwsfppMuk6KTqpKq97KSxpMekraTKpKSI9rrPpKyktKS2pKSk3qS5oaM8aHI+PC9mb250PjwvdGQ+PC90cj48L3RhYmxlPiA8dGFibGUgYm9yZGVyPTAgd2lkdGg9MzgwIHN0eWxlPSJmb250LXNpemU6MTJweDtsaW5lLWhlaWdodDoxLjI7Ij48dHI+PHRkPqG+jtq45s7E2J+hv9bqyr274cnnpeGlx6Wjpbml86XXpemluaO6MDEyMC0yMDUtOTA0IKH50N2YScjVIM3ByNU/16O8wMjVPC90ZD48L3RyPjwvdGFibGU+PCEtLSCoi9fzpdWl7algpcil0KXKqWAgse3KviBDU1MgJiBUQUcgpbulw6XIIC0tPgo8bGluayByZWw9InN0eWxlc2hlZXQiIGhyZWY9Imh0dHA6Ly93d3cucmFrdXRlbi5uZS5qcC9nb2xkL21lZGlzdG9jay9jc3NfZmx0L2ZiX2xfci5jc3MiIHR5cGU9InRleHQvY3NzIiAvPgo8ZGl2IGlkPSJmbHRfbDEiPjwvZGl2Pgo8IS0to9elqqXepbEtLT4KPGRpdiBpZD0iZmx0X2wyIj48L2Rpdj4KPCEtLd+A1KogUTEwLS0+CjxkaXYgaWQ9ImZsdF9sMyI+PC9kaXY+CjwhLS2l76W0pfOlu6lgpestLT4KPGRpdiBpZD0iZmx0X2w0Ij48L2Rpdj4KPCEtLcvNwc+fb8HPLS0+CjxkaXYgaWQ9ImZsdF9sNSI+PC9kaXY+CjwhLS0gTaXXpekgLS0+CjxkaXYgaWQ9ImZsdF9sNiI+PC9kaXY+CjwhLS0gbm9uZSAtLT4KPGRpdiBpZD0iZmx0X2w3Ij48L2Rpdj4KPCEtLSCh+NfzpdWl7algpcil0KXKqWAgse3KviBDU1MgJiBUQUcgpbulw6XIIC0tPgoKPCEtLSCoi9PSpdWl7algpcil0KXKqWAgse3KviBDU1MgJiBUQUcgpbulw6XIIC0tPgo8bGluayByZWw9InN0eWxlc2hlZXQiIGhyZWY9Imh0dHA6Ly93d3cucmFrdXRlbi5uZS5qcC9nb2xkL21lZGlzdG9jay9jc3NfZmx0L2ZiX3JfbS5jc3MiIHR5cGU9InRleHQvY3NzIiAvPgo8IS0tpdel7CBFWFAtLT4KPGRpdiBpZD0iZmx0X3IxIj48L2Rpdj4KPCEtLaXXpewgpeyl0C0tPgo8ZGl2IGlkPSJmbHRfcjIiPjwvZGl2Pgo8IS0tu6i328zYvK8tLT4KPGRpdiBpZD0iZmx0X3IzIj48L2Rpdj4KPCEtLaTKpLctLT4KPGRpdiBpZD0iZmx0X3I0Ij48L2Rpdj4KPCEtLaTKpLctLT4KPGRpdiBpZD0iZmx0X3I1Ij48L2Rpdj4KPCEtLaXTpb8gpe+ltKXzLS0+CjwhLS2ltKlgpeulyUEtLT4KPGRpdiBpZD0iZmx0X3I2Ij48L2Rpdj4KPCEtLaTKpLctLT4KPGRpdiBpZD0iZmx0X3I3Ij48L2Rpdj4KPCEtLSCh+NPSpdWl7algpcil0KXKqWAgse3KviBDU1MgJiBUQUcgpbulw6XIIC0tPgoKCjwhLS0gqIuluaXppaSlySAtLT4KPGNlbnRlcj4KPGRpdiBzdHlsZT0id2lkdGg6NzEwcHg7IGJvcmRlcjoxcHggc29saWQgI2ZiYzsgcGFkZGluZzo1cHg7IG1hcmdpbi1ib3R0b206NXB4OyBiYWNrZ3JvdW5kOiNmZmY7Ij4KCjwvZGl2Pgo8L2NlbnRlcj4KPCEtLSCh+KW5pemlpKXJIC0tPgoKPCEtLaiL7ZfEv994kmstLT4KCjxicj4KPCEtLaH47ZfEv994kmstLT4KCjxzdHlsZSB0eXBlPSJ0ZXh0L2NzcyI+CjwhLS0KLyoKYm9keSB7CmJhY2tncm91bmQtaW1hZ2U6dXJsKGh0dHA6Ly9pbWFnZS5yYWt1dGVuLmNvLmpwL2Fuc2hpbi1yZWxpZWYvY2FiaW5ldC9yZWxpZWYvdGF0ZTE1MDUwMXJyLmdpZik7CmJhY2tncm91bmQtcmVwZWF0OnJlcGVhdC15OwpiYWNrZ3JvdW5kLXBvc2l0aW9uOiByaWdodCB0b3A7Cn0KKi8KLS0+Cjwvc3R5bGU+CgoKPHRhYmxlIHdpZHRoPSI3MzAiIGJvcmRlcj0iMCI+PHRyPjx0ZCBhbGlnbj0iY2VudGVyIj4KCgk8ZGl2PjxpbWcgc3JjPSJodHRwOi8vaW1hZ2UucmFrdXRlbi5jby5qcC9tZWRpc3RvY2svY2FiaW5ldC9oZC9zcC5naWYiIGhlaWdodD0iMjAiPjwvZGl2PgoKCgoKCgoKCTxkaXY+PGltZyBzcmM9Imh0dHA6Ly9pbWFnZS5yYWt1dGVuLmNvLmpwL21lZGlzdG9jay9jYWJpbmV0L2Jhbm5lci8xNzA0d2luLmpwZyIgd2lkdGg9IjQ2OCIgYWx0PSKlqKXzpcil6qlgIiBib3JkZXI9IjAiPjwvZGl2PgoJPGRpdj48aW1nIHNyYz0iaHR0cDovL2ltYWdlLnJha3V0ZW4uY28uanAvbWVkaXN0b2NrL2NhYmluZXQvaGQvc3AuZ2lmIiBoZWlnaHQ9IjUiPjwvZGl2PgoKCgoKCTxkaXY+PGltZyBzcmM9Imh0dHA6Ly9pbWFnZS5yYWt1dGVuLmNvLmpwL21lZGlzdG9jay9jYWJpbmV0L2Jhbm5lci8xNjA4MDFscy5naWYiIHdpZHRoPSI0NjgiIGFsdD0ipail86XIpeqpYCIgYm9yZGVyPSIwIj48L2Rpdj4KCTxkaXY+PGltZyBzcmM9Imh0dHA6Ly9pbWFnZS5yYWt1dGVuLmNvLmpwL21lZGlzdG9jay9jYWJpbmV0L2hkL3NwLmdpZiIgaGVpZ2h0PSI1Ij48L2Rpdj4KCgoJPGRpdj48aW1nIHNyYz0iaHR0cDovL2ltYWdlLnJha3V0ZW4uY28uanAvbWVkaXN0b2NrL2NhYmluZXQvYmFubmVyLzE2MDExOHB0Ny5qcGciIHdpZHRoPSI0NjgiIGFsdD0ipail86XIpeqpYCIgYm9yZGVyPSIwIj48L2Rpdj4KCTxkaXY+PGltZyBzcmM9Imh0dHA6Ly9pbWFnZS5yYWt1dGVuLmNvLmpwL21lZGlzdG9jay9jYWJpbmV0L2hkL3NwLmdpZiIgaGVpZ2h0PSI1Ij48L2Rpdj4KCgoKCTxkaXY+PGltZyBzcmM9Imh0dHA6Ly9pbWFnZS5yYWt1dGVuLmNvLmpwL21lZGlzdG9jay9jYWJpbmV0L2Jhbm5lci8xNjA4MDFudWEuanBnIiB3aWR0aD0iNDY4IiBhbHQ9IqWopfOlyKXqqWAiIGJvcmRlcj0iMCI+PC9kaXY+Cgk8ZGl2PjxpbWcgc3JjPSJodHRwOi8vaW1hZ2UucmFrdXRlbi5jby5qcC9tZWRpc3RvY2svY2FiaW5ldC9oZC9zcC5naWYiIGhlaWdodD0iNSI+PC9kaXY+CgoKCTxkaXY+PGltZyBzcmM9Imh0dHA6Ly9pbWFnZS5yYWt1dGVuLmNvLmpwL21lZGlzdG9jay9jYWJpbmV0L2Jhbm5lci8xNjA1MDZyZ3cuanBnIiB3aWR0aD0iNDY4IiBhbHQ9IqWopfOlyKXqqWAiIGJvcmRlcj0iMCI+PC9kaXY+Cgk8ZGl2PjxpbWcgc3JjPSJodHRwOi8vaW1hZ2UucmFrdXRlbi5jby5qcC9tZWRpc3RvY2svY2FiaW5ldC9oZC9zcC5naWYiIGhlaWdodD0iNSI+PC9kaXY+CgoKCgoKCgoJPGRpdj48aW1nIHNyYz0iaHR0cDovL2ltYWdlLnJha3V0ZW4uY28uanAvbWVkaXN0b2NrL2NhYmluZXQvYmFubmVyLzE2MTIwMXRiMDVwLmpwZyIgd2lkdGg9IjQ2OCIgYWx0PSKlxKlgpeul0KlgUHQyIiBib3JkZXI9IjAiPjwvZGl2PgoJPGRpdj48aW1nIHNyYz0iaHR0cDovL2ltYWdlLnJha3V0ZW4uY28uanAvbWVkaXN0b2NrL2NhYmluZXQvaGQvc3AuZ2lmIiBoZWlnaHQ9IjUiPjwvZGl2PgoKCgoJPGRpdj48aW1nIHNyYz0iaHR0cDovL2ltYWdlLnJha3V0ZW4uY28uanAvbWVkaXN0b2NrL2NhYmluZXQvYmFubmVyLzE2MDYwMXRiMTAuanBnIiB3aWR0aD0iNDY4IiBhbHQ9IrP1pcSpYKXrpdCpYCIgYm9yZGVyPSIwIj48L2Rpdj4KCTxkaXY+PGltZyBzcmM9Imh0dHA6Ly9pbWFnZS5yYWt1dGVuLmNvLmpwL21lZGlzdG9jay9jYWJpbmV0L2hkL3NwLmdpZiIgaGVpZ2h0PSI1Ij48L2Rpdj4KCgoKCTxkaXY+PGltZyBzcmM9Imh0dHA6Ly9pbWFnZS5yYWt1dGVuLmNvLmpwL21lZGlzdG9jay9jYWJpbmV0L2Jhbm5lci8xNTExMDFhcHAuanBnIiB3aWR0aD0iNDY4IiBhbHQ9IqWopfOlyKXqqWAiIGJvcmRlcj0iMCI+PC9kaXY+Cgk8ZGl2PjxpbWcgc3JjPSJodHRwOi8vaW1hZ2UucmFrdXRlbi5jby5qcC9tZWRpc3RvY2svY2FiaW5ldC9oZC9zcC5naWYiIGhlaWdodD0iNSI+PC9kaXY+CgoKCgoKCjxkaXY+PGltZyBzcmM9Imh0dHA6Ly9pbWFnZS5yYWt1dGVuLmNvLmpwL21lZGlzdG9jay9jYWJpbmV0L3BfaW1nL2JuX2F0by5naWYiIHdpZHRoPSI0NjgiIGFsdD0io86j0OHhkkKkpCIgYm9yZGVyPSIwIj48L2Rpdj4KPGRpdj48aW1nIHNyYz0iaHR0cDovL2ltYWdlLnJha3V0ZW4uY28uanAvbWVkaXN0b2NrL2NhYmluZXQvaGQvc3AuZ2lmIiBoZWlnaHQ9IjUiPjwvZGl2PgoKCjwvdGQ+PC90cj48L3RhYmxlPg==,ob6l2qXDpcSl66lgpcihv6TipLOk4qSzpMekw6SrpKSluqlgpbqpYCClr6Xeoe+l2qXDpcjTw8a3IKH5pKrIoaTqvMSku8nMxrehvlJDUKG/ob4wMlAwM0RlYzE2ob+juqSipPOkt6TzzajYnKGhpeql6qlgpdU=,ob6l2qXDpcSl66lgpcihv6TipLOk4qSzpMekw6SrpKSluqlgpbqpYCClr6Xeoe+l2qXDpcjTw8a3IKH5pKrIoaTqvMSku8nMxrehvlJDUKG/ob4wMlAwM0RlYzE2ob8=,ob6l2qXDpcSl66lgpcihv6TipLOk4qSzpMekw6SrpKSluqlgpbqpYCClr6Xeoe+l2qXDpcjTw8a3IKH5pKrIoaTqvMSku8nMxrehvlJDUKG/ob4wMlAwM0RlYzE2ob8=[rn]
31-51755,aHR0cDovL3RzaG9wLnIxMHMuanAvYW5zaGluLXJlbGllZi9jYWJpbmV0L21wZXQxMy80OTc3MDgyNzA4NDA2LmpwZz9maXRpbj03MDA6NzAw,ODUwLjQwMDA=,,pdqlw6XIP6XapcOlyKWwpcOluiA+IMiu08PGtyA+IKSqpOKkwaTjID4gpMykpKSwpOuk3w==,ob6l3KXzpdOloqXrpbOl86G/w6jTw6GhpM2ks6GhpMCkw6SzpN6kr6TpoaGlyKXpoe+l2qXDpcjTw8a3IKH5pKrIoaTqvMSku8nMxrehvlJDUKG/ob4wMlAwM0RlYzE2ob8=,,PHRhYmxlIGJvcmRlcj0wIHdpZHRoPTM4MD48dHI+PHRkPjxmb250IHN0eWxlPSJmb250LXNpemU6MTRweDtsaW5lLWhlaWdodDoxLjI7Ij4gPGhyIGNvbG9yPSNjY2ZmY2Mgc2l6ZT0yPjxmb250IGNvbG9yPSMwMDY2ZmY+ofQ8L2ZvbnQ+PGI+zNggIOlMPC9iPjxmb250IGNvbG9yPSMwMDY2ZmY+ofQ8L2ZvbnQ+PGhyIGNvbG9yPSNjY2ZmY2Mgc2l6ZT0yPsOo08OkqqTipMGk47zmoaKk3qSvpOmhoqXNpbOkwaTjpPOkzrTzusOkraTKpN6kv6S/pNOkyOKPpKzI66TDpMakpKTepLmho8rXpM6l6qXcpfOk5KS3pMOk3aTOpdWl6qXzpbikx6Ti31uk2aTrpM6kx6Gipc2ls6TBpOOk87TznLrX46GjPGJyPjMxMKHBMTMwocExMjCj7aPtPGhyIGNvbG9yPSNjY2ZmY2Mgc2l6ZT0yPjxmb250IGNvbG9yPSMwMDY2ZmY+ofQ8L2ZvbnQ+PGI+peGpYKWrqWA8L2I+PGZvbnQgY29sb3I9IzAwNjZmZj6h9DwvZm9udD48aHIgY29sb3I9I2NjZmZjYyBzaXplPTI+1urKvbvhyeehoaXcpfOl06Wipeuls6XzPGhyIGNvbG9yPSNjY2ZmY2Mgc2l6ZT0yPjxmb250IGNvbG9yPSMwMDY2ZmY+ofQ8L2ZvbnQ+PGI+ssShodl8PC9iPjxmb250IGNvbG9yPSMwMDY2ZmY+ofQ8L2ZvbnQ+PGhyIGNvbG9yPSNjY2ZmY2Mgc2l6ZT0yPqXdpeqlqKW5pcal66GipN6kv6S/pNOhouKPPC9mb250PjwvdGQ+PC90cj48L3RhYmxlPiA8dGFibGUgYm9yZGVyPTAgd2lkdGg9MzgwPjx0cj48dGQgc3R5bGU9ImZvbnQtc2l6ZToxMnB4OyI+PGZvbnQgY29sb3I9IzAwMDA4OD48aHI+ob6ktNei0uKjsaG/pLOkzsnMxrekz6SqyKGk6rzEpLvJzMa3pMekuaGjpLTXos7EpLWk7KTGpKuk6bBry82ktaTspOuk3qTHvHMxMIbTmEnI1SjNwcjVP9ejpPKz/aSvKaSkpL+kwKStpN6kuaGjPGJyPiCkyqSqoaLJzMa3pMuk6KTqpN6kt6TGpM+hotPotqikrLTzt/mky99XpOyk66SzpMik4qS0pLakpKTepLmkzqTHoaK6ztfkpKKk6aSrpLik4aS0wcuz0KSq7oqkpKSkpL+kt6TepLmhozwvZm9udD48L3RkPjwvdHI+PHRyPjx0ZCBzdHlsZT0iZm9udC1zaXplOjEycHg7Ij48Zm9udCBjb2xvcj0jMDAwMDg4PqG+pLTXotLio7Khv6SqyKGk6rzEpLvJzMa30tTN4qTOyczGt6TI0ru+d6TLpKrZSaSkyc+ksqTOiPa6z6TPoaLIq6TGpM7JzMa3pKyTQqSktM612qTOsGvLzaTIpMqk6qTepLmkzqTHoaKktMHLs9DPwqS1pKShozwvZm9udD48L3RkPjwvdHI+PC90YWJsZT4gPHRhYmxlIGJvcmRlcj0wIHdpZHRoPTM4MCBzdHlsZT0iZm9udC1zaXplOjEycHg7bGluZS1oZWlnaHQ6MS4yOyI+PHRyPjx0ZD48Zm9udCBjb2xvcj0jMDAwMDg4Pjxocj6h+aXRpcOlsalgpbilx6W2paSl87XIpKzT6LjmpMqkr4nkuPyktaTspOuI9rrPpOKkoqTqpN6kuaGjPGJyPqH5yczGt478t6w/peGpYKWrqWDHt8a3pMqkydZUysLH6aTLpOik6qSqveyksaTHpK2kyqSkiPa6z6SspLSktqSkpN6kuaGjPGhyPjwvZm9udD48L3RkPjwvdHI+PC90YWJsZT4gPHRhYmxlIGJvcmRlcj0wIHdpZHRoPTM4MCBzdHlsZT0iZm9udC1zaXplOjEycHg7bGluZS1oZWlnaHQ6MS4yOyI+PHRyPjx0ZD6hvo7auObOxNifob/W6sq9u+HJ56Xhpcelo6W5pfOl16XppbmjujAxMjAtMjA1LTkwNCCh+dDdmEnI1SDNwcjVP9ejvMDI1TwvdGQ+PC90cj48L3RhYmxlPjwhLS0gqIvX86XVpe2pYKXIpdClyqlgILHtyr4gQ1NTICYgVEFHIKW7pcOlyCAtLT4KPGxpbmsgcmVsPSJzdHlsZXNoZWV0IiBocmVmPSJodHRwOi8vd3d3LnJha3V0ZW4ubmUuanAvZ29sZC9tZWRpc3RvY2svY3NzX2ZsdC9mYl9sX3IuY3NzIiB0eXBlPSJ0ZXh0L2NzcyIgLz4KPGRpdiBpZD0iZmx0X2wxIj48L2Rpdj4KPCEtLaPXpaql3qWxLS0+CjxkaXYgaWQ9ImZsdF9sMiI+PC9kaXY+CjwhLS3fgNSqIFExMC0tPgo8ZGl2IGlkPSJmbHRfbDMiPjwvZGl2Pgo8IS0tpe+ltKXzpbupYKXrLS0+CjxkaXYgaWQ9ImZsdF9sNCI+PC9kaXY+CjwhLS3LzcHPn2/Bzy0tPgo8ZGl2IGlkPSJmbHRfbDUiPjwvZGl2Pgo8IS0tIE2l16XpIC0tPgo8ZGl2IGlkPSJmbHRfbDYiPjwvZGl2Pgo8IS0tIG5vbmUgLS0+CjxkaXYgaWQ9ImZsdF9sNyI+PC9kaXY+CjwhLS0gofjX86XVpe2pYKXIpdClyqlgILHtyr4gQ1NTICYgVEFHIKW7pcOlyCAtLT4KCjwhLS0gqIvT0qXVpe2pYKXIpdClyqlgILHtyr4gQ1NTICYgVEFHIKW7pcOlyCAtLT4KPGxpbmsgcmVsPSJzdHlsZXNoZWV0IiBocmVmPSJodHRwOi8vd3d3LnJha3V0ZW4ubmUuanAvZ29sZC9tZWRpc3RvY2svY3NzX2ZsdC9mYl9yX20uY3NzIiB0eXBlPSJ0ZXh0L2NzcyIgLz4KPCEtLaXXpewgRVhQLS0+CjxkaXYgaWQ9ImZsdF9yMSI+PC9kaXY+CjwhLS2l16XsIKXspdAtLT4KPGRpdiBpZD0iZmx0X3IyIj48L2Rpdj4KPCEtLbuot9vM2LyvLS0+CjxkaXYgaWQ9ImZsdF9yMyI+PC9kaXY+CjwhLS2kyqS3LS0+CjxkaXYgaWQ9ImZsdF9yNCI+PC9kaXY+CjwhLS2kyqS3LS0+CjxkaXYgaWQ9ImZsdF9yNSI+PC9kaXY+CjwhLS2l06W/IKXvpbSl8y0tPgo8IS0tpbSpYKXrpclBLS0+CjxkaXYgaWQ9ImZsdF9yNiI+PC9kaXY+CjwhLS2kyqS3LS0+CjxkaXYgaWQ9ImZsdF9yNyI+PC9kaXY+CjwhLS0gofjT0qXVpe2pYKXIpdClyqlgILHtyr4gQ1NTICYgVEFHIKW7pcOlyCAtLT4KCgo8IS0tIKiLpbml6aWkpckgLS0+CjxjZW50ZXI+CjxkaXYgc3R5bGU9IndpZHRoOjcxMHB4OyBib3JkZXI6MXB4IHNvbGlkICNmYmM7IHBhZGRpbmc6NXB4OyBtYXJnaW4tYm90dG9tOjVweDsgYmFja2dyb3VuZDojZmZmOyI+Cgo8L2Rpdj4KPC9jZW50ZXI+CjwhLS0gofiluaXppaSlySAtLT4KCjwhLS2oi+2XxL/feJJrLS0+Cgo8YnI+CjwhLS2h+O2XxL/feJJrLS0+Cgo8c3R5bGUgdHlwZT0idGV4dC9jc3MiPgo8IS0tCi8qCmJvZHkgewpiYWNrZ3JvdW5kLWltYWdlOnVybChodHRwOi8vaW1hZ2UucmFrdXRlbi5jby5qcC9hbnNoaW4tcmVsaWVmL2NhYmluZXQvcmVsaWVmL3RhdGUxNTA1MDFyci5naWYpOwpiYWNrZ3JvdW5kLXJlcGVhdDpyZXBlYXQteTsKYmFja2dyb3VuZC1wb3NpdGlvbjogcmlnaHQgdG9wOwp9CiovCi0tPgo8L3N0eWxlPgoKCjx0YWJsZSB3aWR0aD0iNzMwIiBib3JkZXI9IjAiPjx0cj48dGQgYWxpZ249ImNlbnRlciI+CgoJPGRpdj48aW1nIHNyYz0iaHR0cDovL2ltYWdlLnJha3V0ZW4uY28uanAvbWVkaXN0b2NrL2NhYmluZXQvaGQvc3AuZ2lmIiBoZWlnaHQ9IjIwIj48L2Rpdj4KCgoKCgoKCgk8ZGl2PjxpbWcgc3JjPSJodHRwOi8vaW1hZ2UucmFrdXRlbi5jby5qcC9tZWRpc3RvY2svY2FiaW5ldC9iYW5uZXIvMTcwNHdpbi5qcGciIHdpZHRoPSI0NjgiIGFsdD0ipail86XIpeqpYCIgYm9yZGVyPSIwIj48L2Rpdj4KCTxkaXY+PGltZyBzcmM9Imh0dHA6Ly9pbWFnZS5yYWt1dGVuLmNvLmpwL21lZGlzdG9jay9jYWJpbmV0L2hkL3NwLmdpZiIgaGVpZ2h0PSI1Ij48L2Rpdj4KCgoKCgk8ZGl2PjxpbWcgc3JjPSJodHRwOi8vaW1hZ2UucmFrdXRlbi5jby5qcC9tZWRpc3RvY2svY2FiaW5ldC9iYW5uZXIvMTYwODAxbHMuZ2lmIiB3aWR0aD0iNDY4IiBhbHQ9IqWopfOlyKXqqWAiIGJvcmRlcj0iMCI+PC9kaXY+Cgk8ZGl2PjxpbWcgc3JjPSJodHRwOi8vaW1hZ2UucmFrdXRlbi5jby5qcC9tZWRpc3RvY2svY2FiaW5ldC9oZC9zcC5naWYiIGhlaWdodD0iNSI+PC9kaXY+CgoKCTxkaXY+PGltZyBzcmM9Imh0dHA6Ly9pbWFnZS5yYWt1dGVuLmNvLmpwL21lZGlzdG9jay9jYWJpbmV0L2Jhbm5lci8xNjAxMThwdDcuanBnIiB3aWR0aD0iNDY4IiBhbHQ9IqWopfOlyKXqqWAiIGJvcmRlcj0iMCI+PC9kaXY+Cgk8ZGl2PjxpbWcgc3JjPSJodHRwOi8vaW1hZ2UucmFrdXRlbi5jby5qcC9tZWRpc3RvY2svY2FiaW5ldC9oZC9zcC5naWYiIGhlaWdodD0iNSI+PC9kaXY+CgoKCgk8ZGl2PjxpbWcgc3JjPSJodHRwOi8vaW1hZ2UucmFrdXRlbi5jby5qcC9tZWRpc3RvY2svY2FiaW5ldC9iYW5uZXIvMTYwODAxbnVhLmpwZyIgd2lkdGg9IjQ2OCIgYWx0PSKlqKXzpcil6qlgIiBib3JkZXI9IjAiPjwvZGl2PgoJPGRpdj48aW1nIHNyYz0iaHR0cDovL2ltYWdlLnJha3V0ZW4uY28uanAvbWVkaXN0b2NrL2NhYmluZXQvaGQvc3AuZ2lmIiBoZWlnaHQ9IjUiPjwvZGl2PgoKCgk8ZGl2PjxpbWcgc3JjPSJodHRwOi8vaW1hZ2UucmFrdXRlbi5jby5qcC9tZWRpc3RvY2svY2FiaW5ldC9iYW5uZXIvMTYwNTA2cmd3LmpwZyIgd2lkdGg9IjQ2OCIgYWx0PSKlqKXzpcil6qlgIiBib3JkZXI9IjAiPjwvZGl2PgoJPGRpdj48aW1nIHNyYz0iaHR0cDovL2ltYWdlLnJha3V0ZW4uY28uanAvbWVkaXN0b2NrL2NhYmluZXQvaGQvc3AuZ2lmIiBoZWlnaHQ9IjUiPjwvZGl2PgoKCgoKCgoKCTxkaXY+PGltZyBzcmM9Imh0dHA6Ly9pbWFnZS5yYWt1dGVuLmNvLmpwL21lZGlzdG9jay9jYWJpbmV0L2Jhbm5lci8xNjEyMDF0YjA1cC5qcGciIHdpZHRoPSI0NjgiIGFsdD0ipcSpYKXrpdCpYFB0MiIgYm9yZGVyPSIwIj48L2Rpdj4KCTxkaXY+PGltZyBzcmM9Imh0dHA6Ly9pbWFnZS5yYWt1dGVuLmNvLmpwL21lZGlzdG9jay9jYWJpbmV0L2hkL3NwLmdpZiIgaGVpZ2h0PSI1Ij48L2Rpdj4KCgoKCTxkaXY+PGltZyBzcmM9Imh0dHA6Ly9pbWFnZS5yYWt1dGVuLmNvLmpwL21lZGlzdG9jay9jYWJpbmV0L2Jhbm5lci8xNjA2MDF0YjEwLmpwZyIgd2lkdGg9IjQ2OCIgYWx0PSKz9aXEqWCl66XQqWAiIGJvcmRlcj0iMCI+PC9kaXY+Cgk8ZGl2PjxpbWcgc3JjPSJodHRwOi8vaW1hZ2UucmFrdXRlbi5jby5qcC9tZWRpc3RvY2svY2FiaW5ldC9oZC9zcC5naWYiIGhlaWdodD0iNSI+PC9kaXY+CgoKCgk8ZGl2PjxpbWcgc3JjPSJodHRwOi8vaW1hZ2UucmFrdXRlbi5jby5qcC9tZWRpc3RvY2svY2FiaW5ldC9iYW5uZXIvMTUxMTAxYXBwLmpwZyIgd2lkdGg9IjQ2OCIgYWx0PSKlqKXzpcil6qlgIiBib3JkZXI9IjAiPjwvZGl2PgoJPGRpdj48aW1nIHNyYz0iaHR0cDovL2ltYWdlLnJha3V0ZW4uY28uanAvbWVkaXN0b2NrL2NhYmluZXQvaGQvc3AuZ2lmIiBoZWlnaHQ9IjUiPjwvZGl2PgoKCgoKCgo8ZGl2PjxpbWcgc3JjPSJodHRwOi8vaW1hZ2UucmFrdXRlbi5jby5qcC9tZWRpc3RvY2svY2FiaW5ldC9wX2ltZy9ibl9hdG8uZ2lmIiB3aWR0aD0iNDY4IiBhbHQ9IqPOo9Dh4ZJCpKQiIGJvcmRlcj0iMCI+PC9kaXY+CjxkaXY+PGltZyBzcmM9Imh0dHA6Ly9pbWFnZS5yYWt1dGVuLmNvLmpwL21lZGlzdG9jay9jYWJpbmV0L2hkL3NwLmdpZiIgaGVpZ2h0PSI1Ij48L2Rpdj4KCgo8L3RkPjwvdHI+PC90YWJsZT4=,ob6l3KXzpdOloqXrpbOl86G/w6jTw6GhpM2ks6GhpMCkw6SzpN6kr6TpoaGlyKXpoe+l2qXDpcjTw8a3IKH5pKrIoaTqvMSku8nMxrehvlJDUKG/ob4wMlAwM0RlYzE2ob+juqSipPOkt6TzzajYnKGhpeql6qlgpdU=,ob6l3KXzpdOloqXrpbOl86G/w6jTw6GhpM2ks6GhpMCkw6SzpN6kr6TpoaGlyKXpoe+l2qXDpcjTw8a3IKH5pKrIoaTqvMSku8nMxrehvlJDUKG/ob4wMlAwM0RlYzE2ob8=,ob6l3KXzpdOloqXrpbOl86G/w6jTw6GhpM2ks6GhpMCkw6SzpN6kr6TpoaGlyKXpoe+l2qXDpcjTw8a3IKH5pKrIoaTqvMSku8nMxrehvlJDUKG/ob4wMlAwM0RlYzE2ob8=[rn]
31-51756,aHR0cDovL3RzaG9wLnIxMHMuanAvYW5zaGluLXJlbGllZi9jYWJpbmV0L21wZXQxMy80OTg0OTM3NjYyMTg5LmpwZz9maXRpbj03MDA6NzAw,NTIwLjgwMDA=,,pdqlw6XIP6XapcOlyKWwpcOluiA+IMiu08PGtyA+IKSqpOKkwaTjID4gpMykpKSwpOuk3w==,ob6l2qXDpcSl66lgpcihv6TGpOukxqTrpbqpYKW6qWAgpb6lpqHvpdqlw6XI08PGtyCh+aSqyKGk6rzEpLvJzMa3ob5SQ1Chv6G+MDJQMDNEZWMxNqG/,,PHRhYmxlIGJvcmRlcj0wIHdpZHRoPTM4MD48dHI+PHRkPjxmb250IHN0eWxlPSJmb250LXNpemU6MTRweDtsaW5lLWhlaWdodDoxLjI7Ij4gPGhyIGNvbG9yPSNjY2ZmY2Mgc2l6ZT0yPjxmb250IGNvbG9yPSMwMDY2ZmY+ofQ8L2ZvbnQ+PGI+zNggIOlMPC9iPjxmb250IGNvbG9yPSMwMDY2ZmY+ofQ8L2ZvbnQ+PGhyIGNvbG9yPSNjY2ZmY2Mgc2l6ZT0yPqHxwbykr+93pNajv6SqpOKkwaTjofGkxqTrpMak66W6qWCluqlgpPKHeaTzpMfV8aTDpMbvd6TQpLekxqWtpeOlw6XBo6Gh8Yd5pPOkxz/V8aTDpMakzt9bpNO3vaTPpOKkwaTtpPOhoqXVpeqluaXTqWCkzpiUpMvNtqSypMak4t9bpNmk3qS5oaOh8dXxpOyk0KWrpemlq6Xp0vShood5pN+k5KS5pKSl3qXzpcikzrK/t9aky6TPNKWzpM610aSsyOukw6TGpKSk3qS5oaM8aHIgY29sb3I9I2NjZmZjYyBzaXplPTI+PGZvbnQgY29sb3I9IzAwNjZmZj6h9DwvZm9udD48Yj6l4algpaupYDwvYj48Zm9udCBjb2xvcj0jMDA2NmZmPqH0PC9mb250PjxociBjb2xvcj0jY2NmZmNjIHNpemU9Mj7W6sq9u+HJ56Ghpdqlw6XEpeupYKXIPGhyIGNvbG9yPSNjY2ZmY2Mgc2l6ZT0yPjxmb250IGNvbG9yPSMwMDY2ZmY+ofQ8L2ZvbnQ+PGI+ssShodl8PC9iPjxmb250IGNvbG9yPSMwMDY2ZmY+ofQ8L2ZvbnQ+PGhyIGNvbG9yPSNjY2ZmY2Mgc2l6ZT0yPsn6tdihotbQvmQ/Pz+l3aXqpailuaXGpes8YnI+tdE/Pz+l3aXqpailwaXspfM8YnI+4o8/Pz+l3aXqpdel7aXUpeyl8zwvZm9udD48L3RkPjwvdHI+PC90YWJsZT4gPHRhYmxlIGJvcmRlcj0wIHdpZHRoPTM4MD48dHI+PHRkIHN0eWxlPSJmb250LXNpemU6MTJweDsiPjxmb250IGNvbG9yPSMwMDAwODg+PGhyPqG+pLTXotLio7Ghv6SzpM7JzMa3pM+kqsihpOq8xKS7yczGt6THpLmho6S016LOxKS1pOykxqSrpOmwa8vNpLWk7KTrpN6kx7xzMTCG05hJyNUozcHI1T/Xo6Tys/2krymkpKS/pMCkraTepLmhozxicj4gpMqkqqGiyczGt6TLpOik6qTepLekxqTPoaLT6LaopKy087f5pMvfV6TspOuks6TIpOKktKS2pKSk3qS5pM6kx6Gius7X5KSipOmkq6S4pOGktMHLs9Ckqu6KpKSkpKS/pLek3qS5oaM8L2ZvbnQ+PC90ZD48L3RyPjx0cj48dGQgc3R5bGU9ImZvbnQtc2l6ZToxMnB4OyI+PGZvbnQgY29sb3I9IzAwMDA4OD6hvqS016LS4qOyob+kqsihpOq8xKS7yczGt9LUzeKkzsnMxrekyNK7vneky6Sq2UmkpMnPpLKkzoj2us+kz6GiyKukxqTOyczGt6Ssk0KkpLTOtdqkzrBry82kyKTKpOqk3qS5pM6kx6GipLTBy7PQz8KktaSkoaM8L2ZvbnQ+PC90ZD48L3RyPjwvdGFibGU+IDx0YWJsZSBib3JkZXI9MCB3aWR0aD0zODAgc3R5bGU9ImZvbnQtc2l6ZToxMnB4O2xpbmUtaGVpZ2h0OjEuMjsiPjx0cj48dGQ+PGZvbnQgY29sb3I9IzAwMDA4OD48aHI+ofml0aXDpbGpYKW4pceltqWkpfO1yKSs0+i45qTKpK+J5Lj8pLWk7KTriPa6z6TipKKk6qTepLmhozxicj6h+cnMxreO/LesP6XhqWClq6lgx7fGt6TKpMnWVMrCx+mky6TopOqkqr3spLGkx6StpMqkpIj2us+krKS0pLakpKTepLmhozxocj48L2ZvbnQ+PC90ZD48L3RyPjwvdGFibGU+IDx0YWJsZSBib3JkZXI9MCB3aWR0aD0zODAgc3R5bGU9ImZvbnQtc2l6ZToxMnB4O2xpbmUtaGVpZ2h0OjEuMjsiPjx0cj48dGQ+ob6O2rjmzsTYn6G/1urKvbvhyeel4aXHpaOluaXzpdel6aW5o7owMTIwLTIwNS05MDQgofnQ3ZhJyNUgzcHI1T/Xo7zAyNU8L3RkPjwvdHI+PC90YWJsZT48IS0tIKiL1/Ol1aXtqWClyKXQpcqpYCCx7cq+IENTUyAmIFRBRyClu6XDpcggLS0+CjxsaW5rIHJlbD0ic3R5bGVzaGVldCIgaHJlZj0iaHR0cDovL3d3dy5yYWt1dGVuLm5lLmpwL2dvbGQvbWVkaXN0b2NrL2Nzc19mbHQvZmJfbF9yLmNzcyIgdHlwZT0idGV4dC9jc3MiIC8+CjxkaXYgaWQ9ImZsdF9sMSI+PC9kaXY+CjwhLS2j16Wqpd6lsS0tPgo8ZGl2IGlkPSJmbHRfbDIiPjwvZGl2Pgo8IS0t34DUqiBRMTAtLT4KPGRpdiBpZD0iZmx0X2wzIj48L2Rpdj4KPCEtLaXvpbSl86W7qWCl6y0tPgo8ZGl2IGlkPSJmbHRfbDQiPjwvZGl2Pgo8IS0ty83Bz59vwc8tLT4KPGRpdiBpZD0iZmx0X2w1Ij48L2Rpdj4KPCEtLSBNpdel6SAtLT4KPGRpdiBpZD0iZmx0X2w2Ij48L2Rpdj4KPCEtLSBub25lIC0tPgo8ZGl2IGlkPSJmbHRfbDciPjwvZGl2Pgo8IS0tIKH41/Ol1aXtqWClyKXQpcqpYCCx7cq+IENTUyAmIFRBRyClu6XDpcggLS0+Cgo8IS0tIKiL09Kl1aXtqWClyKXQpcqpYCCx7cq+IENTUyAmIFRBRyClu6XDpcggLS0+CjxsaW5rIHJlbD0ic3R5bGVzaGVldCIgaHJlZj0iaHR0cDovL3d3dy5yYWt1dGVuLm5lLmpwL2dvbGQvbWVkaXN0b2NrL2Nzc19mbHQvZmJfcl9tLmNzcyIgdHlwZT0idGV4dC9jc3MiIC8+CjwhLS2l16XsIEVYUC0tPgo8ZGl2IGlkPSJmbHRfcjEiPjwvZGl2Pgo8IS0tpdel7CCl7KXQLS0+CjxkaXYgaWQ9ImZsdF9yMiI+PC9kaXY+CjwhLS27qLfbzNi8ry0tPgo8ZGl2IGlkPSJmbHRfcjMiPjwvZGl2Pgo8IS0tpMqkty0tPgo8ZGl2IGlkPSJmbHRfcjQiPjwvZGl2Pgo8IS0tpMqkty0tPgo8ZGl2IGlkPSJmbHRfcjUiPjwvZGl2Pgo8IS0tpdOlvyCl76W0pfMtLT4KPCEtLaW0qWCl66XJQS0tPgo8ZGl2IGlkPSJmbHRfcjYiPjwvZGl2Pgo8IS0tpMqkty0tPgo8ZGl2IGlkPSJmbHRfcjciPjwvZGl2Pgo8IS0tIKH409Kl1aXtqWClyKXQpcqpYCCx7cq+IENTUyAmIFRBRyClu6XDpcggLS0+CgoKPCEtLSCoi6W5pemlpKXJIC0tPgo8Y2VudGVyPgo8ZGl2IHN0eWxlPSJ3aWR0aDo3MTBweDsgYm9yZGVyOjFweCBzb2xpZCAjZmJjOyBwYWRkaW5nOjVweDsgbWFyZ2luLWJvdHRvbTo1cHg7IGJhY2tncm91bmQ6I2ZmZjsiPgoKPC9kaXY+CjwvY2VudGVyPgo8IS0tIKH4pbml6aWkpckgLS0+Cgo8IS0tqIvtl8S/33iSay0tPgoKPGJyPgo8IS0tofjtl8S/33iSay0tPgoKPHN0eWxlIHR5cGU9InRleHQvY3NzIj4KPCEtLQovKgpib2R5IHsKYmFja2dyb3VuZC1pbWFnZTp1cmwoaHR0cDovL2ltYWdlLnJha3V0ZW4uY28uanAvYW5zaGluLXJlbGllZi9jYWJpbmV0L3JlbGllZi90YXRlMTUwNTAxcnIuZ2lmKTsKYmFja2dyb3VuZC1yZXBlYXQ6cmVwZWF0LXk7CmJhY2tncm91bmQtcG9zaXRpb246IHJpZ2h0IHRvcDsKfQoqLwotLT4KPC9zdHlsZT4KCgo8dGFibGUgd2lkdGg9IjczMCIgYm9yZGVyPSIwIj48dHI+PHRkIGFsaWduPSJjZW50ZXIiPgoKCTxkaXY+PGltZyBzcmM9Imh0dHA6Ly9pbWFnZS5yYWt1dGVuLmNvLmpwL21lZGlzdG9jay9jYWJpbmV0L2hkL3NwLmdpZiIgaGVpZ2h0PSIyMCI+PC9kaXY+CgoKCgoKCgoJPGRpdj48aW1nIHNyYz0iaHR0cDovL2ltYWdlLnJha3V0ZW4uY28uanAvbWVkaXN0b2NrL2NhYmluZXQvYmFubmVyLzE3MDR3aW4uanBnIiB3aWR0aD0iNDY4IiBhbHQ9IqWopfOlyKXqqWAiIGJvcmRlcj0iMCI+PC9kaXY+Cgk8ZGl2PjxpbWcgc3JjPSJodHRwOi8vaW1hZ2UucmFrdXRlbi5jby5qcC9tZWRpc3RvY2svY2FiaW5ldC9oZC9zcC5naWYiIGhlaWdodD0iNSI+PC9kaXY+CgoKCgoJPGRpdj48aW1nIHNyYz0iaHR0cDovL2ltYWdlLnJha3V0ZW4uY28uanAvbWVkaXN0b2NrL2NhYmluZXQvYmFubmVyLzE2MDgwMWxzLmdpZiIgd2lkdGg9IjQ2OCIgYWx0PSKlqKXzpcil6qlgIiBib3JkZXI9IjAiPjwvZGl2PgoJPGRpdj48aW1nIHNyYz0iaHR0cDovL2ltYWdlLnJha3V0ZW4uY28uanAvbWVkaXN0b2NrL2NhYmluZXQvaGQvc3AuZ2lmIiBoZWlnaHQ9IjUiPjwvZGl2PgoKCgk8ZGl2PjxpbWcgc3JjPSJodHRwOi8vaW1hZ2UucmFrdXRlbi5jby5qcC9tZWRpc3RvY2svY2FiaW5ldC9iYW5uZXIvMTYwMTE4cHQ3LmpwZyIgd2lkdGg9IjQ2OCIgYWx0PSKlqKXzpcil6qlgIiBib3JkZXI9IjAiPjwvZGl2PgoJPGRpdj48aW1nIHNyYz0iaHR0cDovL2ltYWdlLnJha3V0ZW4uY28uanAvbWVkaXN0b2NrL2NhYmluZXQvaGQvc3AuZ2lmIiBoZWlnaHQ9IjUiPjwvZGl2PgoKCgoJPGRpdj48aW1nIHNyYz0iaHR0cDovL2ltYWdlLnJha3V0ZW4uY28uanAvbWVkaXN0b2NrL2NhYmluZXQvYmFubmVyLzE2MDgwMW51YS5qcGciIHdpZHRoPSI0NjgiIGFsdD0ipail86XIpeqpYCIgYm9yZGVyPSIwIj48L2Rpdj4KCTxkaXY+PGltZyBzcmM9Imh0dHA6Ly9pbWFnZS5yYWt1dGVuLmNvLmpwL21lZGlzdG9jay9jYWJpbmV0L2hkL3NwLmdpZiIgaGVpZ2h0PSI1Ij48L2Rpdj4KCgoJPGRpdj48aW1nIHNyYz0iaHR0cDovL2ltYWdlLnJha3V0ZW4uY28uanAvbWVkaXN0b2NrL2NhYmluZXQvYmFubmVyLzE2MDUwNnJndy5qcGciIHdpZHRoPSI0NjgiIGFsdD0ipail86XIpeqpYCIgYm9yZGVyPSIwIj48L2Rpdj4KCTxkaXY+PGltZyBzcmM9Imh0dHA6Ly9pbWFnZS5yYWt1dGVuLmNvLmpwL21lZGlzdG9jay9jYWJpbmV0L2hkL3NwLmdpZiIgaGVpZ2h0PSI1Ij48L2Rpdj4KCgoKCgoKCgk8ZGl2PjxpbWcgc3JjPSJodHRwOi8vaW1hZ2UucmFrdXRlbi5jby5qcC9tZWRpc3RvY2svY2FiaW5ldC9iYW5uZXIvMTYxMjAxdGIwNXAuanBnIiB3aWR0aD0iNDY4IiBhbHQ9IqXEqWCl66XQqWBQdDIiIGJvcmRlcj0iMCI+PC9kaXY+Cgk8ZGl2PjxpbWcgc3JjPSJodHRwOi8vaW1hZ2UucmFrdXRlbi5jby5qcC9tZWRpc3RvY2svY2FiaW5ldC9oZC9zcC5naWYiIGhlaWdodD0iNSI+PC9kaXY+CgoKCgk8ZGl2PjxpbWcgc3JjPSJodHRwOi8vaW1hZ2UucmFrdXRlbi5jby5qcC9tZWRpc3RvY2svY2FiaW5ldC9iYW5uZXIvMTYwNjAxdGIxMC5qcGciIHdpZHRoPSI0NjgiIGFsdD0is/WlxKlgpeul0KlgIiBib3JkZXI9IjAiPjwvZGl2PgoJPGRpdj48aW1nIHNyYz0iaHR0cDovL2ltYWdlLnJha3V0ZW4uY28uanAvbWVkaXN0b2NrL2NhYmluZXQvaGQvc3AuZ2lmIiBoZWlnaHQ9IjUiPjwvZGl2PgoKCgoJPGRpdj48aW1nIHNyYz0iaHR0cDovL2ltYWdlLnJha3V0ZW4uY28uanAvbWVkaXN0b2NrL2NhYmluZXQvYmFubmVyLzE1MTEwMWFwcC5qcGciIHdpZHRoPSI0NjgiIGFsdD0ipail86XIpeqpYCIgYm9yZGVyPSIwIj48L2Rpdj4KCTxkaXY+PGltZyBzcmM9Imh0dHA6Ly9pbWFnZS5yYWt1dGVuLmNvLmpwL21lZGlzdG9jay9jYWJpbmV0L2hkL3NwLmdpZiIgaGVpZ2h0PSI1Ij48L2Rpdj4KCgoKCgoKPGRpdj48aW1nIHNyYz0iaHR0cDovL2ltYWdlLnJha3V0ZW4uY28uanAvbWVkaXN0b2NrL2NhYmluZXQvcF9pbWcvYm5fYXRvLmdpZiIgd2lkdGg9IjQ2OCIgYWx0PSKjzqPQ4eGSQqSkIiBib3JkZXI9IjAiPjwvZGl2Pgo8ZGl2PjxpbWcgc3JjPSJodHRwOi8vaW1hZ2UucmFrdXRlbi5jby5qcC9tZWRpc3RvY2svY2FiaW5ldC9oZC9zcC5naWYiIGhlaWdodD0iNSI+PC9kaXY+CgoKPC90ZD48L3RyPjwvdGFibGU+,ob6l2qXDpcSl66lgpcihv6TGpOukxqTrpbqpYKW6qWAgpb6lpqHvpdqlw6XI08PGtyCh+aSqyKGk6rzEpLvJzMa3ob5SQ1Chv6G+MDJQMDNEZWMxNqG/o7qkoqTzpLek882o2JyhoaXqpeqpYKXV,ob6l2qXDpcSl66lgpcihv6TGpOukxqTrpbqpYKW6qWAgpb6lpqHvpdqlw6XI08PGtyCh+aSqyKGk6rzEpLvJzMa3ob5SQ1Chv6G+MDJQMDNEZWMxNqG/,ob6l2qXDpcSl66lgpcihv6TGpOukxqTrpbqpYKW6qWAgpb6lpqHvpdqlw6XI08PGtyCh+aSqyKGk6rzEpLvJzMa3ob5SQ1Chv6G+MDJQMDNEZWMxNqG/[rn]
31-51757,aHR0cDovL3RzaG9wLnIxMHMuanAvYW5zaGluLXJlbGllZi9jYWJpbmV0L21wZXQxNC80OTg0OTM3NjYwODQwLmpwZz9maXRpbj03MDA6NzAw,NDIzLjIwMDA=,,pdqlw6XIP6XapcOlyKWwpcOluiA+IMiu08PGtyA+IKSqpOKkwaTjID4gpMykpKSwpOuk3w==,ob6l2qXDpcSl66lgpcihv6THpMOkq6SkpbqpYKW6qWAgpdalvyCjsaWzyOuk6qHvpdqlw6XI08PGtyCh+aSqyKGk6rzEpLvJzMa3ob5SQ1Chv6G+MDJQMDNEZWMxNqG/,,PHRhYmxlIGJvcmRlcj0wIHdpZHRoPTM4MD48dHI+PHRkPjxmb250IHN0eWxlPSJmb250LXNpemU6MTRweDtsaW5lLWhlaWdodDoxLjI7Ij4gPGhyIGNvbG9yPSNjY2ZmY2Mgc2l6ZT0yPjxmb250IGNvbG9yPSMwMDY2ZmY+ofQ8L2ZvbnQ+PGI+zNggIOlMPC9iPjxmb250IGNvbG9yPSMwMDY2ZmY+ofQ8L2ZvbnQ+PGhyIGNvbG9yPSNjY2ZmY2Mgc2l6ZT0yPrTzpK2kyqtAzu+k8rK2pOmkqKTG19S31qTOj4qktaTypaKl1KlgpeukuaTroaLIrqTOwZXQ1KTLu/mkxaSkpL/QodDNyK7Tw83mvt+kx6S5oaM8aHIgY29sb3I9I2NjZmZjYyBzaXplPTI+PGZvbnQgY29sb3I9IzAwNjZmZj6h9DwvZm9udD48Yj6l4algpaupYDwvYj48Zm9udCBjb2xvcj0jMDA2NmZmPqH0PC9mb250PjxociBjb2xvcj0jY2NmZmNjIHNpemU9Mj7W6sq9u+HJ56XapcOlxKXrqWClyDxociBjb2xvcj0jY2NmZmNjIHNpemU9Mj48Zm9udCBjb2xvcj0jMDA2NmZmPqH0PC9mb250PjxiPrLEoaHZfDwvYj48Zm9udCBjb2xvcj0jMDA2NmZmPqH0PC9mb250PjxociBjb2xvcj0jY2NmZmNjIHNpemU9Mj6x7bXYPz8/pd2l6qWopbmlxqXrPGJyPsTavmQ/Pz+l3aXqpailuaXGpes8YnI+4o8/Pz+l3aXqpbmlwaXspfM8L2ZvbnQ+PC90ZD48L3RyPjwvdGFibGU+IDx0YWJsZSBib3JkZXI9MCB3aWR0aD0zODA+PHRyPjx0ZCBzdHlsZT0iZm9udC1zaXplOjEycHg7Ij48Zm9udCBjb2xvcj0jMDAwMDg4Pjxocj6hvqS016LS4qOxob+ks6TOyczGt6TPpKrIoaTqvMSku8nMxrekx6S5oaOktNeizsSktaTspMakq6TpsGvLzaS1pOyk66TepMe8czEwhtOYScjVKM3ByNU/16Ok8rP9pK8ppKSkv6TApK2k3qS5oaM8YnI+IKTKpKqhosnMxreky6TopOqk3qS3pMakz6Gi0+i2qKSstPO3+aTL31ek7KTrpLOkyKTipLSktqSkpN6kuaTOpMehorrO1+SkoqTppKukuKThpLTBy7PQpKruiqSkpKSkv6S3pN6kuaGjPC9mb250PjwvdGQ+PC90cj48dHI+PHRkIHN0eWxlPSJmb250LXNpemU6MTJweDsiPjxmb250IGNvbG9yPSMwMDAwODg+ob6ktNei0uKjsqG/pKrIoaTqvMSku8nMxrfS1M3ipM7JzMa3pMjSu753pMukqtlJpKTJz6SypM6I9rrPpM+hosirpMakzsnMxrekrJNCpKS0zrXapM6wa8vNpMikyqTqpN6kuaTOpMehoqS0wcuz0M/CpLWkpKGjPC9mb250PjwvdGQ+PC90cj48L3RhYmxlPiA8dGFibGUgYm9yZGVyPTAgd2lkdGg9MzgwIHN0eWxlPSJmb250LXNpemU6MTJweDtsaW5lLWhlaWdodDoxLjI7Ij48dHI+PHRkPjxmb250IGNvbG9yPSMwMDAwODg+PGhyPqH5pdGlw6WxqWCluKXHpbalpKXztcikrNPouOakyqSvieS4/KS1pOyk64j2us+k4qSipOqk3qS5oaM8YnI+ofnJzMa3jvy3rD+l4algpaupYMe3xrekyqTJ1lTKwsfppMuk6KTqpKq97KSxpMekraTKpKSI9rrPpKyktKS2pKSk3qS5oaM8aHI+PC9mb250PjwvdGQ+PC90cj48L3RhYmxlPiA8dGFibGUgYm9yZGVyPTAgd2lkdGg9MzgwIHN0eWxlPSJmb250LXNpemU6MTJweDtsaW5lLWhlaWdodDoxLjI7Ij48dHI+PHRkPqG+jtq45s7E2J+hv9bqyr274cnnpeGlx6Wjpbml86XXpemluaO6MDEyMC0yMDUtOTA0IKH50N2YScjVIM3ByNU/16O8wMjVPC90ZD48L3RyPjwvdGFibGU+PCEtLSCoi9fzpdWl7algpcil0KXKqWAgse3KviBDU1MgJiBUQUcgpbulw6XIIC0tPgo8bGluayByZWw9InN0eWxlc2hlZXQiIGhyZWY9Imh0dHA6Ly93d3cucmFrdXRlbi5uZS5qcC9nb2xkL21lZGlzdG9jay9jc3NfZmx0L2ZiX2xfci5jc3MiIHR5cGU9InRleHQvY3NzIiAvPgo8ZGl2IGlkPSJmbHRfbDEiPjwvZGl2Pgo8IS0to9elqqXepbEtLT4KPGRpdiBpZD0iZmx0X2wyIj48L2Rpdj4KPCEtLd+A1KogUTEwLS0+CjxkaXYgaWQ9ImZsdF9sMyI+PC9kaXY+CjwhLS2l76W0pfOlu6lgpestLT4KPGRpdiBpZD0iZmx0X2w0Ij48L2Rpdj4KPCEtLcvNwc+fb8HPLS0+CjxkaXYgaWQ9ImZsdF9sNSI+PC9kaXY+CjwhLS0gTaXXpekgLS0+CjxkaXYgaWQ9ImZsdF9sNiI+PC9kaXY+CjwhLS0gbm9uZSAtLT4KPGRpdiBpZD0iZmx0X2w3Ij48L2Rpdj4KPCEtLSCh+NfzpdWl7algpcil0KXKqWAgse3KviBDU1MgJiBUQUcgpbulw6XIIC0tPgoKPCEtLSCoi9PSpdWl7algpcil0KXKqWAgse3KviBDU1MgJiBUQUcgpbulw6XIIC0tPgo8bGluayByZWw9InN0eWxlc2hlZXQiIGhyZWY9Imh0dHA6Ly93d3cucmFrdXRlbi5uZS5qcC9nb2xkL21lZGlzdG9jay9jc3NfZmx0L2ZiX3JfbS5jc3MiIHR5cGU9InRleHQvY3NzIiAvPgo8IS0tpdel7CBFWFAtLT4KPGRpdiBpZD0iZmx0X3IxIj48L2Rpdj4KPCEtLaXXpewgpeyl0C0tPgo8ZGl2IGlkPSJmbHRfcjIiPjwvZGl2Pgo8IS0tu6i328zYvK8tLT4KPGRpdiBpZD0iZmx0X3IzIj48L2Rpdj4KPCEtLaTKpLctLT4KPGRpdiBpZD0iZmx0X3I0Ij48L2Rpdj4KPCEtLaTKpLctLT4KPGRpdiBpZD0iZmx0X3I1Ij48L2Rpdj4KPCEtLaXTpb8gpe+ltKXzLS0+CjwhLS2ltKlgpeulyUEtLT4KPGRpdiBpZD0iZmx0X3I2Ij48L2Rpdj4KPCEtLaTKpLctLT4KPGRpdiBpZD0iZmx0X3I3Ij48L2Rpdj4KPCEtLSCh+NPSpdWl7algpcil0KXKqWAgse3KviBDU1MgJiBUQUcgpbulw6XIIC0tPgoKCjwhLS0gqIuluaXppaSlySAtLT4KPGNlbnRlcj4KPGRpdiBzdHlsZT0id2lkdGg6NzEwcHg7IGJvcmRlcjoxcHggc29saWQgI2ZiYzsgcGFkZGluZzo1cHg7IG1hcmdpbi1ib3R0b206NXB4OyBiYWNrZ3JvdW5kOiNmZmY7Ij4KCjwvZGl2Pgo8L2NlbnRlcj4KPCEtLSCh+KW5pemlpKXJIC0tPgoKPCEtLaiL7ZfEv994kmstLT4KCjxicj4KPCEtLaH47ZfEv994kmstLT4KCjxzdHlsZSB0eXBlPSJ0ZXh0L2NzcyI+CjwhLS0KLyoKYm9keSB7CmJhY2tncm91bmQtaW1hZ2U6dXJsKGh0dHA6Ly9pbWFnZS5yYWt1dGVuLmNvLmpwL2Fuc2hpbi1yZWxpZWYvY2FiaW5ldC9yZWxpZWYvdGF0ZTE1MDUwMXJyLmdpZik7CmJhY2tncm91bmQtcmVwZWF0OnJlcGVhdC15OwpiYWNrZ3JvdW5kLXBvc2l0aW9uOiByaWdodCB0b3A7Cn0KKi8KLS0+Cjwvc3R5bGU+CgoKPHRhYmxlIHdpZHRoPSI3MzAiIGJvcmRlcj0iMCI+PHRyPjx0ZCBhbGlnbj0iY2VudGVyIj4KCgk8ZGl2PjxpbWcgc3JjPSJodHRwOi8vaW1hZ2UucmFrdXRlbi5jby5qcC9tZWRpc3RvY2svY2FiaW5ldC9oZC9zcC5naWYiIGhlaWdodD0iMjAiPjwvZGl2PgoKCgoKCgoKCTxkaXY+PGltZyBzcmM9Imh0dHA6Ly9pbWFnZS5yYWt1dGVuLmNvLmpwL21lZGlzdG9jay9jYWJpbmV0L2Jhbm5lci8xNzA0d2luLmpwZyIgd2lkdGg9IjQ2OCIgYWx0PSKlqKXzpcil6qlgIiBib3JkZXI9IjAiPjwvZGl2PgoJPGRpdj48aW1nIHNyYz0iaHR0cDovL2ltYWdlLnJha3V0ZW4uY28uanAvbWVkaXN0b2NrL2NhYmluZXQvaGQvc3AuZ2lmIiBoZWlnaHQ9IjUiPjwvZGl2PgoKCgoKCTxkaXY+PGltZyBzcmM9Imh0dHA6Ly9pbWFnZS5yYWt1dGVuLmNvLmpwL21lZGlzdG9jay9jYWJpbmV0L2Jhbm5lci8xNjA4MDFscy5naWYiIHdpZHRoPSI0NjgiIGFsdD0ipail86XIpeqpYCIgYm9yZGVyPSIwIj48L2Rpdj4KCTxkaXY+PGltZyBzcmM9Imh0dHA6Ly9pbWFnZS5yYWt1dGVuLmNvLmpwL21lZGlzdG9jay9jYWJpbmV0L2hkL3NwLmdpZiIgaGVpZ2h0PSI1Ij48L2Rpdj4KCgoJPGRpdj48aW1nIHNyYz0iaHR0cDovL2ltYWdlLnJha3V0ZW4uY28uanAvbWVkaXN0b2NrL2NhYmluZXQvYmFubmVyLzE2MDExOHB0Ny5qcGciIHdpZHRoPSI0NjgiIGFsdD0ipail86XIpeqpYCIgYm9yZGVyPSIwIj48L2Rpdj4KCTxkaXY+PGltZyBzcmM9Imh0dHA6Ly9pbWFnZS5yYWt1dGVuLmNvLmpwL21lZGlzdG9jay9jYWJpbmV0L2hkL3NwLmdpZiIgaGVpZ2h0PSI1Ij48L2Rpdj4KCgoKCTxkaXY+PGltZyBzcmM9Imh0dHA6Ly9pbWFnZS5yYWt1dGVuLmNvLmpwL21lZGlzdG9jay9jYWJpbmV0L2Jhbm5lci8xNjA4MDFudWEuanBnIiB3aWR0aD0iNDY4IiBhbHQ9IqWopfOlyKXqqWAiIGJvcmRlcj0iMCI+PC9kaXY+Cgk8ZGl2PjxpbWcgc3JjPSJodHRwOi8vaW1hZ2UucmFrdXRlbi5jby5qcC9tZWRpc3RvY2svY2FiaW5ldC9oZC9zcC5naWYiIGhlaWdodD0iNSI+PC9kaXY+CgoKCTxkaXY+PGltZyBzcmM9Imh0dHA6Ly9pbWFnZS5yYWt1dGVuLmNvLmpwL21lZGlzdG9jay9jYWJpbmV0L2Jhbm5lci8xNjA1MDZyZ3cuanBnIiB3aWR0aD0iNDY4IiBhbHQ9IqWopfOlyKXqqWAiIGJvcmRlcj0iMCI+PC9kaXY+Cgk8ZGl2PjxpbWcgc3JjPSJodHRwOi8vaW1hZ2UucmFrdXRlbi5jby5qcC9tZWRpc3RvY2svY2FiaW5ldC9oZC9zcC5naWYiIGhlaWdodD0iNSI+PC9kaXY+CgoKCgoKCgoJPGRpdj48aW1nIHNyYz0iaHR0cDovL2ltYWdlLnJha3V0ZW4uY28uanAvbWVkaXN0b2NrL2NhYmluZXQvYmFubmVyLzE2MTIwMXRiMDVwLmpwZyIgd2lkdGg9IjQ2OCIgYWx0PSKlxKlgpeul0KlgUHQyIiBib3JkZXI9IjAiPjwvZGl2PgoJPGRpdj48aW1nIHNyYz0iaHR0cDovL2ltYWdlLnJha3V0ZW4uY28uanAvbWVkaXN0b2NrL2NhYmluZXQvaGQvc3AuZ2lmIiBoZWlnaHQ9IjUiPjwvZGl2PgoKCgoJPGRpdj48aW1nIHNyYz0iaHR0cDovL2ltYWdlLnJha3V0ZW4uY28uanAvbWVkaXN0b2NrL2NhYmluZXQvYmFubmVyLzE2MDYwMXRiMTAuanBnIiB3aWR0aD0iNDY4IiBhbHQ9IrP1pcSpYKXrpdCpYCIgYm9yZGVyPSIwIj48L2Rpdj4KCTxkaXY+PGltZyBzcmM9Imh0dHA6Ly9pbWFnZS5yYWt1dGVuLmNvLmpwL21lZGlzdG9jay9jYWJpbmV0L2hkL3NwLmdpZiIgaGVpZ2h0PSI1Ij48L2Rpdj4KCgoKCTxkaXY+PGltZyBzcmM9Imh0dHA6Ly9pbWFnZS5yYWt1dGVuLmNvLmpwL21lZGlzdG9jay9jYWJpbmV0L2Jhbm5lci8xNTExMDFhcHAuanBnIiB3aWR0aD0iNDY4IiBhbHQ9IqWopfOlyKXqqWAiIGJvcmRlcj0iMCI+PC9kaXY+Cgk8ZGl2PjxpbWcgc3JjPSJodHRwOi8vaW1hZ2UucmFrdXRlbi5jby5qcC9tZWRpc3RvY2svY2FiaW5ldC9oZC9zcC5naWYiIGhlaWdodD0iNSI+PC9kaXY+CgoKCgoKCjxkaXY+PGltZyBzcmM9Imh0dHA6Ly9pbWFnZS5yYWt1dGVuLmNvLmpwL21lZGlzdG9jay9jYWJpbmV0L3BfaW1nL2JuX2F0by5naWYiIHdpZHRoPSI0NjgiIGFsdD0io86j0OHhkkKkpCIgYm9yZGVyPSIwIj48L2Rpdj4KPGRpdj48aW1nIHNyYz0iaHR0cDovL2ltYWdlLnJha3V0ZW4uY28uanAvbWVkaXN0b2NrL2NhYmluZXQvaGQvc3AuZ2lmIiBoZWlnaHQ9IjUiPjwvZGl2PgoKCjwvdGQ+PC90cj48L3RhYmxlPg==,ob6l2qXDpcSl66lgpcihv6THpMOkq6SkpbqpYKW6qWAgpdalvyCjsaWzyOuk6qHvpdqlw6XI08PGtyCh+aSqyKGk6rzEpLvJzMa3ob5SQ1Chv6G+MDJQMDNEZWMxNqG/o7qkoqTzpLek882o2JyhoaXqpeqpYKXV,ob6l2qXDpcSl66lgpcihv6THpMOkq6SkpbqpYKW6qWAgpdalvyCjsaWzyOuk6qHvpdqlw6XI08PGtyCh+aSqyKGk6rzEpLvJzMa3ob5SQ1Chv6G+MDJQMDNEZWMxNqG/,ob6l2qXDpcSl66lgpcihv6THpMOkq6SkpbqpYKW6qWAgpdalvyCjsaWzyOuk6qHvpdqlw6XI08PGtyCh+aSqyKGk6rzEpLvJzMa3ob5SQ1Chv6G+MDJQMDNEZWMxNqG/[rn]
31-51758,aHR0cDovL3RzaG9wLnIxMHMuanAvYW5zaGluLXJlbGllZi9jYWJpbmV0L21wZXQxMy80OTAzNTg4MjQwMDQxLmpwZz9maXRpbj03MDA6NzAw,MzM2LjgwMDA=,,pdqlw6XIP6XapcOlyKWwpcOluiA+IMiu08PGtyA+IKSqpOKkwaTjID4gpMykpKSwpOuk3w==,ob6l5KXepdKltaGhpaKlyaXhpaSlyKG/paKly6Xepeul1aXspfOluiCjzqPvo+mj86P5o9Sjz6PZIKTWpL+ktaTzoe+l2qXDpcjTw8a3IKH5pKrIoaTqvMSku8nMxrehvlJDUKG/ob4wMlAwM0RlYzE2ob8=,,PHRhYmxlIGJvcmRlcj0wIHdpZHRoPTM4MD48dHI+PHRkPjxmb250IHN0eWxlPSJmb250LXNpemU6MTRweDtsaW5lLWhlaWdodDoxLjI7Ij4gPGhyIGNvbG9yPSNjY2ZmY2Mgc2l6ZT0yPjxmb250IGNvbG9yPSMwMDY2ZmY+ofQ8L2ZvbnQ+PGI+zNggIOlMPC9iPjxmb250IGNvbG9yPSMwMDY2ZmY+ofQ8L2ZvbnQ+PGhyIGNvbG9yPSNjY2ZmY2Mgc2l6ZT0yPqHx1tC+ZMjrpOqkx6W9pdWlyKTKpKuk39DEtdg8YnI+ofGlqqlgpcqpYJiUpKzNtqSypOSkuaSvoaKQ28iupKykr6TvpKjS16Sk0M7XtKTLpLOkwKTvpOqk3qS3pL+hozxicj6h8bTzpK2kytL0pKz4UaTrtdG4tqStpMekuaGjPGhyIGNvbG9yPSNjY2ZmY2Mgc2l6ZT0yPjxmb250IGNvbG9yPSMwMDY2ZmY+ofQ8L2ZvbnQ+PGI+peGpYKWrqWA8L2I+PGZvbnQgY29sb3I9IzAwNjZmZj6h9DwvZm9udD48aHIgY29sb3I9I2NjZmZjYyBzaXplPTI+1urKvbvhyeel5KXepdKltaWipcml4aWkpcijqKH51tC5+tF1o6k8aHIgY29sb3I9I2NjZmZjYyBzaXplPTI+PGZvbnQgY29sb3I9IzAwNjZmZj6h9DwvZm9udD48Yj6yxKGh2Xw8L2I+PGZvbnQgY29sb3I9IzAwNjZmZj6h9DwvZm9udD48aHIgY29sb3I9I2NjZmZjYyBzaXplPTI+sb7M5aO6pemlxqXDpa+luaGipd2l6qWopbmlxqXrPGJyPrXRo7pQUDwvZm9udD48L3RkPjwvdHI+PC90YWJsZT4gPHRhYmxlIGJvcmRlcj0wIHdpZHRoPTM4MD48dHI+PHRkIHN0eWxlPSJmb250LXNpemU6MTJweDsiPjxmb250IGNvbG9yPSMwMDAwODg+PGhyPqG+pLTXotLio7Ghv6SzpM7JzMa3pM+kqsihpOq8xKS7yczGt6THpLmho6S016LOxKS1pOykxqSrpOmwa8vNpLWk7KTrpN6kx7xzMTCG05hJyNUozcHI1T/Xo6Tys/2krymkpKS/pMCkraTepLmhozxicj4gpMqkqqGiyczGt6TLpOik6qTepLekxqTPoaLT6LaopKy087f5pMvfV6TspOuks6TIpOKktKS2pKSk3qS5pM6kx6Gius7X5KSipOmkq6S4pOGktMHLs9Ckqu6KpKSkpKS/pLek3qS5oaM8L2ZvbnQ+PC90ZD48L3RyPjx0cj48dGQgc3R5bGU9ImZvbnQtc2l6ZToxMnB4OyI+PGZvbnQgY29sb3I9IzAwMDA4OD6hvqS016LS4qOyob+kqsihpOq8xKS7yczGt9LUzeKkzsnMxrekyNK7vneky6Sq2UmkpMnPpLKkzoj2us+kz6GiyKukxqTOyczGt6Ssk0KkpLTOtdqkzrBry82kyKTKpOqk3qS5pM6kx6GipLTBy7PQz8KktaSkoaM8L2ZvbnQ+PC90ZD48L3RyPjwvdGFibGU+IDx0YWJsZSBib3JkZXI9MCB3aWR0aD0zODAgc3R5bGU9ImZvbnQtc2l6ZToxMnB4O2xpbmUtaGVpZ2h0OjEuMjsiPjx0cj48dGQ+PGZvbnQgY29sb3I9IzAwMDA4OD48aHI+ofml0aXDpbGpYKW4pceltqWkpfO1yKSs0+i45qTKpK+J5Lj8pLWk7KTriPa6z6TipKKk6qTepLmhozxicj6h+cnMxreO/LesP6XhqWClq6lgx7fGt6TKpMnWVMrCx+mky6TopOqkqr3spLGkx6StpMqkpIj2us+krKS0pLakpKTepLmhozxocj48L2ZvbnQ+PC90ZD48L3RyPjwvdGFibGU+IDx0YWJsZSBib3JkZXI9MCB3aWR0aD0zODAgc3R5bGU9ImZvbnQtc2l6ZToxMnB4O2xpbmUtaGVpZ2h0OjEuMjsiPjx0cj48dGQ+ob6O2rjmzsTYn6G/1urKvbvhyeel4aXHpaOluaXzpdel6aW5o7owMTIwLTIwNS05MDQgofnQ3ZhJyNUgzcHI1T/Xo7zAyNU8L3RkPjwvdHI+PC90YWJsZT48IS0tIKiL1/Ol1aXtqWClyKXQpcqpYCCx7cq+IENTUyAmIFRBRyClu6XDpcggLS0+CjxsaW5rIHJlbD0ic3R5bGVzaGVldCIgaHJlZj0iaHR0cDovL3d3dy5yYWt1dGVuLm5lLmpwL2dvbGQvbWVkaXN0b2NrL2Nzc19mbHQvZmJfbF9yLmNzcyIgdHlwZT0idGV4dC9jc3MiIC8+CjxkaXYgaWQ9ImZsdF9sMSI+PC9kaXY+CjwhLS2j16Wqpd6lsS0tPgo8ZGl2IGlkPSJmbHRfbDIiPjwvZGl2Pgo8IS0t34DUqiBRMTAtLT4KPGRpdiBpZD0iZmx0X2wzIj48L2Rpdj4KPCEtLaXvpbSl86W7qWCl6y0tPgo8ZGl2IGlkPSJmbHRfbDQiPjwvZGl2Pgo8IS0ty83Bz59vwc8tLT4KPGRpdiBpZD0iZmx0X2w1Ij48L2Rpdj4KPCEtLSBNpdel6SAtLT4KPGRpdiBpZD0iZmx0X2w2Ij48L2Rpdj4KPCEtLSBub25lIC0tPgo8ZGl2IGlkPSJmbHRfbDciPjwvZGl2Pgo8IS0tIKH41/Ol1aXtqWClyKXQpcqpYCCx7cq+IENTUyAmIFRBRyClu6XDpcggLS0+Cgo8IS0tIKiL09Kl1aXtqWClyKXQpcqpYCCx7cq+IENTUyAmIFRBRyClu6XDpcggLS0+CjxsaW5rIHJlbD0ic3R5bGVzaGVldCIgaHJlZj0iaHR0cDovL3d3dy5yYWt1dGVuLm5lLmpwL2dvbGQvbWVkaXN0b2NrL2Nzc19mbHQvZmJfcl9tLmNzcyIgdHlwZT0idGV4dC9jc3MiIC8+CjwhLS2l16XsIEVYUC0tPgo8ZGl2IGlkPSJmbHRfcjEiPjwvZGl2Pgo8IS0tpdel7CCl7KXQLS0+CjxkaXYgaWQ9ImZsdF9yMiI+PC9kaXY+CjwhLS27qLfbzNi8ry0tPgo8ZGl2IGlkPSJmbHRfcjMiPjwvZGl2Pgo8IS0tpMqkty0tPgo8ZGl2IGlkPSJmbHRfcjQiPjwvZGl2Pgo8IS0tpMqkty0tPgo8ZGl2IGlkPSJmbHRfcjUiPjwvZGl2Pgo8IS0tpdOlvyCl76W0pfMtLT4KPCEtLaW0qWCl66XJQS0tPgo8ZGl2IGlkPSJmbHRfcjYiPjwvZGl2Pgo8IS0tpMqkty0tPgo8ZGl2IGlkPSJmbHRfcjciPjwvZGl2Pgo8IS0tIKH409Kl1aXtqWClyKXQpcqpYCCx7cq+IENTUyAmIFRBRyClu6XDpcggLS0+CgoKPCEtLSCoi6W5pemlpKXJIC0tPgo8Y2VudGVyPgo8ZGl2IHN0eWxlPSJ3aWR0aDo3MTBweDsgYm9yZGVyOjFweCBzb2xpZCAjZmJjOyBwYWRkaW5nOjVweDsgbWFyZ2luLWJvdHRvbTo1cHg7IGJhY2tncm91bmQ6I2ZmZjsiPgoKPC9kaXY+CjwvY2VudGVyPgo8IS0tIKH4pbml6aWkpckgLS0+Cgo8IS0tqIvtl8S/33iSay0tPgoKPGJyPgo8IS0tofjtl8S/33iSay0tPgoKPHN0eWxlIHR5cGU9InRleHQvY3NzIj4KPCEtLQovKgpib2R5IHsKYmFja2dyb3VuZC1pbWFnZTp1cmwoaHR0cDovL2ltYWdlLnJha3V0ZW4uY28uanAvYW5zaGluLXJlbGllZi9jYWJpbmV0L3JlbGllZi90YXRlMTUwNTAxcnIuZ2lmKTsKYmFja2dyb3VuZC1yZXBlYXQ6cmVwZWF0LXk7CmJhY2tncm91bmQtcG9zaXRpb246IHJpZ2h0IHRvcDsKfQoqLwotLT4KPC9zdHlsZT4KCgo8dGFibGUgd2lkdGg9IjczMCIgYm9yZGVyPSIwIj48dHI+PHRkIGFsaWduPSJjZW50ZXIiPgoKCTxkaXY+PGltZyBzcmM9Imh0dHA6Ly9pbWFnZS5yYWt1dGVuLmNvLmpwL21lZGlzdG9jay9jYWJpbmV0L2hkL3NwLmdpZiIgaGVpZ2h0PSIyMCI+PC9kaXY+CgoKCgoKCgoJPGRpdj48aW1nIHNyYz0iaHR0cDovL2ltYWdlLnJha3V0ZW4uY28uanAvbWVkaXN0b2NrL2NhYmluZXQvYmFubmVyLzE3MDR3aW4uanBnIiB3aWR0aD0iNDY4IiBhbHQ9IqWopfOlyKXqqWAiIGJvcmRlcj0iMCI+PC9kaXY+Cgk8ZGl2PjxpbWcgc3JjPSJodHRwOi8vaW1hZ2UucmFrdXRlbi5jby5qcC9tZWRpc3RvY2svY2FiaW5ldC9oZC9zcC5naWYiIGhlaWdodD0iNSI+PC9kaXY+CgoKCgoJPGRpdj48aW1nIHNyYz0iaHR0cDovL2ltYWdlLnJha3V0ZW4uY28uanAvbWVkaXN0b2NrL2NhYmluZXQvYmFubmVyLzE2MDgwMWxzLmdpZiIgd2lkdGg9IjQ2OCIgYWx0PSKlqKXzpcil6qlgIiBib3JkZXI9IjAiPjwvZGl2PgoJPGRpdj48aW1nIHNyYz0iaHR0cDovL2ltYWdlLnJha3V0ZW4uY28uanAvbWVkaXN0b2NrL2NhYmluZXQvaGQvc3AuZ2lmIiBoZWlnaHQ9IjUiPjwvZGl2PgoKCgk8ZGl2PjxpbWcgc3JjPSJodHRwOi8vaW1hZ2UucmFrdXRlbi5jby5qcC9tZWRpc3RvY2svY2FiaW5ldC9iYW5uZXIvMTYwMTE4cHQ3LmpwZyIgd2lkdGg9IjQ2OCIgYWx0PSKlqKXzpcil6qlgIiBib3JkZXI9IjAiPjwvZGl2PgoJPGRpdj48aW1nIHNyYz0iaHR0cDovL2ltYWdlLnJha3V0ZW4uY28uanAvbWVkaXN0b2NrL2NhYmluZXQvaGQvc3AuZ2lmIiBoZWlnaHQ9IjUiPjwvZGl2PgoKCgoJPGRpdj48aW1nIHNyYz0iaHR0cDovL2ltYWdlLnJha3V0ZW4uY28uanAvbWVkaXN0b2NrL2NhYmluZXQvYmFubmVyLzE2MDgwMW51YS5qcGciIHdpZHRoPSI0NjgiIGFsdD0ipail86XIpeqpYCIgYm9yZGVyPSIwIj48L2Rpdj4KCTxkaXY+PGltZyBzcmM9Imh0dHA6Ly9pbWFnZS5yYWt1dGVuLmNvLmpwL21lZGlzdG9jay9jYWJpbmV0L2hkL3NwLmdpZiIgaGVpZ2h0PSI1Ij48L2Rpdj4KCgoJPGRpdj48aW1nIHNyYz0iaHR0cDovL2ltYWdlLnJha3V0ZW4uY28uanAvbWVkaXN0b2NrL2NhYmluZXQvYmFubmVyLzE2MDUwNnJndy5qcGciIHdpZHRoPSI0NjgiIGFsdD0ipail86XIpeqpYCIgYm9yZGVyPSIwIj48L2Rpdj4KCTxkaXY+PGltZyBzcmM9Imh0dHA6Ly9pbWFnZS5yYWt1dGVuLmNvLmpwL21lZGlzdG9jay9jYWJpbmV0L2hkL3NwLmdpZiIgaGVpZ2h0PSI1Ij48L2Rpdj4KCgoKCgoKCgk8ZGl2PjxpbWcgc3JjPSJodHRwOi8vaW1hZ2UucmFrdXRlbi5jby5qcC9tZWRpc3RvY2svY2FiaW5ldC9iYW5uZXIvMTYxMjAxdGIwNXAuanBnIiB3aWR0aD0iNDY4IiBhbHQ9IqXEqWCl66XQqWBQdDIiIGJvcmRlcj0iMCI+PC9kaXY+Cgk8ZGl2PjxpbWcgc3JjPSJodHRwOi8vaW1hZ2UucmFrdXRlbi5jby5qcC9tZWRpc3RvY2svY2FiaW5ldC9oZC9zcC5naWYiIGhlaWdodD0iNSI+PC9kaXY+CgoKCgk8ZGl2PjxpbWcgc3JjPSJodHRwOi8vaW1hZ2UucmFrdXRlbi5jby5qcC9tZWRpc3RvY2svY2FiaW5ldC9iYW5uZXIvMTYwNjAxdGIxMC5qcGciIHdpZHRoPSI0NjgiIGFsdD0is/WlxKlgpeul0KlgIiBib3JkZXI9IjAiPjwvZGl2PgoJPGRpdj48aW1nIHNyYz0iaHR0cDovL2ltYWdlLnJha3V0ZW4uY28uanAvbWVkaXN0b2NrL2NhYmluZXQvaGQvc3AuZ2lmIiBoZWlnaHQ9IjUiPjwvZGl2PgoKCgoJPGRpdj48aW1nIHNyYz0iaHR0cDovL2ltYWdlLnJha3V0ZW4uY28uanAvbWVkaXN0b2NrL2NhYmluZXQvYmFubmVyLzE1MTEwMWFwcC5qcGciIHdpZHRoPSI0NjgiIGFsdD0ipail86XIpeqpYCIgYm9yZGVyPSIwIj48L2Rpdj4KCTxkaXY+PGltZyBzcmM9Imh0dHA6Ly9pbWFnZS5yYWt1dGVuLmNvLmpwL21lZGlzdG9jay9jYWJpbmV0L2hkL3NwLmdpZiIgaGVpZ2h0PSI1Ij48L2Rpdj4KCgoKCgoKPGRpdj48aW1nIHNyYz0iaHR0cDovL2ltYWdlLnJha3V0ZW4uY28uanAvbWVkaXN0b2NrL2NhYmluZXQvcF9pbWcvYm5fYXRvLmdpZiIgd2lkdGg9IjQ2OCIgYWx0PSKjzqPQ4eGSQqSkIiBib3JkZXI9IjAiPjwvZGl2Pgo8ZGl2PjxpbWcgc3JjPSJodHRwOi8vaW1hZ2UucmFrdXRlbi5jby5qcC9tZWRpc3RvY2svY2FiaW5ldC9oZC9zcC5naWYiIGhlaWdodD0iNSI+PC9kaXY+CgoKPC90ZD48L3RyPjwvdGFibGU+,ob6l5KXepdKltaGhpaKlyaXhpaSlyKG/paKly6Xepeul1aXspfOluiCjzqPvo+mj86P5o9Sjz6PZIKTWpL+ktaTzoe+l2qXDpcjTw8a3IKH5pKrIoaTqvMSku8nMxrehvlJDUKG/ob4wMlAwM0RlYzE2ob+juqSipPOkt6TzzajYnKGhpeql6qlgpdU=,ob6l5KXepdKltaGhpaKlyaXhpaSlyKG/paKly6Xepeul1aXspfOluiCjzqPvo+mj86P5o9Sjz6PZIKTWpL+ktaTzoe+l2qXDpcjTw8a3IKH5pKrIoaTqvMSku8nMxrehvlJDUKG/ob4wMlAwM0RlYzE2ob8=,ob6l5KXepdKltaGhpaKlyaXhpaSlyKG/paKly6Xepeul1aXspfOluiCjzqPvo+mj86P5o9Sjz6PZIKTWpL+ktaTzoe+l2qXDpcjTw8a3IKH5pKrIoaTqvMSku8nMxrehvlJDUKG/ob4wMlAwM0RlYzE2ob8=[rn]
31-51759,aHR0cDovL3RzaG9wLnIxMHMuanAva2FpZ28vY2FiaW5ldC9zLzQ5ODQ5Mzc2NjIxMjcuanBnP2ZpdGluPTcwMDo3MDA=,Mjk3LjYwMDA=,,pdqlw6XIP6XapcOlyKWwpcOluiA+IMiu08PGtyA+IKSqpOKkwaTjID4gpMykpKSwpOuk3w==,ob4zNTAwg9KjqMuw3nqjqdLUyc+kx8vNwc+fb8HPob8gpdqlw6XEpeupYKXIoaGk4qSzpOKks6THpMOkq6SkpbqpYKW6qWClr6XeICg0OTg0OTM3NjYyMTI3KQ==,q0DO76Tyh3mk36S3pOGk67jQ0pmk8s62pO+kqKTrpOKks6TipLOlv6WkpdejoQ==,yczGt8P7o7ql2qXDpcSl66lgpcihoaTipLOk4qSzpMekw6SrpKSluqlgpbqpYKWvpd48YnI+xNrI3cG/o7oxgoA8YnI+pdal6aXzpcmjuqTipLOk4qSzpMekw6SrpKSluqlgpbqpYDxicj7Ura5iufqjutbQyEHIy8PxubK6zbn6PGJyPjxicj6rQM7vpPKHeaTfpLek4aTruNDSmaTyzrak76SopOuk4qSzpOKks6W/paSl16OhPGJyPqTHpMOkq6Skpbel6qlgpbqkzqtAzu+k8od5pN+kt6ThpOu40NKZpPLOtqTvpKik66TipLOk4qSzpb+lpKXXo6E8YnI+h3mk86TH1fGkw6S/pOmlq6Xppaul6dL0pKz4UaTqoaKkyKTGpOKk6KSv31uk06TepLmhozxicj48YnI+SkFOpbOpYKXJOjQ5ODQ5Mzc2NjIxMjc8YnI+PGJyPjxicj7JzMa3t6y6xaO6MTAxLTk0NzczPGJyPjxicj48YnI+PGJyPsf4t9Y6IMiu08PGtyA8YnI+PGJyPjxicj6O2rjmzsTYn6O6paKlw6XIpemlpKXV1urKvbvhyec8YnI+VEVMIDA3OS0yODAtMjExMzxicj6h+cnMxrel0aXDpbGpYKW4pM+J5Lj8pM6I9rrPpKKk6qGjPGJyPqXhqWClq6lgx7fGt6TepL+kz83qidOkzutIoaKlraXjpfOlu6XrpPKkqu6KpKSkuaTrpLOkyKSspKKk6qTepLmho6S0wcuz0KSvpMCktaSkoaM8YnI+PHN0eWxlIHR5cGU9InRleHQvY3NzIj4KPCEtLQoKc3Bhbi5jYXRjaF9jb3B5LApzcGFuLml0ZW1fbmFtZSB7CiAgbGluZS1oZWlnaHQ6IDE4MCU7Cn0KCi8qIKWtpeOlw6XBpbOl1Klgyc+yv6TLpeml2aXrpKykxKSvICovCnNwYW4uY2F0Y2hfY29weTpiZWZvcmUgewogICAgY29udGVudDogIsuw3nozLDUwMIPS0tTJz6THy83Bz59vwc8iOyAvKqXppdml68TapM7OxNHUKi8KICAgIHdpZHRoOiAyMDBweDsgLyql6aXZpeukzqW1paSluiovCiAgICBiYWNrZ3JvdW5kLWNvbG9yOiAjNTU1NTU1OyAvKqXppdml66TOyasqLwogICAgZm9udC1zaXplOiAxNHB4OwogICAgY29sb3I6ICNmZmY7CiAgICB0ZXh0LWFsaWduOiBjZW50ZXI7CiAgICBkaXNwbGF5OiBibG9jazsKICAgIHBhZGRpbmc6IDFweCA0cHg7CiAgICBtYXJnaW4tYm90dG9tOiA0cHg7CiAgICBib3JkZXItcmFkaXVzOiAycHg7CiAgICBjbGVhcjogYm90aDsKfQoKLyogyczGt8P7z8Kky76zvee+gKSsyOuk6yAqLwpzcGFuLml0ZW1fbmFtZSB7CiAgICBkaXNwbGF5OiBibG9jazsKICAgIGJvcmRlci1ib3R0b206IDJweCBkb3R0ZWQgI2RkZDsKICAgIHBhZGRpbmctYm90dG9tOiA4cHg7Cn0KCi8qIIH9uPGky5aYvoCkrKTEpK8gKi8KdGFibGUjcmFrdXRlbkxpbWl0ZWRJZF9jYXJ0IHsKICAgIGJhY2tncm91bmQtY29sb3I6ICNmOGY4Zjg7CiAgICBib3JkZXI6IDFweCBzb2xpZCAjZGRkOwogICAgcGFkZGluZzogOHB4OwogICAgbWFyZ2luOiAxNnB4IDA7Cn0KCnNwYW4ucHJpY2UxIHsKICAgIGNvbG9yOiAjMzMzICFpbXBvcnRhbnQ7CiAgICBmb250LXdlaWdodDogYm9sZDsKICAgIGZvbnQtc2l6ZTogODAlICFpbXBvcnRhbnQ7CiAgICBsaW5lLWhlaWdodDogMzBweDsKICAgIGRpc3BsYXk6IGlubGluZS1ibG9jazsKICAgIG1hcmdpbi1yaWdodDogMTZweDsKfQoKLS0+Cjwvc3R5bGU+,ob4zNTAwg9KjqMuw3nqjqdLUyc+kx8vNwc+fb8HPob8gpdqlw6XEpeupYKXIoaGk4qSzpOKks6THpMOkq6SkpbqpYKW6qWClr6XeICg0OTg0OTM3NjYyMTI3KaO6pdupYKXgpemlpKXV,venXb7ij7O2l2aXTqWDI1dPDxrfI1Z+GpLHWuaTh19O5qdPDpKqk4KTEpaKlxqXzpciloqXppaZhcmF1paKl7KXDpd2kzsqv+3ilq6W2pfOlvalgpdel0aXDpa+luaXKpcGl5aXtpfO+dqTOxKfFrrTzyMvTw6SqpOCkxKXqpdWl7JhJhNXTw6SqpOCkxKSqpOCkxKWqpa2lt6WvpeqpYKXzpdWloalgpdWloaWmpb+l3qXtob4zNTAwg9KjqMuw3nqjqdLUyc+kx8vNwc+fb8HPob8gpdqlw6XEpeupYKXIoaGk4qSzpOKks6THpMOkq6SkpbqpYKW6qWClr6XeICg0OTg0OTM3NjYyMTI3KQ==,q0DO76Tyh3mk36S3pOGk67jQ0pmk8s62pO+kqKTrpOKks6TipLOlv6WkpdejoaGjob4zNTAwg9KjqMuw3nqjqdLUyc+kx8vNwc+fb8HPob8gpdqlw6XEpeupYKXIoaGk4qSzpOKks6THpMOkq6SkpbqpYKW6qWClr6XeICg0OTg0OTM3NjYyMTI3KQ==[rn]
31-51760,aHR0cDovL3RzaG9wLnIxMHMuanAva2FpZ28vY2FiaW5ldC9zLzQ5ODQ5Mzc2NjA1MzYuanBnP2ZpdGluPTcwMDo3MDA=,MjA3LjIwMDA=,,pdqlw6XIP6XapcOlyKWwpcOluiA+IMiu08PGtyA+IKSqpOKkwaTjID4gpMykpKSwpOuk3w==,ob4zNTAwg9KjqMuw3nqjqdLUyc+kx8vNwc+fb8HPob8gpdqlw6XEpeupYKXIoaGl3qXzpd6l66W6qWCluqlgpdalvyAoNDk4NDkzNzY2MDUzNik=,h3mk4KTIpdSl5aXUpeXS9D/NtqSypL+k6qWzpe2ls6Xt3J6krKS3pL+k6qOh,yczGt8P7o7ql2qXDpcSl66lgpcihoaXepfOl3qXrpbqpYKW6qWCl1qW/PGJyPsTayN3Bv6O6MYKAPGJyPqXWpeml86XJo7ql3qXzpd6l66W6qWCluqlgPGJyPtStrmK5+qO61tDIQcjLw/G5srrNufo8YnI+PGJyPod5pOCkyKGipdSl5aXUpeXS9D88YnI+zbaksqS/pOqls6XtpbOl7dyepKykt6S/pOqkuaTrpMihoqTeoauk66SkhNPO76Ty17ekw6SrpLGkxt9bpNOk3qS5oaM8YnI+s9akw6TGjqKkw6TGpK+k699bpNOk4qTHpK2k3qS5oaM8YnI+PGJyPkpBTqWzqWClyTo0OTg0OTM3NjYwNTM2PGJyPjxicj48YnI+yczGt7esusWjujEwMS05NDc3OTxicj48YnI+PGJyPjxicj7H+LfWOiDIrtPDxrcgPGJyPjxicj48YnI+jtq45s7E2J+juqWipcOlyKXppaSl1dbqyr274cnnPGJyPlRFTCAwNzktMjgwLTIxMTM8YnI+ofnJzMa3pdGlw6WxqWCluKTPieS4/KTOiPa6z6SipOqhozxicj6l4algpaupYMe3xrek3qS/pM/N6onTpM7rSKGipa2l46Xzpbul66TypKruiqSkpLmk66SzpMikrKSipOqk3qS5oaOktMHLs9Ckr6TApLWkpKGjPGJyPjxzdHlsZSB0eXBlPSJ0ZXh0L2NzcyI+CjwhLS0KCnNwYW4uY2F0Y2hfY29weSwKc3Bhbi5pdGVtX25hbWUgewogIGxpbmUtaGVpZ2h0OiAxODAlOwp9CgovKiClraXjpcOlwaWzpdSpYMnPsr+ky6Xppdml66SspMSkryAqLwpzcGFuLmNhdGNoX2NvcHk6YmVmb3JlIHsKICAgIGNvbnRlbnQ6ICLLsN56Myw1MDCD0tLUyc+kx8vNwc+fb8HPIjsgLyql6aXZpevE2qTOzsTR1CovCiAgICB3aWR0aDogMjAwcHg7IC8qpeml2aXrpM6ltaWkpboqLwogICAgYmFja2dyb3VuZC1jb2xvcjogIzU1NTU1NTsgLyql6aXZpeukzsmrKi8KICAgIGZvbnQtc2l6ZTogMTRweDsKICAgIGNvbG9yOiAjZmZmOwogICAgdGV4dC1hbGlnbjogY2VudGVyOwogICAgZGlzcGxheTogYmxvY2s7CiAgICBwYWRkaW5nOiAxcHggNHB4OwogICAgbWFyZ2luLWJvdHRvbTogNHB4OwogICAgYm9yZGVyLXJhZGl1czogMnB4OwogICAgY2xlYXI6IGJvdGg7Cn0KCi8qIMnMxrfD+8/CpMu+s73nvoCkrMjrpOsgKi8Kc3Bhbi5pdGVtX25hbWUgewogICAgZGlzcGxheTogYmxvY2s7CiAgICBib3JkZXItYm90dG9tOiAycHggZG90dGVkICNkZGQ7CiAgICBwYWRkaW5nLWJvdHRvbTogOHB4Owp9CgovKiCB/bjxpMuWmL6ApKykxKSvICovCnRhYmxlI3Jha3V0ZW5MaW1pdGVkSWRfY2FydCB7CiAgICBiYWNrZ3JvdW5kLWNvbG9yOiAjZjhmOGY4OwogICAgYm9yZGVyOiAxcHggc29saWQgI2RkZDsKICAgIHBhZGRpbmc6IDhweDsKICAgIG1hcmdpbjogMTZweCAwOwp9CgpzcGFuLnByaWNlMSB7CiAgICBjb2xvcjogIzMzMyAhaW1wb3J0YW50OwogICAgZm9udC13ZWlnaHQ6IGJvbGQ7CiAgICBmb250LXNpemU6IDgwJSAhaW1wb3J0YW50OwogICAgbGluZS1oZWlnaHQ6IDMwcHg7CiAgICBkaXNwbGF5OiBpbmxpbmUtYmxvY2s7CiAgICBtYXJnaW4tcmlnaHQ6IDE2cHg7Cn0KCi0tPgo8L3N0eWxlPg==,ob4zNTAwg9KjqMuw3nqjqdLUyc+kx8vNwc+fb8HPob8gpdqlw6XEpeupYKXIoaGl3qXzpd6l66W6qWCluqlgpdalvyAoNDk4NDkzNzY2MDUzNimjuqXbqWCl4KXppaSl1Q==,venXb7ij7O2l2aXTqWDI1dPDxrfI1Z+GpLHWuaTh19O5qdPDpKqk4KTEpaKlxqXzpciloqXppaZhcmF1paKl7KXDpd2kzsqv+3ilq6W2pfOlvalgpdel0aXDpa+luaXKpcGl5aXtpfO+dqTOxKfFrrTzyMvTw6SqpOCkxKXqpdWl7JhJhNXTw6SqpOCkxKSqpOCkxKWqpa2lt6WvpeqpYKXzpdWloalgpdWloaWmpb+l3qXtob4zNTAwg9KjqMuw3nqjqdLUyc+kx8vNwc+fb8HPob8gpdqlw6XEpeupYKXIoaGl3qXzpd6l66W6qWCluqlgpdalvyAoNDk4NDkzNzY2MDUzNik=,h3mk4KTIpdSl5aXUpeXS9D/NtqSypL+k6qWzpe2ls6Xt3J6krKS3pL+k6qOhoaOhvjM1MDCD0qOoy7DeeqOp0tTJz6THy83Bz59vwc+hvyCl2qXDpcSl66lgpcihoaXepfOl3qXrpbqpYKW6qWCl1qW/ICg0OTg0OTM3NjYwNTM2KQ==[rn]
31-51761,aHR0cDovL3RzaG9wLnIxMHMuanAva2FpZ28vY2FiaW5ldC9zLzQ5ODQ5Mzc2NjA0MzcuanBnP2ZpdGluPTcwMDo3MDA=,MjA3LjIwMDA=,,pdqlw6XIP6XapcOlyKWwpcOluiA+IMiu08PGtyA+IKSqpOKkwaTjID4gpMykpKSwpOuk3w==,ob4zNTAwg9KjqMuw3nqjqdLUyc+kx8vNwc+fb8HPob8gpdqlw6XEpeupYKXIoaGl3qXzpd6l66XVpeupYKXEpbmlpKWrICg0OTg0OTM3NjYwNDM3KQ==,h3mk4KTIpdSl5aXUpeXS9D/NtqSypL+k6qWzpe2ls6Xt3J6krKS3pL+k6qOh,yczGt8P7o7ql2qXDpcSl66lgpcihoaXepfOl3qXrpdWl66lgpcSluaWkpas8YnI+xNrI3cG/o7oxgoA8YnI+pdal6aXzpcmjuqXepfOl3qXrpdWl66lgpcQ8YnI+1K2uYrn6o7rW0MhByMvD8bmyus25+jxicj48YnI+h3mk4KTIoaKl1KXlpdSl5dL0P822pLKkv6TqpbOl7aWzpe3cnqSspLekv6TqpLmk66TIoaKk3qGrpOukpLn7zu+k8te3pMOkq6SxpMbfW6TTpN6kuaGjs9akw6TGjqKkw6TGpK+k699bpNOk4qTHpK2k3qS5oaM8YnI+PGJyPkpBTqWzqWClyTo0OTg0OTM3NjYwNDM3PGJyPjxicj48YnI+yczGt7esusWjujEwMS05NDc4Mzxicj48YnI+PGJyPjxicj7H+LfWOiDIrtPDxrcgPGJyPjxicj48YnI+jtq45s7E2J+juqWipcOlyKXppaSl1dbqyr274cnnPGJyPlRFTCAwNzktMjgwLTIxMTM8YnI+ofnJzMa3pdGlw6WxqWCluKTPieS4/KTOiPa6z6SipOqhozxicj6l4algpaupYMe3xrek3qS/pM/N6onTpM7rSKGipa2l46Xzpbul66TypKruiqSkpLmk66SzpMikrKSipOqk3qS5oaOktMHLs9Ckr6TApLWkpKGjPGJyPjxzdHlsZSB0eXBlPSJ0ZXh0L2NzcyI+CjwhLS0KCnNwYW4uY2F0Y2hfY29weSwKc3Bhbi5pdGVtX25hbWUgewogIGxpbmUtaGVpZ2h0OiAxODAlOwp9CgovKiClraXjpcOlwaWzpdSpYMnPsr+ky6Xppdml66SspMSkryAqLwpzcGFuLmNhdGNoX2NvcHk6YmVmb3JlIHsKICAgIGNvbnRlbnQ6ICLLsN56Myw1MDCD0tLUyc+kx8vNwc+fb8HPIjsgLyql6aXZpevE2qTOzsTR1CovCiAgICB3aWR0aDogMjAwcHg7IC8qpeml2aXrpM6ltaWkpboqLwogICAgYmFja2dyb3VuZC1jb2xvcjogIzU1NTU1NTsgLyql6aXZpeukzsmrKi8KICAgIGZvbnQtc2l6ZTogMTRweDsKICAgIGNvbG9yOiAjZmZmOwogICAgdGV4dC1hbGlnbjogY2VudGVyOwogICAgZGlzcGxheTogYmxvY2s7CiAgICBwYWRkaW5nOiAxcHggNHB4OwogICAgbWFyZ2luLWJvdHRvbTogNHB4OwogICAgYm9yZGVyLXJhZGl1czogMnB4OwogICAgY2xlYXI6IGJvdGg7Cn0KCi8qIMnMxrfD+8/CpMu+s73nvoCkrMjrpOsgKi8Kc3Bhbi5pdGVtX25hbWUgewogICAgZGlzcGxheTogYmxvY2s7CiAgICBib3JkZXItYm90dG9tOiAycHggZG90dGVkICNkZGQ7CiAgICBwYWRkaW5nLWJvdHRvbTogOHB4Owp9CgovKiCB/bjxpMuWmL6ApKykxKSvICovCnRhYmxlI3Jha3V0ZW5MaW1pdGVkSWRfY2FydCB7CiAgICBiYWNrZ3JvdW5kLWNvbG9yOiAjZjhmOGY4OwogICAgYm9yZGVyOiAxcHggc29saWQgI2RkZDsKICAgIHBhZGRpbmc6IDhweDsKICAgIG1hcmdpbjogMTZweCAwOwp9CgpzcGFuLnByaWNlMSB7CiAgICBjb2xvcjogIzMzMyAhaW1wb3J0YW50OwogICAgZm9udC13ZWlnaHQ6IGJvbGQ7CiAgICBmb250LXNpemU6IDgwJSAhaW1wb3J0YW50OwogICAgbGluZS1oZWlnaHQ6IDMwcHg7CiAgICBkaXNwbGF5OiBpbmxpbmUtYmxvY2s7CiAgICBtYXJnaW4tcmlnaHQ6IDE2cHg7Cn0KCi0tPgo8L3N0eWxlPg==,ob4zNTAwg9KjqMuw3nqjqdLUyc+kx8vNwc+fb8HPob8gpdqlw6XEpeupYKXIoaGl3qXzpd6l66XVpeupYKXEpbmlpKWrICg0OTg0OTM3NjYwNDM3KaO6pdupYKXgpemlpKXV,venXb7ij7O2l2aXTqWDI1dPDxrfI1Z+GpLHWuaTh19O5qdPDpKqk4KTEpaKlxqXzpciloqXppaZhcmF1paKl7KXDpd2kzsqv+3ilq6W2pfOlvalgpdel0aXDpa+luaXKpcGl5aXtpfO+dqTOxKfFrrTzyMvTw6SqpOCkxKXqpdWl7JhJhNXTw6SqpOCkxKSqpOCkxKWqpa2lt6WvpeqpYKXzpdWloalgpdWloaWmpb+l3qXtob4zNTAwg9KjqMuw3nqjqdLUyc+kx8vNwc+fb8HPob8gpdqlw6XEpeupYKXIoaGl3qXzpd6l66XVpeupYKXEpbmlpKWrICg0OTg0OTM3NjYwNDM3KQ==,h3mk4KTIpdSl5aXUpeXS9D/NtqSypL+k6qWzpe2ls6Xt3J6krKS3pL+k6qOhoaOhvjM1MDCD0qOoy7DeeqOp0tTJz6THy83Bz59vwc+hvyCl2qXDpcSl66lgpcihoaXepfOl3qXrpdWl66lgpcSluaWkpasgKDQ5ODQ5Mzc2NjA0Mzcp[rn]
31-51762,aHR0cDovL3RzaG9wLnIxMHMuanAvYXQtbGlmZS9jYWJpbmV0L3MvNDk4NDkzNzY2MDQwNi5qcGc/Zml0aW49NzAwOjcwMA==,MTk0LjQwMDA=,,pdqlw6XIP6XapcOlyKWwpcOluiA+IMiu08PGtyA+IKSqpOKkwaTjID4gpMykpKSwpOuk3w==,pdqlw6XEpeupYKXIoaGl3qXzpd6l66XVpeupYKXEpaql7KXzpbggICggNDk4NDkzNzY2MDQwNiAp,h3mk4KTIpdSl5aXUpeXS9D/NtqSypL+k6qWzpe2ls6Xt3J6krKS3pL+k6qOh,yczGt8P7o7ql2qXDpcSl66lgpcihoaXepfOl3qXrpdWl66lgpcSlqqXspfOluDxicj7E2sjdwb+jujGCgDxicj6l1qXppfOlyaO6pd6l86Xepeul1aXrqWClxDxicj7Ura5iufqjutbQyEHIy8PxubK6zbn6PGJyPjxicj6HeaTgpMihoqXUpeWl1KXl0vQ/zbaksqS/pOqls6XtpbOl7dyepKykt6S/pOqkuaTrpMihoqTeoauk66SkufvO76Ty17ekw6SrpLGkxt9bpNOk3qS5oaOz1qTDpMaOoqTDpMakr6Tr31uk06TipMekraTepLmhozxicj48YnI+SkFOpbOpYKXJOjQ5ODQ5Mzc2NjA0MDY8YnI+PGJyPjxicj7JzMa3t6y6xaO6MTAxLTk0Nzg0PGJyPjxicj48YnI+PGJyPoqqwrfB982opbul86W/qWCjviDIrtPDxrcgPEJSPjxCUj48QlI+jtq45s7E2J+juqWipcOlyKXppaSl1dbqyr274cnnPEJSPlRFTCAwNzktMjgwLTIxMTM8QlI+ofnJzMa3pdGlw6WxqWCluKTPieS4/KTOiPa6z6SipOqhozxCUj6l4algpaupYMe3xrek3qS/pM/N6onTpM7rSKGipa2l46Xzpbul66TypKruiqSkpLmk66SzpMikrKSipOqk3qS5oaOktMHLs9Ckr6TApLWkpKGjPGJyPg==,pdqlw6XEpeupYKXIoaGl3qXzpd6l66XVpeupYKXEpaql7KXzpbggICggNDk4NDkzNzY2MDQwNiApo7qKqsK3wffNqKW7pfOlv6lg,yNXTw8a3pd6luaWvz7SEiKXVpaGpYKXVpaG4o7T8paqlraW3pa+l6qlgpfOz5qTopLHLzcHPn2/Bz6XPpaSl26lgpeC+dqTOxKfFrphJhNXTw6XRpcOlr6W5pcqlwaXlpe2l86WrpaSl7aXGpaOlw6W3peWl4aXppc5DQ6WrpaSl7aXZpdOpYKXapcOlxKXrqWClyKGhpd6l86Xepeul1aXrqWClxKWqpeyl86W4ICAoIDQ5ODQ5Mzc2NjA0MDYgKQ==,h3mk4KTIpdSl5aXUpeXS9D/NtqSypL+k6qWzpe2ls6Xt3J6krKS3pL+k6qOhoaOl2qXDpcSl66lgpcihoaXepfOl3qXrpdWl66lgpcSlqqXspfOluCAgKCA0OTg0OTM3NjYwNDA2ICk=[rn]
31-51763,aHR0cDovL3RzaG9wLnIxMHMuanAvYXQtbGlmZS9jYWJpbmV0L3MvNDk4NDkzNzY2MjA4MC5qcGc/Zml0aW49NzAwOjcwMA==,MzAyLjQwMDA=,,pdqlw6XIP6XapcOlyKWwpcOluiA+IMiu08PGtyA+IKSqpOKkwaTjID4gpMykpKSwpOuk3w==,pdqlw6XEpeupYKXIoaGk2KTzpMaks6W1pdWloaXqoaGlraXqpfMgICggNDk4NDkzNzY2MjA4MCAp,sb7E3KTytMy8pKOh1fGkw6TG4o+kztL0pKyYU6S3pKQ/,yczGt8P7o7ql2qXDpcSl66lgpcihoaTYpPOkxqSzpbWl1aWhpeqhoaWtpeql8zxicj7E2sjdwb+jujGCgDxicj6l1qXppfOlyaO6pNik86TGpLOltaXVpaGl6jxicj7Ura5iufqjutbQyEHIy8PxubK6zbn6PGJyPjxicj6xvsTcpPK0zLyko6HV8aTDpMbij6TO0vSkrJhTpLekpD88YnI+h3mk4KTIpdSl5aXUpeWkyLXRpM7S9KGi1fGkw6TG4o+kztL0pKyYU6S3pKQ/PGJyPqtAzu+k8rK2pOmkqKS/pKukzqTopKaky4+KpLWk8qWipdSpYKXrpLekxqTfpLuk3qS5oaM8YnI+PGJyPkpBTqWzqWClyTo0OTg0OTM3NjYyMDgwPGJyPjxicj48YnI+yczGt7esusWjujEwMS05NDgyMTxicj48YnI+PGJyPjxicj6KqsK3wffNqKW7pfOlv6lgo74gyK7Tw8a3IDxCUj48QlI+PEJSPo7auObOxNifo7qloqXDpcil6aWkpdXW6sq9u+HJ5zxCUj5URUwgMDc5LTI4MC0yMTEzPEJSPqH5yczGt6XRpcOlsalgpbikz4nkuPykzoj2us+koqTqoaM8QlI+peGpYKWrqWDHt8a3pN6kv6TPzeqJ06TO60ihoqWtpeOl86W7peuk8qSq7oqkpKS5pOuks6TIpKykoqTqpN6kuaGjpLTBy7PQpK+kwKS1pKShozxicj4=,pdqlw6XEpeupYKXIoaGk2KTzpMaks6W1pdWloaXqoaGlraXqpfMgICggNDk4NDkzNzY2MjA4MCApo7qKqsK3wffNqKW7pfOlv6lg,yNXTw8a3pd6luaWvz7SEiKXVpaGpYKXVpaG4o7T8paqlraW3pa+l6qlgpfOz5qTopLHLzcHPn2/Bz6XPpaSl26lgpeC+dqTOxKfFrphJhNXTw6XRpcOlr6W5pcqlwaXlpe2l86WrpaSl7aXGpaOlw6W3peWl4aXppc5DQ6WrpaSl7aXZpdOpYKXapcOlxKXrqWClyKGhpNik86TGpLOltaXVpaGl6qGhpa2l6qXzICAoIDQ5ODQ5Mzc2NjIwODAgKQ==,sb7E3KTytMy8pKOh1fGkw6TG4o+kztL0pKyYU6S3pKQ/oaOl2qXDpcSl66lgpcihoaTYpPOkxqSzpbWl1aWhpeqhoaWtpeql8yAgKCA0OTg0OTM3NjYyMDgwICk=[rn]
31-51764,aHR0cDovL3RzaG9wLnIxMHMuanAvYXQtbGlmZS9jYWJpbmV0L3MvNDk4NDkzNzY2MDM5MC5qcGc/Zml0aW49NzAwOjcwMA==,MTk0LjQwMDA=,,pdqlw6XIP6XapcOlyKWwpcOluiA+IMiu08PGtyA+IKSqpOKkwaTjID4gpMykpKSwpOuk3w==,pdqlw6XEpeupYKXIoaGl3qXzpd6l66XVpeupYKXEpaSlwaW0ICAoIDQ5ODQ5Mzc2NjAzOTAgKQ==,h3mk4KTIpdSl5aXUpeXS9D/NtqSypL+k6qWzpe2ls6Xt3J6krKS3pL+k6qOh,yczGt8P7o7ql2qXDpcSl66lgpcihoaXepfOl3qXrpdWl66lgpcSlpKXBpbQ8YnI+xNrI3cG/o7oxgoA8YnI+pdal6aXzpcmjuqXepfOl3qXrpdWl66lgpcQ8YnI+1K2uYrn6o7rW0MhByMvD8bmyus25+jxicj48YnI+h3mk4KTIoaKl1KXlpdSl5dL0P822pLKkv6TqpbOl7aWzpe3cnqSspLekv6TqpLmk66TIoaKk3qGrpOukpLn7zu+k8te3pMOkq6SxpMbfW6TTpN6kuaGjs9akw6TGjqKkw6TGpK+k699bpNOk4qTHpK2k3qS5oaM8YnI+PGJyPkpBTqWzqWClyTo0OTg0OTM3NjYwMzkwPGJyPjxicj48YnI+yczGt7esusWjujEwMS05NDc4NTxicj48YnI+PGJyPjxicj6KqsK3wffNqKW7pfOlv6lgo74gyK7Tw8a3IDxCUj48QlI+PEJSPo7auObOxNifo7qloqXDpcil6aWkpdXW6sq9u+HJ5zxCUj5URUwgMDc5LTI4MC0yMTEzPEJSPqH5yczGt6XRpcOlsalgpbikz4nkuPykzoj2us+koqTqoaM8QlI+peGpYKWrqWDHt8a3pN6kv6TPzeqJ06TO60ihoqWtpeOl86W7peuk8qSq7oqkpKS5pOuks6TIpKykoqTqpN6kuaGjpLTBy7PQpK+kwKS1pKShozxicj4=,pdqlw6XEpeupYKXIoaGl3qXzpd6l66XVpeupYKXEpaSlwaW0ICAoIDQ5ODQ5Mzc2NjAzOTAgKaO6iqrCt8H3zailu6Xzpb+pYA==,yNXTw8a3pd6luaWvz7SEiKXVpaGpYKXVpaG4o7T8paqlraW3pa+l6qlgpfOz5qTopLHLzcHPn2/Bz6XPpaSl26lgpeC+dqTOxKfFrphJhNXTw6XRpcOlr6W5pcqlwaXlpe2l86WrpaSl7aXGpaOlw6W3peWl4aXppc5DQ6WrpaSl7aXZpdOpYKXapcOlxKXrqWClyKGhpd6l86Xepeul1aXrqWClxKWkpcGltCAgKCA0OTg0OTM3NjYwMzkwICk=,h3mk4KTIpdSl5aXUpeXS9D/NtqSypL+k6qWzpe2ls6Xt3J6krKS3pL+k6qOhoaOl2qXDpcSl66lgpcihoaXepfOl3qXrpdWl66lgpcSlpKXBpbQgICggNDk4NDkzNzY2MDM5MCAp[rn]
31-51765,aHR0cDovL3RzaG9wLnIxMHMuanAvYXQtbGlmZS9jYWJpbmV0L3MvNDk4NDkzNzY2MDgzMy5qcGc/Zml0aW49NzAwOjcwMA==,MjgwLjAwMDA=,,pdqlw6XIP6XapcOlyKWwpcOluiA+IMiu08PGtyA+IKSqpOKkwaTjID4gpMykpKSwpOuk3w==,pdqlw6XEpeupYKXIoaGkx6TDpKukpKW6qWCluqlgoaGl6aWkpaql8yAgKCA0OTg0OTM3NjYwODMzICk=,4o/I66TqoaKxvsTcpPK0zLyko6GHeaTzpMfV8aTDpMaYU6S3pKQ/,yczGt8P7o7ql2qXDpcSl66lgpcihoaTHpMOkq6SkpbqpYKW6qWChoaXppaSlqqXzPGJyPsTayN3Bv6O6MYKAPGJyPqXWpeml86XJo7qkx6TDpKukpKW6qWCluqlgPGJyPtStrmK5+qO61tDIQcjLw/G5srrNufo8YnI+PGJyPuKPyOuk6qGisb7E3KTytMy8pKOhh3mk86TH1fGkw6TGmFOkt6SkPzxicj7QodDNyK6kz6GipMekw6SrpKSE087vpPKJ9NbQpMukyqTDpMaytqTppKik6KSmpMikt6TepLmhozxicj48YnI+SkFOpbOpYKXJOjQ5ODQ5Mzc2NjA4MzM8YnI+PGJyPjxicj7JzMa3t6y6xaO6MTAxLTk0ODIzPGJyPjxicj48YnI+PGJyPoqqwrfB982opbul86W/qWCjviDIrtPDxrcgPEJSPjxCUj48QlI+jtq45s7E2J+juqWipcOlyKXppaSl1dbqyr274cnnPEJSPlRFTCAwNzktMjgwLTIxMTM8QlI+ofnJzMa3pdGlw6WxqWCluKTPieS4/KTOiPa6z6SipOqhozxCUj6l4algpaupYMe3xrek3qS/pM/N6onTpM7rSKGipa2l46Xzpbul66TypKruiqSkpLmk66SzpMikrKSipOqk3qS5oaOktMHLs9Ckr6TApLWkpKGjPGJyPg==,pdqlw6XEpeupYKXIoaGkx6TDpKukpKW6qWCluqlgoaGl6aWkpaql8yAgKCA0OTg0OTM3NjYwODMzICmjuoqqwrfB982opbul86W/qWA=,yNXTw8a3pd6luaWvz7SEiKXVpaGpYKXVpaG4o7T8paqlraW3pa+l6qlgpfOz5qTopLHLzcHPn2/Bz6XPpaSl26lgpeC+dqTOxKfFrphJhNXTw6XRpcOlr6W5pcqlwaXlpe2l86WrpaSl7aXGpaOlw6W3peWl4aXppc5DQ6WrpaSl7aXZpdOpYKXapcOlxKXrqWClyKGhpMekw6SrpKSluqlgpbqpYKGhpemlpKWqpfMgICggNDk4NDkzNzY2MDgzMyAp,4o/I66TqoaKxvsTcpPK0zLyko6GHeaTzpMfV8aTDpMaYU6S3pKQ/oaOl2qXDpcSl66lgpcihoaTHpMOkq6SkpbqpYKW6qWChoaXppaSlqqXzICAoIDQ5ODQ5Mzc2NjA4MzMgKQ==[rn]
31-51766,aHR0cDovL3RzaG9wLnIxMHMuanAvYXQtbGlmZS9jYWJpbmV0L2IvNDk3NjU1NTg0MzgxMS5qcGc/Zml0aW49NzAwOjcwMA==,Mzk2LjAwMDA=,,pdqlw6XIP6XapcOlyKWwpcOluiA+IMiu08PGtyA+IKSqpOKkwaTjID4gpMykpKSwpOuk3w==,pcmlrqlgpd6l86XPpeSltyCkuKTjpOzDqCClsaXqpbGl6qXNpbOl0algIKWvpe2ky6TjpPMgKCA0OTc2NTU1ODQzODExICk=,,yczGt8P7o7qlraXjpcalo6lgpd6l86GhpLik46Tsw6ihoaWxpeqlsaXqpc2ls6XRqWChoaWvpe2ky6TjpPM8YnI+xNrI3cG/o7oxgoA8YnI+pdal6aXzpcmjuqWtpeOlxqWjqWCl3qXzPGJyPtStrmK5+qO61tDIQcjLw/G5srrNufo8YnI+PGJyPqTNpLOkwaTjpPOkrKGigUnX46THpa6l5aXDpMixp6StpMSkraTkpLmkpKW1paSluqOhPGJyPjxicj5KQU6ls6lgpck6NDk3NjU1NTg0MzgxMTxicj48YnI+PGJyPsnMxre3rLrFo7oxMDEtOTE5MTU8YnI+PGJyPjxicj48YnI+PGJyPqTNpLOkwaTjpPOkrIFJ1+Okx6WupeWlw6TIsaeksaTrpbWlpKW6pM7DqNPDzea+36THpLmho6S1pOmky6S4pOOk7KTG0ru+d6TL31uk2aTroaKlt6Xjpault6XjpavI66TqpLekw6TdoaMgyrnTw7e9t6ggofHfW6TTt72ky6SqpKSk8tDhpKyku6S/pOqhorTOpM6k6KSmpMvFZM62pPKz1qS/pLukxqSrpOmhot9bpNOk3qS3pOekpqGjKNK7vneky6S4pOOk7KSipMOkxt9bpNaI9rrPKT+kpKTDpL+k8+tMpLekxqTBpOmkw6TI0oqku6S/pOqhoqS3pMOk3aTOpbel46Wrpbel46WrpPL4UaTppLekv6TqpLekxqTfpN6kt6TnpKahoz+k5qTppOak6ZNlpOmkt6S/pOqhoqS1pMOkyKTipM6kq6SypMvrTKS3pL+k6qGi1+OkyqTJpMukwaTnpKSkwaTnpKSkyLSlpMOkv6TqoaOk3qS/oaKkwaTnpLOkwaTnpLOkuaTQpOSkr4TTpKuku6TQoaLh96pksb7E3KSspN6kuaTepLmkq6StpL+kxqTppOykxqGimFOkt6Sv31uk06TepLmhoyik0qTIpOrfW6TTpM6ksaTqpLCk66TfpM6I9rrPKT/dWKSvhNOkq6S5pOikpqTLpLekxtKKpLukxqSrpOmhoqS9pM6k3qTew6iky9PrpKikv6TqoaKl2aXDpcmk5MOopKzI66TDpMbfW6TZpOu8iLT8oaLP5KTO1tCky8jrpOykxqTfpN6kt6TnpKahoz+k3qS/pL+k0yiEZYnTKaTypNWk6qSrpLGkxqGixWTOtqTys9akv6S7pOukzqTipKqkuaS5pOGkx6S5oaMgpLTXotLiINPDzb6hooydz/Ok8srYpMOkxqS0yrnTw6SvpMCktaSkoaOh+crLmJSky6TEpKSkxqTPoaLT6LjmpMqkr4nkuPykuaTriPa6z6SspKKk6qTepLmho6H5pdGlw6WxqWCluKTL05vdZKS3pMakoqTrobrIoZJR1WjD95X4obuk8rHYpLqkqtVppN+kpKS/pMCkrdX9pLekr6SqyrmkpKSvpMCktaSkoaObQaTspL+kyKStpM+l0aXDpbGpYKW4pMux7dObpLekxqSipOvPtOWqpMvpdqS5pOux7cq+pd6pYKWvpMuPvqSkoaLLrs+0pKSkt6Gi3Vikr71npMOkxrjJpLek3qS5oaPW0KTepMekt6TDpKuk6sespKukt6TGpKuk6cq508Okt6TGpK+kwKS1pKSho5/hnKvP+7a+pPKkt6S/pOqhosavsNeEiKGipbel86XKqWChoqXZpfOluKXzoaKloqXrpbOpYKXrpMqkyaTPyrnTw6S3pMqkpKTHpK+kwKS1pKShoyCyxNl8IMn6tdijuqXdpeqlqKW5pcal69bQpO+kv6O6pd2l6qWopbmlxqXrpbel46Wrpbel46Wro7ql3aXqpdel7aXUpeyl8yDUra5iufog1tC5+iA8QlI+PEJSPjxCUj6O2rjmzsTYn6O6paKlw6XIpemlpKXV1urKvbvhyec8QlI+VEVMIDA3OS0yODAtMjExMzxCUj6h+cnMxrel0aXDpbGpYKW4pM+J5Lj8pM6I9rrPpKKk6qGjPEJSPqXhqWClq6lgx7fGt6TepL+kz83qidOkzutIoaKlraXjpfOlu6XrpPKkqu6KpKSkuaTrpLOkyKSspKKk6qTepLmho6S0wcuz0KSvpMCktaSkoaM8YnI+,pcmlrqlgpd6l86XPpeSltyCkuKTjpOzDqCClsaXqpbGl6qXNpbOl0algIKWvpe2ky6TjpPMgKCA0OTc2NTU1ODQzODExICmjuoqqwrfB982opbul86W/qWA=,yNXTw8a3pd6luaWvz7SEiKXVpaGpYKXVpaG4o7T8paqlraW3pa+l6qlgpfOz5qTopLHLzcHPn2/Bz6XPpaSl26lgpeC+dqTOxKfFrphJhNXTw6XRpcOlr6W5pcqlwaXlpe2l86WrpaSl7aXGpaOlw6W3peWl4aXppc5DQ6WrpaSl7aXZpdOpYKXJpa6pYKXepfOlz6XkpbcgpLik46Tsw6ggpbGl6qWxpeqlzaWzpdGpYCClr6XtpMuk46TzICggNDk3NjU1NTg0MzgxMSAp,pcmlrqlgpd6l86XPpeSltyCkuKTjpOzDqCClsaXqpbGl6qXNpbOl0algIKWvpe2ky6TjpPMgKCA0OTc2NTU1ODQzODExICk=[rn]
31-51767,aHR0cDovL3RzaG9wLnIxMHMuanAvc2VsZWN0cGx1cy9jYWJpbmV0L3N1cGVyMjMvMzE5MDAtMS5qcGc/Zml0aW49NzAwOjcwMA==,MTU4OS42MDAw,,pdqlw6XIP6XapcOlyKWwpcOluiA+IMiu08PGtyA+IKSqpOKkwaTjID4gpMykpKSwpOuk3w==,pdqlw6XIpcilpKGhpbWpYKXipfOjqDMxOTAwo6kgIKG+y83Bz59vwc+hvyil2qXDpcjTw8a3oaLIrtPDxrehoqXJpcOlsKWipaSlxqXgoaLN5r7foaKkqqTipMGk4yk=,w8DOtqS3pL2kpqTK0MKOhvVxpPLIrqTOpKqk4qTBpOOky6S3pMGk46SkpN6kt6S/Pw==,PCEtLaWtpeOl6aWvpb+pYC0tPgoKPHRhYmxlIHdpZHRoPSIzNTAiIGJvcmRlcj0iMCIgY2VsbHBhZGRpbmc9IjAiIGNlbGxzcGFjaW5nPSIwIiBjbGFzcz0iYWFhYSI+CiAgPHRyPgogICAgPHRkIGNvbHNwYW49IjYiPgogICAgPGEgaHJlZj0iaHR0cDovL2l0ZW0ucmFrdXRlbi5jby5qcC9zZWxlY3RwbHVzL2MvMDAwMDAwMDYxMS8iIHRhcmdldD0iX2JsYW5rIj48aW1nIHNyYz0iaHR0cDovL2ltYWdlLnJha3V0ZW4uY28uanAvc2VsZWN0cGx1cy9jYWJpbmV0L3RvcF9zb3phaS9jaGFyYWN0ZXIwMS5qcGciIGFsdD0ipa2l46Xppa+lv6lgIiBoc3BhY2U9IjAiIHZzcGFjZT0iMCIgYm9yZGVyPSIwIj48L2E+PC90ZD4KICA8L3RyPgogIDx0cj4KICAgIDx0ZD48YSBocmVmPSJodHRwOi8vaXRlbS5yYWt1dGVuLmNvLmpwL3NlbGVjdHBsdXMvYy8wMDAwMDAwNzYyLyIgdGFyZ2V0PSJfYmxhbmsiPjxpbWcgc3JjPSJodHRwOi8vaW1hZ2UucmFrdXRlbi5jby5qcC9zZWxlY3RwbHVzL2NhYmluZXQvdG9wX3NvemFpL2NoYXJhY3RlcjAyLmpwZyIgYWx0PSKlz6XtqWClraXGpaMiIGhzcGFjZT0iMCIgdnNwYWNlPSIwIiBib3JkZXI9IjAiPjwvYT48L3RkPgogICAgPHRkPjxhIGhyZWY9Imh0dHA6Ly9pdGVtLnJha3V0ZW4uY28uanAvc2VsZWN0cGx1cy9jLzAwMDAwMDA3NjMvIiB0YXJnZXQ9Il9ibGFuayI+PGltZyBzcmM9Imh0dHA6Ly9pbWFnZS5yYWt1dGVuLmNvLmpwL3NlbGVjdHBsdXMvY2FiaW5ldC90b3Bfc296YWkvY2hhcmFjdGVyMDMuanBnIiBhbHQ9IqXHpaOluqXLqWAiIGhzcGFjZT0iMCIgdnNwYWNlPSIwIiBib3JkZXI9IjAiPjwvYT48L3RkPgogICAgPHRkPjxhIGhyZWY9Imh0dHA6Ly9pdGVtLnJha3V0ZW4uY28uanAvc2VsZWN0cGx1cy9jLzAwMDAwMDA4MDMvIiB0YXJnZXQ9Il9ibGFuayI+PGltZyBzcmM9Imh0dHA6Ly9pbWFnZS5yYWt1dGVuLmNvLmpwL3NlbGVjdHBsdXMvY2FiaW5ldC90b3Bfc296YWkvY2hhcmFjdGVyMDQuanBnIiBhbHQ9IqWipfOl0aXzpd6l8yIgaHNwYWNlPSIwIiB2c3BhY2U9IjAiIGJvcmRlcj0iMCI+PC9hPjwvdGQ+CiAgICA8dGQ+PGEgaHJlZj0iaHR0cDovL2l0ZW0ucmFrdXRlbi5jby5qcC9zZWxlY3RwbHVzL2MvMDAwMDAwMDgxNS8iIHRhcmdldD0iX2JsYW5rIj48aW1nIHNyYz0iaHR0cDovL2ltYWdlLnJha3V0ZW4uY28uanAvc2VsZWN0cGx1cy9jYWJpbmV0L3RvcF9zb3phaS9jaGFyYWN0ZXIwNS5qcGciIGFsdD0iT05FIFBJRUNFIiBoc3BhY2U9IjAiIHZzcGFjZT0iMCIgYm9yZGVyPSIwIj48L2E+PC90ZD4KICAgICA8L3RyPgogICAgIDx0ciBhbGlnbj0iY2VudGVyIj4KICAgIDx0ZD48Zm9udCBzaXplPSIyIj48YSBocmVmPSJodHRwOi8vaXRlbS5yYWt1dGVuLmNvLmpwL3NlbGVjdHBsdXMvYy8wMDAwMDAwNzYyLyIgdGFyZ2V0PSJfYmxhbmsiPqXPpe2pYKWtpcalozwvYT48L2ZvbnQ+PC90ZD4KICAgIDx0ZD48Zm9udCBzaXplPSIyIj48YSBocmVmPSJodHRwOi8vaXRlbS5yYWt1dGVuLmNvLmpwL3NlbGVjdHBsdXMvYy8wMDAwMDAwNzYzLyIgdGFyZ2V0PSJfYmxhbmsiPqXHpaOluqXLqWA8L2E+PC9mb250PjwvdGQ+CiAgICA8dGQ+PGZvbnQgc2l6ZT0iMiI+PGEgaHJlZj0iaHR0cDovL2l0ZW0ucmFrdXRlbi5jby5qcC9zZWxlY3RwbHVzL2MvMDAwMDAwMDgwMy8iIHRhcmdldD0iX2JsYW5rIj6loqXzpdGl86XepfM8L2E+PC9mb250PjwvdGQ+CiAgICA8dGQ+PGZvbnQgc2l6ZT0iMiI+PGEgaHJlZj0iaHR0cDovL2l0ZW0ucmFrdXRlbi5jby5qcC9zZWxlY3RwbHVzL2MvMDAwMDAwMDgxNSIgdGFyZ2V0PSJfYmxhbmsiPk9ORSBQSUVDRTwvYT48L2ZvbnQ+PC90ZD4KICAgICA8L3RyPgogICAgIDx0cj4KICAgICA8dGQ+PGEgaHJlZj0iaHR0cDovL2l0ZW0ucmFrdXRlbi5jby5qcC9zZWxlY3RwbHVzL2MvMDAwMDAwMDgxNi8iIHRhcmdldD0iX2JsYW5rIj48aW1nIHNyYz0iaHR0cDovL2ltYWdlLnJha3V0ZW4uY28uanAvc2VsZWN0cGx1cy9jYWJpbmV0L3RvcF9zb3phaS9jaGFyYWN0ZXIwNi5qcGciIGFsdD0ipbmlzKlgpdSpYCIgaHNwYWNlPSIwIiB2c3BhY2U9IjAiIGJvcmRlcj0iMCI+PC9hPjwvdGQ+CiAgICA8dGQ+PGEgaHJlZj0iaHR0cDovL2l0ZW0ucmFrdXRlbi5jby5qcC9zZWxlY3RwbHVzL2MvMDAwMDAwMDgxNy8iIHRhcmdldD0iX2JsYW5rIj48aW1nIHNyYz0iaHR0cDovL2ltYWdlLnJha3V0ZW4uY28uanAvc2VsZWN0cGx1cy9jYWJpbmV0L3RvcF9zb3phaS9jaGFyYWN0ZXIwNy5qcGciIGFsdD0ipeql6aXDpa+l3iIgaHNwYWNlPSIwIiB2c3BhY2U9IjAiIGJvcmRlcj0iMCI+PC9hPjwvdGQ+CiAgICA8dGQ+PGEgaHJlZj0iaHR0cDovL2l0ZW0ucmFrdXRlbi5jby5qcC9zZWxlY3RwbHVzL2MvMDAwMDAwMDgxOC8iIHRhcmdldD0iX2JsYW5rIj48aW1nIHNyYz0iaHR0cDovL2ltYWdlLnJha3V0ZW4uY28uanAvc2VsZWN0cGx1cy9jYWJpbmV0L3RvcF9zb3phaS9jaGFyYWN0ZXIwOC5qcGciIGFsdD0ipcml6aSopOKk8yIgaHNwYWNlPSIwIiB2c3BhY2U9IjAiIGJvcmRlcj0iMCI+PC9hPjwvdGQ+CiAgICA8dGQ+PGEgaHJlZj0iaHR0cDovL2l0ZW0ucmFrdXRlbi5jby5qcC9zZWxlY3RwbHVzL2MvMDAwMDAwMDg0Ni8iIHRhcmdldD0iX2JsYW5rIj48aW1nIHNyYz0iaHR0cDovL2ltYWdlLnJha3V0ZW4uY28uanAvc2VsZWN0cGx1cy9jYWJpbmV0L3RvcF9zb3phaS9jaGFyYWN0ZXIwOS5qcGciIGFsdD0ipaKl66XRpasiIGhzcGFjZT0iMCIgdnNwYWNlPSIwIiBib3JkZXI9IjAiPjwvYT48L3RkPgogIDwvdHI+CiAgPHRyPgogIDx0ciBhbGlnbj0iY2VudGVyIj4KICAgIDx0ZD48Zm9udCBzaXplPSIyIj48YSBocmVmPSJodHRwOi8vaXRlbS5yYWt1dGVuLmNvLmpwL3NlbGVjdHBsdXMvYy8wMDAwMDAwODE2LyIgdGFyZ2V0PSJfYmxhbmsiPqW5pcypYKXUqWA8L2E+PC9mb250PjwvdGQ+CiAgICA8dGQ+PGZvbnQgc2l6ZT0iMiI+PGEgaHJlZj0iaHR0cDovL2l0ZW0ucmFrdXRlbi5jby5qcC9zZWxlY3RwbHVzL2MvMDAwMDAwMDgxNy8iIHRhcmdldD0iX2JsYW5rIj6l6qXppcOlr6XePC9hPjwvZm9udD48L3RkPgogICAgPHRkPjxmb250IHNpemU9IjIiPjxhIGhyZWY9Imh0dHA6Ly9pdGVtLnJha3V0ZW4uY28uanAvc2VsZWN0cGx1cy9jLzAwMDAwMDA4MTgvIiB0YXJnZXQ9Il9ibGFuayI+pcml6aSopOKk8zwvYT48L2ZvbnQ+PC90ZD4KICAgIDx0ZD48Zm9udCBzaXplPSIyIj48YSBocmVmPSJodHRwOi8vaXRlbS5yYWt1dGVuLmNvLmpwL3NlbGVjdHBsdXMvYy8wMDAwMDAwODQ2LyIgdGFyZ2V0PSJfYmxhbmsiPqWipeul0aWrPC9hPjwvZm9udD48L3RkPgogIDwvdHI+CjwvdGFibGU+Cjxicj4KPGJyPgo8YnI+CjwhLS2lraXjpemlr6W/qWCks6SzpN6kxy0tPjwvZGl2PgoKCgoKCgoKCgo8YnI+CjxpbWcgc3JjPSJodHRwOi8vaW1hZ2UucmFrdXRlbi5jby5qcC9zZWxlY3RwbHVzL2NhYmluZXQvc3VwZXIyMy8zMTkwMC0xLmpwZyI+PGJyPjxpbWcgc3JjPSJodHRwOi8vaW1hZ2UucmFrdXRlbi5jby5qcC9zZWxlY3RwbHVzL2NhYmluZXQvc3VwZXIyMy8zMTkwMC0yLmpwZyI+PGJyPqTEpOSkxKTk1qykzqTOpMOkxqSkpL2kpqTKyau6z6SkpMihor/apPKkoqSxpMakuKTDpMjSiqTEpOGk6+6GpKylsKXDpMjAtKTepLmhozxicj4K5erOsqTLuLakpKS/v0mk4qXqpaKl66THoaKlt6XjpcOlv6lgpcGl46Xzpbmk4sqipOqkwKSvpLWk86GjPGJyPgrSu753pMvfW6TZpOul2qXDpcilyKWkpMel2qXDpcikyKTepLmk3qS51tnBvKSvpMqk7KS9pKahozxicj4K0MKOhvVxpM+lraXlpcOlraXloaKlq6W3peOlq6W3peOhoqTI0vSkrKS3pN6kuaGjPGJyPjxicj4KofaltaWkpbo/yN3Bv6O6vHNIOGNtIHggVzVjbSB4IEwzM2NtPGJyPgqh9svYssQ/s8m31qO6pd2l6qWopbmlxqXrPGJyPgo8YnI+CsihpOq8xKS7yczGt6TOnumhoqSqveyksaSsMd9M6WezzLbIpKukq6TriPa6z6SspKKk6qTepLmhozxicj6xsbqjtcA/m1+/ST/reI11pM+EZc2+y83Bz6SssdjSqqTIpMqk6qTepLmhozxicj7U2o7suPzQwqTOpb+lpKXfpfOlsKTLpOik6qGi1NqO7MfQpOykzoj2us+kz6WtpeOl86W7peuktaS7pMakpKS/pMCkr7/JxNzQ1KSspKKk6qTepLmhowo8YnI+PGJyPkxpY2Vuc2VkIGJ5IEJFU1RFVkVSIEpBUEFOIENvLixMdGQuPGhyIHdpZHRoPSI2MDAiIGNvbG9yPSIjQ0MzMzY2IiBhbGlnbj0ibGVmdCI+,pdqlw6XIpcilpKGhpbWpYKXipfOjqDMxOTAwo6kgIKG+y83Bz59vwc+hvyil2qXDpcjTw8a3oaLIrtPDxrehoqXJpcOlsKWipaSlxqXgoaLN5r7foaKkqqTipMGk4ymjuqW7peylr6XIpdel6aW5,pMykpKSwpOuk36W7peylr6XIpdel6aW5paypYKXHpcul86WwpdClw6WwsryH4qXVpaGlw6W3peel88PAyN29ob+1pcClpKWopcOlyKWtpeOl6aWvpb+pYKWwpcOlusfevt/X1Nye3IfRYdX9z8LXxZVy04ulpKXzpcal6qWipa2lw6XBpfPTw8a3pd6lw6W1qWCluKSrpNCk8+tq2JuluaXqpeCl2qXDpcilyKWkoaGltalgpeKl86OoMzE5MDCjqSAgob7LzcHPn2/Bz6G/KKXapcOlyNPDxrehosiu08PGt6Gipcmlw6WwpaKlpKXGpeChos3mvt+hoqSqpOKkwaTjKQ==,w8DOtqS3pL2kpqTK0MKOhvVxpPLIrqTOpKqk4qTBpOOky6S3pMGk46SkpN6kt6S/P6Gjpdqlw6XIpcilpKGhpbWpYKXipfOjqDMxOTAwo6kgIKG+y83Bz59vwc+hvyil2qXDpcjTw8a3oaLIrtPDxrehoqXJpcOlsKWipaSlxqXgoaLN5r7foaKkqqTipMGk4yk=[rn]
31-51768,aHR0cDovL3RzaG9wLnIxMHMuanAvYXQtbGlmZS9jYWJpbmV0L2UvNDk3NjU1NTg0MjYyMy5qcGc/Zml0aW49NzAwOjcwMA==,MjE0LjQwMDA=,,pdqlw6XIP6XapcOlyKWwpcOluiA+IMOo08PGtyA+IKSqpOKkwaTjID4gw6ikuKTjpOmktw==,pcmlrqlgpd6l86S4pOOk7MOooaGkoqS9pNOhoaOysb7I66TqICggpc2ls9PDpKqk4qTBpOM/zea+3yApICggNDk3NjU1NTg0MjYyMyAp,,PHA+pbmlxqWjpcOlr6W/paSl16TOpKqk4qTBpOOho6SqtcOkyjKxvqW7pcOlyKGjPGJyPqHxjJ3P86O6w6g8YnI+PGJyPsn6pK2kxqSkpOuYlKTKhNOkraSss/aku6TroaLhnqTquM2lv6WkpdekzpDbw6jTw6SqpOKkwaTjoaPIq+lMMzBjbaTOsPSk8qSmpN6kr4TT1/ekuaTrtsiky6S9pOyk6aSsmFOkt6SvhNOkr6SqpOKkwaTjoaNbjJ3P8zrDqF0gPGJyPjxicj7M7Mi7w6vGpKTOpKqk4qTBpOOkyqTOpMfDqKTBpOOk84n01tA8YnI+zOzIu6TOw6vGpKSss9akxITTpK2kyNl8uNCky8OopMGk46TzpOKJ9NbQpMekuaGjPGJyPjxicj48YnI+w6ikwaTjpPOkyNfuuN+kzqWzpd+l5aXLpbGpYKW3peel8zxicj7DqKTBpOOk86TOpLOkyKTy0ru3rNaqpMOkxqSkpOukqr/NmJSktNfUye2krITTpKukuaSzpMikx8OopMGk46TzpOLLvKSkpMOkraTq31uk06TepLmhozwvcD48QlI+PEJSPjxCUj6O2rjmzsTYn6O6paKlw6XIpemlpKXV1urKvbvhyec8QlI+VEVMIDA3OS0yODAtMjExMzxCUj6h+cnMxrel0aXDpbGpYKW4pM+J5Lj8pM6I9rrPpKKk6qGjPEJSPqXhqWClq6lgx7fGt6TepL+kz83qidOkzutIoaKlraXjpfOlu6XrpPKkqu6KpKSkuaTrpLOkyKSspKKk6qTepLmho6S0wcuz0KSvpMCktaSkoaM8YnI+,pcmlrqlgpd6l86S4pOOk7MOooaGkoqS9pNOhoaOysb7I66TqICggpc2ls9PDpKqk4qTBpOM/zea+3yApICggNDk3NjU1NTg0MjYyMyApo7qKqsK3wffNqKW7pfOlv6lg,yNXTw8a3pd6luaWvz7SEiKXVpaGpYKXVpaG4o7T8paqlraW3pa+l6qlgpfOz5qTopLHLzcHPn2/Bz6XPpaSl26lgpeC+dqTOxKfFrphJhNXTw6XRpcOlr6W5pcqlwaXlpe2l86WrpaSl7aXGpaOlw6W3peWl4aXppc5DQ6WrpaSl7aXZpdOpYKXJpa6pYKXepfOkuKTjpOzDqKGhpKKkvaTToaGjsrG+yOuk6iAoIKXNpbPTw6SqpOKkwaTjP83mvt8gKSAoIDQ5NzY1NTU4NDI2MjMgKQ==,pcmlrqlgpd6l86S4pOOk7MOooaGkoqS9pNOhoaOysb7I66TqICggpc2ls9PDpKqk4qTBpOM/zea+3yApICggNDk3NjU1NTg0MjYyMyAp[rn]
31-51769,aHR0cDovL3RzaG9wLnIxMHMuanAvYXQtbGlmZS9jYWJpbmV0L2UvNDk3NjU1NTg0Mjg2OS5qcGc/Zml0aW49NzAwOjcwMA==,MTUzLjYwMDA=,,pdqlw6XIP6XapcOlyKWwpcOluiA+IMOo08PGtyA+IKSqpOKkwaTjID4gw6ikuKTjpOmktw==,pcmlrqlgpd6l8yCkuKTjpOzDqKGh1ua3taTqICggw6jTw6SqpOKkwaTjP83mvt8gKSAoIDQ5NzY1NTU4NDI4NjkgKQ==,,PHA+PGJyPqSvpMOkxKSkpMakpKTrpM6kz6GipL+kr6S1pPOkztPwoaPSsPhCpPLEo6S3pL+l4qXBqWCl1aSspMSkpKS/4Z6k6rjNpb+lpKXXpM7ij6TEpK2kqqTipMGk46GjPGJyPqHxyfqkraTGpKSk66TopKaky4TTpKukt6TGoaLDqKTOxWTOtqTy0v2krbzEpLuk3qS5oaM8YnI+ofG4zaTO6UyktaTPMjVjbaTHoaLKuaSkpOSkuaSkpbmlv6XzpcCpYKXJpMqluaW/paSl66THpLmhozxicj48YnI+PGJyPqG+1K2yxMHPob/4QqTO0/ChoqXdpeql16XtpdSl7KXzPGJyPjxicj48YnI+ob7JzMa3pbWlpKW6ob9XNzBYRDMwWEgzOTBtbTxicj48YnI+PGJyPjxicj6lyaWuqWCl3qXzpc+l5KW3PGJyPjUzNy0wMDAyILTz2ua4rrTz2ubK0JZ8s8nH+Mnuva3EzzEtMTYtMTQ8YnI+MDYtNjk3Ny04NTAxPGJyPjxicj48YnI+NDk3NjU1NTg0Mjg2OSA5MDU3MDxicj6lyaWuqWCl3qXzpLik46Tsw6ihodbmt7Wk6qGhoaGhoaGhoaGhoaGhoaE8YnI+PGJyPjxicj4ow6ggpM2ks6S4pOOk6aS3IKXapcOlyNPDxrehoaWtpeOlw6XIoaGkzaSzoaGlzaWzoaGlzaWzpbil46XppbcpPGJyPjwvcD48QlI+PEJSPjxCUj6O2rjmzsTYn6O6paKlw6XIpemlpKXV1urKvbvhyec8QlI+VEVMIDA3OS0yODAtMjExMzxCUj6h+cnMxrel0aXDpbGpYKW4pM+J5Lj8pM6I9rrPpKKk6qGjPEJSPqXhqWClq6lgx7fGt6TepL+kz83qidOkzutIoaKlraXjpfOlu6XrpPKkqu6KpKSkuaTrpLOkyKSspKKk6qTepLmho6S0wcuz0KSvpMCktaSkoaM8YnI+,pcmlrqlgpd6l8yCkuKTjpOzDqKGh1ua3taTqICggw6jTw6SqpOKkwaTjP83mvt8gKSAoIDQ5NzY1NTU4NDI4NjkgKaO6iqrCt8H3zailu6Xzpb+pYA==,yNXTw8a3pd6luaWvz7SEiKXVpaGpYKXVpaG4o7T8paqlraW3pa+l6qlgpfOz5qTopLHLzcHPn2/Bz6XPpaSl26lgpeC+dqTOxKfFrphJhNXTw6XRpcOlr6W5pcqlwaXlpe2l86WrpaSl7aXGpaOlw6W3peWl4aXppc5DQ6WrpaSl7aXZpdOpYKXJpa6pYKXepfMgpLik46Tsw6ihodbmt7Wk6iAoIMOo08OkqqTipMGk4z/N5r7fICkgKCA0OTc2NTU1ODQyODY5ICk=,pcmlrqlgpd6l8yCkuKTjpOzDqKGh1ua3taTqICggw6jTw6SqpOKkwaTjP83mvt8gKSAoIDQ5NzY1NTU4NDI4NjkgKQ==[rn]
31-51770,aHR0cDovL3RzaG9wLnIxMHMuanAvYXQtbGlmZS9jYWJpbmV0L2UvNDk3NjU1NTg0Mjg2OS5qcGc/Zml0aW49NzAwOjcwMA==,MjQ2OS42MDAw,,pdqlw6XIP6XapcOlyKWwpcOluiA+IMOo08PGtyA+IKSqpOKkwaTjID4gw6ikuKTjpOmktw==,ob7LzcHPn2/Bz6G/pcmlrqlgpd6l8yCkuKTjpOzDqKGh1ua3taTqoaGjsaWzocGjsaOyteOlu6XDpcggKCDDqNPDpKqk4qTBpOM/zea+3yApICggNDk3NjU1NTg0Mjg2OSAp,,PHA+PGJyPqSvpMOkxKSkpMakpKTrpM6kz6GipL+kr6S1pPOkztPwoaPSsPhCpPLEo6S3pL+l4qXBqWCl1aSspMSkpKS/4Z6k6rjNpb+lpKXXpM7ij6TEpK2kqqTipMGk46GjPGJyPqHxyfqkraTGpKSk66TopKaky4TTpKukt6TGoaLDqKTOxWTOtqTy0v2krbzEpLuk3qS5oaM8YnI+ofG4zaTO6UyktaTPMjVjbaTHoaLKuaSkpOSkuaSkpbmlv6XzpcCpYKXJpMqluaW/paSl66THpLmhozxicj48YnI+PGJyPqG+1K2yxMHPob/4QqTO0/ChoqXdpeql16XtpdSl7KXzPGJyPjxicj48YnI+ob7JzMa3pbWlpKW6ob9XNzBYRDMwWEgzOTBtbTxicj48YnI+PGJyPjxicj6lyaWuqWCl3qXzpc+l5KW3PGJyPjUzNy0wMDAyILTz2ua4rrTz2ubK0JZ8s8nH+Mnuva3EzzEtMTYtMTQ8YnI+MDYtNjk3Ny04NTAxPGJyPjxicj48YnI+NDk3NjU1NTg0Mjg2OSA5MDU3MDxicj6lyaWuqWCl3qXzpLik46Tsw6ihodbmt7Wk6qGhoaGhoaGhoaGhoaGhoaE8YnI+PGJyPjxicj4ow6ggpM2ks6S4pOOk6aS3IKXapcOlyNPDxrehoaWtpeOlw6XIoaGkzaSzoaGlzaWzoaGlzaWzpbil46XppbcpPGJyPjwvcD48QlI+PEJSPjxCUj6O2rjmzsTYn6O6paKlw6XIpemlpKXV1urKvbvhyec8QlI+VEVMIDA3OS0yODAtMjExMzxCUj6h+cnMxrel0aXDpbGpYKW4pM+J5Lj8pM6I9rrPpKKk6qGjPEJSPqXhqWClq6lgx7fGt6TepL+kz83qidOkzutIoaKlraXjpfOlu6XrpPKkqu6KpKSkuaTrpLOkyKSspKKk6qTepLmho6S0wcuz0KSvpMCktaSkoaM8YnI+,ob7LzcHPn2/Bz6G/pcmlrqlgpd6l8yCkuKTjpOzDqKGh1ua3taTqoaGjsaWzJnRpbWVzO6Oxo7K146W7pcOlyCAoIMOo08OkqqTipMGk4z/N5r7fICkgKCA0OTc2NTU1ODQyODY5ICmjuoqqwrfB982opbul86W/qWA=,yNXTw8a3pd6luaWvz7SEiKXVpaGpYKXVpaG4o7T8paqlraW3pa+l6qlgpfOz5qTopLHLzcHPn2/Bz6XPpaSl26lgpeC+dqTOxKfFrphJhNXTw6XRpcOlr6W5pcqlwaXlpe2l86WrpaSl7aXGpaOlw6W3peWl4aXppc5DQ6WrpaSl7aXZpdOpYKG+y83Bz59vwc+hv6XJpa6pYKXepfMgpLik46Tsw6ihodbmt7Wk6qGho7GlsyZ0aW1lczujsaOyteOlu6XDpcggKCDDqNPDpKqk4qTBpOM/zea+3yApICggNDk3NjU1NTg0Mjg2OSAp,ob7LzcHPn2/Bz6G/pcmlrqlgpd6l8yCkuKTjpOzDqKGh1ua3taTqoaGjsaWzJnRpbWVzO6Oxo7K146W7pcOlyCAoIMOo08OkqqTipMGk4z/N5r7fICkgKCA0OTc2NTU1ODQyODY5ICk=[rn]
31-51771,aHR0cDovL3RzaG9wLnIxMHMuanAvYXQtbGlmZS9jYWJpbmV0L3BwLzQ5ODQ5Mzc2NjU3NTMuanBnP2ZpdGluPTcwMDo3MDA=,MjgwLjAwMDA=,,pdqlw6XIP6XapcOlyKWwpcOluiA+IMOo08PGtyA+IKSqpOKkwaTjID4gw6ikuKTjpOmktw==,pdqlw6XEpeupYKXIIKWrpbel46TWpPOlualgpdGpYKXtpfOlsKGhpc+lw6XBICAoIDQ5ODQ5Mzc2NjU3NTMgKQ==,sb7E3KTytMy8pKS5pOu088jLmt2kzqWrpbel46Wrpbel49Pw0vSkzsOozea+3w==,yczGt8P7o7ql2qXDpcSl66lgpcggpault6XjpNak86W5qWCl0algpe2l86WwoaGlz6XDpcE8YnI+xNrI3cG/o7oxgoA8YnI+pdal6aXzpcmjuqWrpbel46TWpPM8YnI+1K2uYrn6o7rI1bG+PGJyPjxicj6xvsTcpPK0zLykpLmk67TzyMua3aTOpault6Xjpault6Xj0/DS9KTOw6jN5r7fPGJyPrG+xNyk8rTMvKSkuaTrtPPIy5rdpM6lq6W3peOlq6W3pePT8NL0pM7DqM3mvt+k8qXtpfOlsKTLpLek3qS3pL+ho7D0pPLJ7KTQpLekxrrDpK2kyulMpLWkx99bpNmk3qS5oaOkqqTipMGk47K/t9ak4rTzpK2kr6TGtPOcutfjpMekuaOhPGJyPjxicj5KQU6ls6lgpck6NDk4NDkzNzY2NTc1Mzxicj48YnI+PGJyPsnMxre3rLrFo7oxMDEtOTQ4MTY8YnI+PGJyPjxicj48YnI+iqrCt8H3zailu6Xzpb+pYKO+IMOo08PGtyA8QlI+PEJSPjxCUj6O2rjmzsTYn6O6paKlw6XIpemlpKXV1urKvbvhyec8QlI+VEVMIDA3OS0yODAtMjExMzxCUj6h+cnMxrel0aXDpbGpYKW4pM+J5Lj8pM6I9rrPpKKk6qGjPEJSPqXhqWClq6lgx7fGt6TepL+kz83qidOkzutIoaKlraXjpfOlu6XrpPKkqu6KpKSkuaTrpLOkyKSspKKk6qTepLmho6S0wcuz0KSvpMCktaSkoaM8YnI+,pdqlw6XEpeupYKXIIKWrpbel46TWpPOlualgpdGpYKXtpfOlsKGhpc+lw6XBICAoIDQ5ODQ5Mzc2NjU3NTMgKaO6iqrCt8H3zailu6Xzpb+pYA==,yNXTw8a3pd6luaWvz7SEiKXVpaGpYKXVpaG4o7T8paqlraW3pa+l6qlgpfOz5qTopLHLzcHPn2/Bz6XPpaSl26lgpeC+dqTOxKfFrphJhNXTw6XRpcOlr6W5pcqlwaXlpe2l86WrpaSl7aXGpaOlw6W3peWl4aXppc5DQ6WrpaSl7aXZpdOpYKXapcOlxKXrqWClyCClq6W3peOk1qTzpbmpYKXRqWCl7aXzpbChoaXPpcOlwSAgKCA0OTg0OTM3NjY1NzUzICk=,sb7E3KTytMy8pKS5pOu088jLmt2kzqWrpbel46Wrpbel49Pw0vSkzsOozea+36Gjpdqlw6XEpeupYKXIIKWrpbel46TWpPOlualgpdGpYKXtpfOlsKGhpc+lw6XBICAoIDQ5ODQ5Mzc2NjU3NTMgKQ==[rn]
31-51772,aHR0cDovL3RzaG9wLnIxMHMuanAvc291a2FpL2NhYmluZXQvOTkvNDk3NjU1NTg0Mjk5OS5qcGc/Zml0aW49NzAwOjcwMA==,NDA1LjYwMDA=,,pdqlw6XIP6XapcOlyKWwpcOluiA+IMOo08PGtyA+IKSqpOKkwaTjID4gw6ikuKTjpOmktw==,pLik46Tsw6ggpd6pYKXBIKXtpfOlsCgxpbPI6ymhvjE3MDUxMl9zb3VrYWmhv6G+MTcwNTI2X3NvdWthaaG/ob6kuKTjpOzDqKG/W8OoIKTNpLOkuKTjpOmkt10=,pLik46Tsw6ggLyDDqCCkzaSzpLik46TppLeh78uwkmkxOTAwg9LS1MnPpMfLzcHPn2/Bz6Hv,PGRpdiBpZD0ncHJkLXBhZ2UnPqSqtepUT1CjvqXapcOlyNPDxrejvqXapcOlyKTOpbWpYKWvpes/62rYm6TKpMmjvqXapcOlyKTO62rYmz+lsaWipbClw6W6o76kzaSzpM6kqqTipMGk46O+w6ikuKTjpOmkt6O+pLik46Tsw6ggpd6pYKXBIKXtpfOlsCAoMaWzyOspPGJyPjxicj6h78uwkmkxOTAwg9LS1MnPpMfLzcHPn2/Bz6HvPGJyPjxicj6hvqS4pOOk7MOoIKXeqWClwSCl7aXzpbCkzsnMxrfUlLyaob88YnI+ofHTSKXNpbql36TOpKKkyKTy19ClzaW6pd+krNe3pKSkq6SxpOuhor3xpN6kx6TLpMqkpKSrpO+kpKSkpKqk4qTBpOOhozxicj48YnI+ob6kuKTjpOzDqCCl3qlgpcEgpe2l86WwpM7UrbLEwc+hvzxicj7M7Mi7paaltaWuw6s8YnI+PGJyPqG+yczGt6W1paSluqG/PGJyPlc3MFhENDVYSDQxMG1tPGJyPjxicj48YnI+ob6l1qXppfOlyaG/PGJyPqS4pOOk7MOoPGJyPjxicj6hvrBridPUqqGi0XXU7NSqoaLdlMjr1KrT1qTP2JyJ09Sqob88YnI+pcmlrqlgpd6l86XPpeSltzxicj48YnI+PGZvbnQgY29sb3I9J3JlZCc+pLOkwaTppM7JzMa3pM+hoqXapcOlyNPDpM7JzMa3pMekuaGjPC9mb250Pjxicj48YnI+PGZvbnQgY29sb3I9J3JlZCc+u63P8aTPpaSl4algpbi7rc/xpM6e6aGijGfrSKTOyczGt6TIpM+l0aXDpbGpYKW4pceltqWkpfO1yKSstuDJ2a6QpMqk64j2us+krKS0pLakpKTepLmho9PopOGktMHLs9DuiqSkpN6kuaGjPC9mb250Pjxicj48YnI+pcmlrqlgpd6l86XPpeSltzxicj41MzctMDAwMiC089rmuK6089rmytCWfLPJx/jJ7r2txM8xLTE2LTE0PGJyPjA2LTY5NzctODUwMTxicj48YnI+jtq45s7E2J+jutbqyr274cnny6y/7KXJpemlw6WwPGJyPjA1NzAtNjY2LTYzMjxicj48YnI+W6XapcOlyKTOpbWpYKWvpes/62rYm6TKpMkvpdal6aXzpcmjuqS4pOOk7MOoL108L2Rpdj48IS0tLS0+,pLik46Tsw6ggpd6pYKXBIKXtpfOlsCgxpbPI6ymhvjE3MDUxMl9zb3VrYWmhv6G+MTcwNTI2X3NvdWthaaG/ob6kuKTjpOzDqKG/W8OoIKTNpLOkuKTjpOmkt12jususv+ylyaXppcOlsA==,kt+z/c+05aq9ob+1yrPGt8uuP6XJpeql86WvyrPBz8a30r3LYca3pdil66W5pbGloqXZpdOpYMjV08PGt6XTpeWpYKXGpaO80uuKpdqlw6XIpbml3algpcSl6qXppa+lvKlgpbel56XzpLik46Tsw6ggpd6pYKXBIKXtpfOlsCgxpbPI6ymhvjE3MDUxMl9zb3VrYWmhv6G+MTcwNTI2X3NvdWthaaG/ob6kuKTjpOzDqKG/W8OoIKTNpLOkuKTjpOmkt10=,pLik46Tsw6ggLyDDqCCkzaSzpLik46TppLeh78uwkmkxOTAwg9LS1MnPpMfLzcHPn2/Bz6HvoaOkuKTjpOzDqCCl3qlgpcEgpe2l86WwKDGls8jrKaG+MTcwNTEyX3NvdWthaaG/ob4xNzA1MjZfc291a2Fpob+hvqS4pOOk7MOoob9bw6ggpM2ks6S4pOOk6aS3XQ==[rn]
31-51773,aHR0cDovL3RzaG9wLnIxMHMuanAvc291a2FpL2NhYmluZXQvMTEvNDk3NjU1NTg0NDUxMS5qcGc/Zml0aW49NzAwOjcwMA==,MjcwLjQwMDA=,,pdqlw6XIP6XapcOlyKWwpcOluiA+IMOo08PGtyA+IKSqpOKkwaTjID4gw6ikuKTjpOmktw==,pa2l46XGpaOpYKXepfMgpLik46Tsw6ggw6ikzqSqusOk36S4pOOk6aS3IL27k1HTwyCk1qTppNak6aXiqWCl6ygxpbPI6ymhvqS4pOOk7MOoob8=,pLik46Tsw6ih78uwkmkxOTAwg9LS1MnPpMfLzcHPn2/Bz6Hv,PGRpdiBpZD0ncHJkLXBhZ2UnPqSqtepUT1CjvqXapcOlyNPDxrejvsOo08PGt6O+w6ikzqSqpOKkwaTjP6S3pMSksaO+w6ikuKTjpOmkt6O+pa2l46XGpaOpYKXepfMgpLik46Tsw6ggw6ikzqSqusOk36S4pOOk6aS3IL27k1HTwyCk1qTppNak6aXiqWCl6yAoMaWzyOspPGJyPjxicj6h78uwkmkxOTAwg9LS1MnPpMfLzcHPn2/Bz6HvPGJyPjxicj48aW1nIHNyYz0naHR0cDovL2ltYWdlLnJha3V0ZW4uY28uanAvc291a2FpL2NhYmluZXQvejExL3o0OTc2NTU1ODQ0NTExLmpwZycgd2lkdGg9JzEwMCUnPjxicj48YnI+ob6lraXjpcalo6lgpd6l8yCkuKTjpOzDqCDDqKTOpKq6w6TfpLik46TppLcgvbuTUdPDIKTWpOmk1qTppeKpYKXrpM7JzMa31JS8mqG/PGJyPqHxjJ2P6snMxrejujQ5NzY1NTU4NDQ0OTggpLik46Tsw6ggw6ikzqSqusOk36S4pOOk6aS3PGJyPqHxw6uz5qXiqWCl66TIpdul7aWwpeml4KXVpaOl66XgpM69TaTfus+k76S7oaOlq6W3peOlq6W3pePS9KSs+FGk6qTKpKyk6aXWpeml1qXpsamk7KTrhNOkraSszNjpTDxicj48YnI+ob6lraXjpcalo6lgpd6l8yCkuKTjpOzDqCDDqKTOpKq6w6TfpLik46TppLcgvbuTUdPDIKTWpOmk1qTppeKpYKXrpM7UrbLEwc+hvzxicj6l3aXqpailuaXGpeuhoqXsqWCl6KXzoaJQVkOhoqXKpaSl7aXzoaKBhONVpeGlw6Wt4p++gKGiUEVUPGJyPqG+0o648bjF0qqhvzxicj7JzMa3pbWlpKW6Pz8/VzE4KkgyOTAqRDE4bW08YnI+1tjBvz8/PzEuNmc8YnI+PGJyPqG+pdal6aXzpcmhvzxicj6kuKTjpOzDqDxicj48YnI+ob6wa4nT1KqhotF11OzUqqGi3ZTI69Sq09akz9icidPUqqG/PGJyPqXJpa6pYKXepfOlz6Xkpbc8YnI+PGJyPjxmb250IGNvbG9yPSdyZWQnPqSzpMGk6aTOyczGt6TPoaKl2qXDpcjTw6TOyczGt6THpLmhozwvZm9udD48YnI+PGJyPiilraXjpcalo6XepfMgQ2F0dHkgTWFuIKS4pOOk7KTNpLMgpM2ks6TOpKq6w6TfpLik46TppLcpPGJyPjxicj6lyaWuqWCl3qXzpc+l5KW3PGJyPjUzNy0wMDAyILTz2ua4rrTz2ubK0JZ8s8nH+Mnuva3EzzEtMTYtMTQ8YnI+MDYtNjk3Ny04NTAxPGJyPjxicj6O2rjmzsTYn6O61urKvbvhyefLrL/spcml6aXDpbA8YnI+MDU3MC02NjYtNjMyPGJyPjxicj5bw6jTw8a3L6XWpeml86XJo7qkuKTjpOzDqC9dPC9kaXY+PCEtLS0tPg==,pa2l46XGpaOpYKXepfMgpLik46Tsw6ggw6ikzqSqusOk36S4pOOk6aS3IL27k1HTwyCk1qTppNak6aXiqWCl6ygxpbPI6ymhvqS4pOOk7MOoob+jususv+ylyaXppcOlsA==,kt+z/c+05aq9ob+1yrPGt8uuP6XJpeql86WvyrPBz8a30r3LYca3pdil66W5pbGloqXZpdOpYMjV08PGt6XTpeWpYKXGpaO80uuKpdqlw6XIpbml3algpcSl6qXppa+lvKlgpbel56Xzpa2l46XGpaOpYKXepfMgpLik46Tsw6ggw6ikzqSqusOk36S4pOOk6aS3IL27k1HTwyCk1qTppNak6aXiqWCl6ygxpbPI6ymhvqS4pOOk7MOoob8=,pLik46Tsw6ih78uwkmkxOTAwg9LS1MnPpMfLzcHPn2/Bz6HvoaOlraXjpcalo6lgpd6l8yCkuKTjpOzDqCDDqKTOpKq6w6TfpLik46TppLcgvbuTUdPDIKTWpOmk1qTppeKpYKXrKDGls8jrKaG+pLik46Tsw6ihvw==[rn]
31-51774,aHR0cDovL3RzaG9wLnIxMHMuanAvc291a2FpL2NhYmluZXQvMDQvNDk3NjU1NTg0NDUwNC5qcGc/Zml0aW49NzAwOjcwMA==,MjcwLjQwMDA=,,pdqlw6XIP6XapcOlyKWwpcOluiA+IMOo08PGtyA+IKSqpOKkwaTjID4gw6ikuKTjpOmktw==,pa2l46XGpaOpYKXepfMgpLik46Tsw6ggw6ikzqSqusOk36S4pOOk6aS3IL27k1HTwyCk1aTvpNWk76WopfOluKWnpesoMaWzyOspob6kuKTjpOzDqKG/,pLik46Tsw6ih78uwkmkxOTAwg9LS1MnPpMfLzcHPn2/Bz6Hv,PGRpdiBpZD0ncHJkLXBhZ2UnPqSqtepUT1CjvqXapcOlyNPDxrejvsOo08PGt6O+w6ikzqSqpOKkwaTjP6S3pMSksaO+w6ikuKTjpOmkt6O+pa2l46XGpaOpYKXepfMgpLik46Tsw6ggw6ikzqSqusOk36S4pOOk6aS3IL27k1HTwyCk1aTvpNWk76WopfOluKWnpesgKDGls8jrKTxicj48YnI+oe/LsJJpMTkwMIPS0tTJz6THy83Bz59vwc+h7zxicj48YnI+PGltZyBzcmM9J2h0dHA6Ly9pbWFnZS5yYWt1dGVuLmNvLmpwL3NvdWthaS9jYWJpbmV0L3owNC96NDk3NjU1NTg0NDUwNC5qcGcnIHdpZHRoPScxMDAlJz48YnI+PGJyPqG+pa2l46XGpaOpYKXepfMgpLik46Tsw6ggw6ikzqSqusOk36S4pOOk6aS3IL27k1HTwyCk1aTvpNWk76WopfOluKWnpeukzsnMxrfUlLyaob88YnI+ofGMnY/qyczGt6O6NDk3NjU1NTg0NDQ5OCCkuKTjpOzDqCDDqKTOpKq6w6TfpLik46TppLc8YnI+ofHM7Mi70/CkyKXqpdyl86TOvU2k37rPpO+ku6GjpdWl76XVpe+kyKS3pL+4od9bpLekxqSkpOuk6KSmpMqE06StpKzM2OlMPGJyPjxicj6hvqWtpeOlxqWjqWCl3qXzIKS4pOOk7MOoIMOopM6kqrrDpN+kuKTjpOmktyC9u5NR08MgpNWk76TVpO+lqKXzpbilp6XrpM7UrbLEwc+hvzxicj74QqTO0/CholBWQ6Gipd2l6qXXpe2l1KXspfOhoqXKpaSl7aXzoaKBhONVpeGlw6Wt4p++gDxicj6hvtKOuPG4xdKqob88YnI+yczGt6W1paSluj8/P1c2MCpIMjkwKkQyMG1tPGJyPtbYwb8/Pz8xZzxicj48YnI+ob6l1qXppfOlyaG/PGJyPqS4pOOk7MOoPGJyPjxicj6hvrBridPUqqGi0XXU7NSqoaLdlMjr1KrT1qTP2JyJ09Sqob88YnI+pcmlrqlgpd6l86XPpeSltzxicj48YnI+PGZvbnQgY29sb3I9J3JlZCc+pLOkwaTppM7JzMa3pM+hoqXapcOlyNPDpM7JzMa3pMekuaGjPC9mb250Pjxicj48YnI+KKWtpeOlxqWjpd6l8yBDYXR0eSBNYW4gpLik46TspM2ksyCkzaSzpM6kqrrDpN+kuKTjpOmktyk8YnI+PGJyPqXJpa6pYKXepfOlz6Xkpbc8YnI+NTM3LTAwMDIgtPPa5riutPPa5srQlnyzycf4ye69rcTPMS0xNi0xNDxicj4wNi02OTc3LTg1MDE8YnI+PGJyPo7auObOxNifo7rW6sq9u+HJ58usv+ylyaXppcOlsDxicj4wNTcwLTY2Ni02MzI8YnI+PGJyPlvDqNPDxrcvpdal6aXzpcmjuqS4pOOk7MOoL108L2Rpdj48IS0tLS0+,pa2l46XGpaOpYKXepfMgpLik46Tsw6ggw6ikzqSqusOk36S4pOOk6aS3IL27k1HTwyCk1aTvpNWk76WopfOluKWnpesoMaWzyOspob6kuKTjpOzDqKG/o7rLrL/spcml6aXDpbA=,kt+z/c+05aq9ob+1yrPGt8uuP6XJpeql86WvyrPBz8a30r3LYca3pdil66W5pbGloqXZpdOpYMjV08PGt6XTpeWpYKXGpaO80uuKpdqlw6XIpbml3algpcSl6qXppa+lvKlgpbel56Xzpa2l46XGpaOpYKXepfMgpLik46Tsw6ggw6ikzqSqusOk36S4pOOk6aS3IL27k1HTwyCk1aTvpNWk76WopfOluKWnpesoMaWzyOspob6kuKTjpOzDqKG/,pLik46Tsw6ih78uwkmkxOTAwg9LS1MnPpMfLzcHPn2/Bz6HvoaOlraXjpcalo6lgpd6l8yCkuKTjpOzDqCDDqKTOpKq6w6TfpLik46TppLcgvbuTUdPDIKTVpO+k1aTvpail86W4pael6ygxpbPI6ymhvqS4pOOk7MOoob8=[rn]
31-51775,aHR0cDovL3RzaG9wLnIxMHMuanAvc291a2FpL2NhYmluZXQvMDYvNDk3NjU1NTg0NDMwNi5qcGc/Zml0aW49NzAwOjcwMA==,MjI4LjgwMDA=,,pdqlw6XIP6XapcOlyKWwpcOluiA+IMOo08PGtyA+IKSqpOKkwaTjID4gw6ikuKTjpOmktw==,pLik46Tsw6ggpMuk46TzpLPT8SCl0aW5pcal6ygxpbPI6ymhvjE3MDUxMl9zb3VrYWmhv6G+MTcwNTI2X3NvdWthaaG/ob6kuKTjpOzDqKG/W8OoIKTNpLOkuKTjpOmkt10=,pLik46Tsw6ggLyDDqCCkzaSzpLik46TppLeh78uwkmkxOTAwg9LS1MnPpMfLzcHPn2/Bz6Hv,PGRpdiBpZD0ncHJkLXBhZ2UnPqSqtepUT1CjvqXapcOlyNPDxrejvqXapcOlyKTOpbWpYKWvpes/62rYm6TKpMmjvqXapcOlyKTO62rYmz+lsaWipbClw6W6o76kzaSzpM6kqqTipMGk46O+w6ikuKTjpOmkt6O+pLik46Tsw6ggpMuk46TzpLPT8SCl0aW5pcal6yAoMaWzyOspPGJyPjxicj6h78uwkmkxOTAwg9LS1MnPpMfLzcHPn2/Bz6HvPGJyPjxicj6hvqS4pOOk7MOoIKTLpOOk86Sz0/EgpdGluaXGpeukzsnMxrfUlLyaob88YnI+ofGE9qTvpLukv6TqpLekxsVkzrak8rPWpL+ku6TGpKuk6dyepKykt6TGyKGk6qTL0NCkq6S7pN6kt6TnpKahozxicj6h8dyepKykucewpMvrTKS3pL+k6tKKpLukv6TqpLmk66TIpOik6rrDxubQxKSsxfKk6aTfpN6kuaGjPGJyPjxicj6hvrLE2Xyhvzxicj7Dq/TpPz8/paKlr6Xqpes8YnI+0L4/Pz+l3aXqpdel7aXUpeyl8zxicj7ijz8/P6W5pcGpYKXrPGJyPjxicj6hvqXWpeml86XJob88YnI+pLik46Tsw6g8YnI+PGJyPqG+sGuJ09SqoaLRddTs1Kqhot2UyOvUqtPWpM/YnInT1Kqhvzxicj6lyaWuqWCl3qXzpc+l5KW3PGJyPjxicj48Zm9udCBjb2xvcj0ncmVkJz6ks6TBpOmkzsnMxrekz6Gipdqlw6XI08OkzsnMxrekx6S5oaM8L2ZvbnQ+PGJyPjxicj6lyaWuqWCl3qXzpc+l5KW3PGJyPjUzNy0wMDAyILTz2ua4rrTz2ubK0JZ8s8nH+Mnuva3EzzEtMTYtMTQ8YnI+MDYtNjk3Ny04NTAxPGJyPjxicj6O2rjmzsTYn6O61urKvbvhyefLrL/spcml6aXDpbA8YnI+MDU3MC02NjYtNjMyPGJyPjxicj5bpdqlw6XIpM6ltalgpa+l6z/ratibpMqkyS+l1qXppfOlyaO6pLik46Tsw6gvXTwvZGl2PjwhLS0tLT4=,pLik46Tsw6ggpMuk46TzpLPT8SCl0aW5pcal6ygxpbPI6ymhvjE3MDUxMl9zb3VrYWmhv6G+MTcwNTI2X3NvdWthaaG/ob6kuKTjpOzDqKG/W8OoIKTNpLOkuKTjpOmkt12jususv+ylyaXppcOlsA==,kt+z/c+05aq9ob+1yrPGt8uuP6XJpeql86WvyrPBz8a30r3LYca3pdil66W5pbGloqXZpdOpYMjV08PGt6XTpeWpYKXGpaO80uuKpdqlw6XIpbml3algpcSl6qXppa+lvKlgpbel56XzpLik46Tsw6ggpMuk46TzpLPT8SCl0aW5pcal6ygxpbPI6ymhvjE3MDUxMl9zb3VrYWmhv6G+MTcwNTI2X3NvdWthaaG/ob6kuKTjpOzDqKG/W8OoIKTNpLOkuKTjpOmkt10=,pLik46Tsw6ggLyDDqCCkzaSzpLik46TppLeh78uwkmkxOTAwg9LS1MnPpMfLzcHPn2/Bz6HvoaOkuKTjpOzDqCCky6TjpPOks9PxIKXRpbmlxqXrKDGls8jrKaG+MTcwNTEyX3NvdWthaaG/ob4xNzA1MjZfc291a2Fpob+hvqS4pOOk7MOoob9bw6ggpM2ks6S4pOOk6aS3XQ==[rn]
31-51776,aHR0cDovL3RzaG9wLnIxMHMuanAvc291a2FpL2NhYmluZXQvODMvNDk3NjU1NTg0NDI4My5qcGc/Zml0aW49NzAwOjcwMA==,MjI4LjgwMDA=,,pdqlw6XIP6XapcOlyKWwpcOluiA+IMOo08PGtyA+IKSqpOKkwaTjID4gw6ikuKTjpOmktw==,pLik46Tsw6ggpMuk46TzpLPT8SCl7KWkpfOl3KlgKDGls8jrKaG+MTcwNTEyX3NvdWthaaG/ob4xNzA1MjZfc291a2Fpob+hvqS4pOOk7MOoob9bw6ggpM2ks6S4pOOk6aS3XQ==,pLik46Tsw6ggLyDDqCCkzaSzpLik46TppLeh78uwkmkxOTAwg9LS1MnPpMfLzcHPn2/Bz6Hv,PGRpdiBpZD0ncHJkLXBhZ2UnPqSqtepUT1CjvqXapcOlyNPDxrejvqXapcOlyKTOpbWpYKWvpes/62rYm6TKpMmjvqXapcOlyKTO62rYmz+lsaWipbClw6W6o76kzaSzpM6kqqTipMGk46O+w6ikuKTjpOmkt6O+pLik46Tsw6ggpMuk46TzpLPT8SCl7KWkpfOl3KlgICgxpbPI6yk8YnI+PGJyPqHvy7CSaTE5MDCD0tLUyc+kx8vNwc+fb8HPoe88YnI+PGJyPjxpbWcgc3JjPSdodHRwczovL2ltYWdlLnJha3V0ZW4uY28uanAvc291a2FpL2NhYmluZXQvejgzL3o0OTc2NTU1ODQ0MjgzLmpwZycgd2lkdGg9JzEwMCUnPjxicj48YnI+ob6kuKTjpOzDqCCky6TjpPOks9PxIKXspaSl86XcqWCkzsnMxrfUlLyaob88YnI+ofGE9qTvpLukv6TqpLekxsVkzrak8rPWpL+ku6TGpKuk6dyepKykt6TGyKGk6qTL0NCkq6S7pN6kt6TnpKahozxicj6h8dyepKykucewpMvrTKS3pL+k6tKKpLukv6TqpLmk66TIpOik6rrDxubQxKSsxfKk6aTfpN6kuaGjPGJyPjxicj6hvrLE2Xyhvzxicj7Dq/TpPz8/paKlr6Xqpes8YnI+0L4/Pz+l3aXqpdel7aXUpeyl8zxicj7ijz8/P6W5pcGpYKXrPGJyPjxicj6hvqXWpeml86XJob88YnI+pLik46Tsw6g8YnI+PGJyPqG+sGuJ09SqoaLRddTs1Kqhot2UyOvUqtPWpM/YnInT1Kqhvzxicj6lyaWuqWCl3qXzpc+l5KW3PGJyPjxicj48Zm9udCBjb2xvcj0ncmVkJz6ks6TBpOmkzsnMxrekz6Gipdqlw6XI08OkzsnMxrekx6S5oaM8L2ZvbnQ+PGJyPjxicj6lyaWuqWCl3qXzpc+l5KW3PGJyPjUzNy0wMDAyILTz2ua4rrTz2ubK0JZ8s8nH+Mnuva3EzzEtMTYtMTQ8YnI+MDYtNjk3Ny04NTAxPGJyPjxicj6O2rjmzsTYn6O61urKvbvhyefLrL/spcml6aXDpbA8YnI+MDU3MC02NjYtNjMyPGJyPjxicj5bpdqlw6XIpM6ltalgpa+l6z/ratibpMqkyS+l1qXppfOlyaO6pLik46Tsw6gvXTwvZGl2PjwhLS0tLT4=,pLik46Tsw6ggpMuk46TzpLPT8SCl7KWkpfOl3KlgKDGls8jrKaG+MTcwNTEyX3NvdWthaaG/ob4xNzA1MjZfc291a2Fpob+hvqS4pOOk7MOoob9bw6ggpM2ks6S4pOOk6aS3XaO6y6y/7KXJpemlw6Ww,kt+z/c+05aq9ob+1yrPGt8uuP6XJpeql86WvyrPBz8a30r3LYca3pdil66W5pbGloqXZpdOpYMjV08PGt6XTpeWpYKXGpaO80uuKpdqlw6XIpbml3algpcSl6qXppa+lvKlgpbel56XzpLik46Tsw6ggpMuk46TzpLPT8SCl7KWkpfOl3KlgKDGls8jrKaG+MTcwNTEyX3NvdWthaaG/ob4xNzA1MjZfc291a2Fpob+hvqS4pOOk7MOoob9bw6ggpM2ks6S4pOOk6aS3XQ==,pLik46Tsw6ggLyDDqCCkzaSzpLik46TppLeh78uwkmkxOTAwg9LS1MnPpMfLzcHPn2/Bz6HvoaOkuKTjpOzDqCCky6TjpPOks9PxIKXspaSl86XcqWAoMaWzyOspob4xNzA1MTJfc291a2Fpob+hvjE3MDUyNl9zb3VrYWmhv6G+pLik46Tsw6ihv1vDqCCkzaSzpLik46TppLdd[rn]
31-51777,aHR0cDovL3RzaG9wLnIxMHMuanAvc291a2FpL2NhYmluZXQvNDIvNDk3NjU1NTg0NDU0Mi5qcGc/Zml0aW49NzAwOjcwMA==,NTI2LjQwMDA=,,pdqlw6XIP6XapcOlyKWwpcOluiA+IMOo08PGtyA+IKSqpOKkwaTjID4gw6ikuKTjpOmktw==,pa2l46XGpaOpYKXepfMgpLik46Tsw6ggzOzIu9Hyw6ukuKTjpOmktygxsb7I6ymhvjE3MDUxMl9zb3VrYWmhv6G+MTcwNTI2X3NvdWthaaG/ob6kuKTjpOzDqKG/,pLik46Tsw6ih78uwkmkxOTAwg9LS1MnPpMfLzcHPn2/Bz6Hv,PGRpdiBpZD0ncHJkLXBhZ2UnPqSqtepUT1CjvqXapcOlyNPDxrejvsOo08PGt6O+w6ikzqSqpOKkwaTjP6S3pMSksaO+w6ikuKTjpOmkt6O+pa2l46XGpaOpYKXepfMgpLik46Tsw6ggzOzIu9Hyw6ukuKTjpOmktyAoMbG+yOspPGJyPjxicj6h78uwkmkxOTAwg9LS1MnPpMfLzcHPn2/Bz6HvPGJyPjxicj48aW1nIHNyYz0naHR0cHM6Ly9pbWFnZS5yYWt1dGVuLmNvLmpwL3NvdWthaS9jYWJpbmV0L3o0Mi96NDk3NjU1NTg0NDU0Mi5qcGcnIHdpZHRoPScxMDAlJz48YnI+PGJyPqG+pa2l46XGpaOpYKXepfMgpLik46Tsw6ggzOzIu9Hyw6ukuKTjpOmkt6TOyczGt9SUvJqhvzxicj6h8aSmpMOkyKTqpLmk66TbpMmk26TvpMOk26TvoaOzrKXqpcOlwaTKyta0paTqPGJyPqHxobilpqW1pa7Dq6G5pMikz6TSpMjOtt9gpKahor5kx5HX06TOmJSkysOr2XykzqG40fLDq6G5pPLKudPDPGJyPjxicj6hvqWtpeOlxqWjqWCl3qXzIKS4pOOk7MOoIMzsyLvR8sOrpLik46TppLekztStssTBz6G/PGJyPtHyw6uhorjNo7rW8Txicj6hvtKOuPG4xdKqob88YnI+yczGt6W1paSluj8/P1c4MCpIMzUwKkQ4MG1tPGJyPtbYwb8/Pz8yMGc8YnI+PGJyPqG+pdal6aXzpcmhvzxicj6kuKTjpOzDqDxicj48YnI+ob6wa4nT1KqhotF11OzUqqGi3ZTI69Sq09akz9icidPUqqG/PGJyPqXJpa6pYKXepfOlz6Xkpbc8YnI+PGJyPjxmb250IGNvbG9yPSdyZWQnPqSzpMGk6aTOyczGt6TPoaKl2qXDpcjTw6TOyczGt6THpLmhozwvZm9udD48YnI+PGJyPiilraXjpcalo6XepfMgQ2F0dHkgTWFuIKS4pOOk7KTNpLMpPGJyPjxicj6lyaWuqWCl3qXzpc+l5KW3PGJyPjUzNy0wMDAyILTz2ua4rrTz2ubK0JZ8s8nH+Mnuva3EzzEtMTYtMTQ8YnI+MDYtNjk3Ny04NTAxPGJyPjxicj6O2rjmzsTYn6O61urKvbvhyefLrL/spcml6aXDpbA8YnI+MDU3MC02NjYtNjMyPGJyPjxicj5bw6jTw8a3L6XWpeml86XJo7qkuKTjpOzDqC9dPC9kaXY+PCEtLS0tPg==,pa2l46XGpaOpYKXepfMgpLik46Tsw6ggzOzIu9Hyw6ukuKTjpOmktygxsb7I6ymhvjE3MDUxMl9zb3VrYWmhv6G+MTcwNTI2X3NvdWthaaG/ob6kuKTjpOzDqKG/o7rLrL/spcml6aXDpbA=,kt+z/c+05aq9ob+1yrPGt8uuP6XJpeql86WvyrPBz8a30r3LYca3pdil66W5pbGloqXZpdOpYMjV08PGt6XTpeWpYKXGpaO80uuKpdqlw6XIpbml3algpcSl6qXppa+lvKlgpbel56Xzpa2l46XGpaOpYKXepfMgpLik46Tsw6ggzOzIu9Hyw6ukuKTjpOmktygxsb7I6ymhvjE3MDUxMl9zb3VrYWmhv6G+MTcwNTI2X3NvdWthaaG/ob6kuKTjpOzDqKG/,pLik46Tsw6ih78uwkmkxOTAwg9LS1MnPpMfLzcHPn2/Bz6HvoaOlraXjpcalo6lgpd6l8yCkuKTjpOzDqCDM7Mi70fLDq6S4pOOk6aS3KDGxvsjrKaG+MTcwNTEyX3NvdWthaaG/ob4xNzA1MjZfc291a2Fpob+hvqS4pOOk7MOoob8=[rn]
31-51778,aHR0cDovL3RzaG9wLnIxMHMuanAvc291a2FpL2NhYmluZXQvOTgvNDk3NjU1NTg0NDQ5OC5qcGc/Zml0aW49NzAwOjcwMA==,NTI4LjAwMDA=,,pdqlw6XIP6XapcOlyKWwpcOluiA+IMOo08PGtyA+IKSqpOKkwaTjID4gw6ikuKTjpOmktw==,pa2l46XGpaOpYKXepfMgpLik46Tsw6ggw6ikzqSqusOk36S4pOOk6aS3KDGxvsjrKaG+pLik46Tsw6ihvw==,pLik46Tsw6ih78uwkmkxOTAwg9LS1MnPpMfLzcHPn2/Bz6Hv,PGRpdiBpZD0ncHJkLXBhZ2UnPqSqtepUT1CjvqXapcOlyNPDxrejvsOo08PGt6O+w6ikzqSqpOKkwaTjP6S3pMSksaO+w6ikuKTjpOmkt6O+pa2l46XGpaOpYKXepfMgpLik46Tsw6ggw6ikzqSqusOk36S4pOOk6aS3ICgxsb7I6yk8YnI+PGJyPqHvy7CSaTE5MDCD0tLUyc+kx8vNwc+fb8HPoe88YnI+PGJyPjxpbWcgc3JjPSdodHRwOi8vaW1hZ2UucmFrdXRlbi5jby5qcC9zb3VrYWkvY2FiaW5ldC96OTgvejQ5NzY1NTU4NDQ0OTguanBnJyB3aWR0aD0nMTAwJSc+PGJyPjxicj6hvqWtpeOlxqWjqWCl3qXzIKS4pOOk7MOoIMOopM6kqrrDpN+kuKTjpOmkt6TOyczGt9SUvJqhvzxicj6h8cOopMGk46TzpM66w6TfpM7L2LLEP4TTpK2k8t94pPOkx6GipKqk4qTBpOOk8r27k1Gkx6StpOujoTxicj6h8aXApaSlyqXfpcOlr6TL31uk2aTro6G8czYwY22kzsyrpK+kxulMqWCkpNXJt/KkyrjNPGJyPqHxs9akwaTkpLmkpKXVpaOlw6XIpbCl6qXDpdc8YnI+ofGhuKTVpO+k1aTvpail86W4pael66G5uLakrTxicj48YnI+ob6lraXjpcalo6lgpd6l8yCkuKTjpOzDqCDDqKTOpKq6w6TfpLik46TppLekztStssTBz6G/PGJyPrjNPz8/pd2l6qXXpe2l1KXspfOhotXmpMGk5aSmoaKluaXGpfOl7KW5oaKly6XDpbGl66GipcqlpKXtpfM8YnI+pKqk4qTBpOM/Pz/4QqTO0/CholBWQ6Gipd2l6qXXpe2l1KXspfOhoqXKpaSl7aXzoaKBhONVpeGlw6Wt4p++gDxicj6hvtKOuPG4xdKqob88YnI+pbWlpKW6Pz8/uM2jurxzNjBjbaGivH6jurxzMTE1Y208YnI+PGJyPqG+pdal6aXzpcmhvzxicj6kuKTjpOzDqDxicj48YnI+ob6wa4nT1KqhotF11OzUqqGi3ZTI69Sq09akz9icidPUqqG/PGJyPqXJpa6pYKXepfOlz6Xkpbc8YnI+PGJyPjxmb250IGNvbG9yPSdyZWQnPqSzpMGk6aTOyczGt6TPoaKl2qXDpcjTw6TOyczGt6THpLmhozwvZm9udD48YnI+PGJyPiilraXjpcalo6XepfMgQ2F0dHkgTWFuIKS4pOOk7KTNpLMgpM2ks6TOpKq6w6TfpLik46TppLcguM2lu6XDpcgpPGJyPjxicj6lyaWuqWCl3qXzpc+l5KW3PGJyPjUzNy0wMDAyILTz2ua4rrTz2ubK0JZ8s8nH+Mnuva3EzzEtMTYtMTQ8YnI+MDYtNjk3Ny04NTAxPGJyPjxicj6O2rjmzsTYn6O61urKvbvhyefLrL/spcml6aXDpbA8YnI+MDU3MC02NjYtNjMyPGJyPjxicj5bw6jTw8a3L6XWpeml86XJo7qkuKTjpOzDqC9dPC9kaXY+PCEtLS0tPg==,pa2l46XGpaOpYKXepfMgpLik46Tsw6ggw6ikzqSqusOk36S4pOOk6aS3KDGxvsjrKaG+pLik46Tsw6ihv6O6y6y/7KXJpemlw6Ww,kt+z/c+05aq9ob+1yrPGt8uuP6XJpeql86WvyrPBz8a30r3LYca3pdil66W5pbGloqXZpdOpYMjV08PGt6XTpeWpYKXGpaO80uuKpdqlw6XIpbml3algpcSl6qXppa+lvKlgpbel56Xzpa2l46XGpaOpYKXepfMgpLik46Tsw6ggw6ikzqSqusOk36S4pOOk6aS3KDGxvsjrKaG+pLik46Tsw6ihvw==,pLik46Tsw6ih78uwkmkxOTAwg9LS1MnPpMfLzcHPn2/Bz6HvoaOlraXjpcalo6lgpd6l8yCkuKTjpOzDqCDDqKTOpKq6w6TfpLik46TppLcoMbG+yOspob6kuKTjpOzDqKG/[rn]
31-51779,aHR0cDovL3RzaG9wLnIxMHMuanAvdHN1cnVoYS9jYWJpbmV0L3Nob3VoaW4zNS80NTcxMjkyNjk1NjAyLmpwZz9maXRpbj03MDA6NzAw,MTY0LjAwMDA=,,pdqlw6XIP6XapcOlyKWwpcOluiA+IKXapcOlyNPDpKrK1sjrpOzTw8a3ID4g16alsaWi08PGtyA+IMOo08PXpqTIpK4=,ob6l3aWkpfOlyDEwsbahv6Ghpail4KW6pe+l86Ghw6ikzqTEpOGk36SspK2hoaTEpOGk36SspK2ls6WioaEoMYKAKaGhpd6lv6W/pdO327i2oaGlxKXrpc+lyaXppcOlsA==,,PHA+peqly6XlqWCloqXrpMuw6aSkpdGlw6WxqWCluD/E2sjdtcjT6LjmpMqkr4nkuPykuaTriPa6z6SspLSktqSkpN6kuaGj0+ik4aS0wcuz0KSvpMCktaSkoaM8L3A+CjxUQUJMRSBjbGFzcz1pdGVtLW1haW4+CjxUQk9EWT4KPFRSPgo8VEQ+CjxUQUJMRSBjbGFzcz1pdGVtLXRhYmxlPgo8VEJPRFk+CjxUUiBjbGFzcz1hPgo8VEQgY2xhc3M9Yj48L1REPgo8VEQgY2xhc3M9Yz48QlI+CjxUQUJMRSBjbGFzcz1pdGVtPgo8VEJPRFk+CjxUUj4KPFREIGNsYXNzPWQ+w/uhobPGPC9URD4KPFREIGNsYXNzPWU+TXOhoW9uZaGhpail4KW6pe+l86Ghw6ikzqTEpOGk36SspK08L1REPgo8L1RSPgo8VFI+CjxURCBjbGFzcz1kPsTayN3BvzwvVEQ+CjxURCBjbGFzcz1lPjGCgDwvVEQ+CjwvVFI+CjxUUj4KPFREIGNsYXNzPWQ+zNihoY/VPC9URD4KPFREIGNsYXNzPWU+ofSl3qW/pb+l07fbuLY8QlI+CjxCUj4KofSluaXIpeylubBryaKjoaSkpMSk4tSqmt2joTxCUj4KPEJSPgqh9NSqmt2kysOopMGk46TzpM6kxKThpMikrqSrpOm3887vpOS80r7fpPLK2KTqpN6kuaGjPEJSPgo8QlI+CqH0pcCl86XcqWCl69F1pMekxKThpMuk5KS1pLekpDxCUj4KPEJSPgqh9NFZse3KuaSopMa9VZxntcQ8L1REPgo8L1RSPgo8VFI+CjxURCBjbGFzcz1kPsq508O3vbeoPC9URD4KPFREIGNsYXNzPWU+pd6lv6W/pdO326TypMSk4aTIpK6ky99twb+JVLK8pLehoqS0yrnTw6SvpMCktaSkoaM8L1REPgo8L1RSPgo8VFI+CjxURCBjbGFzcz1kPsf4oaG31jwvVEQ+CjxURCBjbGFzcz1lPsOo08OkxKThpN+krKStL8jVsb7RdTwvVEQ+CjwvVFI+CjxUUj4KPFREIGNsYXNzPWQ+pLTXotLiPC9URD4KPFREIGNsYXNzPWU+ofSxvsa305vdZKTOyrnTw7eoP8q508PJz6TO16LS4qTypOikr6Sq1Wmk36TOyc+ktMq508PPwqS1pKShozwvVEQ+CjwvVFI+CjxUUj4KPFREIGNsYXNzPWQ+xvO7rdSqPC9URD4KPFREIGNsYXNzPWU+1urKvbvhyeelpqWkpfOlsKGhlny+qba81tDR68f4vqmY8jO2ocS/MTK3rDG6xaGhpails6lgvqmY8qXTpes160E8QlI+pKq/zZiUz+DVhLeZv9qhoaXVpeqpYKXApaSl5KXro7owMTIwLTI4My0wMTc8QlI+yty4tpVy6WejujmjujAwoasxN6O6MDChoSjNwaGiyNWhotejyNWhoqS9pM7L+9bqyr274cnnpaalpKXzpbCkztDdmEnI1aTys/2kryk8L1REPgo8L1RSPgo8VFI+CjxURCBjbGFzcz1kPo7auObOxNifPC9URD4KPFREIGNsYXNzPWU+1urKvbvhyeelxKXrpc9lpbOl3qlgpbk8QlI+CqWrpbmlv6XeqWClu6Xzpb+pYKGhMDg1Mi01My0wNjgwPC9URD4KPC9UUj4KPC9UQk9EWT4KPC9UQUJMRT4KPC9URD4KPC9UUj4KPC9UQk9EWT4KPC9UQUJMRT4KPC9URD4KPC9UUj4KPC9UQk9EWT4KPC9UQUJMRT4KPEJSPkpBTqWzqWClyaO6NDU3MTI5MjY5NTYwMjxCUj48dGFibGUgYm9yZGVyPSIwIiB3aWR0aD0iNzkwIiBjZWxscGFkZGluZz0iMCIgY2VsbHNwYWNpbmc9IjAiPgo8IS0tpbupYKXrpLOks6SrpOktLT4KPHRyIHZhbGlnbj0idG9wIj4KPHRkIHdpZHRoPSI3OTAiIHZhbGlnbj0idG9wIiBoZWlnaHQ9IjEyMyI+Cgo8aW1nIHNyYz0iaHR0cDovL2ltYWdlLnJha3V0ZW4uY28uanAvdHN1cnVoYS9jYWJpbmV0L3NhbGUyLzA0Mjh0b2t1YmFpXzc5MDEyMC5qcGciIHdpZHRoPSI3OTAiIGhlaWdodD0iMTIwIiBib3JkZXI9IjAiIGFsdD0izNiJ06W7qWCl6yI+CjwvdGQ+CjwvdHI+CjwhLS2lu6lgpeuks6SzpN6kxy0tPgoKPCEtLdfPzeK+gIydst+ks6SzpKuk6S0tPgo8dHIgdmFsaWduPSJ0b3AiPgo8dGQgd2lkdGg9Ijc5MCIgdmFsaWduPSJ0b3AiIGhlaWdodD0iMTMzIj4KCjxpbWcgc3JjPSJodHRwOi8vaW1hZ2UucmFrdXRlbi5jby5qcC90c3VydWhhL2NhYmluZXQvYmFubmVyMy91dnRhaXNha3UyXzc5MDEyMC5qcGciIHdpZHRoPSI3OTAiIGhlaWdodD0iMTIwIiBib3JkZXI9IjAiIGFsdD0i1OfEv6TOVValsaWipMe8oaTypcCl4algpbikq6Tpytik66OhoaHXz83ivoA/VVaMnbLfIj4KPC90ZD4KPC90cj4KPCEtLdfPzeK+gIydst+ks6SzpN6kxy0tPgoKPCEtLe9M0LA/paalpKXrpbmMnbLfzNi8r6SzpLOkq6TpLS0+CjwhLS10ciB2YWxpZ249InRvcCI+Cjx0ZCB3aWR0aD0iNzkwIiB2YWxpZ249InRvcCIgaGVpZ2h0PSIxMzMiPgoKPGltZyBzcmM9Imh0dHA6Ly9pbWFnZS5yYWt1dGVuLmNvLmpwL3RzdXJ1aGEvY2FiaW5ldC9iYW5uZXIzL2themV1aXJ1c3U3OTAxMjAuanBnIiB3aWR0aD0iNzkwIiBoZWlnaHQ9IjEyMCIgYm9yZGVyPSIwIiBhbHQ9Iu9M0LA/paalpKXrpbmMnbLfzNi8ryI+CjwvdGQ+CjwvdHItLT4KPCEtLe9M0LA/paalpKXrpbmMnbLfzNi8r6SzpLOk3qTHLS0+Cgo8IS0tpdiloqXspbel1KSzpLOkq6TpLS0+CjwhLS10ciB2YWxpZ249InRvcCI+Cjx0ZCB3aWR0aD0iNzkwIiB2YWxpZ249InRvcCIgaGVpZ2h0PSIxMzMiPgoKPGltZyBzcmM9Imh0dHA6Ly9pbWFnZS5yYWt1dGVuLmNvLmpwL3RzdXJ1aGEvY2FiaW5ldC9iYW5uZXIzL2hhaXJfcmVjaXBlXzJfNzkwMTMwLmpwZyIgd2lkdGg9Ijc5MCIgaGVpZ2h0PSIxMzAiIGJvcmRlcj0iMCIgYWx0PSKl2KWipeylt6XUIj4KPC90ZD4KPC90ci0tPgo8IS0tpdiloqXspbel1KSzpLOk3qTHLS0+Cgo8IS0tpbupYKXpqWCl4KlgpfOks6SzpKuk6S0tPgo8IS0tdHIgdmFsaWduPSJ0b3AiPgo8dGQgd2lkdGg9Ijc5MCIgdmFsaWduPSJ0b3AiIGhlaWdodD0iMTMzIj4KCjxpbWcgc3JjPSJodHRwOi8vaW1hZ2UucmFrdXRlbi5jby5qcC90c3VydWhhL2NhYmluZXQvYmFubmVyMy9lbGlzX2tvcmFibzc5MDEyMC5qcGciIHdpZHRoPSI3OTAiIGhlaWdodD0iMTIwIiBib3JkZXI9IjAiIGFsdD0ipbupYKXpqWCl4KlgpfOls6XppdylsKXDpbql16Xspbyl86XIpa2l46XzpdqpYKXzIj4KPC90ZD4KPC90ci0tPgo8IS0tpbupYKXpqWCl4KlgpfOks6SzpN6kxy0tPgoKCjwvdGFibGU+,ob6l3aWkpfOlyDEwsbahv6Ghpail4KW6pe+l86Ghw6ikzqTEpOGk36SspK2hoaTEpOGk36SspK2ls6WioaEoMYKAKaGhpd6lv6W/pdO327i2oaGlxKXrpc+lyaXppcOlsKO6pcSl66XPpcml6aXDpbA=,pcml6aXDpbCluaXIpaKluaWtpfOlsaWiu6+7ksa3pdml06lgy2G9ob+1pcSl66XPpcSl66XPpcml6aXDpbClwKWkpailw6XIvaG/tcqzxreltaXXpeqlz6XWpemlt6XYpaKlsaWipailvqWoqWClucjr1KGEiKXKpcOl16XrpcSl66XPpbCl66lgpde96ddv08PGt9K9y2HGt8n6pbOl6algpbKl86G+pd2lpKXzpcgxMLG2ob+hoaWopeCluqXvpfOhocOopM6kxKThpN+krKStoaGkxKThpN+krKStpbOloqGhKDGCgCmhoaXepb+lv6XTt9u4tqGhpcSl66XPpcml6aXDpbA=,ob6l3aWkpfOlyDEwsbahv6Ghpail4KW6pe+l86Ghw6ikzqTEpOGk36SspK2hoaTEpOGk36SspK2ls6WioaEoMYKAKaGhpd6lv6W/pdO327i2oaGlxKXrpc+lyaXppcOlsA==[rn]
31-51780,aHR0cDovL3RzaG9wLnIxMHMuanAvYnJpY28vY2FiaW5ldC8wMi80OTc2NTU1ODQxNjAyXzEuanBnP2ZpdGluPTcwMDo3MDA=,MTYyMC44MDAw,,pdqlw6XIP6XapcOlyKWwpcOluiA+IKXapcOlyNPDpKrK1sjrpOzTw8a3ID4g16alsaWi08PGtyA+IMOo08PXpqTIpK4=,pcmlrqlgpd6l8yClraXjpcalo6lgpd6l8yClpqXDpcelo6lgpa2l46XDpcipYKWkIKW5pa+l6aXDpcGlraXjpcOlwaXjqWA=,pN6kv6S/pNOkrMjrpMOkv6TMpK+k4qTquNCkuKTrxL6kzqSqpOKkwaTj,ofal6qXQqWClt6XWpevXpsSlpK2kz5rdt9aky6TopMOkxsq5pKS31qSxoaM8YnI+CqH2pLOkw6S9pOrrTKTspOulzaW6pd+ky6Ti16LEv6OhPGJyPgo8YnI+CqHxvU3BorTnt6ggo9ejsqOwo7ehwaPIo7KjsKOzocGjxKOyo7mjt6Pto+08YnI+IAqh8dbYwb+jtaOwo7Cj5zxicj4KPGJyPgqh8b1NpN/BoqTGuoaFZ6OhPGJyPgqh8czsyLvEvqTyyrnTw6S3pL+hoqSipL+kv6SrpN+kzqSipOvDqNPDpM7EvtF1pKqk4qTBpOOhozxicj4KofHDqKTBpOOk86TOpbel66WopcOlyKTypceltqWkpfOky71NpN/eeqTfpN6kt6S/oaM8YnI+CqHxpKqyv87dpMukyqS4pN+k5KS5pKSlyqXBpeWl6aXrpMrJq8q5pKSho6WkpfOlxqXqpaLQoc7vpMikt6TGpOKh8jxicj4KofGkqqTipMGk46TOpc2luqXfpMuk3qS/pL+k08jrpOqho8Lpv0mk5LDlpM6wvM25pPKlrKXqpayl6qS1pLukv6TqoaKlzaW6pd+k8qXdqWCl66TO0aiky+tMpLekxt9bpNCku6TepLmhozxicj4KofGk3qS/pL+k06SsyOukw6S/oaKkzKSvpOKk6qTyuNCkuKTrxL6kzqSqpOKkwaTjPGJyPgo8YnI+CqOossTZfKOpPGJyPgrM7Mi7xL6hosLpoaKl1aWnpeulyKGipN6kv6S/pNOhoqW5pcGpYKXro6ilzaW4o6k=,pcmlrqlgpd6l8yClraXjpcalo6lgpd6l8yClpqXDpcelo6lgpa2l46XDpcipYKWkIKW5pa+l6aXDpcGlraXjpcOlwaXjqWCjuqXbqWCl4KW7pfOlv6lgpdal6qWz,mFPM7KXbqWCl4KW7pfOlv6lguaS+382o0MXYnInTpaKlpqXIpcmlotbxpLmkwKTspaupYNPDxrfratibpailr6W5pcal6qWipdqlw6XI08PGt6WqpfOl6aWkpfOlt6XnpcOl17fAnsTTw8a3pa2lw6XBpfPTw8a3t8C3uNPDxrelrKXppbnvd8mit8DWudyetbm3wNa5pemlpKXIhae8e6WkpfOlxqXqpaKl16Xspbyl86XIpcmlrqlgpd6l8yClraXjpcalo6lgpd6l8yClpqXDpcelo6lgpa2l46XDpcipYKWkIKW5pa+l6aXDpcGlraXjpcOlwaXjqWA=,pN6kv6S/pNOkrMjrpMOkv6TMpK+k4qTquNCkuKTrxL6kzqSqpOKkwaTjoaOlyaWuqWCl3qXzIKWtpeOlxqWjqWCl3qXzIKWmpcOlx6WjqWClraXjpcOlyKlgpaQgpbmlr6XppcOlwaWtpeOlw6XBpeOpYA==[rn]
31-51781,aHR0cDovL3RzaG9wLnIxMHMuanAvYnJpY28vY2FiaW5ldC82My80OTA2NDU2NTQ2ODYzXzEuanBnP2ZpdGluPTcwMDo3MDA=,MTgyNC4wMDAw,,pdqlw6XIP6XapcOlyKWwpcOluiA+IKXapcOlyNPDpKrK1sjrpOzTw8a3ID4g16alsaWi08PGtyA+IMOo08PXpqTIpK4=,pd6l66WrpfMgpMmks6THpOKlxKXhpMikrqW/pe+pYCCj06W1paSluiCjsaWzyOsgQ1QtMjY1,vU2k38GipMa6hoVno6E=,ofalzaWzpMGk46TzpM6luaXIpeylub3iz/ujoTxicj4gCqH2vU2k38GipMa6hoVno6HC6b9JpMilq6lgpdqlw6XIpMeYU6S3pK+lxKXhpMikrqOhPGJyPiAKofalzaW6pd+kzqSqpOKkwaTjpKy4tqSkpMalzaWzpMGk46TztPPPsqTTo6E8YnI+IAo8YnI+IAqjqKSqytbI66TspM7Ky7e9o6k8YnI+IAqh8eWmpOykv5VyoaKbQaTspL+VcqTPoaKkuaSwpMvHrKSkpL+yvKTHy6631qTyysOkraTIpMOkxqSvpMCktaSkoaOk3qS/oaKf4ZyrpOSlt6XzpcqpYD+l2aXzpbil8z+loqXrpbOpYKXrpMqkyaTPyrnTw6S3pMqkpKTHpK+kwKS1pKShozxicj4gCqH5vIi53Nan1vmkx6S5pM6kx6Giy6631qTkxPI/yqqa3aTyjqGk06TrpMiPirbIpKy1zc/CpLmk67/WpOykrKSipOqk3qS5oaOktNei0uKkr6TApLWkpKGjPGJyPgqh8bi2yvSkzqSqpOKkwaTjpPLVYO+LpLWku6TKpKSkx6SvpMCktaSkoaPDqKSspKqk4qTBpOOk8od5pN++QaSxpMakpKS/pOmhoqW/pe+pYKSrpOmkqqTipMGk46TypM+kuqS3pMakr6TApLWkpKGjPGJyPgo8YnI+Cjxicj4Ko6jUrbLEwc+jqTxicj4KofGl2algpbnMqKGtpdGpYKXGpaOlr6XrpdypYKXJoaKlq6lgpdqlw6XIKKXdpeqlqKW5pcal6yk8YnI+CqHxwum/Sdb5oa28iLncoaLC6aGipaKlr6Xqpes8YnI+CqHxpaupYKXapcOlyNb5oa28iLncoaKlq6lgpdqlw6XIKKXdpeqlqKW5pcal6yk8YnI+CqHxpaql4qXBpeOhraSmpLWkrsOroaKl3aXqpdel66XUpeyl8zxicj4KofGlzaW4sPShorXXpc2luKGipe+lw6W3peOhraW5pcGpYKXrPGJyPgo8YnI+CqOo0o648bjF0qqjqTxicj4KyczGt6W1paSluj8/P1czMKHBRDMwocFINTVjbQ==,pd6l66WrpfMgpMmks6THpOKlxKXhpMikrqW/pe+pYCCj06W1paSluiCjsaWzyOsgQ1QtMjY1o7ql26lgpeClu6Xzpb+pYKXWpeqlsw==,mFPM7KXbqWCl4KW7pfOlv6lguaS+382o0MXYnInTpaKlpqXIpcmlotbxpLmkwKTspaupYNPDxrfratibpailr6W5pcal6qWipdqlw6XI08PGt6WqpfOl6aWkpfOlt6XnpcOl17fAnsTTw8a3pa2lw6XBpfPTw8a3t8C3uNPDxrelrKXppbnvd8mit8DWudyetbm3wNa5pemlpKXIhae8e6WkpfOlxqXqpaKl16Xspbyl86XIpd6l66WrpfMgpMmks6THpOKlxKXhpMikrqW/pe+pYCCj06W1paSluiCjsaWzyOsgQ1QtMjY1,vU2k38GipMa6hoVno6Gho6Xepeulq6XzIKTJpLOkx6TipcSl4aTIpK6lv6XvqWAgo9OltaWkpbogo7Gls8jrIENULTI2NQ==[rn]
31-51782,aHR0cDovL3RzaG9wLnIxMHMuanAvZWRpb24vY2FiaW5ldC9nb29kcy9sbC9pbWdfMDkzLzQ5ODE1MjgzMTkwMTlfbGwuanBnP2ZpdGluPTcwMDo3MDA=,MTYwLjAwMDA=,,pdqlw6XIP6XapcOlyKWwpcOluiA+IKXapcOlyNPDpKrK1sjrpOzTw8a3ID4g16alsaWi08PGtyA+IMOo08PXpqTIpK4=,pdqlw6XIpdel7aW4peOl0aXzIKSipN6kqKTzpNyhoaTNpLOkwaTjpPOkzqTEpOGk36SspK0gPz8/Pz8/Pz8/Pz8/Pz8/Pz8/IFs/Pz8/Pz8/Pz8/Pz8/Pz8/Pz9d,,PGZvbnQgc2l6ZT0zIGNvbG9yPSNGRjAwMDA+ofkxu9ikzqS016LOxKTH0X3K/aTOpKq97KSxz8jF5MvNpM+kqsrcpLGkx6StpN6ku6TzoaOkvaTOiPa6z6GipLTXos7EpPKlraXjpfOlu6XrpLWku6TG7ZSkraTepLmhozxicj6h+dF9yv3Zj8jrlXKkz8iryv3U2o7spKyfb6SvoaKkqsihpOq8xKS7pMukyqTriPa6z6SspKKk6qTepLmho9PopOGktMHLs9Ckr6TApLWkpKGjPC9mb250Pjx0YWJsZSB3aWR0aD03MjA+PHRyPjx0ZCBhbGlnbj1yaWdodCB3aWR0aD0xMDAlPjxmb250IHNpemU9MiBjb2xvcj0jMDAwMDAwPqHwt7XGt7K7v8mMnc/zyczGtzwvZm9udD48L3RkPjwvdHI+PC90YWJsZT48c3R5bGUgdHlwZT5pbWcgeyAgICBib3JkZXI6IG5vbmU7fSNDZW50ZXJDbnRCb3hEb3dibGUgeyAgICBmbG9hdDogcmlnaHQ7ICAgIG1hcmdpbjogMDsgICAgcGFkZGluZzogMDsgICAgdGV4dC1hbGlnbjogbGVmdDsgICAgdmVydGljYWwtYWxpZ246IHRvcDsgICAgd2lkdGg6IDcyMHB4O30uR29vZHNTcGVjVGl0bGUyeyAgICBiYWNrZ3JvdW5kLWltYWdlOiB1cmwoImh0dHA6Ly9pbWFnZS5yYWt1dGVuLmNvLmpwL2VkaW9uL2NhYmluZXQvcGFydHMvZHRpdGxlX2dvb2RzMi5naWYiKTsgICAgYmFja2dyb3VuZC1yZXBlYXQ6IG5vLXJlcGVhdDsgICAgZm9udC1zaXplOiAxMDAlOyAgICBtYXJnaW46IDA7ICAgIHBhZGRpbmc6IDdweCAxMXB4IDA7ICAgIG1heC1oZWlnaHQ6IDgwcHg7ICAgIG1pbi1oZWlnaHQ6IDI1cHg7ICAgIHdpZHRoOiA3MzRweDt9Lkdvb2RzU3BlY1RpdGxlRW5kIHsgICAgYmFja2dyb3VuZC1pbWFnZTogdXJsKCJodHRwOi8vaW1hZ2UucmFrdXRlbi5jby5qcC9lZGlvbi9jYWJpbmV0L3BhcnRzL2R0aXRsZV9nb29kc2VuZC5naWYiKTsgICAgYmFja2dyb3VuZC1wb3NpdGlvbjogbGVmdCBib3R0b207ICAgIGJhY2tncm91bmQtcmVwZWF0OiBuby1yZXBlYXQ7ICAgIGhlaWdodDogMTBweDsgICAgbWFyZ2luOiAwcHggMCAxMHB4O30uR29vZHNTcGVjVGl0bGUyIGgzIHsgICAgY29sb3I6ICNGRkZGRkY7ICAgIGZvbnQtc2l6ZTogMTA4JTsgICAgbWF4LWhlaWdodDogNzBweDsgICAgbWluLWhlaWdodDogMjRweDt9aDMgeyAgICBtYXJnaW46IDA7ICAgIHBhZGRpbmc6IDA7fXNwYW4udGF4IHsgICAgY29sb3I6ICM2NjY2NjY7ICAgIGZvbnQtc2l6ZTogNzAlO30uUmVsYXRpb25UYWJsZSB7ICAgIG1hcmdpbjogMCAwIDEwcHg7ICAgIHBhZGRpbmc6IDA7fXRkLkNlbGwgeyAgICBiYWNrZ3JvdW5kLWNvbG9yOiAjRkZGRkZGOyAgICBmb250LXNpemU6IDEwMCU7ICAgIGZvbnQtd2VpZ2h0OiBub3JtYWw7ICAgIHBhZGRpbmc6IDJweCA0MHB4IDAgMDsgICAgdGV4dC1hbGlnbjogbGVmdDsgICAgdmVydGljYWwtYWxpZ246IHRvcDsgICAgd2lkdGg6IDE1MHB4O30uRGlzcExpc3RDbXQgeyAgICBmb250LXNpemU6IDEwcHg7ICAgIGxpbmUtaGVpZ2h0OiAxLjRlbTsgICAgbWFyZ2luOiAwOyAgICBwYWRkaW5nOiAycHggMCA3cHg7fS5SZWxhdGlvbkxpc3RJbWcgaW1nIHsgICAgYm9yZGVyOiAxcHggc29saWQgI0NDQ0NDQzsgICAgbWFyZ2luOiAwIDAgMTBweDsgICAgdGV4dC1hbGlnbjogbGVmdDsgICAgdmVydGljYWwtYWxpZ246IHRvcDt9LkRpc3BOYW1lIHsgICAgYmFja2dyb3VuZC1pbWFnZTogdXJsKCJodHRwOi8vaW1hZ2UucmFrdXRlbi5jby5qcC9lZGlvbi9jYWJpbmV0L3BhcnRzL2ljb19nb29kcy5naWYiKTsgICAgYmFja2dyb3VuZC1yZXBlYXQ6IG5vLXJlcGVhdDsgICAgZm9udC1zaXplOiA4MCU7ICAgIGxpbmUtaGVpZ2h0OiAxLjJlbTsgICAgbWFyZ2luOiAwIDAgNXB4OyAgICBwYWRkaW5nOiAwIDAgMCAxMXB4O30uUmVsYXRpb25UYWJsZSB0ZC5DZWxsRW5kIHsgICAgYmFja2dyb3VuZC1jb2xvcjogI0ZGRkZGRjsgICAgZm9udC1zaXplOiAxMDAlOyAgICBmb250LXdlaWdodDogbm9ybWFsOyAgICBwYWRkaW5nOiAwIDAgMjBweDsgICAgdGV4dC1hbGlnbjogbGVmdDsgICAgdmVydGljYWwtYWxpZ246IHRvcDsgICAgd2lkdGg6IDE1MHB4O30uUHJpY2VCbGsgeyAgICBiYWNrZ3JvdW5kLWltYWdlOiB1cmwoImh0dHA6Ly9pbWFnZS5yYWt1dGVuLmNvLmpwL2VkaW9uL2NhYmluZXQvcGFydHMvdW5kZXJsaW5lX2wuZ2lmIik7ICAgIGJhY2tncm91bmQtcG9zaXRpb246IGxlZnQgYm90dG9tOyAgICBiYWNrZ3JvdW5kLXJlcGVhdDogbm8tcmVwZWF0OyAgICBjb2xvcjogIzAwMDAwMDsgICAgZm9udC1zaXplOiAxMDAlOyAgICBtYXJnaW46IDA7ICAgIHBhZGRpbmc6IDNweCAwIDJweDsgICAgdmVydGljYWwtYWxpZ246IHRvcDt9Lkdvb2RzU3BlY0JveCB7ICAgIGZvbnQtc2l6ZTogOTUlOyAgICBsaW5lLWhlaWdodDogMS42OyAgICBtYXJnaW46IDAgMCAzMHB4OyAgICBwYWRkaW5nOiAwO30jUGFnZUxpbmsgeyAgICB2ZXJ0aWNhbC1hbGlnbjogdG9wOyAgICB0ZXh0LWFsaWduOiByaWdodDsgICAgcGFkZGluZzogMHB4IDMwcHg7ICAgIG1hcmdpbjogMHB4IDBweCAxMHB4IDBweDt9PC9zdHlsZT48ZGl2IGNsYXNzPSJHb29kc1NwZWNUaXRsZTIiPjxoMz5bpdqlw6XIpdel7aW4peOl0aXzIKSipN6kqKTzpNyhoaTNpLOkwaTjpPOkzqTEpOGk36SspK0gID8/Pz8/Pz8/Pz8/Pz8/Pz8/P10gpM7JzMa31WjD9zwvaDM+PC9kaXY+PGRpdiBjbGFzcz0iR29vZHNTcGVjVGl0bGVFbmQiPjwvZGl2PjxkaXYgY2xhc3M9Ikdvb2RzU3BlY0JveCI+ofGtaL6zpMuk5KS1pLekpNTZyfq8iKTyyrnTw6S3pMakqqTqpN6kuaGjPGJyPqHxpd6lv6W/pdO327i2pK2hozwvZGl2PjxkaXYgY2xhc3M9Ikdvb2RzU3BlY1RpdGxlMiI+PGgzPlul2qXDpcil16Xtpbil46XRpfMgpKKk3qSopPOk3KGhpM2ks6TBpOOk86TOpMSk4aTfpKykrSAgPz8/Pz8/Pz8/Pz8/Pz8/Pz8/XaTOpbml2qXDpa88L2gzPjwvZGl2PjxkaXYgY2xhc3M9Ikdvb2RzU3BlY1RpdGxlRW5kIj48L2Rpdj48ZGl2IGNsYXNzPSJHb29kc1NwZWNCb3giPqHxy9iyxKO6ts6l3KlgpeuhoqOouLbK9KO6pN6kv6S/pNO326OpPGJyPqHx1K2uYrn6pN6kv6TP0XXU7LXYo7rI1bG+PC9kaXY+PC9kaXY+PGRpdiBpZD0iUGFnZUxpbmsiPjxpbWcgaGVpZ2h0PSIxMyIgd2lkdGg9IjEwMSIgYWx0PSKks6TOpdqpYKW4pM6lyKXDpdek2CIgc3JjPSJodHRwOi8vaW1hZ2UucmFrdXRlbi5jby5qcC9lZGlvbi9jYWJpbmV0LzAyNDIyMDcyL2V0Yy9xYS9idG5fcGFnZXRvcC5naWYiPjwvZGl2PjxzdHlsZSB0eXBlPgppbWcgewpib3JkZXItc3R5bGU6IG5vbmU7Cn0KPC9zdHlsZT4KPGNlbnRlcj4KPHRhYmxlIHdpZHRoPTEwMCU+Cgk8dHI+CgkJPHRkIHdpZHRoPTEwMCUgYWxpZ249Y2VudGVyPgoJCQk8Zm9udCBzaXplPTI+pKqkt6TppLs8L2ZvbnQ+CgkJPC90ZD4KCTwvdHI+Cgk8dHI+CgkJPHRkIHdpZHRoPTEwMCUgYWxpZ249Y2VudGVyPgoKCjxkaXYgc3R5bGU9ImNvbG9yOiAjMDAwMDAwOyB3aWR0aDoxMDAlOyBoZWlnaHQ6IDI4cHg7IGZvbnQtd2VpZ2h0OiBib2xkOyBmb250LXNpemU6IDE1cHg7IGJvcmRlcjogMXB4IHNvbGlkICNDMEMwQzA7IHRleHQtYWxpZ246Y2VudGVyOyBiYWNrZ3JvdW5kLWNvbG9yOiAjRkZGRkZGOyBwYWRkaW5nOiA3cHggMCAwOyI+CgkJCQkKCQkJCQkJCTxmb250IHNpemU9MyBjb2xvcj1ibHVlPjxiPtWsvLGx46OopeSl3qXI31zdlJiUo6mkzqG4xeTfX5Vy6WeOoaTO1ri2qJaYobmkzonkuPyky6TEpKSkxjwvYj48L2ZvbnQ+CgkJCQk8L2Rpdj4KCgo8ZGl2IHN0eWxlPSJjb2xvcjogIzAwMDAwMDsgd2lkdGg6MTAwJTsgaGVpZ2h0OiAyOHB4OyBmb250LXdlaWdodDogYm9sZDsgZm9udC1zaXplOiAxNXB4OyBib3JkZXI6IDFweCBzb2xpZCAjQzBDMEMwOyB0ZXh0LWFsaWduOmNlbnRlcjsgYmFja2dyb3VuZC1jb2xvcjogI0ZGRkZGRjsgcGFkZGluZzogN3B4IDAgMDsiPgoJCQkJCgkJCQkJCQk8Zm9udCBzaXplPTI+PGI+mFPM7MrQiPakzpfKy/c/mFPM7KXXpe2lwKWvpcikzqG61NqO7KSipOqhu7Ht05uky6TEpKSkxjwvYj48L2ZvbnQ+CgkJCQk8L2Rpdj4KCgoKPGRpdiBzdHlsZT0iY29sb3I6ICMwMDAwMDA7IHdpZHRoOjEwMCU7IGhlaWdodDogMjhweDsgZm9udC13ZWlnaHQ6IGJvbGQ7IGZvbnQtc2l6ZTogMTVweDsgYm9yZGVyOiAxcHggc29saWQgI0MwQzBDMDsgdGV4dC1hbGlnbjpjZW50ZXI7IGJhY2tncm91bmQtY29sb3I6ICNGRkZGRkY7IHBhZGRpbmc6IDdweCAwIDA7Ij4KCQkJCQoJCQkJCQkJPGZvbnQgc2l6ZT0yPjxiPsnMxrekzqSqveyksZVyxto/s/a6yaOoxL+wsqOpse3KvqTLpMSkpKTGPC9iPjwvZm9udD4KCQkJCTwvZGl2PgoKCgoKCQkJCTx0YWJsZT4KCQkJCTx0cj4KCQkJCTx0ZCBoaWdodD0iMiI+CgkJCQk8L3RkPgoJCQkJPC90cj4KCQkJCTwvdGFibGU+CgoKPGRpdiBzdHlsZT0id2lkdGg6IDY5MHB4OyBtYXJnaW46IDBwdDsgdGV4dC1hbGlnbjpjZW50ZXI7Ij4KCQkJCQkKCQkJCQk8aW1nIGFsdD0ipailx6Wjpaql85hTzOzK0Ij2teqhoaSqpLmkuaTh1ri2qMnMxrekzqXdpaSl86XIpKykqrXDo6EiIHNyYz0iaHR0cHM6Ly9pbWFnZS5yYWt1dGVuLmNvLmpwL2VkaW9uL2NhYmluZXQvMDI0MjIwNzIvZXRjLzA1MTAxNjkzL2ltZ3JjMDA2ODYwNjk4OC5qcGciIHN0eWxlPSJ3aWR0aDogNTgwcHg7IG1hcmdpbjogMHB0OyIgLz4KCQkJCQk8L2Rpdj4KCQkJCTx0YWJsZT4KCQkJCTx0cj4KCQkJCTx0ZCBoaWdodD0iMiI+CgkJCQk8L3RkPgoJCQkJPC90cj4KCQkJCTwvdGFibGU+CgoKPGRpdiBzdHlsZT0id2lkdGg6IDY5MHB4OyBtYXJnaW46IDBwdDsgdGV4dC1hbGlnbjpjZW50ZXI7Ij4KCQkJCQkKCQkJCQk8aW1nIGFsdD0iNzKVculnz962qCGlqKXzpcil6qlgpMelwKWkpeSl4qXzpcm74YZUpM+l3aWkpfOlyDSxtqGipdel6aXBpcq74YZUpM+l3aWkpfOlyDOxtqGipbSpYKXrpcm74YZUpM+l3aWkpfOlyDKxtiIgc3JjPSJodHRwczovL2ltYWdlLnJha3V0ZW4uY28uanAvZWRpb24vY2FiaW5ldC8wMjQyMjA3Mi9ldGMvMDUxMDE2OTMvaW1ncmMwMDY4NjMxMTgwLmpwZyIgc3R5bGU9IndpZHRoOiA1ODBweDsgbWFyZ2luOiAwcHQ7IiAvPgoJCQkJCTwvZGl2PgoJCQkJPHRhYmxlPgoJCQkJPHRyPgoJCQkJPHRkIGhpZ2h0PSIyIj4KCQkJCTwvdGQ+CgkJCQk8L3RyPgoJCQkJPC90YWJsZT4KCgo8ZGl2IHN0eWxlPSJ3aWR0aDogNjkwcHg7IG1hcmdpbjogMHB0OyB0ZXh0LWFsaWduOmNlbnRlcjsiPgoJCQkJCQoJCQkJCTxpbWcgYWx0PSKYU8zspaSpYKWwpeuluaSs1Ie6z6TLhNmkw6S/pOmhotSHus/S7sjVpM4wo7owMKSrpOkyM6O6NTmk3qTHoaKl3aWkpfOlyDKxtiIgc3JjPSJodHRwczovL2ltYWdlLnJha3V0ZW4uY28uanAvZWRpb24vY2FiaW5ldC8wMjQyMjA3Mi9ldGMvMDUxMjkyNzEvaW1ncmMwMDY4NjIzNTcyLmpwZyIgc3R5bGU9IndpZHRoOiA1ODBweDsgbWFyZ2luOiAwcHQ7IiAvPgoJCQkJCTwvZGl2PgoJCQkJPHRhYmxlPgoJCQkJPHRyPgoJCQkJPHRkIGhpZ2h0PSIyIj4KCQkJCTwvdGQ+CgkJCQk8L3RyPgoJCQkJPC90YWJsZT4KCgo8ZGl2IHN0eWxlPSJ3aWR0aDogNjkwcHg7IG1hcmdpbjogMHB0OyB0ZXh0LWFsaWduOmNlbnRlcjsiPgoJCQkJCQoJCQkJCTxpbWcgYWx0PSLG2ulnz962qKOh07PP8aW9pdWlyKOzo7CjsIPSvvnSu8zYvK+joaOhIiBzcmM9Imh0dHA6Ly9pbWFnZS5yYWt1dGVuLmNvLmpwL2VkaW9uL2NhYmluZXQvMDI0MjIwNzIvZXRjLzA1MTAxNjkzL2ltZ3JjMDA2ODA2NTQyNy5qcGciIHN0eWxlPSJ3aWR0aDogNTgwcHg7IGhlaWdodDogMTkxcHg7IG1hcmdpbjogMHB0OyIgLz4KCQkJCQk8L2Rpdj4KCQkJCTx0YWJsZT4KCQkJCTx0cj4KCQkJCTx0ZCBoaWdodD0iMiI+CgkJCQk8L3RkPgoJCQkJPC90cj4KCQkJCTwvdGFibGU+CgoKCgo8ZGl2IHN0eWxlPSJ3aWR0aDogNjkwcHg7IG1hcmdpbjogMHB0OyB0ZXh0LWFsaWduOmNlbnRlcjsiPgoJCQkJCQoJCQkJCTxpbWcgYWx0PSKlualgpdGpYKXdpaSl86XIpaKlw6XXpdel7aWwpeml4KGhuPe3TqW1qWCl06W5pLTA+9PDpMekpKTEpMek4pqwyNWl3aWkpfOlyDextiIgc3JjPSJodHRwOi8vaW1hZ2UucmFrdXRlbi5jby5qcC9lZGlvbi9jYWJpbmV0LzAyNDIyMDcyL2V0Yy8wMzc4Njk3Mi9pbWdyYzAwNjU5NDQ1MTkuanBnIiBzdHlsZT0id2lkdGg6IDQ2OHB4OyBoZWlnaHQ6IDYwcHg7IG1hcmdpbjogMHB0OyIgLz4KCQkJCQk8L2Rpdj4KCQkJCTx0YWJsZT4KCQkJCTx0cj4KCQkJCTx0ZCBoaWdodD0iMiI+CgkJCQk8L3RkPgoJCQkJPC90cj4KCQkJCTwvdGFibGU+CgoKCgo8ZGl2IHN0eWxlPSJ3aWR0aDogNjkwcHg7IG1hcmdpbjogMHB0OyB0ZXh0LWFsaWduOmNlbnRlcjsiPgoJCQkJCQoJCQkJCTxpbWcgYWx0PSKhurP1pOGkxqTOpKrZSaSkzu+kxzEsMDAwg9K31qXdpaSl86XIpdel7KW8pfOlyKOhobsiIHNyYz0iaHR0cDovL2ltYWdlLnJha3V0ZW4uY28uanAvZWRpb24vY2FiaW5ldC8wMjQyMjA3Mi9ldGMvMDUxMDE2OTMvaW1ncmMwMDY3Njk5NjA2LmpwZyIgc3R5bGU9IndpZHRoOiA0NjhweDsgaGVpZ2h0OiA2MHB4OyBtYXJnaW46IDBwdDsiIC8+CgkJCQkJPC9kaXY+CgkJCQk8dGFibGU+CgkJCQk8dHI+CgkJCQk8dGQgaGlnaHQ9IjIiPgoJCQkJPC90ZD4KCQkJCTwvdHI+CgkJCQk8L3RhYmxlPgoKCgoKCjxkaXYgc3R5bGU9IndpZHRoOiA2OTBweDsgbWFyZ2luOiAwcHQ7IHRleHQtYWxpZ246Y2VudGVyOyI+CgkJCQkJCgkJCQkJPGltZyBhbHQ9IphTzOylpqWnpdaXysv3wPvTw6THpd2lpKXzpcgxMLG2pdel7KW8pfOlyKG7IiBzcmM9Imh0dHA6Ly9pbWFnZS5yYWt1dGVuLmNvLmpwL2VkaW9uL2NhYmluZXQvMDI0MjIwNzIvZXRjLzA1MTAxNjkzL2ltZ3JjMDA2NzU0NTE3Mi5qcGciIHN0eWxlPSJ3aWR0aDogNDY4cHg7IGhlaWdodDogNjBweDsgbWFyZ2luOiAwcHQ7IiAvPgoJCQkJCTwvZGl2PgoJCQkJPHRhYmxlPgoJCQkJPHRyPgoJCQkJPHRkIGhpZ2h0PSIyIj4KCQkJCTwvdGQ+CgkJCQk8L3RyPgoJCQkJPC90YWJsZT4KCjxkaXYgc3R5bGU9IndpZHRoOiA2OTBweDsgbWFyZ2luOiAwcHQ7IHRleHQtYWxpZ246Y2VudGVyOyI+CgkJCQkJCgkJCQkJPGltZyBhbHQ9IphTzOylpqWnpdaXysv3wPvTw6THpd2lpKXzpcgrMC41sbahuyIgc3JjPSJodHRwOi8vaW1hZ2UucmFrdXRlbi5jby5qcC9lZGlvbi9jYWJpbmV0LzAyNDIyMDcyL2V0Yy8wNTEwMTY5My9pbWdyYzAwNjc1NDUxNTAuanBnIiBzdHlsZT0id2lkdGg6IDQ2OHB4OyBoZWlnaHQ6IDYwcHg7IG1hcmdpbjogMHB0OyIgLz4KCQkJCQk8L2Rpdj4KCQkJCTx0YWJsZT4KCQkJCTx0cj4KCQkJCTx0ZCBoaWdodD0iMiI+CgkJCQk8L3RkPgoJCQkJPC90cj4KCQkJCTwvdGFibGU+CgoKPGRpdiBzdHlsZT0id2lkdGg6IDY5MHB4OyBtYXJnaW46IDBwdDsgdGV4dC1hbGlnbjpjZW50ZXI7Ij4KCQkJCQkKCQkJCQk8aW1nIGFsdD0imFPM7KWrqWClydDC0o7I67vhpMcyLDAwMKXdpaSl86XIo6GktaTppMukuaSwpMvKuaSopOsxLDAwMIPSpa+pYKXdpfOl16Xspbyl86XIo6EiIHNyYz0iaHR0cDovL2ltYWdlLnJha3V0ZW4uY28uanAvZWRpb24vY2FiaW5ldC8wMjQyMjA3Mi9ldGMvdG9wL2ltZzU5OTA0MzMyLmdpZiIgc3R5bGU9IndpZHRoOiA0NjhweDsgaGVpZ2h0OiA2MHB4OyBtYXJnaW46IDBwdDsiIC8+CgkJCQkJPC9kaXY+CgkJCQk8dGFibGU+CgkJCQk8dHI+CgkJCQk8dGQgaGlnaHQ9IjIiPgoJCQkJPC90ZD4KCQkJCTwvdHI+CgkJCQk8L3RhYmxlPgoKCgoJCQk8L2Rpdj4KCQk8L3RkPgoJPC90cj4KPC90YWJsZT4KCgo8dGFibGU+Cjx0cj4KPHRkIGhpZ2h0PSIyIj4KPC90ZD4KPC90cj4KPC90YWJsZT4=,pdqlw6XIpdel7aW4peOl0aXzIKSipN6kqKTzpNyhoaTNpLOkwaTjpPOkzqTEpOGk36SspK0gPz8/Pz8/Pz8/Pz8/Pz8/Pz8/IFs/Pz8/Pz8/Pz8/Pz8/Pz8/Pz9do7qlqKXHpaOlqqXzoaGYU8zsytCI9rXq,pdqlw6XIpdel7aW4peOl0aXzIKSipN6kqKTzpNyhoaTNpLOkwaTjpPOkzqTEpOGk36SspK0gPz8/Pz8/Pz8/Pz8/Pz8/Pz8/IFs/Pz8/Pz8/Pz8/Pz8/Pz8/Pz9d,pdqlw6XIpdel7aW4peOl0aXzIKSipN6kqKTzpNyhoaTNpLOkwaTjpPOkzqTEpOGk36SspK0gPz8/Pz8/Pz8/Pz8/Pz8/Pz8/IFs/Pz8/Pz8/Pz8/Pz8/Pz8/Pz9d[rn]
31-51783,aHR0cDovL3RzaG9wLnIxMHMuanAvdXJ1emEvY2FiaW5ldC9oZS9oZTI4Ml9zcDEwLmpwZz9maXRpbj03MDA6NzAw,MTEyMzIuMDAwMA==,,pdqlw6XIP6XapcOlyKWwpcOluiA+IKXapcOlyNPDpKrK1sjrpOzTw8a3ID4g16alsaWi08PGtyA+IMOo08PXpqTIpK4=,ofKl2KXDpdGpYCClz6Wkpe2pYCCluaWvpemlw6XBpeOpYCDDqNPD16akyKSuIGhlcHBlciBIaS1MbyBzY3JhdGNoZXJbw6ikztem0dCkriikxKThpMikrikgpM2ks6SsyrmkpKTkpLmkpL3Htsiky8Xk1sOkx6StpOsgpKqkt6TjpOykyqXHpbalpKXzpKzIy5rdIKXApfOl3KlgpeukztempMikrl0=,pdilw6XRqWAgpc+lpKXtqWAgpbmlr6XppcOlwaXjqWAgw6jTw9empMikrg==,PENFTlRFUj48aW1nIHNyYz0iaHR0cDovL2ltYWdlLnJha3V0ZW4uY28uanAvdXJ1emEvY2FiaW5ldC9oZS9oZTI4Ml8xMC5qcGciIHdpZHRoPSI2NTAiIGhlaWdodD0iYXV0byIgYm9yZGVyPSIwIj48YnI+Cjxicj4KPGJyPgo8YnI+CjxJTUcgc3JjPSJodHRwOi8vaW1hZ2UucmFrdXRlbi5jby5qcC9raXJlaXNwb3QvY2FiaW5ldC9reW90dXUvc296YWkvc3BlYzEuZ2lmIiB3aWR0aD0iNjUwIiBoZWlnaHQ9IjQ1IiBib3JkZXI9IjAiPjxCUj4KPFRBQkxFIGJvcmRlcj0iMCIgd2lkdGg9IjY1MCIgY2VsbHNwYWNpbmc9IjUiIGNlbGxwYWRkaW5nPSI1Ij4KICA8VEJPRFk+CiAgICA8VFI+CiAgICAgIDxURCB3aWR0aD0iNzAiIGJnY29sb3I9IiNlZmVmZWYiIGFsaWduPSJsZWZ0Ij48c3BhbiBzdHlsZT0ibGluZS1oZWlnaHQ6MjJweCI+PEZPTlQgY29sb3I9IiM1ODU4NTgiIHNpemU9IjIiPsnMxrfD+zwvRk9OVD48L3NwYW4+PC9URD4KICAgICAgPFREIGFsaWduPSJsZWZ0Ij48c3BhbiBzdHlsZT0ibGluZS1oZWlnaHQ6MjJweCI+PEZPTlQgY29sb3I9IiM1ODU4NTgiIHNpemU9IjIiPqXYpcOl0algIKXPpaSl7algIKW5pa+l6aXDpcGl46lgIMOo08PXpqTIpK4gaGVwcGVyIEhpLUxvIHNjcmF0Y2hlcjwvRk9OVD48L3NwYW4+PC9URD4KICAgIDwvVFI+CiAgICA8VFI+CiAgICAgIDxURCB3aWR0aD0iNzAiIGJnY29sb3I9IiNlZmVmZWYiIGFsaWduPSJsZWZ0Ij48c3BhbiBzdHlsZT0ibGluZS1oZWlnaHQ6MjJweCI+PEZPTlQgY29sb3I9IiM1ODU4NTgiIHNpemU9IjIiPqW1paSluqOovHOjqTwvRk9OVD48L3NwYW4+PC9URD4KICAgICAgPFREIGFsaWduPSJsZWZ0Ij48c3BhbiBzdHlsZT0ibGluZS1oZWlnaHQ6MjJweCI+PEZPTlQgY29sb3I9IiM1ODU4NTgiIHNpemU9IjIiPrDC0NAzOKHBt/kzM6HBuN+ktTUzY22jqNempMikrrK/t9akzrf5MzBjbaOpPC9GT05UPjwvc3Bhbj48L1REPgogICAgPC9UUj4KICAgIDxUUj4KICAgICAgPFREIHdpZHRoPSI3MCIgYmdjb2xvcj0iI2VmZWZlZiIgYWxpZ249ImxlZnQiPjxzcGFuIHN0eWxlPSJsaW5lLWhlaWdodDoyMnB4Ij48Rk9OVCBjb2xvcj0iIzU4NTg1OCIgc2l6ZT0iMiI+ssTZfDwvRk9OVD48L3NwYW4+PC9URD4KICAgICAgPFREIGFsaWduPSJsZWZ0Ij48c3BhbiBzdHlsZT0ibGluZS1oZWlnaHQ6MjJweCI+PEZPTlQgY29sb3I9IiM1ODU4NTgiIHNpemU9IjIiPrG+zOWjuqXXpemlpKWmpcOlyTxicj4K16akyKSusr+31qO6peqltaWkpa+l66XApfOl3Klgpes8L0ZPTlQ+PC9zcGFuPjwvVEQ+CiAgICA8L1RSPgogICAgPFRSPgogICAgICA8VEQgd2lkdGg9IjcwIiBiZ2NvbG9yPSIjZWZlZmVmIiBhbGlnbj0ibGVmdCI+PHNwYW4gc3R5bGU9ImxpbmUtaGVpZ2h0OjIycHgiPjxGT05UIGNvbG9yPSIjNTg1ODU4IiBzaXplPSIyIj7XotLiPC9GT05UPjwvc3Bhbj48L1REPgogICAgICA8VEQgYWxpZ249ImxlZnQiPjxzcGFuIHN0eWxlPSJsaW5lLWhlaWdodDoyMnB4Ij48Rk9OVCBjb2xvcj0iIzU4NTg1OCIgc2l6ZT0iMiI+ofmlx6Wjpbml16XspaSkzq1ovrPJz6GijGfrSKTOpaul6algpKzU2axGpMekraTKpKSI9rrPpKyktKS2pKSk3qS5oaM8L0ZPTlQ+PC9zcGFuPjwvVEQ+CiAgICA8L1RSPgogIDwvVEJPRFk+CjwvVEFCTEU+Cjxicj4KPGJyPgo8QlI+CjxJTUcgc3JjPSJodHRwOi8vaW1hZ2UucmFrdXRlbi5jby5qcC9raXJlaXNwb3QvY2FiaW5ldC9reW90dXUvaWNvbi9zZXJpZXMwMS5naWYiIHdpZHRoPSI2NTAiIGhlaWdodD0iNDUiIGJvcmRlcj0iMCI+PEJSPgo8VEFCTEUgYm9yZGVyPSIwIiB3aWR0aD0iNjUwIiBjZWxsc3BhY2luZz0iMSIgY2VsbHBhZGRpbmc9IjE1IiBiZ2NvbG9yPSIjY2NjY2NjIj4KICA8VEJPRFk+CiAgICA8VFI+CiAgICAgIDxURCBiZ2NvbG9yPSIjZmZmZmZmIiBhbGlnbj0icmlnaHQiPgogICAgICA8VEFCTEUgYm9yZGVyPSIwIiB3aWR0aD0iNjE4IiBjZWxsc3BhY2luZz0iMCIgY2VsbHBhZGRpbmc9IjAiIGNsYXNzPSJleF9saXN0Ij4KICAgICAgICA8VEJPRFk+CiAgICAgICAgICA8VFI+CiAgICAgICAgICAgIDxURCB3aWR0aD0iMTUwIiBoZWlnaHQ9IjE1MyIgdmFsaWduPSJ0b3AiIGFsaWduPSJjZW50ZXIiPjxJTUcgc3JjPSJodHRwOi8vaW1hZ2UucmFrdXRlbi5jby5qcC91cnV6YS9jYWJpbmV0L2hlL2hlMjc5LmpwZyIgd2lkdGg9IjE1MCIgaGVpZ2h0PSIxNTAiIGJvcmRlcj0iMCI+PC9URD4KICAgICAgICAgICAgPFREIHdpZHRoPSI2IiBoZWlnaHQ9IjE1MyIgdmFsaWduPSJ0b3AiIGFsaWduPSJjZW50ZXIiPjwvVEQ+CiAgICAgICAgICAgIDxURCB3aWR0aD0iMTUwIiBoZWlnaHQ9IjE1MyIgdmFsaWduPSJ0b3AiIGFsaWduPSJjZW50ZXIiPjxpbWcgc3JjPSJodHRwOi8vaW1hZ2UucmFrdXRlbi5jby5qcC91cnV6YS9jYWJpbmV0L2hlL2hlMjgwLmpwZyIgd2lkdGg9IjE1MCIgaGVpZ2h0PSIxNTAiIGJvcmRlcj0iMCI+PC9URD4KICAgICAgICAgICAgPFREIHdpZHRoPSI2IiBoZWlnaHQ9IjE1MyIgdmFsaWduPSJ0b3AiIGFsaWduPSJjZW50ZXIiPjwvVEQ+CiAgICAgICAgICAgIDxURCB3aWR0aD0iMTUwIiBoZWlnaHQ9IjE1MyIgdmFsaWduPSJ0b3AiIGFsaWduPSJjZW50ZXIiPjxpbWcgc3JjPSJodHRwOi8vaW1hZ2UucmFrdXRlbi5jby5qcC91cnV6YS9jYWJpbmV0L2hlL2hlMjgxLmpwZyIgd2lkdGg9IjE1MCIgaGVpZ2h0PSIxNTAiIGJvcmRlcj0iMCI+PC9URD4KICAgICAgICAgICAgPFREIHdpZHRoPSI2IiBoZWlnaHQ9IjE1MyIgdmFsaWduPSJ0b3AiIGFsaWduPSJjZW50ZXIiPjwvVEQ+CiAgICAgICAgICAgIDxURCB3aWR0aD0iMTUwIiBoZWlnaHQ9IjE1MyIgdmFsaWduPSJ0b3AiIGFsaWduPSJjZW50ZXIiPjwvVEQ+CiAgICAgICAgICA8L1RSPgogICAgICAgICAgPFRSPgogICAgICAgICAgICA8VEQgd2lkdGg9IjE1MCIgYWxpZ249ImNlbnRlciIgdmFsaWduPSJ0b3AiPjxGT05UIHNpemU9IjIiPjxBIGhyZWY9Imh0dHA6Ly9pdGVtLnJha3V0ZW4uY28uanAvdXJ1emEvaGUyNzkiPsOo08Ol2aXDpck8L0E+PC9GT05UPjwvVEQ+CiAgICAgICAgICAgIDxURCB3aWR0aD0iNiIgYWxpZ249ImNlbnRlciIgdmFsaWduPSJ0b3AiPjwvVEQ+CiAgICAgICAgICAgIDxURCB3aWR0aD0iMTUwIiBhbGlnbj0iY2VudGVyIiB2YWxpZ249InRvcCI+PEZPTlQgc2l6ZT0iMiI+PGEgaHJlZj0iaHR0cDovL2l0ZW0ucmFrdXRlbi5jby5qcC91cnV6YS9oZTI4MCI+w6jTw6XZpcOlyTwvYT48L0ZPTlQ+PC9URD4KICAgICAgICAgICAgPFREIHdpZHRoPSI2IiBhbGlnbj0iY2VudGVyIiB2YWxpZ249InRvcCI+PC9URD4KICAgICAgICAgICAgPFREIHdpZHRoPSIxNTAiIGFsaWduPSJjZW50ZXIiIHZhbGlnbj0idG9wIj48Rk9OVCBzaXplPSIyIj48YSBocmVmPSJodHRwOi8vaXRlbS5yYWt1dGVuLmNvLmpwL3VydXphL2hlMjgxIj6l1algpcml3KWmpes8L2E+PC9GT05UPjwvVEQ+CiAgICAgICAgICAgIDxURCB3aWR0aD0iNiIgYWxpZ249ImNlbnRlciIgdmFsaWduPSJ0b3AiPjwvVEQ+CiAgICAgICAgICAgIDxURCB3aWR0aD0iMTUwIiBhbGlnbj0iY2VudGVyIiB2YWxpZ249InRvcCI+PC9URD4KICAgICAgICAgIDwvVFI+CiAgICAgICAgPC9UQk9EWT4KICAgICAgPC9UQUJMRT4KICAgICAgPC9URD4KICAgIDwvVFI+CiAgPC9UQk9EWT4KPC9UQUJMRT4KPGJyPgo8YnI+Cjxicj4KPC9DRU5URVI+PFRBQkxFIGNsYXNzPSJ0YWJsZTEiIHdpZHRoPSIzMTUiIGNlbGxzcGFjaW5nPSIxIiBiZ2NvbG9yPSIjY2NjY2NjIiBjZWxscGFkZGluZz0iMCIgYm9yZGVyPSIwIj4KICA8VEJPRFk+CiAgICA8VFI+CiAgICAgIDxURCBhbGlnbj0iY2VudGVyIiBiZ2NvbG9yPSIjZmZmZmZmIj48SU1HIHNyYz0iaHR0cDovL2ltYWdlLnJha3V0ZW4uY28uanAva2lyZWlzcG90L2NhYmluZXQva3lvdHV1L3NvemFpL3NwZWMyLmdpZiIgd2lkdGg9IjMxNSIgaGVpZ2h0PSIzNCIgYm9yZGVyPSIwIj48QlI+CiAgICAgIDxUQUJMRSBjZWxsc3BhY2luZz0iMCIgY2VsbHBhZGRpbmc9IjAiIGJvcmRlcj0iMCIgd2lkdGg9IjI4NSI+Cjx0cj4KICAgICAgICAgICAgPFREIGNvbHNwYW49IjIiIGFsaWduPSJsZWZ0Ij4KICAgICAgICAgICAgPGgyIGNsYXNzPSJtaWRhc2hpIj6l2KXDpdGpYCClz6Wkpe2pYCCluaWvpemlw6XBpeOpYCDDqNPD16akyKSuIGhlcHBlciBIaS1MbyBzY3JhdGNoZXKkzr3i1Wg8L2gyPtbDpK23vaTLpOikw6TGMrdO7pCkzr3Htsiky4nkpKik66SzpMikrKTHpK2k68Oo08OkzrbOpdypYKXr16bR0KSupMekuaGjPGJyPgqlqqW3peOl7KTKpaSl86XGpeqloqTLpMqkuKTgpOikpqTKoaLDwKS3pKTH+r6ApKzM2I/VtcSkx6S5oaM8QlI+CiAgICAgICAgICAgIDxCUj4KICAgICAgICAgICAgPGgyIGNsYXNzPSJtaWRhc2hpIj6l2KXDpdGpYCClz6Wkpe2pYCCluaWvpemlw6XBpeOpYCDDqNPD16akyKSuIGhlcHBlciBIaS1MbyBzY3JhdGNoZXKkztSUvJo8L2gyPjwvVEQ+CiAgICAgICAgICA8L3RyPgogICAgICAgICAgPFRSPgogICAgICAgICAgICA8VEQgd2lkdGg9IjgwIiB2YWxpZ249InRvcCIgYWxpZ249ImxlZnQiPsnMxrfD+6O6PC9URD4KICAgICAgICAgICAgPFREIHZhbGlnbj0idG9wIiB3aWR0aD0iMjA1IiBhbGlnbj0ibGVmdCI+pdilw6XRqWAgpc+lpKXtqWAgpbmlr6XppcOlwaXjqWAgw6jTw9empMikriBoZXBwZXIgSGktTG8gc2NyYXRjaGVyPC9URD4KICAgICAgICAgIDwvVFI+PFRSPgogICAgICAgICAgPFREIHdpZHRoPSI4MCIgdmFsaWduPSJ0b3AiIGFsaWduPSJsZWZ0Ij7VaMP3o7o8L1REPgogICAgICAgICAgPFREIHZhbGlnbj0idG9wIiB3aWR0aD0iMjA1IiBhbGlnbj0ibGVmdCI+w6ikztem0dCkriikxKThpMikrikgpM2ks6SsyrmkpKTkpLmkpL3Htsiky8Xk1sOkx6StpOsgpKqkt6TjpOykyqXHpbalpKXzpKzIy5rdIKXApfOl3KlgpeukztempMikrjwvVEQ+CiAgICAgICAgPC9UUj48L1RBQkxFPgogICAgICA8QlI+CiAgICAgIDwvVEQ+CiAgICA8L1RSPgogIDwvVEJPRFk+CjwvVEFCTEU+Cjxicj48YnI+PGJyPjwhLS0gyKvtk7myzaggLS0+CjxsaW5rIHJlbD0ic3R5bGVzaGVldCIgaHJlZj0iaHR0cDovL3d3dy5yYWt1dGVuLm5lLmpwL2dvbGQvdXJ1emEvY3NzL2t5b3R1LmNzcyIgdHlwZT0idGV4dC9jc3MiPgoKCjwhLS0gpLOkzsnMxreky6TEpKSkxiAtLT4KPGxpbmsgcmVsPSJzdHlsZXNoZWV0IiBocmVmPSJodHRwOi8vd3d3LnJha3V0ZW4ubmUuanAvZ29sZC9raXJlaXNwb3QvY3NzL2l0ZW1fY29sdW1uLmNzcyIgdHlwZT0idGV4dC9jc3MiPgoKCjwhLS0gpaulxqW0pepUT1AgLS0+CjxsaW5rIHJlbD0ic3R5bGVzaGVldCIgaHJlZj0iaHR0cDovL3d3dy5yYWt1dGVuLm5lLmpwL2dvbGQvdXJ1emEvY3NzL2NhdGVnb3J5X3RvcC5jc3MiIHR5cGU9InRleHQvY3NzIj4KCgo8IS0tIN94pNmk66XXpeylvKXzpcggLS0+CjxsaW5rIHJlbD0ic3R5bGVzaGVldCIgaHJlZj0iaHR0cDovL3d3dy5yYWt1dGVuLm5lLmpwL2dvbGQvdXJ1emEvY3NzL3ByZXNlbnQuY3NzIiB0eXBlPSJ0ZXh0L2NzcyI+CgoKPCEtLSCl7KXTpeWpYKWzpfOlxqW5pcggLS0+CjxsaW5rIHJlbD0ic3R5bGVzaGVldCIgaHJlZj0iaHR0cDovL3d3dy5yYWt1dGVuLm5lLmpwL2dvbGQvdXJ1emEvY3NzL3Jldmlldy5jc3MiIHR5cGU9InRleHQvY3NzIj4KCgo8IS0tIKWopeyl2algpb+pYKXhpcul5algIC0tPgo8IS0tW2lmIGx0ZSBJRSA5XT4KPGxpbmsgcmVsPSJzdHlsZXNoZWV0IiBocmVmPSJodHRwOi8vd3d3LnJha3V0ZW4ubmUuanAvZ29sZC91cnV6YS9jc3MvZml4ZWRfYmFubmVyX2llOS5jc3MiIHR5cGU9InRleHQvY3NzIiAvPgo8IVtlbmRpZl0tLT4KCjwhLS0gPGRpdiBpZD0iZml4MSI+CgrJ54ZUpeyl06XlqWAKCjwvZGl2PiAtLT4KCjwhLS0gPGRpdiBpZD0iZml4MiI+Cgqlr6lgpd2l8woKPC9kaXY+IC0tPgoKPCEtLSA8ZGl2IGlkPSJmaXgzIj4KCs/7s/SEiAoKPC9kaXY+IC0tPgoKCjwhLS0gpaSl2aXzpciVcqTOpail7KXZqWClv6lgIC0tPgo8IS0tIDxkaXYgaWQ9ImZpeDFldmUiPgoKMTAwg9Klr6lgpd2l8woKPC9kaXY+IC0tPgoKCgo8IS0tIKWipcul0KlgpbWl6qlgjqEgLS0+CjwhLS0gCjxsaSBjbGFzcz0idGF0ZW9iaTEiIGlkPSJ0YXRlX2xlZnQiPjwvbGk+CiAtLT4=,ofKl2KXDpdGpYCClz6Wkpe2pYCCluaWvpemlw6XBpeOpYCDDqNPD16akyKSuIGhlcHBlciBIaS1MbyBzY3JhdGNoZXJbw6ikztem0dCkriikxKThpMikrikgpM2ks6SsyrmkpKTkpLmkpL3Htsiky8Xk1sOkx6StpOsgpKqkt6TjpOykyqXHpbalpKXzpKzIy5rdIKXApfOl3KlgpeukztempMikrl2julVSVVpBo6ilpqXrpbajqQ==,3L/E3MjLkNvTw6XZpdOpYNPDxrelpKXzpcal6qWipa2lw6XBpfOlxKlgpeulrqXVpci6o83ipdal6aXzpcnratibpc2lw6XIpbel56XDpdfNqNicofKl2KXDpdGpYCClz6Wkpe2pYCCluaWvpemlw6XBpeOpYCDDqNPD16akyKSuIGhlcHBlciBIaS1MbyBzY3JhdGNoZXJbw6ikztem0dCkriikxKThpMikrikgpM2ks6SsyrmkpKTkpLmkpL3Htsiky8Xk1sOkx6StpOsgpKqkt6TjpOykyqXHpbalpKXzpKzIy5rdIKXApfOl3KlgpeukztempMikrl0=,pdilw6XRqWAgpc+lpKXtqWAgpbmlr6XppcOlwaXjqWAgw6jTw9empMikriCho6Hypdilw6XRqWAgpc+lpKXtqWAgpbmlr6XppcOlwaXjqWAgw6jTw9empMikriBoZXBwZXIgSGktTG8gc2NyYXRjaGVyW8OopM7XptHQpK4opMSk4aTIpK4pIKTNpLOkrMq5pKSk5KS5pKS9x7bIpMvF5NbDpMekraTrIKSqpLek46TspMqlx6W2paSl86SsyMua3SClwKXzpdypYKXrpM7XpqTIpK5d[rn]
31-51784,aHR0cDovL3RzaG9wLnIxMHMuanAvcGVhY2VvbmUvY2FiaW5ldC8wMDI4NzQ3Ni8wMTI2MjUwMC8wMzg1MzAwMi9pbWdyYzAwNjY0MDMwNDEuanBnP2ZpdGluPTcwMDo3MDA=,NTI4LjAwMDA=,,pdqlw6XIP6XapcOlyKWwpcOluiA+IKXapcOlyNPDpKrK1sjrpOzTw8a3ID4g16alsaWi08PGtyA+IMOo08PXpqTIpK4=,W6W7qWCl612hvqXapcOlyKW5pcapYKW4ob8gpMSk4aTIpK6hoaWtpeOlw6XIpbmlr6XppcOlwaGhW6WkpfOl3algpchd,,PHRhYmxlIHdpZHRoPSI2MDAiIGJvcmRlcj0iMCI+Cjx0cj4KPHRkPgo8Yj7JzMa31WjD9zwvYj4KPGhyPgo8Rk9OVCBzaXplPSItMSIgY29sb3I9IiM2NjY2NjYiPgo8IS0tpLOks6SrpOnJzMa31WjD9y0tPgqlzaW6pd/QzaTOpMSk4aTIpK6horGnpK3V7aTIpLekxqTipKqk4qTBpOOkyKS3pMak4sq5pKik66ToPGJyPgo8YnI+Cjxicj4KofaltaWkpbqjurxzVzIxocFEMTBjbQo8YnI+PGJyPgoKPCEtLaSzpLOk3qTHyczGt9Vow/ctLT4KPC9GT05UPgo8YnI+PGJyPjwvdGQ+CjwvdHI+Cjx0cj4KPHRkPgo8Zm9udCBjb2xvcj0iI0ZGMDAwMCI+CjwhLS2ks6SzpKuk6bPgzsTX1j/XotLiysLtl8jrwaYtLT4Kofmks6TBpOmkzsnMxrekz92UyOvJzMa3pMikyqTqpN6kuaGjPGJyPgqh+dTajuykt6TGpKKk68nMxrekyKTKpOqk3qS5pKyhorXqxW6kyM2slXLYnInTpMikyqTqpN6kuaTOpMehos3qidOky6TKpOu/ycTc0NSk4qSipOqk3qS5oaMKPCEtLaSzpLOk3qTHs+DOxNfWP9ei0uLKwu2XyOvBpi0tPgo8L2ZvbnQ+Cjxicj48YnI+CjwvdGQ+CjwvdHI+Cjx0cj4KPHRkPgo8Zm9udCBjb2xvcj0iI2NjY2NjYyIgc2l6ZT0iLTEiPgo8aHI+CjwhLS2ks6SzpKuk6bGhzsTX1j+Xysv3pa2pYKXvqWClycjrwaYtLT4KCpfKy/elralgpe+pYKXJo7qlpKXzpd2pYKXIL92UyOsvpbCl66lgpd+l86WwL6TEpOGkyKSuL6XApfOl3KlgpesvpbmlyKXspbkvpN6kv6S/pNMvpbmlr6XppcOlwQoKPCEtLaSzpLOk3qTHsaHOxNfWP5fKy/elralgpe+pYKXJyOvBpi0tPgo8L2ZvbnQ+Cjxicj4KPGJyPgo8YnI+CjwvdGQ+CjwvdHI+CjwvdGFibGU+pLTXos7Ex7Cky7HYpLqktLRf1Uqkr6TApLWkpKTepLuhozxicj4KPHRhYmxlIHdpZHRoPSI2MjAiIGJvcmRlcj0iMCI+Cjx0cj48dGQ+CgoKPGltZyBzcmM9Imh0dHA6Ly9pbWFnZS5yYWt1dGVuLmNvLmpwL3BlYWNlb25lL2NhYmluZXQvYmFuZXIvaW1nNTg4ODk4NDQuanBnIiBib3JkZXI9IjAiIGFsdD0ipLTXos7EpKuk6bBry82k3qTHIj4KCgo8aW1nIHNyYz0iaHR0cDovL2ltYWdlLnJha3V0ZW4uY28uanAvcGVhY2VvbmUvY2FiaW5ldC9iYW5lci9pbWc1ODgzMjc3Ny5qcGciIGJvcmRlcj0iMCIgYWx0PSK8e8a3lfiky6TEpKSkxiI+CgoKPGltZyBzcmM9Imh0dHA6Ly9pbWFnZS5yYWt1dGVuLmNvLmpwL3BlYWNlb25lL2NhYmluZXQvYmFuZXIvaW1nNTg4MzI3NzkuanBnIiBib3JkZXI9IjAiIGFsdD0i7kmFp5X4pMukxKSkpMYiPgoKCjxpbWcgc3JjPSJodHRwOi8vaW1hZ2UucmFrdXRlbi5jby5qcC9wZWFjZW9uZS9jYWJpbmV0LzAzMDUwOTI5L2ltZzYxNDA4NzkzLmpwZyIgYm9yZGVyPSIwIiBhbHQ9IqWzpfOl06XLm1GcZ6TLpMSkpKTGIj4KCgo8aW1nIHNyYz0iaHR0cDovL2ltYWdlLnJha3V0ZW4uY28uanAvcGVhY2VvbmUvY2FiaW5ldC9iYW5lci9pbWdyYzAwNjU3NDA4MDIuanBnIiBib3JkZXI9IjAiIGFsdD0il3mw/KTLpMSkpKTGIj4KCgo8aW1nIHNyYz0iaHR0cDovL2ltYWdlLnJha3V0ZW4uY28uanAvcGVhY2VvbmUvY2FiaW5ldC9iYW5lci9pbWc1ODgzMjc3OC5qcGciIGJvcmRlcj0iMCIgYWxpZ249IoFL0NDdlMjrpMukxKSkpMYiPgo8L3RkPjwvdHI+Cgo8dHI+CiAgPHRkIGFsaWduPSJyaWdodCI+Cj+lpKXzpdWlqaXhqWClt6XnpfOj1KPPo9AKPC90ZD48L3RyPgo8L3RhYmxlPgoKCgo8IS0tterFboxnm3ItLT4KCjwhLS216sVujGebci0tPgo8YnI+Cgo8YnI+CjwhLS3QwtfFyczGty0tPgoKPCEtLdDC18XJzMa3LS0+Cjxicj4KCjwhLS2l6aXzpa2l86Ww19SE07j80MKlxKlgpeul76WkpcktLT4KCjwhLS2l6aXzpa2l86Ww19SE07j80MKlxKlgpeul76WkpcktLT4KPGJyPg==,W6W7qWCl612hvqXapcOlyKW5pcapYKW4ob8gpMSk4aTIpK6hoaWtpeOlw6XIpbmlr6XppcOlwaGhW6WkpfOl3algpchdo7ql2qXDpcil6aXzpcml1Klgpbml76XzmFPM7LXq,pdqlw6XIpdqlw6XIpdWpYKXJpcmlw6WwpdWpYKXJpa2l46XDpcil1algpcml2qXDpcilsKXDpbqltaWkpail86W5pcClpKWopcOlyKXKpcGl5aXppeulwaXnpaSlub2hv7Wl1algpcml5qWrpcyl0KWipaSl4KW5paSlzKXNpbPIrsVopa2l46XqqWClyqXBpeWl6aXrpdCl6aXzpbml0KXqpbGl87x7trm++qW1pdel6qXhpfOlyKW5pcqlw6WvpbCl6qXLqWClululu6lgpetdob6l2qXDpciluaXGqWCluKG/IKTEpOGkyKSuoaGlraXjpcOlyKW5pa+l6aXDpcGhoVulpKXzpd2pYKXIXQ==,W6W7qWCl612hvqXapcOlyKW5pcapYKW4ob8gpMSk4aTIpK6hoaWtpeOlw6XIpbmlr6XppcOlwaGhW6WkpfOl3algpchd[rn]
31-51785,aHR0cDovL3RzaG9wLnIxMHMuanAvcGVhY2VvbmUvY2FiaW5ldC8wMDI4NzQ3Ni8wMTI2MjUwMC9pbWc1OTIwOTQzNC5qcGc/Zml0aW49NzAwOjcwMA==,MjA0MC4wMDAw,,pdqlw6XIP6XapcOlyKWwpcOluiA+IKXapcOlyNPDpKrK1sjrpOzTw8a3ID4g16alsaWi08PGtyA+IMOo08PXpqTIpK4=,ob6lpKXzpdql6qWipeulraXjpcOlyKG/IKTEpOGkyKSuoaGlvKXzoaFbpaSl86XdqWClyF1bRi0zXQ==,,PFA+PElNRyBzcmM9Imh0dHA6Ly9pbWFnZS5yYWt1dGVuLmNvLmpwL3BlYWNlb25lL2NhYmluZXQvMDAyODc0NzYvMDEyNjI1MDAvaW1nNTgzNDIwOTkuanBnIiBib3JkZXI9IjAiPjwvUD4KPHRhYmxlIHdpZHRoPSI2MDAiIGJvcmRlcj0iMCI+Cjx0cj4KPHRkPgo8Zm9udCBjb2xvcj0iIzY2NjY2NiI+IAo8Yj7JzMa31WjD9zwvYj48L2ZvbnQ+Cjxocj4KICAgIDxGT05UIHNpemU9Ii0xIiBjb2xvcj0iIzY2NjY2NiI+PEJSPgogICAgofbE2sjdwb+juqXepb+lv6XTuLY8QlI+ofayxNl8o7qlwKXzpdypYKXroaGlraXjpcOlyKXLpcOl1zxCUj4KICAgIDxicj4KICAgIKH2pbWlpKW6o7o1NqHBMjOhwTE2Y20gPGJyPgogICAgPC9GT05UPjwhLS2ks6SzpN6kx8nMxrfVaMP3LS0+PEJSPgogICAgPC90ZD4KPC90cj4KPHRyPgo8dGQ+ICAgIAo8Rk9OVCBjb2xvcj0iI0ZGMDAwMCIgc2l6ZT0iLTEiPgo8IS0tpLOks6SrpOmz4M7E19Y/16LS4srC7ZfI68GmLS0+ofmks6TBpOmkzsnMxrekz9TajuzT0KTOyczGt6TIpMqk6qTepLmhozxCUj4KICAgIKH53ZTI68nMxrekyKTKpOqk3qS5oaM8QlI+CiAgICA8L0ZPTlQ+CiAgICA8aHI+CjwvdGQ+CjwvdHI+Cgo8dHI+Cjx0ZD4KPGZvbnQgY29sb3I9IiNjY2NjY2MiIHNpemU9Ii0xIj4KPCEtLaSzpLOkq6TpsaHOxNfWP5fKy/elralgpe+pYKXJyOvBpi0tPpfKy/elralgpe+pYKXJo7ovvLTI1cXk318v1+6wsoKOL7CypKQvzNiJ0y/M2IH9L6W7qWCl6y+kqtlJpKS1wy/K/cG/z962qC/Iy5rdyczGty+kqqS5pLmk4S+lsKXrqWCl36XzpbAvpMSk4aTIpK4vpcCl86XcqWCl6y+luaXIpeyluS+k3qS/pL+k0y+luaWvpemlw6XBPC9mb250PjwvdGQ+CjwvdHI+CjwvdGFibGU+pLTXos7Ex7Cky7HYpLqktLRf1Uqkr6TApLWkpKTepLuhozxicj4KPHRhYmxlIHdpZHRoPSI2MjAiIGJvcmRlcj0iMCI+Cjx0cj48dGQ+CgoKPGltZyBzcmM9Imh0dHA6Ly9pbWFnZS5yYWt1dGVuLmNvLmpwL3BlYWNlb25lL2NhYmluZXQvYmFuZXIvaW1nNTg4ODk4NDQuanBnIiBib3JkZXI9IjAiIGFsdD0ipLTXos7EpKuk6bBry82k3qTHIj4KCgo8aW1nIHNyYz0iaHR0cDovL2ltYWdlLnJha3V0ZW4uY28uanAvcGVhY2VvbmUvY2FiaW5ldC9iYW5lci9pbWc1ODgzMjc3Ny5qcGciIGJvcmRlcj0iMCIgYWx0PSK8e8a3lfiky6TEpKSkxiI+CgoKPGltZyBzcmM9Imh0dHA6Ly9pbWFnZS5yYWt1dGVuLmNvLmpwL3BlYWNlb25lL2NhYmluZXQvYmFuZXIvaW1nNTg4MzI3NzkuanBnIiBib3JkZXI9IjAiIGFsdD0i7kmFp5X4pMukxKSkpMYiPgoKCjxpbWcgc3JjPSJodHRwOi8vaW1hZ2UucmFrdXRlbi5jby5qcC9wZWFjZW9uZS9jYWJpbmV0LzAzMDUwOTI5L2ltZzYxNDA4NzkzLmpwZyIgYm9yZGVyPSIwIiBhbHQ9IqWzpfOl06XLm1GcZ6TLpMSkpKTGIj4KCgo8aW1nIHNyYz0iaHR0cDovL2ltYWdlLnJha3V0ZW4uY28uanAvcGVhY2VvbmUvY2FiaW5ldC9iYW5lci9pbWdyYzAwNjU3NDA4MDIuanBnIiBib3JkZXI9IjAiIGFsdD0il3mw/KTLpMSkpKTGIj4KCgo8aW1nIHNyYz0iaHR0cDovL2ltYWdlLnJha3V0ZW4uY28uanAvcGVhY2VvbmUvY2FiaW5ldC9iYW5lci9pbWc1ODgzMjc3OC5qcGciIGJvcmRlcj0iMCIgYWxpZ249IoFL0NDdlMjrpMukxKSkpMYiPgo8L3RkPjwvdHI+Cgo8dHI+CiAgPHRkIGFsaWduPSJyaWdodCI+Cj+lpKXzpdWlqaXhqWClt6XnpfOj1KPPo9AKPC90ZD48L3RyPgo8L3RhYmxlPgoKCgo8IS0tterFboxnm3ItLT4KCjwhLS216sVujGebci0tPgo8YnI+Cgo8YnI+CjwhLS3QwtfFyczGty0tPgoKPCEtLdDC18XJzMa3LS0+Cjxicj4KCjwhLS2l6aXzpa2l86Ww19SE07j80MKlxKlgpeul76WkpcktLT4KCjwhLS2l6aXzpa2l86Ww19SE07j80MKlxKlgpeul76WkpcktLT4KPGJyPg==,ob6lpKXzpdql6qWipeulraXjpcOlyKG/IKTEpOGkyKSuoaGlvKXzoaFbpaSl86XdqWClyF1bRi0zXaO6pdqlw6XIpeml86XJpdSpYKW5pe+l85hTzOy16g==,pdqlw6XIpdqlw6XIpdWpYKXJpcmlw6WwpdWpYKXJpa2l46XDpcil1algpcml2qXDpcilsKXDpbqltaWkpail86W5pcClpKWopcOlyKXKpcGl5aXppeulwaXnpaSlub2hv7Wl1algpcml5qWrpcyl0KWipaSl4KW5paSlzKXNpbPIrsVopa2l46XqqWClyqXBpeWl6aXrpdCl6aXzpbml0KXqpbGl87x7trm++qW1pdel6qXhpfOlyKW5pcqlw6WvpbCl6qXLqWCluqG+paSl86XapeqloqXrpa2l46XDpcihvyCkxKThpMikrqGhpbyl86GhW6WkpfOl3algpchdW0YtM10=,ob6lpKXzpdql6qWipeulraXjpcOlyKG/IKTEpOGkyKSuoaGlvKXzoaFbpaSl86XdqWClyF1bRi0zXQ==[rn]
