31-77534,aHR0cDovL3RzaG9wLnIxMHMuanAvYWNkY3JhZy9jYWJpbmV0L3BhcmthL2tvL3hlLTAxNy0zOV8wLmpwZz9maXRpbj03MDA6NzAw,MjUwNS42MDAw,,peylx6WjqWCluaXVpaGlw6W3peel8yA+IKXIpcOl16W5ID4gpdGpYKWrqWA=,ob4xMDCD0qWvqWCl3aXzW7XaN4+OXYydz/Ohv6G+NS8yNii98CkxOTowMNicidPpX8q8ob+httDCyauht0NBVCBaSVCl0algpaupYCDDqCDDqLH6IKXRqWClq6lgILGhytYgxcnK1iCkq6TvpKSkpCCk5qThpKuk76SkpKQg1K3L3s+1IKXVpaGlw6W3peel8yCl7KXHpaOpYKW5IKWtpcOluiCl76XzpdQgpe2l86Ww1ckgpbilw6XXILTzpK2kpKW1paSluiCx+iCkq6TvpKSkpCCCgNDUxckggoDQ1LXEILDXIPxc,pKrDqKSspdel6qXzpciktaTspL+k5qThpKuk76SkpKSl0algpaupYD8=,PGZvbnQgc2l6ZT0iNSI+Cgo8Y2VudGVyPjxiPqPcpLOkzqXaqWCluKTOyczGt6TijJ3P86THpLmjrzwvYj48L2NlbnRlcj4KPHRhYmxlIHdpZHRoPSI4MCUiIGJvcmRlcj0iMCIgY2VsbHBhZGRpbmc9IjAiIGNlbGxzcGFjaW5nPSI1IiBhbGlnbj0iY2VudGVyIj4KPHRyIGFsaWduPSJsZWZ0Ij4KPHRkIHdpZHRoPSIxMDAlIj48YSBocmVmPSJodHRwczovL2NvdXBvbi5yYWt1dGVuLmNvLmpwL2dldENvdXBvbj9nZXRrZXk9UlVaTlVDMUtVVWROTFU1RVJVc3RVVVZVUnctLSZydD0iIHRhcmdldD0iX2JsYW5rIj48aW1nIHNyYz0iaHR0cHM6Ly9pbWFnZS5yYWt1dGVuLmNvLmpwL2FjZGNyYWcvY2FiaW5ldC9jb3Vwb24vMDUyNi5qcGciIGFsdD0i0MLX96WvqWCl3aXzIiB3aWR0aD0iMTAwJSI+PC9hPgo8L3RkPjwvdHI+CjwvdGFibGU+CjxjZW50ZXI+PGI+o6/Qwtf3pKSkraTKpOrKuaSopOulr6lgpd2l86PcPC9iPjwvY2VudGVyPjxicj4KCjwvZm9udD4KCjxicj4KCjx0YWJsZSB3aWR0aD0iODAlIiBib3JkZXI9IjAiIGNlbGxwYWRkaW5nPSIwIiBjZWxsc3BhY2luZz0iNSIgYWxpZ249ImNlbnRlciI+Cjx0ciBhbGlnbj0ibGVmdCI+Cjx0ZCB3aWR0aD0iMTAwJSI+PGltZyBzcmM9Imh0dHBzOi8vaW1hZ2UucmFrdXRlbi5jby5qcC9hY2RjcmFnL2NhYmluZXQvY291cG9uLzA1MjYtYi5qcGciIGFsdD0ipa+pYKXdpfPVaMP3IiB3aWR0aD0iMTAwJSI+PC90ZD4KPC90cj48L3RhYmxlPgo8YnI+Cgo8Zm9udCBzaXplPSI1Ij4KPGNlbnRlcj4KPGEgaHJlZj0iaHR0cDovL2l0ZW0ucmFrdXRlbi5jby5qcC9hY2RjcmFnL2MvMDAwMDAwMDQ3Mi8iIHRhcmdldD0iX2JsYW5rIj6h+rXaN4+OpM6Mnc/zyczGt9K700Wkz6WzpcGl6TwvYT48YnI+CjwvY2VudGVyPgo8L2ZvbnQ+Cgo8YnI+Cgo8IS0tqIvSu7estPOkraSkyczGt6WkpeGpYKW4u63P8SC3+TU2MHB4LS0+Cjx0YWJsZSBib3JkZXI9IjAiIHdpZHRoPSI2MTAiIGNlbGxwYWRkaW5nPSIwIiBjZWxsc3BhY2luZz0iMCI+Cjx0cj4KPHRkIGFsaWduPSJjZW50ZXIiPgo8aW1nIHNyYz0iaHR0cDovL2ltYWdlLnJha3V0ZW4uY28uanAvYWNkY3JhZy9jYWJpbmV0L3BhcmthL2tvL3hlLTAxNy0zOV8wLmpwZyIgd2lkdGg9IjYwMCIgYm9yZGVyPSIwIiBhbHQ9IqXRqWClq6lgL9Sty97PtSI+PC90ZD4KPC90cj4KPC90YWJsZT48YnI+Cgo8YnI+Cgo8YnI+Cjxocj4KPGJyPgoKPGZvbnQgc2l6ZT0iKzIiPjxiPqG+w6ikxaSvpOGkzsXJytalq6Xvpdel6qXzpcg/ob88L2I+PC9mb250Pjxicj4KPGJyPgo8YnI+CgoKPCEtLaiLMcHQILf5NjAwcHgtLT4KPHRhYmxlIGJvcmRlcj0iMCIgd2lkdGg9IjYxMCIgY2VsbHBhZGRpbmc9IjAiIGNlbGxzcGFjaW5nPSIwIj4KPHRyIHZhbGlnbj0idG9wIiBhbGlnbj0iY2VudGVyIj4KPHRkPjxpbWcgc3JjPSJodHRwOi8vaW1hZ2UucmFrdXRlbi5jby5qcC9hY2RjcmFnL2NhYmluZXQvcGFya2Eva28veGUtMDE3LTM5XzEuanBnIiB3aWR0aD0iNjAwIiBib3JkZXI9IjAiIGFsdD0ipdGpYKWrqWAv1K3L3s+1L6XhpfOlui+l7KXHpaOpYKW5L6XApfOluS/SwtewL8XJytYvsaHK1iI+PC90ZD4KPC90cj48L3RhYmxlPjxicj4KPGJyPjxicj48YnI+PGJyPgoKPCEtLaiLMcHQILf5NjAwcHgtLT4KPHRhYmxlIGJvcmRlcj0iMCIgd2lkdGg9IjYxMCIgY2VsbHBhZGRpbmc9IjAiIGNlbGxzcGFjaW5nPSIwIj4KPHRyIHZhbGlnbj0idG9wIiBhbGlnbj0iY2VudGVyIj4KPHRkPjxpbWcgc3JjPSJodHRwOi8vaW1hZ2UucmFrdXRlbi5jby5qcC9hY2RjcmFnL2NhYmluZXQvcGFya2Eva28veGUtMDE3LTM5XzIuanBnIiB3aWR0aD0iNjAwIiBib3JkZXI9IjAiIGFsdD0ipdGpYKWrqWAv1K3L3s+1L6XhpfOlui+l7KXHpaOpYKW5L6XApfOluS/SwtewL8XJytYvsaHK1iI+PC90ZD4KPC90cj48L3RhYmxlPjxicj4KPGJyPjxicj48YnI+PGJyPgoKPCEtLaiLMcHQILf5NjAwcHgtLT4KPHRhYmxlIGJvcmRlcj0iMCIgd2lkdGg9IjYxMCIgY2VsbHBhZGRpbmc9IjAiIGNlbGxzcGFjaW5nPSIwIj4KPHRyIHZhbGlnbj0idG9wIiBhbGlnbj0iY2VudGVyIj4KPHRkPjxpbWcgc3JjPSJodHRwOi8vaW1hZ2UucmFrdXRlbi5jby5qcC9hY2RjcmFnL2NhYmluZXQvcGFya2Eva28veGUtMDE3LTM5XzMuanBnIiB3aWR0aD0iNjAwIiBib3JkZXI9IjAiIGFsdD0ipdGpYKWrqWAv1K3L3s+1L6XhpfOlui+l7KXHpaOpYKW5L6XApfOluS/SwtewL8XJytYvsaHK1iI+PC90ZD4KPC90cj48L3RhYmxlPjxicj4KPGJyPjxicj48YnI+PGJyPgoKPCEtLaiLMcHQILf5NjAwcHgtLT4KPHRhYmxlIGJvcmRlcj0iMCIgd2lkdGg9IjYxMCIgY2VsbHBhZGRpbmc9IjAiIGNlbGxzcGFjaW5nPSIwIj4KPHRyIHZhbGlnbj0idG9wIiBhbGlnbj0iY2VudGVyIj4KPHRkPjxpbWcgc3JjPSJodHRwOi8vaW1hZ2UucmFrdXRlbi5jby5qcC9hY2RjcmFnL2NhYmluZXQvcGFya2Eva28veGUtMDE3LTM5XzQuanBnIiB3aWR0aD0iNjAwIiBib3JkZXI9IjAiIGFsdD0ipdGpYKWrqWAv1K3L3s+1L6XhpfOlui+l7KXHpaOpYKW5L6XApfOluS/SwtewL8XJytYvsaHK1iI+PC90ZD4KPC90cj48L3RhYmxlPjxicj4KPGJyPjxicj48YnI+PGJyPgoKPCEtLaiLMcHQILf5NjAwcHgtLT4KPHRhYmxlIGJvcmRlcj0iMCIgd2lkdGg9IjYxMCIgY2VsbHBhZGRpbmc9IjAiIGNlbGxzcGFjaW5nPSIwIj4KPHRyIHZhbGlnbj0idG9wIiBhbGlnbj0iY2VudGVyIj4KPHRkPjxpbWcgc3JjPSJodHRwOi8vaW1hZ2UucmFrdXRlbi5jby5qcC9hY2RjcmFnL2NhYmluZXQvcGFya2Eva28veGUtMDE3LTM5XzUuanBnIiB3aWR0aD0iNjAwIiBib3JkZXI9IjAiIGFsdD0ipdGpYKWrqWAv1K3L3s+1L6XhpfOlui+l7KXHpaOpYKW5L6XApfOluS/SwtewL8XJytYvsaHK1iI+PC90ZD4KPC90cj48L3RhYmxlPjxicj4KPGJyPjxicj48YnI+PGJyPgoKPCEtLaiLMcHQILf5NjAwcHgtLT4KPHRhYmxlIGJvcmRlcj0iMCIgd2lkdGg9IjYxMCIgY2VsbHBhZGRpbmc9IjAiIGNlbGxzcGFjaW5nPSIwIj4KPHRyIHZhbGlnbj0idG9wIiBhbGlnbj0iY2VudGVyIj4KPHRkPjxpbWcgc3JjPSJodHRwOi8vaW1hZ2UucmFrdXRlbi5jby5qcC9hY2RjcmFnL2NhYmluZXQvcGFya2Eva28veGUtMDE3LTM5XzYuanBnIiB3aWR0aD0iNjAwIiBib3JkZXI9IjAiIGFsdD0ipdGpYKWrqWAv1K3L3s+1L6XhpfOlui+l7KXHpaOpYKW5L6XApfOluS/SwtewL8XJytYvsaHK1iI+PC90ZD4KPC90cj48L3RhYmxlPjxicj4KPGJyPjxicj48YnI+PGJyPgoKPCEtLaiLMcHQILf5NjAwcHgtLT4KPHRhYmxlIGJvcmRlcj0iMCIgd2lkdGg9IjYxMCIgY2VsbHBhZGRpbmc9IjAiIGNlbGxzcGFjaW5nPSIwIj4KPHRyIHZhbGlnbj0idG9wIiBhbGlnbj0iY2VudGVyIj4KPHRkPjxpbWcgc3JjPSJodHRwOi8vaW1hZ2UucmFrdXRlbi5jby5qcC9hY2RjcmFnL2NhYmluZXQvcGFya2Eva28veGUtMDE3LTM5XzcuanBnIiB3aWR0aD0iNjAwIiBib3JkZXI9IjAiIGFsdD0ipdGpYKWrqWAv1K3L3s+1L6XhpfOlui+l7KXHpaOpYKW5L6XApfOluS/SwtewL8XJytYvsaHK1iI+PC90ZD4KPC90cj48L3RhYmxlPjxicj4KPGJyPjxicj48YnI+PGJyPgoKPCEtLaiLMcHQILf5NjAwcHgtLT4KPHRhYmxlIGJvcmRlcj0iMCIgd2lkdGg9IjYxMCIgY2VsbHBhZGRpbmc9IjAiIGNlbGxzcGFjaW5nPSIwIj4KPHRyIHZhbGlnbj0idG9wIiBhbGlnbj0iY2VudGVyIj4KPHRkPjxpbWcgc3JjPSJodHRwOi8vaW1hZ2UucmFrdXRlbi5jby5qcC9hY2RjcmFnL2NhYmluZXQvcGFya2Eva28veGUtMDE3LTM5XzguanBnIiB3aWR0aD0iNjAwIiBib3JkZXI9IjAiIGFsdD0ipdGpYKWrqWAv1K3L3s+1L6XhpfOlui+l7KXHpaOpYKW5L6XApfOluS/SwtewL8XJytYvsaHK1iI+PC90ZD4KPC90cj48L3RhYmxlPjxicj4KPGJyPjxicj48YnI+PGJyPgoKPGJyPgo8aHI+Cjxicj4KCjwhLS2oi6WzpeGl86XIIKSzpLOkq6TpLS0+Cjxmb250IHNpemU9IjMiPgqk3qTrpMfDqKTOzfW5+qTOpOikpqTKw6ikxaSvpLel16XqpfOlyKGjPGJyPgqkyqS8pKvW5qTLuKGkr7K7y7zXaKTKysC959NRpKzDqLrDpK2ky6TPpL+k3qTppMqkpD8/o788YnI+Ct94pNmk6zKltaWkpbqkx6WtpcOluqSrpOm088jLpN6kx9fFpOykwaTjpKSk3qS5ofI8YnI+Cjxicj4KQUNEQyBSQUelqqXqpbilyqXrpdel6qXzpcil0algpaupYD88YnI+CjwvZm9udD4KCjxicj4KCjx0YWJsZSB3aWR0aD0iNjAwcHgiIGJvcmRlcj0iMCIgY2VsbHNwYWNpbmc9IjEiIGNlbGxwYWRkaW5nPSI1IiBiZ2NvbG9yPSJncmF5IiBzdHlsZT0iZm9udC1zaXplOjEycHgiPgo8dHI+PHRkIGNvbHNwYW49IjIiIHZhbGlnbj0idG9wIiBiZ2NvbG9yPSIjY2NjY2NjIj4KPGI+yczGt9SUvJo8L2I+PC90ZD48L3RyPgo8dHI+Cjx0ZCB3aWR0aD0iMjAlIiB2YWxpZ249Im1pZGRsZSIgYmdjb2xvcj0iZjFmMWYzIiBhbGlnbj0iY2VudGVyIj6ltaWkpbo8L3RkPgo8dGQgd2lkdGg9IjgwJSIgdmFsaWduPSJtaWRkbGUiIGJnY29sb3I9IndoaXRlIj4Kobql7KWupeWl6algobs8YnI+CqG+vOe3+aO6vHM0MGNtob88YnI+CqG+ye23+aO6vHMxMDBjbaG/PGJyPgqhvtfF1cmjurxzNTJjbaG/PGJyPgqhvqS9pMfVyaO6vHM2NGNtob88YnI+Cjxicj4Kobql06XDpbChuzxicj4Kob6857f5o7q8czU3Y22hvzxicj4Kob7J7bf5o7q8czEyMmNtob88YnI+CqG+18XVyaO6vHM1NGNtob88YnI+CqG+pL2kx9XJo7q8czU3Y22hvzxicj4KPC90ZD4KPC90cj4KPHRyPgo8dGQgd2lkdGg9IjIwJSIgdmFsaWduPSJtaWRkbGUiIGJnY29sb3I9IiNmMWYxZjMiIGFsaWduPSJjZW50ZXIiPtfF08Ol4qXHpes8L3RkPgo8dGQgd2lkdGg9IjgwJSIgdmFsaWduPSJtaWRkbGUiIGJnY29sb3I9IndoaXRlIj6hvqXmpa2lzqXqpcovMTY2Y20vvJrJ7aG/PC90ZD4KPC90cj4KPHRyPgo8dGQgd2lkdGg9IjIwJSIgdmFsaWduPSJtaWRkbGUiIGJnY29sb3I9IiNmMWYxZjMiIGFsaWduPSJjZW50ZXIiPsvYssQ8L3RkPgo8dGQgd2lkdGg9IjgwJSIgdmFsaWduPSJtaWRkbGUiIGJnY29sb3I9IndoaXRlIj6hvqXdpeqlqKW5pcal66G/PC90ZD4KPC90cj4KPHRyPgo8dGQgd2lkdGg9IjIwJSIgdmFsaWduPSJtaWRkbGUiIGJnY29sb3I9IiNmMWYxZjMiIGFsaWduPSJjZW50ZXIiPtFZtdg8L3RkPgo8dGQgd2lkdGg9IjgwJSIgdmFsaWduPSJtaWRkbGUiIGJnY29sb3I9IndoaXRlIj6hvqXfpcvRWcOrob88L3RkPgo8L3RyPgo8dHI+Cjx0ZCB3aWR0aD0iMjAlIiB2YWxpZ249Im1pZGRsZSIgYmdjb2xvcj0iI2YxZjFmMyIgYWxpZ249ImNlbnRlciI+yfq12KTOyey/c9DUPC90ZD4KPHRkIHdpZHRoPSI4MCUiIHZhbGlnbj0ibWlkZGxlIiBiZ2NvbG9yPSJ3aGl0ZSI+ob624MnZpKKk6qG/PC90ZD4KPC90cj4KPHRyPgo8dGQgd2lkdGg9IjIwJSIgdmFsaWduPSJtaWRkbGUiIGJnY29sb3I9IiNmMWYxZjMiIGFsaWduPSJjZW50ZXIiPsn6tdikzs24pLG40DwvdGQ+Cjx0ZCB3aWR0aD0iODAlIiB2YWxpZ249Im1pZGRsZSIgYmdjb2xvcj0id2hpdGUiPqG+tuDJ2aSipOqhvzwvdGQ+CjwvdHI+Cjx0cj4KPHRkIHdpZHRoPSIyMCUiIHZhbGlnbj0ibWlkZGxlIiBiZ2NvbG9yPSIjZWZlZmVmIiBhbGlnbj0iY2VudGVyIj7XotLiysLtlzwvdGQ+Cjx0ZCB3aWR0aD0iODAlIiB2YWxpZ249Im1pZGRsZSIgYmdjb2xvcj0id2hpdGUiPqOqpbWlpKW6pM/GvdbDpK2S8bTnpM6kv6ThyPS4yaTO1WCy7qSspKKk64j2us+krKS0pLakpKTepLmhozxicj6jqqS0yrnTw6TOpeKly6W/qWCtaL6zpMuk6KTqjGfO76TOpaul6algpMiukKTKpMOkxtKKpKik64j2us+krKS0pLakpKTepLmhozxicj6jqsmrwuSkwT/Jq9LGpOqkrMbwpK2k64j2us+krKS0pLakpKTepLmhozwvdGQ+CjwvdHI+CjwvdGFibGU+Cgo8YnI+Cjxmb250IGNvbG9yPXJlZD48Yj6hvrTzwb/Zj8jrpPKktJfK05HW0KTOpKq/zZiUob88L2I+PC9mb250Pjxicj4KPGZvbnQgc2l6ZT0iMyI+CqSqv82YlKTOpLTPo837w7bK/aTyoaLPwtObt6y6xaTepMekqprd3Viky6SqhpakpLrPpO+ku8/CpLWkpKTepLuhozxicj4K1rGG07XqpOik6tTnvLGky6SqyKGk6rzEpLuktaS7pMakpKS/pMCkraTepLmhozxicj4KCjxiPqH2pKqGlqSkus+k76S7z8ih+lRFTKO6MDQ1LTQ3OS0zNjk2ICgxMTowMKGrMTg6MDApPC9iPjxicj4KCqH5xrfH0KTstciky6TopOqhoqS0z6PN+8O2yv2k8qS0nMqC5LP2wLSkyqSkiPa6z6Ti0/nX+aSkpN6kuaGjPGJyPgo8L2ZvbnQ+Cgo8YnI+Cjxocj4KPGJyPgoKCjwhLS2oizHB0CC3+TYwMHB4LS0+Cjx0YWJsZSBib3JkZXI9IjAiIHdpZHRoPSI2MTAiIGNlbGxwYWRkaW5nPSIwIiBjZWxsc3BhY2luZz0iMCI+Cjx0ciB2YWxpZ249InRvcCIgYWxpZ249ImNlbnRlciI+Cjx0ZD48aW1nIHNyYz0iaHR0cDovL2ltYWdlLnJha3V0ZW4uY28uanAvYWNkY3JhZy9jYWJpbmV0L3BhcmthL2tvL3hlLTAxNy0zOV85LmpwZyIgd2lkdGg9IjYwMCIgYm9yZGVyPSIwIiBhbHQ9IqXRqWClq6lgL9Sty97PtS+l4aXzpbovpeylx6WjqWCluS+lwKXzpbkv0sLXsC/FycrWL7GhytYiPjwvdGQ+CjwvdHI+PC90YWJsZT48YnI+Cjxicj48YnI+Cjxicj4KPGhyPgo8YnI+Cgo8IS0tqIvDqMzYvK8tLT4KPGNlbnRlcj4KqIvDqLH6pM7M2LyvpM+ls6XBpek8YnI+CjxhIGhyZWY9Imh0dHA6Ly9pdGVtLnJha3V0ZW4uY28uanAvYWNkY3JhZy9jLzAwMDAwMDAzNTUvIiB0YXJnZXQ9Il9ibGFuayI+PGltZyBzcmM9Imh0dHBzOi8vaW1hZ2UucmFrdXRlbi5jby5qcC9hY2RjcmFnL2NhYmluZXQvc2FsZS8yMDE3MDNzcy90b3BfMTIuanBnIiBhbHQ9IsOozNi8ryIgd2lkdGg9IjgwJSI+PC9hPgo8L2NlbnRlcj4KPGJyPgoKPGJyPgo8IS0tqIukoqS5mFOks6SzpKuk6S0tPgo8dGFibGUgd2lkdGg9IjEwMCUiIGJvcmRlcj0iMCIgY2VsbHBhZGRpbmc9IjAiIGNlbGxzcGFjaW5nPSIyIiBhbGlnbj0iY2VudGVyIj4KPHRyIGFsaWduPSJsZWZ0Ij4KPHRkIHdpZHRoPSIxMDAlIj48aW1nIHNyYz0iaHR0cHM6Ly9pbWFnZS5yYWt1dGVuLmNvLmpwL2FjZGNyYWcvY2FiaW5ldC9jb21tb24vYXN1cmFrdS5qcGciIHdpZHRoPSIxMDAlIiBhbHQ9IqSipLmYUyI+PC90ZD4KPC90cj4KPC90YWJsZT4KCjxicj4KCjwhLS2oi6Wkpdml86XIpLOks6SrpOktLT4KPHRhYmxlIHdpZHRoPSIxMDAlIiBib3JkZXI9IjAiIGNlbGxwYWRkaW5nPSIwIiBjZWxsc3BhY2luZz0iMiIgYWxpZ249ImNlbnRlciI+Cjx0ciBhbGlnbj0ibGVmdCI+Cjx0ZCB3aWR0aD0iMTAwJSI+PGltZyBzcmM9Imh0dHBzOi8vaW1hZ2UucmFrdXRlbi5jby5qcC9hY2RjcmFnL2NhYmluZXQvdG9rdXN5dS9rYWdvLWV2ZW50My5qcGciIHdpZHRoPSIxMDAlIiBhbHQ9IqWkpdml86XIpeqluaXIIj48L3RkPgo8L3RyPgo8L3RhYmxlPgoKPCEtLaiLtPOl0KXKqWCks6SzpKuk6S0tPgo8dGFibGUgd2lkdGg9IjEwMCUiIGJvcmRlcj0iMCIgY2VsbHBhZGRpbmc9IjAiIGNlbGxzcGFjaW5nPSIyIiBhbGlnbj0iY2VudGVyIj4KPHRyIGFsaWduPSJsZWZ0Ij4KPHRkIHdpZHRoPSIxMDAlIj48aW1nIHNyYz0iaHR0cHM6Ly9pbWFnZS5yYWt1dGVuLmNvLmpwL2FjZGNyYWcvY2FiaW5ldC90b2t1c3l1LzIwMTd0ZWVfMy5qcGciIGFsdD0iMjAxN1Slt6XjpcQiIHdpZHRoPSIxMDAlIj48L3RkPiAKPC90cj4gPC90YWJsZT4KCjx0YWJsZSB3aWR0aD0iMTAwJSIgYm9yZGVyPSIwIiBjZWxscGFkZGluZz0iMCIgY2VsbHNwYWNpbmc9IjIiIGFsaWduPSJjZW50ZXIiPgo8dHIgYWxpZ249ImxlZnQiPgo8dGQgd2lkdGg9IjEwMCUiPjxpbWcgc3JjPSJodHRwOi8vaW1hZ2UucmFrdXRlbi5jby5qcC9hY2RjcmFnL2NhYmluZXQvMDQyNTU0NjQvaGVhZGVyL2Jhbm5lcl8wNy5qcGciIGFsdD0iMjAxN7S6z8TQwtf3IiB3aWR0aD0iMTAwJSI+PC90ZD4KPC90cj4KPC90YWJsZT4KCjxicj4KCjwhLS2oi6XUpcOlr6WipcOl16SzpLOkq6TpLS0+Cjx0YWJsZSB3aWR0aD0iMTAwJSIgYm9yZGVyPSIwIiBjZWxscGFkZGluZz0iMCIgY2VsbHNwYWNpbmc9IjIiIGFsaWduPSJjZW50ZXIiPgo8dHIgYWxpZ249ImxlZnQiPgo8dGQgd2lkdGg9IjEwMCUiPjxpbWcgc3JjPSJodHRwczovL2ltYWdlLnJha3V0ZW4uY28uanAvYWNkY3JhZy9jYWJpbmV0L3Rva3VzeXUva2Fnby1waWNrdXAuanBnIiB3aWR0aD0iMTAwJSIgYWx0PSKl1KXDpa+loqXDpdciPjwvdGQ+CjwvdHI+CjwvdGFibGU+Cgo8IS0tqIvW0KXQpcqpYKSzpLOkq6TpLS0+Cjx0YWJsZSB3aWR0aD0iMTAwJSIgYm9yZGVyPSIwIiBjZWxscGFkZGluZz0iMCIgY2VsbHNwYWNpbmc9IjIiIGFsaWduPSJjZW50ZXIiPgoKPHRyIGFsaWduPSJsZWZ0Ij4KPHRkIHdpZHRoPSI0OSUiPjxpbWcgc3JjPSJodHRwczovL2ltYWdlLnJha3V0ZW4uY28uanAvYWNkY3JhZy9jYWJpbmV0L2NvbW1vbi9tYmFubmVyXzEuanBnIiBhbHQ9IlBQRyEiIHdpZHRoPSIxMDAlIj4KPC90ZD4KPHRkIHdpZHRoPSI0OSUiPjxpbWcgc3JjPSJodHRwczovL2ltYWdlLnJha3V0ZW4uY28uanAvYWNkY3JhZy9jYWJpbmV0L2NvbW1vbi9tYmFubmVyXzIuanBnIiBhbHQ9IjIwMTdTU9DC1/ciIHdpZHRoPSIxMDAlIj4KPC90ZD4KPC90cj4KCjx0ciBhbGlnbj0ibGVmdCI+Cjx0ZCB3aWR0aD0iNDklIj48aW1nIHNyYz0iaHR0cHM6Ly9pbWFnZS5yYWt1dGVuLmNvLmpwL2FjZGNyYWcvY2FiaW5ldC9jb21tb24vbWJhbm5lcl8zLmpwZyIgYWx0PSKl4qlgpcml0aXzpa8iIHdpZHRoPSIxMDAlIj4KPC90ZD4KPHRkIHdpZHRoPSI0OSUiPjxpbWcgc3JjPSJodHRwczovL2ltYWdlLnJha3V0ZW4uY28uanAvYWNkY3JhZy9jYWJpbmV0L2NvbW1vbi9tYmFubmVyXzQuanBnIiBhbHQ9IqXBpeOlpKXKIiB3aWR0aD0iMTAwJSI+CjwvdGQ+CjwvdHI+Cgo8dHIgYWxpZ249ImxlZnQiPgo8dGQgd2lkdGg9IjQ5JSI+PGltZyBzcmM9Imh0dHBzOi8vaW1hZ2UucmFrdXRlbi5jby5qcC9hY2RjcmFnL2NhYmluZXQvY29tbW9uL21iYW5uZXJfNS5qcGciIGFsdD0iS0VSQSGS991kIiB3aWR0aD0iMTAwJSI+CjwvdGQ+Cjx0ZCB3aWR0aD0iNDklIj48aW1nIHNyYz0iaHR0cHM6Ly9pbWFnZS5yYWt1dGVuLmNvLmpwL2FjZGNyYWcvY2FiaW5ldC9jb21tb24vbWJhbm5lcl82LmpwZyIgYWx0PSKlpKXzpbmlvyIgd2lkdGg9IjEwMCUiPgo8L3RkPgo8L3RyPgoKPHRyIGFsaWduPSJsZWZ0Ij4KPHRkIHdpZHRoPSI0OSUiPjxpbWcgc3JjPSJodHRwczovL2ltYWdlLnJha3V0ZW4uY28uanAvYWNkY3JhZy9jYWJpbmV0L2NvbW1vbi9tYmFubmVyXzcuanBnIiBhbHQ9IqWzpbils6W4IiB3aWR0aD0iMTAwJSI+CjwvdGQ+Cjx0ZCB3aWR0aD0iNDklIj48aW1nIHNyYz0iaHR0cHM6Ly9pbWFnZS5yYWt1dGVuLmNvLmpwL2FjZGNyYWcvY2FiaW5ldC9jb21tb24vbWJhbm5lcl84LmpwZyIgYWx0PSKkyqThw6giIHdpZHRoPSIxMDAlIj4KPC90ZD4KPC90cj4KCjx0ciBhbGlnbj0ibGVmdCI+Cjx0ZCB3aWR0aD0iNDklIj48aW1nIHNyYz0iaHR0cHM6Ly9pbWFnZS5yYWt1dGVuLmNvLmpwL2FjZGNyYWcvY2FiaW5ldC9jb21tb24vbWJhbm5lcl85LmpwZyIgYWx0PSKl0aXzpcAiIHdpZHRoPSIxMDAlIj4KPC90ZD4KPHRkIHdpZHRoPSI0OSUiPjxpbWcgc3JjPSJodHRwczovL2ltYWdlLnJha3V0ZW4uY28uanAvYWNkY3JhZy9jYWJpbmV0L2NvbW1vbi9tYmFubmVyXzEwLmpwZyIgYWx0PSLDqMzYvK8iIHdpZHRoPSIxMDAlIj4KPC90ZD4KPC90cj4KCjx0ciBhbGlnbj0ibGVmdCI+Cjx0ZCB3aWR0aD0iNDklIj48aW1nIHNyYz0iaHR0cHM6Ly9pbWFnZS5yYWt1dGVuLmNvLmpwL2FjZGNyYWcvY2FiaW5ldC9jb21tb24vbWJhbm5lcl8xMS5qcGciIGFsdD0is6zUrcvez7WlraXipc4iIHdpZHRoPSIxMDAlIj4KPC90ZD4KPHRkIHdpZHRoPSI0OSUiPjxpbWcgc3JjPSJodHRwczovL2ltYWdlLnJha3V0ZW4uY28uanAvYWNkY3JhZy9jYWJpbmV0L2NvbW1vbi9tYmFubmVyXzEyLmpwZyIgYWx0PSK5xyIgd2lkdGg9IjEwMCUiPgo8L3RkPgo8L3RyPgoKPC90YWJsZT4KCjxicj4KCjwhLS2oizEwMDCD0tLUz8Kks6SzpKuk6S0tPgo8dGFibGUgd2lkdGg9IjEwMCUiIGJvcmRlcj0iMCIgY2VsbHBhZGRpbmc9IjAiIGNlbGxzcGFjaW5nPSIyIiBhbGlnbj0iY2VudGVyIj4KPHRyIGFsaWduPSJsZWZ0Ij4KPHRkIHdpZHRoPSIxMDAlIj48aW1nIHNyYz0iaHR0cHM6Ly9pbWFnZS5yYWt1dGVuLmNvLmpwL2FjZGNyYWcvY2FiaW5ldC90b2t1c3l1L2thZ28tMTAwMHllbjIuanBnIiB3aWR0aD0iMTAwJSIgYWx0PSIxMDAwg9LS1M/CIj48L3RkPgo8L3RyPgo8L3RhYmxlPjwhLS2oi6XepaaluaWqqWCl0Klg08NDU1Oks6SzpKuk6S0tPgo8c3R5bGUgdHlwZT0idGV4dC9jc3MiPgo8IS0tIAphOmhvdmVyIHsKb3BhY2l0eTowLjY7CmZpbHRlcjphbHBoYShvcGFjaXR5PTYwKTsKLW1zLWZpbHRlcjogImFscGhhKCBvcGFjaXR5PTYwICkiOwp9Ci0tPgo8L3N0eWxlPgoKCjwhLS2oi8nMxrfD+4nkuPzTw0NTU6SzpLOkq6TpLS0+CjxzdHlsZSB0eXBlPSJ0ZXh0L2NzcyI+CjwhLS0KCi5pdGVtX25hbWUgewpkaXNwbGF5OmJsb2NrOwptYXJnaW4tYm90dG9tOjE1cHg7Cn0KCi5jYXRjaF9jb3B5IHsKZGlzcGxheTpibG9jazsKbWFyZ2luLWJvdHRvbToxNXB4Owp9CgotLT4KPC9zdHlsZT4KCgoKPCEtLaiLpeGlpKXzpdClyqlgpLOks6SrpOktLT4KCjx0YWJsZSB3aWR0aD0iNzYwcHgiIGJvcmRlcj0iMCIgY2VsbHBhZGRpbmc9IjAiIGNlbGxzcGFjaW5nPSI1IiBhbGlnbj0iY2VudGVyIj4KPHRyIGFsaWduPSJsZWZ0Ij4KPHRkIHdpZHRoPSIxMDAlIj48aW1nIHNyYz0iaHR0cDovL2ltYWdlLnJha3V0ZW4uY28uanAvYWNkY3JhZy9jYWJpbmV0L3BwZy9wcGdfMDYuanBnIiBhbHQ9IlBQR9PovHMiIHdpZHRoPSIxMDAlIj4KCgo8L3RkPjwvdHI+CjwvdGFibGU+Cgo8IS0tqIu086XQpcqpYKSzpLOkq6TpLS0+Cjx0YWJsZSB3aWR0aD0iNzYwcHgiIGJvcmRlcj0iMCIgY2VsbHBhZGRpbmc9IjAiIGNlbGxzcGFjaW5nPSI1IiBhbGlnbj0iY2VudGVyIj4KPHRyIGFsaWduPSJsZWZ0Ij4KPHRkIHdpZHRoPSIxMDAlIj48aW1nIHNyYz0iaHR0cDovL2ltYWdlLnJha3V0ZW4uY28uanAvYWNkY3JhZy9jYWJpbmV0LzIwMTdzcy9iYW5uZXJfMDYuanBnIiBhbHQ9IjIwMTe0us/E0MLX9yIgd2lkdGg9IjEwMCUiPgo8L3RkPjwvdHI+CjwvdGFibGU+Cgo8IS0tqIvW0KXQpcqpYKSzpLOkq6TpLS0+Cjx0YWJsZSB3aWR0aD0iNzYwcHgiIGJvcmRlcj0iMCIgY2VsbHBhZGRpbmc9IjAiIGNlbGxzcGFjaW5nPSI1IiBhbGlnbj0iY2VudGVyIj4KCjx0ciBhbGlnbj0ibGVmdCI+Cjx0ZCB3aWR0aD0iNDklIj48aW1nIHNyYz0iaHR0cDovL2ltYWdlLnJha3V0ZW4uY28uanAvYWNkY3JhZy9jYWJpbmV0L3NhbGUvMjAxNzAzc3MvdG9wXzA3LmpwZyIgYWx0PSKl4qlgpcml0aXzpa8iIHdpZHRoPSIxMDAlIj4KPC90ZD4KCjx0ZCB3aWR0aD0iNDklIj48aW1nIHNyYz0iaHR0cDovL2ltYWdlLnJha3V0ZW4uY28uanAvYWNkY3JhZy9jYWJpbmV0L3NhbGUvMjAxNzAzc3MvdG9wXzExLmpwZyIgYWx0PSKlwaXjpaSlytPovHMiIHdpZHRoPSIxMDAlIj4KPC90ZD4KPC90cj4KPC90YWJsZT4KCjwhLS2oi9bQpdClyqlgpLOks6SrpOktLT4KPHRhYmxlIHdpZHRoPSI3NjBweCIgYm9yZGVyPSIwIiBjZWxscGFkZGluZz0iMCIgY2VsbHNwYWNpbmc9IjUiIGFsaWduPSJjZW50ZXIiPgo8dHIgYWxpZ249ImxlZnQiPgo8dGQgd2lkdGg9IjQ5JSI+PGltZyBzcmM9Imh0dHA6Ly9pbWFnZS5yYWt1dGVuLmNvLmpwL2FjZGNyYWcvY2FiaW5ldC9tYWdhemluZS90b3BfMTUuanBnIiBhbHQ9IsOozNi8ryIgd2lkdGg9IjEwMCUiPgo8L3RkPgo8dGQgd2lkdGg9IjQ5JSI+PGltZyBzcmM9Imh0dHA6Ly9pbWFnZS5yYWt1dGVuLmNvLmpwL2FjZGNyYWcvY2FiaW5ldC9zYWxlLzIwMTcwM3NzL3RvcF8xMi5qcGciIGFsdD0iw6jM2LyvIiB3aWR0aD0iMTAwJSI+CjwvdGQ+CjwvdHI+CjwvdGFibGU+CgoKPCEtLaiL1tCl0KXKqWCks6SzpKuk6S0tPgo8dGFibGUgd2lkdGg9Ijc2MHB4IiBib3JkZXI9IjAiIGNlbGxwYWRkaW5nPSIwIiBjZWxsc3BhY2luZz0iNSIgYWxpZ249ImNlbnRlciI+Cjx0ciBhbGlnbj0ibGVmdCI+Cgo8dGQgd2lkdGg9IjQ5JSI+PGltZyBzcmM9Imh0dHA6Ly9pbWFnZS5yYWt1dGVuLmNvLmpwL2FjZGNyYWcvY2FiaW5ldC9zYWxlLzIwMTcwM3NzL3RvcF8wOC5qcGciIGFsdD0ipbOluKWzpbgiIHdpZHRoPSIxMDAlIj4KCjwvdGQ+Cgo8dGQgd2lkdGg9IjQ5JSI+PGltZyBzcmM9Imh0dHA6Ly9pbWFnZS5yYWt1dGVuLmNvLmpwL2FjZGNyYWcvY2FiaW5ldC9zYWxlLzIwMTcwM3NzL3RvcF8wOS5qcGciIGFsdD0ipMqk4cOoIiB3aWR0aD0iMTAwJSI+Cgo8L3RkPgoKPC90cj4KPC90YWJsZT4KCjwhLS2oi7TzpdClyqlgpLOks6SrpOktLT4KPHRhYmxlIHdpZHRoPSI3NjBweCIgYm9yZGVyPSIwIiBjZWxscGFkZGluZz0iMCIgY2VsbHNwYWNpbmc9IjUiIGFsaWduPSJjZW50ZXIiPgo8dHIgYWxpZ249ImxlZnQiPgo8dGQgd2lkdGg9IjEwMCUiPjxpbWcgc3JjPSJodHRwOi8vaW1hZ2UucmFrdXRlbi5jby5qcC9hY2RjcmFnL2NhYmluZXQvMDQyNTU0NjQvaGVhZGVyL3Bvc3QzLmpwZyIgYWx0PSKl0aXzpcDM2LyvIiB3aWR0aD0iMTAwJSI+CjwvdGQ+PC90cj4KPC90YWJsZT4=,ob4xMDCD0qWvqWCl3aXzW7XaN4+OXYydz/Ohv6G+NS8yNii98CkxOTowMNicidPpX8q8ob+httDCyauht0NBVCBaSVCl0algpaupYCDDqCDDqLH6IKXRqWClq6lgILGhytYgxcnK1iCkq6TvpKSkpCCk5qThpKuk76SkpKQg1K3L3s+1IKXVpaGlw6W3peel8yCl7KXHpaOpYKW5IKWtpcOluiCl76XzpdQgpe2l86Ww1ckgpbilw6XXILTzpK2kpKW1paSluiCx+iCkq6TvpKSkpCCCgNDUxckggoDQ1LXEILDXIPxco7pBQ0RDIFJBRyDUrcve1vHPws2opOq16g==,pcCl86W5oaHSwtewpcCl86W5oaHSwtewoaGluaXRpfOls6lgpevSwtewoaGluaXRpfOls6lgpeulwKXzpbmhoaW1peulqKXrpdGl86XEpcCl86W5IKW1peulqKXrpdGl86XEoaE3t9bVyaXApfOluaGh0sLXsKGhpdKlw6XXpdulw6XXpcCl86W50sLXsKW5pdGl86WzqWCl69Sty97PtdSty97PtSCl1aWhpcOlt6XnpfPFycrWIKXRqWClq6lgxcnK1iBUpbel46XExcnK1iCltaXrpail66XRpfOlxKW0pbelw6WvoaGl76XzpdSpYKW5pdGl86WvoaGl1aWhpcOlt6XnpfOl7aXqqWClv6Ghpe+l86XUqWCluaW0pbml7aXqoaGl1aWhpcOlt6XnpfOl0aXzpa8gpbmlq6lgpcil0aXzpa8gpdGpYKWrqWCl0aXzpa8gVKW3peOlxKG+MTAwg9Klr6lgpd2l81u12jePjl2Mnc/zob+hvjUvMjYovfApMTk6MDDYnInT6V/KvKG/obbQwsmrobdDQVQgWklQpdGpYKWrqWAgw6ggw6ix+iCl0algpaupYCCxocrWIMXJytYgpKuk76SkpKQgpOak4aSrpO+kpKSkINSty97PtSCl1aWhpcOlt6XnpfMgpeylx6WjqWCluSClraXDpbogpe+l86XUIKXtpfOlsNXJIKW4pcOl1yC086StpKSltaWkpbogsfogpKuk76SkpKQggoDQ1MXJIIKA0NS1xCCw1yD8XA==,pKrDqKSspdel6qXzpciktaTspL+k5qThpKuk76SkpKSl0algpaupYD+ho6G+MTAwg9Klr6lgpd2l81u12jePjl2Mnc/zob+hvjUvMjYovfApMTk6MDDYnInT6V/KvKG/obbQwsmrobdDQVQgWklQpdGpYKWrqWAgw6ggw6ix+iCl0algpaupYCCxocrWIMXJytYgpKuk76SkpKQgpOak4aSrpO+kpKSkINSty97PtSCl1aWhpcOlt6XnpfMgpeylx6WjqWCluSClraXDpbogpe+l86XUIKXtpfOlsNXJIKW4pcOl1yC086StpKSltaWkpbogsfogpKuk76SkpKQggoDQ1MXJIIKA0NS1xCCw1yD8XA==[rn]
31-77535,aHR0cDovL3RzaG9wLnIxMHMuanAvYWNkY3JhZy9jYWJpbmV0L3BhcmthL2tvL3hsLTAxNy04XzAuanBnP2ZpdGluPTcwMDo3MDA=,MjUwNS42MDAw,,peylx6WjqWCluaXVpaGlw6W3peel8yA+IKXIpcOl16W5ID4gpdGpYKWrqWA=,QklHpcmlw6XIWklQpdGpYKWrqWAgpdGpYKWrqWAgpcmlw6XIIMuu0/Egsfogpeylx6WjqWCluSCxocrWILTzpK2kpKW1paSluiC086StpOEgpbilw6XXIKW4pcOl16WipcOl1yDUrcvez7UgpdWloaXDpbel56XzILS6IMXJytYgpKuk76SkpKQgpcCl86W5INLC17AgpaypYKXrpbogpa2lw6W6IIKA0NTFySCCgNDUtcQgpaul6aXVpes=,paul6aXVpeukx7TzpK2kyqXJpcOlyLH6pdGpYKWrqWChow==,CjwhLS2oi9K7t6y086StpKTJzMa3paSl4algpbi7rc/xILf5NTYwcHgtLT4KPHRhYmxlIGJvcmRlcj0iMCIgd2lkdGg9IjYxMCIgY2VsbHBhZGRpbmc9IjAiIGNlbGxzcGFjaW5nPSIwIj4KPHRyPgo8dGQgYWxpZ249ImNlbnRlciI+CjxpbWcgc3JjPSJodHRwOi8vaW1hZ2UucmFrdXRlbi5jby5qcC9hY2RjcmFnL2NhYmluZXQvcGFya2Eva28veGwtMDE3LThfMC5qcGciIHdpZHRoPSI2MDAiIGJvcmRlcj0iMCIgYWx0PSKl0algpaupYC/Urcvez7UiPjwvdGQ+CjwvdHI+CjwvdGFibGU+PGJyPgoKPGJyPgoKPGJyPgo8aHI+Cjxicj4KCjxmb250IHNpemU9IisyIj48Yj6hvrTzpK2k4aWrpeml1aXrpcmlw6XIpM6luKXDpdel0algpaupYD+hvzwvYj48L2ZvbnQ+PGJyPgo8YnI+Cjxicj4KCgo8IS0tqIsxwdAgt/k2MDBweC0tPgo8dGFibGUgYm9yZGVyPSIwIiB3aWR0aD0iNjEwIiBjZWxscGFkZGluZz0iMCIgY2VsbHNwYWNpbmc9IjAiPgo8dHIgdmFsaWduPSJ0b3AiIGFsaWduPSJjZW50ZXIiPgo8dGQ+PGltZyBzcmM9Imh0dHA6Ly9pbWFnZS5yYWt1dGVuLmNvLmpwL2FjZGNyYWcvY2FiaW5ldC9wYXJrYS9rby94bC0wMTctOF8xLmpwZyIgd2lkdGg9IjYwMCIgYm9yZGVyPSIwIiBhbHQ9IqXRqWClq6lgL9Sty97PtS+l4aXzpbovpeylx6WjqWCluS+lwKXzpbkv0sLXsC/FycrWL7GhytYiPjwvdGQ+CjwvdHI+PC90YWJsZT48YnI+Cjxicj48YnI+PGJyPjxicj4KCjwhLS2oizHB0CC3+TYwMHB4LS0+Cjx0YWJsZSBib3JkZXI9IjAiIHdpZHRoPSI2MTAiIGNlbGxwYWRkaW5nPSIwIiBjZWxsc3BhY2luZz0iMCI+Cjx0ciB2YWxpZ249InRvcCIgYWxpZ249ImNlbnRlciI+Cjx0ZD48aW1nIHNyYz0iaHR0cDovL2ltYWdlLnJha3V0ZW4uY28uanAvYWNkY3JhZy9jYWJpbmV0L3BhcmthL2tvL3hsLTAxNy04XzIuanBnIiB3aWR0aD0iNjAwIiBib3JkZXI9IjAiIGFsdD0ipdGpYKWrqWAv1K3L3s+1L6XhpfOlui+l7KXHpaOpYKW5L6XApfOluS/SwtewL8XJytYvsaHK1iI+PC90ZD4KPC90cj48L3RhYmxlPjxicj4KPGJyPjxicj48YnI+PGJyPgoKPCEtLaiLMcHQILf5NjAwcHgtLT4KPHRhYmxlIGJvcmRlcj0iMCIgd2lkdGg9IjYxMCIgY2VsbHBhZGRpbmc9IjAiIGNlbGxzcGFjaW5nPSIwIj4KPHRyIHZhbGlnbj0idG9wIiBhbGlnbj0iY2VudGVyIj4KPHRkPjxpbWcgc3JjPSJodHRwOi8vaW1hZ2UucmFrdXRlbi5jby5qcC9hY2RjcmFnL2NhYmluZXQvcGFya2Eva28veGwtMDE3LThfMy5qcGciIHdpZHRoPSI2MDAiIGJvcmRlcj0iMCIgYWx0PSKl0algpaupYC/Urcvez7UvpeGl86W6L6Xspcelo6lgpbkvpcCl86W5L9LC17AvxcnK1i+xocrWIj48L3RkPgo8L3RyPjwvdGFibGU+PGJyPgo8YnI+PGJyPjxicj48YnI+Cgo8IS0tqIsxwdAgt/k2MDBweC0tPgo8dGFibGUgYm9yZGVyPSIwIiB3aWR0aD0iNjEwIiBjZWxscGFkZGluZz0iMCIgY2VsbHNwYWNpbmc9IjAiPgo8dHIgdmFsaWduPSJ0b3AiIGFsaWduPSJjZW50ZXIiPgo8dGQ+PGltZyBzcmM9Imh0dHA6Ly9pbWFnZS5yYWt1dGVuLmNvLmpwL2FjZGNyYWcvY2FiaW5ldC9wYXJrYS9rby94bC0wMTctOF80LmpwZyIgd2lkdGg9IjYwMCIgYm9yZGVyPSIwIiBhbHQ9IqXRqWClq6lgL9Sty97PtS+l4aXzpbovpeylx6WjqWCluS+lwKXzpbkv0sLXsC/FycrWL7GhytYiPjwvdGQ+CjwvdHI+PC90YWJsZT48YnI+Cjxicj48YnI+PGJyPjxicj4KCjwhLS2oizHB0CC3+TYwMHB4LS0+Cjx0YWJsZSBib3JkZXI9IjAiIHdpZHRoPSI2MTAiIGNlbGxwYWRkaW5nPSIwIiBjZWxsc3BhY2luZz0iMCI+Cjx0ciB2YWxpZ249InRvcCIgYWxpZ249ImNlbnRlciI+Cjx0ZD48aW1nIHNyYz0iaHR0cDovL2ltYWdlLnJha3V0ZW4uY28uanAvYWNkY3JhZy9jYWJpbmV0L3BhcmthL2tvL3hsLTAxNy04XzUuanBnIiB3aWR0aD0iNjAwIiBib3JkZXI9IjAiIGFsdD0ipdGpYKWrqWAv1K3L3s+1L6XhpfOlui+l7KXHpaOpYKW5L6XApfOluS/SwtewL8XJytYvsaHK1iI+PC90ZD4KPC90cj48L3RhYmxlPjxicj4KPGJyPjxicj48YnI+PGJyPgoKPCEtLaiLMcHQILf5NjAwcHgtLT4KPHRhYmxlIGJvcmRlcj0iMCIgd2lkdGg9IjYxMCIgY2VsbHBhZGRpbmc9IjAiIGNlbGxzcGFjaW5nPSIwIj4KPHRyIHZhbGlnbj0idG9wIiBhbGlnbj0iY2VudGVyIj4KPHRkPjxpbWcgc3JjPSJodHRwOi8vaW1hZ2UucmFrdXRlbi5jby5qcC9hY2RjcmFnL2NhYmluZXQvcGFya2Eva28veGwtMDE3LThfNi5qcGciIHdpZHRoPSI2MDAiIGJvcmRlcj0iMCIgYWx0PSKl0algpaupYC/Urcvez7UvpeGl86W6L6Xspcelo6lgpbkvpcCl86W5L9LC17AvxcnK1i+xocrWIj48L3RkPgo8L3RyPjwvdGFibGU+PGJyPgo8YnI+PGJyPjxicj48YnI+Cgo8IS0tqIsxwdAgt/k2MDBweC0tPgo8dGFibGUgYm9yZGVyPSIwIiB3aWR0aD0iNjEwIiBjZWxscGFkZGluZz0iMCIgY2VsbHNwYWNpbmc9IjAiPgo8dHIgdmFsaWduPSJ0b3AiIGFsaWduPSJjZW50ZXIiPgo8dGQ+PGltZyBzcmM9Imh0dHA6Ly9pbWFnZS5yYWt1dGVuLmNvLmpwL2FjZGNyYWcvY2FiaW5ldC9wYXJrYS9rby94bC0wMTctOF83LmpwZyIgd2lkdGg9IjYwMCIgYm9yZGVyPSIwIiBhbHQ9IqXRqWClq6lgL9Sty97PtS+l4aXzpbovpeylx6WjqWCluS+lwKXzpbkv0sLXsC/FycrWL7GhytYiPjwvdGQ+CjwvdHI+PC90YWJsZT48YnI+Cjxicj48YnI+PGJyPjxicj4KCjwhLS2oizHB0CC3+TYwMHB4LS0+Cjx0YWJsZSBib3JkZXI9IjAiIHdpZHRoPSI2MTAiIGNlbGxwYWRkaW5nPSIwIiBjZWxsc3BhY2luZz0iMCI+Cjx0ciB2YWxpZ249InRvcCIgYWxpZ249ImNlbnRlciI+Cjx0ZD48aW1nIHNyYz0iaHR0cDovL2ltYWdlLnJha3V0ZW4uY28uanAvYWNkY3JhZy9jYWJpbmV0L3BhcmthL2tvL3hsLTAxNy04XzguanBnIiB3aWR0aD0iNjAwIiBib3JkZXI9IjAiIGFsdD0ipdGpYKWrqWAv1K3L3s+1L6XhpfOlui+l7KXHpaOpYKW5L6XApfOluS/SwtewL8XJytYvsaHK1iI+PC90ZD4KPC90cj48L3RhYmxlPjxicj4KPGJyPjxicj48YnI+PGJyPgoKPGJyPgo8aHI+Cjxicj4KCjwhLS2oi6WzpeGl86XIIKSzpLOkq6TpLS0+Cjxmb250IHNpemU9IjMiPgqlyaXDpcix+qSspKSk7aSkpO2kyqWrpempYKTHpdel6qXzpciktaTspL/FycrWpaul77H6oaM8YnI+CqTopK/SiqTrpMjDqNDNpM6lyaXDpcik4j8/Pzxicj4KPGJyPgq086StpOGltaWkpbqkx6XvpfOl1KTDpN2kr6Ti18Wks6TKpLuk66HyPGJyPgpBQ0RDIFJBR6WqpeqluKXKpeukztSty97PtaXRqWClq6lgpMekuT88YnI+CjwvZm9udD4KCjxicj4KCjx0YWJsZSB3aWR0aD0iNjAwcHgiIGJvcmRlcj0iMCIgY2VsbHNwYWNpbmc9IjEiIGNlbGxwYWRkaW5nPSI1IiBiZ2NvbG9yPSJncmF5IiBzdHlsZT0iZm9udC1zaXplOjEycHgiPgo8dHI+PHRkIGNvbHNwYW49IjIiIHZhbGlnbj0idG9wIiBiZ2NvbG9yPSIjY2NjY2NjIj4KPGI+yczGt9SUvJo8L2I+PC90ZD48L3RyPgo8dHI+Cjx0ZCB3aWR0aD0iMjAlIiB2YWxpZ249Im1pZGRsZSIgYmdjb2xvcj0iZjFmMWYzIiBhbGlnbj0iY2VudGVyIj6ltaWkpbo8L3RkPgo8dGQgd2lkdGg9IjgwJSIgdmFsaWduPSJtaWRkbGUiIGJnY29sb3I9IndoaXRlIj4Kobql7KWupeWl6algobs8YnI+CqG+vOe3+aO6vHM0MGNtob88YnI+CqG+ye23+aO6vHMxMDBjbaG/PGJyPgqhvtfF1cmjurxzNTJjbaG/PGJyPgqhvqS9pMfVyaO6vHM2NGNtob88YnI+Cjxicj4Kobql06XDpbChuzxicj4Kob6857f5o7q8czU3Y22hvzxicj4Kob7J7bf5o7q8czEyMmNtob88YnI+CqG+18XVyaO6vHM1NGNtob88YnI+CqG+pL2kx9XJo7q8czU3Y22hvzxicj4KPC90ZD4KPC90cj4KPHRyPgo8dGQgd2lkdGg9IjIwJSIgdmFsaWduPSJtaWRkbGUiIGJnY29sb3I9IiNmMWYxZjMiIGFsaWduPSJjZW50ZXIiPtfF08Ol4qXHpes8L3RkPgo8dGQgd2lkdGg9IjgwJSIgdmFsaWduPSJtaWRkbGUiIGJnY29sb3I9IndoaXRlIj6hvqTipOIvMTQ5Y20vmMucyqG/PC90ZD4KPC90cj4KPHRyPgo8dGQgd2lkdGg9IjIwJSIgdmFsaWduPSJtaWRkbGUiIGJnY29sb3I9IiNmMWYxZjMiIGFsaWduPSJjZW50ZXIiPsvYssQ8L3RkPgo8dGQgd2lkdGg9IjgwJSIgdmFsaWduPSJtaWRkbGUiIGJnY29sb3I9IndoaXRlIj6hvqXdpeqlqKW5pcal66G/PC90ZD4KPC90cj4KPHRyPgo8dGQgd2lkdGg9IjIwJSIgdmFsaWduPSJtaWRkbGUiIGJnY29sb3I9IiNmMWYxZjMiIGFsaWduPSJjZW50ZXIiPtFZtdg8L3RkPgo8dGQgd2lkdGg9IjgwJSIgdmFsaWduPSJtaWRkbGUiIGJnY29sb3I9IndoaXRlIj6hvqXfpcvRWcOrob88L3RkPgo8L3RyPgo8dHI+Cjx0ZCB3aWR0aD0iMjAlIiB2YWxpZ249Im1pZGRsZSIgYmdjb2xvcj0iI2YxZjFmMyIgYWxpZ249ImNlbnRlciI+yfq12KTOyey/c9DUPC90ZD4KPHRkIHdpZHRoPSI4MCUiIHZhbGlnbj0ibWlkZGxlIiBiZ2NvbG9yPSJ3aGl0ZSI+ob624MnZpKKk6qG/PC90ZD4KPC90cj4KPHRyPgo8dGQgd2lkdGg9IjIwJSIgdmFsaWduPSJtaWRkbGUiIGJnY29sb3I9IiNmMWYxZjMiIGFsaWduPSJjZW50ZXIiPsn6tdikzs24pLG40DwvdGQ+Cjx0ZCB3aWR0aD0iODAlIiB2YWxpZ249Im1pZGRsZSIgYmdjb2xvcj0id2hpdGUiPqG+tuDJ2aSipOqhvzwvdGQ+CjwvdHI+Cjx0cj4KPHRkIHdpZHRoPSIyMCUiIHZhbGlnbj0ibWlkZGxlIiBiZ2NvbG9yPSIjZWZlZmVmIiBhbGlnbj0iY2VudGVyIj7XotLiysLtlzwvdGQ+Cjx0ZCB3aWR0aD0iODAlIiB2YWxpZ249Im1pZGRsZSIgYmdjb2xvcj0id2hpdGUiPqOqpbWlpKW6pM/GvdbDpK2S8bTnpM6kv6ThyPS4yaTO1WCy7qSspKKk64j2us+krKS0pLakpKTepLmhozxicj6jqqS0yrnTw6TOpeKly6W/qWCtaL6zpMuk6KTqjGfO76TOpaul6algpMiukKTKpMOkxtKKpKik64j2us+krKS0pLakpKTepLmhozxicj6jqsmrwuSkwT/Jq9LGpOqkrMbwpK2k64j2us+krKS0pLakpKTepLmhozwvdGQ+CjwvdHI+CjwvdGFibGU+Cgo8YnI+Cjxmb250IGNvbG9yPXJlZD48Yj6hvrTzwb/Zj8jrpPKktJfK05HW0KTOpKq/zZiUob88L2I+PC9mb250Pjxicj4KPGZvbnQgc2l6ZT0iMyI+CqSqv82YlKTOpLTPo837w7bK/aTyoaLPwtObt6y6xaTepMekqprd3Viky6SqhpakpLrPpO+ku8/CpLWkpKTepLuhozxicj4K1rGG07XqpOik6tTnvLGky6SqyKGk6rzEpLuktaS7pMakpKS/pMCkraTepLmhozxicj4KCjxiPqH2pKqGlqSkus+k76S7z8ih+lRFTKO6MDQ1LTQ3OS0zNjk2ICgxMTowMKGrMTg6MDApPC9iPjxicj4KCqH5xrfH0KTstciky6TopOqhoqS0z6PN+8O2yv2k8qS0nMqC5LP2wLSkyqSkiPa6z6Ti0/nX+aSkpN6kuaGjPGJyPgo8L2ZvbnQ+Cgo8YnI+Cjxocj4KPGJyPgoKCjwhLS2oizHB0CC3+TYwMHB4LS0+Cjx0YWJsZSBib3JkZXI9IjAiIHdpZHRoPSI2MTAiIGNlbGxwYWRkaW5nPSIwIiBjZWxsc3BhY2luZz0iMCI+Cjx0ciB2YWxpZ249InRvcCIgYWxpZ249ImNlbnRlciI+Cjx0ZD48aW1nIHNyYz0iaHR0cDovL2ltYWdlLnJha3V0ZW4uY28uanAvYWNkY3JhZy9jYWJpbmV0L3BhcmthL2tvL3hsLTAxNy04XzkuanBnIiB3aWR0aD0iNjAwIiBib3JkZXI9IjAiIGFsdD0ipdGpYKWrqWAv1K3L3s+1L6XhpfOlui+l7KXHpaOpYKW5L6XApfOluS/SwtewL8XJytYvsaHK1iI+PC90ZD4KPC90cj48L3RhYmxlPjxicj4KPGJyPjxicj48YnI+CjwhLS2oi6SipLmYU6SzpLOkq6TpLS0+Cjx0YWJsZSB3aWR0aD0iMTAwJSIgYm9yZGVyPSIwIiBjZWxscGFkZGluZz0iMCIgY2VsbHNwYWNpbmc9IjIiIGFsaWduPSJjZW50ZXIiPgo8dHIgYWxpZ249ImxlZnQiPgo8dGQgd2lkdGg9IjEwMCUiPjxpbWcgc3JjPSJodHRwczovL2ltYWdlLnJha3V0ZW4uY28uanAvYWNkY3JhZy9jYWJpbmV0L2NvbW1vbi9hc3VyYWt1LmpwZyIgd2lkdGg9IjEwMCUiIGFsdD0ipKKkuZhTIj48L3RkPgo8L3RyPgo8L3RhYmxlPgoKPGJyPgoKPCEtLaiLpaSl2aXzpciks6SzpKuk6S0tPgo8dGFibGUgd2lkdGg9IjEwMCUiIGJvcmRlcj0iMCIgY2VsbHBhZGRpbmc9IjAiIGNlbGxzcGFjaW5nPSIyIiBhbGlnbj0iY2VudGVyIj4KPHRyIGFsaWduPSJsZWZ0Ij4KPHRkIHdpZHRoPSIxMDAlIj48aW1nIHNyYz0iaHR0cHM6Ly9pbWFnZS5yYWt1dGVuLmNvLmpwL2FjZGNyYWcvY2FiaW5ldC90b2t1c3l1L2thZ28tZXZlbnQzLmpwZyIgd2lkdGg9IjEwMCUiIGFsdD0ipaSl2aXzpcil6qW5pcgiPjwvdGQ+CjwvdHI+CjwvdGFibGU+Cgo8IS0tqIu086XQpcqpYKSzpLOkq6TpLS0+Cjx0YWJsZSB3aWR0aD0iMTAwJSIgYm9yZGVyPSIwIiBjZWxscGFkZGluZz0iMCIgY2VsbHNwYWNpbmc9IjIiIGFsaWduPSJjZW50ZXIiPgo8dHIgYWxpZ249ImxlZnQiPgo8dGQgd2lkdGg9IjEwMCUiPjxpbWcgc3JjPSJodHRwczovL2ltYWdlLnJha3V0ZW4uY28uanAvYWNkY3JhZy9jYWJpbmV0L3Rva3VzeXUvMjAxN3RlZV8zLmpwZyIgYWx0PSIyMDE3VKW3peOlxCIgd2lkdGg9IjEwMCUiPjwvdGQ+IAo8L3RyPiA8L3RhYmxlPgoKPHRhYmxlIHdpZHRoPSIxMDAlIiBib3JkZXI9IjAiIGNlbGxwYWRkaW5nPSIwIiBjZWxsc3BhY2luZz0iMiIgYWxpZ249ImNlbnRlciI+Cjx0ciBhbGlnbj0ibGVmdCI+Cjx0ZCB3aWR0aD0iMTAwJSI+PGltZyBzcmM9Imh0dHA6Ly9pbWFnZS5yYWt1dGVuLmNvLmpwL2FjZGNyYWcvY2FiaW5ldC8wNDI1NTQ2NC9oZWFkZXIvYmFubmVyXzA3LmpwZyIgYWx0PSIyMDE3tLrPxNDC1/ciIHdpZHRoPSIxMDAlIj48L3RkPgo8L3RyPgo8L3RhYmxlPgoKPGJyPgoKPCEtLaiLpdSlw6WvpaKlw6XXpLOks6SrpOktLT4KPHRhYmxlIHdpZHRoPSIxMDAlIiBib3JkZXI9IjAiIGNlbGxwYWRkaW5nPSIwIiBjZWxsc3BhY2luZz0iMiIgYWxpZ249ImNlbnRlciI+Cjx0ciBhbGlnbj0ibGVmdCI+Cjx0ZCB3aWR0aD0iMTAwJSI+PGltZyBzcmM9Imh0dHBzOi8vaW1hZ2UucmFrdXRlbi5jby5qcC9hY2RjcmFnL2NhYmluZXQvdG9rdXN5dS9rYWdvLXBpY2t1cC5qcGciIHdpZHRoPSIxMDAlIiBhbHQ9IqXUpcOlr6WipcOl1yI+PC90ZD4KPC90cj4KPC90YWJsZT4KCjwhLS2oi9bQpdClyqlgpLOks6SrpOktLT4KPHRhYmxlIHdpZHRoPSIxMDAlIiBib3JkZXI9IjAiIGNlbGxwYWRkaW5nPSIwIiBjZWxsc3BhY2luZz0iMiIgYWxpZ249ImNlbnRlciI+Cgo8dHIgYWxpZ249ImxlZnQiPgo8dGQgd2lkdGg9IjQ5JSI+PGltZyBzcmM9Imh0dHBzOi8vaW1hZ2UucmFrdXRlbi5jby5qcC9hY2RjcmFnL2NhYmluZXQvY29tbW9uL21iYW5uZXJfMS5qcGciIGFsdD0iUFBHISIgd2lkdGg9IjEwMCUiPgo8L3RkPgo8dGQgd2lkdGg9IjQ5JSI+PGltZyBzcmM9Imh0dHBzOi8vaW1hZ2UucmFrdXRlbi5jby5qcC9hY2RjcmFnL2NhYmluZXQvY29tbW9uL21iYW5uZXJfMi5qcGciIGFsdD0iMjAxN1NT0MLX9yIgd2lkdGg9IjEwMCUiPgo8L3RkPgo8L3RyPgoKPHRyIGFsaWduPSJsZWZ0Ij4KPHRkIHdpZHRoPSI0OSUiPjxpbWcgc3JjPSJodHRwczovL2ltYWdlLnJha3V0ZW4uY28uanAvYWNkY3JhZy9jYWJpbmV0L2NvbW1vbi9tYmFubmVyXzMuanBnIiBhbHQ9IqXiqWClyaXRpfOlryIgd2lkdGg9IjEwMCUiPgo8L3RkPgo8dGQgd2lkdGg9IjQ5JSI+PGltZyBzcmM9Imh0dHBzOi8vaW1hZ2UucmFrdXRlbi5jby5qcC9hY2RjcmFnL2NhYmluZXQvY29tbW9uL21iYW5uZXJfNC5qcGciIGFsdD0ipcGl46WkpcoiIHdpZHRoPSIxMDAlIj4KPC90ZD4KPC90cj4KCjx0ciBhbGlnbj0ibGVmdCI+Cjx0ZCB3aWR0aD0iNDklIj48aW1nIHNyYz0iaHR0cHM6Ly9pbWFnZS5yYWt1dGVuLmNvLmpwL2FjZGNyYWcvY2FiaW5ldC9jb21tb24vbWJhbm5lcl81LmpwZyIgYWx0PSJLRVJBIZL33WQiIHdpZHRoPSIxMDAlIj4KPC90ZD4KPHRkIHdpZHRoPSI0OSUiPjxpbWcgc3JjPSJodHRwczovL2ltYWdlLnJha3V0ZW4uY28uanAvYWNkY3JhZy9jYWJpbmV0L2NvbW1vbi9tYmFubmVyXzYuanBnIiBhbHQ9IqWkpfOluaW/IiB3aWR0aD0iMTAwJSI+CjwvdGQ+CjwvdHI+Cgo8dHIgYWxpZ249ImxlZnQiPgo8dGQgd2lkdGg9IjQ5JSI+PGltZyBzcmM9Imh0dHBzOi8vaW1hZ2UucmFrdXRlbi5jby5qcC9hY2RjcmFnL2NhYmluZXQvY29tbW9uL21iYW5uZXJfNy5qcGciIGFsdD0ipbOluKWzpbgiIHdpZHRoPSIxMDAlIj4KPC90ZD4KPHRkIHdpZHRoPSI0OSUiPjxpbWcgc3JjPSJodHRwczovL2ltYWdlLnJha3V0ZW4uY28uanAvYWNkY3JhZy9jYWJpbmV0L2NvbW1vbi9tYmFubmVyXzguanBnIiBhbHQ9IqTKpOHDqCIgd2lkdGg9IjEwMCUiPgo8L3RkPgo8L3RyPgoKPHRyIGFsaWduPSJsZWZ0Ij4KPHRkIHdpZHRoPSI0OSUiPjxpbWcgc3JjPSJodHRwczovL2ltYWdlLnJha3V0ZW4uY28uanAvYWNkY3JhZy9jYWJpbmV0L2NvbW1vbi9tYmFubmVyXzkuanBnIiBhbHQ9IqXRpfOlwCIgd2lkdGg9IjEwMCUiPgo8L3RkPgo8dGQgd2lkdGg9IjQ5JSI+PGltZyBzcmM9Imh0dHBzOi8vaW1hZ2UucmFrdXRlbi5jby5qcC9hY2RjcmFnL2NhYmluZXQvY29tbW9uL21iYW5uZXJfMTAuanBnIiBhbHQ9IsOozNi8ryIgd2lkdGg9IjEwMCUiPgo8L3RkPgo8L3RyPgoKPHRyIGFsaWduPSJsZWZ0Ij4KPHRkIHdpZHRoPSI0OSUiPjxpbWcgc3JjPSJodHRwczovL2ltYWdlLnJha3V0ZW4uY28uanAvYWNkY3JhZy9jYWJpbmV0L2NvbW1vbi9tYmFubmVyXzExLmpwZyIgYWx0PSKzrNSty97PtaWtpeKlziIgd2lkdGg9IjEwMCUiPgo8L3RkPgo8dGQgd2lkdGg9IjQ5JSI+PGltZyBzcmM9Imh0dHBzOi8vaW1hZ2UucmFrdXRlbi5jby5qcC9hY2RjcmFnL2NhYmluZXQvY29tbW9uL21iYW5uZXJfMTIuanBnIiBhbHQ9IrnHIiB3aWR0aD0iMTAwJSI+CjwvdGQ+CjwvdHI+Cgo8L3RhYmxlPgoKPGJyPgoKPCEtLaiLMTAwMIPS0tTPwqSzpLOkq6TpLS0+Cjx0YWJsZSB3aWR0aD0iMTAwJSIgYm9yZGVyPSIwIiBjZWxscGFkZGluZz0iMCIgY2VsbHNwYWNpbmc9IjIiIGFsaWduPSJjZW50ZXIiPgo8dHIgYWxpZ249ImxlZnQiPgo8dGQgd2lkdGg9IjEwMCUiPjxpbWcgc3JjPSJodHRwczovL2ltYWdlLnJha3V0ZW4uY28uanAvYWNkY3JhZy9jYWJpbmV0L3Rva3VzeXUva2Fnby0xMDAweWVuMi5qcGciIHdpZHRoPSIxMDAlIiBhbHQ9IjEwMDCD0tLUz8IiPjwvdGQ+CjwvdHI+CjwvdGFibGU+PCEtLaiLpd6lpqW5paqpYKXQqWDTw0NTU6SzpLOkq6TpLS0+CjxzdHlsZSB0eXBlPSJ0ZXh0L2NzcyI+CjwhLS0gCmE6aG92ZXIgewpvcGFjaXR5OjAuNjsKZmlsdGVyOmFscGhhKG9wYWNpdHk9NjApOwotbXMtZmlsdGVyOiAiYWxwaGEoIG9wYWNpdHk9NjAgKSI7Cn0KLS0+Cjwvc3R5bGU+CgoKPCEtLaiLyczGt8P7ieS4/NPDQ1NTpLOks6SrpOktLT4KPHN0eWxlIHR5cGU9InRleHQvY3NzIj4KPCEtLQoKLml0ZW1fbmFtZSB7CmRpc3BsYXk6YmxvY2s7Cm1hcmdpbi1ib3R0b206MTVweDsKfQoKLmNhdGNoX2NvcHkgewpkaXNwbGF5OmJsb2NrOwptYXJnaW4tYm90dG9tOjE1cHg7Cn0KCi0tPgo8L3N0eWxlPgoKCgo8IS0tqIul4aWkpfOl0KXKqWCks6SzpKuk6S0tPgoKPHRhYmxlIHdpZHRoPSI3NjBweCIgYm9yZGVyPSIwIiBjZWxscGFkZGluZz0iMCIgY2VsbHNwYWNpbmc9IjUiIGFsaWduPSJjZW50ZXIiPgo8dHIgYWxpZ249ImxlZnQiPgo8dGQgd2lkdGg9IjEwMCUiPjxpbWcgc3JjPSJodHRwOi8vaW1hZ2UucmFrdXRlbi5jby5qcC9hY2RjcmFnL2NhYmluZXQvcHBnL3BwZ18wNi5qcGciIGFsdD0iUFBH0+i8cyIgd2lkdGg9IjEwMCUiPgoKCjwvdGQ+PC90cj4KPC90YWJsZT4KCjwhLS2oi7TzpdClyqlgpLOks6SrpOktLT4KPHRhYmxlIHdpZHRoPSI3NjBweCIgYm9yZGVyPSIwIiBjZWxscGFkZGluZz0iMCIgY2VsbHNwYWNpbmc9IjUiIGFsaWduPSJjZW50ZXIiPgo8dHIgYWxpZ249ImxlZnQiPgo8dGQgd2lkdGg9IjEwMCUiPjxpbWcgc3JjPSJodHRwOi8vaW1hZ2UucmFrdXRlbi5jby5qcC9hY2RjcmFnL2NhYmluZXQvMjAxN3NzL2Jhbm5lcl8wNi5qcGciIGFsdD0iMjAxN7S6z8TQwtf3IiB3aWR0aD0iMTAwJSI+CjwvdGQ+PC90cj4KPC90YWJsZT4KCjwhLS2oi9bQpdClyqlgpLOks6SrpOktLT4KPHRhYmxlIHdpZHRoPSI3NjBweCIgYm9yZGVyPSIwIiBjZWxscGFkZGluZz0iMCIgY2VsbHNwYWNpbmc9IjUiIGFsaWduPSJjZW50ZXIiPgoKPHRyIGFsaWduPSJsZWZ0Ij4KPHRkIHdpZHRoPSI0OSUiPjxpbWcgc3JjPSJodHRwOi8vaW1hZ2UucmFrdXRlbi5jby5qcC9hY2RjcmFnL2NhYmluZXQvc2FsZS8yMDE3MDNzcy90b3BfMDcuanBnIiBhbHQ9IqXiqWClyaXRpfOlryIgd2lkdGg9IjEwMCUiPgo8L3RkPgoKPHRkIHdpZHRoPSI0OSUiPjxpbWcgc3JjPSJodHRwOi8vaW1hZ2UucmFrdXRlbi5jby5qcC9hY2RjcmFnL2NhYmluZXQvc2FsZS8yMDE3MDNzcy90b3BfMTEuanBnIiBhbHQ9IqXBpeOlpKXK0+i8cyIgd2lkdGg9IjEwMCUiPgo8L3RkPgo8L3RyPgo8L3RhYmxlPgoKPCEtLaiL1tCl0KXKqWCks6SzpKuk6S0tPgo8dGFibGUgd2lkdGg9Ijc2MHB4IiBib3JkZXI9IjAiIGNlbGxwYWRkaW5nPSIwIiBjZWxsc3BhY2luZz0iNSIgYWxpZ249ImNlbnRlciI+Cjx0ciBhbGlnbj0ibGVmdCI+Cjx0ZCB3aWR0aD0iNDklIj48aW1nIHNyYz0iaHR0cDovL2ltYWdlLnJha3V0ZW4uY28uanAvYWNkY3JhZy9jYWJpbmV0L21hZ2F6aW5lL3RvcF8xNS5qcGciIGFsdD0iw6jM2LyvIiB3aWR0aD0iMTAwJSI+CjwvdGQ+Cjx0ZCB3aWR0aD0iNDklIj48aW1nIHNyYz0iaHR0cDovL2ltYWdlLnJha3V0ZW4uY28uanAvYWNkY3JhZy9jYWJpbmV0L3NhbGUvMjAxNzAzc3MvdG9wXzEyLmpwZyIgYWx0PSLDqMzYvK8iIHdpZHRoPSIxMDAlIj4KPC90ZD4KPC90cj4KPC90YWJsZT4KCgo8IS0tqIvW0KXQpcqpYKSzpLOkq6TpLS0+Cjx0YWJsZSB3aWR0aD0iNzYwcHgiIGJvcmRlcj0iMCIgY2VsbHBhZGRpbmc9IjAiIGNlbGxzcGFjaW5nPSI1IiBhbGlnbj0iY2VudGVyIj4KPHRyIGFsaWduPSJsZWZ0Ij4KCjx0ZCB3aWR0aD0iNDklIj48aW1nIHNyYz0iaHR0cDovL2ltYWdlLnJha3V0ZW4uY28uanAvYWNkY3JhZy9jYWJpbmV0L3NhbGUvMjAxNzAzc3MvdG9wXzA4LmpwZyIgYWx0PSKls6W4pbOluCIgd2lkdGg9IjEwMCUiPgoKPC90ZD4KCjx0ZCB3aWR0aD0iNDklIj48aW1nIHNyYz0iaHR0cDovL2ltYWdlLnJha3V0ZW4uY28uanAvYWNkY3JhZy9jYWJpbmV0L3NhbGUvMjAxNzAzc3MvdG9wXzA5LmpwZyIgYWx0PSKkyqThw6giIHdpZHRoPSIxMDAlIj4KCjwvdGQ+Cgo8L3RyPgo8L3RhYmxlPgoKPCEtLaiLtPOl0KXKqWCks6SzpKuk6S0tPgo8dGFibGUgd2lkdGg9Ijc2MHB4IiBib3JkZXI9IjAiIGNlbGxwYWRkaW5nPSIwIiBjZWxsc3BhY2luZz0iNSIgYWxpZ249ImNlbnRlciI+Cjx0ciBhbGlnbj0ibGVmdCI+Cjx0ZCB3aWR0aD0iMTAwJSI+PGltZyBzcmM9Imh0dHA6Ly9pbWFnZS5yYWt1dGVuLmNvLmpwL2FjZGNyYWcvY2FiaW5ldC8wNDI1NTQ2NC9oZWFkZXIvcG9zdDMuanBnIiBhbHQ9IqXRpfOlwMzYvK8iIHdpZHRoPSIxMDAlIj4KPC90ZD48L3RyPgo8L3RhYmxlPg==,QklHpcmlw6XIWklQpdGpYKWrqWAgpdGpYKWrqWAgpcmlw6XIIMuu0/Egsfogpeylx6WjqWCluSCxocrWILTzpK2kpKW1paSluiC086StpOEgpbilw6XXIKW4pcOl16WipcOl1yDUrcvez7UgpdWloaXDpbel56XzILS6IMXJytYgpKuk76SkpKQgpcCl86W5INLC17AgpaypYKXrpbogpa2lw6W6IIKA0NTFySCCgNDUtcQgpaul6aXVpeujukFDREMgUkFHINSty97W8c/Czaik6rXq,pcCl86W5oaHSwtewpcCl86W5oaHSwtewoaGluaXRpfOls6lgpevSwtewoaGluaXRpfOls6lgpeulwKXzpbmhoaW1peulqKXrpdGl86XEpcCl86W5IKW1peulqKXrpdGl86XEoaE3t9bVyaXApfOluaGh0sLXsKGhpdKlw6XXpdulw6XXpcCl86W50sLXsKW5pdGl86WzqWCl69Sty97PtdSty97PtSCl1aWhpcOlt6XnpfPFycrWIKXRqWClq6lgxcnK1iBUpbel46XExcnK1iCltaXrpail66XRpfOlxKW0pbelw6WvoaGl76XzpdSpYKW5pdGl86WvoaGl1aWhpcOlt6XnpfOl7aXqqWClv6Ghpe+l86XUqWCluaW0pbml7aXqoaGl1aWhpcOlt6XnpfOl0aXzpa8gpbmlq6lgpcil0aXzpa8gpdGpYKWrqWCl0aXzpa8gVKW3peOlxEJJR6XJpcOlyFpJUKXRqWClq6lgIKXRqWClq6lgIKXJpcOlyCDLrtPxILH6IKXspcelo6lgpbkgsaHK1iC086StpKSltaWkpbogtPOkraThIKW4pcOl1yCluKXDpdeloqXDpdcg1K3L3s+1IKXVpaGlw6W3peel8yC0uiDFycrWIKSrpO+kpKSkIKXApfOluSDSwtewIKWsqWCl66W6IKWtpcOluiCCgNDUxckggoDQ1LXEIKWrpeml1aXr,paul6aXVpeukx7TzpK2kyqXJpcOlyLH6pdGpYKWrqWCho6GjQklHpcmlw6XIWklQpdGpYKWrqWAgpdGpYKWrqWAgpcmlw6XIIMuu0/Egsfogpeylx6WjqWCluSCxocrWILTzpK2kpKW1paSluiC086StpOEgpbilw6XXIKW4pcOl16WipcOl1yDUrcvez7UgpdWloaXDpbel56XzILS6IMXJytYgpKuk76SkpKQgpcCl86W5INLC17AgpaypYKXrpbogpa2lw6W6IIKA0NTFySCCgNDUtcQgpaul6aXVpes=[rn]
31-77536,aHR0cDovL3RzaG9wLnIxMHMuanAvcGllcnJvdC9jYWJpbmV0L2ltZzQ5L2IxNjA3LTAxNzEzM18xX18uanBnP2ZpdGluPTcwMDo3MDA=,MzE4NC4wMDAw,,peylx6WjqWCluaXVpaGlw6W3peel8yA+IKXIpcOl16W5ID4gpdGpYKWrqWA=,ob698aXApbHLzcHPn2/Bz6G/tPPIy5rdobi088jLpdGpYKWrqWChuaTOpe2l86Ww1cl2ZXIutceI9qOhpbmlpqWnpcOlyMvYssQgV6W4pcOl16XtpfOlsNXJIKXXpeul0algpaupYKHuIL5kMTAwo6UgpbOlw6XIpfMxMDCjpSCl1algpckgpbilw6XXoaGl0algpaupYCDpTNDkIKXtpfOlsNXJIFeluKXDpdcgpbilw6XXpaKlw6XXIKW4pcOl16XRqWClq6lgIKXqpdYgcGllcnJvdKG+t7XGt7K7v8mhvw==,UGllcnJvdLTzyMua3aWipaSlxqXgIKXRqWClq6lgpMuhoqXtpfOlsNXJpKzQwrXHiPajoQ==,PGlmcmFtZSBzcmM9Imh0dHA6Ly93d3cucmFrdXRlbi5uZS5qcC9nb2xkL3BpZXJyb3QvaXRlbV9wYWdlL2IxNjA3LTAxNzEzMy5odG1sIiBmcmFtZWJvcmRlcj0iMCIgbWFyZ2lud2lkdGg9IjAiIG1hcmdpbmhlaWdodD0iMCIgd2lkdGg9IjcyNiIgaGVpZ2h0PSIzMTE4NCIgc2Nyb2xsaW5nPSJubyI+PC9pZnJhbWU+CjwhLS3NrKW3peqpYKW6LS0+CjxpbWcgc3JjPSJodHRwOi8vaW1hZ2UucmFrdXRlbi5jby5qcC9waWVycm90L2NhYmluZXQvaXRlbV9wYWdlL3Nlcmllc190dGwuanBnIj4KPGJyPjxicj4KPGRpdiBzdHlsZT0id2lkdGg6Njk2cHg7IGJvcmRlcjogIzMzMzMzMyBzb2xpZCAxcHg7Ij4KCjx0YWJsZSB3aWR0aD0iNjkwIiBib3JkZXI9IjAiPgo8dGJvZHk+PHRyPgo8dGQgd2lkdGg9IjM4MCIgcm93c3Bhbj0iMiI+CiAgICA8YSBocmVmPSJodHRwOi8vaXRlbS5yYWt1dGVuLmNvLmpwL3BpZXJyb3QvYjE0MTEtMDE3MDM1LyIgdGFyZ2V0PSJfYmxhbmsiPjxpbWcgc3JjPSJodHRwOi8vdGh1bWJuYWlsLmltYWdlLnJha3V0ZW4uY28uanAvQDBfbWFsbC9waWVycm90L2NhYmluZXQvaW1nMzgvYjE0MTEtMDE3MDM1XzEuanBnP19leD0zNTB4MzUwIj48L2E+PC90ZD4KPHRkPgo8YnI+CjxzdHJvbmcgc3R5bGU9ImZvbnQtc2l6ZToyNnB4OyI+V6W4pcOl16W5paalp6XDpcil0algpaupYDwvc3Ryb25nPgo8YnI+CjxwIHN0eWxlPSJsaW5lLWhlaWdodDoyMHB4OyI+Cgo8YnI+CqW5paalp6XDpcjM2NPQpM6lq6W4peWloqXruNCkz7LQpLekxKTEoaI8YnI+CqStpOykpKThpMqx7cfppMvKy8nPpLKkvwo8YnI+ClBpZXJyb3SluaW/pcOl1aTOpLOkwKTvpOqkrNSRpN6kw6S/Cjxicj4Kyc/ZfKW5paalp6XDpcil0algpaupYKTHpLkKCjwvcD4KPC90ZD4KPC90cj4KPHRyPgo8dGQgYWxpZ249ImNlbnRlciI+CtK70bqktyA8c3BhbiBzdHlsZT0iZm9udC1zaXplOjQwcHg7IGNvbG9yOiNjNTEzMzU7Ij5cMyw3ODA8L3NwYW4+Cjxicj4KPGEgaHJlZj0iaHR0cDovL2l0ZW0ucmFrdXRlbi5jby5qcC9waWVycm90L2IxNDExLTAxNzAzNS8iIHRhcmdldD0iX2JsYW5rIj4KPGltZyBzcmM9Imh0dHA6Ly9pbWFnZS5yYWt1dGVuLmNvLmpwL3BpZXJyb3QvY2FiaW5ldC9pdGVtX3BhZ2UvaXRlbV9idG4uanBnIj48L2E+Cjxicj4KPC90ZD4KPC90cj4KPC90Ym9keT48L3RhYmxlPgoKPC9kaXY+Cjxicj48YnI+PGltZyBzcmM9Imh0dHA6Ly93d3cucmFrdXRlbi5uZS5qcC9nb2xkL3BpZXJyb3QvaW1hZ2UvcGFydHMvaXRlbV9wYWdlX2ltZy9pdGVtX2NtdC5naWYiPgo8YnI+Cjxicj4KPGZvbnQgc3R5bGU9ImZvbnQtc2l6ZToxMnB4OyBjb2xvcjozMzM7ICI+ClBpZXJyb3S088jLmt2loqWkpcal4CCl0algpaupYKTLoaKl7aXzpbDVyaSs0MK1x4j2o6E8YnI+PGJyPgqls6Xzpbul16XIpM+huLTzyMukrNfFpL+kpKW5paalp6XDpcihuTxicj4Kpc+l6qTOpKKk66S3pMOkq6TqpMikt6S/2Xy40KSspbmlv6Wkpeql86WwpMu437yJuNCk8qXXpemluaS5pOvSu8O2pMekuaGjPGJyPgqlq6W4peWloqXrpcClpqXzpLekuaSupMqkpKGivX7D7qTKyfq12LjQpMehuLTzyMulq6W4peWloqXrobmk8rHtrEakt6TepLmhozxicj48YnI+CprdpMukyqTrpdGpYKXEpPKlq6XQqWCkuaTrsLLQxKTO18XVybjQoaM8YnI+CszlpMuzzKTopK/xWsi+pOCl6aWkpfOkx8zl0M2k8sqwpKSkuaSupLqhoqXcpcelo6XppaSl86Typbel46lgpdeky9Hds/ahozxicj4KpbWlpKXJpd2lsaXDpcjKy5iUpMukuaTrpLOkyKTHoaKluaW/paSl6qXDpbel5aTK06HP86TLysvJz6SypN6kt6S/oaM8YnI+CqS3pMOkq6TqpMikt6S/uN+8ibjQpM6koqTryfq12LjQpMqkzqTHoaKl6KXspMukr6Svs8yk6KSvxrekzsG8pLWk4qXXpemluaGjPGJyPgrBoszluNCkoqTroaIyw7bKy8GipMakzsjiuvGl1algpcmkrKGwpaqlyKXKuNChsaTy0v2krcGipMak66XdpaSl86XIpMuhozxicj4KzfOk3qSvpOqk8qS3pL+VcqTLpbql7KTLpK+kr6Gipbmlv6Wkpeql86WwpOKluaW/paSl6qXDpbel5aTLpa2l3qTrpdupYKXrpcm40KTOpKKk6+lMpOGkztDkpeql1qSszNiP1aTHpLmhozxicj48YnI+CqXhpaSl86WrpempYKTLus+k76S7pMahoqW4pcOl17K/t9akzqWrpempYKTipL2k7KS+pOylwaXnpaSluaGjPGJyPgqk3qS/oaLGt9l8pMjQxe5t0NSkzrjfpKRZS0uluKXDpdek8pLx08OkuaTrpLOkyKTHoaKktaTppMqk67jf0oqkqKTyxL/WuKS3pN6kt6S/oaM8YnI+PGJyPgqlyKXspfOlyaTL1/PT0qS1pOyk68rCpMqkr6Gi0rvDtqSipOyk0NfFu9ikt9fU08mkyqWipaSlxqXgpMCkq6TppLOkvcG8pKSk4qTOpPKhozxicj4KtPPIy6TOpauluKXlpaKl66W5pb+lpKXrpPK48cnPpLKkuaTroaKDntDjpM7Su8O2pMekuaGjCjwvZm9udD4KPGJyPgo8YnI+Cjxicj4KCjxicj48IS0tpdGl86SvpLotLT4KCjxzdHlsZSB0eXBlPSJ0ZXh0L2NzcyI+CjwhLS0KdGQuc2R0ZXh0IHsKICAgIGZvbnQtZmFtaWx5OiCl4aWkpeqlqjsKICAgIGZvbnQtc2l6ZTogMTFweDsgLyqlxqWtpbmlyKTOpbWlpKW6Ki8KICAgIGJhY2tncm91bmQ6ICNmNGY0ZjQ7IC8qyKvM5aTOsbO+sMmrKi8KICAgIHBhZGRpbmc6IDRweDsKICAgIGJvcmRlci1yYWRpdXM6IDJweDsKICAgIGJvcmRlcjogMXB4IHNvbGlkICNlZWU7IC8qlpi+gCovCn0KdGQuc2R0ZXh0IGEgewogICAgdGV4dC1kZWNvcmF0aW9uOiBub25lOwogICAgY29sb3I6ICM0NDQ7IC8qpcalraW5pcikzsmrKi8KICAgIGRpc3BsYXk6IGlubGluZS1ibG9jazsKICAgIG1hcmdpbjogMCAxNnB4Owp9Ci0tPgo8L3N0eWxlPgoKCjwhLS3ZSaSkzu+kq6S0IKSqmt2ky8jrpOq1x+Vopdylv6XzLS0+CjxzdHlsZSB0eXBlPSJ0ZXh0L2NzcyI+CjwhLS0KLmZhdm9yaXRlIGRpdi5ib29rbWFya0FyZWEgZGl2LmJrbSBhLmFkZEJrbSB7CiAgICB3aWR0aDogMjkzcHggIWltcG9ydGFudDsgLyql3KW/pfO7rc/xpM63+SovCiAgICBoZWlnaHQ6IDM0cHggIWltcG9ydGFudDsgLyql3KW/pfO7rc/xpM6436S1Ki8KfQouZmF2b3JpdGUgZGl2LmJvb2ttYXJrQXJlYSBkaXYuYmttIGEuYWRkQmttIHNwYW4uYmttU3RhciB7CiAgICBiYWNrZ3JvdW5kOiB1cmwoImh0dHA6Ly9pbWFnZS5yYWt1dGVuLmNvLmpwL3BpZXJyb3QvY2FiaW5ldC9saWtlZ29vZHNfYnRuLmdpZiIpIG5vLXJlcGVhdCAhaW1wb3J0YW50OwogICAgd2lkdGg6IDI5M3B4ICFpbXBvcnRhbnQ7IC8qpdylv6Xzu63P8aTOt/kqLwogICAgaGVpZ2h0OiAzNHB4ICFpbXBvcnRhbnQ7IC8qpdylv6Xzu63P8aTOuN+ktSovCn0KLS0+Cjwvc3R5bGU+CgoKPCEtLdlJpKTO76SrpLQgpKqa3aTLyOuk6qW3peelw6XXpdylv6XzLS0+CjxzdHlsZSB0eXBlPSJ0ZXh0L2NzcyI+CjwhLS0KLmZhdm9yaXRlIGRpdi5zaG9wQm9va21hcmtBcmVhIGRpdi5zaG9wQmttIGEuYWRkU2hvcEJrbSB7CiAgICB3aWR0aDogMjkzcHggIWltcG9ydGFudDsgLyql3KW/pfO7rc/xpM63+SovCiAgICBoZWlnaHQ6IDM0cHggIWltcG9ydGFudDsgLyql3KW/pfO7rc/xpM6436S1Ki8KfQouZmF2b3JpdGUgZGl2LnNob3BCb29rbWFya0FyZWEgZGl2LnNob3BCa20gYS5hZGRTaG9wQmttIHNwYW4uc2hvcEJrbVN0YXIgewogICAgd2lkdGg6IDI5M3B4ICFpbXBvcnRhbnQ7IC8qpdylv6Xzu63P8aTOt/kqLwogICAgaGVpZ2h0OiAzNHB4ICFpbXBvcnRhbnQ7IC8qpdylv6Xzu63P8aTOuN+ktSovCiAgICBiYWNrZ3JvdW5kOiB1cmwoImh0dHA6Ly9pbWFnZS5yYWt1dGVuLmNvLmpwL3BpZXJyb3QvY2FiaW5ldC9saWtlc2hvcF9idG4uZ2lmIikgbm8tcmVwZWF0ICFpbXBvcnRhbnQ7Cn0KLS0+Cjwvc3R5bGU+CgoKCjwhLS3tl8S/33iSa9arLS0+CjxzdHlsZSB0eXBlPSJ0ZXh0L2NzcyI+CjwhLS0KCiNyYWt1dGVuTGltaXRlZElkX2Fyb3VuZENhcnQgc3Bhbi5jaG9pY2UgKyBzZWxlY3QgewogICAgZGlzcGxheTogYmxvY2sgIWltcG9ydGFudDsKICAgIHBhZGRpbmc6IDhweDsKICAgIG1hcmdpbi1ib3R0b206IDJweDsKICAgIGJvcmRlci1yYWRpdXM6IDJweDsgICAKfQoKI3Jha3V0ZW5MaW1pdGVkSWRfYXJvdW5kQ2FydCBzcGFuLmNob2ljZSB7CiAgICBkaXNwbGF5OiBpbmxpbmUtYmxvY2s7CiAgICBwb3NpdGlvbjpyZWxhdGl2ZTsKICAgIHBhZGRpbmc6IDhweDsKICAgIG1hcmdpbi1ib3R0b206IDhweDsKICAgIGJhY2tncm91bmQ6ICNlZWU7IC8qtLWkrbP2pLekzrGzvrDJqyAqLwogICAgYm9yZGVyLXJhZGl1czogMnB4Owp9CiNyYWt1dGVuTGltaXRlZElkX2Fyb3VuZENhcnQgc3Bhbi5jaG9pY2U6YWZ0ZXIgewogICAgY29udGVudDogIiI7CiAgICBwb3NpdGlvbjogYWJzb2x1dGU7CiAgICBib3R0b206IC04cHg7CiAgICBsZWZ0OiAyNHB4OwogICAgbWFyZ2luLWxlZnQ6IC04cHg7CiAgICBkaXNwbGF5OiBibG9jazsKICAgIHdpZHRoOiAwcHg7CiAgICBoZWlnaHQ6IDBweDsKICAgIGJvcmRlci1zdHlsZTogc29saWQ7CiAgICBib3JkZXItd2lkdGg6IDhweCA4cHggMCA4cHg7CiAgICBib3JkZXItY29sb3I6ICNlZWUgdHJhbnNwYXJlbnQgdHJhbnNwYXJlbnQgdHJhbnNwYXJlbnQ7Cn0KLS0+Cjwvc3R5bGU+CgoKCgo8IS0tl8rL98/Cpa2pYKXvqWClyS0tPgoKPGRpdiBjbGFzcz0iaGVhZGVyLWxpbmsiPgqlx6XLpeChoQql76Wkpcml0aXzpcShoQpVVqWipaSlxqXgCjwvZGl2PgoKPHN0eWxlIHR5cGU9InRleHQvY3NzIj4KPCEtLQouaGVhZGVyLWxpbmsgewpmb250LXNpemU6IDEycHg7IC8qzsTX1qTOtPOkraS1Ki8KbGVmdDogOThweDsKdG9wOiA1NXB4Owpwb3NpdGlvbjogZml4ZWQ7CnotaW5kZXg6IDIxNDc0ODM2NDEyOwpiYWNrZ3JvdW5kOiAjZmZmOwpwYWRkaW5nOiA4cHg7CmJvcmRlcjogMXB4IHNvbGlkICNkZGQ7CmJvcmRlci10b3A6IG5vbmU7Cn0KLS0+Cjwvc3R5bGU+CgoKPCEtLdlJpKTO76SrpLSl3KW/pfMtLT4KPHN0eWxlIHR5cGU9InRleHQvY3NzIj4KPCEtLQojc2Nyb2xsVXB7CmJvcmRlcjpub25lIWltcG9ydGFudDsKYm90dG9tOjgwcHg7CnJpZ2h0OjVweDsKfQojc2Nyb2xsVXAgaW1newpkaXNwbGF5Om5vbmU7Cn0KI3Njcm9sbFVwIC5uZWFyQ2FydHsKYmFja2dyb3VuZDp1cmwoaHR0cDovL2ltYWdlLnJha3V0ZW4uY28uanAvcGllcnJvdC9jYWJpbmV0L3NvemFpX3IxNzRfMDEuZ2lmKSBuby1yZXBlYXQgMCAwOwp9CiNzY3JvbGxVcCwjc2Nyb2xsVXAgLm5lYXJDYXJ0ewp3aWR0aDogNjBweCAhaW1wb3J0YW50OwpoZWlnaHQ6IDYwcHggIWltcG9ydGFudDsKfQotLT4KPC9zdHlsZT4KCgoKPCEtLbmyzajVaMP3zsQtLT4=,ob698aXApbHLzcHPn2/Bz6G/tPPIy5rdobi088jLpdGpYKWrqWChuaTOpe2l86Ww1cl2ZXIutceI9qOhpbmlpqWnpcOlyMvYssQgV6W4pcOl16XtpfOlsNXJIKXXpeul0algpaupYKHuIL5kMTAwo6UgpbOlw6XIpfMxMDCjpSCl1algpckgpbilw6XXoaGl0algpaupYCDpTNDkIKXtpfOlsNXJIFeluKXDpdcgpbilw6XXpaKlw6XXIKW4pcOl16XRqWClq6lgIKXqpdYgcGllcnJvdKG+t7XGt7K7v8mhv6O6UGllcnJvdKG+pdSlqKXtob8=,pdSlqKXtpeylx6WjqWCluVBpZXJyb3RwaWVyb6TUpKik7aXVpaGlw6W3peel86XvpfOl1KXspa6l0aXzpaupYKXHpaOlrKXzVKW3peOlxMWu0NSYU8zszajYnKXHpcul4KWrqWClx6Wjpayl80dJTkdFUjMwtPo0MLT6peylx6WjqWClucWu0NShvr3xpcClscvNwc+fb8HPob+088jLmt2huLTzyMul0algpaupYKG5pM6l7aXzpbDVyXZlci61x4j2o6GluaWmpaelw6XIy9iyxCBXpbilw6XXpe2l86Ww1ckgpdel66XRqWClq6lgoe4gvmQxMDCjpSCls6XDpcil8zEwMKOlIKXVqWClySCluKXDpdehoaXRqWClq6lgIOlM0OQgpe2l86Ww1ckgV6W4pcOl1yCluKXDpdeloqXDpdcgpbilw6XXpdGpYKWrqWAgpeql1iBwaWVycm90ob63tca3sru/yaG/,UGllcnJvdLTzyMua3aWipaSlxqXgIKXRqWClq6lgpMuhoqXtpfOlsNXJpKzQwrXHiPajoaGjob698aXApbHLzcHPn2/Bz6G/tPPIy5rdobi088jLpdGpYKWrqWChuaTOpe2l86Ww1cl2ZXIutceI9qOhpbmlpqWnpcOlyMvYssQgV6W4pcOl16XtpfOlsNXJIKXXpeul0algpaupYKHuIL5kMTAwo6UgpbOlw6XIpfMxMDCjpSCl1algpckgpbilw6XXoaGl0algpaupYCDpTNDkIKXtpfOlsNXJIFeluKXDpdcgpbilw6XXpaKlw6XXIKW4pcOl16XRqWClq6lgIKXqpdYgcGllcnJvdKG+t7XGt7K7v8mhvw==[rn]
31-77537,aHR0cDovL3RzaG9wLnIxMHMuanAvZS10aW1lcy9jYWJpbmV0L2ctZmFzaGlvbi9hbHRlcm5hdGl2ZS9hbHRlcm5hdGl2ZTE4LXMwMS5qcGc/Zml0aW49NzAwOjcwMA==,NDc4NC4wMDAw,,peylx6WjqWCluaXVpaGlw6W3peel8yA+IKXIpcOl16W5ID4gpdGpYKWrqWA=,paql66W/pcqlxqWjpdYgpaKl0aXspesgy83Bz59vwc8gpbilw6XXpaKlw6XXpdGpYKWrqWAg0VnG8MOrpailsyCl1aXqqWCluSCluaWmpaelw6XIIOlM0OQgpeylx6WjqWCluSCfb7XYIKW7peyl1pDb08Mg62rVSZL33WQgMDk1ODJGMiBhbHQxOA==,oe+lqqXrpb+lyqXGpaOl1qWipdGl7KXrIKW4pcOl16WipcOl16XRqWClq6lg,PGRpdiBzdHlsZT0id2lkdGg6NzAwcHg7IG1hcmdpbjowOyBwYWRkaW5nOjA7Ij4KCjxwIHN0eWxlPSJ0ZXh0LWFsaWduOmNlbnRlcjsgbWFyZ2luOjA7IHBhZGRpbmc6MDsiPgo8aW1nIHNyYz0iaHR0cHM6Ly9pbWFnZS5yYWt1dGVuLmNvLmpwL2UtdGltZXMvY2FiaW5ldC9nLWZhc2hpb24vYWx0ZXJuYXRpdmUvYWx0ZXJuYXRpdmUxOC0wMS5qcGciIAphbHQ9IkFsdGVybmF0aXZlIEFwcGFyZWyhvqWqpeulv6XKpcalo6XWIKWipdGl7KXrob8gpailpKXJpeqloqXzIKWopbOl1aXqqWCluSCl1algpcelo6lgIgp3aWR0aD0iNzAwIiBoZWlnaHQ9IjgwMCIgLz4KPC9wPgoKPHAgc3R5bGU9InRleHQtYWxpZ246Y2VudGVyOyBtYXJnaW46MTVweCAwIDVweCAwOyBwYWRkaW5nOjA7Zm9udC1zaXplOjE0cHg7IGZvbnQtd2VpZ2h0OmJvbGQ7IGNvbG9yOiM2NjY7Ij4KQnJhbmQgLSCl1qXppfOlySDH6YjzPwo8L3A+Cgo8cCBzdHlsZT0idGV4dC1hbGlnbjpjZW50ZXI7IG1hcmdpbjowOyBwYWRkaW5nOjA7Ij48aW1nIHNyYz0iaHR0cHM6Ly9pbWFnZS5yYWt1dGVuLmNvLmpwL2UtdGltZXMvY2FiaW5ldC9nLWZhc2hpb24vYWx0ZXJuYXRpdmUvYWx0ZXJuYXRpdmUtdG9wLTAyLmpwZyIgCmFsdD0iQWx0ZXJuYXRpdmUgQXBwYXJlbKG+paql66W/pcqlxqWjpdYgpaKl0aXspeuhvyIgCndpZHRoPSI3MDAiIGhlaWdodD0iMTEwMCIgLz48L3A+Cgo8cCBzdHlsZT0idGV4dC1hbGlnbjpjZW50ZXI7IG1hcmdpbjoxNXB4IDAgNXB4IDA7IHBhZGRpbmc6MDtmb250LXNpemU6MTRweDsgZm9udC13ZWlnaHQ6Ym9sZDsgY29sb3I6IzY2NjsiPgpBbHRlcm5hdGl2ZSBBcHBhcmVsICilqqXrpb+lyqXGpaOl1iCloqXRpeyl6yk8YnIgLz4KQWRyaWFuIEVjby1GbGVlY2UgSG9vZGllICilqKWkpcml6qWipfMgpails6XVpeqpYKW5IKXVqWClx6WjqWApPGJyIC8+CulM0OQgpdWl6qlgpbkgpbilw6XXpaKlw6XXpdGpYKWrqWAKPC9wPgoKPHAgc3R5bGU9InRleHQtYWxpZ246Y2VudGVyOyBtYXJnaW46MDsgcGFkZGluZzowOyI+CjxpbWcgc3JjPSJodHRwczovL2ltYWdlLnJha3V0ZW4uY28uanAvZS10aW1lcy9jYWJpbmV0L2ctZmFzaGlvbi9hbHRlcm5hdGl2ZS9hbHRlcm5hdGl2ZTE4LTAyLmpwZyIgCmFsdD0iQWx0ZXJuYXRpdmUgQXBwYXJlbKG+paql66W/pcqlxqWjpdYgpaKl0aXspeuhvyClqKWkpcml6qWipfMgpails6XVpeqpYKW5IKXVqWClx6WjqWAiCndpZHRoPSI3MDAiIGhlaWdodD0iOTYwIiAvPgo8L3A+Cgo8cCBzdHlsZT0idGV4dC1hbGlnbjpjZW50ZXI7IG1hcmdpbjoxNXB4IDAgMCAwOyBwYWRkaW5nOjA7Ij4KPGltZyBzcmM9Imh0dHBzOi8vaW1hZ2UucmFrdXRlbi5jby5qcC9lLXRpbWVzL2NhYmluZXQvZy1mYXNoaW9uL2FsdGVybmF0aXZlL2FsdGVybmF0aXZlMTgtMDMuanBnIiAKYWx0PSJBbHRlcm5hdGl2ZSBBcHBhcmVsob6lqqXrpb+lyqXGpaOl1iCloqXRpeyl66G/IKWopaSlyaXqpaKl8yClqKWzpdWl6qlgpbkgpdWpYKXHpaOpYCIKd2lkdGg9IjcwMCIgaGVpZ2h0PSI5NjAiIC8+CjwvcD4KCjxwIHN0eWxlPSJ0ZXh0LWFsaWduOmNlbnRlcjsgbWFyZ2luOjE1cHggMCAwIDA7IHBhZGRpbmc6MDsiPgo8aW1nIHNyYz0iaHR0cHM6Ly9pbWFnZS5yYWt1dGVuLmNvLmpwL2UtdGltZXMvY2FiaW5ldC9nLWZhc2hpb24vYWx0ZXJuYXRpdmUvYWx0ZXJuYXRpdmUxOC0wNC5qcGciIAphbHQ9IkFsdGVybmF0aXZlIEFwcGFyZWyhvqWqpeulv6XKpcalo6XWIKWipdGl7KXrob8gpailpKXJpeqloqXzIKWopbOl1aXqqWCluSCl1algpcelo6lgIgp3aWR0aD0iNzAwIiBoZWlnaHQ9IjUwMCIgLz4KPC9wPgoKPC9kaXY+Cgo8ZGl2IGNsYXNzPSJnb29kcy10YWJsZTAxIj4KPHRhYmxlIHN0eWxlPSJtYXJnaW46MTVweCAwIDAgMDsgcGFkZGluZzowOyBmb250LXNpemU6MTNweDsgIgogd2lkdGg9IjcwMCIgYm9yZGVyPSIwIiBjZWxsc3BhY2luZz0iMyIgCnN1bW1hcnk9IkFsdGVybmF0aXZlIEFwcGFyZWyhvqWqpeulv6XKpcalo6XWIKWipdGl7KXrob8iPgoKPHRyPgo8dGggY2xhc3M9InRvcDAxIiBjb2xzcGFuPSIyIiBzdHlsZT0icGFkZGluZzozcHg7IGZvbnQtc2l6ZToxNHB4OyBjb2xvcjojZmZmOyBiYWNrZ3JvdW5kLWNvbG9yOiM0ZDRkNGQ7Ij4KyczGt71CvekKPC90aD4KPC90cj4KCjx0cj4KPHRoIGNsYXNzPSJ0aDAxIiBzdHlsZT0id2lkdGg6MTAwcHg7IHBhZGRpbmc6M3B4OyBiYWNrZ3JvdW5kLWNvbG9yOiNkNWQ1ZDU7Ij4Kpdal6aXzpckKPC90aD4KPHRkIHN0eWxlPSJib3JkZXI6c29saWQgMXB4ICM5OTk7IHBhZGRpbmc6MnB4OyI+CjxhIGhyZWY9Imh0dHBzOi8vaXRlbS5yYWt1dGVuLmNvLmpwL2UtdGltZXMvYy8wMDAwMDAwMTUxLyI+CkFsdGVybmF0aXZlIEFwcGFyZWyhvqWqpeulv6XKpcalo6XWIKWipdGl7KXrob8KPC9hPgo8L3RkPgo8L3RyPgoKPHRyPgo8dGggY2xhc3M9InRoMDIiIHN0eWxlPSJ3aWR0aDoxMDBweDsgcGFkZGluZzozcHg7IGJhY2tncm91bmQtY29sb3I6Izk5OTsiPgrJzMa3w/sKPC90aD4KPHRkIHN0eWxlPSJib3JkZXI6c29saWQgMXB4ICM5OTk7IHBhZGRpbmc6MnB4OyI+CkFkcmlhbiBFY28tRmxlZWNlIEhvb2RpZaG+pailpKXJpeqloqXzIKWopbOl1aXqqWCluSCl1algpcelo6lgob88YnIgLz4K6UzQ5CCl1aXqqWCluSCluKXDpdeloqXDpdel0algpaupYAo8L3RkPgo8L3RyPgoKPHRyPgo8dGggY2xhc3M9InRoMDEiIHN0eWxlPSJ3aWR0aDoxMDBweDsgcGFkZGluZzozcHg7IGJhY2tncm91bmQtY29sb3I6I2Q1ZDVkNTsiPgrJzMa3vUK96Qo8L3RoPgo8dGQgc3R5bGU9ImJvcmRlcjpzb2xpZCAxcHggIzk5OTsgcGFkZGluZzoycHg7Ij4KpaKl4aXqpasgpaul6qXVpaml66XLpaKkx8GipMHJz6SypOmk7KS/pdal6aXzpcmhozxiciAvPgpBTFRFUk5BVElWRSBBUFBBUkVMo6ilqqXrpb+lyqXGpaOl1iCloqXRpeyl66OppM9ET1VCTEUgRFlFpMikpKSmzNjK4qTKPGJyIC8+Csi+yau8vNBnpPKz1qTDpMahos70pKuk6aTOtqi3rKXHpbalpKXzpPKsRrT670yky6Wipeyl86W4pLekv6WipaSlxqXgpPKwa9DFpLekxqSkpN6kuaGjPGJyIC8+CrnF18Wky6SipOqkvaSmpMqRr6SrpLekpLjQpLikzqXHpbalpKXzpKy24KSvoaI8YnIgLz4K0MLGt6TKpKyk6aTLpLekxqX0paOl86XGqWCluKTDpN2kpOuDh+ya3aTLysvJz6SspMOkxqSkpOukzqSszNiP1aTHpLmhozxiciAvPgqloqXzpbilp6XqqWClyj+luKXnpeqpYCCk5CClx6X0paOlw6XIP6XZpcOlq6XgIKTPpOikryClqqXrpb+lyqXGpaOl1iCloqXRpeyl6yCk8jxiciAvPgql16XppaSl2algpcikx9fF08Okt6TGpKqk6qGipbGlpKXIP6Xipbmk5KXLpbOpYKXrP6XqpcOlwalgoaKl6qXzpbipYD+l7algpc+l86TkPGJyIC8+CqXRpeqluT+l0qXrpcil86TKpMnK/bbgpK+kzqW7peyl1qSskNvTw6S3pMakpKTepLmhozxiciAvPgo8YnIgLz4KpL2k86TKIEFMVEVSTkFUSVZFIEFQUEFSRUwgpM7W0KSrpOnXxbvYpLfBpqXQpcSlsKXzpM6luKXDpdeloqXDpdel0algpaupYKTypLS9Qr3ppLek3qS5oaM8YnIgLz4K0VnG8MOrpMukyqTDpMakpKTrpM6kx6Gi3Vikr6TGpKKkv6S/pKukpKOhPGJyIC8+Csn6tdikrLfWuvGkr6TKpKSkq6Tp1tikzdfFpMuk4sq5pKikxqWzqWClx6TOt/mkrI7apKyk64Oe0OOl0algpaupYKTHpLmhozxiciAvPgqlq6XDpdel66TH0ru+d6TLyrmkqKTBpOOkpqXmpculu6XDpa+luaXHpbalpKXzPzxiciAvPgo8L3RkPgo8L3RyPgoKPHRyPgo8dGggY2xhc3M9InRoMDIiIHN0eWxlPSJ3aWR0aDoxMDBweDsgcGFkZGluZzozcHg7IGJhY2tncm91bmQtY29sb3I6Izk5OTsiPgrL2LLECjwvdGg+Cjx0ZCBzdHlsZT0iYm9yZGVyOnNvbGlkIDFweCAjOTk5OyBwYWRkaW5nOjJweDsiPgql3aXqpailuaXGpes1MKOlPGJyIC8+Cr5kNDajpTxiciAvPgql7Klgpeil8zSjpTxiciAvPgrJ+q5iufqjuqXJpd+ly6WrubK6zbn6PGJyIC8+CjwvdHI+Cgo8dHI+Cjx0aCBjbGFzcz0idGgwMSIgc3R5bGU9IndpZHRoOjEwMHB4OyBwYWRkaW5nOjNweDsgYmFja2dyb3VuZC1jb2xvcjojZDVkNWQ1OyI+CqW1paSlugo8L3RoPgo8dGQgc3R5bGU9ImJvcmRlcjpzb2xpZCAxcHggIzk5OTsgcGFkZGluZzoycHg7Ij4KCjwhLS2ltaWkpbqx7aiLLS0+Cjx0YWJsZSBzdHlsZT0iZm9udC1zaXplOjFlbTsgbWFyZ2luOjA7IHBhZGRpbmc6MDoiIHdpZHRoPSI1NzUiCmJvcmRlcj0iMCIgY2VsbHNwYWNpbmc9IjMiIApzdW1tYXJ5PSJBbHRlcm5hdGl2ZSBBcHBhcmVsob6lqqXrpb+lyqXGpaOl1iCloqXRpeyl66G/Ij4KCjx0cj4KPHRoIGNsYXNzPSJ0b3AwMSIgY29sc3Bhbj0iNyIgc3R5bGU9ImNvbG9yOiNmZmY7IGJhY2tncm91bmQtY29sb3I6IzMzMzsiPgqltaWkpbqx7Qo8L3RoPgo8L3RyPgoKPHRyPgo8dGggY2xhc3M9InRoMDEiIHN0eWxlPSJ3aWR0aDoxMDBweDsgcGFkZGluZzozcHg7IGJhY2tncm91bmQtY29sb3I6I2Q1ZDVkNTsiPrHt05ultaWkpbo8L3RoPgo8dGggY2xhc3M9InRoMDEiIHN0eWxlPSJ3aWR0aDoxMDBweDsgcGFkZGluZzozcHg7IGJhY2tncm91bmQtY29sb3I6I2Q1ZDVkNTsiPii8cynXxdXJPC90aD4KPHRoIGNsYXNzPSJ0aDAxIiBzdHlsZT0id2lkdGg6MTAwcHg7IHBhZGRpbmc6M3B4OyBiYWNrZ3JvdW5kLWNvbG9yOiNkNWQ1ZDU7Ij7J7bf5PC90aD4KPHRoIGNsYXNzPSJ0aDAxIiBzdHlsZT0id2lkdGg6MTAwcHg7IHBhZGRpbmc6M3B4OyBiYWNrZ3JvdW5kLWNvbG9yOiNkNWQ1ZDU7Ij7RUtXJPC90aD4KPHRoIGNsYXNzPSJ0aDAxIiBzdHlsZT0id2lkdGg6MTAwcHg7IHBhZGRpbmc6M3B4OyBiYWNrZ3JvdW5kLWNvbG9yOiNkNWQ1ZDU7Ij7Q5L/aPC90aD4KPHRoIGNsYXNzPSJ0aDAxIiBzdHlsZT0id2lkdGg6MTAwcHg7IHBhZGRpbmc6M3B4OyBiYWNrZ3JvdW5kLWNvbG9yOiNkNWQ1ZDU7Ij7x1bf5PC90aD4KPHRoIGNsYXNzPSJ0aDAxIiBzdHlsZT0id2lkdGg6MTAwcHg7IHBhZGRpbmc6M3B4OyBiYWNrZ3JvdW5kLWNvbG9yOiNkNWQ1ZDU7Ij7N89bcpOo8L3RoPgoKPHRyPgo8dGQgc3R5bGU9ImJvcmRlcjpzb2xpZCAxcHggIzk5OTsgcGFkZGluZzoycHg7Ij5TpbWlpKW6PC90ZD4KPHRkIHN0eWxlPSJib3JkZXI6c29saWQgMXB4ICM5OTk7IHBhZGRpbmc6MnB4OyI+NTljbTwvdGQ+Cjx0ZCBzdHlsZT0iYm9yZGVyOnNvbGlkIDFweCAjOTk5OyBwYWRkaW5nOjJweDsiPjQ0Y208L3RkPgo8dGQgc3R5bGU9ImJvcmRlcjpzb2xpZCAxcHggIzk5OTsgcGFkZGluZzoycHg7Ij44MGNtPC90ZD4KPHRkIHN0eWxlPSJib3JkZXI6c29saWQgMXB4ICM5OTk7IHBhZGRpbmc6MnB4OyI+Ny41Y208L3RkPgo8dGQgc3R5bGU9ImJvcmRlcjpzb2xpZCAxcHggIzk5OTsgcGFkZGluZzoycHg7Ij40MWNtPC90ZD4KPHRkIHN0eWxlPSJib3JkZXI6c29saWQgMXB4ICM5OTk7IHBhZGRpbmc6MnB4OyI+MTZjbTwvdGQ+CjwvdHI+Cgo8dHI+Cjx0ZCBzdHlsZT0iYm9yZGVyOnNvbGlkIDFweCAjOTk5OyBwYWRkaW5nOjJweDsiPk2ltaWkpbo8L3RkPgo8dGQgc3R5bGU9ImJvcmRlcjpzb2xpZCAxcHggIzk5OTsgcGFkZGluZzoycHg7Ij42MmNtPC90ZD4KPHRkIHN0eWxlPSJib3JkZXI6c29saWQgMXB4ICM5OTk7IHBhZGRpbmc6MnB4OyI+NDdjbTwvdGQ+Cjx0ZCBzdHlsZT0iYm9yZGVyOnNvbGlkIDFweCAjOTk5OyBwYWRkaW5nOjJweDsiPjgxY208L3RkPgo8dGQgc3R5bGU9ImJvcmRlcjpzb2xpZCAxcHggIzk5OTsgcGFkZGluZzoycHg7Ij44LjVjbTwvdGQ+Cjx0ZCBzdHlsZT0iYm9yZGVyOnNvbGlkIDFweCAjOTk5OyBwYWRkaW5nOjJweDsiPjQzY208L3RkPgo8dGQgc3R5bGU9ImJvcmRlcjpzb2xpZCAxcHggIzk5OTsgcGFkZGluZzoycHg7Ij4xN2NtPC90ZD4KPC90cj4KCjx0cj4KPHRkIHN0eWxlPSJib3JkZXI6c29saWQgMXB4ICM5OTk7IHBhZGRpbmc6MnB4OyI+TKW1paSlujwvdGQ+Cjx0ZCBzdHlsZT0iYm9yZGVyOnNvbGlkIDFweCAjOTk5OyBwYWRkaW5nOjJweDsiPjY2Y208L3RkPgo8dGQgc3R5bGU9ImJvcmRlcjpzb2xpZCAxcHggIzk5OTsgcGFkZGluZzoycHg7Ij40OWNtPC90ZD4KPHRkIHN0eWxlPSJib3JkZXI6c29saWQgMXB4ICM5OTk7IHBhZGRpbmc6MnB4OyI+ODJjbTwvdGQ+Cjx0ZCBzdHlsZT0iYm9yZGVyOnNvbGlkIDFweCAjOTk5OyBwYWRkaW5nOjJweDsiPjkuNWNtPC90ZD4KPHRkIHN0eWxlPSJib3JkZXI6c29saWQgMXB4ICM5OTk7IHBhZGRpbmc6MnB4OyI+NDZjbTwvdGQ+Cjx0ZCBzdHlsZT0iYm9yZGVyOnNvbGlkIDFweCAjOTk5OyBwYWRkaW5nOjJweDsiPjE5Y208L3RkPgo8L3RyPgoKPC90YWJsZT4KPCEtLaW1paSlurHtofgtLT4KCqW1paSluqTPxr3Ww6StP6Xhpbil46lgpMekzpLxtOekx6S5pM6kx8j0uMmkztVgsu6krMn6pLik64j2us+krKSipOqk3qS5oaMKCjwvdGQ+CjwvdHI+Cgo8dHI+Cjx0aCBjbGFzcz0idGgwMiIgc3R5bGU9IndpZHRoOjEwMHB4OyBwYWRkaW5nOjNweDsgYmFja2dyb3VuZC1jb2xvcjojOTk5OyI+CqH5pLTXotLiCjwvdGg+Cjx0ZCBzdHlsZT0iYm9yZGVyOnNvbGlkIDFweCAjOTk5OyBwYWRkaW5nOjJweDsiPgqh+aS016LS4gqh+dF11Oy5pLPMyc+hoqW1paSluqSs0rvDttK7w7bI9LjJrpCkyqTriPa6z6SspKKk6qTepLmhozxiciAvPgqh+aW/pbCkz8jrusmVcsbapMuk6KTqrpCkyqTqpN6kuaGjpceltqWkpfOkrNa4tqikz6THpK2k3qS7pPOkzqTH0+ik4aS0wcuz0KSvpMCktaSkoaMKofmlpKXzpd2pYKXIxrekx6S5pM6kx6GiuqPN4qSrpOmkzt2UyOvW0KTLpMSkr6GivJqkq6TKm0Gk7D+lraW6P6Wvpbu4tqStpMqkyaGiPGJyIC8+CqTepL+hor9w0XWk5Lyasr+kzsrLyc+krKTqpKykoqTepKSI9rrPpKykoqTqpN6kuaGjPGJyIC8+CqH5yczGt6TOysuYlKTPyfquYrmkiPY/yfquYpVyxtqky6TopOqukKTKpOuI9rrPpKyktKS2pKSk3qS5oaM8YnIgLz4K0tTJz6TLpMSkraTepLekxqTPpeGpYKWrqWCkx8G8xrekyKS3pMbB982opLekxqSkpOuk4qTOpMukyqTqpN6kuaTOpMehojxiciAvPgrKudPDpMuGlu59pKykyqSkz96k6qGit7XGt6TOjJ3P86TIpM+kyqTqpN6ku6TzpM6kx6S0wcuz0KSvpMCktaSkoaM8YnIgLz4Kofm7rcPmyc+kzsmrpM+l0aW9pbOl86TOrWi+s6Tkpcelo6W5pdel7KWkpM7UT7aopMuk6KTqoaKMZ87vpMikz66QpMqk64j2us+krKSipOqk3qS5oaM8YnIgLz4K0tTJz6TOteOky6S0wcuz0KTOyc+ktNeizsTPwqS1pKSk3qS7oaMKPC90ZD4KPC90cj4KCjwvdGFibGU+Cgo8L2Rpdj4KPGRpdiBzdHlsZT0ibWFyZ2luOjE1cHggMCAwIDA7IHBhZGRpbmc6MDsiPgo8aWZyYW1lIHNyYz0iaHR0cHM6Ly93d3cucmFrdXRlbi5uZS5qcC9nb2xkL2UtdGltZXMvZ29vZHMtaWZyYW1lL2dvb2RzLWJhbm5lci9hbHRlcm5hdGl2ZS0wMS5odG1sIgogZnJhbWVib3JkZXI9IjAiIHNjcm9sbGluZz0ibm8iIG1hcmdpbndpZHRoPSIwIiBtYXJnaW5oZWlnaHQ9IjAiCiB0aXRsZT0iQWx0ZXJuYXRpdmUgQXBwYXJlbCAopaql66W/pcqlxqWjpdYgpaKl0aXspespIMzYvK8iCiB3aWR0aD0iNzAwIiBoZWlnaHQ9IjEwMjAiPgqks6TOsr+31qTPpaSl86XppaSl86XVpeypYKXgpPLKudPDpLekxqSkpN6kuaGjCjwvaWZyYW1lPgo8L2Rpdj4KPGRpdiBpZD0iZ29vZHMtaW5mby1pZnJhbWUiPjwvZGl2PjxkaXYgaWQ9InJhbmtpbmctaWZyYW1lLXRvcCI+Cgo8L2Rpdj4KCjxwIG5hbWU9Im1haWxiaW4iIHN0eWxlPSJtYXJnaW46MTVweCAwIDAgMDsgcGFkZGluZzowOyI+CjxpbWcgc3JjPSJodHRwOi8vaW1hZ2UucmFrdXRlbi5jby5qcC9lLXRpbWVzL2NhYmluZXQvdGVtcGxhdGUvaW5mby9tYWlsYmluLWUwMi5qcGciIAphbHQ9IqXhqWCl67HjIMvNwc+fb8HPIIydz/PJzMa3pMukxKSkpMYiIAp3aWR0aD0iNzAwIiBoZWlnaHQ9IjMwNSIgLz4KPC9wPgoKPHAgc3R5bGU9Im1hcmdpbjoxNXB4IDAgMCAwOyBwYWRkaW5nOjA7Ij4KPGltZyBzcmM9Imh0dHA6Ly93d3cucmFrdXRlbi5uZS5qcC9nb2xkL2UtdGltZXMvaW1hZ2UvZ29vZHMtaW5mby95b3lha3UtMDEuZ2lmIiAKYWx0PSLT6LxzyczGt6TLpMSkpKTGIiAKd2lkdGg9IjcwMCIgaGVpZ2h0PSI1NzAiIC8+CjwvcD4KCjwhLS28e8bax+mI8y0tPgoKPHN0eWxlIFRZUEU9InRleHQvY3NzIj4KPCEtLQp0ZC5pbnZlbnRvcnkgZm9udHtmb250LXNpemU6MTBweDtjb2xvcjojNjY2NjY2O30KCi0tPgo8L3N0eWxlPg==,paql66W/pcqlxqWjpdYgpaKl0aXspesgy83Bz59vwc8gpbilw6XXpaKlw6XXpdGpYKWrqWAg0VnG8MOrpailsyCl1aXqqWCluSCluaWmpaelw6XIIOlM0OQgpeylx6WjqWCluSCfb7XYIKW7peyl1pDb08Mg62rVSZL33WQgMDk1ODJGMiBhbHQxOKO6paSpYKW/paSl4KW5,paSpYKW/paSl4KW5RS1USU1FU6WqpfOl6aWkpfOlt6XnpcOl182o2Jyl7KXHpaOpYKW5pdWloaXDpbel56XzpaSl86XdqWClyKXZpdOpYNPDxrelqqXrpb+lyqXGpaOl1iCloqXRpeyl6yDLzcHPn2/BzyCluKXDpdeloqXDpdel0algpaupYCDRWcbww6ulqKWzIKXVpeqpYKW5IKW5paalp6XDpcgg6UzQ5CCl7KXHpaOpYKW5IJ9vtdggpbul7KXWkNvTwyDratVJkvfdZCAwOTU4MkYyIGFsdDE4,oe+lqqXrpb+lyqXGpaOl1qWipdGl7KXrIKW4pcOl16WipcOl16XRqWClq6lgoaOlqqXrpb+lyqXGpaOl1iCloqXRpeyl6yDLzcHPn2/BzyCluKXDpdeloqXDpdel0algpaupYCDRWcbww6ulqKWzIKXVpeqpYKW5IKW5paalp6XDpcgg6UzQ5CCl7KXHpaOpYKW5IJ9vtdggpbul7KXWkNvTwyDratVJkvfdZCAwOTU4MkYyIGFsdDE4[rn]
31-77538,aHR0cDovL3RzaG9wLnIxMHMuanAvZS10aW1lcy9jYWJpbmV0L2ctZmFzaGlvbi9zd2ltd2Vhci9zd2ltLTI1LXMwMS5qcGc/Zml0aW49NzAwOjcwMA==,MjM4NC4wMDAw,,peylx6WjqWCluaXVpaGlw6W3peel8yA+IKXIpcOl16W5ID4gpdGpYKWrqWA=,ob7LzcHPn2/Bz6G/VValq6XDpcggpdGpYKWrqWAgpeylx6WjqWCluSCl7aXzpbCl6aXDpbel5aWsqWClycuu18Ugn2+12CCxocrWIKXtpfOlsNXJINfPzeK+gIydst8gpdWpYKXJINa40aikoqStpbilw6XXpaKlw6XXIMvZx6wgv8mQ26SkIM/EIKXppcOlt6XlpdGpYKWrqWA=,oe9VVqWrpcOlyCCl6aXDpbel5aWsqWClySCl0algpaupYA==,PGRpdiBzdHlsZT0id2lkdGg6NzAwcHg7IG1hcmdpbjowOyBwYWRkaW5nOjA7Ij4KCjxwIHN0eWxlPSJ0ZXh0LWFsaWduOmNlbnRlcjsgbWFyZ2luOjA7IHBhZGRpbmc6MDsiPgo8aW1nIHNyYz0iaHR0cHM6Ly9pbWFnZS5yYWt1dGVuLmNvLmpwL2UtdGltZXMvY2FiaW5ldC9nLWZhc2hpb24vc3dpbXdlYXIvc3dpbS0yNS0wMS5qcGciIAphbHQ9IqXspcelo6lgpbkgVValq6XDpcggpemlw6W3peWlrKlgpckgpdGpYKWrqWAiCndpZHRoPSI3MDAiIGhlaWdodD0iMTEwMCIgLz4KPC9wPgoKPHAgc3R5bGU9InRleHQtYWxpZ246Y2VudGVyOyBtYXJnaW46MTVweCAwIDVweCAwOyBwYWRkaW5nOjA7Zm9udC1zaXplOjE0cHg7IGZvbnQtd2VpZ2h0OmJvbGQ7IGNvbG9yOiM2NjY7Ij4KU3dpbXdlYXIgPGJyIC8+ClVWpaulw6XIIKXppcOlt6XlpaypYKXJIKXRqWClq6lgINa40aikoqStCjwvcD4KCjxwIHN0eWxlPSJ0ZXh0LWFsaWduOmNlbnRlcjsgbWFyZ2luOjA7IHBhZGRpbmc6MDsiPgo8aW1nIHNyYz0iaHR0cHM6Ly9pbWFnZS5yYWt1dGVuLmNvLmpwL2UtdGltZXMvY2FiaW5ldC9nLWZhc2hpb24vc3dpbXdlYXIvc3dpbS0yNS0wMjAxLmpwZyIgCmFsdD0ipeylx6WjqWCluSBVVqWrpcOlyCCl6aXDpbel5aWsqWClySCl0algpaupYCIKd2lkdGg9IjcwMCIgaGVpZ2h0PSIxMjAwIiAvPgo8aW1nIHNyYz0iaHR0cHM6Ly9pbWFnZS5yYWt1dGVuLmNvLmpwL2UtdGltZXMvY2FiaW5ldC9nLWZhc2hpb24vc3dpbXdlYXIvc3dpbS0yNS0wMjAyLmpwZyIgCmFsdD0ipeylx6WjqWCluSBVVqWrpcOlyCCl6aXDpbel5aWsqWClySCl0algpaupYCIKd2lkdGg9IjcwMCIgaGVpZ2h0PSI3MDAiIC8+CjwvcD4KCjxwIHN0eWxlPSJ0ZXh0LWFsaWduOmNlbnRlcjsgbWFyZ2luOjE1cHggMCAwIDA7IHBhZGRpbmc6MDsiPgo8aW1nIHNyYz0iaHR0cHM6Ly9pbWFnZS5yYWt1dGVuLmNvLmpwL2UtdGltZXMvY2FiaW5ldC9nLWZhc2hpb24vc3dpbXdlYXIvc3dpbS0yNS0wMzAxLmpwZyIgCmFsdD0ipeylx6WjqWCluSBVVqWrpcOlyCCl6aXDpbel5aWsqWClySCl0algpaupYCIKd2lkdGg9IjcwMCIgaGVpZ2h0PSIxMDUwIiAvPgo8aW1nIHNyYz0iaHR0cHM6Ly9pbWFnZS5yYWt1dGVuLmNvLmpwL2UtdGltZXMvY2FiaW5ldC9nLWZhc2hpb24vc3dpbXdlYXIvc3dpbS0yNS0wMzAyLmpwZyIgCmFsdD0ipeylx6WjqWCluSBVVqWrpcOlyCCl6aXDpbel5aWsqWClySCl0algpaupYCIKd2lkdGg9IjcwMCIgaGVpZ2h0PSIxMTUwIiAvPgo8L3A+CgoKPHAgc3R5bGU9InRleHQtYWxpZ246Y2VudGVyOyBtYXJnaW46MTVweCAwIDAgMDsgcGFkZGluZzowOyI+CjxpbWcgc3JjPSJodHRwczovL2ltYWdlLnJha3V0ZW4uY28uanAvZS10aW1lcy9jYWJpbmV0L2ctZmFzaGlvbi9zd2ltd2Vhci9zd2ltLTI1LTA0MDEuanBnIiAKYWx0PSKl7KXHpaOpYKW5IFVWpaulw6XIIKXppcOlt6XlpaypYKXJIKXRqWClq6lgIgp3aWR0aD0iNzAwIiBoZWlnaHQ9IjkwMCIgLz4KPGltZyBzcmM9Imh0dHBzOi8vaW1hZ2UucmFrdXRlbi5jby5qcC9lLXRpbWVzL2NhYmluZXQvZy1mYXNoaW9uL3N3aW13ZWFyL3N3aW0tMjUtMDQwMi5qcGciIAphbHQ9IqXspcelo6lgpbkgVValq6XDpcggpemlw6W3peWlrKlgpckgpdGpYKWrqWAiCndpZHRoPSI3MDAiIGhlaWdodD0iOTAwIiAvPgo8L3A+CjwvZGl2PgoKPGRpdiBzdHlsZT0id2lkdGg6NzAwcHg7IG1hcmdpbjoxNXB4IDAgMCAwOyBwYWRkaW5nOjVweCAwOyBiYWNrZ3JvdW5kLWNvbG9yOiNkNWQ1ZDU7Ij4KPHRhYmxlIHN0eWxlPSIgd2lkdGg6NjkwcHg7IG1hcmdpbjowIDAgMCA1cHg7IHBhZGRpbmc6MDsgYm9yZGVyOnNvbGlkIDFweCAjY2NjOyBiYWNrZ3JvdW5kLWNvbG9yOiNmZmY7IiAKYm9yZGVyPSIwIiBjZWxsc3BhY2luZz0iOCIgc3VtbWFyeT0i6XbfQqWipaSlxqXgvUK96SI+Cgo8dHI+Cjx0ZCBzdHlsZT0ibWFyZ2luOjA7IHBhZGRpbmc6MDsiPgo8YSBocmVmPSJodHRwczovL2l0ZW0ucmFrdXRlbi5jby5qcC9lLXRpbWVzL3Ryb3ZlLyI+CjxpbWcgc3JjPSJodHRwczovL2ltYWdlLnJha3V0ZW4uY28uanAvZS10aW1lcy9jYWJpbmV0L3RlbXBsYXRlL2Jhbm5lci90cm92ZS1iMDEuanBnIiAKd2lkdGg9IjMzMCIgaGVpZ2h0PSI4MCIgc3R5bGU9ImJvcmRlcjpub25lOyB2ZXJ0aWNhbC1hbGlnbjptaWRkbGU7IiAvPgo8L2E+CjwvdGQ+Cgo8dGQgc3R5bGU9Im1hcmdpbjowOyBwYWRkaW5nOjA7Ij4KPGEgaHJlZj0iaHR0cHM6Ly9pdGVtLnJha3V0ZW4uY28uanAvZS10aW1lcy9jLzAwMDAwMDAxNDAvIj4KPGltZyBzcmM9Imh0dHBzOi8vaW1hZ2UucmFrdXRlbi5jby5qcC9lLXRpbWVzL2NhYmluZXQvdGVtcGxhdGUvYmFubmVyL2hhd2FpaS1iMDEuanBnIiAKd2lkdGg9IjMzMCIgaGVpZ2h0PSI4MCIgc3R5bGU9ImJvcmRlcjpub25lOyB2ZXJ0aWNhbC1hbGlnbjptaWRkbGU7IiAvPgo8L2E+CjwvdGQ+CjwvdHI+Cgo8dHI+Cjx0ZCBzdHlsZT0ibWFyZ2luOjA7IHBhZGRpbmc6MDsiPgo8YSBocmVmPSJodHRwczovL2l0ZW0ucmFrdXRlbi5jby5qcC9lLXRpbWVzL2MvMDAwMDAwMDMxMy8iPgo8aW1nIHNyYz0iaHR0cHM6Ly9pbWFnZS5yYWt1dGVuLmNvLmpwL2UtdGltZXMvY2FiaW5ldC90ZW1wbGF0ZS9iYW5uZXIvbnljaGF0LWdiLTAxLmpwZyIgCndpZHRoPSIzMzAiIGhlaWdodD0iODAiIHN0eWxlPSJib3JkZXI6bm9uZTsgdmVydGljYWwtYWxpZ246bWlkZGxlOyIgLz4KPC9hPgo8L3RkPgoKPHRkIHN0eWxlPSJtYXJnaW46MDsgcGFkZGluZzowOyI+CjxhIGhyZWY9Imh0dHBzOi8vaXRlbS5yYWt1dGVuLmNvLmpwL2UtdGltZXMvYy8wMDAwMDAwMTU0LyI+CjxpbWcgc3JjPSJodHRwczovL2ltYWdlLnJha3V0ZW4uY28uanAvZS10aW1lcy9jYWJpbmV0L3RlbXBsYXRlL2Jhbm5lci9sYW5pLWIwMS5qcGciIAphbHQ9IiIgCndpZHRoPSIzMzAiIGhlaWdodD0iODAiIHN0eWxlPSJib3JkZXI6bm9uZTsgdmVydGljYWwtYWxpZ246bWlkZGxlOyIgLz4KPC9hPgo8L3RkPgo8L3RyPgoKPC90YWJsZT4KPC9kaXY+Cgo8ZGl2IGNsYXNzPSJnb29kcy10YWJsZTAxIj4KPHRhYmxlIHN0eWxlPSJtYXJnaW46MTVweCAwIDAgMDsgcGFkZGluZzowOyBmb250LXNpemU6MTNweDsgIgogd2lkdGg9IjcwMCIgYm9yZGVyPSIwIiBjZWxsc3BhY2luZz0iMyIgCnN1bW1hcnk9IlN3aW13ZWFyob6luaWkpeClpqWnpaKhvyI+Cgo8dHI+Cjx0aCBjbGFzcz0idG9wMDEiIGNvbHNwYW49IjIiIHN0eWxlPSJwYWRkaW5nOjNweDsgZm9udC1zaXplOjE0cHg7IGNvbG9yOiNmZmY7IGJhY2tncm91bmQtY29sb3I6IzRkNGQ0ZDsiPgrJzMa3vUK96Qo8L3RoPgo8L3RyPgoKPHRyPgo8dGggY2xhc3M9InRoMDEiIHN0eWxlPSJ3aWR0aDoxMDBweDsgcGFkZGluZzozcHg7IGJhY2tncm91bmQtY29sb3I6I2Q1ZDVkNTsiPgql1qXppfOlyQo8L3RoPgo8dGQgc3R5bGU9ImJvcmRlcjpzb2xpZCAxcHggIzk5OTsgcGFkZGluZzoycHg7Ij4KPGEgaHJlZj0iaHR0cHM6Ly9pdGVtLnJha3V0ZW4uY28uanAvZS10aW1lcy9jLzAwMDAwMDAyODcvIj4KU3dpbXdlYXKhvqW5paSl4KWmpaeloqG/CjwvYT4KPC90ZD4KPC90cj4KCjx0cj4KPHRoIGNsYXNzPSJ0aDAyIiBzdHlsZT0id2lkdGg6MTAwcHg7IHBhZGRpbmc6M3B4OyBiYWNrZ3JvdW5kLWNvbG9yOiM5OTk7Ij4KyczGt8P7CjwvdGg+Cjx0ZCBzdHlsZT0iYm9yZGVyOnNvbGlkIDFweCAjOTk5OyBwYWRkaW5nOjJweDsiPgpTd2ltd2VhciA8YnIgLz4KVValq6XDpcggpemlw6W3peWlrKlgpckgpdGpYKWrqWAg1rjRqKSipK0KPC90ZD4KPC90cj4KCgo8dHI+Cjx0aCBjbGFzcz0idGgwMSIgc3R5bGU9IndpZHRoOjEwMHB4OyBwYWRkaW5nOjNweDsgYmFja2dyb3VuZC1jb2xvcjojZDVkNWQ1OyI+yczGt71CvekKPC90aD4KPHRkIHN0eWxlPSJib3JkZXI6c29saWQgMXB4ICM5OTk7IHBhZGRpbmc6MnB4OyI+CsjVsu6kt6Tk1dWk6re1pLekzo+KpKSl06lgpcGky7HY7ZqjoaXfpcul76XzpdSpYKW5pN+kv6SkpMql6aXDpbel5aWsqWClyaGjPGJyIC8+Csuu18XJ+rXYpMqkzqTHx6ykraTkpLmkr6Gi18/N4r6ApOKlq6XDpcikt6TGpK+k7KTrg57Q46TKpaKlpKXGpeCkx6S5oaM8YnIgLz4KpaKpYKXgpaul0KlgpM6k6KSmpMuhotDkpMvTSNa4pPLNqKS50aikrOlfpKSkxqSkpOukzqTHoaI8YnIgLz4KytakziKkpqTDpKuk6p+GpLEipOK3wNa5pLekxqSvpOyk3qS5oaM8YnIgLz4KzOXQzaTOmt2ky6TKpOu3vaTOIszl0M2lq6XQqWAipMikt6TGpOKlqqW5pbml4T88YnIgLz4K0fykzrK/t9akrKXSpeKkx71npOyk66TOpMehoqWmpailuaXIpd6pYKWvpMukt6TGpOKlqqW3peOl7KTHpLmhozxiciAvPgql0KXEpbCl86TOpbWl6aW1pemkzsn6tdikz6GiPGJyIC8+CqXTqWClwaTHpOLQxLXYwbykr7yhpPLK2KTDpMakr6TspN6kuaGjCjwvdGQ+CjwvdHI+Cgo8dHI+Cjx0aCBjbGFzcz0idGgwMiIgc3R5bGU9IndpZHRoOjEwMHB4OyBwYWRkaW5nOjNweDsgYmFja2dyb3VuZC1jb2xvcjojOTk5OyI+CsvYssQKPC90aD4KPHRkIHN0eWxlPSJib3JkZXI6c29saWQgMXB4ICM5OTk7IHBhZGRpbmc6MnB4OyI+CqXdpeqlqKW5pcal66O6ODIlPGJyIC8+CqXdpeqlpqXspb+l86O6MTglPGJyIC8+CtbQufrRdQo8L3RkPgo8L3RyPgoKPHRyPgo8dGggY2xhc3M9InRoMDEiIHN0eWxlPSJ3aWR0aDoxMDBweDsgcGFkZGluZzozcHg7ICBiYWNrZ3JvdW5kLWNvbG9yOiNkNWQ1ZDU7Ij4KpbWlpKW6CjwvdGg+Cjx0ZCBzdHlsZT0iYm9yZGVyOnNvbGlkIDFweCAjOTk5OyBwYWRkaW5nOjJweDsiPgoKPHRhYmxlIHN0eWxlPSJmb250LXNpemU6MWVtOyBtYXJnaW46MDsgcGFkZGluZzowOiIgd2lkdGg9IjU3NSIKYm9yZGVyPSIwImNlbGxzcGFjaW5nPSIzIiAKc3VtbWFyeT0iU3dpbXdlYXKhvqW5paSl4KWmpaeloqG/Ij4KCjx0cj4KPHRoIGNsYXNzPSJ0b3AwMSIgY29sc3Bhbj0iNCIgc3R5bGU9ImNvbG9yOiNmZmY7IGJhY2tncm91bmQtY29sb3I6IzRkNGQ0ZDsiPgqltaWkpbqx7Qo8L3RoPgo8L3RyPgoKPHRyPgo8dGggY2xhc3M9InRoMDEiIHN0eWxlPSJ3aWR0aDoxMDBweDsgcGFkZGluZzozcHg7IGJhY2tncm91bmQtY29sb3I6I2Q1ZDVkNTsiPrHt05ultaWkpbo8L3RoPgo8dGggY2xhc3M9InRoMDEiIHN0eWxlPSJ3aWR0aDoxMDBweDsgcGFkZGluZzozcHg7IGJhY2tncm91bmQtY29sb3I6I2Q1ZDVkNTsiPtfF1ck8L3RoPgo8dGggY2xhc3M9InRoMDEiIHN0eWxlPSJ3aWR0aDoxMDBweDsgcGFkZGluZzozcHg7IGJhY2tncm91bmQtY29sb3I6I2Q1ZDVkNTsiPsntt/k8L3RoPgo8dGggY2xhc3M9InRoMDEiIHN0eWxlPSJ3aWR0aDoxMDBweDsgcGFkZGluZzozcHg7IGJhY2tncm91bmQtY29sb3I6I2Q1ZDVkNTsiPtFS1ckopdWpYKXJpM64tqSxuPmkq6TpKTwvdGg+CjwvdHI+Cgo8dHI+Cjx0ZCBzdHlsZT0iYm9yZGVyOnNvbGlkIDFweCAjOTk5OyBwYWRkaW5nOjJweDsiPk2ltaWkpbo8L3RkPgo8dGQgc3R5bGU9ImJvcmRlcjpzb2xpZCAxcHggIzk5OTsgcGFkZGluZzoycHg7Ij43NGNtPC90ZD4KPHRkIHN0eWxlPSJib3JkZXI6c29saWQgMXB4ICM5OTk7IHBhZGRpbmc6MnB4OyI+NDNjbTwvdGQ+Cjx0ZCBzdHlsZT0iYm9yZGVyOnNvbGlkIDFweCAjOTk5OyBwYWRkaW5nOjJweDsiPjY4Y208L3RkPgo8L3RyPgoKPHRyPgo8dGQgc3R5bGU9ImJvcmRlcjpzb2xpZCAxcHggIzk5OTsgcGFkZGluZzoycHg7Ij5MpbWlpKW6PC90ZD4KPHRkIHN0eWxlPSJib3JkZXI6c29saWQgMXB4ICM5OTk7IHBhZGRpbmc6MnB4OyI+NzZjbTwvdGQ+Cjx0ZCBzdHlsZT0iYm9yZGVyOnNvbGlkIDFweCAjOTk5OyBwYWRkaW5nOjJweDsiPjQ2Y208L3RkPgo8dGQgc3R5bGU9ImJvcmRlcjpzb2xpZCAxcHggIzk5OTsgcGFkZGluZzoycHg7Ij42OWNtPC90ZD4KPC90cj4KPC90YWJsZT4KPCEtLaW1paSlurHtLS0+CqW1paSluqTPxr3Ww6StP6Xhpbil46lgpMekzpLxtOekx6S5pM6kx8j0uMmkztVgsu6krMn6pLik64j2us+krKSipOqk3qS5oaMKPC90ZD4KPC90cj4KCjx0cj4KPHRoIGNsYXNzPSJ0aDAyIiBzdHlsZT0id2lkdGg6MTAwcHg7IHBhZGRpbmc6M3B4OyBiYWNrZ3JvdW5kLWNvbG9yOiM5OTk7Ij4KofmktNei0uIKPC90aD4KPHRkIHN0eWxlPSJib3JkZXI6c29saWQgMXB4ICM5OTk7IHBhZGRpbmc6MnB4OyI+CqH5pLTKudPDx7Cky7P1xtqyu8G8pKykyqSkpKu1yKTypLS0X9VKpM6kpqSooaKktNSH18Wkr6TApLWkpKTepLuhozxiciAvPgqh+dF11Oy5pLPMyc+horH6pM7Ou9bDpOSltaWkpbqkrNK7pMTSu6TEyPS4ya6QpMqk64j2us+krKSipOqk3qS5oaM8YnIgLz4KofmlpKXzpd2pYKXIxrekx6S5pM6kx6GiuqPN4qSrpOmkzt2UyOvW0KTLpMSkr6GivJqkq6TKm0Gk7D+lraW6P6Wvpbu4tqStpMqkyaGiPGJyIC8+CqTepL+hor9w0XWk5Lyasr+kzsrLyc+krKTqpKykoqTepKSI9rrPpKykoqTqpN6kuaGjPGJyIC8+CqH5yczGt6TOysuYlKTPyfquYrmkiPY/yfquYpVyxtqky6TopOqukKTKpOuI9rrPpKyktKS2pKSk3qS5oaM8YnIgLz4K0tTJz6TLpMSkraTepLekxqTPpeGpYKWrqWCkx8G8xrekyKS3pMbB982opLekxqSkpOuk4qTOpMukyqTqpN6kuaTOpMehojxiciAvPgrKudPDpMuGlu59pKykyqSkz96k6qGit7XGt6TOjJ3P86TIpM+kyqTqpN6ku6TzpM6kx6S0wcuz0KSvpMCktaSkoaM8YnIgLz4Kofm7rcPmyc+kzsmrpM+l0aW9pbOl86TOrWi+s6Tkpcelo6W5pdel7KWkpM7UT7aopMuk6KTqoaKMZ87vpMikz66QpMqk64j2us+krKSipOqk3qS5oaM8YnIgLz4K0tTJz6TOteOky6S0wcuz0KTOyc+ktNeizsTPwqS1pKSk3qS7oaMKPC90ZD4KPC90cj4KCjwvdGFibGU+Cgo8L2Rpdj4KPGRpdiBzdHlsZT0ibWFyZ2luOjE1cHggMCAxNXB4IDA7IHBhZGRpbmc6MDsiPgo8aWZyYW1lIHNyYz0iaHR0cHM6Ly93d3cucmFrdXRlbi5uZS5qcC9nb2xkL2UtdGltZXMvZ29vZHMtaWZyYW1lL2dvb2RzLWJhbm5lci9zd2ltd2Vhci0wMS5odG1sIgogZnJhbWVib3JkZXI9IjAiIHNjcm9sbGluZz0ibm8iIG1hcmdpbndpZHRoPSIwIiBtYXJnaW5oZWlnaHQ9IjAiCiB0aXRsZT0iU3dpbXdlYXIgKKW5paSl4KWmpaeloikgzNi8ryIKIHdpZHRoPSI3MDAiIGhlaWdodD0iMjA3NSI+CqSzpM6yv7fWpM+lpKXzpemlpKXzpdWl7KlgpeCk8sq508Okt6TGpKSk3qS5oaMKPC9pZnJhbWU+CjwvZGl2PjxkaXYgaWQ9Z29vZHMtaW5mby1pZnJhbWU+PC9kaXY+PGRpdiBpZD0icmFua2luZy1pZnJhbWUtdG9wIj4KCjwvZGl2PgoKPHAgbmFtZT0ibWFpbGJpbiIgc3R5bGU9Im1hcmdpbjoxNXB4IDAgMCAwOyBwYWRkaW5nOjA7Ij4KPGltZyBzcmM9Imh0dHA6Ly9pbWFnZS5yYWt1dGVuLmNvLmpwL2UtdGltZXMvY2FiaW5ldC90ZW1wbGF0ZS9pbmZvL21haWxiaW4tZTAyLmpwZyIgCmFsdD0ipeGpYKXrseMgy83Bz59vwc8gjJ3P88nMxreky6TEpKSkxiIgCndpZHRoPSI3MDAiIGhlaWdodD0iMzA1IiAvPgo8L3A+Cgo8cCBzdHlsZT0ibWFyZ2luOjE1cHggMCAwIDA7IHBhZGRpbmc6MDsiPgo8aW1nIHNyYz0iaHR0cDovL3d3dy5yYWt1dGVuLm5lLmpwL2dvbGQvZS10aW1lcy9pbWFnZS9nb29kcy1pbmZvL3lveWFrdS0wMS5naWYiIAphbHQ9ItPovHPJzMa3pMukxKSkpMYiIAp3aWR0aD0iNzAwIiBoZWlnaHQ9IjU3MCIgLz4KPC9wPgoKPCEtLbx7xtrH6YjzLS0+Cgo8c3R5bGUgVFlQRT0idGV4dC9jc3MiPgo8IS0tCnRkLmludmVudG9yeSBmb250e2ZvbnQtc2l6ZToxMHB4O2NvbG9yOiM2NjY2NjY7fQoKLS0+Cjwvc3R5bGU+,ob7LzcHPn2/Bz6G/VValq6XDpcggpdGpYKWrqWAgpeylx6WjqWCluSCl7aXzpbCl6aXDpbel5aWsqWClycuu18Ugn2+12CCxocrWIKXtpfOlsNXJINfPzeK+gIydst8gpdWpYKXJINa40aikoqStpbilw6XXpaKlw6XXIMvZx6wgv8mQ26SkIM/EIKXppcOlt6XlpdGpYKWrqWCjuqWkqWClv6WkpeCluQ==,paSpYKW/paSl4KW5RS1USU1FU6WqpfOl6aWkpfOlt6XnpcOl182o2Jyl7KXHpaOpYKW5pdWloaXDpbel56XzpaSl86XdqWClyKXZpdOpYNPDxrehvsvNwc+fb8HPob9VVqWrpcOlyCCl0algpaupYCCl7KXHpaOpYKW5IKXtpfOlsKXppcOlt6XlpaypYKXJy67XxSCfb7XYILGhytYgpe2l86Ww1ckg18/N4r6AjJ2y3yCl1algpckg1rjRqKSipK2luKXDpdeloqXDpdcgy9nHrCC/yZDbpKQgz8Qgpemlw6W3peWl0algpaupYA==,oe9VVqWrpcOlyCCl6aXDpbel5aWsqWClySCl0algpaupYKGjob7LzcHPn2/Bz6G/VValq6XDpcggpdGpYKWrqWAgpeylx6WjqWCluSCl7aXzpbCl6aXDpbel5aWsqWClycuu18Ugn2+12CCxocrWIKXtpfOlsNXJINfPzeK+gIydst8gpdWpYKXJINa40aikoqStpbilw6XXpaKlw6XXIMvZx6wgv8mQ26SkIM/EIKXppcOlt6XlpdGpYKWrqWA=[rn]
31-77539,aHR0cDovL3RzaG9wLnIxMHMuanAvc2ludG9yZXVzZS9jYWJpbmV0LzAxOTIwMTcwMjI0LzAxOS0yMDE3MDIyNDE0MTVfMS5qcGc/Zml0aW49NzAwOjcwMA==,NDE4LjQwMDA=,,peylx6WjqWCluaXVpaGlw6W3peel8yA+IKXIpcOl16W5ID4gpdGpYKWrqWA=,zrTKudPDxrcg0MLGtyBGTElQIEpBQ0tTT04gRkFSTUVSUyC+ZKXdpeq77CCl16XrpaqpYKXQqWAgpdGpYKWrIKWkpfOlx6WjpbQgUyC0usfvIKXspcelo6lgpbkgob7W0LnFob+hvqXZpa+lyKXrILnF18WhvyAxNzAyMjQgpdmlr6XIpeuhodDCtryl6qXmqWCluQ==,,PGRpdiBpZD0idmVjX2NvbnRlbnQiPjxoMT7OtMq508PGtyDQwsa3IEZMSVAgSkFDS1NPTiBGQVJNRVJTIL5kpd2l6rvsIKXXpeulqqlgpdCpYCCl0algpasgpaSl86XHpaOltCBTILS6x+8gpeylx6WjqWCluSChvtbQucWhv6G+pdmlr6XIpesgucXXxaG/IDE3MDIyNCCl2aWvpcil66Gh0MK2vKXqpeapYKW5PC9oMT48aHI+PGRpdiBjbGFzcz0ic2VjdGlvbl8wMSI+PGltZyBzcmM9Imh0dHA6Ly9pbWFnZS5yYWt1dGVuLmNvLmpwL3NpbnRvcmV1c2UvY2FiaW5ldC8wMTkyMDE3MDIyNC8wMTktMjAxNzAyMjQxNDE1XzEuanBnIiBhbHQ9IiIgPjwvZGl2PjxkaXYgY2xhc3M9InNlY3Rpb25fMDIiPjxkaXYgY2xhc3M9ImxlZnQiPjxpbWcgc3JjPSJodHRwOi8vaW1hZ2UucmFrdXRlbi5jby5qcC9zaW50b3JldXNlL2NhYmluZXQvMDE5MjAxNzAyMjQvMDE5LTIwMTcwMjI0MTQxNV8yLmpwZyIgYWx0PSIiICB3aWR0aD0iMzkwIiA+PGltZyBzcmM9Imh0dHA6Ly9pbWFnZS5yYWt1dGVuLmNvLmpwL3NpbnRvcmV1c2UvY2FiaW5ldC8wMTkyMDE3MDIyNC8wMTktMjAxNzAyMjQxNDE1XzMuanBnIiBhbHQ9IiIgIHdpZHRoPSIzOTAiID48L2Rpdj48ZGl2IGNsYXNzPSJyaWdodCI+PGRpdiBjbGFzcz0iY29uZGl0aW9uIj48ZGl2IGNsYXNzPSJyYW5rIj48ZGl2IGNsYXNzPSJpbWFnZSI+PGltZyBzcmM9Imh0dHA6Ly9pbWFnZS5yYWt1dGVuLmNvLmpwL3NpbnRvcmV1c2UvY2FiaW5ldC9wYXJ0cy9pdGVtX3JhbmsvYmlnX24uanBnIiBhbHQ9IiI+PC9kaXY+PGRpdiBjbGFzcz0idGV4dCI+PGg0Pte0kUKl6aXzpa+hoaGxTqGxPC9oND48cD7UlLyapMukxKSkpMakz6Giz8LTm6SqpOik06G417SRQqXppfOlr6TLpMSkpKTGobml2qlgpbik8qS000Wkr6TApLWkpKGjPC9wPjwvZGl2PjwvZGl2PjxkaXYgc3R5bGU9ImNsZWFyOmJvdGg7Ij48L2Rpdj48dWw+PGxpIGNsYXNzPSJjb25kaXRpb25fbiBhY3RpdmUiPs60yrnTwz/Qwsa3pM7JzMa3PC9saT48bGkgY2xhc3M9ImNvbmRpdGlvbl9zIj6k26Tc0MLGt82smJSkzsnMxrc8L2xpPjxsaSBjbGFzcz0iY29uZGl0aW9uX2EiPsq508O40KSsydmkyqSvoaKkq6TKpOrXtJFCpM7BvKSkyczGtzwvbGk+PGxpIGNsYXNzPSJjb25kaXRpb25fYiI+yrnTw7jQpM+koqTrpKyhooL7pOSbQaTspM7J2aTKpKTJzMa3PC9saT48bGkgY2xhc3M9ImNvbmRpdGlvbl9jIj7KudPDuNCkzsv7oaKC+6Tkm0Gk7KSs0oqk6aTspOvJzMa3PC9saT48bGkgY2xhc3M9ImNvbmRpdGlvbl9kIj6kq6TKpOq086StpMqC+6TfpKykoqTr63mkoqTqyczGtzwvbGk+PC91bD48cCBjbGFzcz0iY2F1dGlvbiI+oflToatDpeml86WvpM9VU0VExrekyKTKpOqk3qS5pM6kx6GiyrnTw7jQpPKktMDtveKkzsnPpMektMjr1P3PwqS1pKShozwvcD48ZGl2IGNsYXNzPSJhYm91dCI+PGEgaHJlZj0iaHR0cDovL3d3dy5yYWt1dGVuLm5lLmpwL2dvbGQvdmVjdG9ycHJlbWl1bS9qX3JhbmsuaHRtbCIgdGFyZ2V0PSJfYmxhbmsiPte0kUKl6aXzpa+ky6TEpKSkxjwvYT48L2Rpdj48L2Rpdj48ZGl2IGNsYXNzPSJpbmZvIj48aDM+aW5mb3JtYXRpb248L2gzPjx0YWJsZT48Y29sZ3JvdXA+PGNvbCBzdHlsZT0id2lkdGg6IDI1JTsiPjxjb2w+PC9jb2xncm91cD48dGJvZHk+PHRyPjx0aD6x7dObpbWlpKW6PC90aD48dGQ+UzwvdGQ+PC90cj48dHI+PHRoPoxntOeltaWkpbo8L3RoPjx0ZD6857f5o7ozN2NtoaHJ7bf5o7o0M2NtoaHXxdXJo7o2MGNtoaHQ5NXJo7o1NmNtoaGhoTwvdGQ+PC90cj48dHI+PHRoPsvYssQ8L3RoPjx0ZD6ls6XDpcil8zYwo6Ugpd2l6qWopbmlxqXrMzijpSClqKXppbmlwaXzMqOlPGJyIC8+CqS9pM7L+6Ghpd2l6qWopbmlxqXrMTAwo6U8L3RkPjwvdHI+PHRyPjx0aD7JqzwvdGg+PHRkPqWkpfOlx6WjpbQ8L3RkPjwvdHI+PHRyPjx0aD7XtJFCPC90aD48dGQ+0MLGt6THpLmho9DCxrelv6WwpMSkraTHpLmhozwvdGQ+PC90cj48dHI+PHRoPoLkv7w8L3RoPjx0ZD6h+aSzpMGk6aTOyczGt6TPjGe16sVupMexo7ncpLekxqSqpOqk3qS7pPOkzqTHoaK16u5epMukxqS000WkpKS/pMCkr6SzpMikrKTHpK2k3qS7pPOho6GhpN6kv6GipLTZfIaWpPLtlKSkpL/rSKGit7W08KTLpKqVculnpPLtlKStpN6kuaSspKKk6aSrpLik4aS0wcuz0KSvpMCktaSkoaM8L3RkPjwvdHI+PC90Ym9keT48L3RhYmxlPjxkaXY+yczGt6TOpKqGlqSkus+k76S7pM672LTwpPLQ3da5pLekxqSqpOqk3qS5oaOjqrj3yczGt6XaqWCluKTOyczGt9SUvJq1yKTypLS0X9VKpM7Jz6S02Y/I66SvpMCktaSkoaM8L2Rpdj48ZGl2IGNsYXNzPSJjYXV0aW9uIj48aDM+sb7JzMa3pM/Su7Xjzu+kx6S5PC9oMz48cD7L+6W1paSlyKTkterFbqTLpMbYnInTpLekxqSkpOvJzMa3pMekuaGjtuDJ2aTOpKqVculnsu6ky6TGx7fGt6TLpMqk66SzpMik4qS0pLakpKTepLmho9PopOGktMHLs9DtlKTepLmk6KSmpKruiqSk1sKkt6TepLmhozwvcD48L2Rpdj48ZGl2IGNsYXNzPSJhYm91dCI+PGEgIGhyZWY9Imh0dHA6Ly93d3cucmFrdXRlbi5uZS5qcC9nb2xkL3ZlY3RvcnByZW1pdW0vc2l6ZWd1aWRlLmh0bWwiIHRhcmdldD0iX2JsYW5rIj6l2aWvpcil6z+ltaWkpbqlrKWkpcmkz6SzpMGk6TwvYT48L2Rpdj48L2Rpdj48L2Rpdj48L2Rpdj48ZGl2IGNsYXNzPSJzZWN0aW9uXzAzIj48ZGl2IGNsYXNzPSJyb3ciPjxkaXYgY2xhc3M9ImxlZnQiPjwvZGl2PjxkaXYgY2xhc3M9InJpZ2h0Ij48L2Rpdj48L2Rpdj48ZGl2IGNsYXNzPSJyb3ciPjxkaXYgY2xhc3M9ImxlZnQiPjwvZGl2PjxkaXYgY2xhc3M9InJpZ2h0Ij48L2Rpdj48L2Rpdj48ZGl2IGNsYXNzPSJyb3ciPjxkaXYgY2xhc3M9ImxlZnQiPjwvZGl2PjxkaXYgY2xhc3M9InJpZ2h0Ij48L2Rpdj48L2Rpdj48ZGl2IHN0eWxlPSJjbGVhcjpib3RoOyI+PC9kaXY+PGRpdiBjbGFzcz0iYnRuIj48YSBocmVmPSIjIj6ks6TOyczGt6TIzaykuKXWpeml86XJpM7JzMa3pPLSiqTrPC9hPjwvZGl2PjwvZGl2PjxkaXYgY2xhc3M9InNlY3Rpb25fMDQiPjxpbWcgc3JjPSJodHRwOi8vaW1hZ2UucmFrdXRlbi5jby5qcC9zaW50b3JldXNlL2NhYmluZXQvcGFydHMvYXR0ZW50aW9uLmpwZyIgYWx0PSJBVFRFTlRJT04gpdmlr6XIpeukq6TppM6kqtaqpOmkuyI+PC9kaXY+PC9kaXY+PGhyPjxkaXYgaWQ9InZlY19jb250ZW50IiBjbGFzcz0idW5kZXIiPjxwIGNsYXNzPSJwcm9kdWN0X25hbWUiPs60yrnTw8a3INDCxrcgRkxJUCBKQUNLU09OIEZBUk1FUlMgvmSl3aXqu+wgpdel66WqqWCl0KlgIKXRqWClqyClpKXzpcelo6W0IFMgtLrH7yCl7KXHpaOpYKW5IKG+1tC5xaG/ob6l2aWvpcil6yC5xdfFob8gMTcwMjI0IKXZpa+lyKXroaHQwra8peql5qlgpbk8L3A+PHRhYmxlPjxjb2xncm91cD48Y29sIHN0eWxlPSJ3aWR0aDogMjUlOyI+PGNvbD48L2NvbGdyb3VwPjx0cj48dGg+se3Tm6W1paSlujwvdGg+PHRkPlM8L3RkPjwvdHI+PHRyPjx0aD6MZ7TnpbWlpKW6PC90aD48dGQ+vOe3+aO6MzdjbaGhye23+aO6NDNjbaGh18XVyaO6NjBjbaGh0OTVyaO6NTZjbaGhoaE8L3RkPjwvdHI+PHRyPjx0aD7L2LLEPC90aD48dGQ+pbOlw6XIpfM2MKOlIKXdpeqlqKW5pcal6zM4o6Ugpail6aW5pcGl8zKjpTxiciAvPgqkvaTOy/uhoaXdpeqlqKW5pcal6zEwMKOlPC90ZD48L3RyPjx0cj48dGg+yas8L3RoPjx0ZD6lpKXzpcelo6W0PC90ZD48L3RyPjx0cj48dGg+17SRQjwvdGg+PHRkPtDCxrekx6S5oaPQwsa3pb+lsKTEpK2kx6S5oaM8L3RkPjwvdHI+PHRyPjx0aD6C5L+8PC90aD48dGQ+ofmks6TBpOmkzsnMxrekz4xnterFbqTHsaO53KS3pMakqqTqpN6ku6TzpM6kx6GiteruXqTLpMaktNNFpKSkv6TApK+ks6TIpKykx6StpN6ku6TzoaOhoaTepL+hoqS02XyGlqTy7ZSkpKS/60ihore1tPCky6SqlXLpZ6Ty7ZSkraTepLmkrKSipOmkq6S4pOGktMHLs9Ckr6TApLWkpKGjPC90ZD48L3RyPjwvdGFibGU+PGRpdj7JzMa3pM6kqoaWpKS6z6TvpLukzrvYtPCk8tDd1rmkt6TGpKqk6qTepLmho6OquPfJzMa3pdqpYKW4pM7JzMa31JS8mrXIpPKktLRf1UqkzsnPpLTZj8jrpK+kwKS1pKShozwvZGl2Pjxocj48L2Rpdj48ZGl2IGlkPSJtaWdpLSBvYmkiPjwvZGl2Pgo8c3R5bGUgdHlwZT0idGV4dC9jc3MiPgoKI21pZ2ktb2JpICogewogICAgICAgICAgICBtYXJnaW46IDA7CiAgICAgICAgICAgIHBhZGRpbmc6IDA7CiAgICAgICAgICAgIG91dGxpbmU6IDA7CiAgICAgICAgICAgIGJhY2tncm91bmQ6IHVybCgiaHR0cDovL3d3dy5yYWt1dGVuLm5lLmpwL2dvbGQvdmNzdGVwL2ltYWdlcy9ldmVudC9vYmlfMTAuanBnPzEiKSByZXBlYXQteSBsZWZ0IHRvcCA7CiAgICAgICAgICAgIH0KCiNtaWdpLW9iaSBhIHsKICAgICAgICAgICAgcG9zaXRpb246IGFic29sdXRlOwogICAgICAgICAgICB0b3A6IDBweDsKICAgICAgICAgICAgbGVmdDogMHB4OwogICAgICAgICAgICBoZWlnaHQ6IDMxMDBweDsvKqXaqWCluMirzOWkzrjfpLUqLwogICAgICAgICAgICB3aWR0aDogMTEwcHg7LyqOoaTOt/kqLwogICAgICAgICAgICB9CgoKLyrZSaSkzu+lq6W0pdylv6XzKi8KI3Jha3V0ZW5MaW1pdGVkSWRfYXJvdW5kQ2FydCBpbnB1dFt2YWx1ZT0i2UmkpM7vpKuktKTLyOuk7KTrIl0gewp3aWR0aDogMjYwcHg7CmhlaWdodDogNTBweDsKYmFja2dyb3VuZDogdXJsKGh0dHA6Ly93d3cucmFrdXRlbi5uZS5qcC9nb2xkL3NpbnRvcmV1c2UvaW1hZ2VzL2NvbW1vbi9jYXJ0LnBuZykgI2ZjZmNmYyBuby1yZXBlYXQ7Cm92ZXJmbG93OiBoaWRkZW47CmJvcmRlci13aWR0aDogMHB4OwpjdXJzb3I6IHBvaW50ZXIgIWltcG9ydGFudDsKdGV4dC1pbmRlbnQ6IDE1MCU7CndoaXRlLXNwYWNlOiBub3dyYXA7Cm1hcmdpbjogNXB4IDAgNXB4IC04cHg7Cn0KLyqktMD708OlrKWkpckqLwouY2FydF9ndWlkZSB7CmNvbG9yOiAjMzMzOwpmb250LXNpemU6IDEzcHg7CmxpbmUtaGVpZ2h0OiAxNTUlOwpib3JkZXItY29sbGFwc2U6IGNvbGxhcHNlOwp0YWJsZS1sYXlvdXQ6IGZpeGVkOwptYXJnaW4tYm90dG9tOiAyMHB4Owp9Ci8qpdClyqlgKi8KLnJvdyB7Cm92ZXJmbG93OiBoaWRkZW47CndpZHRoOiA3OTBweDsKbWFyZ2luLWJvdHRvbTogMTBweDsKfQoucm93IC5iYW5uZXJfbGVmdCB7CmZsb2F0OiBsZWZ0OwptYXJnaW4tbGVmdDogMTBweDsKfQoucm93IC5iYW5uZXJfcmlnaHQgewpmbG9hdDogcmlnaHQ7Cn0KPC9zdHlsZT4KCgoKPGRpdiBjbGFzcz0icm93Ij4KPGRpdiBjbGFzcz0iYmFubmVyX2xlZnQiPiAgPGltZyBzcmM9Imh0dHA6Ly93d3cucmFrdXRlbi5uZS5qcC9nb2xkL3NpbnRvcmV1c2UvaW1hZ2VzL2Jhbm5lci91bnVzZWRfaXRlbS5qcGciIGFsdD0i0MLGtz/OtMq508MiIHdpZHRoPSIzNzQiIGhlaWdodD0iNDgiIC8+IDwvZGl2Pgo8ZGl2IGNsYXNzPSJiYW5uZXJfcmlnaHQiPiAgPGltZyBzcmM9Imh0dHA6Ly93d3cucmFrdXRlbi5uZS5qcC9nb2xkL3NpbnRvcmV1c2UvaW1hZ2VzL3Nwcl9zdW0vYmFubmVyX3NwcmluZ19wYy5qcGciIGFsdD0iz8TO76XWpeml86XJucXXxc2o2JzM2LyvIiB3aWR0aD0iNDAwIiBoZWlnaHQ9IjQ4IiAvPiA8L2Rpdj4KPC9kaXY+CjxkaXYgY2xhc3M9InJvdyI+CjxkaXYgY2xhc3M9ImJhbm5lcl9sZWZ0Ij4gIDxpbWcgc3JjPSJodHRwOi8vd3d3LnJha3V0ZW4ubmUuanAvZ29sZC9zaW50b3JldXNlL2ltYWdlcy9iYW5uZXIvZ2VraXlhc3UtMS5qcGciIGFsdD0ivKSwsszYvK8iIHdpZHRoPSIzNzQiIGhlaWdodD0iNDgiIGJvcmRlcj0iMCIgLz4gPC9kaXY+CjxkaXYgY2xhc3M9ImJhbm5lcl9yaWdodCI+ICA8aW1nIHNyYz0iaHR0cDovL3d3dy5yYWt1dGVuLm5lLmpwL2dvbGQvc2ludG9yZXVzZS9pbWFnZXMvYmFubmVyL2JyYW5kX2Zlcy5qcGciIGFsdD0ipdal6aXzpcnM2LyvIiB3aWR0aD0iNDAwIiBoZWlnaHQ9IjQ4IiAvPiA8L2Rpdj4KPC9kaXY+Cgo8dGFibGUgd2lkdGg9Ijc5MCIgaGVpZ2h0PSI4MCIgYm9yZGVyPSIwIiBjZWxsc3BhY2luZz0iMCIgY2VsbHBhZGRpbmc9IjAiPgo8dHI+CiAgPHRkIGFsaWduPSJjZW50ZXIiIHZhbGlnbj0idG9wIj48aW1nIHNyYz0iaHR0cDovL3d3dy5yYWt1dGVuLm5lLmpwL2dvbGQvc2ludG9yZXVzZS9pbWFnZXMvZ3VpZGUvZ3VpZGVfYnRuLmpwZyIgLz48L3RkPgo8L3RyPgo8L3RhYmxlPgoKPHRhYmxlIHdpZHRoPSI3OTAiIGJvcmRlcj0iMCIgY2VsbHNwYWNpbmc9IjAiIGNlbGxwYWRkaW5nPSIwIiBiZ2NvbG9yPSIjZmZmZmZmIiBjbGFzcz0iY2FydF9ndWlkZSI+Cjx0cj4KICA8dGQgd2lkdGg9IjI1MCIgcm93c3Bhbj0iMyIgdmFsaWduPSJ0b3AiIGJnY29sb3I9IiNmNmY2ZjYiPjx0YWJsZSB3aWR0aD0iMjUwIiBib3JkZXI9IjAiIGNlbGxzcGFjaW5nPSIwIiBjZWxscGFkZGluZz0iMjIiPgo8dHIgYmdjb2xvcj0iI2ZmZmZmZiIgY2xhc3M9ImNhcnRfZ3VpZGUiPgo8dGQgcm93c3Bhbj0iMiIgdmFsaWduPSJ0b3AiIGJnY29sb3I9IiNmNmY2ZjYiPjxpbWcgc3JjPSJodHRwOi8vd3d3LnJha3V0ZW4ubmUuanAvZ29sZC9zaW50b3JldXNlL2ltYWdlcy9ndWlkZS9ndWlkZV9kZWxpLmpwZyIgLz48YnIgLz4KPGJyIC8+CqG+2JyJ05hJ1d+hv6hF1/S0qLyxseM8YnIgLz4KPGJyIC8+CjxiPjxmb250IGNvbG9yPSJyZWQiPjxmb250IHNpemU9IisxIj6h9MvNwc83MDCD0jwvZm9udD48YnIgLz4Ko6ixsbqjtcA/m1+/SaTPOTAwg9KjqTxiciAvPgo8L2ZvbnQ+PC9iPjxiciAvPgo8Zm9udCBjb2xvcj0icmVkIj4gofmbX79JP+t4jXU/sbG6o7XApM6kqr/NmJSk2DxiciAvPgqxsbqjtcA/m1+/SaTYpM6ktLBry82kzoj2us+hosvNwc+k8jkwMIPSpKSkv6TApKSkxqSqpOqk3qS5oaMg63iNdaTYpM7F5MvNpM83MDCD0qTLpMakqsvNpOrWwqS3pN6kuaGjPC9mb250PjxiciAvPgqh+aS016LOxKXVpampYKXgpOShoqS016LOxOHhpMuYU8zsytCI9qTopOrX1ITTy83QxaS1pOyk67Rf1Uql4algpeukx6TPm1+/SbFopMukqr3spLGkzoj2us+hoqW3pbmlxqXgyc/LzcHPpKwwg9KkyLHtyr6ktaTspN6kuaSsoaI5MDCD0qTLpMbF5MvNpLekxqSqpOqk3qS5oaMgPGJyIC8+CjxiciAvPgqh9MXk31+VculnjqGkzta4tqikrL/JxNykx6S5oaOh+bXY0/Kky6TopMOkxqTPlXLpZ46h1ri2qKSspMekraSrpM2k3qS5pLOkyNPopOGktMHLs9Ckr6TApLWkpKGjPGJyIC8+CjxiciAvPgo8Yj6hvsXky83I1ZVyob88L2I+PGJyIC8+CqH0yczGt6Ty0ru146TOpN+hoqTipLekr6TPzazSu7XqxW6kzsnMxrekzqTfpM6wa8vNpM+ktNeizsTI1aTOvLTI1aGrM8jVs8ykx7Bry82kt6TGpKqk6qTepLmhoyAKPGJyIC8+CqH0pLTXos7EyczGt6Sspdmlr6XIpeukztF9yv216sVupMu31qSrpOykxqSkpOuI9rrPoaLJzMa3pM7IoaTqpN6kyKThpMukqpVy6Wek8u2UpK+e6SDSu99M6WezzLbIpKrI1aTLpMGk8qSkpL+kwKSviPa6z6TipLSktqSkpN6kuaGjPGJyIC8+CjxiciAvPgo8ZGl2IGNsYXNzPSJmb290LWJvdGFuIj48Yj4mIzk2NTQ7INSUvJqkz6WzpcGl6TwvYj48L2Rpdj48L3RkPgo8L3RyPgo8dHIgYmdjb2xvcj0iI2ZmZmZmZiIgY2xhc3M9ImNhcnRfZ3VpZGUiPjwvdHI+CjwvdGFibGU+PC90ZD4KICA8dGQgd2lkdGg9IjUiIGJnY29sb3I9IiNmZmZmZmYiIHJvd3NwYW49IjMiPjwvdGQ+CiAgPHRkIGJnY29sb3I9IiNmNmY2ZjYiIHdpZHRoPSIyNTAiIHZhbGlnbj0idG9wIj48dGFibGUgd2lkdGg9IjI1MCIgYm9yZGVyPSIwIiBjZWxsc3BhY2luZz0iMCIgY2VsbHBhZGRpbmc9IjIyIj4KPHRyIGJnY29sb3I9IiNmZmZmZmYiIGNsYXNzPSJjYXJ0X2d1aWRlIj4KPHRkIGJnY29sb3I9IiNmNmY2ZjYiIHZhbGlnbj0idG9wIj48aW1nIHNyYz0iaHR0cDovL3d3dy5yYWt1dGVuLm5lLmpwL2dvbGQvc2ludG9yZXVzZS9pbWFnZXMvZ3VpZGUvZ3VpZGVfcGV5LmpwZyIgLz48YnIgLz4KPGJyIC8+Cs/C05ukzqSq1qeSQqSkt723qKSspLTA+9PDpKSkv6TApLGk3qS5oaM8YnIgLz4KPGJyIC8+CqH0tPq98NL9k1EorEa98KTOpN8pPGJyIC8+CqH0mFPM7KXQpfOlr5tRnGc8YnIgLz4KofSlr6Xspbilw6XIpaupYKXJPGJyIC8+CijS1M/CpM6lq6lgpcmkrKS0wPvTw6SkpL+kwKSxpN6kuSk8YnIgLz4KPGltZyBzcmM9Imh0dHA6Ly93d3cucmFrdXRlbi5uZS5qcC9nb2xkL3NpbnRvcmV1c2UvaW1hZ2VzL2d1aWRlL2NyZWRpdC5qcGciIC8+IDxiciAvPgo8YnIgLz4KPGRpdiBjbGFzcz0iZm9vdC1ib3RhbiI+PGI+JiM5NjU0OyDUlLyapM+ls6XBpek8L2I+PC9kaXY+PC90ZD4KPC90cj4KPC90YWJsZT48L3RkPgo8dGQgd2lkdGg9IjUiIHJvd3NwYW49IjMiPjwvdGQ+Cjx0ZCB3aWR0aD0iMjgwIiByb3dzcGFuPSIzIiB2YWxpZ249InRvcCIgYmdjb2xvcj0iI2Y2ZjZmNiI+PHRhYmxlIHdpZHRoPSIxMDAlIiBib3JkZXI9IjAiIGNlbGxwYWRkaW5nPSIyMiIgY2VsbHNwYWNpbmc9IjAiPgo8dHIgY2xhc3M9ImNhcnRfZ3VpZGUiPgo8dGQgd2lkdGg9IjI4MCIgcm93c3Bhbj0iMiIgdmFsaWduPSJ0b3AiIGJnY29sb3I9IiNmNmY2ZjYiPjxpbWcgc3JjPSJodHRwOi8vd3d3LnJha3V0ZW4ubmUuanAvZ29sZC9zaW50b3JldXNlL2ltYWdlcy9ndWlkZS9ndWlkZV9yZXR1cm4uanBnIiAvPjxiciAvPgo8YnIgLz4KpLTZj8jrpKSkv6TApKSkv8nMxreky6TEpKSkxre1xrek8srcpLG4tqSxpLWku6TG7ZSkpKTGpKqk6qTepLmhozxiciAvPgqktM+jzfukzre9pM/S1M/CpM7E2sjdpPKktLRf1UqkzqSmpKihosnMxrekzrW918Xh4TXI1dLUxNqky6S030K9aqSkpL+kwKStpN6kuZiUoaKkqu6KpKTWwqS3pN6kuaGjPGJyIC8+CqOot7XGt7K7v8nJzMa3pM+z/aStpN6kuaGjo6k8YnIgLz4KPGJyIC8+CqHx1WDLzT+yu8G8xrekzoj2us+hrTxiciAvPgrLzcHPP8rWyv3Bz7HXterYk7WjPGJyIC8+CqHxpKq/zZiUtry6z6TOiPa6z6GtPGJyIC8+CsvNwc8/ytbK/cHPpKq/zZiUpLTYk7WjPGJyIC8+CjxiciAvPgo8Yj6hvre1xrffQr1qz8ihvzwvYj48YnIgLz4KPGZvbnQgc2l6ZT0iLTIiPnNpbnRvcmV1c2VAc2hvcC5yYWt1dGVuLmNvLmpwPC9mb250PjxiciAvPgpURUyjujA4Ni0yNTEtNjEyNTxiciAvPgqokzcwMC04NjM1PGJyIC8+Coz5yb2xaIz5yb3K0LGxx/jRp8TP7q4zLTItMTxiciAvPgqM+cm9t8XLzYRll50yRjxiciAvPgql2aWvpcil69DCtryl6qXmqWClubXqt7XGt4JTzfA8YnIgLz4KPGJyIC8+CjxiPqG+t7W98KTLpMSkpKTGob88L2I+PGJyIC8+CsnMxrekzrW918Wkq6TppLS3tca3P6S0t7W98IRJwO2k3qTHpMsx30zpZ7PMtsikqpVy6Wek8u2UpK+I9rrPpKyktKS2pKSk3qS5oaOkyqSqoaKlr6Xspbilw6XIpaupYKXJpMekzqSq1qeSQqSkpMukxKStpN6kt6TGpM+hoqS030K9aqSkpL+kwKStpN6kt6S/lXK146THzrTViMfzpM6I9rrPpM6k36Gis9DVSqTOyKGk6s/7pLe8sKTTpLTXos7ExNrI3aTOieS4/KTLpMbK1r5BpK2ktaS7pMakpKS/pMCkraTepLmhozxiciAvPgqh+aSqv82YlLa8us+ky6TopOuktLe1xrekzoj2us+kz6Gi1fHeesrWyv3Bz6Tysu6kt9L9pKSkxtXx3nqktaS7pMakpKS/pMCkraTepLmhozxiciAvPgo8YnIgLz4KPGRpdiBjbGFzcz0iZm9vdC1ib3RhbiI+PGI+JiM5NjU0OyDUlLyapM+ls6XBpek8L2I+PC9kaXY+PC90ZD4KPC90cj4KPHRyPjwvdHI+CjwvdGFibGU+PC90ZD4KPC90cj4KPHRyPgo8dGQgYmdjb2xvcj0iI2ZmZmZmZiIgdmFsaWduPSJ0b3AiIGhlaWdodD0iNSI+PC90ZD4KPC90cj4KPHRyPgo8dGQgYmdjb2xvcj0iI2Y2ZjZmNiIgdmFsaWduPSJ0b3AiIHdpZHRoPSIyNTAiPjx0YWJsZSB3aWR0aD0iMjUwIiBib3JkZXI9IjAiIGNlbGxzcGFjaW5nPSIwIiBjZWxscGFkZGluZz0iMjIiPgo8dHIgYmdjb2xvcj0iI2ZmZmZmZiIgY2xhc3M9ImNhcnRfZ3VpZGUiPgo8dGQgYmdjb2xvcj0iI2Y2ZjZmNiIgdmFsaWduPSJ0b3AiPjxpbWcgc3JjPSJodHRwOi8vd3d3LnJha3V0ZW4ubmUuanAvZ29sZC9zaW50b3JldXNlL2ltYWdlcy9ndWlkZS9ndWlkZV9hdXRoLmpwZyIgLz48YnIgLz4KPGJyIC8+CrWxteqkz7mrsLLOr4ZUu+Gk6KTqucXO78nMhtOYSdRTv8mk8sihtcOkt6TGpKqk6qTepLmho4yf6VSluaW/pcOl1aTLpOik6qGipbOl1KlgyczGt6TOyKGk6pJRpKSkz9K7x9Ckt6TGpKqk6qTepLuk86GjsLLQxKS3pMahoqSq2UmkpMfzpOHPwqS1pKShozxiciAvPgo8YnIgLz4Ko7y5xc7vycyx7dOb7ZfEv6O+PGJyIC8+CsP7s8ajutbqyr274cnn0MK2vLK7hNOuYjxiciAvPgrUU7/Juauwss6vhlS74cP7o7o8YnIgLz4KjPnJvbFouauwss6vhlS74TxiciAvPgq5xc7vycyG05hJ1FO/ybesusWjujxiciAvPgq12jcyMTAyMDAxOTk4NbrFPGJyIC8+CjxiciAvPjwvdGQ+CjwvdHI+CjwvdGFibGU+PC90ZD4KPC90cj4KPC90YWJsZT4=,zrTKudPDxrcg0MLGtyBGTElQIEpBQ0tTT04gRkFSTUVSUyC+ZKXdpeq77CCl16XrpaqpYKXQqWAgpdGpYKWrIKWkpfOlx6WjpbQgUyC0usfvIKXspcelo6lgpbkgob7W0LnFob+hvqXZpa+lyKXrILnF18WhvyAxNzAyMjQgpdmlr6XIpeuhodDCtryl6qXmqWCluaO6pdmlr6XIpeuhodDCtryl6qXmqWCluQ==,pdmlr6XIpevW0LnFucXXxbyksLKl1qXppfOlydGlpdClw6Ww2JSyvJVy04vRpaW5pcupYKWrqWCl76XzpdSpYKW5pbmlq6lgpciloqWvpbultaXqqWCl0KlgpdCl6qlgpeapYKW6pcml66WkpfSlo6XIpfOlqKXrpeGluaXHpcul4KXcpcil4KW5zrTKudPDxrcg0MLGtyBGTElQIEpBQ0tTT04gRkFSTUVSUyC+ZKXdpeq77CCl16XrpaqpYKXQqWAgpdGpYKWrIKWkpfOlx6WjpbQgUyC0usfvIKXspcelo6lgpbkgob7W0LnFob+hvqXZpa+lyKXrILnF18WhvyAxNzAyMjQgpdmlr6XIpeuhodDCtryl6qXmqWCluQ==,zrTKudPDxrcg0MLGtyBGTElQIEpBQ0tTT04gRkFSTUVSUyC+ZKXdpeq77CCl16XrpaqpYKXQqWAgpdGpYKWrIKWkpfOlx6WjpbQgUyC0usfvIKXspcelo6lgpbkgob7W0LnFob+hvqXZpa+lyKXrILnF18WhvyAxNzAyMjQgpdmlr6XIpeuhodDCtryl6qXmqWCluQ==[rn]
31-77540,aHR0cDovL3RzaG9wLnIxMHMuanAvc2ludG9yZXVzZS9jYWJpbmV0LzAzOTIwMTcwMzEyLzAzOS0yMDE3MDMxMjE2NTFfMS5qcGc/Zml0aW49NzAwOjcwMA==,MTYwLjAwMDA=,,peylx6WjqWCluaXVpaGlw6W3peel8yA+IKXIpcOl16W5ID4gpdGpYKWrqWA=,zrTKudPDxrcgpaKpYKW5pd+l5algpbilw6WvJqWopbOl7aW4qWAgRUFSVEggTVVTSUMgJiBFQ09MT0dZIKXsqWCluSCl1aXqpevH0MzmINFZw6sgy6q9taTqIKW5paalp6XDpcggpbilw6XXpaKlw6XXIKXRqWClq6lgIE0gpaql1bDXIEg2IKXspcelo6lgpbkgob7W0LnFob+hvqXZpa+lyKXrILnF18WhvyAxNzAzMTIgpdmlr6XIpeuhodDCtryl6qXmqWCluQ==,zrTKudPDxrcgRUFSVEggTVVTSUMgJmFtcDsgRUNPTE9HWSCl7KlgpbnH0MzmIKXRqWClq6lgIEg2,PGRpdiBpZD0idmVjX2NvbnRlbnQiPjxoMT7OtMq508PGtyCloqlgpbml36XlqWCluKXDpa8mpails6XtpbipYCBFQVJUSCBNVVNJQyAmIEVDT0xPR1kgpeypYKW5IKXVpeql68fQzOYg0VnDqyDLqr21pOogpbmlpqWnpcOlyCCluKXDpdeloqXDpdcgpdGpYKWrqWAgTSClqqXVsNcgSDYgpeylx6WjqWCluSChvtbQucWhv6G+pdmlr6XIpesgucXXxaG/IDE3MDMxMiCl2aWvpcil66Gh0MK2vKXqpeapYKW5PC9oMT48aHI+PGRpdiBjbGFzcz0ic2VjdGlvbl8wMSI+PGltZyBzcmM9Imh0dHA6Ly9pbWFnZS5yYWt1dGVuLmNvLmpwL3NpbnRvcmV1c2UvY2FiaW5ldC8wMzkyMDE3MDMxMi8wMzktMjAxNzAzMTIxNjUxXzEuanBnIiBhbHQ9IiIgPjwvZGl2PjxkaXYgY2xhc3M9InNlY3Rpb25fMDIiPjxkaXYgY2xhc3M9ImxlZnQiPjxpbWcgc3JjPSJodHRwOi8vaW1hZ2UucmFrdXRlbi5jby5qcC9zaW50b3JldXNlL2NhYmluZXQvMDM5MjAxNzAzMTIvMDM5LTIwMTcwMzEyMTY1MV8yLmpwZyIgYWx0PSIiICB3aWR0aD0iMzkwIiA+PGltZyBzcmM9Imh0dHA6Ly9pbWFnZS5yYWt1dGVuLmNvLmpwL3NpbnRvcmV1c2UvY2FiaW5ldC8wMzkyMDE3MDMxMi8wMzktMjAxNzAzMTIxNjUxXzMuanBnIiBhbHQ9IiIgIHdpZHRoPSIzOTAiID48L2Rpdj48ZGl2IGNsYXNzPSJyaWdodCI+PGRpdiBjbGFzcz0iY29uZGl0aW9uIj48ZGl2IGNsYXNzPSJyYW5rIj48ZGl2IGNsYXNzPSJpbWFnZSI+PGltZyBzcmM9Imh0dHA6Ly9pbWFnZS5yYWt1dGVuLmNvLmpwL3NpbnRvcmV1c2UvY2FiaW5ldC9wYXJ0cy9pdGVtX3JhbmsvYmlnX2EuanBnIiBhbHQ9IiI+PC9kaXY+PGRpdiBjbGFzcz0idGV4dCI+PGg0Pte0kUKl6aXzpa+hoaGxQaGxPC9oND48cD7UlLyapMukxKSkpMakz6Giz8LTm6SqpOik06G417SRQqXppfOlr6TLpMSkpKTGobml2qlgpbik8qS000Wkr6TApLWkpKGjPC9wPjwvZGl2PjwvZGl2PjxkaXYgc3R5bGU9ImNsZWFyOmJvdGg7Ij48L2Rpdj48dWw+PGxpIGNsYXNzPSJjb25kaXRpb25fbiI+zrTKudPDP9DCxrekzsnMxrc8L2xpPjxsaSBjbGFzcz0iY29uZGl0aW9uX3MiPqTbpNzQwsa3zayYlKTOyczGtzwvbGk+PGxpIGNsYXNzPSJjb25kaXRpb25fYSBhY3RpdmUiPsq508O40KSsydmkyqSvoaKkq6TKpOrXtJFCpM7BvKSkyczGtzwvbGk+PGxpIGNsYXNzPSJjb25kaXRpb25fYiI+yrnTw7jQpM+koqTrpKyhooL7pOSbQaTspM7J2aTKpKTJzMa3PC9saT48bGkgY2xhc3M9ImNvbmRpdGlvbl9jIj7KudPDuNCkzsv7oaKC+6Tkm0Gk7KSs0oqk6aTspOvJzMa3PC9saT48bGkgY2xhc3M9ImNvbmRpdGlvbl9kIj6kq6TKpOq086StpMqC+6TfpKykoqTr63mkoqTqyczGtzwvbGk+PC91bD48cCBjbGFzcz0iY2F1dGlvbiI+oflToatDpeml86WvpM9VU0VExrekyKTKpOqk3qS5pM6kx6GiyrnTw7jQpPKktMDtveKkzsnPpMektMjr1P3PwqS1pKShozwvcD48ZGl2IGNsYXNzPSJhYm91dCI+PGEgaHJlZj0iaHR0cDovL3d3dy5yYWt1dGVuLm5lLmpwL2dvbGQvdmVjdG9ycHJlbWl1bS9qX3JhbmsuaHRtbCIgdGFyZ2V0PSJfYmxhbmsiPte0kUKl6aXzpa+ky6TEpKSkxjwvYT48L2Rpdj48L2Rpdj48ZGl2IGNsYXNzPSJpbmZvIj48aDM+aW5mb3JtYXRpb248L2gzPjx0YWJsZT48Y29sZ3JvdXA+PGNvbCBzdHlsZT0id2lkdGg6IDI1JTsiPjxjb2w+PC9jb2xncm91cD48dGJvZHk+PHRyPjx0aD6l1qXppfOlyTwvdGg+PHRkPqWiqWCluaXfpeWpYKW4pcOlryalqKWzpe2luKlgIEVBUlRIIE1VU0lDICYgRUNPTE9HWTwvdGQ+PC90cj48dHI+PHRoPrHt05ultaWkpbo8L3RoPjx0ZD5NPC90ZD48L3RyPjx0cj48dGg+jGe056W1paSlujwvdGg+PHRkPrznt/mjujM0Y22hocntt/mjujQ1Y22hodfF1cmjujUyY22hodDk1cmjujE5Y22hoaGhPC90ZD48L3RyPjx0cj48dGg+y9iyxDwvdGg+PHRkPrG+zOUvpbOlw6XIpfMxMDCjpTxiciAvPgql1algpcml7KlgpbmhoqXBpeWpYKXrL6XdpeqlqKW5pcal6zEwMKOlPC90ZD48L3RyPjx0cj48dGg+yas8L3RoPjx0ZD6lqqXVpdul76Wkpcg8L3RkPjwvdHI+PHRyPjx0aD7XtJFCPC90aD48dGQ+yrnTw7jQpM7J2aTKpKTDwMa3pMekuaGjzNi5UMrC7Zekz6S0pLakpKTepLuk86GjPC90ZD48L3RyPjwvdGJvZHk+PC90YWJsZT48ZGl2PsnMxrekzqSqhpakpLrPpO+ku6TOu9i08KTy0N3WuaS3pMakqqTqpN6kuaGjo6q498nMxrel2qlgpbikzsnMxrfUlLyatcik8qS0tF/VSqTOyc+ktNmPyOukr6TApLWkpKGjPC9kaXY+PGRpdiBjbGFzcz0iY2F1dGlvbiI+PGgzPrG+yczGt6TP0ru1487vpMekuTwvaDM+PHA+y/ultaWkpcik5LXqxW6ky6TG2JyJ06S3pMakpKTryczGt6THpLmho7bgydmkzqSqlXLpZ7LupMukxse3xreky6TKpOuks6TIpOKktKS2pKSk3qS5oaPT6KThpLTBy7PQ7ZSk3qS5pOikpqSq7oqkpNbCpLek3qS5oaM8L3A+PC9kaXY+PGRpdiBjbGFzcz0iYWJvdXQiPjxhICBocmVmPSJodHRwOi8vd3d3LnJha3V0ZW4ubmUuanAvZ29sZC92ZWN0b3JwcmVtaXVtL3NpemVndWlkZS5odG1sIiB0YXJnZXQ9Il9ibGFuayI+pdmlr6XIpes/pbWlpKW6paylpKXJpM+ks6TBpOk8L2E+PC9kaXY+PC9kaXY+PC9kaXY+PC9kaXY+PGRpdiBjbGFzcz0ic2VjdGlvbl8wMyI+PGRpdiBjbGFzcz0icm93Ij48ZGl2IGNsYXNzPSJsZWZ0Ij48aW1nIHNyYz0iaHR0cDovL2ltYWdlLnJha3V0ZW4uY28uanAvc2ludG9yZXVzZS9jYWJpbmV0LzAzOTIwMTcwMzEyLzAzOS0yMDE3MDMxMjE2NTFfNC5qcGciIGFsdD0iIiAgd2lkdGg9IjM5MCIgPjwvZGl2PjxkaXYgY2xhc3M9InJpZ2h0Ij48L2Rpdj48L2Rpdj48ZGl2IGNsYXNzPSJyb3ciPjxkaXYgY2xhc3M9ImxlZnQiPjwvZGl2PjxkaXYgY2xhc3M9InJpZ2h0Ij48L2Rpdj48L2Rpdj48ZGl2IGNsYXNzPSJyb3ciPjxkaXYgY2xhc3M9ImxlZnQiPjwvZGl2PjxkaXYgY2xhc3M9InJpZ2h0Ij48L2Rpdj48L2Rpdj48ZGl2IHN0eWxlPSJjbGVhcjpib3RoOyI+PC9kaXY+PGRpdiBjbGFzcz0iYnRuIj48YSBocmVmPSIjIj6ks6TOyczGt6TIzaykuKXWpeml86XJpM7JzMa3pPLSiqTrPC9hPjwvZGl2PjwvZGl2PjxkaXYgY2xhc3M9InNlY3Rpb25fMDQiPjxpbWcgc3JjPSJodHRwOi8vaW1hZ2UucmFrdXRlbi5jby5qcC9zaW50b3JldXNlL2NhYmluZXQvcGFydHMvYXR0ZW50aW9uLmpwZyIgYWx0PSJBVFRFTlRJT04gpdmlr6XIpeukq6TppM6kqtaqpOmkuyI+PC9kaXY+PC9kaXY+PGhyPjxkaXYgaWQ9InZlY19jb250ZW50IiBjbGFzcz0idW5kZXIiPjxwIGNsYXNzPSJwcm9kdWN0X25hbWUiPs60yrnTw8a3IKWiqWCluaXfpeWpYKW4pcOlryalqKWzpe2luKlgIEVBUlRIIE1VU0lDICYgRUNPTE9HWSCl7KlgpbkgpdWl6qXrx9DM5iDRWcOrIMuqvbWk6iCluaWmpaelw6XIIKW4pcOl16WipcOl1yCl0algpaupYCBNIKWqpdWw1yBINiCl7KXHpaOpYKW5IKG+1tC5xaG/ob6l2aWvpcil6yC5xdfFob8gMTcwMzEyIKXZpa+lyKXroaHQwra8peql5qlgpbk8L3A+PHRhYmxlPjxjb2xncm91cD48Y29sIHN0eWxlPSJ3aWR0aDogMjUlOyI+PGNvbD48L2NvbGdyb3VwPjx0cj48dGg+pdal6aXzpck8L3RoPjx0ZD6loqlgpbml36XlqWCluKXDpa8mpails6XtpbipYCBFQVJUSCBNVVNJQyAmIEVDT0xPR1k8L3RkPjwvdHI+PHRyPjx0aD6x7dObpbWlpKW6PC90aD48dGQ+TTwvdGQ+PC90cj48dHI+PHRoPoxntOeltaWkpbo8L3RoPjx0ZD6857f5o7ozNGNtoaHJ7bf5o7o0NWNtoaHXxdXJo7o1MmNtoaHQ5NXJo7oxOWNtoaGhoTwvdGQ+PC90cj48dHI+PHRoPsvYssQ8L3RoPjx0ZD6xvszlL6WzpcOlyKXzMTAwo6U8YnIgLz4KpdWpYKXJpeypYKW5oaKlwaXlqWCl6y+l3aXqpailuaXGpesxMDCjpTwvdGQ+PC90cj48dHI+PHRoPsmrPC90aD48dGQ+paql1aXbpe+lpKXIPC90ZD48L3RyPjx0cj48dGg+17SRQjwvdGg+PHRkPsq508O40KTOydmkyqSkw8DGt6THpLmho8zYuVDKwu2XpM+ktKS2pKSk3qS7pPOhozwvdGQ+PC90cj48L3RhYmxlPjxkaXY+yczGt6TOpKqGlqSkus+k76S7pM672LTwpPLQ3da5pLekxqSqpOqk3qS5oaOjqrj3yczGt6XaqWCluKTOyczGt9SUvJq1yKTypLS0X9VKpM7Jz6S02Y/I66SvpMCktaSkoaM8L2Rpdj48aHI+PC9kaXY+PGRpdiBpZD0ibWlnaS0gb2JpIj48L2Rpdj4KPHN0eWxlIHR5cGU9InRleHQvY3NzIj4KCiNtaWdpLW9iaSAqIHsKICAgICAgICAgICAgbWFyZ2luOiAwOwogICAgICAgICAgICBwYWRkaW5nOiAwOwogICAgICAgICAgICBvdXRsaW5lOiAwOwogICAgICAgICAgICBiYWNrZ3JvdW5kOiB1cmwoImh0dHA6Ly93d3cucmFrdXRlbi5uZS5qcC9nb2xkL3Zjc3RlcC9pbWFnZXMvZXZlbnQvb2JpXzEwLmpwZz8xIikgcmVwZWF0LXkgbGVmdCB0b3AgOwogICAgICAgICAgICB9CgojbWlnaS1vYmkgYSB7CiAgICAgICAgICAgIHBvc2l0aW9uOiBhYnNvbHV0ZTsKICAgICAgICAgICAgdG9wOiAwcHg7CiAgICAgICAgICAgIGxlZnQ6IDBweDsKICAgICAgICAgICAgaGVpZ2h0OiAzMTAwcHg7Lyql2qlgpbjIq8zlpM6436S1Ki8KICAgICAgICAgICAgd2lkdGg6IDExMHB4Oy8qjqGkzrf5Ki8KICAgICAgICAgICAgfQoKCi8q2UmkpM7vpaultKXcpb+l8yovCiNyYWt1dGVuTGltaXRlZElkX2Fyb3VuZENhcnQgaW5wdXRbdmFsdWU9ItlJpKTO76SrpLSky8jrpOyk6yJdIHsKd2lkdGg6IDI2MHB4OwpoZWlnaHQ6IDUwcHg7CmJhY2tncm91bmQ6IHVybChodHRwOi8vd3d3LnJha3V0ZW4ubmUuanAvZ29sZC9zaW50b3JldXNlL2ltYWdlcy9jb21tb24vY2FydC5wbmcpICNmY2ZjZmMgbm8tcmVwZWF0OwpvdmVyZmxvdzogaGlkZGVuOwpib3JkZXItd2lkdGg6IDBweDsKY3Vyc29yOiBwb2ludGVyICFpbXBvcnRhbnQ7CnRleHQtaW5kZW50OiAxNTAlOwp3aGl0ZS1zcGFjZTogbm93cmFwOwptYXJnaW46IDVweCAwIDVweCAtOHB4Owp9Ci8qpLTA+9PDpaylpKXJKi8KLmNhcnRfZ3VpZGUgewpjb2xvcjogIzMzMzsKZm9udC1zaXplOiAxM3B4OwpsaW5lLWhlaWdodDogMTU1JTsKYm9yZGVyLWNvbGxhcHNlOiBjb2xsYXBzZTsKdGFibGUtbGF5b3V0OiBmaXhlZDsKbWFyZ2luLWJvdHRvbTogMjBweDsKfQovKqXQpcqpYCovCi5yb3cgewpvdmVyZmxvdzogaGlkZGVuOwp3aWR0aDogNzkwcHg7Cm1hcmdpbi1ib3R0b206IDEwcHg7Cn0KLnJvdyAuYmFubmVyX2xlZnQgewpmbG9hdDogbGVmdDsKbWFyZ2luLWxlZnQ6IDEwcHg7Cn0KLnJvdyAuYmFubmVyX3JpZ2h0IHsKZmxvYXQ6IHJpZ2h0Owp9Cjwvc3R5bGU+CgoKCjxkaXYgY2xhc3M9InJvdyI+CjxkaXYgY2xhc3M9ImJhbm5lcl9sZWZ0Ij4gIDxpbWcgc3JjPSJodHRwOi8vd3d3LnJha3V0ZW4ubmUuanAvZ29sZC9zaW50b3JldXNlL2ltYWdlcy9iYW5uZXIvdW51c2VkX2l0ZW0uanBnIiBhbHQ9ItDCxrc/zrTKudPDIiB3aWR0aD0iMzc0IiBoZWlnaHQ9IjQ4IiAvPiA8L2Rpdj4KPGRpdiBjbGFzcz0iYmFubmVyX3JpZ2h0Ij4gIDxpbWcgc3JjPSJodHRwOi8vd3d3LnJha3V0ZW4ubmUuanAvZ29sZC9zaW50b3JldXNlL2ltYWdlcy9zcHJfc3VtL2Jhbm5lcl9zcHJpbmdfcGMuanBnIiBhbHQ9Is/Ezu+l1qXppfOlybnF18XNqNiczNi8ryIgd2lkdGg9IjQwMCIgaGVpZ2h0PSI0OCIgLz4gPC9kaXY+CjwvZGl2Pgo8ZGl2IGNsYXNzPSJyb3ciPgo8ZGl2IGNsYXNzPSJiYW5uZXJfbGVmdCI+ICA8aW1nIHNyYz0iaHR0cDovL3d3dy5yYWt1dGVuLm5lLmpwL2dvbGQvc2ludG9yZXVzZS9pbWFnZXMvYmFubmVyL2dla2l5YXN1LTEuanBnIiBhbHQ9IryksLLM2LyvIiB3aWR0aD0iMzc0IiBoZWlnaHQ9IjQ4IiBib3JkZXI9IjAiIC8+IDwvZGl2Pgo8ZGl2IGNsYXNzPSJiYW5uZXJfcmlnaHQiPiAgPGltZyBzcmM9Imh0dHA6Ly93d3cucmFrdXRlbi5uZS5qcC9nb2xkL3NpbnRvcmV1c2UvaW1hZ2VzL2Jhbm5lci9icmFuZF9mZXMuanBnIiBhbHQ9IqXWpeml86XJzNi8ryIgd2lkdGg9IjQwMCIgaGVpZ2h0PSI0OCIgLz4gPC9kaXY+CjwvZGl2PgoKPHRhYmxlIHdpZHRoPSI3OTAiIGhlaWdodD0iODAiIGJvcmRlcj0iMCIgY2VsbHNwYWNpbmc9IjAiIGNlbGxwYWRkaW5nPSIwIj4KPHRyPgogIDx0ZCBhbGlnbj0iY2VudGVyIiB2YWxpZ249InRvcCI+PGltZyBzcmM9Imh0dHA6Ly93d3cucmFrdXRlbi5uZS5qcC9nb2xkL3NpbnRvcmV1c2UvaW1hZ2VzL2d1aWRlL2d1aWRlX2J0bi5qcGciIC8+PC90ZD4KPC90cj4KPC90YWJsZT4KCjx0YWJsZSB3aWR0aD0iNzkwIiBib3JkZXI9IjAiIGNlbGxzcGFjaW5nPSIwIiBjZWxscGFkZGluZz0iMCIgYmdjb2xvcj0iI2ZmZmZmZiIgY2xhc3M9ImNhcnRfZ3VpZGUiPgo8dHI+CiAgPHRkIHdpZHRoPSIyNTAiIHJvd3NwYW49IjMiIHZhbGlnbj0idG9wIiBiZ2NvbG9yPSIjZjZmNmY2Ij48dGFibGUgd2lkdGg9IjI1MCIgYm9yZGVyPSIwIiBjZWxsc3BhY2luZz0iMCIgY2VsbHBhZGRpbmc9IjIyIj4KPHRyIGJnY29sb3I9IiNmZmZmZmYiIGNsYXNzPSJjYXJ0X2d1aWRlIj4KPHRkIHJvd3NwYW49IjIiIHZhbGlnbj0idG9wIiBiZ2NvbG9yPSIjZjZmNmY2Ij48aW1nIHNyYz0iaHR0cDovL3d3dy5yYWt1dGVuLm5lLmpwL2dvbGQvc2ludG9yZXVzZS9pbWFnZXMvZ3VpZGUvZ3VpZGVfZGVsaS5qcGciIC8+PGJyIC8+CjxiciAvPgqhvticidOYSdXfob+oRdf0tKi8sbHjPGJyIC8+CjxiciAvPgo8Yj48Zm9udCBjb2xvcj0icmVkIj48Zm9udCBzaXplPSIrMSI+ofTLzcHPNzAwg9I8L2ZvbnQ+PGJyIC8+CqOosbG6o7XAP5tfv0mkzzkwMIPSo6k8YnIgLz4KPC9mb250PjwvYj48YnIgLz4KPGZvbnQgY29sb3I9InJlZCI+IKH5m1+/ST/reI11P7GxuqO1wKTOpKq/zZiUpNg8YnIgLz4KsbG6o7XAP5tfv0mk2KTOpLSwa8vNpM6I9rrPoaLLzcHPpPI5MDCD0qSkpL+kwKSkpMakqqTqpN6kuaGjIOt4jXWk2KTOxeTLzaTPNzAwg9Kky6TGpKrLzaTq1sKkt6TepLmhozwvZm9udD48YnIgLz4KofmktNeizsSl1aWpqWCl4KTkoaKktNeizsTh4aTLmFPM7MrQiPak6KTq19SE08vN0MWktaTspOu0X9VKpeGpYKXrpMekz5tfv0mxaKTLpKq97KSxpM6I9rrPoaKlt6W5pcal4MnPy83Bz6SsMIPSpMix7cq+pLWk7KTepLmkrKGiOTAwg9Kky6TGxeTLzaS3pMakqqTqpN6kuaGjIDxiciAvPgo8YnIgLz4KofTF5N9flXLpZ46hpM7WuLaopKy/ycTcpMekuaGjofm12NPypMuk6KTDpMakz5Vy6WeOoda4tqikrKTHpK2kq6TNpN6kuaSzpMjT6KThpLTBy7PQpK+kwKS1pKShozxiciAvPgo8YnIgLz4KPGI+ob7F5MvNyNWVcqG/PC9iPjxiciAvPgqh9MnMxrek8tK7teOkzqTfoaKk4qS3pK+kz82s0ru16sVupM7JzMa3pM6k36TOsGvLzaTPpLTXos7EyNWkzry0yNWhqzPI1bPMpMewa8vNpLekxqSqpOqk3qS5oaMgCjxiciAvPgqh9KS016LOxMnMxrekrKXZpa+lyKXrpM7Rfcr9terFbqTLt9akq6TspMakpKTriPa6z6GiyczGt6TOyKGk6qTepMik4aTLpKqVculnpPLtlKSvnukg0rvfTOlns8y2yKSqyNWky6TBpPKkpKS/pMCkr4j2us+k4qS0pLakpKTepLmhozxiciAvPgo8YnIgLz4KPGRpdiBjbGFzcz0iZm9vdC1ib3RhbiI+PGI+JiM5NjU0OyDUlLyapM+ls6XBpek8L2I+PC9kaXY+PC90ZD4KPC90cj4KPHRyIGJnY29sb3I9IiNmZmZmZmYiIGNsYXNzPSJjYXJ0X2d1aWRlIj48L3RyPgo8L3RhYmxlPjwvdGQ+CiAgPHRkIHdpZHRoPSI1IiBiZ2NvbG9yPSIjZmZmZmZmIiByb3dzcGFuPSIzIj48L3RkPgogIDx0ZCBiZ2NvbG9yPSIjZjZmNmY2IiB3aWR0aD0iMjUwIiB2YWxpZ249InRvcCI+PHRhYmxlIHdpZHRoPSIyNTAiIGJvcmRlcj0iMCIgY2VsbHNwYWNpbmc9IjAiIGNlbGxwYWRkaW5nPSIyMiI+Cjx0ciBiZ2NvbG9yPSIjZmZmZmZmIiBjbGFzcz0iY2FydF9ndWlkZSI+Cjx0ZCBiZ2NvbG9yPSIjZjZmNmY2IiB2YWxpZ249InRvcCI+PGltZyBzcmM9Imh0dHA6Ly93d3cucmFrdXRlbi5uZS5qcC9nb2xkL3NpbnRvcmV1c2UvaW1hZ2VzL2d1aWRlL2d1aWRlX3BleS5qcGciIC8+PGJyIC8+CjxiciAvPgrPwtObpM6kqtankkKkpLe9t6ikrKS0wPvTw6SkpL+kwKSxpN6kuaGjPGJyIC8+CjxiciAvPgqh9LT6vfDS/ZNRKKxGvfCkzqTfKTxiciAvPgqh9JhTzOyl0KXzpa+bUZxnPGJyIC8+CqH0pa+l7KW4pcOlyKWrqWClyTxiciAvPgoo0tTPwqTOpaupYKXJpKyktMD708OkpKS/pMCksaTepLkpPGJyIC8+CjxpbWcgc3JjPSJodHRwOi8vd3d3LnJha3V0ZW4ubmUuanAvZ29sZC9zaW50b3JldXNlL2ltYWdlcy9ndWlkZS9jcmVkaXQuanBnIiAvPiA8YnIgLz4KPGJyIC8+CjxkaXYgY2xhc3M9ImZvb3QtYm90YW4iPjxiPiYjOTY1NDsg1JS8mqTPpbOlwaXpPC9iPjwvZGl2PjwvdGQ+CjwvdHI+CjwvdGFibGU+PC90ZD4KPHRkIHdpZHRoPSI1IiByb3dzcGFuPSIzIj48L3RkPgo8dGQgd2lkdGg9IjI4MCIgcm93c3Bhbj0iMyIgdmFsaWduPSJ0b3AiIGJnY29sb3I9IiNmNmY2ZjYiPjx0YWJsZSB3aWR0aD0iMTAwJSIgYm9yZGVyPSIwIiBjZWxscGFkZGluZz0iMjIiIGNlbGxzcGFjaW5nPSIwIj4KPHRyIGNsYXNzPSJjYXJ0X2d1aWRlIj4KPHRkIHdpZHRoPSIyODAiIHJvd3NwYW49IjIiIHZhbGlnbj0idG9wIiBiZ2NvbG9yPSIjZjZmNmY2Ij48aW1nIHNyYz0iaHR0cDovL3d3dy5yYWt1dGVuLm5lLmpwL2dvbGQvc2ludG9yZXVzZS9pbWFnZXMvZ3VpZGUvZ3VpZGVfcmV0dXJuLmpwZyIgLz48YnIgLz4KPGJyIC8+CqS02Y/I66SkpL+kwKSkpL/JzMa3pMukxKSkpMa3tca3pPLK3KSxuLaksaS1pLukxu2UpKSkxqSqpOqk3qS5oaM8YnIgLz4KpLTPo837pM63vaTP0tTPwqTOxNrI3aTypLS0X9VKpM6kpqSooaLJzMa3pM61vdfF4eE1yNXS1MTapMuktN9CvWqkpKS/pMCkraTepLmYlKGipKruiqSk1sKkt6TepLmhozxiciAvPgqjqLe1xreyu7/JyczGt6TPs/2kraTepLmho6OpPGJyIC8+CjxiciAvPgqh8dVgy80/srvBvMa3pM6I9rrPoa08YnIgLz4Ky83Bzz/K1sr9wc+x17Xq2JO1ozxiciAvPgqh8aSqv82YlLa8us+kzoj2us+hrTxiciAvPgrLzcHPP8rWyv3Bz6Sqv82YlKS02JO1ozxiciAvPgo8YnIgLz4KPGI+ob63tca330K9as/Iob88L2I+PGJyIC8+Cjxmb250IHNpemU9Ii0yIj5zaW50b3JldXNlQHNob3AucmFrdXRlbi5jby5qcDwvZm9udD48YnIgLz4KVEVMo7owODYtMjUxLTYxMjU8YnIgLz4KqJM3MDAtODYzNTxiciAvPgqM+cm9sWiM+cm9ytCxscf40afEz+6uMy0yLTE8YnIgLz4KjPnJvbfFy82EZZedMkY8YnIgLz4Kpdmlr6XIpevQwra8peql5qlgpbm16re1xreCU83wPGJyIC8+CjxiciAvPgo8Yj6hvre1vfCky6TEpKSkxqG/PC9iPjxiciAvPgrJzMa3pM61vdfFpKuk6aS0t7XGtz+ktLe1vfCEScDtpN6kx6TLMd9M6WezzLbIpKqVculnpPLtlKSviPa6z6SspLSktqSkpN6kuaGjpMqkqqGipa+l7KW4pcOlyKWrqWClyaTHpM6kqtankkKkpKTLpMSkraTepLekxqTPoaKktN9CvWqkpKS/pMCkraTepLekv5VyteOkx8601YjH86TOiPa6z6TOpN+horPQ1UqkzsihpOrP+6S3vLCk06S016LOxMTayN2kzonkuPyky6TGyta+QaStpLWku6TGpKSkv6TApK2k3qS5oaM8YnIgLz4Kofmkqr/NmJS2vLrPpMuk6KTrpLS3tca3pM6I9rrPpM+hotXx3nrK1sr9wc+k8rLupLfS/aSkpMbV8d56pLWku6TGpKSkv6TApK2k3qS5oaM8YnIgLz4KPGJyIC8+CjxkaXYgY2xhc3M9ImZvb3QtYm90YW4iPjxiPiYjOTY1NDsg1JS8mqTPpbOlwaXpPC9iPjwvZGl2PjwvdGQ+CjwvdHI+Cjx0cj48L3RyPgo8L3RhYmxlPjwvdGQ+CjwvdHI+Cjx0cj4KPHRkIGJnY29sb3I9IiNmZmZmZmYiIHZhbGlnbj0idG9wIiBoZWlnaHQ9IjUiPjwvdGQ+CjwvdHI+Cjx0cj4KPHRkIGJnY29sb3I9IiNmNmY2ZjYiIHZhbGlnbj0idG9wIiB3aWR0aD0iMjUwIj48dGFibGUgd2lkdGg9IjI1MCIgYm9yZGVyPSIwIiBjZWxsc3BhY2luZz0iMCIgY2VsbHBhZGRpbmc9IjIyIj4KPHRyIGJnY29sb3I9IiNmZmZmZmYiIGNsYXNzPSJjYXJ0X2d1aWRlIj4KPHRkIGJnY29sb3I9IiNmNmY2ZjYiIHZhbGlnbj0idG9wIj48aW1nIHNyYz0iaHR0cDovL3d3dy5yYWt1dGVuLm5lLmpwL2dvbGQvc2ludG9yZXVzZS9pbWFnZXMvZ3VpZGUvZ3VpZGVfYXV0aC5qcGciIC8+PGJyIC8+CjxiciAvPgq1sbXqpM+5q7Cyzq+GVLvhpOik6rnFzu/JzIbTmEnUU7/JpPLIobXDpLekxqSqpOqk3qS5oaOMn+lUpbmlv6XDpdWky6TopOqhoqWzpdSpYMnMxrekzsihpOqSUaSkpM/Su8fQpLekxqSqpOqk3qS7pPOho7Cy0MSkt6TGoaKkqtlJpKTH86Thz8KktaSkoaM8YnIgLz4KPGJyIC8+CqO8ucXO78nMse3Tm+2XxL+jvjxiciAvPgrD+7PGo7rW6sq9u+HJ59DCtryyu4TTrmI8YnIgLz4K1FO/ybmrsLLOr4ZUu+HD+6O6PGJyIC8+Coz5yb2xaLmrsLLOr4ZUu+E8YnIgLz4KucXO78nMhtOYSdRTv8m3rLrFo7o8YnIgLz4Ktdo3MjEwMjAwMTk5ODW6xTxiciAvPgo8YnIgLz48L3RkPgo8L3RyPgo8L3RhYmxlPjwvdGQ+CjwvdHI+CjwvdGFibGU+,zrTKudPDxrcgpaKpYKW5pd+l5algpbilw6WvJmFtcDulqKWzpe2luKlgIEVBUlRIIE1VU0lDICZhbXA7IEVDT0xPR1kgpeypYKW5IKXVpeql68fQzOYg0VnDqyDLqr21pOogpbmlpqWnpcOlyCCluKXDpdeloqXDpdcgpdGpYKWrqWAgTSClqqXVsNcgSDYgpeylx6WjqWCluSChvtbQucWhv6G+pdmlr6XIpesgucXXxaG/IDE3MDMxMiCl2aWvpcil66Gh0MK2vKXqpeapYKW5o7ql2aWvpcil66Gh0MK2vKXqpeapYKW5,pdmlr6XIpevW0LnFucXXxbyksLKl1qXppfOlydGlpdClw6Ww2JSyvJVy04vRpaW5pcupYKWrqWCl76XzpdSpYKW5pbmlq6lgpciloqWvpbultaXqqWCl0KlgpdCl6qlgpeapYKW6pcml66WkpfSlo6XIpfOlqKXrpeGluaXHpcul4KXcpcil4KW5zrTKudPDxrcgpaKpYKW5pd+l5algpbilw6WvJmFtcDulqKWzpe2luKlgIEVBUlRIIE1VU0lDICZhbXA7IEVDT0xPR1kgpeypYKW5IKXVpeql68fQzOYg0VnDqyDLqr21pOogpbmlpqWnpcOlyCCluKXDpdeloqXDpdcgpdGpYKWrqWAgTSClqqXVsNcgSDYgpeylx6WjqWCluSChvtbQucWhv6G+pdmlr6XIpesgucXXxaG/IDE3MDMxMiCl2aWvpcil66Gh0MK2vKXqpeapYKW5,zrTKudPDxrcgRUFSVEggTVVTSUMgJmFtcDsgRUNPTE9HWSCl7KlgpbnH0MzmIKXRqWClq6lgIEg2oaPOtMq508PGtyCloqlgpbml36XlqWCluKXDpa8mYW1wO6WopbOl7aW4qWAgRUFSVEggTVVTSUMgJmFtcDsgRUNPTE9HWSCl7KlgpbkgpdWl6qXrx9DM5iDRWcOrIMuqvbWk6iCluaWmpaelw6XIIKW4pcOl16WipcOl1yCl0algpaupYCBNIKWqpdWw1yBINiCl7KXHpaOpYKW5IKG+1tC5xaG/ob6l2aWvpcil6yC5xdfFob8gMTcwMzEyIKXZpa+lyKXroaHQwra8peql5qlgpbk=[rn]
31-77541,aHR0cDovL3RzaG9wLnIxMHMuanAvd29tYW5jb2xsZWN0aW9uL2NhYmluZXQvaW1nMy9way0wMjJfdG4uanBnP2ZpdGluPTcwMDo3MDA=,MjE0Mi40MDAw,,peylx6WjqWCluaXVpaGlw6W3peel8yA+IKXIpcOl16W5ID4gpdGpYKWrqWA=,pdGpYKWrqWAgpe+l86XUqWCluSCl0algpaupYKXvpfOl1CCl1algpckg6UzQ5CCl7KXHpaOpYKW5IKXXpeulqqlgpdCpYCDH7yC2rCDRWcbww6sgpKuk76SkpKQgpcilw6XXpbkgpKKkw6S/pKsgxa+kqyClsKXsqWAgpd2lsaXDpcggzOXQzaWrpdCpYCDXxaTkpLsgpeupYKXgpaalp6WiILK/zt3XxSCl6qXppcOlr6W5IKW5pcil7KW5pdWl6qlgIFMgTSBMIFtway0wMjJd,pdGpYKWrqWAgpe+l86XUqWCluSCl0algpaupYKXvpfOl1CCl1algpckg6UzQ5CCl7KXHpaOpYKW5,CjxjZW50ZXI+CjwhLS0gYm9kedPDpbWl4KXNpaSl6yAtLT4KPGltZyBzcmM9Imh0dHA6Ly9pbWFnZS5yYWt1dGVuLmNvLmpwL3dvbWFuY29sbGVjdGlvbi9jYWJpbmV0L2ltZzMvcGstMDIyX3RuYmQuanBnIiBhbHQ9IiI+PGJyPjxicj48YnI+PGJyPjxicj48YnI+Cgo8IS0tIKWtpeOlw6XBpbOl1KlgIC0tPgo8Zm9udCBjb2xvcj0iIzY2NjY2NiI+CgoKCjwvZm9udD4KCjwhLS0gpLOks6SrpOmlpKXhqWCluLutz/HpX8q8IC0tPgoKPGltZyBzcmM9Imh0dHA6Ly9pbWFnZS5yYWt1dGVuLmNvLmpwL3dvbWFuY29sbGVjdGlvbi9jYWJpbmV0L2ltZzMvcGstMDIyXzAxLmpwZyIgYWx0PSIiPjxicj48YnI+PGJyPgo8aW1nIHNyYz0iaHR0cDovL2ltYWdlLnJha3V0ZW4uY28uanAvd29tYW5jb2xsZWN0aW9uL2NhYmluZXQvaW1nMy9way0wMjJfMDIuanBnIiBhbHQ9IiI+PGJyPjxicj48YnI+CjxpbWcgc3JjPSJodHRwOi8vaW1hZ2UucmFrdXRlbi5jby5qcC93b21hbmNvbGxlY3Rpb24vY2FiaW5ldC9pbWczL3BrLTAyMl8wMy5qcGciIGFsdD0iIj48YnI+PGJyPjxicj4KPGltZyBzcmM9Imh0dHA6Ly9pbWFnZS5yYWt1dGVuLmNvLmpwL3dvbWFuY29sbGVjdGlvbi9jYWJpbmV0L2ltZzMvcGstMDIyXzA0LmpwZyIgYWx0PSIiPjxicj48YnI+PGJyPgo8aW1nIHNyYz0iaHR0cDovL2ltYWdlLnJha3V0ZW4uY28uanAvd29tYW5jb2xsZWN0aW9uL2NhYmluZXQvaW1nMy9way0wMjJfMDUuanBnIiBhbHQ9IiI+PGJyPjxicj48YnI+CjxpbWcgc3JjPSJodHRwOi8vaW1hZ2UucmFrdXRlbi5jby5qcC93b21hbmNvbGxlY3Rpb24vY2FiaW5ldC9pbWczL3BrLTAyMl8wNi5qcGciIGFsdD0iIj48YnI+PGJyPjxicj4KPGltZyBzcmM9Imh0dHA6Ly9pbWFnZS5yYWt1dGVuLmNvLmpwL3dvbWFuY29sbGVjdGlvbi9jYWJpbmV0L2ltZzMvcGstMDIyXzA3LmpwZyIgYWx0PSIiPjxicj48YnI+PGJyPgo8aW1nIHNyYz0iaHR0cDovL2ltYWdlLnJha3V0ZW4uY28uanAvd29tYW5jb2xsZWN0aW9uL2NhYmluZXQvaW1nMy9way0wMjJfMDguanBnIiBhbHQ9IiI+PGJyPjxicj48YnI+PGJyPjxicj48YnI+Cgo8IS0tIKWkpeGpYKW4u63P8b1LwcsgLS0+Cgo8IS0tIGNvbG9yIC0tPgo8aW1nIHNyYz0iaHR0cDovL2ltYWdlLnJha3V0ZW4uY28uanAvd29tYW5jb2xsZWN0aW9uL2NhYmluZXQvMDMwNTMxOTMvaW1nNTk2NjM3MzkuZ2lmIj48YnI+CjxpbWcgc3JjPSJodHRwOi8vaW1hZ2UucmFrdXRlbi5jby5qcC93b21hbmNvbGxlY3Rpb24vY2FiaW5ldC9pbWczL3BrLTAyMl9jLmpwZyI+PGJyPjxicj48YnI+PGJyPjxicj48YnI+Cgo8IS0tIGRldGFpbCAtLT4KPGltZyBzcmM9Imh0dHA6Ly9pbWFnZS5yYWt1dGVuLmNvLmpwL3dvbWFuY29sbGVjdGlvbi9jYWJpbmV0LzAzMDUzMTkzL2ltZzYwMDAzNDg0LmdpZiI+PGJyPgo8aW1nIHNyYz0iaHR0cDovL2ltYWdlLnJha3V0ZW4uY28uanAvd29tYW5jb2xsZWN0aW9uL2NhYmluZXQvaW1nMy9way0wMjJfZC5qcGciPjxicj48YnI+PGJyPjxicj48YnI+PGJyPgoKPCEtLSBzcGVjIC0tPgo8aW1nIHNyYz0iaHR0cDovL2ltYWdlLnJha3V0ZW4uY28uanAvd29tYW5jb2xsZWN0aW9uL2NhYmluZXQvMDMwNTMxOTMvaW1nNTk2NTk5OTIuZ2lmIj48YnI+Cjx0YWJsZSB3aWR0aD0iNjgwIiBib3JkZXI9IjAiIGNlbGxzcGFjaW5nPSIxIiBjZWxscGFkZGluZz0iMTAiIGJnY29sb3I9IiNjMGMwYzAiPjx0cj48dGggYmdjb2xvcj0iI2VhYWFhYSIgd2lkdGg9IjcwIj48Zm9udCBjb2xvcj0iI2ZmZmZmZiI+pbWlpKW6PC9mb250PjwvdGg+PHRkIGJnY29sb3I9IiNmZmZmZmYiPjxmb250IGNvbG9yPSIjNzc3Nzc3IiBmYWNlPSJNZWlyeW8gVUkiIHNpemU9IjIiPgoKPGI+UzwvYj48YnI+Cr501cm8czc0Y22hodDYh+y8czEwNGNtoaHRUtXJvHM3OGNtPGJyPjxicj4KCjxiPk08L2I+PGJyPgq+dNXJvHM3NmNtoaHQ2IfsvHMxMDZjbaGh0VLVybxzNzljbTxicj48YnI+Cgo8Yj5MPC9iPjxicj4KvnTVybxzNzhjbaGh0NiH7LxzMTEwY22hodFS1cm8czgwY208YnI+PGJyPgoKofnRUtXJpMikz6XNpcOlr6TO1tDQxKSrpOm856Tyzaik6tDkz8ik3qTHpM7pTKS1pMekuaGjCgo8L2ZvbnQ+PC90ZD48L3RyPjx0cj48dGggYmdjb2xvcj0iI2VhYWFhYSI+PGZvbnQgY29sb3I9IiNmZmZmZmYiPqWrpempYDwvZm9udD48L3RoPjx0ZCBiZ2NvbG9yPSIjZmZmZmZmIj48Zm9udCBjb2xvcj0iIzc3Nzc3NyIgZmFjZT0iTWVpcnlvIFVJIiBzaXplPSIyIj4KCjAxLqWwpeypYKGhR3JheQoKPC9mb250PjwvdGQ+PC90cj48L3RyPjx0cj48dGggYmdjb2xvcj0iI2VhYWFhYSI+PGZvbnQgY29sb3I9IiNmZmZmZmYiPsvYssQ8L2ZvbnQ+PC90aD48dGQgYmdjb2xvcj0iI2ZmZmZmZiI+PGZvbnQgY29sb3I9IiM3Nzc3NzciIGZhY2U9Ik1laXJ5byBVSSIgc2l6ZT0iMiI+Cgql3aXqpailuaXGpeuhoaWzpcOlyKXzCgo8L2ZvbnQ+PC90ZD48L3RyPjx0cj48dGggYmdjb2xvcj0iI2VhYWFhYSI+PGZvbnQgY29sb3I9IiNmZmZmZmYiPqWzpeGl86XIPC9mb250PjwvdGg+PHRkIGJnY29sb3I9IiNmZmZmZmYiPjxmb250IGNvbG9yPSIjNzc3Nzc3IiBzaXplPSIyIiBmYWNlPSJNZWlyeW8gVUkiPgoKofm7rc/xpM+ktNNFpMukyqTDpMakpKTrpdGlvaWzpfM/peKly6W/qWC1yKTLpOik6oxn60ikzsnMxrekyLbgydnJq862pKyukKTKpOuI9rrPpKyktKS2pKSk3qS5oaPJq862pKzfYKSmtcikzqWvpeypYKXgpM+kqsrcpLGkx6StpN6ku6TzpM6kx9PopOGhoqS0wcuz0M/CpLWkpKGjPGJyPjxicj4KofnGvdbDpK0/peGluKXjqWCS8bTnpMekuaTOpMfI9LjJpM7VYLLupKzJ+qS4pOuI9rrPpKyktKS2pKSk3qS5oaM8YnI+PGJyPgqh+bG+0XXGt6TPyfquYt9es8yky6SqpK2k3qS3pMahosn6tdik8r+XpOvrSKTO9Omkzr5ApK7Ev6TktuDJ2aTOpNukxKTspKzJ+qS4pOuks6TIpKykoqTqpN6kuaSsoaLGt9l8yc+kz4aW7n2koqTqpN6ku6TzoaOk3qS/oaLJ+rXYpM6/l6TqpMvL+7+NvlOkrLvsvI+kt6TGpKSk64j2us+k4qS0pLakpKTepLmhozxicj48YnI+CqH5yavC5KTBpM6/1qTspKyktKS2pKSk3qS5pM6kx6Giy/ukzqTipM6kyKTPt9aksaTGz7TlqqS3pMakr6TApLWkpKGjPGJyPjxicj4KofmlzaXDpa/RWaTKpMmhotF1xreky79wpKS4tqSxpMakoqTrpb+lsKTOpceltqWkpfOkz8n6rmKVcsbapMuk6KTDpMaukKTKpOuI9rrPpKyktKS2pKSk3qS5oaPT6KThpLTA7b3ipM7Jz6GipKrZSaSkx/Ok4aSvpMCktaSkpN6ku6GjCgo8L2ZvbnQ+PC90ZD48L3RyPjwvdHI+PC90YWJsZT48YnI+PGJyPjxicj48YnI+CgoKCjwhLS0gjtq45kFXIC0tPjxjZW50ZXI+CjxhIGhyZWY9aHR0cDovL2l0ZW0ucmFrdXRlbi5jby5qcC93b21hbmNvbGxlY3Rpb24vMjAxNzAxMTdfMy8+PGltZyBzcmM9aHR0cDovL2ltYWdlLnJha3V0ZW4uY28uanAvd29tYW5jb2xsZWN0aW9uL2NhYmluZXQvMS8wMS5qcGc+PC9hPjxhIGhyZWY9aHR0cDovL2l0ZW0ucmFrdXRlbi5jby5qcC93b21hbmNvbGxlY3Rpb24vMjAxNjA4MTlfMTMvPjxpbWcgc3JjPWh0dHA6Ly9pbWFnZS5yYWt1dGVuLmNvLmpwL3dvbWFuY29sbGVjdGlvbi9jYWJpbmV0LzEvMDIuanBnPjwvYT48YnI+CjxhIGhyZWY9aHR0cDovL2l0ZW0ucmFrdXRlbi5jby5qcC93b21hbmNvbGxlY3Rpb24vMjAxNTAxMTlfMS8+PGltZyBzcmM9aHR0cDovL2ltYWdlLnJha3V0ZW4uY28uanAvd29tYW5jb2xsZWN0aW9uL2NhYmluZXQvMS8wM2EuanBnPjwvYT48YSBocmVmPWh0dHA6Ly9pdGVtLnJha3V0ZW4uY28uanAvd29tYW5jb2xsZWN0aW9uLzEwMDAwNDE1Lz48aW1nIHNyYz1odHRwOi8vaW1hZ2UucmFrdXRlbi5jby5qcC93b21hbmNvbGxlY3Rpb24vY2FiaW5ldC8xLzA0LmpwZz48L2E+PGJyPgo8YSBocmVmPWh0dHA6Ly9pdGVtLnJha3V0ZW4uY28uanAvd29tYW5jb2xsZWN0aW9uLzIwMTYwNzE1XzMvPjxpbWcgc3JjPWh0dHA6Ly9pbWFnZS5yYWt1dGVuLmNvLmpwL3dvbWFuY29sbGVjdGlvbi9jYWJpbmV0LzEvMDVhLmpwZz48L2E+PGEgaHJlZj1odHRwOi8vaXRlbS5yYWt1dGVuLmNvLmpwL3dvbWFuY29sbGVjdGlvbi8yMDE3MDIyN184Lz48aW1nIHNyYz1odHRwOi8vaW1hZ2UucmFrdXRlbi5jby5qcC93b21hbmNvbGxlY3Rpb24vY2FiaW5ldC8xLzA2YS5qcGc+PC9hPjxicj4KPGEgaHJlZj1odHRwOi8vaXRlbS5yYWt1dGVuLmNvLmpwL3dvbWFuY29sbGVjdGlvbi8yMDE2MDYwOF8xLz48aW1nIHNyYz1odHRwOi8vaW1hZ2UucmFrdXRlbi5jby5qcC93b21hbmNvbGxlY3Rpb24vY2FiaW5ldC8xLzA3YS5qcGc+PC9hPjxhIGhyZWY9aHR0cDovL2l0ZW0ucmFrdXRlbi5jby5qcC93b21hbmNvbGxlY3Rpb24vMjAxNzAxMzFfMi8+PGltZyBzcmM9aHR0cDovL2ltYWdlLnJha3V0ZW4uY28uanAvd29tYW5jb2xsZWN0aW9uL2NhYmluZXQvMS8wOGEuanBnPjwvYT48YnI+CjxhIGhyZWY9aHR0cDovL2l0ZW0ucmFrdXRlbi5jby5qcC93b21hbmNvbGxlY3Rpb24vMjAxNzAzMDFfMTIvPjxpbWcgc3JjPWh0dHA6Ly9pbWFnZS5yYWt1dGVuLmNvLmpwL3dvbWFuY29sbGVjdGlvbi9jYWJpbmV0LzEvMDkuanBnPjwvYT48YSBocmVmPWh0dHA6Ly9pdGVtLnJha3V0ZW4uY28uanAvd29tYW5jb2xsZWN0aW9uLzIwMTcwMjIxXzEvPjxpbWcgc3JjPWh0dHA6Ly9pbWFnZS5yYWt1dGVuLmNvLmpwL3dvbWFuY29sbGVjdGlvbi9jYWJpbmV0LzEvMTAuanBnPjwvYT48YnI+CjxhIGhyZWY9aHR0cDovL2l0ZW0ucmFrdXRlbi5jby5qcC93b21hbmNvbGxlY3Rpb24vMjAxNzAyMjdfMTIvPjxpbWcgc3JjPWh0dHA6Ly9pbWFnZS5yYWt1dGVuLmNvLmpwL3dvbWFuY29sbGVjdGlvbi9jYWJpbmV0LzEvMTFhLmpwZz48L2E+PGEgaHJlZj1odHRwOi8vaXRlbS5yYWt1dGVuLmNvLmpwL3dvbWFuY29sbGVjdGlvbi8yMDE3MDIyM18zLz48aW1nIHNyYz1odHRwOi8vaW1hZ2UucmFrdXRlbi5jby5qcC93b21hbmNvbGxlY3Rpb24vY2FiaW5ldC8xLzEyYS5qcGc+PC9hPjxicj4KPGEgaHJlZj1odHRwOi8vaXRlbS5yYWt1dGVuLmNvLmpwL3dvbWFuY29sbGVjdGlvbi8yMDE3MDIyN18zLz48aW1nIHNyYz1odHRwOi8vaW1hZ2UucmFrdXRlbi5jby5qcC93b21hbmNvbGxlY3Rpb24vY2FiaW5ldC8xLzEzYS5qcGc+PC9hPjxhIGhyZWY9aHR0cDovL2l0ZW0ucmFrdXRlbi5jby5qcC93b21hbmNvbGxlY3Rpb24vMjAxNzAxMjRfMi8+PGltZyBzcmM9aHR0cDovL2ltYWdlLnJha3V0ZW4uY28uanAvd29tYW5jb2xsZWN0aW9uL2NhYmluZXQvMS8xNGEuanBnPjwvYT48YnI+CjxhIGhyZWY9aHR0cDovL2l0ZW0ucmFrdXRlbi5jby5qcC93b21hbmNvbGxlY3Rpb24vMjAxNjAxMjlfMS8+PGltZyBzcmM9aHR0cDovL2ltYWdlLnJha3V0ZW4uY28uanAvd29tYW5jb2xsZWN0aW9uL2NhYmluZXQvMS8xNWEuanBnPjwvYT48YSBocmVmPWh0dHBzOi8vc29rby5ybXMucmFrdXRlbi5jby5qcC93b21hbmNvbGxlY3Rpb24vMjAxNzAzMjlfMTIvPjxpbWcgc3JjPWh0dHA6Ly9pbWFnZS5yYWt1dGVuLmNvLmpwL3dvbWFuY29sbGVjdGlvbi9jYWJpbmV0LzEvMTZhLmpwZz48L2E+PGJyPgo8YSBocmVmPWh0dHA6Ly9pdGVtLnJha3V0ZW4uY28uanAvd29tYW5jb2xsZWN0aW9uLzIwMTQwMTIwXzEvPjxpbWcgc3JjPWh0dHA6Ly9pbWFnZS5yYWt1dGVuLmNvLmpwL3dvbWFuY29sbGVjdGlvbi9jYWJpbmV0LzEvMTdhLmpwZz48L2E+PGEgaHJlZj1odHRwOi8vaXRlbS5yYWt1dGVuLmNvLmpwL3dvbWFuY29sbGVjdGlvbi8yMDE0MDQyNF8yLz48aW1nIHNyYz1odHRwOi8vaW1hZ2UucmFrdXRlbi5jby5qcC93b21hbmNvbGxlY3Rpb24vY2FiaW5ldC8xLzE4YS5qcGc+PC9hPjxicj4KPGEgaHJlZj1odHRwOi8vaXRlbS5yYWt1dGVuLmNvLmpwL3dvbWFuY29sbGVjdGlvbi8yMDE1MDkwMl80Lz48aW1nIHNyYz1odHRwOi8vaW1hZ2UucmFrdXRlbi5jby5qcC93b21hbmNvbGxlY3Rpb24vY2FiaW5ldC8xLzE5YS5qcGc+PC9hPjxhIGhyZWY9aHR0cDovL2l0ZW0ucmFrdXRlbi5jby5qcC93b21hbmNvbGxlY3Rpb24vMjAxNzAzMTRfMS8+PGltZyBzcmM9aHR0cDovL2ltYWdlLnJha3V0ZW4uY28uanAvd29tYW5jb2xsZWN0aW9uL2NhYmluZXQvMS8yMGEuanBnPjwvYT48YnI+Cgo8YSBocmVmPWh0dHA6Ly9pdGVtLnJha3V0ZW4uY28uanAvd29tYW5jb2xsZWN0aW9uL2MvMDAwMDAwMDEwNS8+PGltZyBzcmM9aHR0cDovL2ltYWdlLnJha3V0ZW4uY28uanAvd29tYW5jb2xsZWN0aW9uL2NhYmluZXQvMS9iYWcxLmpwZz48L2E+PGJyPgoKPGltZyBzcmM9aHR0cDovL2ltYWdlLnJha3V0ZW4uY28uanAvd29tYW5jb2xsZWN0aW9uL2NhYmluZXQvMS9yLmpwZz48YnI+Cgo8YSBocmVmPWh0dHA6Ly9pdGVtLnJha3V0ZW4uY28uanAvd29tYW5jb2xsZWN0aW9uLzEwMDAwMjEwLz48aW1nIHNyYz1odHRwOi8vaW1hZ2UucmFrdXRlbi5jby5qcC93b21hbmNvbGxlY3Rpb24vY2FiaW5ldC8xL3NfMS5qcGc+PC9hPjxhIGhyZWY9aHR0cDovL2l0ZW0ucmFrdXRlbi5jby5qcC93b21hbmNvbGxlY3Rpb24vMTAwMDAyMDgvPjxpbWcgc3JjPWh0dHA6Ly9pbWFnZS5yYWt1dGVuLmNvLmpwL3dvbWFuY29sbGVjdGlvbi9jYWJpbmV0LzEvc18yLmpwZz48L2E+PGEgaHJlZj1odHRwOi8vaXRlbS5yYWt1dGVuLmNvLmpwL3dvbWFuY29sbGVjdGlvbi8yMDE1MDIwOV8xLz48aW1nIHNyYz1odHRwOi8vaW1hZ2UucmFrdXRlbi5jby5qcC93b21hbmNvbGxlY3Rpb24vY2FiaW5ldC8xL2EzLmpwZz48L2E+PGEgaHJlZj1odHRwOi8vaXRlbS5yYWt1dGVuLmNvLmpwL3dvbWFuY29sbGVjdGlvbi8yMDE2MDMyNV8xMC8+PGltZyBzcmM9aHR0cDovL2ltYWdlLnJha3V0ZW4uY28uanAvd29tYW5jb2xsZWN0aW9uL2NhYmluZXQvMS9zXzQuanBnPjwvYT48YnI+PGJyPgoKPCEtLSCh/aS9pM7L+6XQpcqpYKH9IC0tPgo8YSBocmVmPWh0dHA6Ly9zZWFyY2gucmFrdXRlbi5jby5qcC9zZWFyY2gvbWFsbC8lRTMlODAlOTBoYWxmJUUyJTk5JUFBJUUzJTgwJTkxLz9zaWQ9Mjc1NTc0JmY9MCZ2PTM+CjxpbWcgc3JjPWh0dHA6Ly9pbWFnZS5yYWt1dGVuLmNvLmpwL3dvbWFuY29sbGVjdGlvbi9jYWJpbmV0L2VwL3AvaGFsZl9jYWdvX3cuZ2lmPjwvYT48YnI+PGJyPgoKPCEtLSCh/VNBTEWl0KXKqWCh/SAtLT4KPGEgaHJlZj1odHRwOi8vd3d3LnJha3V0ZW4ubmUuanAvZ29sZC93b21hbmNvbGxlY3Rpb24vc2FsZS9QQ19TQUxFX0dPTEQuaHRtbD4KPGltZyBzcmM9aHR0cDovL2ltYWdlLnJha3V0ZW4uY28uanAvd29tYW5jb2xsZWN0aW9uL2NhYmluZXQvZXAvcC9wY19jYWdvX3cuZ2lmPjwvYT48YnI+PGJyPjxicj4KCjwhLS0gx7Cw62MtMjAxNjA4MjNfNOHhsOsgLS0+Cgo8IS0tIHBjIHVuZGVyIGFuY2hvcjEgLS0+CjwhLS0gcGMgdW5kZXIgYW5jaG9yMiAtLT4KCjxicj48YnI+CjxsaW5rIHJlbD0ic3R5bGVzaGVldCIgaHJlZj0iaHR0cDovL3d3dy5yYWt1dGVuLm5lLmpwL2dvbGQvd29tYW5jb2xsZWN0aW9uL2Nzcy9zdHlsZV9wYy5jc3MiPgo8c3R5bGUgdHlwZT0idGV4dC9jc3MiPgovKtlJpKTO76SrpLSky8jrpOyk66Xcpb+l8yovCiNyYWt1dGVuTGltaXRlZElkX2Fyb3VuZENhcnQgaW5wdXRbdmFsdWU9ItlJpKTO76SrpLSky8jrpOyk6yJdewpiYWNrZ3JvdW5kOiB1cmwoImh0dHA6Ly9pbWFnZS5yYWt1dGVuLmNvLmpwL3dvbWFuY29sbGVjdGlvbi9jYWJpbmV0L3AxL2NhcnQuZ2lmIikgbGVmdCB0b3Agbm8tcmVwZWF0Owp3aWR0aDoyNDJweDsKaGVpZ2h0OjU4cHg7CnRleHQtaW5kZW50OjEwMCU7CndoaXRlLXNwYWNlOm5vd3JhcDsKb3ZlcmZsb3c6aGlkZGVuOwpib3JkZXI6IG5vbmU7CnBhZGRpbmc6MDsKbWFyZ2luLXRvcDo1cHggMDsKY3Vyc29yOnBvaW50ZXI7Cn0KI3Jha3V0ZW5MaW1pdGVkSWRfYXJvdW5kQ2FydCB0Ym9keSB0ciB0ZCBpbnB1dDpob3ZlcnsKYWxwaGEob3BhY2l0eT04KTsKLW1vei1vcGFjaXR5OjAuODsKb3BhY2l0eTowLjg7CmN1cnNvcjpwb2ludGVyOwp9Cgo8IS0tdGQuaW52ZW50b3J5IGZvbnR7Zm9udC1zaXplOjEwcHg7Y29sb3I6IzY2NjY2Njt9Ci0tPgoKCjwvc3R5bGU+CjxjZW50ZXI+CjwhLS0gxOrEqcTqyrwgCjxpbWcgc3JjPWh0dHA6Ly9pbWFnZS5yYWt1dGVuLmNvLmpwL3dvbWFuY29sbGVjdGlvbi9jYWJpbmV0LzAyNzE5MzE4LzAyNzYyOTEyL25ld3llYXIuZ2lmIHdpZHRoPSI2ODAiPjxCUj4KLS0+Cgo8IS0tIHNhbGUgIAoKPGltZyBzcmM9Imh0dHA6Ly9pbWFnZS5yYWt1dGVuLmNvLmpwL3dvbWFuY29sbGVjdGlvbi9jYWJpbmV0L2VwL3AvaW5mb3JtYXRpb24uZ2lmIiB3aWR0aD0iNjgwIj48YnI+Ci0tPgoKPCEtLSBjb3Vwb24gCjxpbWcgc3JjPSJodHRwOi8vaW1hZ2UucmFrdXRlbi5jby5qcC93b21hbmNvbGxlY3Rpb24vY2FiaW5ldC9wMS9nZXRzLmdpZiIgd2lkdGg9IjY4MCI+PEJSPgo8aW1nIHNyYz0iaHR0cDovL2ltYWdlLnJha3V0ZW4uY28uanAvd29tYW5jb2xsZWN0aW9uL2NhYmluZXQvYy9wYzMwMC5naWYiIHdpZHRoPSIyMjAiPjxpbWcgc3JjPSJodHRwOi8vaW1hZ2UucmFrdXRlbi5jby5qcC93b21hbmNvbGxlY3Rpb24vY2FiaW5ldC9jL3BjNjAwLmdpZiIgd2lkdGg9IjIyMCI+PGltZyBzcmM9Imh0dHA6Ly9pbWFnZS5yYWt1dGVuLmNvLmpwL3dvbWFuY29sbGVjdGlvbi9jYWJpbmV0L2MvcGMxMDAwLmdpZiIgd2lkdGg9IjIyMCI+PGJyPjxicj48YnI+CgoKPGltZyBzcmM9Imh0dHA6Ly9pbWFnZS5yYWt1dGVuLmNvLmpwL3dvbWFuY29sbGVjdGlvbi9jYWJpbmV0L3AxL2dvLXNhbGUuZ2lmIiB3aWR0aD0iNjgwIj48YnI+PEJSPjxCUj4KLS0+Cgo8IS0tIGFmdGVyIHNhbGUgIAoKPGltZyBzcmM9Imh0dHA6Ly9pbWFnZS5yYWt1dGVuLmNvLmpwL3dvbWFuY29sbGVjdGlvbi9jYWJpbmV0L2VwL3AvaW5mb3JtYXRpb25fYXMyLmdpZiIgd2lkdGg9IjY4MCI+PGJyPjxicj4KCgo8aW1nIHNyYz0iaHR0cDovL2ltYWdlLnJha3V0ZW4uY28uanAvd29tYW5jb2xsZWN0aW9uL2NhYmluZXQvcDEvZ28tc2FsZS5naWYiIHdpZHRoPSI2ODAiPjxicj48QlI+PEJSPgotLT4=,pdGpYKWrqWAgpe+l86XUqWCluSCl0algpaupYKXvpfOl1CCl1algpckg6UzQ5CCl7KXHpaOpYKW5IKXXpeulqqlgpdCpYCDH7yC2rCDRWcbww6sgpKuk76SkpKQgpcilw6XXpbkgpKKkw6S/pKsgxa+kqyClsKXsqWAgpd2lsaXDpcggzOXQzaWrpdCpYCDXxaTkpLsgpeupYKXgpaalp6WiILK/zt3XxSCl6qXppcOlr6W5IKW5pcil7KW5pdWl6qlgIFMgTSBMIFtway0wMjJdo7pXb21hbiBDb2xsZWN0aW9u,pdGpYKWrqWAgpe+l86XUqWCluSCl0algpaupYKXvpfOl1CCl1algpckg6UzQ5CCl7KXHpaOpYKW5IKXXpeulqqlgpdCpYCDH7yC2rCDRWcbww6sgpKuk76SkpKQgpcilw6XXpbkgpKKkw6S/pKsgxa+kqyClsKXsqWAgpd2lsaXDpcggzOXQzaWrpdCpYCDXxaTkpLsgpeupYKXgpaalp6WiILK/zt3XxSCl6qXppcOlr6W5IKW5pcil7KW5pdWl6qlgIFMgTSBMIFtway0wMjJd,pdGpYKWrqWAgpe+l86XUqWCluSCl0algpaupYKXvpfOl1CCl1algpckg6UzQ5CCl7KXHpaOpYKW5oaOl0algpaupYCCl76XzpdSpYKW5IKXRqWClq6lgpe+l86XUIKXVqWClySDpTNDkIKXspcelo6lgpbkgpdel66WqqWCl0KlgIMfvILasINFZxvDDqyCkq6TvpKSkpCClyKXDpdeluSCkoqTDpL+kqyDFr6SrIKWwpeypYCCl3aWxpcOlyCDM5dDNpaul0KlgINfFpOSkuyCl66lgpeClpqWnpaIgsr/O3dfFIKXqpemlw6WvpbkgpbmlyKXspbml1aXqqWAgUyBNIEwgW3BrLTAyMl0=[rn]
31-77542,aHR0cDovL3RzaG9wLnIxMHMuanAvYWNkY3JhZy9jYWJpbmV0L3BhcmthL3B1bmtzLXNzL2hrLTExMjQ1XzAuanBnP2ZpdGluPTcwMDo3MDA=,MjUwNS42MDAw,,peylx6WjqWCluaXVpaGlw6W3peel8yA+IKXIpcOl16W5ID4gpdGpYKWrqWA=,pbil56WipfOlzqlgpbml6qlgpdZCSUel0algpaupYCCl0aXzpa8gpe2lw6WvIKXRqWClq6lgIFbPtSCl1aWhpcOlt6XnpfMgpdCl86WupeMgpc6pYKW5peqpYKXWIKXZpbmlyCDUrcvez7Ugx+DOxNfWz7UgpdWloaXDpbel56XzIKWvpe2luSDKrtfWvNwgpe2l86Ww1ckg/FwgsNcgpdSl86WvIEFDREMgQUNEQ1JBRw==,pdGl86WvpMqlzqlgpbml6qlgpdal0algpaupYKOhpdGl86Wvpe2lw6WvpdWloaXDpbel56XzpMs/,PHRhYmxlIGJvcmRlcj0iMCIgd2lkdGg9IjYxMCIgY2VsbHBhZGRpbmc9IjAiIGNlbGxzcGFjaW5nPSIwIj4KCjx0cj4KPHRkIGFsaWduPSJjZW50ZXIiPjxpbWcgc3JjPSJodHRwOi8vaW1hZ2UucmFrdXRlbi5jby5qcC9hY2RjcmFnL2NhYmluZXQvaXRlbS9pbWFnZTAxLmpwZyIgd2lkdGg9IjYxMCIgaGVpZ2h0PSI2NSIgYm9yZGVyPSIwIj4KPC90ZD4KPC90cj4KCjx0cj4KPHRkIGFsaWduPSJjZW50ZXIiIHN0eWxlPSJib3JkZXItbGVmdDpzb2xpZCA1cHggI2ZkY2JlOTsgYm9yZGVyLXJpZ2h0OnNvbGlkIDVweCAjZmRjYmU5OyIgYmdjb2xvcj0iI2RkMzQ4NSI+Cgo8IS0tqIvSu7estPOkraSkyczGt6WkpeGpYKW4u63P8SC3+TU2MHB4LS0+CjxpbWcgc3JjPSJodHRwOi8vaW1hZ2UucmFrdXRlbi5jby5qcC9hY2RjcmFnL2NhYmluZXQvcGFya2EvcHVua3Mtc3MvaGstMTEyNDVfMC5qcGciIHdpZHRoPSI1NjAiIGJvcmRlcj0iMCIgYWx0PSKl3aXzpcGl5y+lsalgpdcvpbSluaXtpeovpe2l6qlgpb8iPgoKPC90ZD4KPC90cj4KCjx0cj4KPHRkIGFsaWduPSJjZW50ZXIiPjxpbWcgc3JjPSJodHRwOi8vaW1hZ2UucmFrdXRlbi5jby5qcC9hY2RjcmFnL2NhYmluZXQvaXRlbS9pbWFnZTAyLmpwZyIgd2lkdGg9IjYxMCIgaGVpZ2h0PSI2NSIgYm9yZGVyPSIwIj48YnI+CjwvdGQ+CjwvdHI+Cgo8L3RhYmxlPgo8YnI+Cgo8aHI+CjxoMz6hvtfFu9ikt6TOpK2kr6XOqWCluaXqqWCl1qXRqWClq6lgP6G/PC9oMz4KPCEtLaiLMcHQILf5NjAwcHgtLT4KPHRhYmxlIGJvcmRlcj0iMCIgd2lkdGg9IjYxMCIgY2VsbHBhZGRpbmc9IjAiIGNlbGxzcGFjaW5nPSIwIj4KPHRyIHZhbGlnbj0idG9wIiBhbGlnbj0iY2VudGVyIj4KPHRkPjxpbWcgc3JjPSJodHRwOi8vaW1hZ2UucmFrdXRlbi5jby5qcC9hY2RjcmFnL2NhYmluZXQvcGFya2EvcHVua3Mtc3MvaGstMTEyNDVfMS5qcGciIGJvcmRlcj0iMCIgd2lkdGg9IjYwMCIgYWx0PSKluKXnpaKl86XOqWCluaXqqWCl1kJJR6XRqWClq6lgL6XRpfOlry+l7aXDpa8vpe2l6qlgpb8iPjwvdGQ+CjwvdHI+CjwvdGFibGU+Cjxicj4KPGJyPgo8YnI+Cgo8IS0tqIsxwdAgt/k2MDBweC0tPgo8dGFibGUgYm9yZGVyPSIwIiB3aWR0aD0iNjEwIiBjZWxscGFkZGluZz0iMCIgY2VsbHNwYWNpbmc9IjAiPgo8dHIgdmFsaWduPSJ0b3AiIGFsaWduPSJjZW50ZXIiPgo8dGQ+PGltZyBzcmM9Imh0dHA6Ly9pbWFnZS5yYWt1dGVuLmNvLmpwL2FjZGNyYWcvY2FiaW5ldC9wYXJrYS9wdW5rcy1zcy9oay0xMTI0NV8yLmpwZyIgYm9yZGVyPSIwIiB3aWR0aD0iNjAwIiBhbHQ9IqW4peeloqXzpc6pYKW5peqpYKXWQklHpdGpYKWrqWAvpdGl86WvL6XtpcOlry+l7aXqqWClvyI+PC90ZD4KPC90cj4KPC90YWJsZT4KPGJyPgo8YnI+Cjxicj4KCjwhLS2oizHB0CC3+TYwMHB4LS0+Cjx0YWJsZSBib3JkZXI9IjAiIHdpZHRoPSI2MTAiIGNlbGxwYWRkaW5nPSIwIiBjZWxsc3BhY2luZz0iMCI+Cjx0ciB2YWxpZ249InRvcCIgYWxpZ249ImNlbnRlciI+Cjx0ZD48aW1nIHNyYz0iaHR0cDovL2ltYWdlLnJha3V0ZW4uY28uanAvYWNkY3JhZy9jYWJpbmV0L3BhcmthL3B1bmtzLXNzL2hrLTExMjQ1XzMuanBnIiBib3JkZXI9IjAiIHdpZHRoPSI2MDAiIGFsdD0ipbil56WipfOlzqlgpbml6qlgpdZCSUel0algpaupYC+l0aXzpa8vpe2lw6WvL6XtpeqpYKW/Ij48L3RkPgo8L3RyPgo8L3RhYmxlPgo8YnI+Cjxicj4KPGJyPgoKCjwhLS2oi9fF08MgpLOks6SrpOktLT4KCjwhLS2oizHB0CC3+TYwMHB4LS0+Cjx0YWJsZSBib3JkZXI9IjAiIHdpZHRoPSI2MTAiIGNlbGxwYWRkaW5nPSIwIiBjZWxsc3BhY2luZz0iMCI+Cjx0ciB2YWxpZ249InRvcCIgYWxpZ249ImNlbnRlciI+Cjx0ZD48aW1nIHNyYz0iaHR0cDovL2ltYWdlLnJha3V0ZW4uY28uanAvYWNkY3JhZy9jYWJpbmV0L3BhcmthL3B1bmtzLXNzL2hrLTExMjQ1XzQuanBnIiBib3JkZXI9IjAiIHdpZHRoPSI2MDAiIGFsdD0ipbil56WipfOlzqlgpbml6qlgpdZCSUel0algpaupYC+l0aXzpa8vpe2lw6WvL6XtpeqpYKW/Ij48L3RkPgo8L3RyPgo8L3RhYmxlPgo8YnI+Cjxicj4KPGJyPgoKPCEtLaiLMcHQILf5NjAwcHgtLT4KPHRhYmxlIGJvcmRlcj0iMCIgd2lkdGg9IjYxMCIgY2VsbHBhZGRpbmc9IjAiIGNlbGxzcGFjaW5nPSIwIj4KPHRyIHZhbGlnbj0idG9wIiBhbGlnbj0iY2VudGVyIj4KPHRkPjxpbWcgc3JjPSJodHRwOi8vaW1hZ2UucmFrdXRlbi5jby5qcC9hY2RjcmFnL2NhYmluZXQvcGFya2EvcHVua3Mtc3MvaGstMTEyNDVfNS5qcGciIGJvcmRlcj0iMCIgd2lkdGg9IjYwMCIgYWx0PSKluKXnpaKl86XOqWCluaXqqWCl1kJJR6XRqWClq6lgL6XRpfOlry+l7aXDpa8vpe2l6qlgpb8iPjwvdGQ+CjwvdHI+CjwvdGFibGU+Cjxicj4KCjxocj4KPGJyPgo8Yj6h8qWzqWClx6WipaSlxqXgpM+ks6TBpOk8L2I+PGJyPgqh+jxhIGhyZWY9Imh0dHA6Ly9pdGVtLnJha3V0ZW4uY28uanAvYWNkY3JhZy9rby0yMjEtYV9ucy8iIHRhcmdldD0iX2JsYW5rIj6lrKlgpbylzqlgpbml6qlgpdZUpbel46XEPC9hPjxicj4Kofo8YSBocmVmPSJodHRwOi8vaXRlbS5yYWt1dGVuLmNvLmpwL2FjZGNyYWcvanItMjQ0LyIgdGFyZ2V0PSJfYmxhbmsiPjal3KW/pfOluaWrqWClyDwvYT48YnI+CqH6pdypYKXAqWCly6lgpc+lpCi16u5ez962qNicidNcNTAwK8uwKTxicj4KPGJyPgo8aHI+Cjxicj4KPGJyPgo8YnI+CgoKPCEtLaiLpcelo6XGqWCl6yCks6SzpKuk6S0tPgoKPCEtLaiLMcHQILf5NjAwcHgtLT4KPHRhYmxlIGJvcmRlcj0iMCIgd2lkdGg9IjYxMCIgY2VsbHBhZGRpbmc9IjAiIGNlbGxzcGFjaW5nPSIwIj4KPHRyIHZhbGlnbj0idG9wIiBhbGlnbj0iY2VudGVyIj4KPHRkPjxpbWcgc3JjPSJodHRwOi8vaW1hZ2UucmFrdXRlbi5jby5qcC9hY2RjcmFnL2NhYmluZXQvcGFya2EvcHVua3Mtc3MvaGstMTEyNDVfNi5qcGciIGJvcmRlcj0iMCIgd2lkdGg9IjYwMCIgYWx0PSKluKXnpaKl86XOqWCluaXqqWCl1kJJR6XRqWClq6lgL6XRpfOlry+l7aXDpa8vpe2l6qlgpb8iPjwvdGQ+CjwvdHI+CjwvdGFibGU+Cjxicj4KPGJyPgo8YnI+Cgo8IS0tqIsxwdAgt/k2MDBweC0tPgo8dGFibGUgYm9yZGVyPSIwIiB3aWR0aD0iNjEwIiBjZWxscGFkZGluZz0iMCIgY2VsbHNwYWNpbmc9IjAiPgo8dHIgdmFsaWduPSJ0b3AiIGFsaWduPSJjZW50ZXIiPgo8dGQ+PGltZyBzcmM9Imh0dHA6Ly9pbWFnZS5yYWt1dGVuLmNvLmpwL2FjZGNyYWcvY2FiaW5ldC9wYXJrYS9wdW5rcy1zcy9oay0xMTI0NV83LmpwZyIgYm9yZGVyPSIwIiB3aWR0aD0iNjAwIiBhbHQ9IqW4peeloqXzpc6pYKW5peqpYKXWQklHpdGpYKWrqWAvpdGl86WvL6XtpcOlry+l7aXqqWClvyI+PC90ZD4KPC90cj4KPC90YWJsZT4KPGJyPgo8YnI+Cjxicj4KCjwhLS2oizHB0CC3+TYwMHB4LS0+Cjx0YWJsZSBib3JkZXI9IjAiIHdpZHRoPSI2MTAiIGNlbGxwYWRkaW5nPSIwIiBjZWxsc3BhY2luZz0iMCI+Cjx0ciB2YWxpZ249InRvcCIgYWxpZ249ImNlbnRlciI+Cjx0ZD48aW1nIHNyYz0iaHR0cDovL2ltYWdlLnJha3V0ZW4uY28uanAvYWNkY3JhZy9jYWJpbmV0L3BhcmthL3B1bmtzLXNzL2hrLTExMjQ1XzguanBnIiBib3JkZXI9IjAiIHdpZHRoPSI2MDAiIGFsdD0ipbil56WipfOlzqlgpbml6qlgpdZCSUel0algpaupYC+l0aXzpa8vpe2lw6WvL6XtpeqpYKW/Ij48L3RkPgo8L3RyPgo8L3RhYmxlPgo8YnI+Cjxicj4KPGJyPgoKPCEtLaiLMcHQILf5NjAwcHgtLT4KPHRhYmxlIGJvcmRlcj0iMCIgd2lkdGg9IjYxMCIgY2VsbHBhZGRpbmc9IjAiIGNlbGxzcGFjaW5nPSIwIj4KPHRyIHZhbGlnbj0idG9wIiBhbGlnbj0iY2VudGVyIj4KPHRkPjxpbWcgc3JjPSJodHRwOi8vaW1hZ2UucmFrdXRlbi5jby5qcC9hY2RjcmFnL2NhYmluZXQvcGFya2EvcHVua3Mtc3MvaGstMTEyNDVfOS5qcGciIGJvcmRlcj0iMCIgd2lkdGg9IjYwMCIgYWx0PSKluKXnpaKl86XOqWCluaXqqWCl1kJJR6XRqWClq6lgL6XRpfOlry+l7aXDpa8vpe2l6qlgpb8iPjwvdGQ+CjwvdHI+CjwvdGFibGU+Cjxicj4KPGJyPgo8YnI+Cgo8IS0tqIsxwdAgt/k2MDBweC0tPgo8dGFibGUgYm9yZGVyPSIwIiB3aWR0aD0iNjEwIiBjZWxscGFkZGluZz0iMCIgY2VsbHNwYWNpbmc9IjAiPgo8dHIgdmFsaWduPSJ0b3AiIGFsaWduPSJjZW50ZXIiPgo8dGQ+PGltZyBzcmM9Imh0dHA6Ly9pbWFnZS5yYWt1dGVuLmNvLmpwL2FjZGNyYWcvY2FiaW5ldC9wYXJrYS9wdW5rcy1zcy9oay0xMTI0NV8xMC5qcGciIGJvcmRlcj0iMCIgd2lkdGg9IjYwMCIgYWx0PSKluKXnpaKl86XOqWCluaXqqWCl1kJJR6XRqWClq6lgL6XRpfOlry+l7aXDpa8vpe2l6qlgpb8iPjwvdGQ+CjwvdHI+CjwvdGFibGU+Cjxicj4KPGJyPgo8YnI+CgoKPCEtLaiLpbOl4aXzpcggpLOks6SrpOktLT4KPGhyPgo8YnI+CkFDREOl7aXzpbClu6XpqWCloqWkpcal4KGiPGJyPgql0aXzpa/PtaXOqWCluaXqqWCl1qXRqWClq6lgoaM8YnI+PGJyPgoK0NjUqqTOpdGl86WvpMql16XqpfOlyKGiWklQpd2lsaXDpcihoqW5pb+lw6W6oaKhojxicj4Kpa+pYKXr0qrL2KTy1JGk4d56pPOkwKXHpaOlxqlgpeuhozxicj4KpdKlw6XXpN6kx6S5pMOk3aTq60yk7KTrpe2l86Ww1cmlt6Xrpailw6XIpKykq6TDpLOkpKSkPzxicj48YnI+CgrPxKTLpM+lv6Xzpa+lyKXDpdekyKSipO+ku6TGoaM8YnI+CrS6oaLH76TPpe2l81Sk5KXIpeypYKXKqWCkyKSipO+ku6TrpM6krKWqpbmluaXhofI8YnI+PGJyPgoKpdGl86WvfqXtpeqpYKW/pN6kx6WrpdCpYKTHpK2k6zPJq9W56V+hozxicj4KxNDQ1KTHpOLXxaTspOuk5qTDpL+k6qW1paSluqTHpLmh8jxicj48YnI+Cgo8aHI+Cjxicj4KPCEtLaiLMcHQILf5NjAwcHgtLT4KPHRhYmxlIGJvcmRlcj0iMCIgd2lkdGg9IjYxMCIgY2VsbHBhZGRpbmc9IjAiIGNlbGxzcGFjaW5nPSIwIj4KPHRyIHZhbGlnbj0idG9wIiBhbGlnbj0iY2VudGVyIj4KPHRkPjxpbWcgc3JjPSJodHRwOi8vaW1hZ2UucmFrdXRlbi5jby5qcC9hY2RjcmFnL2NhYmluZXQvcGFya2EvcHVua3Mtc3MvaGstMTEyNDVfMTEuanBnIiBib3JkZXI9IjAiIHdpZHRoPSI2MDAiIGFsdD0ipbil56WipfOlzqlgpbml6qlgpdZCSUel0algpaupYC+l0aXzpa8vpe2lw6WvL6XtpeqpYKW/Ij48L3RkPgo8L3RyPgo8L3RhYmxlPgoKPGJyPgo8aHI+Cgo8YnI+Cjxmb250IGNvbG9yPXJlZD48Yj6hvrTzwb/Zj8jrpPKktJfK05HW0KTOpKq/zZiUob88L2I+PC9mb250Pjxicj4KPGZvbnQgc2l6ZT0iNCI+CqSqv82YlKTOpLTPo837w7bK/aTypKrWqqTppLvPwqS1pKSho9TnvLGky9axhtO16qTopOqkqsihpOq8xKS7pLWku6TG7ZSkraTepLmhozxicj4KtbHJzMa3pM6huNlJpKTO76SrpLShuaTOz8Kky6S0pLakpKTepLmhuMnMxreky6TEpKSkxqTOhpakpLrPpO+ku6G5pOik6jxicj4KpKqGlqSkus+k76S77ZSkr6SroaLPwtObpKrritSSpMukxqSqmt3dWKTLpKqGlqSkus+k76S7z8KktaSkpN6ku6GjPGJyPgo8YnI+CjykqoaWpKS6z6TvpLvPyD48YnI+CkFDREMgUkFHIFdlYrWjtbE8YnI+ClRlbCA6IDA0NS00NzktMzY5Njxicj4Kyty4tpVy6WcgMTA6MDChqzE5OjAwPGJyPjxicj4KCqH5xrfH0KTstciky6TopOqhoqS0z6PN+8O2yv2k8qS0nMqC5LP2wLSkyqSkiPa6z6Ti0/nX+aSkpN6kuaGjPGJyPgqkvaTO60ikz6GipLTBy7PQz8KktaSkpN6kuZiUpKruiqSkyeqkt8nPpLKk3qS5oaMKPC9mb250Pgo8YnI+Cjxicj4KCjxocj4KCjxicj4KPGZvbnQgY29sb3I9cmVkPjxiPqG+uqPN4sXky80tSW50ZXJuYXRpb25hbCBzaGlwcGluZy2hvzwvYj48L2ZvbnQ+PGJyPgo8YSBocmVmPSJodHRwOi8vZXZlbnQucmFrdXRlbi5jby5qcC9ib3JkZXJsZXNzL2luZm9zZXJ2aWNlLyI+Cjxmb250IHNpemU9IjQiIGNvbG9yPSJuYXZ5Ij48dT6YU8zsufrrSMXky82Mnc/zyczGt6OouqPN4sXky80pPC91PjwvZm9udD48L2E+PGJyPgo8YSBocmVmPSJodHRwOi8vZ2xvYmFsLnJha3V0ZW4uY29tL2VuL2hlbHAvIj4KPGZvbnQgc2l6ZT0iNCIgY29sb3I9Im5hdnkiPjx1PkludGVybmF0aW9uYWwgU2hpcHBpbmcgaXMgaGVyZTwvdT48L2ZvbnQ+PC9hPjxicj4KPGJyPgoKPGhyPgoKPGJyPgo8Zm9udCBjb2xvcj1yZWQ+PGI+ob7F5N9fyNWVcta4tqik8qS0z6PN+6S1pOyk66Sqv82YlKG/PC9iPjwvZm9udD48YnI+Cjxmb250IHNpemU9IjQiPgrF5MvN1ri2qMjVpM+ktNeizsTI1aTopOoxMMjV0tTE2qTOyNWky8/epOmku6TG7ZSkraTepLmhozxicj4KpL2k7NLUvbWkzqS016LOxKTL6Xakt6TepLekxqTP1Vyky8nqpLfUVdP51/mkpKTepLuk86SsPGJyPgqkqsrcpLGkuaTrpLOkyKSspMekraTepLuk86Gj0+ik4aGipLTBy7PQpK+kwKS1pKShozxicj4KPGJyPgqkqr3spLGkzsjVpM6ktNa4tqikz6S016LOxKTO60iky4Lkv7yZ2qTLpLTTm8jrz8KktaSkoaMKPC9mb250Pjxicj4KPGJyPgoKPGhyPgoKCjwvdGQ+PC90cj4KPC90YWJsZT48YnI+CjwhLS2oi6SipLmYU6SzpLOkq6TpLS0+Cjx0YWJsZSB3aWR0aD0iMTAwJSIgYm9yZGVyPSIwIiBjZWxscGFkZGluZz0iMCIgY2VsbHNwYWNpbmc9IjIiIGFsaWduPSJjZW50ZXIiPgo8dHIgYWxpZ249ImxlZnQiPgo8dGQgd2lkdGg9IjEwMCUiPjxpbWcgc3JjPSJodHRwczovL2ltYWdlLnJha3V0ZW4uY28uanAvYWNkY3JhZy9jYWJpbmV0L2NvbW1vbi9hc3VyYWt1LmpwZyIgd2lkdGg9IjEwMCUiIGFsdD0ipKKkuZhTIj48L3RkPgo8L3RyPgo8L3RhYmxlPgoKPGJyPgoKPCEtLaiLpaSl2aXzpciks6SzpKuk6S0tPgo8dGFibGUgd2lkdGg9IjEwMCUiIGJvcmRlcj0iMCIgY2VsbHBhZGRpbmc9IjAiIGNlbGxzcGFjaW5nPSIyIiBhbGlnbj0iY2VudGVyIj4KPHRyIGFsaWduPSJsZWZ0Ij4KPHRkIHdpZHRoPSIxMDAlIj48aW1nIHNyYz0iaHR0cHM6Ly9pbWFnZS5yYWt1dGVuLmNvLmpwL2FjZGNyYWcvY2FiaW5ldC90b2t1c3l1L2thZ28tZXZlbnQzLmpwZyIgd2lkdGg9IjEwMCUiIGFsdD0ipaSl2aXzpcil6qW5pcgiPjwvdGQ+CjwvdHI+CjwvdGFibGU+Cgo8IS0tqIu086XQpcqpYKSzpLOkq6TpLS0+Cjx0YWJsZSB3aWR0aD0iMTAwJSIgYm9yZGVyPSIwIiBjZWxscGFkZGluZz0iMCIgY2VsbHNwYWNpbmc9IjIiIGFsaWduPSJjZW50ZXIiPgo8dHIgYWxpZ249ImxlZnQiPgo8dGQgd2lkdGg9IjEwMCUiPjxpbWcgc3JjPSJodHRwczovL2ltYWdlLnJha3V0ZW4uY28uanAvYWNkY3JhZy9jYWJpbmV0L3Rva3VzeXUvMjAxN3RlZV8zLmpwZyIgYWx0PSIyMDE3VKW3peOlxCIgd2lkdGg9IjEwMCUiPjwvdGQ+IAo8L3RyPiA8L3RhYmxlPgoKPHRhYmxlIHdpZHRoPSIxMDAlIiBib3JkZXI9IjAiIGNlbGxwYWRkaW5nPSIwIiBjZWxsc3BhY2luZz0iMiIgYWxpZ249ImNlbnRlciI+Cjx0ciBhbGlnbj0ibGVmdCI+Cjx0ZCB3aWR0aD0iMTAwJSI+PGltZyBzcmM9Imh0dHA6Ly9pbWFnZS5yYWt1dGVuLmNvLmpwL2FjZGNyYWcvY2FiaW5ldC8wNDI1NTQ2NC9oZWFkZXIvYmFubmVyXzA3LmpwZyIgYWx0PSIyMDE3tLrPxNDC1/ciIHdpZHRoPSIxMDAlIj48L3RkPgo8L3RyPgo8L3RhYmxlPgoKPGJyPgoKPCEtLaiLpdSlw6WvpaKlw6XXpLOks6SrpOktLT4KPHRhYmxlIHdpZHRoPSIxMDAlIiBib3JkZXI9IjAiIGNlbGxwYWRkaW5nPSIwIiBjZWxsc3BhY2luZz0iMiIgYWxpZ249ImNlbnRlciI+Cjx0ciBhbGlnbj0ibGVmdCI+Cjx0ZCB3aWR0aD0iMTAwJSI+PGltZyBzcmM9Imh0dHBzOi8vaW1hZ2UucmFrdXRlbi5jby5qcC9hY2RjcmFnL2NhYmluZXQvdG9rdXN5dS9rYWdvLXBpY2t1cC5qcGciIHdpZHRoPSIxMDAlIiBhbHQ9IqXUpcOlr6WipcOl1yI+PC90ZD4KPC90cj4KPC90YWJsZT4KCjwhLS2oi9bQpdClyqlgpLOks6SrpOktLT4KPHRhYmxlIHdpZHRoPSIxMDAlIiBib3JkZXI9IjAiIGNlbGxwYWRkaW5nPSIwIiBjZWxsc3BhY2luZz0iMiIgYWxpZ249ImNlbnRlciI+Cgo8dHIgYWxpZ249ImxlZnQiPgo8dGQgd2lkdGg9IjQ5JSI+PGltZyBzcmM9Imh0dHBzOi8vaW1hZ2UucmFrdXRlbi5jby5qcC9hY2RjcmFnL2NhYmluZXQvY29tbW9uL21iYW5uZXJfMS5qcGciIGFsdD0iUFBHISIgd2lkdGg9IjEwMCUiPgo8L3RkPgo8dGQgd2lkdGg9IjQ5JSI+PGltZyBzcmM9Imh0dHBzOi8vaW1hZ2UucmFrdXRlbi5jby5qcC9hY2RjcmFnL2NhYmluZXQvY29tbW9uL21iYW5uZXJfMi5qcGciIGFsdD0iMjAxN1NT0MLX9yIgd2lkdGg9IjEwMCUiPgo8L3RkPgo8L3RyPgoKPHRyIGFsaWduPSJsZWZ0Ij4KPHRkIHdpZHRoPSI0OSUiPjxpbWcgc3JjPSJodHRwczovL2ltYWdlLnJha3V0ZW4uY28uanAvYWNkY3JhZy9jYWJpbmV0L2NvbW1vbi9tYmFubmVyXzMuanBnIiBhbHQ9IqXiqWClyaXRpfOlryIgd2lkdGg9IjEwMCUiPgo8L3RkPgo8dGQgd2lkdGg9IjQ5JSI+PGltZyBzcmM9Imh0dHBzOi8vaW1hZ2UucmFrdXRlbi5jby5qcC9hY2RjcmFnL2NhYmluZXQvY29tbW9uL21iYW5uZXJfNC5qcGciIGFsdD0ipcGl46WkpcoiIHdpZHRoPSIxMDAlIj4KPC90ZD4KPC90cj4KCjx0ciBhbGlnbj0ibGVmdCI+Cjx0ZCB3aWR0aD0iNDklIj48aW1nIHNyYz0iaHR0cHM6Ly9pbWFnZS5yYWt1dGVuLmNvLmpwL2FjZGNyYWcvY2FiaW5ldC9jb21tb24vbWJhbm5lcl81LmpwZyIgYWx0PSJLRVJBIZL33WQiIHdpZHRoPSIxMDAlIj4KPC90ZD4KPHRkIHdpZHRoPSI0OSUiPjxpbWcgc3JjPSJodHRwczovL2ltYWdlLnJha3V0ZW4uY28uanAvYWNkY3JhZy9jYWJpbmV0L2NvbW1vbi9tYmFubmVyXzYuanBnIiBhbHQ9IqWkpfOluaW/IiB3aWR0aD0iMTAwJSI+CjwvdGQ+CjwvdHI+Cgo8dHIgYWxpZ249ImxlZnQiPgo8dGQgd2lkdGg9IjQ5JSI+PGltZyBzcmM9Imh0dHBzOi8vaW1hZ2UucmFrdXRlbi5jby5qcC9hY2RjcmFnL2NhYmluZXQvY29tbW9uL21iYW5uZXJfNy5qcGciIGFsdD0ipbOluKWzpbgiIHdpZHRoPSIxMDAlIj4KPC90ZD4KPHRkIHdpZHRoPSI0OSUiPjxpbWcgc3JjPSJodHRwczovL2ltYWdlLnJha3V0ZW4uY28uanAvYWNkY3JhZy9jYWJpbmV0L2NvbW1vbi9tYmFubmVyXzguanBnIiBhbHQ9IqTKpOHDqCIgd2lkdGg9IjEwMCUiPgo8L3RkPgo8L3RyPgoKPHRyIGFsaWduPSJsZWZ0Ij4KPHRkIHdpZHRoPSI0OSUiPjxpbWcgc3JjPSJodHRwczovL2ltYWdlLnJha3V0ZW4uY28uanAvYWNkY3JhZy9jYWJpbmV0L2NvbW1vbi9tYmFubmVyXzkuanBnIiBhbHQ9IqXRpfOlwCIgd2lkdGg9IjEwMCUiPgo8L3RkPgo8dGQgd2lkdGg9IjQ5JSI+PGltZyBzcmM9Imh0dHBzOi8vaW1hZ2UucmFrdXRlbi5jby5qcC9hY2RjcmFnL2NhYmluZXQvY29tbW9uL21iYW5uZXJfMTAuanBnIiBhbHQ9IsOozNi8ryIgd2lkdGg9IjEwMCUiPgo8L3RkPgo8L3RyPgoKPHRyIGFsaWduPSJsZWZ0Ij4KPHRkIHdpZHRoPSI0OSUiPjxpbWcgc3JjPSJodHRwczovL2ltYWdlLnJha3V0ZW4uY28uanAvYWNkY3JhZy9jYWJpbmV0L2NvbW1vbi9tYmFubmVyXzExLmpwZyIgYWx0PSKzrNSty97PtaWtpeKlziIgd2lkdGg9IjEwMCUiPgo8L3RkPgo8dGQgd2lkdGg9IjQ5JSI+PGltZyBzcmM9Imh0dHBzOi8vaW1hZ2UucmFrdXRlbi5jby5qcC9hY2RjcmFnL2NhYmluZXQvY29tbW9uL21iYW5uZXJfMTIuanBnIiBhbHQ9IrnHIiB3aWR0aD0iMTAwJSI+CjwvdGQ+CjwvdHI+Cgo8L3RhYmxlPgoKPGJyPgoKPCEtLaiLMTAwMIPS0tTPwqSzpLOkq6TpLS0+Cjx0YWJsZSB3aWR0aD0iMTAwJSIgYm9yZGVyPSIwIiBjZWxscGFkZGluZz0iMCIgY2VsbHNwYWNpbmc9IjIiIGFsaWduPSJjZW50ZXIiPgo8dHIgYWxpZ249ImxlZnQiPgo8dGQgd2lkdGg9IjEwMCUiPjxpbWcgc3JjPSJodHRwczovL2ltYWdlLnJha3V0ZW4uY28uanAvYWNkY3JhZy9jYWJpbmV0L3Rva3VzeXUva2Fnby0xMDAweWVuMi5qcGciIHdpZHRoPSIxMDAlIiBhbHQ9IjEwMDCD0tLUz8IiPjwvdGQ+CjwvdHI+CjwvdGFibGU+PCEtLaiLpd6lpqW5paqpYKXQqWDTw0NTU6SzpLOkq6TpLS0+CjxzdHlsZSB0eXBlPSJ0ZXh0L2NzcyI+CjwhLS0gCmE6aG92ZXIgewpvcGFjaXR5OjAuNjsKZmlsdGVyOmFscGhhKG9wYWNpdHk9NjApOwotbXMtZmlsdGVyOiAiYWxwaGEoIG9wYWNpdHk9NjAgKSI7Cn0KLS0+Cjwvc3R5bGU+CgoKPCEtLaiLyczGt8P7ieS4/NPDQ1NTpLOks6SrpOktLT4KPHN0eWxlIHR5cGU9InRleHQvY3NzIj4KPCEtLQoKLml0ZW1fbmFtZSB7CmRpc3BsYXk6YmxvY2s7Cm1hcmdpbi1ib3R0b206MTVweDsKfQoKLmNhdGNoX2NvcHkgewpkaXNwbGF5OmJsb2NrOwptYXJnaW4tYm90dG9tOjE1cHg7Cn0KCi0tPgo8L3N0eWxlPgoKCgo8IS0tqIul4aWkpfOl0KXKqWCks6SzpKuk6S0tPgoKPHRhYmxlIHdpZHRoPSI3NjBweCIgYm9yZGVyPSIwIiBjZWxscGFkZGluZz0iMCIgY2VsbHNwYWNpbmc9IjUiIGFsaWduPSJjZW50ZXIiPgo8dHIgYWxpZ249ImxlZnQiPgo8dGQgd2lkdGg9IjEwMCUiPjxpbWcgc3JjPSJodHRwOi8vaW1hZ2UucmFrdXRlbi5jby5qcC9hY2RjcmFnL2NhYmluZXQvcHBnL3BwZ18wNi5qcGciIGFsdD0iUFBH0+i8cyIgd2lkdGg9IjEwMCUiPgoKCjwvdGQ+PC90cj4KPC90YWJsZT4KCjwhLS2oi7TzpdClyqlgpLOks6SrpOktLT4KPHRhYmxlIHdpZHRoPSI3NjBweCIgYm9yZGVyPSIwIiBjZWxscGFkZGluZz0iMCIgY2VsbHNwYWNpbmc9IjUiIGFsaWduPSJjZW50ZXIiPgo8dHIgYWxpZ249ImxlZnQiPgo8dGQgd2lkdGg9IjEwMCUiPjxpbWcgc3JjPSJodHRwOi8vaW1hZ2UucmFrdXRlbi5jby5qcC9hY2RjcmFnL2NhYmluZXQvMjAxN3NzL2Jhbm5lcl8wNi5qcGciIGFsdD0iMjAxN7S6z8TQwtf3IiB3aWR0aD0iMTAwJSI+CjwvdGQ+PC90cj4KPC90YWJsZT4KCjwhLS2oi9bQpdClyqlgpLOks6SrpOktLT4KPHRhYmxlIHdpZHRoPSI3NjBweCIgYm9yZGVyPSIwIiBjZWxscGFkZGluZz0iMCIgY2VsbHNwYWNpbmc9IjUiIGFsaWduPSJjZW50ZXIiPgoKPHRyIGFsaWduPSJsZWZ0Ij4KPHRkIHdpZHRoPSI0OSUiPjxpbWcgc3JjPSJodHRwOi8vaW1hZ2UucmFrdXRlbi5jby5qcC9hY2RjcmFnL2NhYmluZXQvc2FsZS8yMDE3MDNzcy90b3BfMDcuanBnIiBhbHQ9IqXiqWClyaXRpfOlryIgd2lkdGg9IjEwMCUiPgo8L3RkPgoKPHRkIHdpZHRoPSI0OSUiPjxpbWcgc3JjPSJodHRwOi8vaW1hZ2UucmFrdXRlbi5jby5qcC9hY2RjcmFnL2NhYmluZXQvc2FsZS8yMDE3MDNzcy90b3BfMTEuanBnIiBhbHQ9IqXBpeOlpKXK0+i8cyIgd2lkdGg9IjEwMCUiPgo8L3RkPgo8L3RyPgo8L3RhYmxlPgoKPCEtLaiL1tCl0KXKqWCks6SzpKuk6S0tPgo8dGFibGUgd2lkdGg9Ijc2MHB4IiBib3JkZXI9IjAiIGNlbGxwYWRkaW5nPSIwIiBjZWxsc3BhY2luZz0iNSIgYWxpZ249ImNlbnRlciI+Cjx0ciBhbGlnbj0ibGVmdCI+Cjx0ZCB3aWR0aD0iNDklIj48aW1nIHNyYz0iaHR0cDovL2ltYWdlLnJha3V0ZW4uY28uanAvYWNkY3JhZy9jYWJpbmV0L21hZ2F6aW5lL3RvcF8xNS5qcGciIGFsdD0iw6jM2LyvIiB3aWR0aD0iMTAwJSI+CjwvdGQ+Cjx0ZCB3aWR0aD0iNDklIj48aW1nIHNyYz0iaHR0cDovL2ltYWdlLnJha3V0ZW4uY28uanAvYWNkY3JhZy9jYWJpbmV0L3NhbGUvMjAxNzAzc3MvdG9wXzEyLmpwZyIgYWx0PSLDqMzYvK8iIHdpZHRoPSIxMDAlIj4KPC90ZD4KPC90cj4KPC90YWJsZT4KCgo8IS0tqIvW0KXQpcqpYKSzpLOkq6TpLS0+Cjx0YWJsZSB3aWR0aD0iNzYwcHgiIGJvcmRlcj0iMCIgY2VsbHBhZGRpbmc9IjAiIGNlbGxzcGFjaW5nPSI1IiBhbGlnbj0iY2VudGVyIj4KPHRyIGFsaWduPSJsZWZ0Ij4KCjx0ZCB3aWR0aD0iNDklIj48aW1nIHNyYz0iaHR0cDovL2ltYWdlLnJha3V0ZW4uY28uanAvYWNkY3JhZy9jYWJpbmV0L3NhbGUvMjAxNzAzc3MvdG9wXzA4LmpwZyIgYWx0PSKls6W4pbOluCIgd2lkdGg9IjEwMCUiPgoKPC90ZD4KCjx0ZCB3aWR0aD0iNDklIj48aW1nIHNyYz0iaHR0cDovL2ltYWdlLnJha3V0ZW4uY28uanAvYWNkY3JhZy9jYWJpbmV0L3NhbGUvMjAxNzAzc3MvdG9wXzA5LmpwZyIgYWx0PSKkyqThw6giIHdpZHRoPSIxMDAlIj4KCjwvdGQ+Cgo8L3RyPgo8L3RhYmxlPgoKPCEtLaiLtPOl0KXKqWCks6SzpKuk6S0tPgo8dGFibGUgd2lkdGg9Ijc2MHB4IiBib3JkZXI9IjAiIGNlbGxwYWRkaW5nPSIwIiBjZWxsc3BhY2luZz0iNSIgYWxpZ249ImNlbnRlciI+Cjx0ciBhbGlnbj0ibGVmdCI+Cjx0ZCB3aWR0aD0iMTAwJSI+PGltZyBzcmM9Imh0dHA6Ly9pbWFnZS5yYWt1dGVuLmNvLmpwL2FjZGNyYWcvY2FiaW5ldC8wNDI1NTQ2NC9oZWFkZXIvcG9zdDMuanBnIiBhbHQ9IqXRpfOlwMzYvK8iIHdpZHRoPSIxMDAlIj4KPC90ZD48L3RyPgo8L3RhYmxlPg==,pbil56WipfOlzqlgpbml6qlgpdZCSUel0algpaupYCCl0aXzpa8gpe2lw6WvIKXRqWClq6lgIFbPtSCl1aWhpcOlt6XnpfMgpdCl86WupeMgpc6pYKW5peqpYKXWIKXZpbmlyCDUrcvez7Ugx+DOxNfWz7UgpdWloaXDpbel56XzIKWvpe2luSDKrtfWvNwgpe2l86Ww1ckg/FwgsNcgpdSl86WvIEFDREMgQUNEQ1JBR6O6QUNEQyBSQUcg1K3L3tbxz8LNqKTqteo=,pcCl86W5oaHSwtewpcCl86W5oaHSwtewoaGluaXRpfOls6lgpevSwtewoaGluaXRpfOls6lgpeulwKXzpbmhoaW1peulqKXrpdGl86XEpcCl86W5IKW1peulqKXrpdGl86XEoaE3t9bVyaXApfOluaGh0sLXsKGhpdKlw6XXpdulw6XXpcCl86W50sLXsKW5pdGl86WzqWCl69Sty97PtdSty97PtSCl1aWhpcOlt6XnpfPFycrWIKXRqWClq6lgxcnK1iBUpbel46XExcnK1iCltaXrpail66XRpfOlxKW0pbelw6WvoaGl76XzpdSpYKW5pdGl86WvoaGl1aWhpcOlt6XnpfOl7aXqqWClv6Ghpe+l86XUqWCluaW0pbml7aXqoaGl1aWhpcOlt6XnpfOl0aXzpa8gpbmlq6lgpcil0aXzpa8gpdGpYKWrqWCl0aXzpa8gVKW3peOlxKW4peeloqXzpc6pYKW5peqpYKXWQklHpdGpYKWrqWAgpdGl86WvIKXtpcOlryCl0algpaupYCBWz7UgpdWloaXDpbel56XzIKXQpfOlrqXjIKXOqWCluaXqqWCl1iCl2aW5pcgg1K3L3s+1IMfgzsTX1s+1IKXVpaGlw6W3peel8yClr6Xtpbkgyq7X1rzcIKXtpfOlsNXJIPxcILDXIKXUpfOlryBBQ0RDIEFDRENSQUc=,pdGl86WvpMqlzqlgpbml6qlgpdal0algpaupYKOhpdGl86Wvpe2lw6WvpdWloaXDpbel56XzpMs/oaOluKXnpaKl86XOqWCluaXqqWCl1kJJR6XRqWClq6lgIKXRpfOlryCl7aXDpa8gpdGpYKWrqWAgVs+1IKXVpaGlw6W3peel8yCl0KXzpa6l4yClzqlgpbml6qlgpdYgpdmluaXIINSty97PtSDH4M7E19bPtSCl1aWhpcOlt6XnpfMgpa+l7aW5IMqu19a83CCl7aXzpbDVySD8XCCw1yCl1KXzpa8gQUNEQyBBQ0RDUkFH[rn]
31-77543,aHR0cDovL3RzaG9wLnIxMHMuanAvcHJpc20tdS9jYWJpbmV0L3RvcHMvcGFya2EvNTIxNC0wMS10b3AyLmpwZz9maXRpbj03MDA6NzAw,MTgxNC40MDAw,,peylx6WjqWCluaXVpaGlw6W3peel8yA+IKXIpcOl16W5ID4gpdGpYKWrqWA=,n2+12KGhpeylx6WjqWCluSCl16XrpaqpYKXQqWAgpdGpYKWrqWChoaWrpbil5aWipeuhocWu0NShoaXhpfOluqGhpealy6W7pcOlr6W5oaGl1algpcmhoaW5paalp6XDpcihobrxytahoaXRpaSl66Ghpaul6aXVpeuhoaWzpbml16XsoaGlpKXZpfOlyKTLpOI=,pdGpYKWrqWAgn2+12CCl1algpckgpeylx6WjqWCluSCl4aXzpbogpa2lw6W6IKWrpbil5aWipes=,PGltZyBzcmM9Imh0dHA6Ly9pbWFnZS5yYWt1dGVuLmNvLmpwL3ByaXNtLXUvY2FiaW5ldC90b3BzL3BhcmthLzUyMTQtMDEtdGl0bGUuanBnIiB3aWR0aD0iODAwIj4KPGJyPjxicj4KPGltZyBzcmM9Imh0dHA6Ly9pbWFnZS5yYWt1dGVuLmNvLmpwL3ByaXNtLXUvY2FiaW5ldC90b3BzL3BhcmthLzUyMTQtMDEtc2FsZS5qcGciIHdpZHRoPSI4MDAiPgo8YnI+PGJyPgo8aW1nIHNyYz0iaHR0cDovL2ltYWdlLnJha3V0ZW4uY28uanAvcHJpc20tdS9jYWJpbmV0L3RvcHMvcGFya2EvNTIxNG1lbnMxLmpwZyIgd2lkdGg9IjgwMCI+Cjxicj48YnI+CjxpbWcgc3JjPSJodHRwOi8vaW1hZ2UucmFrdXRlbi5jby5qcC9wcmlzbS11L2NhYmluZXQvdG9wcy9wYXJrYS81MjE0bWVuczMuanBnIiB3aWR0aD0iODAwIj4KPGJyPjxicj4KPGltZyBzcmM9Imh0dHA6Ly9pbWFnZS5yYWt1dGVuLmNvLmpwL3ByaXNtLXUvY2FiaW5ldC90b3BzL3BhcmthLzUyMTRtZW5zMi5qcGciIHdpZHRoPSI4MDAiPgo8YnI+PGJyPgo8aW1nIHNyYz0iaHR0cDovL2ltYWdlLnJha3V0ZW4uY28uanAvcHJpc20tdS9jYWJpbmV0L3RvcHMvcGFya2EvNTIxNC0wMS1pbTAxLmpwZyIgd2lkdGg9IjgwMCI+Cjxicj48YnI+CjxpbWcgc3JjPSJodHRwOi8vaW1hZ2UucmFrdXRlbi5jby5qcC9wcmlzbS11L2NhYmluZXQvdG9wcy9wYXJrYS81MjE0LTAxLWltMDIuanBnIiB3aWR0aD0iODAwIj4KPGJyPjxicj4KPGltZyBzcmM9Imh0dHA6Ly9pbWFnZS5yYWt1dGVuLmNvLmpwL3ByaXNtLXUvY2FiaW5ldC90b3BzL3BhcmthLzUyMTQtMDEtaW0wMy5qcGciIHdpZHRoPSI4MDAiPgo8YnI+PGJyPjxicj48YnI+PGJyPjxicj4KPGltZyBzcmM9Imh0dHA6Ly9pbWFnZS5yYWt1dGVuLmNvLmpwL3ByaXNtLXUvY2FiaW5ldC90b3BzL3BhcmthLzUyMTQtMDEtM3BvaW50cy5naWYiIHdpZHRoPSI4MDAiPgo8YnI+PGJyPgo8aW1nIHNyYz0iaHR0cDovL2ltYWdlLnJha3V0ZW4uY28uanAvcHJpc20tdS9jYWJpbmV0L3RvcHMvcGFya2EvNTIxNC0wMS1wMS5qcGciIHdpZHRoPSI4MDAiPgo8YnI+PGJyPgo8aW1nIHNyYz0iaHR0cDovL2ltYWdlLnJha3V0ZW4uY28uanAvcHJpc20tdS9jYWJpbmV0L3RvcHMvcGFya2EvNTIxNC0wMS1pbTA0LmpwZyIgd2lkdGg9IjgwMCI+Cjxicj48YnI+CjxpbWcgc3JjPSJodHRwOi8vaW1hZ2UucmFrdXRlbi5jby5qcC9wcmlzbS11L2NhYmluZXQvdG9wcy9wYXJrYS81MjE0LTAxLWltMDUuanBnIiB3aWR0aD0iODAwIj4KPGJyPjxicj4KPGltZyBzcmM9Imh0dHA6Ly9pbWFnZS5yYWt1dGVuLmNvLmpwL3ByaXNtLXUvY2FiaW5ldC90b3BzL3BhcmthLzUyMTRtZW5zLmpwZyIgd2lkdGg9IjgwMCI+Cjxicj48YnI+PGJyPjxicj48YnI+PGJyPgo8aW1nIHNyYz0iaHR0cDovL2ltYWdlLnJha3V0ZW4uY28uanAvcHJpc20tdS9jYWJpbmV0L3RvcHMvcGFya2EvNTIxNC0wMS1wMi5qcGciIHdpZHRoPSI4MDAiPgo8YnI+PGJyPgo8aW1nIHNyYz0iaHR0cDovL2ltYWdlLnJha3V0ZW4uY28uanAvcHJpc20tdS9jYWJpbmV0L3RvcHMvcGFya2EvNTIxNC0wMS13ZWFyMDEuanBnIiB3aWR0aD0iODAwIj4KPGJyPgo8aW1nIHNyYz0iaHR0cDovL2ltYWdlLnJha3V0ZW4uY28uanAvcHJpc20tdS9jYWJpbmV0L3RvcHMvcGFya2EvNTIxNC0wMS13ZWFyMDIuanBnIiB3aWR0aD0iODAwIj4KPGJyPjxicj48YnI+PGJyPjxicj48YnI+CjxpbWcgc3JjPSJodHRwOi8vaW1hZ2UucmFrdXRlbi5jby5qcC9wcmlzbS11L2NhYmluZXQvdG9wcy9wYXJrYS81MjE0LTAxLXAzLmpwZyIgd2lkdGg9IjgwMCI+Cjxicj48YnI+CjxpbWcgc3JjPSJodHRwOi8vaW1hZ2UucmFrdXRlbi5jby5qcC9wcmlzbS11L2NhYmluZXQvdG9wcy9wYXJrYS81MjE0LTAxLWltMDYuanBnIiB3aWR0aD0iODAwIj4KPGJyPjxicj4KPGltZyBzcmM9Imh0dHA6Ly9pbWFnZS5yYWt1dGVuLmNvLmpwL3ByaXNtLXUvY2FiaW5ldC90b3BzL3BhcmthLzUyMTQtMDEtaW0wNy5qcGciIHdpZHRoPSI4MDAiPgo8YnI+PGJyPgo8aW1nIHNyYz0iaHR0cDovL2ltYWdlLnJha3V0ZW4uY28uanAvcHJpc20tdS9jYWJpbmV0L3RvcHMvcGFya2EvNTIxNC0wMS1pbTA4LmpwZyIgd2lkdGg9IjgwMCI+Cjxicj48YnI+CjxpbWcgc3JjPSJodHRwOi8vaW1hZ2UucmFrdXRlbi5jby5qcC9wcmlzbS11L2NhYmluZXQvdG9wcy9wYXJrYS81MjE0LTAxLXJldmlldy5qcGciIHdpZHRoPSI4MDAiPgo8YnI+PGJyPjxicj48YnI+CjxpbWcgc3JjPSJodHRwOi8vaW1hZ2UucmFrdXRlbi5jby5qcC9wcmlzbS11L2NhYmluZXQvdG9wcy9wYXJrYS81MjE0LTAxLXZhMDEuanBnIiB3aWR0aD0iODAwIj4KPGJyPjxicj4KPGltZyBzcmM9Imh0dHA6Ly9pbWFnZS5yYWt1dGVuLmNvLmpwL3ByaXNtLXUvY2FiaW5ldC90b3BzL3BhcmthLzUyMTQtMDEtdmEwMi5qcGciIHdpZHRoPSI4MDAiPgo8YnI+CjxpbWcgc3JjPSJodHRwOi8vaW1hZ2UucmFrdXRlbi5jby5qcC9wcmlzbS11L2NhYmluZXQvdG9wcy9wYXJrYS81MjE0LTAxLWNvZGUuanBnIiB3aWR0aD0iODAwIj4KPGJyPjxicj4KPGltZyBzcmM9Imh0dHA6Ly9pbWFnZS5yYWt1dGVuLmNvLmpwL3ByaXNtLXUvY2FiaW5ldC90b3BzL3BhcmthLzUyMTQtMDEtcmVjLmpwZyIgd2lkdGg9IjgwMCI+Cjxicj48YnI+PGJyPgo8aW1nIHNyYz0iaHR0cDovL2ltYWdlLnJha3V0ZW4uY28uanAvcHJpc20tdS9jYWJpbmV0L3RvcHMvcGFya2EvNTIxNC0wMS1zcGVjLmpwZyIgd2lkdGg9IjgwMCI+Cjxicj48YnI+CjxpbWcgc3JjPSJodHRwOi8vaW1hZ2UucmFrdXRlbi5jby5qcC9wcmlzbS11L2NhYmluZXQvdG9wcy9wYXJrYS81MjE0LTAxLWF0dGVudGlvbi5qcGciIHdpZHRoPSI4MDAiPgo8YnI+PGJyPjxicj48YnI+Cgo8dGFibGUgd2lkdGg9IjgwMCIgY2VsbHBhZGRpbmc9IjQiPgo8dHI+Cjx0ZCBjb2xzcGFuPSIzIiBiZ2NvbG9yPSIjRjVBOUE5IiBhbGlnbj0iY2VudGVyIj4KPGZvbnQgc2l6ZT0iKzEiPjxiPqH9pauluKXlpaKl66XRqWClq6lgocGlyKlgpcil0KXDpbCkyLrPpO+ku6TGtLqls6lgpcekz6SkpKukrKTHpLmkq6O/of08L2I+PC9mb250Pgo8L3RkPgo8L3RyPgo8dHI+Cjx0ZCBjb2xzcGFuPSIzIiBiZ2NvbG9yPSIjRjRGQTU4Ij4KPGZvbnQgc2l6ZT0iLTEiPjxiPqiLtbG16rTzyMua3aTOpa2l46XzpdClucn6tdilyKlgpcijoZhTzOyl6aXzpa2l86WwytzZcLbgyv2joTwvYj48L2ZvbnQ+CjwvdGQ+CjwvdHI+Cjx0cj4KPHRkIGFsaWduPSJjZW50ZXIiPjxhIGhyZWY9Imh0dHA6Ly9pdGVtLnJha3V0ZW4uY28uanAvcHJpc20tdS8wMDc2MWVudC1zLyIgdGFyZ2V0PSJfYmxhbmsiPjxpbWcgc3JjPSJodHRwOi8vaW1hZ2UucmFrdXRlbi5jby5qcC9wcmlzbS11L2NhYmluZXQvYmFnLzAwNzYxX3NzX3RvcC5qcGciIHdpZHRoPSIyMDAiPjwvYT48L3RkPgo8dGQgYWxpZ249ImNlbnRlciI+PGEgaHJlZj0iaHR0cDovL2l0ZW0ucmFrdXRlbi5jby5qcC9wcmlzbS11LzAwNzYxZW50LW0vIiB0YXJnZXQ9Il9ibGFuayI+PGltZyBzcmM9Imh0dHA6Ly9pbWFnZS5yYWt1dGVuLmNvLmpwL3ByaXNtLXUvY2FiaW5ldC9yYW5rLzAwNzYxX21fdG9wLXMuanBnIiB3aWR0aD0iMjAwIj48L2E+PC90ZD4KPHRkIGFsaWduPSJjZW50ZXIiPjxhIGhyZWY9Imh0dHA6Ly9pdGVtLnJha3V0ZW4uY28uanAvcHJpc20tdS8wMDc2MWVudC1scy8iIHRhcmdldD0iX2JsYW5rIj48aW1nIHNyYz0iaHR0cDovL2ltYWdlLnJha3V0ZW4uY28uanAvcHJpc20tdS9jYWJpbmV0L2JhZy8wMDc2MV9lbnRfbF90b3Atcy5qcGciIHdpZHRoPSIyMDAiPjwvYT48L3RkPgo8L3RyPgo8dHI+Cjx0ZCBhbGlnbj0iY2VudGVyIj48Zm9udCBzaXplPSItMSI+NjAyg9Ioy7CEZSk8L2ZvbnQ+PC90ZD4KPHRkIGFsaWduPSJjZW50ZXIiPjxmb250IHNpemU9Ii0xIj43ODCD0ijLsIRlKTwvZm9udD48L3RkPgo8dGQgYWxpZ249ImNlbnRlciI+PGZvbnQgc2l6ZT0iLTEiPjg4MIPSKMuwhGUpPC9mb250PjwvdGQ+CjwvdHI+Cjx0cj4KPHRkIGJnY29sb3I9IiNFNkU2RTYiIGFsaWduPSJjZW50ZXIiPjxmb250IHNpemU9Ii0xIj6hvjbJq6G/pcipYKXIpdClw6Wwo6hTo6k8YnI+pKrbzbWxyOuk7KTLpdSlw6W/peqltaWkpbqhozwvZm9udD48L3RkPgo8dGQgYmdjb2xvcj0iI0U2RTZFNiIgYWxpZ249ImNlbnRlciI+PGZvbnQgc2l6ZT0iLTEiPqG+Ocmrob+lyKlgpcil0KXDpbCjqE2jqTxicj6kqrP2pKuksaW1paSluqGjzajH2s2o0ac/sr+77tfFyOuk7KTLpOKjoTwvZm9udD48L3RkPgo8dGQgYmdjb2xvcj0iI0U2RTZFNiIgYWxpZ249ImNlbnRlciI+PGZvbnQgc2l6ZT0iLTEiPqG+Ocmrob+lyKlgpcil0KXDpbCjqEyjqTxicj7Cw9DQoaKl1aWnpbmkyqTJtPOkraSkpaSl2aXzpcjTw6W1paSluqGjPC9mb250PjwvdGQ+CjwvdHI+CjwvdGFibGU+Cgo8YnI+Cgo8YnI+CjxhIGhyZWY9Imh0dHA6Ly9pdGVtLnJha3V0ZW4uY28uanAvcHJpc20tdS9jLzAwMDAwMDAzNDgvIiB0YXJnZXQ9Il9ibGFuayI+PGltZyBzcmM9Imh0dHA6Ly9pbWFnZS5yYWt1dGVuLmNvLmpwL3ByaXNtLXUvY2FiaW5ldC9iYWcvaGlrYWt1N2EuanBnIj48L2E+Cjxicj4KPGJyPgo8aW1nIHNyYz0iaHR0cDovL2ltYWdlLnJha3V0ZW4uY28uanAvcHJpc20tdS9jYWJpbmV0L2Jhbm5lci96YWlrb19hdHRlbnRpb24uanBnIiB3aWR0aD0iODAwIiBhbHQ9IiIvPgoyMMmrpOKkzthOuLukyqWrpempYKTIoaLX06TJpOKkq6TptPPIy6TepMfE0MWuvObTw6TH18Wk6aTspOultaWkpbqho8bVts7XxSDH3o6GpK0g0afQoyCyv7vu18UgpdWlp6W5IKWkpdml86XIIKTLpdSlw6W/peqho7rxpOGkzqXVqWClybi2pK2kyqTOpMfT6qTOyNWky6TipLekw6SrpOruXqTyytik6qTepLmhozxzdHlsZSB0eXBlPSJ0ZXh0L2NzcyI+Ci8q2UmkpM7vpKuktKTLyOuk7KTrpdylv6XzKi8KI3Jha3V0ZW5MaW1pdGVkSWRfYXJvdW5kQ2FydCBpbnB1dFt2YWx1ZT0i2UmkpM7vpKuktKTLyOuk7KTrIl17CmJhY2tncm91bmQ6IHVybCgiaHR0cDovL2ltYWdlLnJha3V0ZW4uY28uanAvcHJpc20tdS9jYWJpbmV0L3N0b3JlZGVzaWduL3BhZ2UvY2FydC0wMDEuZ2lmIikgbGVmdCB0b3Agbm8tcmVwZWF0Owp3aWR0aDoxODBweDsKaGVpZ2h0OjUwcHg7CnRleHQtaW5kZW50OjEwMCU7CndoaXRlLXNwYWNlOm5vd3JhcDsKb3ZlcmZsb3c6aGlkZGVuOwpib3JkZXI6IG5vbmU7CnBhZGRpbmc6MDsKbWFyZ2luLXRvcDo1cHggMDsKY3Vyc29yOnBvaW50ZXI7Cn0KI3Jha3V0ZW5MaW1pdGVkSWRfYXJvdW5kQ2FydCB0Ym9keSB0ciB0ZCBpbnB1dDpob3ZlcnsKYWxwaGEob3BhY2l0eT04KTsKLW1vei1vcGFjaXR5OjAuODsKb3BhY2l0eTowLjg7CmN1cnNvcjpwb2ludGVyOwp9Cjwvc3R5bGU+CgoKCgoKCgo8IS0tIKXqpaLK3CCks6SzpKuk6SAtLT4KPGRpdiBzdHlsZT0id2lkdGg6ODAwcHg7IGZvbnQtc2l6ZToyNHB4OyBjb2xvcjojQ0NDOyBtYXJnaW4tYm90dG9tOjVweDsiPlRoYW5rIHlvdSBmb3IgeW91ciBvcmRlci48L2Rpdj4KPGRpdiBzdHlsZT0id2lkdGg6ODAwcHg7IGhlaWdodDozMDBweDsgb3ZlcmZsb3c6aGlkZGVuOyBtYXJnaW46MDsgcGFkZGluZzowOyI+CjwvZGl2Pgo8IS0tIKXqpaLK3CCks6SzpN6kxyAtLT4KCjxicj4KCjwhLS0gpeqloqWzpeEgpLOks6SrpOkgLS0+CjxkaXYgc3R5bGU9IndpZHRoOjgwMHB4OyBmb250LXNpemU6MjRweDsgY29sb3I6I0NDQzsgbWFyZ2luLWJvdHRvbTo1cHg7Ij5DdXN0b21lcnMgdm9pY2UuPC9kaXY+CjxkaXYgc3R5bGU9IndpZHRoOjgwMHB4OyBoZWlnaHQ6MzAwcHg7IG92ZXJmbG93OmhpZGRlbjsgbWFyZ2luOjA7IHBhZGRpbmc6MDsiPgo8L2Rpdj4KPCEtLSCl6qWipbOl4SCks6SzpN6kxyAtLT4=,n2+12KGhpeylx6WjqWCluSCl16XrpaqpYKXQqWAgpdGpYKWrqWChoaWrpbil5aWipeuhocWu0NShoaXhpfOluqGhpealy6W7pcOlr6W5oaGl1algpcmhoaW5paalp6XDpcihobrxytahoaXRpaSl66Ghpaul6aXVpeuhoaWzpbml16XsoaGlpKXZpfOlyKTLpOKjuqXXpeqluqXgoaGl5qXLpdWlqalgpeA=,pail16XtpfOfb7XYoaGlqKXXpe2l86Wopdel7aXzoaGl5qXLpdWlqalgpeDHsJLspLHWxrf+pbWl7aXzpail16XtpfOfb7XYpe+lpKW3peOlxKW5paalp6XDpcil1qXrpb6l8+tq2Jul0aXzpcSlyKXsqWClyqlgpdGpYKWrqWClq6XppdWl66XBpc6l0aXzpa2l46XDpdelyKlgpcil0KXDpbCkxKTKpK6fb7XYoaGfb7XYoaGl7KXHpaOpYKW5IKXXpeulqqlgpdCpYCCl0algpaupYKGhpauluKXlpaKl66Ghxa7Q1KGhpeGl86W6oaGl5qXLpbulw6WvpbmhoaXVqWClyaGhpbmlpqWnpcOlyKGhuvHK1qGhpdGlpKXroaGlq6XppdWl66GhpbOluaXXpeyhoaWkpdml86XIpMuk4g==,pdGpYKWrqWAgn2+12CCl1algpckgpeylx6WjqWCluSCl4aXzpbogpa2lw6W6IKWrpbil5aWipeuho59vtdihoaXspcelo6lgpbkgpdel66WqqWCl0KlgIKXRqWClq6lgoaGlq6W4peWloqXroaHFrtDUoaGl4aXzpbqhoaXmpculu6XDpa+luaGhpdWpYKXJoaGluaWmpaelw6XIoaG68crWoaGl0aWkpeuhoaWrpeml1aXroaGls6W5pdel7KGhpaSl2aXzpciky6Ti[rn]
31-77544,aHR0cDovL3RzaG9wLnIxMHMuanAvcHJpc20tdS9jYWJpbmV0L3N3ZWF0LzUwNDQtMDFfdG9wX2tpZHMuanBnP2ZpdGluPTcwMDo3MDA=,MTkwMC44MDAw,,peylx6WjqWCluaXVpaGlw6W3peel8yA+IKXIpcOl16W5ID4gpdGpYKWrqWA=,pcil7KlgpcqpYCClr6XrqWClzaXDpa+luaWmpaelw6XIIKWtpcOluqW1paSluiAxNsmrpM6lq6XpqWAgyKs4pbWlpKW6INfFpLOkyqS3pOSkuaSkpbel86XXpeukyqW5paalp6XDpcg/INfTpMmk4iCl4aXzpbogpeylx6WjqWCluSDE0MWuvObTwyClt6Xzpdel6yCfb7XYILaot6wgpauluKXlpaKl6w==,pa+l66lgpc2lw6WvpbmlpqWnpcOlyCAgLyClraXDpbogLyAxNsmrpM6lq6XpqWAgL8irOKW1paSlug==,PGJyPgo8YnI+CjxpbWcgc3JjPSJodHRwOi8vaW1hZ2UucmFrdXRlbi5jby5qcC9wcmlzbS11L2NhYmluZXQvc3dlYXQvNTA0NC0wMV90b3Bfa2lkcy5qcGciIHdpZHRoPSIxMDAlIiA+PGJyPgo8YnI+Cjxicj4KPGJyPgo8YnI+Cjxicj4KPGltZyBzcmM9Imh0dHA6Ly9pbWFnZS5yYWt1dGVuLmNvLmpwL3ByaXNtLXUvY2FiaW5ldC9zdG9yZWRlc2lnbi9wYWdlL3NvemFpX2NvbG9ycy5naWYiIHdpZHRoPSIxMDAlIiA+PGJyPgo8YnI+Cjxicj4KPGltZyBzcmM9Imh0dHA6Ly9pbWFnZS5yYWt1dGVuLmNvLmpwL3ByaXNtLXUvY2FiaW5ldC9zd2VhdC81MDQ0LTAxX2NvbG9ycy5qcGciIHdpZHRoPSIxMDAlIiA+IDxicj4KPGltZyBzcmM9Imh0dHA6Ly9pbWFnZS5yYWt1dGVuLmNvLmpwL3ByaXNtLXUvY2FiaW5ldC9zd2VhdC81MDQ0LTAxX2NvbG9yczIuanBnIiB3aWR0aD0iMTAwJSIgPjxicj4KPGJyPgo8YnI+Cjxicj4KPGJyPgo8YnI+CjxpbWcgc3JjPSJodHRwOi8vaW1hZ2UucmFrdXRlbi5jby5qcC9wcmlzbS11L2NhYmluZXQvc3RvcmVkZXNpZ24vcGFnZS9zb3phaV9zaXplLmdpZiIgd2lkdGg9IjEwMCUiID4gPGJyPgo8YnI+CjxpbWcgc3JjPSJodHRwOi8vaW1hZ2UucmFrdXRlbi5jby5qcC9wcmlzbS11L2NhYmluZXQvc3dlYXQvNTA0NC0wMV9zaXplX2tpZHMuZ2lmIiB3aWR0aD0iMTAwJSIgPjxicj4KPGJyPgo8YnI+Cjxicj4KPGJyPgo8YnI+CjxpbWcgc3JjPSJodHRwOi8vaW1hZ2UucmFrdXRlbi5jby5qcC9wcmlzbS11L2NhYmluZXQvc3dlYXQvNTA0NC0wMS0zX3NwZWNfbmV3LmpwZyIgd2lkdGg9IjEwMCUiID4gCjxicj4KPGJyPgo8YnI+Cjxicj4KPGJyPgo8YnI+Cjxicj4KPGJyPgo8YSBocmVmPSJodHRwOi8vaXRlbS5yYWt1dGVuLmNvLmpwL3ByaXNtLXUvZGVsaXZlcnkvI2t1cm9uZWtvbWFpbCIgdGFyZ2V0PSJfYmxhbmsiPjxpbWcgc3JjPSJodHRwOi8vaW1hZ2UucmFrdXRlbi5jby5qcC9wcmlzbS11L2NhYmluZXQvc3RvcmVkZXNpZ24vcGFnZS9tYWlsX25nMDEuZ2lmIiB3aWR0aD0iMTAwJSIgPjwvYT48YnI+Cjxicj4KPGJyPgo8YnI+Cjxicj4KPGJyPgo8aW1nIHNyYz0iaHR0cDovL2ltYWdlLnJha3V0ZW4uY28uanAvcHJpc20tdS9jYWJpbmV0L2Jhbm5lci96YWlrb19hdHRlbnRpb24uanBnIiB3aWR0aD0iMTAwJSIgYWx0PSIiLz48YnI+Cgo8YnI+PGJyPgo8YnI+CjxpbWcgPSIiIHNyYz0iaHR0cDovL2ltYWdlLnJha3V0ZW4uY28uanAvcHJpc20tdS9jYWJpbmV0L3J5b3VzeXV1c3lvLmpwZyIgd2lkdGg9IjgwMCI+PGJyPjxjZW50ZXI+CjxQPjxJTUcgc3JjPSJodHRwOi8vaW1hZ2UucmFrdXRlbi5jby5qcC9wcmlzbS11L2NhYmluZXQvcG9sb3NoaXJ0cy9wLWNob29zZS9zb3phaS5naWYiIHdpZHRoPSIxNzciIGhlaWdodD0iMTU4IiBib3JkZXI9IjAiPjxJTUcgc3JjPSJodHRwOi8vaW1hZ2UucmFrdXRlbi5jby5qcC9wcmlzbS11L2NhYmluZXQvcG9sb3NoaXJ0cy9wLWNob29zZS9kcnkuZ2lmIiB3aWR0aD0iMTA3IiBoZWlnaHQ9IjE1OCIgYm9yZGVyPSIwIj48SU1HIHNyYz0iaHR0cDovL2ltYWdlLnJha3V0ZW4uY28uanAvcHJpc20tdS9jYWJpbmV0L3BvbG9zaGlydHMvcC1jaG9vc2UvY290dG9uLmdpZiIgd2lkdGg9IjEyNiIgaGVpZ2h0PSIxNTgiIGJvcmRlcj0iMCI+PElNRyBzcmM9Imh0dHA6Ly9pbWFnZS5yYWt1dGVuLmNvLmpwL3ByaXNtLXUvY2FiaW5ldC9wb2xvc2hpcnRzL3AtY2hvb3NlL3V2Y3V0LmdpZiIgd2lkdGg9IjEwOCIgaGVpZ2h0PSIxNTgiIGJvcmRlcj0iMCI+PElNRyBzcmM9Imh0dHA6Ly9pbWFnZS5yYWt1dGVuLmNvLmpwL3ByaXNtLXUvY2FiaW5ldC9wb2xvc2hpcnRzL3AtY2hvb3NlL3N0YW5kYXJkLmdpZiIgd2lkdGg9IjE0MyIgaGVpZ2h0PSIxNTgiIGJvcmRlcj0iMCI+PEJSPgo8SU1HIHNyYz0iaHR0cDovL2ltYWdlLnJha3V0ZW4uY28uanAvcHJpc20tdS9jYWJpbmV0L3BvbG9zaGlydHMvcC1jaG9vc2UvZGVzaWduLmdpZiIgd2lkdGg9IjE3NyIgaGVpZ2h0PSIxNTIiIGJvcmRlcj0iMCI+PElNRyBzcmM9Imh0dHA6Ly9pbWFnZS5yYWt1dGVuLmNvLmpwL3ByaXNtLXUvY2FiaW5ldC9wb2xvc2hpcnRzL3AtY2hvb3NlL3Nob3J0LmdpZiIgd2lkdGg9IjEwMSIgaGVpZ2h0PSIxNTIiIGJvcmRlcj0iMCI+PElNRyBzcmM9Imh0dHA6Ly9pbWFnZS5yYWt1dGVuLmNvLmpwL3ByaXNtLXUvY2FiaW5ldC9wb2xvc2hpcnRzL3AtY2hvb3NlL2xvbmcuZ2lmIiB3aWR0aD0iODkiIGhlaWdodD0iMTUyIiBib3JkZXI9IjAiPjxJTUcgc3JjPSJodHRwOi8vaW1hZ2UucmFrdXRlbi5jby5qcC9wcmlzbS11L2NhYmluZXQvcG9sb3NoaXJ0cy9wLWNob29zZS9saWIuZ2lmIiB3aWR0aD0iODIiIGhlaWdodD0iMTUyIiBib3JkZXI9IjAiPjxJTUcgc3JjPSJodHRwOi8vaW1hZ2UucmFrdXRlbi5jby5qcC9wcmlzbS11L2NhYmluZXQvcG9sb3NoaXJ0cy9wLWNob29zZS9wby5naWYiIHdpZHRoPSI5NSIgaGVpZ2h0PSIxNTIiIGJvcmRlcj0iMCI+PElNRyBzcmM9Imh0dHA6Ly9pbWFnZS5yYWt1dGVuLmNvLmpwL3ByaXNtLXUvY2FiaW5ldC9wb2xvc2hpcnRzL3AtY2hvb3NlL3B4LmdpZiIgd2lkdGg9IjExNyIgaGVpZ2h0PSIxNTIiIGJvcmRlcj0iMCI+PEJSPgo8SU1HIHNyYz0iaHR0cDovL2ltYWdlLnJha3V0ZW4uY28uanAvcHJpc20tdS9jYWJpbmV0L3BvbG9zaGlydHMvcC1jaG9vc2Uvc2l6ZS5naWYiIHdpZHRoPSIxNzciIGhlaWdodD0iMTQyIiBib3JkZXI9IjAiPjxJTUcgc3JjPSJodHRwOi8vaW1hZ2UucmFrdXRlbi5jby5qcC9wcmlzbS11L2NhYmluZXQvcG9sb3NoaXJ0cy9wLWNob29zZS9raWRzLmdpZiIgd2lkdGg9IjEwNyIgaGVpZ2h0PSIxNDIiIGJvcmRlcj0iMCI+PElNRyBzcmM9Imh0dHA6Ly9pbWFnZS5yYWt1dGVuLmNvLmpwL3ByaXNtLXUvY2FiaW5ldC9wb2xvc2hpcnRzL3AtY2hvb3NlL3JlZHkuZ2lmIiB3aWR0aD0iMTI2IiBoZWlnaHQ9IjE0MiIgYm9yZGVyPSIwIj48SU1HIHNyYz0iaHR0cDovL2ltYWdlLnJha3V0ZW4uY28uanAvcHJpc20tdS9jYWJpbmV0L3BvbG9zaGlydHMvcC1jaG9vc2UvbS5naWYiIHdpZHRoPSIxMjYiIGhlaWdodD0iMTQyIiBib3JkZXI9IjAiPjxJTUcgc3JjPSJodHRwOi8vaW1hZ2UucmFrdXRlbi5jby5qcC9wcmlzbS11L2NhYmluZXQvcG9sb3NoaXJ0cy9wLWNob29zZS9sLmdpZiIgd2lkdGg9IjEyNSIgaGVpZ2h0PSIxNDIiIGJvcmRlcj0iMCI+PC9QPgo8YnI+Cjxicj4KPGhyIHNpemU9IjEiIGNvbG9yPSIjQTlBOUE5Ij4KPC9jZW50ZXI+CgoKPHN0eWxlIHR5cGU9InRleHQvY3NzIj4KLyrZSaSkzu+kq6S0pMvI66TspOul3KW/pfMqLwojcmFrdXRlbkxpbWl0ZWRJZF9hcm91bmRDYXJ0IGlucHV0W3ZhbHVlPSLZSaSkzu+kq6S0pMvI66TspOsiXXsKYmFja2dyb3VuZDogdXJsKCJodHRwOi8vaW1hZ2UucmFrdXRlbi5jby5qcC9wcmlzbS11L2NhYmluZXQvc3RvcmVkZXNpZ24vcGFnZS9jYXJ0LTAwMS5naWYiKSBsZWZ0IHRvcCBuby1yZXBlYXQ7CndpZHRoOjE4MHB4OwpoZWlnaHQ6NTBweDsKdGV4dC1pbmRlbnQ6MTAwJTsKd2hpdGUtc3BhY2U6bm93cmFwOwpvdmVyZmxvdzpoaWRkZW47CmJvcmRlcjogbm9uZTsKcGFkZGluZzowOwptYXJnaW4tdG9wOjVweCAwOwpjdXJzb3I6cG9pbnRlcjsKfQojcmFrdXRlbkxpbWl0ZWRJZF9hcm91bmRDYXJ0IHRib2R5IHRyIHRkIGlucHV0OmhvdmVyewphbHBoYShvcGFjaXR5PTgpOwotbW96LW9wYWNpdHk6MC44OwpvcGFjaXR5OjAuODsKY3Vyc29yOnBvaW50ZXI7Cn0KPC9zdHlsZT4=,pcil7KlgpcqpYCClr6XrqWClzaXDpa+luaWmpaelw6XIIKWtpcOluqW1paSluiAxNsmrpM6lq6XpqWAgyKs4pbWlpKW6INfFpLOkyqS3pOSkuaSkpbel86XXpeukyqW5paalp6XDpcg/INfTpMmk4iCl4aXzpbogpeylx6WjqWCluSDE0MWuvObTwyClt6Xzpdel6yCfb7XYILaot6wgpauluKXlpaKl66O6pdel6qW6peChoaXmpcul1aWpqWCl4A==,pail16XtpfOfb7XYoaGlqKXXpe2l86Wopdel7aXzoaGl5qXLpdWlqalgpeDHsJLspLHWxrf+pbWl7aXzpail16XtpfOfb7XYpe+lpKW3peOlxKW5paalp6XDpcil1qXrpb6l8+tq2Jul0aXzpcSlyKXsqWClyqlgpdGpYKWrqWClq6XppdWl66XBpc6l0aXzpa2l46XDpdelyKlgpcil0KXDpbCkxKTKpK6fb7XYoaGlyKXsqWClyqlgIKWvpeupYKXNpcOlr6W5paalp6XDpcggpa2lw6W6pbWlpKW6IDE2yaukzqWrpempYCDIqziltaWkpbog18Wks6TKpLek5KS5pKSlt6Xzpdel66TKpbmlpqWnpcOlyD8g19OkyaTiIKXhpfOluiCl7KXHpaOpYKW5IMTQxa685tPDIKW3pfOl16XrIJ9vtdggtqi3rCClq6W4peWloqXr,pa+l66lgpc2lw6WvpbmlpqWnpcOlyCAgLyClraXDpbogLyAxNsmrpM6lq6XpqWAgL8irOKW1paSluqGjpcil7KlgpcqpYCClr6XrqWClzaXDpa+luaWmpaelw6XIIKWtpcOluqW1paSluiAxNsmrpM6lq6XpqWAgyKs4pbWlpKW6INfFpLOkyqS3pOSkuaSkpbel86XXpeukyqW5paalp6XDpcg/INfTpMmk4iCl4aXzpbogpeylx6WjqWCluSDE0MWuvObTwyClt6Xzpdel6yCfb7XYILaot6wgpauluKXlpaKl6w==[rn]
31-77545,aHR0cDovL3RzaG9wLnIxMHMuanAvcHJpc20tdS9jYWJpbmV0L3N3ZWF0LzUwNDQtMDFfdG9wLmpwZz9maXRpbj03MDA6NzAw,Mjg1MS4yMDAw,,peylx6WjqWCluaXVpaGlw6W3peel8yA+IKXIpcOl16W5ID4gpdGpYKWrqWA=,pcil7KlgpcqpYCClr6XrqWClzaXDpa8gpbmlpqWnpcOlyDE2yaukzqWrpempYCAgyKs4pbWlpKW6ICDXxaSzpMqkt6TkpLmkpKW3pfOl16XrpMqluaWmpaelw6XIPyAgx+8gtqwgpauluKXlpaKl6yCl4aXzpbogpeylx6WjqWCluSDE0MWuvObTwyClt6Xzpdel6yCfb7XY,pa+l66lgpc2lw6WvpbmlpqWnpcOlyCAgLyAgMTbJq6TOpaul6algIC/IqziltaWkpbo=,PGltZyBzcmM9Imh0dHA6Ly9pbWFnZS5yYWt1dGVuLmNvLmpwL3ByaXNtLXUvY2FiaW5ldC9zd2VhdC81MDQ0LTAxX3RvcC5qcGciIHdpZHRoPSI4MDAiID48YnI+Cjxicj4KPGJyPgo8YnI+Cjxicj4KPGJyPgo8aW1nIHNyYz0iaHR0cDovL2ltYWdlLnJha3V0ZW4uY28uanAvcHJpc20tdS9jYWJpbmV0L3N0b3JlZGVzaWduL3BhZ2Uvc296YWlfY29sb3JzLmdpZiIgd2lkdGg9IjgwMCIgPjxicj4KPGJyPgo8YnI+CjxpbWcgc3JjPSJodHRwOi8vaW1hZ2UucmFrdXRlbi5jby5qcC9wcmlzbS11L2NhYmluZXQvc3dlYXQvNTA0NC0wMV9jb2xvcnMuanBnIiB3aWR0aD0iODAwIiA+IDxicj4KPGltZyBzcmM9Imh0dHA6Ly9pbWFnZS5yYWt1dGVuLmNvLmpwL3ByaXNtLXUvY2FiaW5ldC9zd2VhdC81MDQ0LTAxX2NvbG9yczIuanBnIiB3aWR0aD0iODAwIiA+PGJyPgo8YnI+Cjxicj4KPGJyPgo8YnI+Cjxicj4KPGltZyBzcmM9Imh0dHA6Ly9pbWFnZS5yYWt1dGVuLmNvLmpwL3ByaXNtLXUvY2FiaW5ldC9zdG9yZWRlc2lnbi9wYWdlL3NvemFpX3NpemUuZ2lmIiB3aWR0aD0iODAwIiA+IDxicj4KPGJyPgo8aW1nIHNyYz0iaHR0cDovL2ltYWdlLnJha3V0ZW4uY28uanAvcHJpc20tdS9jYWJpbmV0L3N3ZWF0LzUwNDQtMDFfc2l6ZS5naWYiIHdpZHRoPSI4MDAiID48YnI+Cjxicj4KPGJyPgo8YnI+Cjxicj4KPGJyPgo8aW1nIHNyYz0iaHR0cDovL2ltYWdlLnJha3V0ZW4uY28uanAvcHJpc20tdS9jYWJpbmV0L3N3ZWF0LzUwNDQtMDEtMV9zcGVjLmpwZyIgd2lkdGg9IjgwMCIgPiA8YnI+Cjxicj4KPGJyPgo8YnI+Cjxicj4KPGJyPgo8YnI+Cjxicj4KPGEgaHJlZj0iaHR0cDovL2l0ZW0ucmFrdXRlbi5jby5qcC9wcmlzbS11L2RlbGl2ZXJ5LyNrdXJvbmVrb21haWwiIHRhcmdldD0iX2JsYW5rIj48aW1nIHNyYz0iaHR0cDovL2ltYWdlLnJha3V0ZW4uY28uanAvcHJpc20tdS9jYWJpbmV0L3N0b3JlZGVzaWduL3BhZ2UvbWFpbF9uZzAxLmdpZiIgd2lkdGg9IjgwMCIgPjwvYT48YnI+Cjxicj4KPGJyPgo8YnI+Cjxicj4KPGltZyBzcmM9Imh0dHA6Ly9pbWFnZS5yYWt1dGVuLmNvLmpwL3ByaXNtLXUvY2FiaW5ldC9iYW5uZXIvemFpa29fYXR0ZW50aW9uLmpwZyIgd2lkdGg9IjgwMCIgYWx0PSIiLz48YnI+Cgo8YnI+PGJyPgo8YnI+CjxpbWcgPSIiIHNyYz0iaHR0cDovL2ltYWdlLnJha3V0ZW4uY28uanAvcHJpc20tdS9jYWJpbmV0L3J5b3VzeXV1c3lvLmpwZyIgd2lkdGg9IjgwMCI+PGJyPjxjZW50ZXI+CjxQPjxJTUcgc3JjPSJodHRwOi8vaW1hZ2UucmFrdXRlbi5jby5qcC9wcmlzbS11L2NhYmluZXQvcG9sb3NoaXJ0cy9wLWNob29zZS9zb3phaS5naWYiIHdpZHRoPSIxNzciIGhlaWdodD0iMTU4IiBib3JkZXI9IjAiPjxJTUcgc3JjPSJodHRwOi8vaW1hZ2UucmFrdXRlbi5jby5qcC9wcmlzbS11L2NhYmluZXQvcG9sb3NoaXJ0cy9wLWNob29zZS9kcnkuZ2lmIiB3aWR0aD0iMTA3IiBoZWlnaHQ9IjE1OCIgYm9yZGVyPSIwIj48SU1HIHNyYz0iaHR0cDovL2ltYWdlLnJha3V0ZW4uY28uanAvcHJpc20tdS9jYWJpbmV0L3BvbG9zaGlydHMvcC1jaG9vc2UvY290dG9uLmdpZiIgd2lkdGg9IjEyNiIgaGVpZ2h0PSIxNTgiIGJvcmRlcj0iMCI+PElNRyBzcmM9Imh0dHA6Ly9pbWFnZS5yYWt1dGVuLmNvLmpwL3ByaXNtLXUvY2FiaW5ldC9wb2xvc2hpcnRzL3AtY2hvb3NlL3V2Y3V0LmdpZiIgd2lkdGg9IjEwOCIgaGVpZ2h0PSIxNTgiIGJvcmRlcj0iMCI+PElNRyBzcmM9Imh0dHA6Ly9pbWFnZS5yYWt1dGVuLmNvLmpwL3ByaXNtLXUvY2FiaW5ldC9wb2xvc2hpcnRzL3AtY2hvb3NlL3N0YW5kYXJkLmdpZiIgd2lkdGg9IjE0MyIgaGVpZ2h0PSIxNTgiIGJvcmRlcj0iMCI+PEJSPgo8SU1HIHNyYz0iaHR0cDovL2ltYWdlLnJha3V0ZW4uY28uanAvcHJpc20tdS9jYWJpbmV0L3BvbG9zaGlydHMvcC1jaG9vc2UvZGVzaWduLmdpZiIgd2lkdGg9IjE3NyIgaGVpZ2h0PSIxNTIiIGJvcmRlcj0iMCI+PElNRyBzcmM9Imh0dHA6Ly9pbWFnZS5yYWt1dGVuLmNvLmpwL3ByaXNtLXUvY2FiaW5ldC9wb2xvc2hpcnRzL3AtY2hvb3NlL3Nob3J0LmdpZiIgd2lkdGg9IjEwMSIgaGVpZ2h0PSIxNTIiIGJvcmRlcj0iMCI+PElNRyBzcmM9Imh0dHA6Ly9pbWFnZS5yYWt1dGVuLmNvLmpwL3ByaXNtLXUvY2FiaW5ldC9wb2xvc2hpcnRzL3AtY2hvb3NlL2xvbmcuZ2lmIiB3aWR0aD0iODkiIGhlaWdodD0iMTUyIiBib3JkZXI9IjAiPjxJTUcgc3JjPSJodHRwOi8vaW1hZ2UucmFrdXRlbi5jby5qcC9wcmlzbS11L2NhYmluZXQvcG9sb3NoaXJ0cy9wLWNob29zZS9saWIuZ2lmIiB3aWR0aD0iODIiIGhlaWdodD0iMTUyIiBib3JkZXI9IjAiPjxJTUcgc3JjPSJodHRwOi8vaW1hZ2UucmFrdXRlbi5jby5qcC9wcmlzbS11L2NhYmluZXQvcG9sb3NoaXJ0cy9wLWNob29zZS9wby5naWYiIHdpZHRoPSI5NSIgaGVpZ2h0PSIxNTIiIGJvcmRlcj0iMCI+PElNRyBzcmM9Imh0dHA6Ly9pbWFnZS5yYWt1dGVuLmNvLmpwL3ByaXNtLXUvY2FiaW5ldC9wb2xvc2hpcnRzL3AtY2hvb3NlL3B4LmdpZiIgd2lkdGg9IjExNyIgaGVpZ2h0PSIxNTIiIGJvcmRlcj0iMCI+PEJSPgo8SU1HIHNyYz0iaHR0cDovL2ltYWdlLnJha3V0ZW4uY28uanAvcHJpc20tdS9jYWJpbmV0L3BvbG9zaGlydHMvcC1jaG9vc2Uvc2l6ZS5naWYiIHdpZHRoPSIxNzciIGhlaWdodD0iMTQyIiBib3JkZXI9IjAiPjxJTUcgc3JjPSJodHRwOi8vaW1hZ2UucmFrdXRlbi5jby5qcC9wcmlzbS11L2NhYmluZXQvcG9sb3NoaXJ0cy9wLWNob29zZS9raWRzLmdpZiIgd2lkdGg9IjEwNyIgaGVpZ2h0PSIxNDIiIGJvcmRlcj0iMCI+PElNRyBzcmM9Imh0dHA6Ly9pbWFnZS5yYWt1dGVuLmNvLmpwL3ByaXNtLXUvY2FiaW5ldC9wb2xvc2hpcnRzL3AtY2hvb3NlL3JlZHkuZ2lmIiB3aWR0aD0iMTI2IiBoZWlnaHQ9IjE0MiIgYm9yZGVyPSIwIj48SU1HIHNyYz0iaHR0cDovL2ltYWdlLnJha3V0ZW4uY28uanAvcHJpc20tdS9jYWJpbmV0L3BvbG9zaGlydHMvcC1jaG9vc2UvbS5naWYiIHdpZHRoPSIxMjYiIGhlaWdodD0iMTQyIiBib3JkZXI9IjAiPjxJTUcgc3JjPSJodHRwOi8vaW1hZ2UucmFrdXRlbi5jby5qcC9wcmlzbS11L2NhYmluZXQvcG9sb3NoaXJ0cy9wLWNob29zZS9sLmdpZiIgd2lkdGg9IjEyNSIgaGVpZ2h0PSIxNDIiIGJvcmRlcj0iMCI+PC9QPgo8YnI+Cjxicj4KPGhyIHNpemU9IjEiIGNvbG9yPSIjQTlBOUE5Ij4KPC9jZW50ZXI+CgoKPHN0eWxlIHR5cGU9InRleHQvY3NzIj4KLyrZSaSkzu+kq6S0pMvI66TspOul3KW/pfMqLwojcmFrdXRlbkxpbWl0ZWRJZF9hcm91bmRDYXJ0IGlucHV0W3ZhbHVlPSLZSaSkzu+kq6S0pMvI66TspOsiXXsKYmFja2dyb3VuZDogdXJsKCJodHRwOi8vaW1hZ2UucmFrdXRlbi5jby5qcC9wcmlzbS11L2NhYmluZXQvc3RvcmVkZXNpZ24vcGFnZS9jYXJ0LTAwMS5naWYiKSBsZWZ0IHRvcCBuby1yZXBlYXQ7CndpZHRoOjE4MHB4OwpoZWlnaHQ6NTBweDsKdGV4dC1pbmRlbnQ6MTAwJTsKd2hpdGUtc3BhY2U6bm93cmFwOwpvdmVyZmxvdzpoaWRkZW47CmJvcmRlcjogbm9uZTsKcGFkZGluZzowOwptYXJnaW4tdG9wOjVweCAwOwpjdXJzb3I6cG9pbnRlcjsKfQojcmFrdXRlbkxpbWl0ZWRJZF9hcm91bmRDYXJ0IHRib2R5IHRyIHRkIGlucHV0OmhvdmVyewphbHBoYShvcGFjaXR5PTgpOwotbW96LW9wYWNpdHk6MC44OwpvcGFjaXR5OjAuODsKY3Vyc29yOnBvaW50ZXI7Cn0KPC9zdHlsZT4=,pcil7KlgpcqpYCClr6XrqWClzaXDpa8gpbmlpqWnpcOlyDE2yaukzqWrpempYCAgyKs4pbWlpKW6ICDXxaSzpMqkt6TkpLmkpKW3pfOl16XrpMqluaWmpaelw6XIPyAgx+8gtqwgpauluKXlpaKl6yCl4aXzpbogpeylx6WjqWCluSDE0MWuvObTwyClt6Xzpdel6yCfb7XYo7ql16Xqpbql4KGhpealy6XVpampYKXg,pail16XtpfOfb7XYoaGlqKXXpe2l86Wopdel7aXzoaGl5qXLpdWlqalgpeDHsJLspLHWxrf+pbWl7aXzpail16XtpfOfb7XYpe+lpKW3peOlxKW5paalp6XDpcil1qXrpb6l8+tq2Jul0aXzpcSlyKXsqWClyqlgpdGpYKWrqWClq6XppdWl66XBpc6l0aXzpa2l46XDpdelyKlgpcil0KXDpbCkxKTKpK6fb7XYoaGlyKXsqWClyqlgIKWvpeupYKXNpcOlryCluaWmpaelw6XIMTbJq6TOpaul6algICDIqziltaWkpbogINfFpLOkyqS3pOSkuaSkpbel86XXpeukyqW5paalp6XDpcg/ICDH7yC2rCClq6W4peWloqXrIKXhpfOluiCl7KXHpaOpYKW5IMTQxa685tPDIKW3pfOl16XrIJ9vtdg=,pa+l66lgpc2lw6WvpbmlpqWnpcOlyCAgLyAgMTbJq6TOpaul6algIC/IqziltaWkpbqho6XIpeypYKXKqWAgpa+l66lgpc2lw6WvIKW5paalp6XDpcgxNsmrpM6lq6XpqWAgIMirOKW1paSluiAg18Wks6TKpLek5KS5pKSlt6Xzpdel66TKpbmlpqWnpcOlyD8gIMfvILasIKWrpbil5aWipesgpeGl86W6IKXspcelo6lgpbkgxNDFrrzm08Mgpbel86XXpesgn2+12A==[rn]
31-77546,aHR0cDovL3RzaG9wLnIxMHMuanAvcHJpc20tdS9jYWJpbmV0L3N3ZWF0LzUwNDQtMDFfdG9wX2JpZy5qcGc/Zml0aW49NzAwOjcwMA==,MjI0Ni40MDAw,,peylx6WjqWCluaXVpaGlw6W3peel8yA+IKXIpcOl16W5ID4gpdGpYKWrqWA=,pcil7KlgpcqpYCClr6XrqWClzaXDpa8gpbmlpqWnpcOlyCC086StpKSltaWkpbogMTbJq6TOpaul6algIMirOKW1paSluiDXxaSzpMqkt6TkpLmkpCClt6Xzpdel66TKpbmlpqWnpcOlyD8gIKXspcelo6lgpbkgpeGl86W6IMTQxa685tPDIKW3pfOl16XrIJ9vtdg=,pa+l66lgpc2lw6WvpbmlpqWnpcOlyCAgLyC086StpKQgLyAxNsmrpM6lq6XpqWAgL8irOKW1paSlug==,PGJyPgo8aW1nIHNyYz0iaHR0cDovL2ltYWdlLnJha3V0ZW4uY28uanAvcHJpc20tdS9jYWJpbmV0L3N3ZWF0LzUwNDQtMDFfdG9wX2JpZy5qcGciIHdpZHRoPSI4MDAiID4uLzxicj4KPGJyPgo8YnI+Cjxicj4KPGJyPgo8YnI+Cjxicj4KPGJyPgo8YnI+Cjxicj4KPGltZyBzcmM9Imh0dHA6Ly9pbWFnZS5yYWt1dGVuLmNvLmpwL3ByaXNtLXUvY2FiaW5ldC9zdG9yZWRlc2lnbi9wYWdlL3NvemFpX2NvbG9ycy5naWYiIHdpZHRoPSI4MDAiID48YnI+Cjxicj4KPGJyPgo8aW1nIHNyYz0iaHR0cDovL2ltYWdlLnJha3V0ZW4uY28uanAvcHJpc20tdS9jYWJpbmV0L3N3ZWF0LzUwNDQtMDFfY29sb3JzLmpwZyIgd2lkdGg9IjgwMCIgPiA8YnI+CjxpbWcgc3JjPSJodHRwOi8vaW1hZ2UucmFrdXRlbi5jby5qcC9wcmlzbS11L2NhYmluZXQvc3dlYXQvNTA0NC0wMV9jb2xvcnMyLmpwZyIgd2lkdGg9IjgwMCIgPjxicj4KPGJyPgo8YnI+Cjxicj4KPGJyPgo8YnI+Cjxicj4KPGJyPgo8aW1nIHNyYz0iaHR0cDovL2ltYWdlLnJha3V0ZW4uY28uanAvcHJpc20tdS9jYWJpbmV0L3N0b3JlZGVzaWduL3BhZ2Uvc296YWlfc2l6ZS5naWYiIHdpZHRoPSI4MDAiID4gPGJyPgo8YnI+CjxpbWcgc3JjPSJodHRwOi8vaW1hZ2UucmFrdXRlbi5jby5qcC9wcmlzbS11L2NhYmluZXQvc3dlYXQvNTA0NC0wMV9zaXplX2xhcmdlLmdpZiIgd2lkdGg9IjgwMCIgPjxicj4KPGJyPgo8YnI+Cjxicj4KPGJyPgo8YnI+CjxpbWcgc3JjPSJodHRwOi8vaW1hZ2UucmFrdXRlbi5jby5qcC9wcmlzbS11L2NhYmluZXQvc3dlYXQvNTA0NC0wMS0yX3NwZWNfbmV3LmpwZyIgd2lkdGg9IjgwMCIgPiA8YnI+Cjxicj4KPGJyPgo8YnI+Cjxicj4KPGJyPgo8YnI+CjxhIGhyZWY9Imh0dHA6Ly9pdGVtLnJha3V0ZW4uY28uanAvcHJpc20tdS9kZWxpdmVyeS8ja3Vyb25la29tYWlsIiB0YXJnZXQ9Il9ibGFuayI+PGltZyBzcmM9Imh0dHA6Ly9pbWFnZS5yYWt1dGVuLmNvLmpwL3ByaXNtLXUvY2FiaW5ldC9zdG9yZWRlc2lnbi9wYWdlL21haWxfbmcwMS5naWYiIHdpZHRoPSI4MDAiID48L2E+PGJyPgo8YnI+Cjxicj4KPGJyPgo8YnI+Cjxicj4KPGltZyBzcmM9Imh0dHA6Ly9pbWFnZS5yYWt1dGVuLmNvLmpwL3ByaXNtLXUvY2FiaW5ldC9iYW5uZXIvemFpa29fYXR0ZW50aW9uLmpwZyIgd2lkdGg9IjgwMCIgYWx0PSIiLz48YnI+Cgo8YnI+PGJyPgo8YnI+CjxpbWcgPSIiIHNyYz0iaHR0cDovL2ltYWdlLnJha3V0ZW4uY28uanAvcHJpc20tdS9jYWJpbmV0L3J5b3VzeXV1c3lvLmpwZyIgd2lkdGg9IjgwMCI+PGJyPjxjZW50ZXI+CjxQPjxJTUcgc3JjPSJodHRwOi8vaW1hZ2UucmFrdXRlbi5jby5qcC9wcmlzbS11L2NhYmluZXQvcG9sb3NoaXJ0cy9wLWNob29zZS9zb3phaS5naWYiIHdpZHRoPSIxNzciIGhlaWdodD0iMTU4IiBib3JkZXI9IjAiPjxJTUcgc3JjPSJodHRwOi8vaW1hZ2UucmFrdXRlbi5jby5qcC9wcmlzbS11L2NhYmluZXQvcG9sb3NoaXJ0cy9wLWNob29zZS9kcnkuZ2lmIiB3aWR0aD0iMTA3IiBoZWlnaHQ9IjE1OCIgYm9yZGVyPSIwIj48SU1HIHNyYz0iaHR0cDovL2ltYWdlLnJha3V0ZW4uY28uanAvcHJpc20tdS9jYWJpbmV0L3BvbG9zaGlydHMvcC1jaG9vc2UvY290dG9uLmdpZiIgd2lkdGg9IjEyNiIgaGVpZ2h0PSIxNTgiIGJvcmRlcj0iMCI+PElNRyBzcmM9Imh0dHA6Ly9pbWFnZS5yYWt1dGVuLmNvLmpwL3ByaXNtLXUvY2FiaW5ldC9wb2xvc2hpcnRzL3AtY2hvb3NlL3V2Y3V0LmdpZiIgd2lkdGg9IjEwOCIgaGVpZ2h0PSIxNTgiIGJvcmRlcj0iMCI+PElNRyBzcmM9Imh0dHA6Ly9pbWFnZS5yYWt1dGVuLmNvLmpwL3ByaXNtLXUvY2FiaW5ldC9wb2xvc2hpcnRzL3AtY2hvb3NlL3N0YW5kYXJkLmdpZiIgd2lkdGg9IjE0MyIgaGVpZ2h0PSIxNTgiIGJvcmRlcj0iMCI+PEJSPgo8SU1HIHNyYz0iaHR0cDovL2ltYWdlLnJha3V0ZW4uY28uanAvcHJpc20tdS9jYWJpbmV0L3BvbG9zaGlydHMvcC1jaG9vc2UvZGVzaWduLmdpZiIgd2lkdGg9IjE3NyIgaGVpZ2h0PSIxNTIiIGJvcmRlcj0iMCI+PElNRyBzcmM9Imh0dHA6Ly9pbWFnZS5yYWt1dGVuLmNvLmpwL3ByaXNtLXUvY2FiaW5ldC9wb2xvc2hpcnRzL3AtY2hvb3NlL3Nob3J0LmdpZiIgd2lkdGg9IjEwMSIgaGVpZ2h0PSIxNTIiIGJvcmRlcj0iMCI+PElNRyBzcmM9Imh0dHA6Ly9pbWFnZS5yYWt1dGVuLmNvLmpwL3ByaXNtLXUvY2FiaW5ldC9wb2xvc2hpcnRzL3AtY2hvb3NlL2xvbmcuZ2lmIiB3aWR0aD0iODkiIGhlaWdodD0iMTUyIiBib3JkZXI9IjAiPjxJTUcgc3JjPSJodHRwOi8vaW1hZ2UucmFrdXRlbi5jby5qcC9wcmlzbS11L2NhYmluZXQvcG9sb3NoaXJ0cy9wLWNob29zZS9saWIuZ2lmIiB3aWR0aD0iODIiIGhlaWdodD0iMTUyIiBib3JkZXI9IjAiPjxJTUcgc3JjPSJodHRwOi8vaW1hZ2UucmFrdXRlbi5jby5qcC9wcmlzbS11L2NhYmluZXQvcG9sb3NoaXJ0cy9wLWNob29zZS9wby5naWYiIHdpZHRoPSI5NSIgaGVpZ2h0PSIxNTIiIGJvcmRlcj0iMCI+PElNRyBzcmM9Imh0dHA6Ly9pbWFnZS5yYWt1dGVuLmNvLmpwL3ByaXNtLXUvY2FiaW5ldC9wb2xvc2hpcnRzL3AtY2hvb3NlL3B4LmdpZiIgd2lkdGg9IjExNyIgaGVpZ2h0PSIxNTIiIGJvcmRlcj0iMCI+PEJSPgo8SU1HIHNyYz0iaHR0cDovL2ltYWdlLnJha3V0ZW4uY28uanAvcHJpc20tdS9jYWJpbmV0L3BvbG9zaGlydHMvcC1jaG9vc2Uvc2l6ZS5naWYiIHdpZHRoPSIxNzciIGhlaWdodD0iMTQyIiBib3JkZXI9IjAiPjxJTUcgc3JjPSJodHRwOi8vaW1hZ2UucmFrdXRlbi5jby5qcC9wcmlzbS11L2NhYmluZXQvcG9sb3NoaXJ0cy9wLWNob29zZS9raWRzLmdpZiIgd2lkdGg9IjEwNyIgaGVpZ2h0PSIxNDIiIGJvcmRlcj0iMCI+PElNRyBzcmM9Imh0dHA6Ly9pbWFnZS5yYWt1dGVuLmNvLmpwL3ByaXNtLXUvY2FiaW5ldC9wb2xvc2hpcnRzL3AtY2hvb3NlL3JlZHkuZ2lmIiB3aWR0aD0iMTI2IiBoZWlnaHQ9IjE0MiIgYm9yZGVyPSIwIj48SU1HIHNyYz0iaHR0cDovL2ltYWdlLnJha3V0ZW4uY28uanAvcHJpc20tdS9jYWJpbmV0L3BvbG9zaGlydHMvcC1jaG9vc2UvbS5naWYiIHdpZHRoPSIxMjYiIGhlaWdodD0iMTQyIiBib3JkZXI9IjAiPjxJTUcgc3JjPSJodHRwOi8vaW1hZ2UucmFrdXRlbi5jby5qcC9wcmlzbS11L2NhYmluZXQvcG9sb3NoaXJ0cy9wLWNob29zZS9sLmdpZiIgd2lkdGg9IjEyNSIgaGVpZ2h0PSIxNDIiIGJvcmRlcj0iMCI+PC9QPgo8YnI+Cjxicj4KPGhyIHNpemU9IjEiIGNvbG9yPSIjQTlBOUE5Ij4KPC9jZW50ZXI+CgoKPHN0eWxlIHR5cGU9InRleHQvY3NzIj4KLyrZSaSkzu+kq6S0pMvI66TspOul3KW/pfMqLwojcmFrdXRlbkxpbWl0ZWRJZF9hcm91bmRDYXJ0IGlucHV0W3ZhbHVlPSLZSaSkzu+kq6S0pMvI66TspOsiXXsKYmFja2dyb3VuZDogdXJsKCJodHRwOi8vaW1hZ2UucmFrdXRlbi5jby5qcC9wcmlzbS11L2NhYmluZXQvc3RvcmVkZXNpZ24vcGFnZS9jYXJ0LTAwMS5naWYiKSBsZWZ0IHRvcCBuby1yZXBlYXQ7CndpZHRoOjE4MHB4OwpoZWlnaHQ6NTBweDsKdGV4dC1pbmRlbnQ6MTAwJTsKd2hpdGUtc3BhY2U6bm93cmFwOwpvdmVyZmxvdzpoaWRkZW47CmJvcmRlcjogbm9uZTsKcGFkZGluZzowOwptYXJnaW4tdG9wOjVweCAwOwpjdXJzb3I6cG9pbnRlcjsKfQojcmFrdXRlbkxpbWl0ZWRJZF9hcm91bmRDYXJ0IHRib2R5IHRyIHRkIGlucHV0OmhvdmVyewphbHBoYShvcGFjaXR5PTgpOwotbW96LW9wYWNpdHk6MC44OwpvcGFjaXR5OjAuODsKY3Vyc29yOnBvaW50ZXI7Cn0KPC9zdHlsZT4=,pcil7KlgpcqpYCClr6XrqWClzaXDpa8gpbmlpqWnpcOlyCC086StpKSltaWkpbogMTbJq6TOpaul6algIMirOKW1paSluiDXxaSzpMqkt6TkpLmkpCClt6Xzpdel66TKpbmlpqWnpcOlyD8gIKXspcelo6lgpbkgpeGl86W6IMTQxa685tPDIKW3pfOl16XrIJ9vtdijuqXXpeqluqXgoaGl5qXLpdWlqalgpeA=,pail16XtpfOfb7XYoaGlqKXXpe2l86Wopdel7aXzoaGl5qXLpdWlqalgpeDHsJLspLHWxrf+pbWl7aXzpail16XtpfOfb7XYpe+lpKW3peOlxKW5paalp6XDpcil1qXrpb6l8+tq2Jul0aXzpcSlyKXsqWClyqlgpdGpYKWrqWClq6XppdWl66XBpc6l0aXzpa2l46XDpdelyKlgpcil0KXDpbCkxKTKpK6fb7XYoaGlyKXsqWClyqlgIKWvpeupYKXNpcOlryCluaWmpaelw6XIILTzpK2kpKW1paSluiAxNsmrpM6lq6XpqWAgyKs4pbWlpKW6INfFpLOkyqS3pOSkuaSkIKW3pfOl16XrpMqluaWmpaelw6XIPyAgpeylx6WjqWCluSCl4aXzpbogxNDFrrzm08Mgpbel86XXpesgn2+12A==,pa+l66lgpc2lw6WvpbmlpqWnpcOlyCAgLyC086StpKQgLyAxNsmrpM6lq6XpqWAgL8irOKW1paSluqGjpcil7KlgpcqpYCClr6XrqWClzaXDpa8gpbmlpqWnpcOlyCC086StpKSltaWkpbogMTbJq6TOpaul6algIMirOKW1paSluiDXxaSzpMqkt6TkpLmkpCClt6Xzpdel66TKpbmlpqWnpcOlyD8gIKXspcelo6lgpbkgpeGl86W6IMTQxa685tPDIKW3pfOl16XrIJ9vtdg=[rn]
31-77547,aHR0cDovL3RzaG9wLnIxMHMuanAvbGlnaHRlcnlhL2NhYmluZXQvbWFpbjA2Ny0yLzA2NzM3MTExOC1yMS5qcGc/Zml0aW49NzAwOjcwMA==,MjU3NC40MDAw,,peylx6WjqWCluaXVpaGlw6W3peel8yA+IKXIpcOl16W5ID4gpdGpYKWrqWA=,ob42LzHP3raoIKXdpaSl86XIMTCxtqG/pKqkyKSzpM7ratibzt0gpdGpYKWrqWAgpeylx6WjqWCluSC3wM7DjJ2y3yCz5qTopLEgzsOk6KSxIFVWpaulw6XIINfPzeK+gKWrpcOlyCDXz83ivoCMnbLfIFVWzsOkw6TIpdGpYKWrqWAgMsmrIKWupdWlyCCl16Xspbyl86XIob5SQ1Chvw==,pKrI98LkpMql0algpaupYKTHzsOk6KSxjJ2y36OhpaypYKXHpcul86WwpOTectf3mEmkyw==,PCEtLSCloqWkpceloutq2JukoqS5mFMgLS0+PGRpdiBzdHlsZT0ibWFyZ2luOjBweCAwcHggNXB4IDBweDsgY2xlYXI6Ym90aCIgY2xhc3M9ImNsZWFyZml4Ij48YSBocmVmPSJodHRwczovL2l0ZW0ucmFrdXRlbi5jby5qcC9saWdodGVyeWEvYy8wMDAwMDAyNTA5LyIgdGFyZ2V0PSJfc2VsZiI+PGltZyBzcmM9Imh0dHBzOi8vd3d3LnJha3V0ZW4ubmUuanAvZ29sZC9saWdodGVyeWEvaW1hZ2VzL2FzdXJha3U2NzAuanBnIiBhbHQ9IqSipLmYU4ydj+ogvLTI1bBry83WwqS3pN6kuSIgd2lkdGg9IjY3MCIgaGVpZ2h0PSI3OSIgYm9yZGVyPSIwIiBzdHlsZT0ibWFyZ2luLXRvcDoxMHB4OyIgLz48L2E+PC9kaXY+PCEtLSCloqWkpceloutq2JukoqS5mFMgLS0+PHRhYmxlIHdpZHRoPSI2NzAiIGJvcmRlcj0iMCIgY2VsbHNwYWNpbmc9IjAiIGNlbGxwYWRkaW5nPSIwIj4KPHRyPgogICA8dGQ+PGltZyBzcmM9Imh0dHBzOi8vaW1hZ2UucmFrdXRlbi5jby5qcC9yLWUtemFra2F5YS9jYWJpbmV0L2lkZWEwNjcvMDY3MzcxMTE4LTIuanBnIiB3aWR0aD0iNjcwIiBoZWlnaHQ9IjcwMCIgc3R5bGU9Im1hcmdpbjowcHggMHB4IDIwcHggMHB4IiBhbHQ9IlVWzsOkw6TIpdGpYKWrqWAgMsmrIiAvPjwvdGQ+CjwvdHI+CgogIAo8dHI+Cjx0ZD48dGFibGUgd2lkdGg9IjY3MCIgYm9yZGVyPSIwIiBjZWxsc3BhY2luZz0iMCIgY2VsbHBhZGRpbmc9IjUiPgo8dHI+Cjx0ZCB3aWR0aD0iNjcwIj48cD48Zm9udCBzdHlsZT0iZm9udC13ZWlnaHQ6Ym9sZCIgY29sb3I9IiM5OTAwMDAiIHNpemU9IjQiPqSqyPfC5KTKpdGpYKWrqWCkx87DpOiksYydst+joQo8YnI+PGJyPgo8L2ZvbnQ+PGZvbnQgc2l6ZT0iMyI+CqWqqWCl66W3qWCluqXztPO77txTo6HK1qTOvNek3qTH60yku6TrpM6kx7HjwPukx6S5oaM8YnI+CsbVts7XxaTLus+k76S7pOmk7KTrpbel86XXpeulx6W2paSl86GjPGJyPgrJ+rXYpMu3wM7DvNO5pKSspKKk6qGizsOk8rzEpLu4tqSxpMukr6SvoaJVVqWrpcOlyKTipLekxqSvpOyk3qS5oaM8YnI+PGJyPgoKpd2l6qWopbmlxqXrpMqkzqTHpLmksMespK+kzqTipd2lpKXzpcihozxicj4K3Vik5KSrpMel7KW4peOpYKTkwsPQ0KTPpOKkwaTtpPPG1bbO18WkyKS3pMak4qGjPGJyPjxicj4KCqXWpemlw6WvpMilqKXzpbikzjLJq6TypLTTw9LipLek3qS3pL+howo8YnI+PGJyPgoKPC9mb250PgoKPC9wPgo8L3RkPgo8L3RyPgo8L3RhYmxlPjwvdGQ+CjwvdHI+Cjx0YWJsZSB3aWR0aD0iNjcwIiBib3JkZXI9IjAiIGNlbGxzcGFjaW5nPSIwIiBjZWxscGFkZGluZz0iMCI+CgoKPHRyPgogICA8dGQ+PGltZyBzcmM9Imh0dHBzOi8vaW1hZ2UucmFrdXRlbi5jby5qcC9yLWUtemFra2F5YS9jYWJpbmV0L2lkZWEwNjcvMDY3MzcxMTE4LTMuanBnIiB3aWR0aD0iNjcwIiBzdHlsZT0ibWFyZ2luOjBweCAwcHggMjBweCAwcHgiIGFsdD0iVVbOw6TDpMil0algpaupYCAyyasKIiAvPjwvdGQ+CjwvdHI+Cjx0cj4KICAgPHRkPjxpbWcgc3JjPSJodHRwczovL2ltYWdlLnJha3V0ZW4uY28uanAvci1lLXpha2theWEvY2FiaW5ldC9pZGVhMDY3LzA2NzM3MTExOC00LmpwZyIgd2lkdGg9IjY3MCIgc3R5bGU9Im1hcmdpbjowcHggMHB4IDIwcHggMHB4IiBhbHQ9IlVWzsOkw6TIpdGpYKWrqWAgMsmrCiIgLz48L3RkPgo8L3RyPgoKPHRyPgogICA8dGQ+PGltZyBzcmM9Imh0dHBzOi8vaW1hZ2UucmFrdXRlbi5jby5qcC9yLWUtemFra2F5YS9jYWJpbmV0L2lkZWEwNjcvMDY3MzcxMTE4LTUuanBnIiB3aWR0aD0iNjcwIiBzdHlsZT0ibWFyZ2luOjBweCAwcHggMjBweCAwcHgiIGFsdD0iVVbOw6TDpMil0algpaupYCAyyasKIiAvPjwvdGQ+CjwvdHI+Cgo8dHI+CiAgIDx0ZD48aW1nIHNyYz0iaHR0cHM6Ly9pbWFnZS5yYWt1dGVuLmNvLmpwL3ItZS16YWtrYXlhL2NhYmluZXQvaWRlYTA2Ny8wNjczNzExMTgtNi5qcGciIHdpZHRoPSI2NzAiIHN0eWxlPSJtYXJnaW46MHB4IDBweCAyMHB4IDBweCIgYWx0PSJVVs7DpMOkyKXRqWClq6lgIDLJqwoiIC8+PC90ZD4KPC90cj4KPHRyPgogICA8dGQ+PGltZyBzcmM9Imh0dHBzOi8vaW1hZ2UucmFrdXRlbi5jby5qcC9yLWUtemFra2F5YS9jYWJpbmV0L2lkZWEwNjcvMDY3MzcxMTE4LTcuanBnIiB3aWR0aD0iNjcwIiBzdHlsZT0ibWFyZ2luOjBweCAwcHggMjBweCAwcHgiIGFsdD0iVVbOw6TDpMil0algpaupYCAyyasKIiAvPjwvdGQ+CjwvdHI+Cgo8L3RhYmxlPgoKCgoKPCEtLSDLzcHPn2/Bz6XQpcqpYCAtLT4KPGRpdiBzdHlsZT0ibWFyZ2luOjBweCAwcHggNXB4IDBweDsgY2xlYXI6Ym90aCIgY2xhc3M9ImNsZWFyZml4Ij48YSBocmVmPSJodHRwczovL2l0ZW0ucmFrdXRlbi5jby5qcC9saWdodGVyeWEvYy8wMDAwMDAzNjkyLyIgdGFyZ2V0PSJfYmxhbmsiPjxpbWcgc3JjPSJodHRwczovL3d3dy5yYWt1dGVuLm5lLmpwL2dvbGQvbGlnaHRlcnlhL2ltYWdlcy9zb3VyeW91LWZyZWU2NzAuanBnIiBhbHQ9IsvNwc+fb8HPIiB3aWR0aD0iNjcwIiBoZWlnaHQ9IjEwMCIgYm9yZGVyPSIwIiBzdHlsZT0ibWFyZ2luLXRvcDoxMHB4OyIgLz48L2E+PC9kaXY+CjwhLS3pdt9CyczGt6W5pb+pYKXILS0+Cjxicj48dGFibGUgd2lkdGg9IjY3MCIgaGVpZ2h0PSIzMCIgYm9yZGVyPSIwIiBjZWxscGFkZGluZz0iMyIgY2VsbHNwYWNpbmc9IjAiPgogIDx0cj4KICAgIDx0ZCBhbGlnbj0iY2VudGVyIj48aW1nIHNyYz0iaHR0cHM6Ly93d3cucmFrdXRlbi5uZS5qcC9nb2xkL2xpZ2h0ZXJ5YS9pbWFnZXMvcmVsYXRlZC1wcm9kdWN0cy5qcGciIGFsdD0ipKqkuaS5pOHpdt9CyczGtyIgd2lkdGg9IjY3MCIgaGVpZ2h0PSIxMDAiPjwvdGQ+CiAgPC90cj4KPC90YWJsZT4KPFRBQkxFIHdpZHRoPSI2NzAiIEJPUkRFUj0iMCIgQ0VMTFBBRERJTkc9IjUiIENFTExTUEFDSU5HPSIyIj4KPFRSPgo8VEQgQUxJR049ImNlbnRlciI+CjxGT05UIFNJWkU9IjIiPgo8QSBIUkVGPSJodHRwczovL2l0ZW0ucmFrdXRlbi5jby5qcC9saWdodGVyeWEvMDY3MzExMzI5LyI+CjxJTUcgU1JDPSJodHRwczovL2ltYWdlLnJha3V0ZW4uY28uanAvci1lLXpha2theWEvY2FiaW5ldC9tYWluMDY3LTIvMDY3MzExMzI5LXIxLmpwZyIgQUxUPSIwNjczMTEzMjkiIEJPUkRFUj0iMCIgV0lEVEg9IjE0MCIgSEVJR0hUPSIxNDAiPgo8L0E+PEJSPgo8QSBIUkVGPSJodHRwczovL2l0ZW0ucmFrdXRlbi5jby5qcC9saWdodGVyeWEvMDY3MzExMzI5LyI+CjxGT05UIENPTE9SPSIjMDAwMDAwIj4KpN6k66THxL7qjqTOpcSl0I7aw7HX0zwvRk9OVD4KPC9BPgo8L0ZPTlQ+CjwvVEQ+CjxURCBBTElHTj0iY2VudGVyIj4KPEZPTlQgU0laRT0iMiI+CjxBIEhSRUY9Imh0dHBzOi8vaXRlbS5yYWt1dGVuLmNvLmpwL2xpZ2h0ZXJ5YS8wMDgxMTU4NDgvIj4KPElNRyBTUkM9Imh0dHBzOi8vaW1hZ2UucmFrdXRlbi5jby5qcC9yLWUtemFra2F5YS9jYWJpbmV0L21haW4wMDgvMDA4MTE1ODQ4LXIxLmpwZyIgQUxUPSIwMDgxMTU4NDgiIEJPUkRFUj0iMCIgV0lEVEg9IjE0MCIgSEVJR0hUPSIxNDAiPgo8L0E+PEJSPgo8QSBIUkVGPSJodHRwczovL2l0ZW0ucmFrdXRlbi5jby5qcC9saWdodGVyeWEvMDA4MTE1ODQ4LyI+CjxGT05UIENPTE9SPSIjMDAwMDAwIj4KTkVXyu6ktaTypc+lzbe1pLm/7N9tw7HX0yDXz83ivoC3wNa5IJ/h1tDWotPot8A8L0ZPTlQ+CjwvQT4KPC9GT05UPgo8L1REPgo8VEQgQUxJR049ImNlbnRlciI+CjxGT05UIFNJWkU9IjIiPgo8QSBIUkVGPSJodHRwczovL2l0ZW0ucmFrdXRlbi5jby5qcC9saWdodGVyeWEvMDA4MTE1ODI0LyI+CjxJTUcgU1JDPSJodHRwczovL2ltYWdlLnJha3V0ZW4uY28uanAvci1lLXpha2theWEvY2FiaW5ldC9tYWluMDA4LzAwODExNTgyNC1yMS5qcGciIEFMVD0iMDA4MTE1ODI0IiBCT1JERVI9IjAiIFdJRFRIPSIxNDAiIEhFSUdIVD0iMTQwIj4KPC9BPjxCUj4KPEEgSFJFRj0iaHR0cHM6Ly9pdGVtLnJha3V0ZW4uY28uanAvbGlnaHRlcnlhLzAwODExNTgyNC8iPgo8Rk9OVCBDT0xPUj0iIzAwMDAwMCI+CsrupLWk8qXPpc23taS5v+zfbbGz1tClq6XQqWAg18/N4r6At8DWuSCf4dbQ1qLT6LfAPC9GT05UPgo8L0E+CjwvRk9OVD4KPC9URD4KPFREIEFMSUdOPSJjZW50ZXIiPgo8Rk9OVCBTSVpFPSIyIj4KPEEgSFJFRj0iaHR0cHM6Ly9pdGVtLnJha3V0ZW4uY28uanAvbGlnaHRlcnlhLzA2NzM3MTExOC8iPgo8SU1HIFNSQz0iaHR0cHM6Ly9pbWFnZS5yYWt1dGVuLmNvLmpwL3ItZS16YWtrYXlhL2NhYmluZXQvbWFpbjA2Ny0yLzA2NzM3MTExOC1yMS5qcGciIEFMVD0iMDY3MzcxMTE4IiBCT1JERVI9IjAiIFdJRFRIPSIxNDAiIEhFSUdIVD0iMTQwIj4KPC9BPjxCUj4KPEEgSFJFRj0iaHR0cHM6Ly9pdGVtLnJha3V0ZW4uY28uanAvbGlnaHRlcnlhLzA2NzM3MTExOC8iPgo8Rk9OVCBDT0xPUj0iIzAwMDAwMCI+ClVWzsOkw6TIpdGpYKWrqWAgMsmrPC9GT05UPgo8L0E+CjwvRk9OVD4KPC9URD4KPC9UUj4KPFRSPgo8VEQgQUxJR049ImNlbnRlciI+CjxGT05UIFNJWkU9IjIiPgo8QSBIUkVGPSJodHRwczovL2l0ZW0ucmFrdXRlbi5jby5qcC9saWdodGVyeWEvMDY3MTYwNzM2LyI+CjxJTUcgU1JDPSJodHRwczovL2ltYWdlLnJha3V0ZW4uY28uanAvci1lLXpha2theWEvY2FiaW5ldC9tYWluMDY3LzA2NzE2MDczNi1yMS5qcGciIEFMVD0iMDY3MTYwNzM2IiBCT1JERVI9IjAiIFdJRFRIPSIxNDAiIEhFSUdIVD0iMTQwIj4KPC9BPjxCUj4KPEEgSFJFRj0iaHR0cHM6Ly9pdGVtLnJha3V0ZW4uY28uanAvbGlnaHRlcnlhLzA2NzE2MDczNi8iPgo8Rk9OVCBDT0xPUj0iIzAwMDAwMCI+CqTVpPOk76TqpaypYKW8pculw6XIpaKpYKXgpaul0KlgIDTJqyA8L0ZPTlQ+CjwvQT4KPC9GT05UPgo8L1REPgo8VEQgQUxJR049ImNlbnRlciI+CjxGT05UIFNJWkU9IjIiPgo8QSBIUkVGPSJodHRwczovL2l0ZW0ucmFrdXRlbi5jby5qcC9saWdodGVyeWEvMDY3MTUxODAyLyI+CjxJTUcgU1JDPSJodHRwczovL2ltYWdlLnJha3V0ZW4uY28uanAvci1lLXpha2theWEvY2FiaW5ldC9tYWluMDY3LzA2NzE1MTgwMi1yMS5qcGciIEFMVD0iMDY3MTUxODAyIiBCT1JERVI9IjAiIFdJRFRIPSIxNDAiIEhFSUdIVD0iMTQwIj4KPC9BPjxCUj4KPEEgSFJFRj0iaHR0cHM6Ly9pdGVtLnJha3V0ZW4uY28uanAvbGlnaHRlcnlhLzA2NzE1MTgwMi8iPgo8Rk9OVCBDT0xPUj0iIzAwMDAwMCI+CqS9pMeloqlgpeClq6XQqWAgNcmrIDwvRk9OVD4KPC9BPgo8L0ZPTlQ+CjwvVEQ+CjxURCBBTElHTj0iY2VudGVyIj4KPEZPTlQgU0laRT0iMiI+CjxBIEhSRUY9Imh0dHBzOi8vaXRlbS5yYWt1dGVuLmNvLmpwL2xpZ2h0ZXJ5YS8wNjc1MjIxNTIvIj4KPElNRyBTUkM9Imh0dHBzOi8vaW1hZ2UucmFrdXRlbi5jby5qcC9yLWUtemFra2F5YS9jYWJpbmV0L21haW4wNjcvMDY3NTIyMTUyLXIxLmpwZyIgQUxUPSIwNjc1MjIxNTIiIEJPUkRFUj0iMCIgV0lEVEg9IjE0MCIgSEVJR0hUPSIxNDAiPgo8L0E+PEJSPgo8QSBIUkVGPSJodHRwczovL2l0ZW0ucmFrdXRlbi5jby5qcC9saWdodGVyeWEvMDY3NTIyMTUyLyI+CjxGT05UIENPTE9SPSIjMDAwMDAwIj4KvYHI1aTopLHN86WrpdCpYCA8L0ZPTlQ+CjwvQT4KPC9GT05UPgo8L1REPgo8VEQgQUxJR049ImNlbnRlciI+CjxGT05UIFNJWkU9IjIiPgo8QSBIUkVGPSJodHRwczovL2l0ZW0ucmFrdXRlbi5jby5qcC9saWdodGVyeWEvMDEyMTQxNjk3LyI+CjxJTUcgU1JDPSJodHRwczovL2ltYWdlLnJha3V0ZW4uY28uanAvci1lLXpha2theWEvY2FiaW5ldC9tYWluMDEyLzAxMjE0MTY5Ny1yMS5qcGciIEFMVD0iMDEyMTQxNjk3IiBCT1JERVI9IjAiIFdJRFRIPSIxNDAiIEhFSUdIVD0iMTQwIj4KPC9BPjxCUj4KPEEgSFJFRj0iaHR0cHM6Ly9pdGVtLnJha3V0ZW4uY28uanAvbGlnaHRlcnlhLzAxMjE0MTY5Ny8iPgo8Rk9OVCBDT0xPUj0iIzAwMDAwMCI+CqXYpcOlyaWrpdCpYLi2pK2z5qTopLGl4aXDpbel5aXRqWClq6lgPC9GT05UPgo8L0E+CjwvRk9OVD4KPC9URD4KPC9UUj4KPC9UQUJMRT4KPGJyIC8+PCEtLel230LJzMa3vUuk76TqLS0+Cjx0YWJsZSB3aWR0aD0iNjcwIiBib3JkZXI9IjAiIGNlbGxzcGFjaW5nPSIwIiBjZWxscGFkZGluZz0iMCI+Cjx0cj4KPHRkPgogPGEgaHJlZj0iaHR0cHM6Ly93d3cucmFrdXRlbi5uZS5qcC9nb2xkL2xpZ2h0ZXJ5YS9yYWt1Z2lmdC5odG1sIiB0YXJnZXQ9Il9ibGFuayI+PGltZyBzcmM9Imh0dHBzOi8vd3d3LnJha3V0ZW4ubmUuanAvZ29sZC9saWdodGVyeWEvaW1hZ2VzL3dyYXBwaW5nLWJhbm5lci1pZGVhLmpwZyIgYWx0PSKl6aXDpdSl86Wwn2/BzyIgd2lkdGg9IjY3MCIgaGVpZ2h0PSIxMDAiIGJvcmRlcj0iMCIgc3R5bGU9Im1hcmdpbi1ib3R0b206NSI+PC9hPjxicj4gCjwhLS08aW1nIHNyYz0iaHR0cHM6Ly93d3cucmFrdXRlbi5uZS5qcC9nb2xkL2xpZ2h0ZXJ5YS9pbWFnZXMvbGl2aW5nLXhtYXNnaWZ0LmpwZyIgYWx0PSKlr6Xqpbml3qW5pemlw6XUpfOlsJ9vwc8iIHN0eWxlPSJtYXJnaW4tYm90dG9tOjEwIiB3aWR0aD0iNjcwIiBoZWlnaHQ9IjM1MCI+PGJyPgo8YSBocmVmPSJodHRwczovL2l0ZW0ucmFrdXRlbi5jby5qcC9saWdodGVyeWEvMDAwMDAwMTAxLyI+PGltZyBzcmM9Imh0dHBzOi8vd3d3LnJha3V0ZW4ubmUuanAvZ29sZC9saWdodGVyeWEvaW1hZ2VzL3l1cnlvLXhtYXMyMDE1Z2lmdC5qcGciIGFsdD0i09DBz6WvpeqluaXepbml6aXDpdSl86WwIiBzdHlsZT0ibWFyZ2luLWJvdHRvbToxMCIgd2lkdGg9IjY3MCI+PC9hPjxicj4tLT4KCjwvdGQ+CjwvdHI+CjwvdGFibGU+PGJyPgo8IS0tpaKlpKWzpfMtLT4KPHRhYmxlIHdpZHRoPSI2NzAiIGJvcmRlcj0iMCIgY2VsbHBhZGRpbmc9IjAiIGNlbGxzcGFjaW5nPSIwIj4KPHRyPgo8dGQ+CjxpbWcgc3JjPSJodHRwczovL3d3dy5yYWt1dGVuLm5lLmpwL2dvbGQvbGlnaHRlcnlhL3Jha3VnaWZ0LzMuanBnIiB3aWR0aD0iODkiIGhlaWdodD0iODkiIGJvcmRlcj0iMCIgYWx0PSKl6aXDpdSl86WwP6TOpLeMnY/qIiAvPgo8aW1nIHNyYz0iaHR0cHM6Ly93d3cucmFrdXRlbi5uZS5qcC9nb2xkL2xpZ2h0ZXJ5YS9yYWt1Z2lmdC80LmpwZyIgd2lkdGg9Ijg5IiBoZWlnaHQ9Ijg5IiBib3JkZXI9IjAiIGFsdD0ipeGlw6W7qWCluKWrqWClyYydj+oiIC8+CjxpbWcgc3JjPSJodHRwczovL3d3dy5yYWt1dGVuLm5lLmpwL2dvbGQvbGlnaHRlcnlhL3Jha3VnaWZ0LzIzLmpwZyIgd2lkdGg9Ijg5IiBoZWlnaHQ9Ijg5IiBib3JkZXI9IjAiIGFsdD0i18/N4r6AjJ2y3z+j1aPWjJ2y3yIgLz4KPGltZyBzcmM9Imh0dHBzOi8vd3d3LnJha3V0ZW4ubmUuanAvZ29sZC9saWdodGVyeWEvcmFrdWdpZnQvMjUuanBnIiB3aWR0aD0iODkiIGhlaWdodD0iODkiIGJvcmRlcj0iMCIgYWx0PSLK7qS1jJ2y3z+f4dbQ1qKMnbLfIiAvPgo8L3RkPgo8L3RhYmxlPgo8IS0tpaKlpKWzpfMtLT48IS0t6XbfQsnMxreluaW/qWClyC0tPgo8YnIgLz48IS0t6XbfQsnMxre9S6TvpOotLT4KPHRhYmxlIHdpZHRoPSI2NzAiIGJvcmRlcj0iMSIgY2VsbHBhZGRpbmc9IjQiIGNlbGxzcGFjaW5nPSIxIiBiZ2NvbG9yPSIjRUVFRUVFIj4KPHRyPgogIDx0ZCB3aWR0aD0iMjAlIiBhbGlnbj0ibGVmdCIgdmFsaWduPSJtaWRkbGUiPjxmb250IHNpemU9IjIiPqW1paSluqO6PC9mb250PjwvdGQ+CiAgPHRkIHdpZHRoPSI4MCUiIGFsaWduPSJsZWZ0IiB2YWxpZ249Im1pZGRsZSI+PGZvbnQgc2l6ZT0iMiI+TS1ML8nt1ck2Ni41oaK857f5NDChosntt/k1NC41oaLQ5NXJNjKhokxMLTNML8nt1ck2OC41oaK857f5NDShosntt/k2MC41oaLQ5NXJNjNjbSAKPC9mb250PjwvdGQ+CjwvdHI+Cjx0cj4KICA8dGQgd2lkdGg9IjIwJSIgYWxpZ249ImxlZnQiIHZhbGlnbj0ibWlkZGxlIj48Zm9udCBzaXplPSIyIj7fbY/qpbWlpKW6o7o8L2ZvbnQ+PC90ZD4KICA8dGQgd2lkdGg9IjgwJSIgYWxpZ249ImxlZnQiIHZhbGlnbj0ibWlkZGxlIj48Zm9udCBzaXplPSIyIj5NLUwvye3pTDE1NC0xNjKhoqXQpbmlyDc5LTk0oaJMTC0zTC/J7elMMTU0LTE2MqGipdCluaXIOTMtMTA4Y208L2ZvbnQ+PC90ZD4KPC90cj4KPHRyPgogIDx0ZCB3aWR0aD0iMjAlIiBhbGlnbj0ibGVmdCIgdmFsaWduPSJtaWRkbGUiPjxmb250IHNpemU9IjIiPrLE2XyjujwvZm9udD48L3RkPgogIDx0ZCB3aWR0aD0iODAlIiBhbGlnbj0ibGVmdCIgdmFsaWduPSJtaWRkbGUiPjxmb250IHNpemU9IjIiPqXdpeqlqKW5pcal6zEwMCU8L2ZvbnQ+PC90ZD4KPC90cj4KPHRyPgogIDx0ZCB3aWR0aD0iMjAlIiBhbGlnbj0ibGVmdCIgdmFsaWduPSJtaWRkbGUiPjxmb250IHNpemU9IjIiPtStrmK5+qO6PC9mb250PjwvdGQ+CiAgPHRkIHdpZHRoPSI4MCUiIGFsaWduPSJsZWZ0IiB2YWxpZ249Im1pZGRsZSI+PGZvbnQgc2l6ZT0iMiI+TWFkZSBpbiBDaGluYQo8L2ZvbnQ+PC90ZD4KPC90cj4KPHRyPgogIDx0ZCB3aWR0aD0iMjAlIiBhbGlnbj0ibGVmdCIgdmFsaWduPSJtaWRkbGUiPjxmb250IHNpemU9IjIiPoLkv7yjujwvZm9udD48L3RkPgogIDx0ZCB3aWR0aD0iODAlIiBhbGlnbj0ibGVmdCIgdmFsaWduPSJtaWRkbGUiPjxmb250IHNpemU9IjIiPs+05aqlzaXDpcik8sq508Okt6TGpK+kwKS1pKSho6W/pfOl1qXpqWDHrNTvpM+kqrHcpLGkr6TApLWkpKGjhL+5+6TPoaLPtOWqMzC72LPMtsik8sS/sLKhozwvZm9udD48L3RkPgo8L3RyPgo8L3RhYmxlPgo8cCBzdHlsZT0iIHdpZHRoOjY3MDsgYmFja2dyb3VuZC1jb2xvcjojRUZFRkVGOyBwYWRkaW5nOjVweDsgZm9udC1zaXplOjlweDsgY29sb3I6IzY2NjsgYm9yZGVyOjFweCBzb2xpZCAjQ0NDOyBtYXJnaW46MTBweCAwOyI+yczGt8P7o7ql0algpaupYCCl7KXHpaOpYKW5ILfAzsOMnbLfILPmpOiksSDOw6TopLEgVValq6XDpcgg18/N4r6Apaulw6XIINfPzeK+gIydst8gVVbOw6TDpMil0algpaupYCAyyasgPGJyPgrRrqTKpa2pYKXvqWClyaO6pdGpYKWrqWAgpeylx6WjqWCluSCz5qTopLGl0algpaupYCDOw6TopLEg18/N4r6AjJ2y3yCloqWmpcilyaWiIN5y1/eYSSClrKlgpcely6XzpbAgiEDcvzwvcD48IS0tUmFua2luZyBTdGFydCEtLT4KCjwhLS1SYW5raW5nIEZpbi4vLy0tPgo8IS0tQmFubmVyIFN0YXJ0IS0tPgoKPCEtLUJhbm5lciBGaW4uLy8tLT4KCgo8U1RZTEUgdHlwZT0idGV4dC9jc3MiPiAKPCEtLQpBOkhPVkVSIElNR3sKCQogIGZpbHRlcjogYWxwaGEob3BhY2l0eT03NSk7CiAgb3BhY2l0eTowLjc7Cn0KCi8qZml4IGJhbm5lciCl0KXKqWCkzqW1paSluqSsrpCkyqTriPa6z6TPz8KkznN0eWxlpMex7cq+t/mJ5Lj8Ki8KLyogc2lkZV9maXhfYmFubmVyICovCiNzaWRlZml4ZWRiYW5uZXIgewoJcG9zaXRpb246IGZpeGVkOwoJdG9wOiAxNjBweDsvKsnPpKuk6aTOuN+ktdV7uZ0qLwoJcmlnaHQ6IDBweDsKCXotaW5kZXg6IDEwMDAwOwp9CgouYm5yX3JhbmRvbSB7Cglwb3NpdGlvbjogcmVsYXRpdmU7Cgl0b3A6IDBweDsKCXJpZ2h0OiAwcHg7CglsaXN0LXN0eWxlLXR5cGU6IG5vbmU7CgltYXJnaW46IDBweDsKCXBhZGRpbmc6IDBweDsKfQoKLmJucl9yYW5kb20gbGkgewoJYW5pbWF0aW9uLW5hbWU6IGFsYnVtOwoJYW5pbWF0aW9uLWR1cmF0aW9uOiAxNnM7CglhbmltYXRpb24taXRlcmF0aW9uLWNvdW50OiBpbmZpbml0ZTsKCS1tb3otYW5pbWF0aW9uLW5hbWU6IGFsYnVtOwoJLW1vei1hbmltYXRpb24tZHVyYXRpb246IDE2czsKCS1tb3otYW5pbWF0aW9uLWl0ZXJhdGlvbi1jb3VudDogaW5maW5pdGU7Cgktd2Via2l0LWFuaW1hdGlvbi1uYW1lOiBhbGJ1bTsKCS13ZWJraXQtYW5pbWF0aW9uLWR1cmF0aW9uOiAxNnM7Cgktd2Via2l0LWFuaW1hdGlvbi1pdGVyYXRpb24tY291bnQ6IGluZmluaXRlOwoJLW8tYW5pbWF0aW9uLW5hbWU6IGFsYnVtOwoJLW8tYW5pbWF0aW9uLWR1cmF0aW9uOiAxNnM7Cgktby1hbmltYXRpb24taXRlcmF0aW9uLWNvdW50OiBpbmZpbml0ZTsKCS1tcy1hbmltYXRpb24tbmFtZTogYWxidW07CgktbXMtYW5pbWF0aW9uLWR1cmF0aW9uOiAxNnM7CgktbXMtYW5pbWF0aW9uLWl0ZXJhdGlvbi1jb3VudDogaW5maW5pdGU7CgkvKm9wYWNpdHk6IDA7Ki8KCXBvc2l0aW9uOmFic29sdXRlOwoJbGlzdC1zdHlsZS10eXBlOiBub25lOwoJbWFyZ2luOiAwcHg7CglwYWRkaW5nOiAwcHg7Cgl6LWluZGV4OiAxMDAwMTsKCXRyYW5zaXRpb246IDAuNHMgZWFzZS1pbi1vdXQ7fQoKLyogbGluZTAxICovCi5ibnJfcmFuZG9tIC5ibnIwMSB7CgkvKmFuaW1hdGlvbi1kZWxheTogMHM7Ki8KCXRvcDogMHB4OwoJcmlnaHQ6IC0yNDVweDsvKiAKofy7rc/xpM7rTKS3pL+kpLK/t9akzulMpLWk8ta4tqikt6TGpK+kwKS1pKShowrX87bLpMu5zLaopLmk64j2us+kz6GicmlnaHSk8mxlZnSky4nkuPykt6TGpK+kwKS1pKShoyAqLwp9CgovKiBsaW5lMDIgKi8KLmJucl9yYW5kb20gLmJucjAyIHsKCS8qYW5pbWF0aW9uLWRlbGF5OiA4czsqLwoJLW1vei16LWluZGV4OiAxNTAwMDsKCXRvcDogMTEwcHg7LyrJz6TOpdClyqlgpKuk6aTOuN+ktdV7uZ0qLwoJcmlnaHQ6IC02ODBweDsvKiAKofy7rc/xpM7rTKS3pL+kpLK/t9akzulMpLWk8ta4tqikt6TGpK+kwKS1pKShowrX87bLpMu5zLaopLmk64j2us+kz6GicmlnaHSk8mxlZnSky4nkuPykt6TGpK+kwKS1pKShoyAqLwp9CgovKiBsaW5lMDMgKi8KLmJucl9yYW5kb20gLmJucjAzIHsKCS8qYW5pbWF0aW9uLWRlbGF5OiAwczsqLwoJdG9wOiAyMjBweDsvKsnPpM6l0KXKqWCkq6TppM6436S11Xu5nSovCglyaWdodDogLTY4MHB4Oy8qIAqh/Lutz/GkzutMpLekv6Sksr+31qTO6UyktaTy1ri2qKS3pMakr6TApLWkpKGjCtfztsuky7nMtqikuaTriPa6z6TPoaJyaWdodKTybGVmdKTLieS4/KS3pMakr6TApLWkpKGjICovCn0KCi8qIGxpbmUwNCAqLwouYm5yX3JhbmRvbSAuYm5yMDQgewoJLyphbmltYXRpb24tZGVsYXk6IDhzOyovCgktbW96LXotaW5kZXg6IDE1MDAwOwoJdG9wOiAzMzBweDsvKsnPpM6l0KXKqWCkq6TppM6436S11Xu5nSovCglyaWdodDogLTY4MHB4Oy8qIAqh/Lutz/GkzutMpLekv6Sksr+31qTO6UyktaTy1ri2qKS3pMakr6TApLWkpKGjCtfztsuky7nMtqikuaTriPa6z6TPoaJyaWdodKTybGVmdKTLieS4/KS3pMakr6TApLWkpKGjICovCn0KCgouYm5yX3JhbmRvbSBsaTpob3ZlciB7CglyaWdodDogMHB4OwoJLyogYW5pbWF0aW9uLXBsYXktc3RhdGU6IHBhdXNlZDsgKi8KfQoKLmJucl9yYW5kb20gYTpob3ZlciB7CglvcGFjaXR5OiAxICFpbXBvcnRhbnQ7CglmaWx0ZXI6IGFscGhhKG9wYWNpdHk9MTAwKTsKCS1tb3otb3BhY2l0eTogMTsgLyogRmlyZWZveCovCn0KCi8qz8Kl0KXKqWAqLwojZml4ZWRCYW5uZXJCb3R0b217CnBvc2l0aW9uOiBmaXhlZDsKYm90dG9tOiAwcHg7CmxlZnQ6IDBweDsKZGlzcGxheTogYmxvY2s7CndpZHRoOiAxMDAlOwpoZWlnaHQ6IDg1cHg7CnRleHQtYWxpZ246IGNlbnRlcjsKYmFja2dyb3VuZDogI2Q4Y2ViMTsKYmFja2dyb3VuZC1jb2xvcjogcmdiYSgyMTYsIDIwNiwxNzcsIDAuOCk7IC8qsbO+sMmrieS4/KTPpLOkwaTpKi8Kei1pbmRleDogOTk5OTsKCn0KCiNmaXhlZEJhbm5lckJvdHRvbSBhOmhvdmVyIGltZyB7Cm9wYWNpdHk6MC45Owp9CgotLT4KPC9TVFlMRT4KCgoKCgo8IS0tIKW1paSlyV9maXil0KXKqWAvpdClyqlgpM6ltaWkpbqkrK6QpMqk64j2us+kz8nPpM5zdHlsZaTHse3Kvrf5ieS4/CAtLT4KPGRpdiBpZD0ic2lkZWZpeGVkYmFubmVyIj4KPHVsIGNsYXNzPSJibnJfcmFuZG9tIj4KCjwhLS0gcG9pbnQgLS0+CjxsaSBjbGFzcz0iYm5yMDEiPgo8aW1nIHNyYz0iaHR0cHM6Ly93d3cucmFrdXRlbi5uZS5qcC9nb2xkL2xpZ2h0ZXJ5YS9maXhibnIvY291cG9uLXNsaWRlLXMucG5nIiB3aWR0aD0iMzA0IiBoZWlnaHQ9IjEwNCIgYm9yZGVyPSIwIiBhbHQ9IqXdpaSl86XIIiBzdHlsZT0ib3BhY2l0eTogMS4wICFpbXBvcnRhbnQ7Ij4KPC9saT4KCjwhLS0gdG93ZXIgLS0+CjxsaSBjbGFzcz0iYm5yMDIiPgo8aW1nIHNyYz0iaHR0cHM6Ly93d3cucmFrdXRlbi5uZS5qcC9nb2xkL2xpZ2h0ZXJ5YS9maXhibnIvdG93ZXItc2xpZGUtcy5wbmciIGFsdD0ipb+l76lgIiB3aWR0aD0iNzQwIiBoZWlnaHQ9IjEwNCIgYm9yZGVyPSIwIiBzdHlsZT0ib3BhY2l0eTogMS4wICFpbXBvcnRhbnQ7Ij4KPC9saT4KCgo8IS0tIFRPU0NBIC0tPgo8bGkgY2xhc3M9ImJucjAzIj4KPGltZyBzcmM9Imh0dHBzOi8vd3d3LnJha3V0ZW4ubmUuanAvZ29sZC9saWdodGVyeWEvZml4Ym5yL3Rvc2NhLXNsaWRlLXMucG5nIiB3aWR0aD0iNzQwIiBoZWlnaHQ9IjEwNCIgYm9yZGVyPSIwIiBhbHQ9IqXIpbmlqyIgc3R5bGU9Im9wYWNpdHk6IDEuMCAhaW1wb3J0YW50OyI+CjwvbGk+CgoKPCEtLSBSSU4gLS0+CjxsaSBjbGFzcz0iYm5yMDQiPgo8aW1nIHNyYz0iaHR0cHM6Ly93d3cucmFrdXRlbi5uZS5qcC9nb2xkL2xpZ2h0ZXJ5YS9maXhibnIvcmluLXNsaWRlLXMucG5nIiB3aWR0aD0iNzQwIiBoZWlnaHQ9IjEwNCIgYm9yZGVyPSIwIiBhbHQ9IlJJTiIgc3R5bGU9Im9wYWNpdHk6IDEuMCAhaW1wb3J0YW50OyI+CjwvbGk+CgoKPC91bD4KPC9kaXY+CjwhLS0gLy9GaW5fpbWlpKXJX2ZpeKXQpcqpYCAtLT4KCjwhLS0gz8JfZml4pdClyqlgIC0tPgo8ZGl2IGlkPSJmaXhlZEJhbm5lckJvdHRvbSI+CjxkaXYgc3R5bGU9IndpZHRoOiA5NjBweDsgaGVpZ2h0OiA4MXB4OyBtYXJnaW46IDBweCBhdXRvOyBwb3NpdGlvbjogcmVsYXRpdmU7IG92ZXJmbG93OiB2aXNpYmxlOyI+Cgo8IS0tIKXQpcqpYKTIpeql86Wvz8ikz6SzpMGk6SAtLT4KPGRpdiBzdHlsZT0icG9zaXRpb246IGFic29sdXRlOyB0b3A6IC00OXB4OyB3aWR0aDogOTYwcHg7IGhlaWdodDogMTAwcHg7IG9wYWNpdHk6IDEuMDsgb3ZlcmZsb3c6IHZpc2libGU7IHotaW5kZXg6IDI7IGRpc3BsYXk6YmxvY2s7Ij4KPGltZyBzcmM9Imh0dHBzOi8vd3d3LnJha3V0ZW4ubmUuanAvZ29sZC9saWdodGVyeWEvZml4Ym5yL2thc2FfbmFpcmVfYnRtLnBuZyIgYWx0PSKC46TOw/vI66Tsyryk4aTepLekvyI+CjwvZGl2Pgo8IS0tIC8vpdClyqlgpMil6qXzpa/PyKTPpLOkwaTpIC0tPgoKPC9kaXY+CjwvZGl2PiAKPCEtLSAvL8/CX2ZpeKXQpcqpYCAtLT4=,ob42LzHP3raoIKXdpaSl86XIMTCxtqG/pKqkyKSzpM7ratibzt0gpdGpYKWrqWAgpeylx6WjqWCluSC3wM7DjJ2y3yCz5qTopLEgzsOk6KSxIFVWpaulw6XIINfPzeK+gKWrpcOlyCDXz83ivoCMnbLfIFVWzsOkw6TIpdGpYKWrqWAgMsmrIKWupdWlyCCl16Xspbyl86XIob5SQ1Chv6O6hsufn77fpM6Mn+lUteqhuKXppaSlv6lgzt2huQ==,pbilw6XdqWCl6aWkpb+pYKWqpaSl66XppaSlv6lgpayluaXppaSlv6lglXLTi6W4pcOl3alg0LTV5qW4pcOl3algpbilw6XdqWCMn+lUterQr46hu9LD86WqpeqluKXKpeuluKXDpd2pYHppcHBvhsufn77fpM6Mn+lUteql2qWipbilw6XdqWClvKXtpc+l6qXQqWClyKXzpa2lu6Xrpe2l86W9pfOl6aWkpb+pYKW1pe2l4aXJpemltKXzpbilw6XdpKqk4qS3pO2l6aWkpb+pYNe/yc+l6aWkpb+pYKXfpeqlv6XqqWCl6aWkpb+pYKG+Ni8xz962qCCl3aWkpfOlyDEwsbahv6SqpMiks6TO62rYm87dIKXRqWClq6lgIKXspcelo6lgpbkgt8DOw4ydst8gs+ak6KSxIM7DpOiksSBVVqWrpcOlyCDXz83ivoClq6XDpcgg18/N4r6AjJ2y3yBVVs7DpMOkyKXRqWClq6lgIDLJqyClrqXVpcggpdel7KW8pfOlyKG+UkNQob8=,pKrI98LkpMql0algpaupYKTHzsOk6KSxjJ2y36OhpaypYKXHpcul86WwpOTectf3mEmky6Gjob42LzHP3raoIKXdpaSl86XIMTCxtqG/pKqkyKSzpM7ratibzt0gpdGpYKWrqWAgpeylx6WjqWCluSC3wM7DjJ2y3yCz5qTopLEgzsOk6KSxIFVWpaulw6XIINfPzeK+gKWrpcOlyCDXz83ivoCMnbLfIFVWzsOkw6TIpdGpYKWrqWAgMsmrIKWupdWlyCCl16Xspbyl86XIob5SQ1Chvw==[rn]
31-77548,aHR0cDovL3RzaG9wLnIxMHMuanAvcnl1cnl1LXNob3AvY2FiaW5ldC9vYXNzLTUvMjQ3OTM1LTEuanBnP2ZpdGluPTcwMDo3MDA=,MTAzMi44MDAw,,peylx6WjqWCluaXVpaGlw6W3peel8yA+IKXIpcOl16W5ID4gpdGpYKWrqWA=,ofFTQUxFISGlu6lgpeuh8aXVqWClydFZsfrKuaSkpcql86XQqWCl7aW0pdGpYKWrqWChoXJ5dXJ5dS+l6qXlpeql5SCk6aTKpPOhoTMwtPqhoaXVpaGlw6W3peel86Ghpeylx6WjqWCluaGhpaKlpqXIpeylw6XI,oaE=,PGlmcmFtZSBzcmM9Imh0dHBzOi8vd3d3LnJha3V0ZW4ubmUuanAvZ29sZC9yeXVyeXUtc2hvcC9vdXRsZXRfdHh0Lmh0bWwiIG5hbWU9ImhlYWQiIHdpZHRoPSI3NjBweCIgaGVpZ2h0PSIxNTBweCIgc2Nyb2xsaW5nPSJubyIgZnJhbWVib3JkZXI9IjAiIG1hcmdpbndpZHRoPSIwIiBtYXJnaW5oZWlnaHQ9IjAiPjwvaWZyYW1lPjxpbWcgc3JjPSJodHRwczovL2ltYWdlLnJha3V0ZW4uY28uanAvcnl1cnl1LXNob3AvY2FiaW5ldC90b3AvZXhjaGFuZ2UuZ2lmIiBhbHQ9Ire1xrc/vbuTUaTLpMSkpKTGIiB3aWR0aD0iMjMwIiBib3JkZXI9IjAiPjxicj48aW1nIHNyYz0iaHR0cHM6Ly9pbWFnZS5yYWt1dGVuLmNvLmpwL3J5dXJ5dS1zaG9wL2NhYmluZXQvdG9wL3NpemUuZ2lmIiBhbHQ9IqSzpM7JzMa3pM6ltaWkpbqx7aTy0oqk6yIgd2lkdGg9IjIzMCIgYm9yZGVyPSIwIj48YnI+PGJyPjxpbWcgc3JjPSJodHRwczovL2ltYWdlLnJha3V0ZW4uY28uanAvcnl1cnl1LXNob3AvY2FiaW5ldC90b3AvdGl0bGUuZ2lmIj48YnI+PGJyPqH2IMa32XyjryixvszlKaXdpeqlqKW5pcal6zUxo6Whor5kNDSjpaGipeypYKXopfM1o6UohGWyvLK/t9YpMaGiMqGiM6O6vmQxMDCjpaGiNKGio7ql3aXqpailuaXGpes5NqOloaKl3aXqpaal7KW/pfM0o6U8YnI+ofEgpd2lsaXDpcikoqTqPGJyPqHxILx+peql3KXzyOuk6iil1algpcmyv7fWKTxicj6h+SDJzMa3pMuk6KTDpMax+qTOs/a3vaSsrpCkyqTriPa6z6SspKKk6qTepLmhozxicj48YnI+PGJyPqH2ytbRuqS3z7SkpDxicj48YnI+PGJyPqXtpbSkrKSrpO+kpKSkpdGpYKWrqWCkz6S1pOmkw6TIpeml1aTL18Wk6aTspOuh7jxicj48YnI+McO2pM/T+6S3pKSlt6Xzpdel66TKpcql86XQqWCl7aW0pdGpYKWrqWCho6TBpOmk6qTI0oqkqKTrpdWpYKXJ0VmkzrH6pKyktaTqpLKkyqSvpKqkt6TjpOyho6W5pcOlraXqpMikt6S/pbel66WopcOlyKTHpMmk86TKpbOpYKXHpMuk4qTUpMOkv6TqpM6DntDjpaKlpKXGpeCh7zxicj48YnI+PGltZyBzcmM9Imh0dHBzOi8vaW1hZ2UucmFrdXRlbi5jby5qcC9yeXVyeXUtc2hvcC9jYWJpbmV0L3RvcC9saW5lLmdpZiI+PGJyPjxicj48Zm9udCBjb2xvcj0iIzk5OTk5OSIgc2l6ZT0iMSI+pbWlpKW6o7qj0y+jzS+jzKPML6PMPGJyPsmro7qWdKWwpeypYKHBw9SyyrH6L6XcpeulyalgocGlwaWnpcOlr7H6L6XNpaSl06lgocGlwaWnpcOlr7H6L6WqpdWl26XvpaSlyKHBpcGlp6XDpa+x+jwvZm9udD48YnI+PGJyPjwhLS0gpdqpYKW4pceltqWkpfMgLS0+CjxzdHlsZSB0eXBlPSJ0ZXh0L2NzcyI+CgojcGFnZWJvZHkge2hlaWdodDowO30KI3BhZ2Vib2R5IHRhYmxlIHsKYm9yZGVyLWNvbGxhcHNlOmNvbGxhcHNlOwp9Cgpib2R5ewoJZm9udC1mYW1pbHk6ICKl4aWkpeqlqiIsIE1laXJ5bywgItPOpbSlt6XDpa8iLCBZdUdvdGhpYywgIqXSpemlrqXOvceltCBQcm9OIFczIiwgIkhpcmFnaW5vIEtha3UgR290aGljIFByb04iLCBzYW5zLXNlcmlmOwp9CgphOmxpbmsgeyBjb2xvcjojMmUyZTJlOyB0ZXh0LWRlY29yYXRpb246bm9uZTsgfQphOnZpc2l0ZWQgeyBjb2xvcjojMmUyZTJlOyB9CmE6YWN0aXZlIHsgY29sb3I6IzJlMmUyZTsgfQphOmhvdmVyIHsgY29sb3I6IzJlMmUyZTsgdGV4dC1kZWNvcmF0aW9uOnVuZGVybGluZTsgfQoKCi8q2JyJ04xnv4MqLwoucmVzdWx0cyB7Cgljb2xvcjojMmUyZTJlOwoJZm9udC1zaXplOjIwcHg7Cglmb250LXdlaWdodDpib2xkOwoJbGV0dGVyLXNwYWNpbmc6MC41ZW07CgltYXJnaW4tYm90dG9tOjUwcHg7Cn0KCi50aGFua3N7Cglmb250LXNpemU6MTVweDsKfQoKc3Bhbi5yZXN1bHRzX251bWJlcnsKCWZvbnQtc2l6ZTo2MHB4Owp9CgoKLyrJzMa3w/vW3KTqKi8KdGQuc2R0ZXh0ewoJZm9udC1zaXplOiA3MCU7Cn0JCgpzcGFuLmNhdGNoX2NvcHl7CiAgICBsaW5lLWhlaWdodDogMS41ZW07CiAgICBkaXNwbGF5OiBibG9jazsKICAgIGZvbnQtc2l6ZTogNjAlOwp9CgkKc3Bhbi5pdGVtX25hbWUgewogICAgbGluZS1oZWlnaHQ6IDEuNWVtOwogICAgZm9udC1zaXplOiA3NSU7Cn0KCnN0cm9uZywgYiB7Cglmb250LXdlaWdodDogbm9ybWFsOwp9CgpzcGFuLmludmVudG9yeV9jaG9pY2VfbmFtZSB7CiAgICBmb250LXNpemU6IDgwJTsKfQoKdGQuaW52ZW50b3J5X2Nob2ljZV9uYW1lIHsKICAgIHdoaXRlLXNwYWNlOiBub3JtYWw7CiAgICBwYWRkaW5nLXJpZ2h0OiAycHg7CiAgICBwYWRkaW5nLWxlZnQ6IDJweDsKICAgIHBhZGRpbmctYm90dG9tOiAycHg7CiAgICBwYWRkaW5nLXRvcDogMnB4OwogICAgbWFyZ2luOiAwcHg7Cn0KCnNwYW4uaW52ZW50b3J5X2Rlc2MgewpkaXNwbGF5OiBibG9jazsKcGFkZGluZzogMTBweCAwcHg7Cn0KCgoKLyqlq6XpqWCltaWkpbqx7SovCnNwYW4uaW52ZW50b3J5X2Nob2ljZV9uYW1lIHsKCWZvbnQtc2l6ZTogODAlOwp9CgojcmFrdXRlbkxpbWl0ZWRJZF9hcm91bmRDYXJ0IHRkLmludmVudG9yeSB7CglwYWRkaW5nOjNweCFpbXBvcnRhbnQ7Cn0KLmludmVudG9yeSBmb250ewoJZm9udC1zaXplOjEwcHg7Cgljb2xvcjogIzk5OTk5OTsKfQoKc3Bhbi5pdGVtX2Rlc2N7CiAgICBmb250LXNpemU6IDgwJTsKICAgIG1hcmdpbi10b3A6IDIwcHg7CiAgICBkaXNwbGF5OiBibG9jazsKfQoKc3Bhbi5zYWxlX2Rlc2MgaW1newogICAgd2lkdGg6IDc3MHB4OwogICAgZGlzcGxheTogYmxvY2s7Cn0KCgovKu2XxL/feJJr1qsqLwpzcGFuLmNob2ljZSB7CgkvKm1hcmdpbi10b3A6MjBweDsKCXdpZHRoOjUwMHB4OwoJcGFkZGluZzoxMHB4OwoJYm9yZGVyOjFweCBzb2xpZCAjMzMzOwoJZm9udC13ZWlnaHQ6Ym9sZDsqLwoJZm9udC1zaXplOiAxMnB4Owp9CnNwYW4uY2hvaWNlICsgc2VsZWN0IHsKCXBhZGRpbmc6IDNweDsKCWJvcmRlcjogMXB4IHNvbGlkICNjY2M7Cglmb250LXdlaWdodDogYm9sZCAhaW1wb3J0YW50Owp9CiNyYWt1dGVuTGltaXRlZElkX2Fyb3VuZENhcnQgc3Bhbi5jaG9pY2UgewoJZGlzcGxheTogYmxvY2s7CgltYXJnaW4tYm90dG9tOiA1cHg7Cn0KCgogICAgCi8qpKqGlqSkus+k76S7pdylv6XzKi8KZm9udCBpbnB1dCB7CgliYWNrZ3JvdW5kOiNmY2ZjZmMgMTBweCA1cHggMTBweCAwOwoJYmFja2dyb3VuZC1pbWFnZTpub25lOwoJbWFyZ2luLWJvdHRvbTo1cHg7CglwYWRkaW5nOjVweDsKfQoKLypJRYydj+oqLwoqaHRtbCBmb250IGlucHV0IHsKCWJhY2tncm91bmQ6I2ZjZmNmYyBuby1yZXBlYXQgOXB4IDhweDsKCW1hcmdpbi1ib3R0b206NnB4Owp9CgovKqWrpbTJz8vNwc/VaMP3pdClyqlgKi8Kc3Bhbi51bml0IHsKCWJhY2tncm91bmQ6dXJsKGh0dHA6Ly9pbWFnZS5yYWt1dGVuLmNvLmpwL3J5dXJ5dS1zaG9wL2NhYmluZXQvdG9wL3BjX3NvdXJ5b3UuZ2lmKSBuby1yZXBlYXQgbGVmdCB0b3A7Cgl0ZXh0LWluZGVudDotOTk5OTsgZGlzcGxheTogYmxvY2s7IHdpZHRoOiAyMTA7IGhlaWdodDogNjA7IG1hcmdpbi10b3A6NXB4OyBtYXJnaW4tYm90dG9tOjBweDsKCWNvbG9yOiNGRkZGRkY7Cn0KCgo8L3N0eWxlPgo8IS0toaGlq6lgpcilx6W2paSl8yBlbmQgLS0+,ofFTQUxFISGlu6lgpeuh8aXVqWClydFZsfrKuaSkpcql86XQqWCl7aW0pdGpYKWrqWChoXJ5dXJ5dS+l6qXlpeql5SCk6aTKpPOhoTMwtPqhoaXVpaGlw6W3peel86Ghpeylx6WjqWCluaGhpaKlpqXIpeylw6XIo7pSeXVSeXWjqKXqpeWl6qXlo6k=,yOvRp8q9oaGlualgpcShoaXepd5SeXVSeXUopeql5aXqpeUpMzC0+iA0MLT6pdWloaXDpbel56Xzpe+l86XUqWCluaXspcelo6lgpbmlu6XDpcilualgpcSl0aXzpcSloqXzpbWl86XWpeuloqWmpcil7KXDpcilu6lgpeul0aXzpcSls6lgpci0uiDPxCDH7yC2rMjriEAgyOvRpyDX5IhAINfkmEml36XHpaOloqXgpcGl5aXLpcOlr6WrpcOlyKW9qWC088jLpcilw6XXpbmh8VNBTEUhIaW7qWCl66HxpdWpYKXJ0Vmx+sq5pKSlyqXzpdCpYKXtpbSl0algpaupYKGhcnl1cnl1L6XqpeWl6qXlIKTppMqk86GhMzC0+qGhpdWloaXDpbel56XzoaGl7KXHpaOpYKW5oaGloqWmpcil7KXDpcg=,oaGho6HxU0FMRSEhpbupYKXrofGl1algpcnRWbH6yrmkpKXKpfOl0Klgpe2ltKXRqWClq6lgoaFyeXVyeXUvpeql5aXqpeUgpOmkyqTzoaEzMLT6oaGl1aWhpcOlt6XnpfOhoaXspcelo6lgpbmhoaWipaalyKXspcOlyA==[rn]
31-77549,aHR0cDovL3RzaG9wLnIxMHMuanAvcnl1cnl1LXNob3AvY2FiaW5ldC9vYXNzLTUvMjQ3ODA1LTEuanBnP2ZpdGluPTcwMDo3MDA=,MTAzMi44MDAw,,peylx6WjqWCluaXVpaGlw6W3peel8yA+IKXIpcOl16W5ID4gpdGpYKWrqWA=,ofFTQUxFISGlu6lgpeuh8aSipMOkv6Sr0Vmlt6Xjpa6pYKXtpfOlsKXRqWClq6lgKKPToaujzKPMKaGhcnl1cnl1L6XqpeWl6qXlIKTppMqk8yAzMLT6oaGl1aWhpcOlt6XnpfOhoaXspcelo6lgpbmhoaWipaalyKXspcOlyA==,oaE=,PGlmcmFtZSBzcmM9Imh0dHBzOi8vd3d3LnJha3V0ZW4ubmUuanAvZ29sZC9yeXVyeXUtc2hvcC9vdXRsZXRfdHh0Lmh0bWwiIG5hbWU9ImhlYWQiIHdpZHRoPSI3NjBweCIgaGVpZ2h0PSIxNTBweCIgc2Nyb2xsaW5nPSJubyIgZnJhbWVib3JkZXI9IjAiIG1hcmdpbndpZHRoPSIwIiBtYXJnaW5oZWlnaHQ9IjAiPjwvaWZyYW1lPjxpbWcgc3JjPSJodHRwczovL2ltYWdlLnJha3V0ZW4uY28uanAvcnl1cnl1LXNob3AvY2FiaW5ldC90b3AvZXhjaGFuZ2UuZ2lmIiBhbHQ9Ire1xrc/vbuTUaTLpMSkpKTGIiB3aWR0aD0iMjMwIiBib3JkZXI9IjAiPjxicj48aW1nIHNyYz0iaHR0cHM6Ly9pbWFnZS5yYWt1dGVuLmNvLmpwL3J5dXJ5dS1zaG9wL2NhYmluZXQvdG9wL3NpemUuZ2lmIiBhbHQ9IqSzpM7JzMa3pM6ltaWkpbqx7aTy0oqk6yIgd2lkdGg9IjIzMCIgYm9yZGVyPSIwIj48YnI+PGJyPjxpbWcgc3JjPSJodHRwczovL2ltYWdlLnJha3V0ZW4uY28uanAvcnl1cnl1LXNob3AvY2FiaW5ldC90b3AvdGl0bGUuZ2lmIj48YnI+PGJyPqH2IMa32Xyjr6XdpeqlqKW5pcal6zg1o6Whor5kMTCjpaGipd2l6qWmpeylv6XzNaOlKKXqpdayv7fWKaXdpeqlqKW5pcal6zYyo6Whor5kMzOjpaGipd2l6qWmpeylv6XzNaOlPGJyPqHxIKXdpbGlw6XIpKKk6jxicj6h8SC8fqXqpdyl88jrpOoopdWpYKXJsr+31ik8YnI+PGJyPjxicj6h9s+05aqZQ8+0pKSjz6PLPGJyPjxicj48YnI+pKKkw6S/pKul7aXzpbCl0algpaupYKTPpLmkw6StpOqlt6Xrpailw6XIpMCkq6Tp1tikzdfFpMuk4rHjwPujoTxicj48YnI+vKG6rqSkvL65naTLu+7cU6S5pOukoqTDpL+kq8vYssSkzqXRqWClq6lgoaPWuNGouLakx8rW1Kqk3qTHpaul0Klgo6bJ2aS3uN+kr6TKpMOkv6XVqWClyaTO8calx6W2paSl86Gi6Uyk4aTO1cmkx8vYssSkwKSxpLik46TKpK+lx6W2paSl86THpOKkoqTDpL+kq6S1sbaJiKOhpLmkw6StpOqlt6Xrpailw6XIpMfXxcXypOykt6TKpKSkzqTipd2lpKXzpci436Tho6E8YnI+PGJyPjxpbWcgc3JjPSJodHRwczovL2ltYWdlLnJha3V0ZW4uY28uanAvcnl1cnl1LXNob3AvY2FiaW5ldC90b3AvbGluZS5naWYiPjxicj48YnI+PGZvbnQgY29sb3I9IiM5OTk5OTkiIHNpemU9IjEiPqW1paSluqO6o9Mvo80vo8yjzC+jzDxicj7Jq6O6pdal6aXDpa8vpc2lpKXTqWAvpcGl46WzqWCl6y+loqWkpdyl6qlgPC9mb250Pjxicj48YnI+PCEtLSCl2qlgpbilx6W2paSl8yAtLT4KPHN0eWxlIHR5cGU9InRleHQvY3NzIj4KCiNwYWdlYm9keSB7aGVpZ2h0OjA7fQojcGFnZWJvZHkgdGFibGUgewpib3JkZXItY29sbGFwc2U6Y29sbGFwc2U7Cn0KCmJvZHl7Cglmb250LWZhbWlseTogIqXhpaSl6qWqIiwgTWVpcnlvLCAi086ltKW3pcOlryIsIFl1R290aGljLCAipdKl6aWupc69x6W0IFByb04gVzMiLCAiSGlyYWdpbm8gS2FrdSBHb3RoaWMgUHJvTiIsIHNhbnMtc2VyaWY7Cn0KCmE6bGluayB7IGNvbG9yOiMyZTJlMmU7IHRleHQtZGVjb3JhdGlvbjpub25lOyB9CmE6dmlzaXRlZCB7IGNvbG9yOiMyZTJlMmU7IH0KYTphY3RpdmUgeyBjb2xvcjojMmUyZTJlOyB9CmE6aG92ZXIgeyBjb2xvcjojMmUyZTJlOyB0ZXh0LWRlY29yYXRpb246dW5kZXJsaW5lOyB9CgoKLyrYnInTjGe/gyovCi5yZXN1bHRzIHsKCWNvbG9yOiMyZTJlMmU7Cglmb250LXNpemU6MjBweDsKCWZvbnQtd2VpZ2h0OmJvbGQ7CglsZXR0ZXItc3BhY2luZzowLjVlbTsKCW1hcmdpbi1ib3R0b206NTBweDsKfQoKLnRoYW5rc3sKCWZvbnQtc2l6ZToxNXB4Owp9CgpzcGFuLnJlc3VsdHNfbnVtYmVyewoJZm9udC1zaXplOjYwcHg7Cn0KCgovKsnMxrfD+9bcpOoqLwp0ZC5zZHRleHR7Cglmb250LXNpemU6IDcwJTsKfQkKCnNwYW4uY2F0Y2hfY29weXsKICAgIGxpbmUtaGVpZ2h0OiAxLjVlbTsKICAgIGRpc3BsYXk6IGJsb2NrOwogICAgZm9udC1zaXplOiA2MCU7Cn0KCQpzcGFuLml0ZW1fbmFtZSB7CiAgICBsaW5lLWhlaWdodDogMS41ZW07CiAgICBmb250LXNpemU6IDc1JTsKfQoKc3Ryb25nLCBiIHsKCWZvbnQtd2VpZ2h0OiBub3JtYWw7Cn0KCnNwYW4uaW52ZW50b3J5X2Nob2ljZV9uYW1lIHsKICAgIGZvbnQtc2l6ZTogODAlOwp9Cgp0ZC5pbnZlbnRvcnlfY2hvaWNlX25hbWUgewogICAgd2hpdGUtc3BhY2U6IG5vcm1hbDsKICAgIHBhZGRpbmctcmlnaHQ6IDJweDsKICAgIHBhZGRpbmctbGVmdDogMnB4OwogICAgcGFkZGluZy1ib3R0b206IDJweDsKICAgIHBhZGRpbmctdG9wOiAycHg7CiAgICBtYXJnaW46IDBweDsKfQoKc3Bhbi5pbnZlbnRvcnlfZGVzYyB7CmRpc3BsYXk6IGJsb2NrOwpwYWRkaW5nOiAxMHB4IDBweDsKfQoKCgovKqWrpempYKW1paSlurHtKi8Kc3Bhbi5pbnZlbnRvcnlfY2hvaWNlX25hbWUgewoJZm9udC1zaXplOiA4MCU7Cn0KCiNyYWt1dGVuTGltaXRlZElkX2Fyb3VuZENhcnQgdGQuaW52ZW50b3J5IHsKCXBhZGRpbmc6M3B4IWltcG9ydGFudDsKfQouaW52ZW50b3J5IGZvbnR7Cglmb250LXNpemU6MTBweDsKCWNvbG9yOiAjOTk5OTk5Owp9CgpzcGFuLml0ZW1fZGVzY3sKICAgIGZvbnQtc2l6ZTogODAlOwogICAgbWFyZ2luLXRvcDogMjBweDsKICAgIGRpc3BsYXk6IGJsb2NrOwp9CgpzcGFuLnNhbGVfZGVzYyBpbWd7CiAgICB3aWR0aDogNzcwcHg7CiAgICBkaXNwbGF5OiBibG9jazsKfQoKCi8q7ZfEv994kmvWqyovCnNwYW4uY2hvaWNlIHsKCS8qbWFyZ2luLXRvcDoyMHB4OwoJd2lkdGg6NTAwcHg7CglwYWRkaW5nOjEwcHg7Cglib3JkZXI6MXB4IHNvbGlkICMzMzM7Cglmb250LXdlaWdodDpib2xkOyovCglmb250LXNpemU6IDEycHg7Cn0Kc3Bhbi5jaG9pY2UgKyBzZWxlY3QgewoJcGFkZGluZzogM3B4OwoJYm9yZGVyOiAxcHggc29saWQgI2NjYzsKCWZvbnQtd2VpZ2h0OiBib2xkICFpbXBvcnRhbnQ7Cn0KI3Jha3V0ZW5MaW1pdGVkSWRfYXJvdW5kQ2FydCBzcGFuLmNob2ljZSB7CglkaXNwbGF5OiBibG9jazsKCW1hcmdpbi1ib3R0b206IDVweDsKfQoKCiAgICAKLyqkqoaWpKS6z6TvpLul3KW/pfMqLwpmb250IGlucHV0IHsKCWJhY2tncm91bmQ6I2ZjZmNmYyAxMHB4IDVweCAxMHB4IDA7CgliYWNrZ3JvdW5kLWltYWdlOm5vbmU7CgltYXJnaW4tYm90dG9tOjVweDsKCXBhZGRpbmc6NXB4Owp9CgovKklFjJ2P6iovCipodG1sIGZvbnQgaW5wdXQgewoJYmFja2dyb3VuZDojZmNmY2ZjIG5vLXJlcGVhdCA5cHggOHB4OwoJbWFyZ2luLWJvdHRvbTo2cHg7Cn0KCi8qpaultMnPy83Bz9Vow/el0KXKqWAqLwpzcGFuLnVuaXQgewoJYmFja2dyb3VuZDp1cmwoaHR0cDovL2ltYWdlLnJha3V0ZW4uY28uanAvcnl1cnl1LXNob3AvY2FiaW5ldC90b3AvcGNfc291cnlvdS5naWYpIG5vLXJlcGVhdCBsZWZ0IHRvcDsKCXRleHQtaW5kZW50Oi05OTk5OyBkaXNwbGF5OiBibG9jazsgd2lkdGg6IDIxMDsgaGVpZ2h0OiA2MDsgbWFyZ2luLXRvcDo1cHg7IG1hcmdpbi1ib3R0b206MHB4OwoJY29sb3I6I0ZGRkZGRjsKfQoKCjwvc3R5bGU+CjwhLS2hoaWrqWClyKXHpbalpKXzIGVuZCAtLT4=,ofFTQUxFISGlu6lgpeuh8aSipMOkv6Sr0Vmlt6Xjpa6pYKXtpfOlsKXRqWClq6lgKKPToaujzKPMKaGhcnl1cnl1L6XqpeWl6qXlIKTppMqk8yAzMLT6oaGl1aWhpcOlt6XnpfOhoaXspcelo6lgpbmhoaWipaalyKXspcOlyKO6Unl1Unl1o6il6qXlpeql5aOp,yOvRp8q9oaGlualgpcShoaXepd5SeXVSeXUopeql5aXqpeUpMzC0+iA0MLT6pdWloaXDpbel56Xzpe+l86XUqWCluaXspcelo6lgpbmlu6XDpcilualgpcSl0aXzpcSloqXzpbWl86XWpeuloqWmpcil7KXDpcilu6lgpeul0aXzpcSls6lgpci0uiDPxCDH7yC2rMjriEAgyOvRpyDX5IhAINfkmEml36XHpaOloqXgpcGl5aXLpcOlr6WrpcOlyKW9qWC088jLpcilw6XXpbmh8VNBTEUhIaW7qWCl66HxpKKkw6S/pKvRWaW3peOlrqlgpe2l86WwpdGpYKWrqWAoo9Ohq6PMo8wpoaFyeXVyeXUvpeql5aXqpeUgpOmkyqTzIDMwtPqhoaXVpaGlw6W3peel86Ghpeylx6WjqWCluaGhpaKlpqXIpeylw6XI,oaGho6HxU0FMRSEhpbupYKXrofGkoqTDpL+kq9FZpbel46WuqWCl7aXzpbCl0algpaupYCij06Gro8yjzCmhoXJ5dXJ5dS+l6qXlpeql5SCk6aTKpPMgMzC0+qGhpdWloaXDpbel56XzoaGl7KXHpaOpYKW5oaGloqWmpcil7KXDpcg=[rn]
31-77550,aHR0cDovL3RzaG9wLnIxMHMuanAvcnl1cnl1LXNob3AvY2FiaW5ldC9vYXh3LTUvNzA3MzI2LTEuanBnP2ZpdGluPTcwMDo3MDA=,MjE1MS4yMDAw,,peylx6WjqWCluaXVpaGlw6W3peel8yA+IKXIpcOl16W5ID4gpdGpYKWrqWA=,ofFTQUxFISGlu6lgpeuh8aXppaSlwKlgpbmlx6W2paSl86XRqWClq6Ghcnl1cnl1L6XqpeWl6qXlIKTppMqk8yAzMLT6IKXVpaGlw6W3peel8yCl7KXHpaOpYKW5IKWipaalyKXspcOlyKG+1NnYnInTob8=,oaE=,PGlmcmFtZSBzcmM9Imh0dHBzOi8vd3d3LnJha3V0ZW4ubmUuanAvZ29sZC9yeXVyeXUtc2hvcC9vdXRsZXRfdHh0Lmh0bWwiIG5hbWU9ImhlYWQiIHdpZHRoPSI3NjBweCIgaGVpZ2h0PSIxNTBweCIgc2Nyb2xsaW5nPSJubyIgZnJhbWVib3JkZXI9IjAiIG1hcmdpbndpZHRoPSIwIiBtYXJnaW5oZWlnaHQ9IjAiPjwvaWZyYW1lPjxicj48aW1nIHNyYz0iaHR0cHM6Ly9pbWFnZS5yYWt1dGVuLmNvLmpwL3J5dXJ5dS1zaG9wL2NhYmluZXQvdG9wL2V4Y2hhbmdlLmdpZiIgYWx0PSK3tca3P727k1Gky6TEpKSkxiIgd2lkdGg9IjIzMCIgYm9yZGVyPSIwIj48YnI+PGltZyBzcmM9Imh0dHBzOi8vaW1hZ2UucmFrdXRlbi5jby5qcC9yeXVyeXUtc2hvcC9jYWJpbmV0L3RvcC9zaXplLmdpZiIgYWx0PSKks6TOyczGt6TOpbWlpKW6se2k8tKKpOsiIHdpZHRoPSIyMzAiIGJvcmRlcj0iMCI+PGJyPjxicj48aW1nIHNyYz0iaHR0cHM6Ly9pbWFnZS5yYWt1dGVuLmNvLmpwL3J5dXJ5dS1zaG9wL2NhYmluZXQvdG9wL3RpdGxlLmdpZiI+PGJyPjxicj7Gt9l8o6+l3aXqpailuaXGpes2NKOlIL5kMjejpSCl7Klgpeil8zmjpSAopeql1rK/t9Yppd2l6qWopbmlxqXrNDijpSC+ZDM3o6UgpeypYKXopfMxMqOlIKXdpeqlpqXspb+l8zOjpSCl1aWhpbmlyqlgx7Agpd2lsaXDpcjT0Dxicj48YnI+ofbPtOWqmUOVcqXNpcOlyMq508M8YnI+PGJyPqTkpO+k6aSrpMqluaWopcOlyMvYssSky9DBv9qkyqXppaSlwKlgpbmlx6W2paSl86Tyyqmkt6S/18Wks6TKpLek5KS5pKSls6XzpdGlr6XIpdGpYKWroaPQsaThpM7HsMGipMakyKXdpbGlw6XIv9qkzrrPxqTKuaSkpKylx6W2paSl86XdpaSl86XIoaM8YnI+PGJyPjxpbWcgc3JjPSJodHRwczovL2ltYWdlLnJha3V0ZW4uY28uanAvcnl1cnl1LXNob3AvY2FiaW5ldC90b3AvbGluZS5naWYiPjxicj48YnI+PGZvbnQgY29sb3I9IiM5OTk5OTkiIHNpemU9IjEiPqW1paSluqO6TS9MTC9MLzNMPGJyPsmro7qWdKWwpeypYC+lqqXVpdul76Wkpcg8L2ZvbnQ+PGJyPjxicj48IS0tIKXaqWCluKXHpbalpKXzIC0tPgo8c3R5bGUgdHlwZT0idGV4dC9jc3MiPgoKI3BhZ2Vib2R5IHtoZWlnaHQ6MDt9CiNwYWdlYm9keSB0YWJsZSB7CmJvcmRlci1jb2xsYXBzZTpjb2xsYXBzZTsKfQoKYm9keXsKCWZvbnQtZmFtaWx5OiAipeGlpKXqpaoiLCBNZWlyeW8sICLTzqW0pbelw6WvIiwgWXVHb3RoaWMsICKl0qXppa6lzr3HpbQgUHJvTiBXMyIsICJIaXJhZ2lubyBLYWt1IEdvdGhpYyBQcm9OIiwgc2Fucy1zZXJpZjsKfQoKYTpsaW5rIHsgY29sb3I6IzJlMmUyZTsgdGV4dC1kZWNvcmF0aW9uOm5vbmU7IH0KYTp2aXNpdGVkIHsgY29sb3I6IzJlMmUyZTsgfQphOmFjdGl2ZSB7IGNvbG9yOiMyZTJlMmU7IH0KYTpob3ZlciB7IGNvbG9yOiMyZTJlMmU7IHRleHQtZGVjb3JhdGlvbjp1bmRlcmxpbmU7IH0KCgovKticidOMZ7+DKi8KLnJlc3VsdHMgewoJY29sb3I6IzJlMmUyZTsKCWZvbnQtc2l6ZToyMHB4OwoJZm9udC13ZWlnaHQ6Ym9sZDsKCWxldHRlci1zcGFjaW5nOjAuNWVtOwoJbWFyZ2luLWJvdHRvbTo1MHB4Owp9CgoudGhhbmtzewoJZm9udC1zaXplOjE1cHg7Cn0KCnNwYW4ucmVzdWx0c19udW1iZXJ7Cglmb250LXNpemU6NjBweDsKfQoKCi8qyczGt8P71tyk6iovCnRkLnNkdGV4dHsKCWZvbnQtc2l6ZTogNzAlOwp9CQoKc3Bhbi5jYXRjaF9jb3B5ewogICAgbGluZS1oZWlnaHQ6IDEuNWVtOwogICAgZGlzcGxheTogYmxvY2s7CiAgICBmb250LXNpemU6IDYwJTsKfQoJCnNwYW4uaXRlbV9uYW1lIHsKICAgIGxpbmUtaGVpZ2h0OiAxLjVlbTsKICAgIGZvbnQtc2l6ZTogNzUlOwp9CgpzdHJvbmcsIGIgewoJZm9udC13ZWlnaHQ6IG5vcm1hbDsKfQoKc3Bhbi5pbnZlbnRvcnlfY2hvaWNlX25hbWUgewogICAgZm9udC1zaXplOiA4MCU7Cn0KCnRkLmludmVudG9yeV9jaG9pY2VfbmFtZSB7CiAgICB3aGl0ZS1zcGFjZTogbm9ybWFsOwogICAgcGFkZGluZy1yaWdodDogMnB4OwogICAgcGFkZGluZy1sZWZ0OiAycHg7CiAgICBwYWRkaW5nLWJvdHRvbTogMnB4OwogICAgcGFkZGluZy10b3A6IDJweDsKICAgIG1hcmdpbjogMHB4Owp9CgpzcGFuLmludmVudG9yeV9kZXNjIHsKZGlzcGxheTogYmxvY2s7CnBhZGRpbmc6IDEwcHggMHB4Owp9CgoKCi8qpaul6algpbWlpKW6se0qLwpzcGFuLmludmVudG9yeV9jaG9pY2VfbmFtZSB7Cglmb250LXNpemU6IDgwJTsKfQoKI3Jha3V0ZW5MaW1pdGVkSWRfYXJvdW5kQ2FydCB0ZC5pbnZlbnRvcnkgewoJcGFkZGluZzozcHghaW1wb3J0YW50Owp9Ci5pbnZlbnRvcnkgZm9udHsKCWZvbnQtc2l6ZToxMHB4OwoJY29sb3I6ICM5OTk5OTk7Cn0KCnNwYW4uaXRlbV9kZXNjewogICAgZm9udC1zaXplOiA4MCU7CiAgICBtYXJnaW4tdG9wOiAyMHB4OwogICAgZGlzcGxheTogYmxvY2s7Cn0KCnNwYW4uc2FsZV9kZXNjIGltZ3sKICAgIHdpZHRoOiA3NzBweDsKICAgIGRpc3BsYXk6IGJsb2NrOwp9CgoKLyrtl8S/33iSa9arKi8Kc3Bhbi5jaG9pY2UgewoJLyptYXJnaW4tdG9wOjIwcHg7Cgl3aWR0aDo1MDBweDsKCXBhZGRpbmc6MTBweDsKCWJvcmRlcjoxcHggc29saWQgIzMzMzsKCWZvbnQtd2VpZ2h0OmJvbGQ7Ki8KCWZvbnQtc2l6ZTogMTJweDsKfQpzcGFuLmNob2ljZSArIHNlbGVjdCB7CglwYWRkaW5nOiAzcHg7Cglib3JkZXI6IDFweCBzb2xpZCAjY2NjOwoJZm9udC13ZWlnaHQ6IGJvbGQgIWltcG9ydGFudDsKfQojcmFrdXRlbkxpbWl0ZWRJZF9hcm91bmRDYXJ0IHNwYW4uY2hvaWNlIHsKCWRpc3BsYXk6IGJsb2NrOwoJbWFyZ2luLWJvdHRvbTogNXB4Owp9CgoKICAgIAovKqSqhpakpLrPpO+ku6Xcpb+l8yovCmZvbnQgaW5wdXQgewoJYmFja2dyb3VuZDojZmNmY2ZjIDEwcHggNXB4IDEwcHggMDsKCWJhY2tncm91bmQtaW1hZ2U6bm9uZTsKCW1hcmdpbi1ib3R0b206NXB4OwoJcGFkZGluZzo1cHg7Cn0KCi8qSUWMnY/qKi8KKmh0bWwgZm9udCBpbnB1dCB7CgliYWNrZ3JvdW5kOiNmY2ZjZmMgbm8tcmVwZWF0IDlweCA4cHg7CgltYXJnaW4tYm90dG9tOjZweDsKfQoKLyqlq6W0yc/LzcHP1WjD96XQpcqpYCovCnNwYW4udW5pdCB7CgliYWNrZ3JvdW5kOnVybChodHRwOi8vaW1hZ2UucmFrdXRlbi5jby5qcC9yeXVyeXUtc2hvcC9jYWJpbmV0L3RvcC9wY19zb3VyeW91LmdpZikgbm8tcmVwZWF0IGxlZnQgdG9wOwoJdGV4dC1pbmRlbnQ6LTk5OTk7IGRpc3BsYXk6IGJsb2NrOyB3aWR0aDogMjEwOyBoZWlnaHQ6IDYwOyBtYXJnaW4tdG9wOjVweDsgbWFyZ2luLWJvdHRvbTowcHg7Cgljb2xvcjojRkZGRkZGOwp9CgoKPC9zdHlsZT4KPCEtLaGhpaupYKXIpceltqWkpfMgZW5kIC0tPg==,ofFTQUxFISGlu6lgpeuh8aXppaSlwKlgpbmlx6W2paSl86XRqWClq6Ghcnl1cnl1L6XqpeWl6qXlIKTppMqk8yAzMLT6IKXVpaGlw6W3peel8yCl7KXHpaOpYKW5IKWipaalyKXspcOlyKG+1NnYnInTob+julJ5dVJ5daOopeql5aXqpeWjqQ==,yOvRp8q9oaGlualgpcShoaXepd5SeXVSeXUopeql5aXqpeUpMzC0+iA0MLT6pdWloaXDpbel56Xzpe+l86XUqWCluaXspcelo6lgpbmlu6XDpcilualgpcSl0aXzpcSloqXzpbWl86XWpeuloqWmpcil7KXDpcilu6lgpeul0aXzpcSls6lgpci0uiDPxCDH7yC2rMjriEAgyOvRpyDX5IhAINfkmEml36XHpaOloqXgpcGl5aXLpcOlr6WrpcOlyKW9qWC088jLpcilw6XXpbmh8VNBTEUhIaW7qWCl66HxpemlpKXAqWCluaXHpbalpKXzpdGpYKWroaFyeXVyeXUvpeql5aXqpeUgpOmkyqTzIDMwtPogpdWloaXDpbel56XzIKXspcelo6lgpbkgpaKlpqXIpeylw6XIob7U2dicidOhvw==,oaGho6HxU0FMRSEhpbupYKXrofGl6aWkpcCpYKW5pceltqWkpfOl0algpauhoXJ5dXJ5dS+l6qXlpeql5SCk6aTKpPMgMzC0+iCl1aWhpcOlt6XnpfMgpeylx6WjqWCluSCloqWmpcil7KXDpcihvtTZ2JyJ06G/[rn]
31-77551,aHR0cDovL3RzaG9wLnIxMHMuanAvcnl1cnl1LXNob3AvY2FiaW5ldC9vYXNzLTUvMjQ3OTA3LTEuanBnP2ZpdGluPTcwMDo3MDA=,MjE1NS4yMDAw,,peylx6WjqWCluaXVpaGlw6W3peel8yA+IKXIpcOl16W5ID4gpdGpYKWrqWA=,ofFTQUxFISGlu6lgpeuh8aXQpcOlr6XXpeql86XIo6al1aWhqWCkrKW7peylq6W4pbmlv6Wkpeuky6XepcOlwaXXpeql86XI0VnG8MOrpdWlp6Wkpa+l1aWhqWC4tqXRqWClq6lgoaFyeXVyeXUvpeql5aXqpeUgpOmkyqTzIDMwtPogpdWloaXDpbel56XzIKXspcelo6lgpbkgpaKlpqXIpeylw6XIob7U2dicidOhvw==,oaE=,PGlmcmFtZSBzcmM9Imh0dHBzOi8vd3d3LnJha3V0ZW4ubmUuanAvZ29sZC9yeXVyeXUtc2hvcC9vdXRsZXRfdHh0Lmh0bWwiIG5hbWU9ImhlYWQiIHdpZHRoPSI3NzBweCIgaGVpZ2h0PSIxNTBweCIgc2Nyb2xsaW5nPSJubyIgZnJhbWVib3JkZXI9IjAiIG1hcmdpbndpZHRoPSIwIiBtYXJnaW5oZWlnaHQ9IjAiPjwvaWZyYW1lPjxpbWcgc3JjPSJodHRwczovL2ltYWdlLnJha3V0ZW4uY28uanAvcnl1cnl1LXNob3AvY2FiaW5ldC90b3AvZXhjaGFuZ2UuZ2lmIiBhbHQ9Ire1xrc/vbuTUaTLpMSkpKTGIiB3aWR0aD0iMjMwIiBib3JkZXI9IjAiPjxicj48aW1nIHNyYz0iaHR0cHM6Ly9pbWFnZS5yYWt1dGVuLmNvLmpwL3J5dXJ5dS1zaG9wL2NhYmluZXQvdG9wL3NpemUuZ2lmIiBhbHQ9IqSzpM7JzMa3pM6ltaWkpbqx7aTy0oqk6yIgd2lkdGg9IjIzMCIgYm9yZGVyPSIwIj48YnI+PGJyPjxpbWcgc3JjPSJodHRwczovL2ltYWdlLnJha3V0ZW4uY28uanAvcnl1cnl1LXNob3AvY2FiaW5ldC90b3AvdGl0bGUuZ2lmIj48YnI+PGJyPqH2IMa32XyjrzE/Mz80o7ql3aXqpailuaXGpes5NaOloaKl3aXqpaal7KW/pfM1o6WhojKjuqXdpeqlqKW5pcal6zYwo6Whor5kMzWjpaGipd2l6qWmpeylv6XzNaOlKKXVpaelpKWvpdWloalgsr+31iml0aWkpeujuqWipa+l6qXrOTijpaGipd2l6qWopbmlxqXrMqOloaK7+bK8o7ql3aXqpailuaXGpesxMDCjpTxicj6h8SCl3aWxpcOlyKSipOo8YnI+ofEgpdWlp6Wkpa+l1aWh0ruyv7fWKMihpOrN4qS3v8kpPGJyPqH5IKW1paSluqTLpOik6qXXpeql86XIpM6z9re9pKyukKTKpOuI9rrPpKykoqTqpN6kuaGjPGJyPjxicj48YnI+ofbK1tG6pLfPtKSkPGJyPjxicj48YnI+pdClw6Wvpdel6qXzpcijpqXVpaGpYKSspbul7KWrpbiluaW/paSl66TLpd6lw6XBPGJyPjxicj6l1algpcnW3KTqpMvKqaS1pOykv6XVpaelpKWvpdWloalgpKzIQaTkpKuktaTyoaKlu6Xspdal6aWkpa+kyqXQpcOlr6XXpeql86XIpKylr6lgpeuktaTy0d2z9qS3oaKkz6SqpOukwKSxpMel6qXDpcGkyqW5pb+lpKXqpfOlsKTLoaPI4aTppKukytFZxvDDq8vYssSkx7yhpLak76TqpOKSaci6pMekuaGjPGJyPjxicj48aW1nIHNyYz0iaHR0cHM6Ly9pbWFnZS5yYWt1dGVuLmNvLmpwL3J5dXJ5dS1zaG9wL2NhYmluZXQvdG9wL2xpbmUuZ2lmIj48YnI+PGJyPjxmb250IGNvbG9yPSIjOTk5OTk5IiBzaXplPSIxIj6ltaWkpbqjuqPTL6PNL6PMo8wvo8w8YnI+yaujupZ0pbCl7KlgL6XWpemlw6WvL6XNpaSl06lgL6WrqWClrTwvZm9udD48YnI+PGJyPjwhLS0gpdqpYKW4pceltqWkpfMgLS0+CjxzdHlsZSB0eXBlPSJ0ZXh0L2NzcyI+CgojcGFnZWJvZHkge2hlaWdodDowO30KI3BhZ2Vib2R5IHRhYmxlIHsKYm9yZGVyLWNvbGxhcHNlOmNvbGxhcHNlOwp9Cgpib2R5ewoJZm9udC1mYW1pbHk6ICKl4aWkpeqlqiIsIE1laXJ5bywgItPOpbSlt6XDpa8iLCBZdUdvdGhpYywgIqXSpemlrqXOvceltCBQcm9OIFczIiwgIkhpcmFnaW5vIEtha3UgR290aGljIFByb04iLCBzYW5zLXNlcmlmOwp9CgphOmxpbmsgeyBjb2xvcjojMmUyZTJlOyB0ZXh0LWRlY29yYXRpb246bm9uZTsgfQphOnZpc2l0ZWQgeyBjb2xvcjojMmUyZTJlOyB9CmE6YWN0aXZlIHsgY29sb3I6IzJlMmUyZTsgfQphOmhvdmVyIHsgY29sb3I6IzJlMmUyZTsgdGV4dC1kZWNvcmF0aW9uOnVuZGVybGluZTsgfQoKCi8q2JyJ04xnv4MqLwoucmVzdWx0cyB7Cgljb2xvcjojMmUyZTJlOwoJZm9udC1zaXplOjIwcHg7Cglmb250LXdlaWdodDpib2xkOwoJbGV0dGVyLXNwYWNpbmc6MC41ZW07CgltYXJnaW4tYm90dG9tOjUwcHg7Cn0KCi50aGFua3N7Cglmb250LXNpemU6MTVweDsKfQoKc3Bhbi5yZXN1bHRzX251bWJlcnsKCWZvbnQtc2l6ZTo2MHB4Owp9CgoKLyrJzMa3w/vW3KTqKi8KdGQuc2R0ZXh0ewoJZm9udC1zaXplOiA3MCU7Cn0JCgpzcGFuLmNhdGNoX2NvcHl7CiAgICBsaW5lLWhlaWdodDogMS41ZW07CiAgICBkaXNwbGF5OiBibG9jazsKICAgIGZvbnQtc2l6ZTogNjAlOwp9CgkKc3Bhbi5pdGVtX25hbWUgewogICAgbGluZS1oZWlnaHQ6IDEuNWVtOwogICAgZm9udC1zaXplOiA3NSU7Cn0KCnN0cm9uZywgYiB7Cglmb250LXdlaWdodDogbm9ybWFsOwp9CgpzcGFuLmludmVudG9yeV9jaG9pY2VfbmFtZSB7CiAgICBmb250LXNpemU6IDgwJTsKfQoKdGQuaW52ZW50b3J5X2Nob2ljZV9uYW1lIHsKICAgIHdoaXRlLXNwYWNlOiBub3JtYWw7CiAgICBwYWRkaW5nLXJpZ2h0OiAycHg7CiAgICBwYWRkaW5nLWxlZnQ6IDJweDsKICAgIHBhZGRpbmctYm90dG9tOiAycHg7CiAgICBwYWRkaW5nLXRvcDogMnB4OwogICAgbWFyZ2luOiAwcHg7Cn0KCnNwYW4uaW52ZW50b3J5X2Rlc2MgewpkaXNwbGF5OiBibG9jazsKcGFkZGluZzogMTBweCAwcHg7Cn0KCgoKLyqlq6XpqWCltaWkpbqx7SovCnNwYW4uaW52ZW50b3J5X2Nob2ljZV9uYW1lIHsKCWZvbnQtc2l6ZTogODAlOwp9CgojcmFrdXRlbkxpbWl0ZWRJZF9hcm91bmRDYXJ0IHRkLmludmVudG9yeSB7CglwYWRkaW5nOjNweCFpbXBvcnRhbnQ7Cn0KLmludmVudG9yeSBmb250ewoJZm9udC1zaXplOjEwcHg7Cgljb2xvcjogIzk5OTk5OTsKfQoKc3Bhbi5pdGVtX2Rlc2N7CiAgICBmb250LXNpemU6IDgwJTsKICAgIG1hcmdpbi10b3A6IDIwcHg7CiAgICBkaXNwbGF5OiBibG9jazsKfQoKc3Bhbi5zYWxlX2Rlc2MgaW1newogICAgd2lkdGg6IDc3MHB4OwogICAgZGlzcGxheTogYmxvY2s7Cn0KCgovKu2XxL/feJJr1qsqLwpzcGFuLmNob2ljZSB7CgkvKm1hcmdpbi10b3A6MjBweDsKCXdpZHRoOjUwMHB4OwoJcGFkZGluZzoxMHB4OwoJYm9yZGVyOjFweCBzb2xpZCAjMzMzOwoJZm9udC13ZWlnaHQ6Ym9sZDsqLwoJZm9udC1zaXplOiAxMnB4Owp9CnNwYW4uY2hvaWNlICsgc2VsZWN0IHsKCXBhZGRpbmc6IDNweDsKCWJvcmRlcjogMXB4IHNvbGlkICNjY2M7Cglmb250LXdlaWdodDogYm9sZCAhaW1wb3J0YW50Owp9CiNyYWt1dGVuTGltaXRlZElkX2Fyb3VuZENhcnQgc3Bhbi5jaG9pY2UgewoJZGlzcGxheTogYmxvY2s7CgltYXJnaW4tYm90dG9tOiA1cHg7Cn0KCgogICAgCi8qpKqGlqSkus+k76S7pdylv6XzKi8KZm9udCBpbnB1dCB7CgliYWNrZ3JvdW5kOiNmY2ZjZmMgMTBweCA1cHggMTBweCAwOwoJYmFja2dyb3VuZC1pbWFnZTpub25lOwoJbWFyZ2luLWJvdHRvbTo1cHg7CglwYWRkaW5nOjVweDsKfQoKLypJRYydj+oqLwoqaHRtbCBmb250IGlucHV0IHsKCWJhY2tncm91bmQ6I2ZjZmNmYyBuby1yZXBlYXQgOXB4IDhweDsKCW1hcmdpbi1ib3R0b206NnB4Owp9CgovKqWrpbTJz8vNwc/VaMP3pdClyqlgKi8Kc3Bhbi51bml0IHsKCWJhY2tncm91bmQ6dXJsKGh0dHA6Ly9pbWFnZS5yYWt1dGVuLmNvLmpwL3J5dXJ5dS1zaG9wL2NhYmluZXQvdG9wL3BjX3NvdXJ5b3UuZ2lmKSBuby1yZXBlYXQgbGVmdCB0b3A7Cgl0ZXh0LWluZGVudDotOTk5OTsgZGlzcGxheTogYmxvY2s7IHdpZHRoOiAyMTA7IGhlaWdodDogNjA7IG1hcmdpbi10b3A6NXB4OyBtYXJnaW4tYm90dG9tOjBweDsKCWNvbG9yOiNGRkZGRkY7Cn0KCgo8L3N0eWxlPgo8IS0toaGlq6lgpcilx6W2paSl8yBlbmQgLS0+,ofFTQUxFISGlu6lgpeuh8aXQpcOlr6XXpeql86XIo6al1aWhqWCkrKW7peylq6W4pbmlv6Wkpeuky6XepcOlwaXXpeql86XI0VnG8MOrpdWlp6Wkpa+l1aWhqWC4tqXRqWClq6lgoaFyeXVyeXUvpeql5aXqpeUgpOmkyqTzIDMwtPogpdWloaXDpbel56XzIKXspcelo6lgpbkgpaKlpqXIpeylw6XIob7U2dicidOhv6O6Unl1Unl1o6il6qXlpeql5aOp,yOvRp8q9oaGlualgpcShoaXepd5SeXVSeXUopeql5aXqpeUpMzC0+iA0MLT6pdWloaXDpbel56Xzpe+l86XUqWCluaXspcelo6lgpbmlu6XDpcilualgpcSl0aXzpcSloqXzpbWl86XWpeuloqWmpcil7KXDpcilu6lgpeul0aXzpcSls6lgpci0uiDPxCDH7yC2rMjriEAgyOvRpyDX5IhAINfkmEml36XHpaOloqXgpcGl5aXLpcOlr6WrpcOlyKW9qWC088jLpcilw6XXpbmh8VNBTEUhIaW7qWCl66HxpdClw6Wvpdel6qXzpcijpqXVpaGpYKSspbul7KWrpbiluaW/paSl66TLpd6lw6XBpdel6qXzpcjRWcbww6ul1aWnpaSlr6XVpaGpYLi2pdGpYKWrqWChoXJ5dXJ5dS+l6qXlpeql5SCk6aTKpPMgMzC0+iCl1aWhpcOlt6XnpfMgpeylx6WjqWCluSCloqWmpcil7KXDpcihvtTZ2JyJ06G/,oaGho6HxU0FMRSEhpbupYKXrofGl0KXDpa+l16XqpfOlyKOmpdWloalgpKylu6XspauluKW5pb+lpKXrpMul3qXDpcGl16XqpfOlyNFZxvDDq6XVpaelpKWvpdWloalguLal0algpaupYKGhcnl1cnl1L6XqpeWl6qXlIKTppMqk8yAzMLT6IKXVpaGlw6W3peel8yCl7KXHpaOpYKW5IKWipaalyKXspcOlyKG+1NnYnInTob8=[rn]
31-77552,aHR0cDovL3RzaG9wLnIxMHMuanAvcnl1cnl1LXNob3AvY2FiaW5ldC9vYXh3LTUvNzA3MjkxLTEuanBnP2ZpdGluPTcwMDo3MDA=,MTcxOS4yMDAw,,peylx6WjqWCluaXVpaGlw6W3peel8yA+IKXIpcOl16W5ID4gpdGpYKWrqWA=,ofFTQUxFISGlu6lgpeuh8aXspaSl5KlgpcnvTKW5pailw6XIpdGpYKWrqWChoXJ5dXJ5dS+l6qXlpeql5SCk6aTKpPOhoaXppcql8yBSYW5hbqGhMzC0+iA0MLT6IKXVpaGlw6W3peel8yCl7KXHpaOpYKW5oaGloqWmpcil7KXDpcggob7U2dicidOhvw==,oaE=,PGlmcmFtZSBzcmM9Imh0dHBzOi8vd3d3LnJha3V0ZW4ubmUuanAvZ29sZC9yeXVyeXUtc2hvcC9vdXRsZXRfdHh0Lmh0bWwiIG5hbWU9ImhlYWQiIHdpZHRoPSI3NjBweCIgaGVpZ2h0PSIxNTBweCIgc2Nyb2xsaW5nPSJubyIgZnJhbWVib3JkZXI9IjAiIG1hcmdpbndpZHRoPSIwIiBtYXJnaW5oZWlnaHQ9IjAiPjwvaWZyYW1lPjxpbWcgc3JjPSJodHRwczovL2ltYWdlLnJha3V0ZW4uY28uanAvcnl1cnl1LXNob3AvY2FiaW5ldC90b3AvZXhjaGFuZ2UuZ2lmIiBhbHQ9Ire1xrc/vbuTUaTLpMSkpKTGIiB3aWR0aD0iMjMwIiBib3JkZXI9IjAiPjxicj48aW1nIHNyYz0iaHR0cHM6Ly9pbWFnZS5yYWt1dGVuLmNvLmpwL3J5dXJ5dS1zaG9wL2NhYmluZXQvdG9wL3NpemUuZ2lmIiBhbHQ9IqSzpM7JzMa3pM6ltaWkpbqx7aTy0oqk6yIgd2lkdGg9IjIzMCIgYm9yZGVyPSIwIj48YnI+PGJyPjxpbWcgc3JjPSJodHRwczovL2ltYWdlLnJha3V0ZW4uY28uanAvcnl1cnl1LXNob3AvY2FiaW5ldC90b3AvdGl0bGUuZ2lmIj48YnI+PGJyPsa32Xyjryix7bXYKb5kMTAwo6UgKKXqpdayv7fWKb5kOTejpSCl3aXqpaal7KW/pfMzo6UgKKXBpeWpYKXrKaXdpeqlqKW5pcal6zEwMKOlIKXVpaGluaXKqWDHsDxicj48YnI+PGJyPqH2ytbRuqS3z7SkpDxicj48YnI+PGJyPqWrpbil5aWipeukyqW5pailw6XIpdGpYKWrqWCkzvHVpMulwaXlqWCl66TyvNOkqKTrpMCksaTHoaKkv6TBpN6kwaXVpael36XLpfOkytOhz/Ok2KGjpMmk86TKpbmlv6WkpeukyKTiz+DQ1KSspKSkpKGjPGJyPjxicj48aW1nIHNyYz0iaHR0cHM6Ly9pbWFnZS5yYWt1dGVuLmNvLmpwL3J5dXJ5dS1zaG9wL2NhYmluZXQvdG9wL2xpbmUuZ2lmIj48YnI+PGJyPjxmb250IGNvbG9yPSIjOTk5OTk5IiBzaXplPSIxIj6ltaWkpbqjuk0vTEwvTC8zTDxicj7Jq6O6lnSlsKXsqWA8L2ZvbnQ+PGJyPjxicj48IS0tIKXaqWCluKXHpbalpKXzIC0tPgo8c3R5bGUgdHlwZT0idGV4dC9jc3MiPgoKI3BhZ2Vib2R5IHtoZWlnaHQ6MDt9CiNwYWdlYm9keSB0YWJsZSB7CmJvcmRlci1jb2xsYXBzZTpjb2xsYXBzZTsKfQoKYm9keXsKCWZvbnQtZmFtaWx5OiAipeGlpKXqpaoiLCBNZWlyeW8sICLTzqW0pbelw6WvIiwgWXVHb3RoaWMsICKl0qXppa6lzr3HpbQgUHJvTiBXMyIsICJIaXJhZ2lubyBLYWt1IEdvdGhpYyBQcm9OIiwgc2Fucy1zZXJpZjsKfQoKYTpsaW5rIHsgY29sb3I6IzJlMmUyZTsgdGV4dC1kZWNvcmF0aW9uOm5vbmU7IH0KYTp2aXNpdGVkIHsgY29sb3I6IzJlMmUyZTsgfQphOmFjdGl2ZSB7IGNvbG9yOiMyZTJlMmU7IH0KYTpob3ZlciB7IGNvbG9yOiMyZTJlMmU7IHRleHQtZGVjb3JhdGlvbjp1bmRlcmxpbmU7IH0KCgovKticidOMZ7+DKi8KLnJlc3VsdHMgewoJY29sb3I6IzJlMmUyZTsKCWZvbnQtc2l6ZToyMHB4OwoJZm9udC13ZWlnaHQ6Ym9sZDsKCWxldHRlci1zcGFjaW5nOjAuNWVtOwoJbWFyZ2luLWJvdHRvbTo1MHB4Owp9CgoudGhhbmtzewoJZm9udC1zaXplOjE1cHg7Cn0KCnNwYW4ucmVzdWx0c19udW1iZXJ7Cglmb250LXNpemU6NjBweDsKfQoKCi8qyczGt8P71tyk6iovCnRkLnNkdGV4dHsKCWZvbnQtc2l6ZTogNzAlOwp9CQoKc3Bhbi5jYXRjaF9jb3B5ewogICAgbGluZS1oZWlnaHQ6IDEuNWVtOwogICAgZGlzcGxheTogYmxvY2s7CiAgICBmb250LXNpemU6IDYwJTsKfQoJCnNwYW4uaXRlbV9uYW1lIHsKICAgIGxpbmUtaGVpZ2h0OiAxLjVlbTsKICAgIGZvbnQtc2l6ZTogNzUlOwp9CgpzdHJvbmcsIGIgewoJZm9udC13ZWlnaHQ6IG5vcm1hbDsKfQoKc3Bhbi5pbnZlbnRvcnlfY2hvaWNlX25hbWUgewogICAgZm9udC1zaXplOiA4MCU7Cn0KCnRkLmludmVudG9yeV9jaG9pY2VfbmFtZSB7CiAgICB3aGl0ZS1zcGFjZTogbm9ybWFsOwogICAgcGFkZGluZy1yaWdodDogMnB4OwogICAgcGFkZGluZy1sZWZ0OiAycHg7CiAgICBwYWRkaW5nLWJvdHRvbTogMnB4OwogICAgcGFkZGluZy10b3A6IDJweDsKICAgIG1hcmdpbjogMHB4Owp9CgpzcGFuLmludmVudG9yeV9kZXNjIHsKZGlzcGxheTogYmxvY2s7CnBhZGRpbmc6IDEwcHggMHB4Owp9CgoKCi8qpaul6algpbWlpKW6se0qLwpzcGFuLmludmVudG9yeV9jaG9pY2VfbmFtZSB7Cglmb250LXNpemU6IDgwJTsKfQoKI3Jha3V0ZW5MaW1pdGVkSWRfYXJvdW5kQ2FydCB0ZC5pbnZlbnRvcnkgewoJcGFkZGluZzozcHghaW1wb3J0YW50Owp9Ci5pbnZlbnRvcnkgZm9udHsKCWZvbnQtc2l6ZToxMHB4OwoJY29sb3I6ICM5OTk5OTk7Cn0KCnNwYW4uaXRlbV9kZXNjewogICAgZm9udC1zaXplOiA4MCU7CiAgICBtYXJnaW4tdG9wOiAyMHB4OwogICAgZGlzcGxheTogYmxvY2s7Cn0KCnNwYW4uc2FsZV9kZXNjIGltZ3sKICAgIHdpZHRoOiA3NzBweDsKICAgIGRpc3BsYXk6IGJsb2NrOwp9CgoKLyrtl8S/33iSa9arKi8Kc3Bhbi5jaG9pY2UgewoJLyptYXJnaW4tdG9wOjIwcHg7Cgl3aWR0aDo1MDBweDsKCXBhZGRpbmc6MTBweDsKCWJvcmRlcjoxcHggc29saWQgIzMzMzsKCWZvbnQtd2VpZ2h0OmJvbGQ7Ki8KCWZvbnQtc2l6ZTogMTJweDsKfQpzcGFuLmNob2ljZSArIHNlbGVjdCB7CglwYWRkaW5nOiAzcHg7Cglib3JkZXI6IDFweCBzb2xpZCAjY2NjOwoJZm9udC13ZWlnaHQ6IGJvbGQgIWltcG9ydGFudDsKfQojcmFrdXRlbkxpbWl0ZWRJZF9hcm91bmRDYXJ0IHNwYW4uY2hvaWNlIHsKCWRpc3BsYXk6IGJsb2NrOwoJbWFyZ2luLWJvdHRvbTogNXB4Owp9CgoKICAgIAovKqSqhpakpLrPpO+ku6Xcpb+l8yovCmZvbnQgaW5wdXQgewoJYmFja2dyb3VuZDojZmNmY2ZjIDEwcHggNXB4IDEwcHggMDsKCWJhY2tncm91bmQtaW1hZ2U6bm9uZTsKCW1hcmdpbi1ib3R0b206NXB4OwoJcGFkZGluZzo1cHg7Cn0KCi8qSUWMnY/qKi8KKmh0bWwgZm9udCBpbnB1dCB7CgliYWNrZ3JvdW5kOiNmY2ZjZmMgbm8tcmVwZWF0IDlweCA4cHg7CgltYXJnaW4tYm90dG9tOjZweDsKfQoKLyqlq6W0yc/LzcHP1WjD96XQpcqpYCovCnNwYW4udW5pdCB7CgliYWNrZ3JvdW5kOnVybChodHRwOi8vaW1hZ2UucmFrdXRlbi5jby5qcC9yeXVyeXUtc2hvcC9jYWJpbmV0L3RvcC9wY19zb3VyeW91LmdpZikgbm8tcmVwZWF0IGxlZnQgdG9wOwoJdGV4dC1pbmRlbnQ6LTk5OTk7IGRpc3BsYXk6IGJsb2NrOyB3aWR0aDogMjEwOyBoZWlnaHQ6IDYwOyBtYXJnaW4tdG9wOjVweDsgbWFyZ2luLWJvdHRvbTowcHg7Cgljb2xvcjojRkZGRkZGOwp9CgoKPC9zdHlsZT4KPCEtLaGhpaupYKXIpceltqWkpfMgZW5kIC0tPg==,ofFTQUxFISGlu6lgpeuh8aXspaSl5KlgpcnvTKW5pailw6XIpdGpYKWrqWChoXJ5dXJ5dS+l6qXlpeql5SCk6aTKpPOhoaXppcql8yBSYW5hbqGhMzC0+iA0MLT6IKXVpaGlw6W3peel8yCl7KXHpaOpYKW5oaGloqWmpcil7KXDpcggob7U2dicidOhv6O6Unl1Unl1o6il6qXlpeql5aOp,yOvRp8q9oaGlualgpcShoaXepd5SeXVSeXUopeql5aXqpeUpMzC0+iA0MLT6pdWloaXDpbel56Xzpe+l86XUqWCluaXspcelo6lgpbmlu6XDpcilualgpcSl0aXzpcSloqXzpbWl86XWpeuloqWmpcil7KXDpcilu6lgpeul0aXzpcSls6lgpci0uiDPxCDH7yC2rMjriEAgyOvRpyDX5IhAINfkmEml36XHpaOloqXgpcGl5aXLpcOlr6WrpcOlyKW9qWC088jLpcilw6XXpbmh8VNBTEUhIaW7qWCl66HxpeylpKXkqWClye9MpbmlqKXDpcil0algpaupYKGhcnl1cnl1L6XqpeWl6qXlIKTppMqk86GhpemlyqXzIFJhbmFuoaEzMLT6IDQwtPogpdWloaXDpbel56XzIKXspcelo6lgpbmhoaWipaalyKXspcOlyCChvtTZ2JyJ06G/,oaGho6HxU0FMRSEhpbupYKXrofGl7KWkpeSpYKXJ70yluaWopcOlyKXRqWClq6lgoaFyeXVyeXUvpeql5aXqpeUgpOmkyqTzoaGl6aXKpfMgUmFuYW6hoTMwtPogNDC0+iCl1aWhpcOlt6XnpfMgpeylx6WjqWCluaGhpaKlpqXIpeylw6XIIKG+1NnYnInTob8=[rn]
31-77553,aHR0cDovL3RzaG9wLnIxMHMuanAvcnl1cnl1LXNob3AvY2FiaW5ldC9vYmptLTUvMjQ1MTEzLTEuanBnP2ZpdGluPTcwMDo3MDA=,Mzg3OS4yMDAw,,peylx6WjqWCluaXVpaGlw6W3peel8yA+IKXIpcOl16W5ID4gpdGpYKWrqWA=,pdGpYKWrqWAvM0yl6qXWyrmkpNFZxvDDq9FZw6ul0algpaupYKXWpeulvqXzKDNMKaGhcnl1cnl1L6XqpeWl6qXlIKTppMqk8yAzMLT6IKXVpaGlw6W3peel8yCl7KXHpaOpYKW5ILTzpK2kpKW1paSlug==,oaE=,PGltZyBzcmM9Imh0dHBzOi8vaW1hZ2UucmFrdXRlbi5jby5qcC9yeXVyeXUtc2hvcC9jYWJpbmV0L3RvcC9yZWd1bGFyLmdpZiIgYWx0PSIipeylrqXlpempYKW1paSluqTPpLOkwaTpIiB3aWR0aD0iMjMwIiBib3JkZXI9IjAiPjxicj48aW1nIHNyYz0iaHR0cHM6Ly9pbWFnZS5yYWt1dGVuLmNvLmpwL3J5dXJ5dS1zaG9wL2NhYmluZXQvdG9wL2V4Y2hhbmdlLmdpZiIgYWx0PSK3tca3P727k1Gky6TEpKSkxiIgd2lkdGg9IjIzMCIgYm9yZGVyPSIwIj48YnI+PGltZyBzcmM9Imh0dHBzOi8vaW1hZ2UucmFrdXRlbi5jby5qcC9yeXVyeXUtc2hvcC9jYWJpbmV0L3RvcC9zaXplLmdpZiIgYWx0PSKks6TOyczGt6TOpbWlpKW6se2k8tKKpOsiIHdpZHRoPSIyMzAiIGJvcmRlcj0iMCI+PGJyPjxicj48YnI+PGltZyBzcmM9Imh0dHBzOi8vaW1hZ2UucmFrdXRlbi5jby5qcC9yeXVyeXUtc2hvcC9jYWJpbmV0L3RvcC90aXRsZS5naWYiPjxicj48YnI+ofYgxrfZfKOvPGJyPqXNpaSl06lgo7oosb7M5Sml3aXqpailuaXGpes4MKOloaK+ZDIwo6UgKKXqpdayv7fWKaWipa+l6qXrMTAwo6U8YnI+pcGl46WzqWCl66WwpeypYKHBpdal6aXDpa+juiixvszlKaXdpeqlqKW5pcal6zgwo6Whor5kMjCjpSAopeql1rK/t9YppaKlr6XqpesxMDCjpTxicj6l1qXppcOlr6O6KLG+zOUppd2l6qWopbmlxqXrODCjpaGivmQyMKOlICil6qXWsr+31imloqWvpeql6zEwMKOlPGJyPpZ0pbCl7Klgo7oosb7M5Sml3aXqpailuaXGpes4MKOloaK+ZDIwo6UgKKXqpdayv7fWKaXdpeqlqKW5pcal6zcyo6WhoqWipa+l6qXrMjijpTxicj6lq6lgpa2juiixvszlKaXdpeqlqKW5pcal6zc1o6Whor5kMjWjpSAopeql1rK/t9YppaKlr6XqpesxMDCjpTxicj6h8SCl1aWhpbmlyqlgx7A8YnI+ofEgpd2lsaXDpcikoqTqoaLvl6Tqpd2lsaXDpcikoqTqPGJyPjxicj48QlI+ofbK1tG6pLfPtKSkPGJyPjxicj6l6qXWyrmkpKTk8cahoqXdpbGlw6XIpMqkyaSzpMCk76TqnLrdZKOhPGJyPjxicj6l6qXWyrmkpKTOpbmlv6Xzpcmlq6XpqWCk5KXVqWClybi2pM6lx6W2paSl86Sspd2lpKXzpcikzqWvqWCl66TKpdGpYKWrqWCl1qXrpb6l86GjpMmk86TKpdylyKXgpbmky6Tius+k76S7pOSkuaSk1cm40KTHyrmkpKTkpLmktaTiofKho9DBpOGls6lgpceky6TipauluKXlpaKl66TLpOLKuaSopMahoqWzqWClx6TOt/mkrI7apKyk64WX33iktaTspL/Jq9W56V+k4vfIwaahozxicj48YnI+PGltZyBzcmM9Imh0dHBzOi8vaW1hZ2UucmFrdXRlbi5jby5qcC9yeXVyeXUtc2hvcC9jYWJpbmV0L3RvcC9saW5lLmdpZiI+PGJyPjxicj48Zm9udCBjb2xvcj0iIzk5OTk5OSIgc2l6ZT0iMSI+pbWlpKW6o7ozTDwvZm9udD48YnI+PGZvbnQgY29sb3I9IiM5OTk5OTkiIHNpemU9IjEiPsmro7qWdKWwpeypYC+l1qXppcOlry+lzaWkpdOpYC+lwaXjpbOpYKXrpbCl7KlgocGl1qXppcOlry+lq6lgpa08L2ZvbnQ+PGJyPjxicj4gPGJyPjxicj48IS0tIKXaqWCluKXHpbalpKXzIC0tPgo8c3R5bGUgdHlwZT0idGV4dC9jc3MiPgoKI3BhZ2Vib2R5IHtoZWlnaHQ6MDt9CiNwYWdlYm9keSB0YWJsZSB7CmJvcmRlci1jb2xsYXBzZTpjb2xsYXBzZTsKfQoKYm9keXsKCWZvbnQtZmFtaWx5OiAipeGlpKXqpaoiLCBNZWlyeW8sICLTzqW0pbelw6WvIiwgWXVHb3RoaWMsICKl0qXppa6lzr3HpbQgUHJvTiBXMyIsICJIaXJhZ2lubyBLYWt1IEdvdGhpYyBQcm9OIiwgc2Fucy1zZXJpZjsKfQoKYTpsaW5rIHsgY29sb3I6IzJlMmUyZTsgdGV4dC1kZWNvcmF0aW9uOm5vbmU7IH0KYTp2aXNpdGVkIHsgY29sb3I6IzJlMmUyZTsgfQphOmFjdGl2ZSB7IGNvbG9yOiMyZTJlMmU7IH0KYTpob3ZlciB7IGNvbG9yOiMyZTJlMmU7IHRleHQtZGVjb3JhdGlvbjp1bmRlcmxpbmU7IH0KCgovKticidOMZ7+DKi8KLnJlc3VsdHMgewoJY29sb3I6IzJlMmUyZTsKCWZvbnQtc2l6ZToyMHB4OwoJZm9udC13ZWlnaHQ6Ym9sZDsKCWxldHRlci1zcGFjaW5nOjAuNWVtOwoJbWFyZ2luLWJvdHRvbTo1MHB4Owp9CgoudGhhbmtzewoJZm9udC1zaXplOjE1cHg7Cn0KCnNwYW4ucmVzdWx0c19udW1iZXJ7Cglmb250LXNpemU6NjBweDsKfQoKCi8qyczGt8P71tyk6iovCnRkLnNkdGV4dHsKCWZvbnQtc2l6ZTogNzAlOwp9CQoKc3Bhbi5jYXRjaF9jb3B5ewogICAgbGluZS1oZWlnaHQ6IDEuNWVtOwogICAgZGlzcGxheTogYmxvY2s7CiAgICBmb250LXNpemU6IDYwJTsKfQoJCnNwYW4uaXRlbV9uYW1lIHsKICAgIGxpbmUtaGVpZ2h0OiAxLjVlbTsKICAgIGZvbnQtc2l6ZTogNzUlOwp9CgpzdHJvbmcsIGIgewoJZm9udC13ZWlnaHQ6IG5vcm1hbDsKfQoKc3Bhbi5pbnZlbnRvcnlfY2hvaWNlX25hbWUgewogICAgZm9udC1zaXplOiA4MCU7Cn0KCnRkLmludmVudG9yeV9jaG9pY2VfbmFtZSB7CiAgICB3aGl0ZS1zcGFjZTogbm9ybWFsOwogICAgcGFkZGluZy1yaWdodDogMnB4OwogICAgcGFkZGluZy1sZWZ0OiAycHg7CiAgICBwYWRkaW5nLWJvdHRvbTogMnB4OwogICAgcGFkZGluZy10b3A6IDJweDsKICAgIG1hcmdpbjogMHB4Owp9CgpzcGFuLmludmVudG9yeV9kZXNjIHsKZGlzcGxheTogYmxvY2s7CnBhZGRpbmc6IDEwcHggMHB4Owp9CgoKCi8qpaul6algpbWlpKW6se0qLwpzcGFuLmludmVudG9yeV9jaG9pY2VfbmFtZSB7Cglmb250LXNpemU6IDgwJTsKfQoKI3Jha3V0ZW5MaW1pdGVkSWRfYXJvdW5kQ2FydCB0ZC5pbnZlbnRvcnkgewoJcGFkZGluZzozcHghaW1wb3J0YW50Owp9Ci5pbnZlbnRvcnkgZm9udHsKCWZvbnQtc2l6ZToxMHB4OwoJY29sb3I6ICM5OTk5OTk7Cn0KCnNwYW4uaXRlbV9kZXNjewogICAgZm9udC1zaXplOiA4MCU7CiAgICBtYXJnaW4tdG9wOiAyMHB4OwogICAgZGlzcGxheTogYmxvY2s7Cn0KCnNwYW4uc2FsZV9kZXNjIGltZ3sKICAgIHdpZHRoOiA3NzBweDsKICAgIGRpc3BsYXk6IGJsb2NrOwp9CgoKLyrtl8S/33iSa9arKi8Kc3Bhbi5jaG9pY2UgewoJLyptYXJnaW4tdG9wOjIwcHg7Cgl3aWR0aDo1MDBweDsKCXBhZGRpbmc6MTBweDsKCWJvcmRlcjoxcHggc29saWQgIzMzMzsKCWZvbnQtd2VpZ2h0OmJvbGQ7Ki8KCWZvbnQtc2l6ZTogMTJweDsKfQpzcGFuLmNob2ljZSArIHNlbGVjdCB7CglwYWRkaW5nOiAzcHg7Cglib3JkZXI6IDFweCBzb2xpZCAjY2NjOwoJZm9udC13ZWlnaHQ6IGJvbGQgIWltcG9ydGFudDsKfQojcmFrdXRlbkxpbWl0ZWRJZF9hcm91bmRDYXJ0IHNwYW4uY2hvaWNlIHsKCWRpc3BsYXk6IGJsb2NrOwoJbWFyZ2luLWJvdHRvbTogNXB4Owp9CgoKICAgIAovKqSqhpakpLrPpO+ku6Xcpb+l8yovCmZvbnQgaW5wdXQgewoJYmFja2dyb3VuZDojZmNmY2ZjIDEwcHggNXB4IDEwcHggMDsKCWJhY2tncm91bmQtaW1hZ2U6bm9uZTsKCW1hcmdpbi1ib3R0b206NXB4OwoJcGFkZGluZzo1cHg7Cn0KCi8qSUWMnY/qKi8KKmh0bWwgZm9udCBpbnB1dCB7CgliYWNrZ3JvdW5kOiNmY2ZjZmMgbm8tcmVwZWF0IDlweCA4cHg7CgltYXJnaW4tYm90dG9tOjZweDsKfQoKLyqlq6W0yc/LzcHP1WjD96XQpcqpYCovCnNwYW4udW5pdCB7CgliYWNrZ3JvdW5kOnVybChodHRwOi8vaW1hZ2UucmFrdXRlbi5jby5qcC9yeXVyeXUtc2hvcC9jYWJpbmV0L3RvcC9wY19zb3VyeW91LmdpZikgbm8tcmVwZWF0IGxlZnQgdG9wOwoJdGV4dC1pbmRlbnQ6LTk5OTk7IGRpc3BsYXk6IGJsb2NrOyB3aWR0aDogMjEwOyBoZWlnaHQ6IDYwOyBtYXJnaW4tdG9wOjVweDsgbWFyZ2luLWJvdHRvbTowcHg7Cgljb2xvcjojRkZGRkZGOwp9CgoKPC9zdHlsZT4KPCEtLaGhpaupYKXIpceltqWkpfMgZW5kIC0tPg==,pdGpYKWrqWAvM0yl6qXWyrmkpNFZxvDDq9FZw6ul0algpaupYKXWpeulvqXzKDNMKaGhcnl1cnl1L6XqpeWl6qXlIKTppMqk8yAzMLT6IKXVpaGlw6W3peel8yCl7KXHpaOpYKW5ILTzpK2kpKW1paSluqO6Unl1Unl1o6il6qXlpeql5aOp,yOvRp8q9oaGlualgpcShoaXepd5SeXVSeXUopeql5aXqpeUpMzC0+iA0MLT6pdWloaXDpbel56Xzpe+l86XUqWCluaXspcelo6lgpbmlu6XDpcilualgpcSl0aXzpcSloqXzpbWl86XWpeuloqWmpcil7KXDpcilu6lgpeul0aXzpcSls6lgpci0uiDPxCDH7yC2rMjriEAgyOvRpyDX5IhAINfkmEml36XHpaOloqXgpcGl5aXLpcOlr6WrpcOlyKW9qWC088jLpcilw6XXpbml0algpaupYC8zTKXqpdbKuaSk0VnG8MOr0VnDq6XRqWClq6lgpdal66W+pfMoM0wpoaFyeXVyeXUvpeql5aXqpeUgpOmkyqTzIDMwtPogpdWloaXDpbel56XzIKXspcelo6lgpbkgtPOkraSkpbWlpKW6,oaGho6XRqWClq6lgLzNMpeql1sq5pKTRWcbww6vRWcOrpdGpYKWrqWCl1qXrpb6l8ygzTCmhoXJ5dXJ5dS+l6qXlpeql5SCk6aTKpPMgMzC0+iCl1aWhpcOlt6XnpfMgpeylx6WjqWCluSC086StpKSltaWkpbo=[rn]
31-77554,aHR0cDovL3RzaG9wLnIxMHMuanAvcnl1cnl1LXNob3AvY2FiaW5ldC9vYmptLTUvMjQ5NDA0LTEuanBnP2ZpdGluPTcwMDo3MDA=,MjU4My4yMDAw,,peylx6WjqWCluaXVpaGlw6W3peel8yA+IKXIpcOl16W5ID4gpdGpYKWrqWA=,pdGpYKWrqWAvUy9NL0yl06XDpbCl1algpcmlx6W2paSl89FZw6ul0algpaupYChToatMKaGhcnl1cnl1L6XqpeWl6qXlIKTppMqk8yAzMLT6IKXVpaGlw6W3peel8yCl7KXHpaOpYKW5,oaE=,PGltZyBzcmM9Imh0dHBzOi8vaW1hZ2UucmFrdXRlbi5jby5qcC9yeXVyeXUtc2hvcC9jYWJpbmV0L3RvcC9sYXJnZS5naWYiIGFsdD0itPOkraSkpbWlpKW6pM+ks6TBpOkiIHdpZHRoPSIyMzAiIGJvcmRlcj0iMCI+PGJyPjxpbWcgc3JjPSJodHRwczovL2ltYWdlLnJha3V0ZW4uY28uanAvcnl1cnl1LXNob3AvY2FiaW5ldC90b3AvZXhjaGFuZ2UuZ2lmIiBhbHQ9Ire1xrc/vbuTUaTLpMSkpKTGIiB3aWR0aD0iMjMwIiBib3JkZXI9IjAiPjxicj48aW1nIHNyYz0iaHR0cHM6Ly9pbWFnZS5yYWt1dGVuLmNvLmpwL3J5dXJ5dS1zaG9wL2NhYmluZXQvdG9wL3NpemUuZ2lmIiBhbHQ9IqSzpM7JzMa3pM6ltaWkpbqx7aTy0oqk6yIgd2lkdGg9IjIzMCIgYm9yZGVyPSIwIj48YnI+PGJyPjxpbWcgc3JjPSJodHRwczovL2ltYWdlLnJha3V0ZW4uY28uanAvcnl1cnl1LXNob3AvY2FiaW5ldC90b3AvdGl0bGUuZ2lmIj48YnI+PGJyPqH2ICDGt9l8o688YnI+pc2lpKXTqWCjuqXdpeqlqKW5pcal6zc1o6Whor5kMjWjpTxicj6WdKWwpeypYKO6pd2l6qWopbmlxqXrODCjpaGivmQyMKOlPGJyPqXWpemlw6Wvo7ql3aXqpailuaXGpes4OKOloaK+ZDEyo6U8YnI+sNf8XKXfpcOlr6W5o7ql3aXqpailuaXGpes3NaOloaK+ZDI1o6U8YnI+ofEgpdWloaW5pcqpYMewPGJyPqHxIKXdpbGlw6XIpKKk6jxicj48YnI+PGJyPqH2ytbRuqS3z7SkpDxicj48YnI+PGJyPsfvpMvXxaS/pKTdWKThpaKlpqW/qWCkz6GiQklHpdWpYKXJpM6l7aXzpbCl0algpaupYKTHsu6k8qTEpLGk66OhPGJyPjxicj6086StpOGkzqXVqWClyaXHpbalpKXzpMilt6Xrpailw6XIpKyks6TKpOy40KS/pMOk16TqpM7RWcOrpdGpYKWrqWCho6XdpbGlw6XIpOKkxKSkpMakpKTrpM6kx6GivKG6rqSkvL65naTLMcO2pKKk66TIsePA+6TKpaKlpKXGpeChozxicj6jvFBvaW50o76h8bTzpK2k4aXVqWClyaTH0KHuhtKKpLujoaHxpbilw6XXpM7F5MmrpKyloqWvpbul86XIo6Gh8aWrpbil5aWipeuky6Tipa+pYKXrpMuk4tfFpLOkyqS7pOuhoqTmpOult6Xrpailw6XIo6E8YnI+PGJyPjxicj48YnI+PGltZyBzcmM9Imh0dHBzOi8vaW1hZ2UucmFrdXRlbi5jby5qcC9yeXVyeXUtc2hvcC9jYWJpbmV0L3RvcC9saW5lLmdpZiI+PGJyPjxicj48Zm9udCBjb2xvcj0iIzk5OTk5OSIgc2l6ZT0iMSI+pbWlpKW6o7pTL00vTDxicj7Jq6O6lnSlsKXsqWAvsNf8XKXfpcOlr6W5L6XWpemlw6WvL6XNpaSl06lgPC9mb250Pjxicj48YnI+PCEtLSCl2qlgpbilx6W2paSl8yAtLT4KPHN0eWxlIHR5cGU9InRleHQvY3NzIj4KCiNwYWdlYm9keSB7aGVpZ2h0OjA7fQojcGFnZWJvZHkgdGFibGUgewpib3JkZXItY29sbGFwc2U6Y29sbGFwc2U7Cn0KCmJvZHl7Cglmb250LWZhbWlseTogIqXhpaSl6qWqIiwgTWVpcnlvLCAi086ltKW3pcOlryIsIFl1R290aGljLCAipdKl6aWupc69x6W0IFByb04gVzMiLCAiSGlyYWdpbm8gS2FrdSBHb3RoaWMgUHJvTiIsIHNhbnMtc2VyaWY7Cn0KCmE6bGluayB7IGNvbG9yOiMyZTJlMmU7IHRleHQtZGVjb3JhdGlvbjpub25lOyB9CmE6dmlzaXRlZCB7IGNvbG9yOiMyZTJlMmU7IH0KYTphY3RpdmUgeyBjb2xvcjojMmUyZTJlOyB9CmE6aG92ZXIgeyBjb2xvcjojMmUyZTJlOyB0ZXh0LWRlY29yYXRpb246dW5kZXJsaW5lOyB9CgoKLyrYnInTjGe/gyovCi5yZXN1bHRzIHsKCWNvbG9yOiMyZTJlMmU7Cglmb250LXNpemU6MjBweDsKCWZvbnQtd2VpZ2h0OmJvbGQ7CglsZXR0ZXItc3BhY2luZzowLjVlbTsKCW1hcmdpbi1ib3R0b206NTBweDsKfQoKLnRoYW5rc3sKCWZvbnQtc2l6ZToxNXB4Owp9CgpzcGFuLnJlc3VsdHNfbnVtYmVyewoJZm9udC1zaXplOjYwcHg7Cn0KCgovKsnMxrfD+9bcpOoqLwp0ZC5zZHRleHR7Cglmb250LXNpemU6IDcwJTsKfQkKCnNwYW4uY2F0Y2hfY29weXsKICAgIGxpbmUtaGVpZ2h0OiAxLjVlbTsKICAgIGRpc3BsYXk6IGJsb2NrOwogICAgZm9udC1zaXplOiA2MCU7Cn0KCQpzcGFuLml0ZW1fbmFtZSB7CiAgICBsaW5lLWhlaWdodDogMS41ZW07CiAgICBmb250LXNpemU6IDc1JTsKfQoKc3Ryb25nLCBiIHsKCWZvbnQtd2VpZ2h0OiBub3JtYWw7Cn0KCnNwYW4uaW52ZW50b3J5X2Nob2ljZV9uYW1lIHsKICAgIGZvbnQtc2l6ZTogODAlOwp9Cgp0ZC5pbnZlbnRvcnlfY2hvaWNlX25hbWUgewogICAgd2hpdGUtc3BhY2U6IG5vcm1hbDsKICAgIHBhZGRpbmctcmlnaHQ6IDJweDsKICAgIHBhZGRpbmctbGVmdDogMnB4OwogICAgcGFkZGluZy1ib3R0b206IDJweDsKICAgIHBhZGRpbmctdG9wOiAycHg7CiAgICBtYXJnaW46IDBweDsKfQoKc3Bhbi5pbnZlbnRvcnlfZGVzYyB7CmRpc3BsYXk6IGJsb2NrOwpwYWRkaW5nOiAxMHB4IDBweDsKfQoKCgovKqWrpempYKW1paSlurHtKi8Kc3Bhbi5pbnZlbnRvcnlfY2hvaWNlX25hbWUgewoJZm9udC1zaXplOiA4MCU7Cn0KCiNyYWt1dGVuTGltaXRlZElkX2Fyb3VuZENhcnQgdGQuaW52ZW50b3J5IHsKCXBhZGRpbmc6M3B4IWltcG9ydGFudDsKfQouaW52ZW50b3J5IGZvbnR7Cglmb250LXNpemU6MTBweDsKCWNvbG9yOiAjOTk5OTk5Owp9CgpzcGFuLml0ZW1fZGVzY3sKICAgIGZvbnQtc2l6ZTogODAlOwogICAgbWFyZ2luLXRvcDogMjBweDsKICAgIGRpc3BsYXk6IGJsb2NrOwp9CgpzcGFuLnNhbGVfZGVzYyBpbWd7CiAgICB3aWR0aDogNzcwcHg7CiAgICBkaXNwbGF5OiBibG9jazsKfQoKCi8q7ZfEv994kmvWqyovCnNwYW4uY2hvaWNlIHsKCS8qbWFyZ2luLXRvcDoyMHB4OwoJd2lkdGg6NTAwcHg7CglwYWRkaW5nOjEwcHg7Cglib3JkZXI6MXB4IHNvbGlkICMzMzM7Cglmb250LXdlaWdodDpib2xkOyovCglmb250LXNpemU6IDEycHg7Cn0Kc3Bhbi5jaG9pY2UgKyBzZWxlY3QgewoJcGFkZGluZzogM3B4OwoJYm9yZGVyOiAxcHggc29saWQgI2NjYzsKCWZvbnQtd2VpZ2h0OiBib2xkICFpbXBvcnRhbnQ7Cn0KI3Jha3V0ZW5MaW1pdGVkSWRfYXJvdW5kQ2FydCBzcGFuLmNob2ljZSB7CglkaXNwbGF5OiBibG9jazsKCW1hcmdpbi1ib3R0b206IDVweDsKfQoKCiAgICAKLyqkqoaWpKS6z6TvpLul3KW/pfMqLwpmb250IGlucHV0IHsKCWJhY2tncm91bmQ6I2ZjZmNmYyAxMHB4IDVweCAxMHB4IDA7CgliYWNrZ3JvdW5kLWltYWdlOm5vbmU7CgltYXJnaW4tYm90dG9tOjVweDsKCXBhZGRpbmc6NXB4Owp9CgovKklFjJ2P6iovCipodG1sIGZvbnQgaW5wdXQgewoJYmFja2dyb3VuZDojZmNmY2ZjIG5vLXJlcGVhdCA5cHggOHB4OwoJbWFyZ2luLWJvdHRvbTo2cHg7Cn0KCi8qpaultMnPy83Bz9Vow/el0KXKqWAqLwpzcGFuLnVuaXQgewoJYmFja2dyb3VuZDp1cmwoaHR0cDovL2ltYWdlLnJha3V0ZW4uY28uanAvcnl1cnl1LXNob3AvY2FiaW5ldC90b3AvcGNfc291cnlvdS5naWYpIG5vLXJlcGVhdCBsZWZ0IHRvcDsKCXRleHQtaW5kZW50Oi05OTk5OyBkaXNwbGF5OiBibG9jazsgd2lkdGg6IDIxMDsgaGVpZ2h0OiA2MDsgbWFyZ2luLXRvcDo1cHg7IG1hcmdpbi1ib3R0b206MHB4OwoJY29sb3I6I0ZGRkZGRjsKfQoKCjwvc3R5bGU+CjwhLS2hoaWrqWClyKXHpbalpKXzIGVuZCAtLT4=,pdGpYKWrqWAvUy9NL0yl06XDpbCl1algpcmlx6W2paSl89FZw6ul0algpaupYChToatMKaGhcnl1cnl1L6XqpeWl6qXlIKTppMqk8yAzMLT6IKXVpaGlw6W3peel8yCl7KXHpaOpYKW5o7pSeXVSeXWjqKXqpeWl6qXlo6k=,yOvRp8q9oaGlualgpcShoaXepd5SeXVSeXUopeql5aXqpeUpMzC0+iA0MLT6pdWloaXDpbel56Xzpe+l86XUqWCluaXspcelo6lgpbmlu6XDpcilualgpcSl0aXzpcSloqXzpbWl86XWpeuloqWmpcil7KXDpcilu6lgpeul0aXzpcSls6lgpci0uiDPxCDH7yC2rMjriEAgyOvRpyDX5IhAINfkmEml36XHpaOloqXgpcGl5aXLpcOlr6WrpcOlyKW9qWC088jLpcilw6XXpbml0algpaupYC9TL00vTKXTpcOlsKXVqWClyaXHpbalpKXz0VnDq6XRqWClq6lgKFOhq0wpoaFyeXVyeXUvpeql5aXqpeUgpOmkyqTzIDMwtPogpdWloaXDpbel56XzIKXspcelo6lgpbk=,oaGho6XRqWClq6lgL1MvTS9MpdOlw6WwpdWpYKXJpceltqWkpfPRWcOrpdGpYKWrqWAoU6GrTCmhoXJ5dXJ5dS+l6qXlpeql5SCk6aTKpPMgMzC0+iCl1aWhpcOlt6XnpfMgpeylx6WjqWCluQ==[rn]
31-77555,aHR0cDovL3RzaG9wLnIxMHMuanAvcnl1cnl1LXNob3AvY2FiaW5ldC9vYmptLTUvMjQ1MTEzLTEuanBnP2ZpdGluPTcwMDo3MDA=,MzQ0Ny4yMDAw,,peylx6WjqWCluaXVpaGlw6W3peel8yA+IKXIpcOl16W5ID4gpdGpYKWrqWA=,pdGpYKWrqWAvUy9NL0xML0yl6qXWyrmkpNFZxvDDq9FZw6ul0algpaupYKXWpeulvqXzKFOhq0xMKaGhcnl1cnl1L6XqpeWl6qXlIKTppMqk8yAzMLT6IKXVpaGlw6W3peel8yCl7KXHpaOpYKW5,oaE=,PGltZyBzcmM9Imh0dHBzOi8vaW1hZ2UucmFrdXRlbi5jby5qcC9yeXVyeXUtc2hvcC9jYWJpbmV0L3RvcC9sYXJnZS5naWYiIGFsdD0iIrTzpK2kpKW1paSluqTPpLOkwaTpIiB3aWR0aD0iMjMwIiBib3JkZXI9IjAiPjxicj48aW1nIHNyYz0iaHR0cHM6Ly9pbWFnZS5yYWt1dGVuLmNvLmpwL3J5dXJ5dS1zaG9wL2NhYmluZXQvdG9wL2V4Y2hhbmdlLmdpZiIgYWx0PSK3tca3P727k1Gky6TEpKSkxiIgd2lkdGg9IjIzMCIgYm9yZGVyPSIwIj48YnI+PGltZyBzcmM9Imh0dHBzOi8vaW1hZ2UucmFrdXRlbi5jby5qcC9yeXVyeXUtc2hvcC9jYWJpbmV0L3RvcC9zaXplLmdpZiIgYWx0PSKks6TOyczGt6TOpbWlpKW6se2k8tKKpOsiIHdpZHRoPSIyMzAiIGJvcmRlcj0iMCI+PGJyPjxicj48YnI+PGltZyBzcmM9Imh0dHBzOi8vaW1hZ2UucmFrdXRlbi5jby5qcC9yeXVyeXUtc2hvcC9jYWJpbmV0L3RvcC90aXRsZS5naWYiPjxicj48YnI+ofYgxrfZfKOvPGJyPqXNpaSl06lgo7oosb7M5Sml3aXqpailuaXGpes4MKOloaK+ZDIwo6UgKKXqpdayv7fWKaWipa+l6qXrMTAwo6U8YnI+pcGl46WzqWCl66WwpeypYKHBpdal6aXDpa+juiixvszlKaXdpeqlqKW5pcal6zgwo6Whor5kMjCjpSAopeql1rK/t9YppaKlr6XqpesxMDCjpTxicj6l1qXppcOlr6O6KLG+zOUppd2l6qWopbmlxqXrODCjpaGivmQyMKOlICil6qXWsr+31imloqWvpeql6zEwMKOlPGJyPpZ0pbCl7Klgo7oosb7M5Sml3aXqpailuaXGpes4MKOloaK+ZDIwo6UgKKXqpdayv7fWKaXdpeqlqKW5pcal6zcyo6WhoqWipa+l6qXrMjijpTxicj6lq6lgpa2juiixvszlKaXdpeqlqKW5pcal6zc1o6Whor5kMjWjpSAopeql1rK/t9YppaKlr6XqpesxMDCjpTxicj6h8SCl1aWhpbmlyqlgx7A8YnI+ofEgpd2lsaXDpcikoqTqoaLvl6Tqpd2lsaXDpcikoqTqPGJyPjxicj48QlI+ofbK1tG6pLfPtKSkPGJyPjxicj6l6qXWyrmkpKTk8cahoqXdpbGlw6XIpMqkyaSzpMCk76TqnLrdZKOhPGJyPjxicj6l6qXWyrmkpKTOpbmlv6Xzpcmlq6XpqWCk5KXVqWClybi2pM6lx6W2paSl86Sspd2lpKXzpcikzqWvqWCl66TKpdGpYKWrqWCl1qXrpb6l86GjpMmk86TKpdylyKXgpbmky6Tius+k76S7pOSkuaSk1cm40KTHyrmkpKTkpLmktaTiofKho9DBpOGls6lgpceky6TipauluKXlpaKl66TLpOLKuaSopMahoqWzqWClx6TOt/mkrI7apKyk64WX33iktaTspL/Jq9W56V+k4vfIwaahozxicj48YnI+PGltZyBzcmM9Imh0dHBzOi8vaW1hZ2UucmFrdXRlbi5jby5qcC9yeXVyeXUtc2hvcC9jYWJpbmV0L3RvcC9saW5lLmdpZiI+PGJyPjxicj48Zm9udCBjb2xvcj0iIzk5OTk5OSIgc2l6ZT0iMSI+pbWlpKW6o7pTL00vTEwvTDwvZm9udD48YnI+PGZvbnQgY29sb3I9IiM5OTk5OTkiIHNpemU9IjEiPsmro7qWdKWwpeypYC+l1qXppcOlry+lzaWkpdOpYC+lwaXjpbOpYKXrpbCl7KlgocGl1qXppcOlry+lq6lgpa08L2ZvbnQ+PGJyPjxicj4gPGJyPjxicj48IS0tIKXaqWCluKXHpbalpKXzIC0tPgo8c3R5bGUgdHlwZT0idGV4dC9jc3MiPgoKI3BhZ2Vib2R5IHtoZWlnaHQ6MDt9CiNwYWdlYm9keSB0YWJsZSB7CmJvcmRlci1jb2xsYXBzZTpjb2xsYXBzZTsKfQoKYm9keXsKCWZvbnQtZmFtaWx5OiAipeGlpKXqpaoiLCBNZWlyeW8sICLTzqW0pbelw6WvIiwgWXVHb3RoaWMsICKl0qXppa6lzr3HpbQgUHJvTiBXMyIsICJIaXJhZ2lubyBLYWt1IEdvdGhpYyBQcm9OIiwgc2Fucy1zZXJpZjsKfQoKYTpsaW5rIHsgY29sb3I6IzJlMmUyZTsgdGV4dC1kZWNvcmF0aW9uOm5vbmU7IH0KYTp2aXNpdGVkIHsgY29sb3I6IzJlMmUyZTsgfQphOmFjdGl2ZSB7IGNvbG9yOiMyZTJlMmU7IH0KYTpob3ZlciB7IGNvbG9yOiMyZTJlMmU7IHRleHQtZGVjb3JhdGlvbjp1bmRlcmxpbmU7IH0KCgovKticidOMZ7+DKi8KLnJlc3VsdHMgewoJY29sb3I6IzJlMmUyZTsKCWZvbnQtc2l6ZToyMHB4OwoJZm9udC13ZWlnaHQ6Ym9sZDsKCWxldHRlci1zcGFjaW5nOjAuNWVtOwoJbWFyZ2luLWJvdHRvbTo1MHB4Owp9CgoudGhhbmtzewoJZm9udC1zaXplOjE1cHg7Cn0KCnNwYW4ucmVzdWx0c19udW1iZXJ7Cglmb250LXNpemU6NjBweDsKfQoKCi8qyczGt8P71tyk6iovCnRkLnNkdGV4dHsKCWZvbnQtc2l6ZTogNzAlOwp9CQoKc3Bhbi5jYXRjaF9jb3B5ewogICAgbGluZS1oZWlnaHQ6IDEuNWVtOwogICAgZGlzcGxheTogYmxvY2s7CiAgICBmb250LXNpemU6IDYwJTsKfQoJCnNwYW4uaXRlbV9uYW1lIHsKICAgIGxpbmUtaGVpZ2h0OiAxLjVlbTsKICAgIGZvbnQtc2l6ZTogNzUlOwp9CgpzdHJvbmcsIGIgewoJZm9udC13ZWlnaHQ6IG5vcm1hbDsKfQoKc3Bhbi5pbnZlbnRvcnlfY2hvaWNlX25hbWUgewogICAgZm9udC1zaXplOiA4MCU7Cn0KCnRkLmludmVudG9yeV9jaG9pY2VfbmFtZSB7CiAgICB3aGl0ZS1zcGFjZTogbm9ybWFsOwogICAgcGFkZGluZy1yaWdodDogMnB4OwogICAgcGFkZGluZy1sZWZ0OiAycHg7CiAgICBwYWRkaW5nLWJvdHRvbTogMnB4OwogICAgcGFkZGluZy10b3A6IDJweDsKICAgIG1hcmdpbjogMHB4Owp9CgpzcGFuLmludmVudG9yeV9kZXNjIHsKZGlzcGxheTogYmxvY2s7CnBhZGRpbmc6IDEwcHggMHB4Owp9CgoKCi8qpaul6algpbWlpKW6se0qLwpzcGFuLmludmVudG9yeV9jaG9pY2VfbmFtZSB7Cglmb250LXNpemU6IDgwJTsKfQoKI3Jha3V0ZW5MaW1pdGVkSWRfYXJvdW5kQ2FydCB0ZC5pbnZlbnRvcnkgewoJcGFkZGluZzozcHghaW1wb3J0YW50Owp9Ci5pbnZlbnRvcnkgZm9udHsKCWZvbnQtc2l6ZToxMHB4OwoJY29sb3I6ICM5OTk5OTk7Cn0KCnNwYW4uaXRlbV9kZXNjewogICAgZm9udC1zaXplOiA4MCU7CiAgICBtYXJnaW4tdG9wOiAyMHB4OwogICAgZGlzcGxheTogYmxvY2s7Cn0KCnNwYW4uc2FsZV9kZXNjIGltZ3sKICAgIHdpZHRoOiA3NzBweDsKICAgIGRpc3BsYXk6IGJsb2NrOwp9CgoKLyrtl8S/33iSa9arKi8Kc3Bhbi5jaG9pY2UgewoJLyptYXJnaW4tdG9wOjIwcHg7Cgl3aWR0aDo1MDBweDsKCXBhZGRpbmc6MTBweDsKCWJvcmRlcjoxcHggc29saWQgIzMzMzsKCWZvbnQtd2VpZ2h0OmJvbGQ7Ki8KCWZvbnQtc2l6ZTogMTJweDsKfQpzcGFuLmNob2ljZSArIHNlbGVjdCB7CglwYWRkaW5nOiAzcHg7Cglib3JkZXI6IDFweCBzb2xpZCAjY2NjOwoJZm9udC13ZWlnaHQ6IGJvbGQgIWltcG9ydGFudDsKfQojcmFrdXRlbkxpbWl0ZWRJZF9hcm91bmRDYXJ0IHNwYW4uY2hvaWNlIHsKCWRpc3BsYXk6IGJsb2NrOwoJbWFyZ2luLWJvdHRvbTogNXB4Owp9CgoKICAgIAovKqSqhpakpLrPpO+ku6Xcpb+l8yovCmZvbnQgaW5wdXQgewoJYmFja2dyb3VuZDojZmNmY2ZjIDEwcHggNXB4IDEwcHggMDsKCWJhY2tncm91bmQtaW1hZ2U6bm9uZTsKCW1hcmdpbi1ib3R0b206NXB4OwoJcGFkZGluZzo1cHg7Cn0KCi8qSUWMnY/qKi8KKmh0bWwgZm9udCBpbnB1dCB7CgliYWNrZ3JvdW5kOiNmY2ZjZmMgbm8tcmVwZWF0IDlweCA4cHg7CgltYXJnaW4tYm90dG9tOjZweDsKfQoKLyqlq6W0yc/LzcHP1WjD96XQpcqpYCovCnNwYW4udW5pdCB7CgliYWNrZ3JvdW5kOnVybChodHRwOi8vaW1hZ2UucmFrdXRlbi5jby5qcC9yeXVyeXUtc2hvcC9jYWJpbmV0L3RvcC9wY19zb3VyeW91LmdpZikgbm8tcmVwZWF0IGxlZnQgdG9wOwoJdGV4dC1pbmRlbnQ6LTk5OTk7IGRpc3BsYXk6IGJsb2NrOyB3aWR0aDogMjEwOyBoZWlnaHQ6IDYwOyBtYXJnaW4tdG9wOjVweDsgbWFyZ2luLWJvdHRvbTowcHg7Cgljb2xvcjojRkZGRkZGOwp9CgoKPC9zdHlsZT4KPCEtLaGhpaupYKXIpceltqWkpfMgZW5kIC0tPg==,pdGpYKWrqWAvUy9NL0xML0yl6qXWyrmkpNFZxvDDq9FZw6ul0algpaupYKXWpeulvqXzKFOhq0xMKaGhcnl1cnl1L6XqpeWl6qXlIKTppMqk8yAzMLT6IKXVpaGlw6W3peel8yCl7KXHpaOpYKW5o7pSeXVSeXWjqKXqpeWl6qXlo6k=,yOvRp8q9oaGlualgpcShoaXepd5SeXVSeXUopeql5aXqpeUpMzC0+iA0MLT6pdWloaXDpbel56Xzpe+l86XUqWCluaXspcelo6lgpbmlu6XDpcilualgpcSl0aXzpcSloqXzpbWl86XWpeuloqWmpcil7KXDpcilu6lgpeul0aXzpcSls6lgpci0uiDPxCDH7yC2rMjriEAgyOvRpyDX5IhAINfkmEml36XHpaOloqXgpcGl5aXLpcOlr6WrpcOlyKW9qWC088jLpcilw6XXpbml0algpaupYC9TL00vTEwvTKXqpdbKuaSk0VnG8MOr0VnDq6XRqWClq6lgpdal66W+pfMoU6GrTEwpoaFyeXVyeXUvpeql5aXqpeUgpOmkyqTzIDMwtPogpdWloaXDpbel56XzIKXspcelo6lgpbk=,oaGho6XRqWClq6lgL1MvTS9MTC9Mpeql1sq5pKTRWcbww6vRWcOrpdGpYKWrqWCl1qXrpb6l8yhToatMTCmhoXJ5dXJ5dS+l6qXlpeql5SCk6aTKpPMgMzC0+iCl1aWhpcOlt6XnpfMgpeylx6WjqWCluQ==[rn]
31-77556,aHR0cDovL3RzaG9wLnIxMHMuanAvcnl1cnl1LXNob3AvY2FiaW5ldC9vYXJxLTUvNzA0OTE3LTEuanBnP2ZpdGluPTcwMDo3MDA=,MTExNC40MDAw,,peylx6WjqWCluaXVpaGlw6W3peel8yA+IKXIpcOl16W5ID4gpdGpYKWrqWA=,ofFTQUxFISGlu6lgpeuh8aOyo9ejwaPZpdel66WqqWCl0KlgoaFyeXVyeXUvpeql5aXqpeUgpOmkyqTzIDMwtPogpdWloaXDpbel56XzIKXspcelo6lgpbkgpaKlpqXIpeylw6XIob5TQUxFXzE3MDIyM6G/,oaE=,PGlmcmFtZSBzcmM9Imh0dHBzOi8vd3d3LnJha3V0ZW4ubmUuanAvZ29sZC9yeXVyeXUtc2hvcC9vdXRsZXRfdHh0Lmh0bWwiIG5hbWU9ImhlYWQiIHdpZHRoPSI3NjBweCIgaGVpZ2h0PSIxNTBweCIgc2Nyb2xsaW5nPSJubyIgZnJhbWVib3JkZXI9IjAiIG1hcmdpbndpZHRoPSIwIiBtYXJnaW5oZWlnaHQ9IjAiPjwvaWZyYW1lPjxpbWcgc3JjPSJodHRwczovL2ltYWdlLnJha3V0ZW4uY28uanAvcnl1cnl1LXNob3AvY2FiaW5ldC90b3AvZXhjaGFuZ2UuZ2lmIiBhbHQ9Ire1xrc/vbuTUaTLpMSkpKTGIiB3aWR0aD0iMjMwIiBib3JkZXI9IjAiPjxicj48aW1nIHNyYz0iaHR0cHM6Ly9pbWFnZS5yYWt1dGVuLmNvLmpwL3J5dXJ5dS1zaG9wL2NhYmluZXQvdG9wL3NpemUuZ2lmIiBhbHQ9IqSzpM7JzMa3pM6ltaWkpbqx7aTy0oqk6yIgd2lkdGg9IjIzMCIgYm9yZGVyPSIwIj48YnI+PGJyPjxpbWcgc3JjPSJodHRwczovL2ltYWdlLnJha3V0ZW4uY28uanAvcnl1cnl1LXNob3AvY2FiaW5ldC90b3AvdGl0bGUuZ2lmIj48YnI+PGJyPsa32Xyjr6XdpeqlqKW5pcal6zkzo6Ugpd2l6qWmpeylv6XzN6OlofkgpbWlpKW6pMuk6KTDpMax+qTOs/a3vaSstuDJ2a6QpMqk64j2us+krKSipOqk3qS5oaM8YnI+PGJyPjxicj6h9srW0bqkt8+0pKQ8YnI+PGJyPjxicj6x+oLIpMilv6XDpa+CyKGipMmkwaTppKzHsKTHpOLXxaTppOykxqSqtcO40KSipOqho6XTpfOlxqlgpbiltaXGpfPL2LLEpMekt6TKpOSkq6TK06HP86TLoaM8YnI+PGJyPubSpLekpDJXQVk8YnI+PGJyPjxpbWcgc3JjPSJodHRwczovL2ltYWdlLnJha3V0ZW4uY28uanAvcnl1cnl1LXNob3AvY2FiaW5ldC90b3AvbGluZS5naWYiPjxicj48YnI+PGZvbnQgY29sb3I9IiM5OTk5OTkiIHNpemU9IjEiPqW1paSluqO6o80vo8yjzC+jzC+js6PMPGJyPsmro7qlzaWkpdOpYKHBpcGlp6XDpa8vpaKl16XqpbOlw6XIocGlwaWnpcOlrzwvZm9udD48YnI+PGJyPjwhLS0gpdqpYKW4pceltqWkpfMgLS0+CjxzdHlsZSB0eXBlPSJ0ZXh0L2NzcyI+CgojcGFnZWJvZHkge2hlaWdodDowO30KI3BhZ2Vib2R5IHRhYmxlIHsKYm9yZGVyLWNvbGxhcHNlOmNvbGxhcHNlOwp9Cgpib2R5ewoJZm9udC1mYW1pbHk6ICKl4aWkpeqlqiIsIE1laXJ5bywgItPOpbSlt6XDpa8iLCBZdUdvdGhpYywgIqXSpemlrqXOvceltCBQcm9OIFczIiwgIkhpcmFnaW5vIEtha3UgR290aGljIFByb04iLCBzYW5zLXNlcmlmOwp9CgphOmxpbmsgeyBjb2xvcjojMmUyZTJlOyB0ZXh0LWRlY29yYXRpb246bm9uZTsgfQphOnZpc2l0ZWQgeyBjb2xvcjojMmUyZTJlOyB9CmE6YWN0aXZlIHsgY29sb3I6IzJlMmUyZTsgfQphOmhvdmVyIHsgY29sb3I6IzJlMmUyZTsgdGV4dC1kZWNvcmF0aW9uOnVuZGVybGluZTsgfQoKCi8q2JyJ04xnv4MqLwoucmVzdWx0cyB7Cgljb2xvcjojMmUyZTJlOwoJZm9udC1zaXplOjIwcHg7Cglmb250LXdlaWdodDpib2xkOwoJbGV0dGVyLXNwYWNpbmc6MC41ZW07CgltYXJnaW4tYm90dG9tOjUwcHg7Cn0KCi50aGFua3N7Cglmb250LXNpemU6MTVweDsKfQoKc3Bhbi5yZXN1bHRzX251bWJlcnsKCWZvbnQtc2l6ZTo2MHB4Owp9CgoKLyrJzMa3w/vW3KTqKi8KdGQuc2R0ZXh0ewoJZm9udC1zaXplOiA3MCU7Cn0JCgpzcGFuLmNhdGNoX2NvcHl7CiAgICBsaW5lLWhlaWdodDogMS41ZW07CiAgICBkaXNwbGF5OiBibG9jazsKICAgIGZvbnQtc2l6ZTogNjAlOwp9CgkKc3Bhbi5pdGVtX25hbWUgewogICAgbGluZS1oZWlnaHQ6IDEuNWVtOwogICAgZm9udC1zaXplOiA3NSU7Cn0KCnN0cm9uZywgYiB7Cglmb250LXdlaWdodDogbm9ybWFsOwp9CgpzcGFuLmludmVudG9yeV9jaG9pY2VfbmFtZSB7CiAgICBmb250LXNpemU6IDgwJTsKfQoKdGQuaW52ZW50b3J5X2Nob2ljZV9uYW1lIHsKICAgIHdoaXRlLXNwYWNlOiBub3JtYWw7CiAgICBwYWRkaW5nLXJpZ2h0OiAycHg7CiAgICBwYWRkaW5nLWxlZnQ6IDJweDsKICAgIHBhZGRpbmctYm90dG9tOiAycHg7CiAgICBwYWRkaW5nLXRvcDogMnB4OwogICAgbWFyZ2luOiAwcHg7Cn0KCnNwYW4uaW52ZW50b3J5X2Rlc2MgewpkaXNwbGF5OiBibG9jazsKcGFkZGluZzogMTBweCAwcHg7Cn0KCgoKLyqlq6XpqWCltaWkpbqx7SovCnNwYW4uaW52ZW50b3J5X2Nob2ljZV9uYW1lIHsKCWZvbnQtc2l6ZTogODAlOwp9CgojcmFrdXRlbkxpbWl0ZWRJZF9hcm91bmRDYXJ0IHRkLmludmVudG9yeSB7CglwYWRkaW5nOjNweCFpbXBvcnRhbnQ7Cn0KLmludmVudG9yeSBmb250ewoJZm9udC1zaXplOjEwcHg7Cgljb2xvcjogIzk5OTk5OTsKfQoKc3Bhbi5pdGVtX2Rlc2N7CiAgICBmb250LXNpemU6IDgwJTsKICAgIG1hcmdpbi10b3A6IDIwcHg7CiAgICBkaXNwbGF5OiBibG9jazsKfQoKc3Bhbi5zYWxlX2Rlc2MgaW1newogICAgd2lkdGg6IDc3MHB4OwogICAgZGlzcGxheTogYmxvY2s7Cn0KCgovKu2XxL/feJJr1qsqLwpzcGFuLmNob2ljZSB7CgkvKm1hcmdpbi10b3A6MjBweDsKCXdpZHRoOjUwMHB4OwoJcGFkZGluZzoxMHB4OwoJYm9yZGVyOjFweCBzb2xpZCAjMzMzOwoJZm9udC13ZWlnaHQ6Ym9sZDsqLwoJZm9udC1zaXplOiAxMnB4Owp9CnNwYW4uY2hvaWNlICsgc2VsZWN0IHsKCXBhZGRpbmc6IDNweDsKCWJvcmRlcjogMXB4IHNvbGlkICNjY2M7Cglmb250LXdlaWdodDogYm9sZCAhaW1wb3J0YW50Owp9CiNyYWt1dGVuTGltaXRlZElkX2Fyb3VuZENhcnQgc3Bhbi5jaG9pY2UgewoJZGlzcGxheTogYmxvY2s7CgltYXJnaW4tYm90dG9tOiA1cHg7Cn0KCgogICAgCi8qpKqGlqSkus+k76S7pdylv6XzKi8KZm9udCBpbnB1dCB7CgliYWNrZ3JvdW5kOiNmY2ZjZmMgMTBweCA1cHggMTBweCAwOwoJYmFja2dyb3VuZC1pbWFnZTpub25lOwoJbWFyZ2luLWJvdHRvbTo1cHg7CglwYWRkaW5nOjVweDsKfQoKLypJRYydj+oqLwoqaHRtbCBmb250IGlucHV0IHsKCWJhY2tncm91bmQ6I2ZjZmNmYyBuby1yZXBlYXQgOXB4IDhweDsKCW1hcmdpbi1ib3R0b206NnB4Owp9CgovKqWrpbTJz8vNwc/VaMP3pdClyqlgKi8Kc3Bhbi51bml0IHsKCWJhY2tncm91bmQ6dXJsKGh0dHA6Ly9pbWFnZS5yYWt1dGVuLmNvLmpwL3J5dXJ5dS1zaG9wL2NhYmluZXQvdG9wL3BjX3NvdXJ5b3UuZ2lmKSBuby1yZXBlYXQgbGVmdCB0b3A7Cgl0ZXh0LWluZGVudDotOTk5OTsgZGlzcGxheTogYmxvY2s7IHdpZHRoOiAyMTA7IGhlaWdodDogNjA7IG1hcmdpbi10b3A6NXB4OyBtYXJnaW4tYm90dG9tOjBweDsKCWNvbG9yOiNGRkZGRkY7Cn0KCgo8L3N0eWxlPgo8IS0toaGlq6lgpcilx6W2paSl8yBlbmQgLS0+,ofFTQUxFISGlu6lgpeuh8aOyo9ejwaPZpdel66WqqWCl0KlgoaFyeXVyeXUvpeql5aXqpeUgpOmkyqTzIDMwtPogpdWloaXDpbel56XzIKXspcelo6lgpbkgpaKlpqXIpeylw6XIob5TQUxFXzE3MDIyM6G/o7pSeXVSeXWjqKXqpeWl6qXlo6k=,yOvRp8q9oaGlualgpcShoaXepd5SeXVSeXUopeql5aXqpeUpMzC0+iA0MLT6pdWloaXDpbel56Xzpe+l86XUqWCluaXspcelo6lgpbmlu6XDpcilualgpcSl0aXzpcSloqXzpbWl86XWpeuloqWmpcil7KXDpcilu6lgpeul0aXzpcSls6lgpci0uiDPxCDH7yC2rMjriEAgyOvRpyDX5IhAINfkmEml36XHpaOloqXgpcGl5aXLpcOlr6WrpcOlyKW9qWC088jLpcilw6XXpbmh8VNBTEUhIaW7qWCl66Hxo7Kj16PBo9ml16XrpaqpYKXQqWChoXJ5dXJ5dS+l6qXlpeql5SCk6aTKpPMgMzC0+iCl1aWhpcOlt6XnpfMgpeylx6WjqWCluSCloqWmpcil7KXDpcihvlNBTEVfMTcwMjIzob8=,oaGho6HxU0FMRSEhpbupYKXrofGjsqPXo8Gj2aXXpeulqqlgpdCpYKGhcnl1cnl1L6XqpeWl6qXlIKTppMqk8yAzMLT6IKXVpaGlw6W3peel8yCl7KXHpaOpYKW5IKWipaalyKXspcOlyKG+U0FMRV8xNzAyMjOhvw==[rn]
31-77557,aHR0cDovL3RzaG9wLnIxMHMuanAvcnl1cnl1LXNob3AvY2FiaW5ldC9vYXNzLTUvMjQ3NDkxLTEuanBnP2ZpdGluPTcwMDo3MDA=,ODU1LjIwMDA=,,peylx6WjqWCluaXVpaGlw6W3peel8yA+IKXIpcOl16W5ID4gpdGpYKWrqWA=,ofFTQUxFISGlu6lgpeuh8aXXpeql86XIpculw6XIpb2pYKXRqWClq6lgpe+l86XUoaFyeXVyeXUvpeql5aXqpeUgpOmkyqTzIKOzo7C0+qGhpdWloaXDpbel56XzoaGl7KXHpaOpYKW5oaGloqWmpcil7KXDpcihvtTZ2JyJ06G/,oaE=,PGlmcmFtZSBzcmM9Imh0dHBzOi8vd3d3LnJha3V0ZW4ubmUuanAvZ29sZC9yeXVyeXUtc2hvcC9vdXRsZXRfdHh0Lmh0bWwiIG5hbWU9ImhlYWQiIHdpZHRoPSI3NjBweCIgaGVpZ2h0PSIxNTBweCIgc2Nyb2xsaW5nPSJubyIgZnJhbWVib3JkZXI9IjAiIG1hcmdpbndpZHRoPSIwIiBtYXJnaW5oZWlnaHQ9IjAiPjwvaWZyYW1lPjxpbWcgc3JjPSJodHRwczovL2ltYWdlLnJha3V0ZW4uY28uanAvcnl1cnl1LXNob3AvY2FiaW5ldC90b3AvZXhjaGFuZ2UuZ2lmIiBhbHQ9Ire1xrc/vbuTUaTLpMSkpKTGIiB3aWR0aD0iMjMwIiBib3JkZXI9IjAiPjxicj48aW1nIHNyYz0iaHR0cHM6Ly9pbWFnZS5yYWt1dGVuLmNvLmpwL3J5dXJ5dS1zaG9wL2NhYmluZXQvdG9wL3NpemUuZ2lmIiBhbHQ9IqSzpM7JzMa3pM6ltaWkpbqx7aTy0oqk6yIgd2lkdGg9IjIzMCIgYm9yZGVyPSIwIj48YnI+PGJyPjxpbWcgc3JjPSJodHRwczovL2ltYWdlLnJha3V0ZW4uY28uanAvcnl1cnl1LXNob3AvY2FiaW5ldC90b3AvdGl0bGUuZ2lmIj48YnI+PGJyPqH2IMa32Xyjr6XdpeqlqKW5pcal6zk3o6WhoqXdpeqlpqXspb+l8zOjpTxicj6h+SCltaWkpbqky6TopOql16XqpfOlyKTOs/a3vaSsrpCkyqTriPa6z6SspKKk6qTepLmhozxicj48YnI+PGJyPqH2ytbRuqS3z7SkpDxicj48YnI+PGJyPqXvpfOl1Klgpbmky6Tio6GlyKXDpdeluaTLpOKjoaOhzOXQzaWrpdCpYKTipLOkyqS7pOul6qXDpcGloqWkpcal4KHvPGJyPjxicj6hvqXQpeqlqNhOuLukytb30tu8iaWipaSlxqXgpMvSlb6ApKy8r9bQo6GjoaG/PGJyPrrOw7ak4tP7pLekr6TKpOujocq5pKik66XXpeql86XIpcilw6XXpbmkz6Giy9iyxKTipKqCjrbOpOKltaWkpbrVuelfpOKzrIOe0OOkx6S5o6GjoTxicj48YnI+PGltZyBzcmM9Imh0dHBzOi8vaW1hZ2UucmFrdXRlbi5jby5qcC9yeXVyeXUtc2hvcC9jYWJpbmV0L3RvcC9saW5lLmdpZiI+PGJyPjxicj48Zm9udCBjb2xvcj0iIzk5OTk5OSIgc2l6ZT0iMSI+pbWlpKW6o7qj0y+jzS+jzKPML6PMPGJyPsmro7ql7KXDpcmhwaXipcGpYKXVL6XWpemlw6Wvz7W7qLH6L6XWpemlw6WvocGl7aW0L6XNpaSl06lgocGlq6W4peWloqXrL6XBpeOls6lgpeuhwaW5paul6y+lsKXsqWChwaXtpbQvpaKlpKXcpeqpYKHBpe2ltDwvZm9udD48YnI+PGJyPjwhLS0gpdqpYKW4pceltqWkpfMgLS0+CjxzdHlsZSB0eXBlPSJ0ZXh0L2NzcyI+CgojcGFnZWJvZHkge2hlaWdodDowO30KI3BhZ2Vib2R5IHRhYmxlIHsKYm9yZGVyLWNvbGxhcHNlOmNvbGxhcHNlOwp9Cgpib2R5ewoJZm9udC1mYW1pbHk6ICKl4aWkpeqlqiIsIE1laXJ5bywgItPOpbSlt6XDpa8iLCBZdUdvdGhpYywgIqXSpemlrqXOvceltCBQcm9OIFczIiwgIkhpcmFnaW5vIEtha3UgR290aGljIFByb04iLCBzYW5zLXNlcmlmOwp9CgphOmxpbmsgeyBjb2xvcjojMmUyZTJlOyB0ZXh0LWRlY29yYXRpb246bm9uZTsgfQphOnZpc2l0ZWQgeyBjb2xvcjojMmUyZTJlOyB9CmE6YWN0aXZlIHsgY29sb3I6IzJlMmUyZTsgfQphOmhvdmVyIHsgY29sb3I6IzJlMmUyZTsgdGV4dC1kZWNvcmF0aW9uOnVuZGVybGluZTsgfQoKCi8q2JyJ04xnv4MqLwoucmVzdWx0cyB7Cgljb2xvcjojMmUyZTJlOwoJZm9udC1zaXplOjIwcHg7Cglmb250LXdlaWdodDpib2xkOwoJbGV0dGVyLXNwYWNpbmc6MC41ZW07CgltYXJnaW4tYm90dG9tOjUwcHg7Cn0KCi50aGFua3N7Cglmb250LXNpemU6MTVweDsKfQoKc3Bhbi5yZXN1bHRzX251bWJlcnsKCWZvbnQtc2l6ZTo2MHB4Owp9CgoKLyrJzMa3w/vW3KTqKi8KdGQuc2R0ZXh0ewoJZm9udC1zaXplOiA3MCU7Cn0JCgpzcGFuLmNhdGNoX2NvcHl7CiAgICBsaW5lLWhlaWdodDogMS41ZW07CiAgICBkaXNwbGF5OiBibG9jazsKICAgIGZvbnQtc2l6ZTogNjAlOwp9CgkKc3Bhbi5pdGVtX25hbWUgewogICAgbGluZS1oZWlnaHQ6IDEuNWVtOwogICAgZm9udC1zaXplOiA3NSU7Cn0KCnN0cm9uZywgYiB7Cglmb250LXdlaWdodDogbm9ybWFsOwp9CgpzcGFuLmludmVudG9yeV9jaG9pY2VfbmFtZSB7CiAgICBmb250LXNpemU6IDgwJTsKfQoKdGQuaW52ZW50b3J5X2Nob2ljZV9uYW1lIHsKICAgIHdoaXRlLXNwYWNlOiBub3JtYWw7CiAgICBwYWRkaW5nLXJpZ2h0OiAycHg7CiAgICBwYWRkaW5nLWxlZnQ6IDJweDsKICAgIHBhZGRpbmctYm90dG9tOiAycHg7CiAgICBwYWRkaW5nLXRvcDogMnB4OwogICAgbWFyZ2luOiAwcHg7Cn0KCnNwYW4uaW52ZW50b3J5X2Rlc2MgewpkaXNwbGF5OiBibG9jazsKcGFkZGluZzogMTBweCAwcHg7Cn0KCgoKLyqlq6XpqWCltaWkpbqx7SovCnNwYW4uaW52ZW50b3J5X2Nob2ljZV9uYW1lIHsKCWZvbnQtc2l6ZTogODAlOwp9CgojcmFrdXRlbkxpbWl0ZWRJZF9hcm91bmRDYXJ0IHRkLmludmVudG9yeSB7CglwYWRkaW5nOjNweCFpbXBvcnRhbnQ7Cn0KLmludmVudG9yeSBmb250ewoJZm9udC1zaXplOjEwcHg7Cgljb2xvcjogIzk5OTk5OTsKfQoKc3Bhbi5pdGVtX2Rlc2N7CiAgICBmb250LXNpemU6IDgwJTsKICAgIG1hcmdpbi10b3A6IDIwcHg7CiAgICBkaXNwbGF5OiBibG9jazsKfQoKc3Bhbi5zYWxlX2Rlc2MgaW1newogICAgd2lkdGg6IDc3MHB4OwogICAgZGlzcGxheTogYmxvY2s7Cn0KCgovKu2XxL/feJJr1qsqLwpzcGFuLmNob2ljZSB7CgkvKm1hcmdpbi10b3A6MjBweDsKCXdpZHRoOjUwMHB4OwoJcGFkZGluZzoxMHB4OwoJYm9yZGVyOjFweCBzb2xpZCAjMzMzOwoJZm9udC13ZWlnaHQ6Ym9sZDsqLwoJZm9udC1zaXplOiAxMnB4Owp9CnNwYW4uY2hvaWNlICsgc2VsZWN0IHsKCXBhZGRpbmc6IDNweDsKCWJvcmRlcjogMXB4IHNvbGlkICNjY2M7Cglmb250LXdlaWdodDogYm9sZCAhaW1wb3J0YW50Owp9CiNyYWt1dGVuTGltaXRlZElkX2Fyb3VuZENhcnQgc3Bhbi5jaG9pY2UgewoJZGlzcGxheTogYmxvY2s7CgltYXJnaW4tYm90dG9tOiA1cHg7Cn0KCgogICAgCi8qpKqGlqSkus+k76S7pdylv6XzKi8KZm9udCBpbnB1dCB7CgliYWNrZ3JvdW5kOiNmY2ZjZmMgMTBweCA1cHggMTBweCAwOwoJYmFja2dyb3VuZC1pbWFnZTpub25lOwoJbWFyZ2luLWJvdHRvbTo1cHg7CglwYWRkaW5nOjVweDsKfQoKLypJRYydj+oqLwoqaHRtbCBmb250IGlucHV0IHsKCWJhY2tncm91bmQ6I2ZjZmNmYyBuby1yZXBlYXQgOXB4IDhweDsKCW1hcmdpbi1ib3R0b206NnB4Owp9CgovKqWrpbTJz8vNwc/VaMP3pdClyqlgKi8Kc3Bhbi51bml0IHsKCWJhY2tncm91bmQ6dXJsKGh0dHA6Ly9pbWFnZS5yYWt1dGVuLmNvLmpwL3J5dXJ5dS1zaG9wL2NhYmluZXQvdG9wL3BjX3NvdXJ5b3UuZ2lmKSBuby1yZXBlYXQgbGVmdCB0b3A7Cgl0ZXh0LWluZGVudDotOTk5OTsgZGlzcGxheTogYmxvY2s7IHdpZHRoOiAyMTA7IGhlaWdodDogNjA7IG1hcmdpbi10b3A6NXB4OyBtYXJnaW4tYm90dG9tOjBweDsKCWNvbG9yOiNGRkZGRkY7Cn0KCgo8L3N0eWxlPgo8IS0toaGlq6lgpcilx6W2paSl8yBlbmQgLS0+,ofFTQUxFISGlu6lgpeuh8aXXpeql86XIpculw6XIpb2pYKXRqWClq6lgpe+l86XUoaFyeXVyeXUvpeql5aXqpeUgpOmkyqTzIKOzo7C0+qGhpdWloaXDpbel56XzoaGl7KXHpaOpYKW5oaGloqWmpcil7KXDpcihvtTZ2JyJ06G/o7pSeXVSeXWjqKXqpeWl6qXlo6k=,yOvRp8q9oaGlualgpcShoaXepd5SeXVSeXUopeql5aXqpeUpMzC0+iA0MLT6pdWloaXDpbel56Xzpe+l86XUqWCluaXspcelo6lgpbmlu6XDpcilualgpcSl0aXzpcSloqXzpbWl86XWpeuloqWmpcil7KXDpcilu6lgpeul0aXzpcSls6lgpci0uiDPxCDH7yC2rMjriEAgyOvRpyDX5IhAINfkmEml36XHpaOloqXgpcGl5aXLpcOlr6WrpcOlyKW9qWC088jLpcilw6XXpbmh8VNBTEUhIaW7qWCl66Hxpdel6qXzpcily6XDpcilvalgpdGpYKWrqWCl76XzpdShoXJ5dXJ5dS+l6qXlpeql5SCk6aTKpPMgo7OjsLT6oaGl1aWhpcOlt6XnpfOhoaXspcelo6lgpbmhoaWipaalyKXspcOlyKG+1NnYnInTob8=,oaGho6HxU0FMRSEhpbupYKXrofGl16XqpfOlyKXLpcOlyKW9qWCl0algpaupYKXvpfOl1KGhcnl1cnl1L6XqpeWl6qXlIKTppMqk8yCjs6OwtPqhoaXVpaGlw6W3peel86Ghpeylx6WjqWCluaGhpaKlpqXIpeylw6XIob7U2dicidOhvw==[rn]
31-77558,aHR0cDovL3RzaG9wLnIxMHMuanAvcnl1cnl1LXNob3AvY2FiaW5ldC9vYnF3LTUvMjQ3NDk2LTEuanBnP2ZpdGluPTcwMDo3MDA=,MTExNC40MDAw,,peylx6WjqWCluaXVpaGlw6W3peel8yA+IKXIpcOl16W5ID4gpdGpYKWrqWA=,ofFTQUxFISGlu6lgpeuh8aW9pdWlyKW/pcOlwaXfpcvRWcOrpdel6qXzpcil0algpaupYKGhcnl1cnl1L6XqpeWl6qXlIKTppMqk8yCl7KXHpaOpYKW5IDMwtPogpdWloaXDpbel56XzIKWipaalyKXspcOlyKG+1NnYnInTob8=,oaE=,PGlmcmFtZSBzcmM9Imh0dHBzOi8vd3d3LnJha3V0ZW4ubmUuanAvZ29sZC9yeXVyeXUtc2hvcC9vdXRsZXRfdHh0Lmh0bWwiIG5hbWU9ImhlYWQiIHdpZHRoPSI3NjBweCIgaGVpZ2h0PSIxNTBweCIgc2Nyb2xsaW5nPSJubyIgZnJhbWVib3JkZXI9IjAiIG1hcmdpbndpZHRoPSIwIiBtYXJnaW5oZWlnaHQ9IjAiPjwvaWZyYW1lPjxicj48aW1nIHNyYz0iaHR0cHM6Ly9pbWFnZS5yYWt1dGVuLmNvLmpwL3J5dXJ5dS1zaG9wL2NhYmluZXQvdG9wL2V4Y2hhbmdlLmdpZiIgYWx0PSK3tca3P727k1Gky6TEpKSkxiIgd2lkdGg9IjIzMCIgYm9yZGVyPSIwIj48YnI+PGltZyBzcmM9Imh0dHBzOi8vaW1hZ2UucmFrdXRlbi5jby5qcC9yeXVyeXUtc2hvcC9jYWJpbmV0L3RvcC9zaXplLmdpZiIgYWx0PSKks6TOyczGt6TOpbWlpKW6se2k8tKKpOsiIHdpZHRoPSIyMzAiIGJvcmRlcj0iMCI+PGJyPjxicj48aW1nIHNyYz0iaHR0cHM6Ly9pbWFnZS5yYWt1dGVuLmNvLmpwL3J5dXJ5dS1zaG9wL2NhYmluZXQvdG9wL3RpdGxlLmdpZiI+PGJyPjxicj6h9iAgxrfZfKOvMaGrNqO6pd2l6qWopbmlxqXrNjWjpaGivmQzNaOloaI3o7oosb7M5Sml3aXqpailuaXGpesxMDCjpSiEZbK8KaXdpeqlqKW5pcal6zY1o6Whor5kMzWjpTxicj6h+SCltaWkpbqky6TopOql16XqpfOlyKTOs/a3vaSsrpCkyqTriPa6z6SspKKk6qTepLmhozxicj48YnI+PGJyPqH2ytbRuqS3z7SkpDxicj48YnI+PGJyPqXIpeyl86XJpM6l7aW0o6ax+qXXpeql86XIpMea3bfWpPKloqWypL+kpD88YnI+PGJyPjxpbWcgc3JjPSJodHRwczovL2ltYWdlLnJha3V0ZW4uY28uanAvcnl1cnl1LXNob3AvY2FiaW5ldC90b3AvbGluZS5naWYiPjxicj48YnI+PGZvbnQgY29sb3I9IiM5OTk5OTkiIHNpemU9IjEiPqW1paSluqO6o9Mvo80vo8yjzC+jzDxicj7Jq6O6lnSlsKXsqWChwaXtpbQvlnSlsKXsqWChwaXVpamlyC/D1LLKL6Xbpe+lpKXIocGl7aW0L6XWpemlw6WvocGl7aW0L6XNpaSl06lgocGlwaWnpcOlry+lwaXjpbOpYKXrocGl7aW0PC9mb250Pjxicj48YnI+PCEtLSCl2qlgpbilx6W2paSl8yAtLT4KPHN0eWxlIHR5cGU9InRleHQvY3NzIj4KCiNwYWdlYm9keSB7aGVpZ2h0OjA7fQojcGFnZWJvZHkgdGFibGUgewpib3JkZXItY29sbGFwc2U6Y29sbGFwc2U7Cn0KCmJvZHl7Cglmb250LWZhbWlseTogIqXhpaSl6qWqIiwgTWVpcnlvLCAi086ltKW3pcOlryIsIFl1R290aGljLCAipdKl6aWupc69x6W0IFByb04gVzMiLCAiSGlyYWdpbm8gS2FrdSBHb3RoaWMgUHJvTiIsIHNhbnMtc2VyaWY7Cn0KCmE6bGluayB7IGNvbG9yOiMyZTJlMmU7IHRleHQtZGVjb3JhdGlvbjpub25lOyB9CmE6dmlzaXRlZCB7IGNvbG9yOiMyZTJlMmU7IH0KYTphY3RpdmUgeyBjb2xvcjojMmUyZTJlOyB9CmE6aG92ZXIgeyBjb2xvcjojMmUyZTJlOyB0ZXh0LWRlY29yYXRpb246dW5kZXJsaW5lOyB9CgoKLyrYnInTjGe/gyovCi5yZXN1bHRzIHsKCWNvbG9yOiMyZTJlMmU7Cglmb250LXNpemU6MjBweDsKCWZvbnQtd2VpZ2h0OmJvbGQ7CglsZXR0ZXItc3BhY2luZzowLjVlbTsKCW1hcmdpbi1ib3R0b206NTBweDsKfQoKLnRoYW5rc3sKCWZvbnQtc2l6ZToxNXB4Owp9CgpzcGFuLnJlc3VsdHNfbnVtYmVyewoJZm9udC1zaXplOjYwcHg7Cn0KCgovKsnMxrfD+9bcpOoqLwp0ZC5zZHRleHR7Cglmb250LXNpemU6IDcwJTsKfQkKCnNwYW4uY2F0Y2hfY29weXsKICAgIGxpbmUtaGVpZ2h0OiAxLjVlbTsKICAgIGRpc3BsYXk6IGJsb2NrOwogICAgZm9udC1zaXplOiA2MCU7Cn0KCQpzcGFuLml0ZW1fbmFtZSB7CiAgICBsaW5lLWhlaWdodDogMS41ZW07CiAgICBmb250LXNpemU6IDc1JTsKfQoKc3Ryb25nLCBiIHsKCWZvbnQtd2VpZ2h0OiBub3JtYWw7Cn0KCnNwYW4uaW52ZW50b3J5X2Nob2ljZV9uYW1lIHsKICAgIGZvbnQtc2l6ZTogODAlOwp9Cgp0ZC5pbnZlbnRvcnlfY2hvaWNlX25hbWUgewogICAgd2hpdGUtc3BhY2U6IG5vcm1hbDsKICAgIHBhZGRpbmctcmlnaHQ6IDJweDsKICAgIHBhZGRpbmctbGVmdDogMnB4OwogICAgcGFkZGluZy1ib3R0b206IDJweDsKICAgIHBhZGRpbmctdG9wOiAycHg7CiAgICBtYXJnaW46IDBweDsKfQoKc3Bhbi5pbnZlbnRvcnlfZGVzYyB7CmRpc3BsYXk6IGJsb2NrOwpwYWRkaW5nOiAxMHB4IDBweDsKfQoKCgovKqWrpempYKW1paSlurHtKi8Kc3Bhbi5pbnZlbnRvcnlfY2hvaWNlX25hbWUgewoJZm9udC1zaXplOiA4MCU7Cn0KCiNyYWt1dGVuTGltaXRlZElkX2Fyb3VuZENhcnQgdGQuaW52ZW50b3J5IHsKCXBhZGRpbmc6M3B4IWltcG9ydGFudDsKfQouaW52ZW50b3J5IGZvbnR7Cglmb250LXNpemU6MTBweDsKCWNvbG9yOiAjOTk5OTk5Owp9CgpzcGFuLml0ZW1fZGVzY3sKICAgIGZvbnQtc2l6ZTogODAlOwogICAgbWFyZ2luLXRvcDogMjBweDsKICAgIGRpc3BsYXk6IGJsb2NrOwp9CgpzcGFuLnNhbGVfZGVzYyBpbWd7CiAgICB3aWR0aDogNzcwcHg7CiAgICBkaXNwbGF5OiBibG9jazsKfQoKCi8q7ZfEv994kmvWqyovCnNwYW4uY2hvaWNlIHsKCS8qbWFyZ2luLXRvcDoyMHB4OwoJd2lkdGg6NTAwcHg7CglwYWRkaW5nOjEwcHg7Cglib3JkZXI6MXB4IHNvbGlkICMzMzM7Cglmb250LXdlaWdodDpib2xkOyovCglmb250LXNpemU6IDEycHg7Cn0Kc3Bhbi5jaG9pY2UgKyBzZWxlY3QgewoJcGFkZGluZzogM3B4OwoJYm9yZGVyOiAxcHggc29saWQgI2NjYzsKCWZvbnQtd2VpZ2h0OiBib2xkICFpbXBvcnRhbnQ7Cn0KI3Jha3V0ZW5MaW1pdGVkSWRfYXJvdW5kQ2FydCBzcGFuLmNob2ljZSB7CglkaXNwbGF5OiBibG9jazsKCW1hcmdpbi1ib3R0b206IDVweDsKfQoKCiAgICAKLyqkqoaWpKS6z6TvpLul3KW/pfMqLwpmb250IGlucHV0IHsKCWJhY2tncm91bmQ6I2ZjZmNmYyAxMHB4IDVweCAxMHB4IDA7CgliYWNrZ3JvdW5kLWltYWdlOm5vbmU7CgltYXJnaW4tYm90dG9tOjVweDsKCXBhZGRpbmc6NXB4Owp9CgovKklFjJ2P6iovCipodG1sIGZvbnQgaW5wdXQgewoJYmFja2dyb3VuZDojZmNmY2ZjIG5vLXJlcGVhdCA5cHggOHB4OwoJbWFyZ2luLWJvdHRvbTo2cHg7Cn0KCi8qpaultMnPy83Bz9Vow/el0KXKqWAqLwpzcGFuLnVuaXQgewoJYmFja2dyb3VuZDp1cmwoaHR0cDovL2ltYWdlLnJha3V0ZW4uY28uanAvcnl1cnl1LXNob3AvY2FiaW5ldC90b3AvcGNfc291cnlvdS5naWYpIG5vLXJlcGVhdCBsZWZ0IHRvcDsKCXRleHQtaW5kZW50Oi05OTk5OyBkaXNwbGF5OiBibG9jazsgd2lkdGg6IDIxMDsgaGVpZ2h0OiA2MDsgbWFyZ2luLXRvcDo1cHg7IG1hcmdpbi1ib3R0b206MHB4OwoJY29sb3I6I0ZGRkZGRjsKfQoKCjwvc3R5bGU+CjwhLS2hoaWrqWClyKXHpbalpKXzIGVuZCAtLT4=,ofFTQUxFISGlu6lgpeuh8aW9pdWlyKW/pcOlwaXfpcvRWcOrpdel6qXzpcil0algpaupYKGhcnl1cnl1L6XqpeWl6qXlIKTppMqk8yCl7KXHpaOpYKW5IDMwtPogpdWloaXDpbel56XzIKWipaalyKXspcOlyKG+1NnYnInTob+julJ5dVJ5daOopeql5aXqpeWjqQ==,yOvRp8q9oaGlualgpcShoaXepd5SeXVSeXUopeql5aXqpeUpMzC0+iA0MLT6pdWloaXDpbel56Xzpe+l86XUqWCluaXspcelo6lgpbmlu6XDpcilualgpcSl0aXzpcSloqXzpbWl86XWpeuloqWmpcil7KXDpcilu6lgpeul0aXzpcSls6lgpci0uiDPxCDH7yC2rMjriEAgyOvRpyDX5IhAINfkmEml36XHpaOloqXgpcGl5aXLpcOlr6WrpcOlyKW9qWC088jLpcilw6XXpbmh8VNBTEUhIaW7qWCl66Hxpb2l1aXIpb+lw6XBpd+ly9FZw6ul16XqpfOlyKXRqWClq6lgoaFyeXVyeXUvpeql5aXqpeUgpOmkyqTzIKXspcelo6lgpbkgMzC0+iCl1aWhpcOlt6XnpfMgpaKlpqXIpeylw6XIob7U2dicidOhvw==,oaGho6HxU0FMRSEhpbupYKXrofGlvaXVpcilv6XDpcGl36XL0VnDq6XXpeql86XIpdGpYKWrqWChoXJ5dXJ5dS+l6qXlpeql5SCk6aTKpPMgpeylx6WjqWCluSAzMLT6IKXVpaGlw6W3peel8yCloqWmpcil7KXDpcihvtTZ2JyJ06G/[rn]
31-77559,aHR0cDovL3RzaG9wLnIxMHMuanAvcnl1cnl1LXNob3AvY2FiaW5ldC9vYnBsLTUvMjAwNjQ4LTEuanBnP2ZpdGluPTcwMDo3MDA=,MjU4My4yMDAw,,peylx6WjqWCluaXVpaGlw6W3peel8yA+IKXIpcOl16W5ID4gpdGpYKWrqWA=,pcilw6XXpbkvM0yltaWkpbq+dKXsqWCluaTOusDIQaS1pMjNuKSxuNCkx7TzyMukzvfIwaak8rBrk12lpKXzpcqpYKWtpeOl3+9M8caluaWrpemlw6XXpeypYKW5pdel66WqqWCl0KlgKDNMKaGhcnl1cnl1L6XqpeWl6qXlIKTppMqk8yAzMLT6IKXVpaGlw6W3peel8yCl7KXHpaOpYKW5ILTzpK2kpKW1paSlug==,MjAxN7S60MLXxSAxMS8yNHVw,PGltZyBzcmM9Imh0dHBzOi8vaW1hZ2UucmFrdXRlbi5jby5qcC9yeXVyeXUtc2hvcC9jYWJpbmV0L3RvcC9yZWd1bGFyLmdpZiIgYWx0PSKl7KWupeWl6algpbWlpKW6pM+ks6TBpOkiIHdpZHRoPSIyMzAiIGJvcmRlcj0iMCI+PGJyPjxpbWcgc3JjPSJodHRwczovL2ltYWdlLnJha3V0ZW4uY28uanAvcnl1cnl1LXNob3AvY2FiaW5ldC90b3AvZXhjaGFuZ2UuZ2lmIiBhbHQ9Ire1xrc/vbuTUaTLpMSkpKTGIiB3aWR0aD0iMjMwIiBib3JkZXI9IjAiPjxicj48aW1nIHNyYz0iaHR0cHM6Ly9pbWFnZS5yYWt1dGVuLmNvLmpwL3J5dXJ5dS1zaG9wL2NhYmluZXQvdG9wL3NpemUuZ2lmIiBhbHQ9IqSzpM7JzMa3pM6ltaWkpbqx7aTy0oqk6yIgd2lkdGg9IjIzMCIgYm9yZGVyPSIwIj48YnI+PGJyPjxpbWcgc3JjPSJodHRwczovL2ltYWdlLnJha3V0ZW4uY28uanAvcnl1cnl1LXNob3AvY2FiaW5ldC90b3AvdGl0bGUuZ2lmIj48YnI+PGJyPqH2IMa32Xyjryil7Klgpbmyv7fWKb5kNjCjpaGipcqlpKXtpfMzNaOloaKl3aXqpaal7KW/pfM1o6Uopaulw6XIpb2pYLK/t9Yppd2l6qWopbmlxqXrNjWjpaGipeypYKXopfMzNaOlPGJyPqH5IMnMxreky6TopMOkxrH6pM6z9re9pKyukKTKpOuI9rrPpKykoqTqpN6kuaGjPGJyPjxCUj6h9srW0bqkt8+0pKQ8YnI+PGJyPvHGpM6luaWrpemlw6XXpeypYKW5yrmkpKSstPPIy6XVpael36XLpfOkyr50peypYKW5pM6l16XrpaqpYKXQqWCkz6GipLOk7NK7w7akx6TioaKluKXjpbGlw6XIpOSlq6lgpcekzqWkpfOlyqlgpMikt6TGpOLKuaSopOuDntDjpaKlpKXGpeCho8nt7ZWyv7fWpM/J7L9z0NSkzqSipOulq6XDpcilvalgy9iyxKTH18Wk5KS5pK+hoqWtpeOl36TypaSl86XKqWCky9bYpM2kv6TopKakytDY1KqkzqXHpbalpKXzpMelyKXspfOlybjQpOKk0KTDpMGk6qOhPGJyPjxicj6+dKXsqWCluaTOusDIQaS1pMjNuKSxuNCkx7TzyMukzvfIwaak8rBrk108YnI+PGJyPjxpbWcgc3JjPSJodHRwczovL2ltYWdlLnJha3V0ZW4uY28uanAvcnl1cnl1LXNob3AvY2FiaW5ldC90b3AvbGluZS5naWYiPjxicj48YnI+PGZvbnQgY29sb3I9IiM5OTk5OTkiIHNpemU9IjEiPsmro7ql1qXppcOlry+lq6lgpa0vpaql1aXbpe+lpKXIPGJyPqW1paSluqO6M0w8L2ZvbnQ+PGJyPjxicj48IS0tIKXaqWCluKXHpbalpKXzIC0tPgo8c3R5bGUgdHlwZT0idGV4dC9jc3MiPgoKI3BhZ2Vib2R5IHtoZWlnaHQ6MDt9CiNwYWdlYm9keSB0YWJsZSB7CmJvcmRlci1jb2xsYXBzZTpjb2xsYXBzZTsKfQoKYm9keXsKCWZvbnQtZmFtaWx5OiAipeGlpKXqpaoiLCBNZWlyeW8sICLTzqW0pbelw6WvIiwgWXVHb3RoaWMsICKl0qXppa6lzr3HpbQgUHJvTiBXMyIsICJIaXJhZ2lubyBLYWt1IEdvdGhpYyBQcm9OIiwgc2Fucy1zZXJpZjsKfQoKYTpsaW5rIHsgY29sb3I6IzJlMmUyZTsgdGV4dC1kZWNvcmF0aW9uOm5vbmU7IH0KYTp2aXNpdGVkIHsgY29sb3I6IzJlMmUyZTsgfQphOmFjdGl2ZSB7IGNvbG9yOiMyZTJlMmU7IH0KYTpob3ZlciB7IGNvbG9yOiMyZTJlMmU7IHRleHQtZGVjb3JhdGlvbjp1bmRlcmxpbmU7IH0KCgovKticidOMZ7+DKi8KLnJlc3VsdHMgewoJY29sb3I6IzJlMmUyZTsKCWZvbnQtc2l6ZToyMHB4OwoJZm9udC13ZWlnaHQ6Ym9sZDsKCWxldHRlci1zcGFjaW5nOjAuNWVtOwoJbWFyZ2luLWJvdHRvbTo1MHB4Owp9CgoudGhhbmtzewoJZm9udC1zaXplOjE1cHg7Cn0KCnNwYW4ucmVzdWx0c19udW1iZXJ7Cglmb250LXNpemU6NjBweDsKfQoKCi8qyczGt8P71tyk6iovCnRkLnNkdGV4dHsKCWZvbnQtc2l6ZTogNzAlOwp9CQoKc3Bhbi5jYXRjaF9jb3B5ewogICAgbGluZS1oZWlnaHQ6IDEuNWVtOwogICAgZGlzcGxheTogYmxvY2s7CiAgICBmb250LXNpemU6IDYwJTsKfQoJCnNwYW4uaXRlbV9uYW1lIHsKICAgIGxpbmUtaGVpZ2h0OiAxLjVlbTsKICAgIGZvbnQtc2l6ZTogNzUlOwp9CgpzdHJvbmcsIGIgewoJZm9udC13ZWlnaHQ6IG5vcm1hbDsKfQoKc3Bhbi5pbnZlbnRvcnlfY2hvaWNlX25hbWUgewogICAgZm9udC1zaXplOiA4MCU7Cn0KCnRkLmludmVudG9yeV9jaG9pY2VfbmFtZSB7CiAgICB3aGl0ZS1zcGFjZTogbm9ybWFsOwogICAgcGFkZGluZy1yaWdodDogMnB4OwogICAgcGFkZGluZy1sZWZ0OiAycHg7CiAgICBwYWRkaW5nLWJvdHRvbTogMnB4OwogICAgcGFkZGluZy10b3A6IDJweDsKICAgIG1hcmdpbjogMHB4Owp9CgpzcGFuLmludmVudG9yeV9kZXNjIHsKZGlzcGxheTogYmxvY2s7CnBhZGRpbmc6IDEwcHggMHB4Owp9CgoKCi8qpaul6algpbWlpKW6se0qLwpzcGFuLmludmVudG9yeV9jaG9pY2VfbmFtZSB7Cglmb250LXNpemU6IDgwJTsKfQoKI3Jha3V0ZW5MaW1pdGVkSWRfYXJvdW5kQ2FydCB0ZC5pbnZlbnRvcnkgewoJcGFkZGluZzozcHghaW1wb3J0YW50Owp9Ci5pbnZlbnRvcnkgZm9udHsKCWZvbnQtc2l6ZToxMHB4OwoJY29sb3I6ICM5OTk5OTk7Cn0KCnNwYW4uaXRlbV9kZXNjewogICAgZm9udC1zaXplOiA4MCU7CiAgICBtYXJnaW4tdG9wOiAyMHB4OwogICAgZGlzcGxheTogYmxvY2s7Cn0KCnNwYW4uc2FsZV9kZXNjIGltZ3sKICAgIHdpZHRoOiA3NzBweDsKICAgIGRpc3BsYXk6IGJsb2NrOwp9CgoKLyrtl8S/33iSa9arKi8Kc3Bhbi5jaG9pY2UgewoJLyptYXJnaW4tdG9wOjIwcHg7Cgl3aWR0aDo1MDBweDsKCXBhZGRpbmc6MTBweDsKCWJvcmRlcjoxcHggc29saWQgIzMzMzsKCWZvbnQtd2VpZ2h0OmJvbGQ7Ki8KCWZvbnQtc2l6ZTogMTJweDsKfQpzcGFuLmNob2ljZSArIHNlbGVjdCB7CglwYWRkaW5nOiAzcHg7Cglib3JkZXI6IDFweCBzb2xpZCAjY2NjOwoJZm9udC13ZWlnaHQ6IGJvbGQgIWltcG9ydGFudDsKfQojcmFrdXRlbkxpbWl0ZWRJZF9hcm91bmRDYXJ0IHNwYW4uY2hvaWNlIHsKCWRpc3BsYXk6IGJsb2NrOwoJbWFyZ2luLWJvdHRvbTogNXB4Owp9CgoKICAgIAovKqSqhpakpLrPpO+ku6Xcpb+l8yovCmZvbnQgaW5wdXQgewoJYmFja2dyb3VuZDojZmNmY2ZjIDEwcHggNXB4IDEwcHggMDsKCWJhY2tncm91bmQtaW1hZ2U6bm9uZTsKCW1hcmdpbi1ib3R0b206NXB4OwoJcGFkZGluZzo1cHg7Cn0KCi8qSUWMnY/qKi8KKmh0bWwgZm9udCBpbnB1dCB7CgliYWNrZ3JvdW5kOiNmY2ZjZmMgbm8tcmVwZWF0IDlweCA4cHg7CgltYXJnaW4tYm90dG9tOjZweDsKfQoKLyqlq6W0yc/LzcHP1WjD96XQpcqpYCovCnNwYW4udW5pdCB7CgliYWNrZ3JvdW5kOnVybChodHRwOi8vaW1hZ2UucmFrdXRlbi5jby5qcC9yeXVyeXUtc2hvcC9jYWJpbmV0L3RvcC9wY19zb3VyeW91LmdpZikgbm8tcmVwZWF0IGxlZnQgdG9wOwoJdGV4dC1pbmRlbnQ6LTk5OTk7IGRpc3BsYXk6IGJsb2NrOyB3aWR0aDogMjEwOyBoZWlnaHQ6IDYwOyBtYXJnaW4tdG9wOjVweDsgbWFyZ2luLWJvdHRvbTowcHg7Cgljb2xvcjojRkZGRkZGOwp9CgoKPC9zdHlsZT4KPCEtLaGhpaupYKXIpceltqWkpfMgZW5kIC0tPg==,pcilw6XXpbkvM0yltaWkpbq+dKXsqWCluaTOusDIQaS1pMjNuKSxuNCkx7TzyMukzvfIwaak8rBrk12lpKXzpcqpYKWtpeOl3+9M8caluaWrpemlw6XXpeypYKW5pdel66WqqWCl0KlgKDNMKaGhcnl1cnl1L6XqpeWl6qXlIKTppMqk8yAzMLT6IKXVpaGlw6W3peel8yCl7KXHpaOpYKW5ILTzpK2kpKW1paSluqO6Unl1Unl1o6il6qXlpeql5aOp,yOvRp8q9oaGlualgpcShoaXepd5SeXVSeXUopeql5aXqpeUpMzC0+iA0MLT6pdWloaXDpbel56Xzpe+l86XUqWCluaXspcelo6lgpbmlu6XDpcilualgpcSl0aXzpcSloqXzpbWl86XWpeuloqWmpcil7KXDpcilu6lgpeul0aXzpcSls6lgpci0uiDPxCDH7yC2rMjriEAgyOvRpyDX5IhAINfkmEml36XHpaOloqXgpcGl5aXLpcOlr6WrpcOlyKW9qWC088jLpcilw6XXpbmlyKXDpdeluS8zTKW1paSlur50peypYKW5pM66wMhBpLWkyM24pLG40KTHtPPIy6TO98jBpqTysGuTXaWkpfOlyqlgpa2l46Xf70zxxqW5paul6aXDpdel7Klgpbml16XrpaqpYKXQqWAoM0wpoaFyeXVyeXUvpeql5aXqpeUgpOmkyqTzIDMwtPogpdWloaXDpbel56XzIKXspcelo6lgpbkgtPOkraSkpbWlpKW6,MjAxN7S60MLXxSAxMS8yNHVwoaOlyKXDpdeluS8zTKW1paSlur50peypYKW5pM66wMhBpLWkyM24pLG40KTHtPPIy6TO98jBpqTysGuTXaWkpfOlyqlgpa2l46Xf70zxxqW5paul6aXDpdel7Klgpbml16XrpaqpYKXQqWAoM0wpoaFyeXVyeXUvpeql5aXqpeUgpOmkyqTzIDMwtPogpdWloaXDpbel56XzIKXspcelo6lgpbkgtPOkraSkpbWlpKW6[rn]
31-77560,aHR0cDovL3RzaG9wLnIxMHMuanAvaW5rLWdla2l5YXN1aWNoaWJhbmthbi9jYWJpbmV0LzAzMjg3NjEzL3RwLzEwdHAyOTcwLTUwMC0xLmpwZz9maXRpbj03MDA6NzAw,MjIyOC44MDAw,,peylx6WjqWCluaXVpaGlw6W3peel8yA+IKXIpcOl16W5ID4gpdGpYKWrqWA=,c3VwZXIgpcilw6XXpbkgpe+lpKXJIKXXpeulqqlgpdCpYCBWpc2lw6WvIKTapdel6aXgpbml6qlgpdYgpdal6aWmpbkgpeylx6WjqWCluaG+peGpYKXrseOwa8vNob8=,ob6k5qSmpdGlsaXDpcjLzcHPn2/Bz6HytPrS/aStsru/yaG/,PGNlbnRlcj4KPGhyIHNpemU9IjEiIHdpZHRoPSI2ODAiPjxicj4KCjxpbWcgc3JjPSJodHRwOi8vaW1hZ2UucmFrdXRlbi5jby5qcC9rYXJlaS1mdWt1L2NhYmluZXQvMDIzNDI1ODcvdHAyLzEwdHAyOTcwLTEuanBnIj48YnI+CjxpbWcgc3JjPSJodHRwOi8vaW1hZ2UucmFrdXRlbi5jby5qcC9rYXJlaS1mdWt1L2NhYmluZXQvMDIzNDI1ODcvdHAyLzEwdHAyOTcwLTIuanBnIj48YnI+CjxpbWcgc3JjPSJodHRwOi8vaW1hZ2UucmFrdXRlbi5jby5qcC9rYXJlaS1mdWt1L2NhYmluZXQvMDIzNDI1ODcvdHAyLzEwdHAyOTcwLTMuanBnIj48YnI+CjxpbWcgc3JjPSJodHRwOi8vaW1hZ2UucmFrdXRlbi5jby5qcC9rYXJlaS1mdWt1L2NhYmluZXQvMDIzNDI1ODcvdHAyLzEwdHAyOTcwLTQuanBnIj48YnI+CjxpbWcgc3JjPSJodHRwOi8vaW1hZ2UucmFrdXRlbi5jby5qcC9rYXJlaS1mdWt1L2NhYmluZXQvMDIzNDI1ODcvdHAyLzEwdHAyOTcwLTUuanBnIj48YnI+CjxpbWcgc3JjPSJodHRwOi8vaW1hZ2UucmFrdXRlbi5jby5qcC9rYXJlaS1mdWt1L2NhYmluZXQvMDIzNDI1ODcvdHAyLzEwdHAyOTcwLTYuanBnIj48YnI+CjxpbWcgc3JjPSJodHRwOi8vaW1hZ2UucmFrdXRlbi5jby5qcC9rYXJlaS1mdWt1L2NhYmluZXQvMDIzNDI1ODcvdHAyLzEwdHAyOTcwLTcuanBnIj48YnI+CjxpbWcgc3JjPSJodHRwOi8vaW1hZ2UucmFrdXRlbi5jby5qcC9rYXJlaS1mdWt1L2NhYmluZXQvMDIzNDI1ODcvdHAyLzEwdHAyOTcwLTguanBnIj48YnI+CjxpbWcgc3JjPSJodHRwOi8vaW1hZ2UucmFrdXRlbi5jby5qcC9rYXJlaS1mdWt1L2NhYmluZXQvMDIzNDI1ODcvdHAyLzEwdHAyOTcwLTkuanBnIj48YnI+CjxpbWcgc3JjPSJodHRwOi8vaW1hZ2UucmFrdXRlbi5jby5qcC9rYXJlaS1mdWt1L2NhYmluZXQvMDIzNDI1ODcvdHAyLzEwdHAyOTcwLTEwLmpwZyI+PGJyPgo8aW1nIHNyYz0iaHR0cDovL2ltYWdlLnJha3V0ZW4uY28uanAva2FyZWktZnVrdS9jYWJpbmV0LzAyMzQyNTg3L3RwMi8xMHRwMjk3MC0xMS5qcGciPjxicj4KPGltZyBzcmM9Imh0dHA6Ly9pbWFnZS5yYWt1dGVuLmNvLmpwL2thcmVpLWZ1a3UvY2FiaW5ldC8wMjM0MjU4Ny90cDIvMTB0cDI5NzAtMTIuanBnIj48YnI+Cgo8dGFibGUgYm9yZGVyPSIxIiB3aWR0aD0iNjgwIiBzdHlsZT0iQk9SREVSLUNPTExBUFNFOiBjb2xsYXBzZSIgYm9yZGVyY29sb3I9IiNDMEMwQzAiPgo8dHI+Cjx0ZCBjb2xzcGFuPSIzIj4KPHAgYWxpZ249ImNlbnRlciI+PGZvbnQgY29sb3I9IiM4MDgwODAiIHNpemU9IjUiIGZhY2U9IlRpbWVzIE5ldyBSb21hbiI+yczGt9SUvJo8L2ZvbnQ+PC90ZD4KPC90cj4KPHRyPgo8dGQgY29sc3Bhbj0iMyIgaGVpZ2h0PSIxMDAiPgo8cCBhbGlnbj0iY2VudGVyIj48Zm9udCBjb2xvcj0iIzgwODA4MCIgZmFjZT0iVGltZXMgTmV3IFJvbWFuIiBzaXplPSIyIj4KpNql16XppeCluaXqqWCl1qXHpbalpKXzpdel66WqqWCl0KlgpM7QwsjrusmjoTxicj6k5qTDpL+k6qTIpLekv6W3peulqKXDpcikx8zl0M2lq6XQqWDBppJpyLqkzqWipaSlxqXgPGJyPoKA0NS1xKTKVqXNpcOlr6Ss0KHuhoS/ufuk8rBrk12kt8Wu0NSk6aS3pLWk8tHds/Y8YnI+pauluKXlpaKl66WzqWClx6TLpOK088jLpa2l7KWkxL9TdHlsZaTLpOLKuaSopMalqqW3peOl7LbIpPJVUKS1pLuk3qS5PGJyPqS1pOmkw6TIpLekv8vYssS40KTHvKG0paTqpM7BvKSkv+zfbaTK18XQxLXYPGJyPgqh+aXipculv6lgpM6taL6zpMuk6KTqjGfO76TOyau6z6SkpKzQtNXmpMjI9LjJ32Ckpoj2us+krKS0pLakpKTepLmkzqTH0+ik4aS0wcuz0KSvpMCktaSkpN6kuzxicj4KPC9mb250PjwvdGQ+CjwvdHI+Cgo8dHI+Cjx0ZCBjb2xzcGFuPSIzIj4KCgo8dGFibGUgYm9yZGVyPSIxIiB3aWR0aD0iMTAwJSIgc3R5bGU9IkJPUkRFUi1DT0xMQVBTRTogY29sbGFwc2UiIGJvcmRlcmNvbG9yPSIjQzBDMEMwIj4KPHRyPgo8dGQgYWxpZ249ImNlbnRlciIgY29sc3Bhbj0iNyIgaGVpZ2h0PSIzMCI+CjxiPjxmb250IGNvbG9yPSIjODA4MDgwIj6ltaWkpbrUlLyaPC9mb250PjwvYj4KPC90ZD4KPC90cj4KPHRyPgo8dGQgYWxpZ249ImNlbnRlciIgaGVpZ2h0PSIzMCI+CjwvdGQ+Cjx0ZCBhbGlnbj0iY2VudGVyIiBoZWlnaHQ9IjMwIj4KPGI+PGZvbnQgY29sb3I9IiM4MDgwODAiPtfF1ckoY20pPC9mb250PjwvYj4KPC90ZD4KPHRkIGFsaWduPSJjZW50ZXIiIGhlaWdodD0iMzAiPgo8Yj48Zm9udCBjb2xvcj0iIzgwODA4MCI+vOe3+ShjbSk8L2ZvbnQ+PC9iPgo8L3RkPgo8dGQgYWxpZ249ImNlbnRlciIgaGVpZ2h0PSIzMCI+CjxiPjxmb250IGNvbG9yPSIjODA4MDgwIj6l0KW5pcgoY20pPC9mb250PjwvYj4KPC90ZD4KPHRkIGFsaWduPSJjZW50ZXIiIGhlaWdodD0iMzAiPgo8Yj48Zm9udCBjb2xvcj0iIzgwODA4MCI+0OTVyShjbSk8L2ZvbnQ+PC9iPgo8L3RkPgo8L3RyPgoKPHRyPgoKPHRkIGFsaWduPSJjZW50ZXIiIGhlaWdodD0iMzAiPgo8Yj48Zm9udCBjb2xvcj0iIzgwODA4MCI+TTwvZm9udD48L2I+CjwvdGQ+Cjx0ZCBhbGlnbj0iY2VudGVyIiBoZWlnaHQ9IjMwIj4KPGI+PGZvbnQgY29sb3I9IiM4MDgwODAiPjU3PC9mb250PjwvYj4KPC90ZD4KPHRkIGFsaWduPSJjZW50ZXIiIGhlaWdodD0iMzAiPgo8Yj48Zm9udCBjb2xvcj0iIzgwODA4MCI+MzY8L2ZvbnQ+PC9iPgo8L3RkPgo8dGQgYWxpZ249ImNlbnRlciIgaGVpZ2h0PSIzMCI+CjxiPjxmb250IGNvbG9yPSIjODA4MDgwIj40MzwvZm9udD48L2I+CjwvdGQ+Cjx0ZCBhbGlnbj0iY2VudGVyIiBoZWlnaHQ9IjMwIj4KPGI+PGZvbnQgY29sb3I9IiM4MDgwODAiPjUwPC9mb250PjwvYj4KPC90ZD4KPC90cj4KPHRyPgo8dGQgYWxpZ249ImNlbnRlciIgaGVpZ2h0PSIzMCI+CjxiPjxmb250IGNvbG9yPSIjODA4MDgwIj5MPC9mb250PjwvYj4KPC90ZD4KPHRkIGFsaWduPSJjZW50ZXIiIGhlaWdodD0iMzAiPgo8Yj48Zm9udCBjb2xvcj0iIzgwODA4MCI+NTg8L2ZvbnQ+PC9iPgo8L3RkPgo8dGQgYWxpZ249ImNlbnRlciIgaGVpZ2h0PSIzMCI+CjxiPjxmb250IGNvbG9yPSIjODA4MDgwIj4zNzwvZm9udD48L2I+CjwvdGQ+Cjx0ZCBhbGlnbj0iY2VudGVyIiBoZWlnaHQ9IjMwIj4KPGI+PGZvbnQgY29sb3I9IiM4MDgwODAiPjQ0PC9mb250PjwvYj4KPC90ZD4KPHRkIGFsaWduPSJjZW50ZXIiIGhlaWdodD0iMzAiPgo8Yj48Zm9udCBjb2xvcj0iIzgwODA4MCI+NTE8L2ZvbnQ+PC9iPgo8L3RkPgo8L3RyPgo8dHI+Cgo8L3RyPgo8L3RhYmxlPgoKCjwvdGQ+CjwvdHI+Cjx0cj4KPHRkIGNvbHNwYW49IjMiIGhlaWdodD0iMjciPgo8Zm9udCBjb2xvcj0iIzgwODA4MCIgZmFjZT0iVGltZXMgTmV3IFJvbWFuIiBzaXplPSIyIj6ks6TBpOmkzsnMxrekz8a91sOkraTHnHmk6qTepLmhoqS0wcuz0KSvpMCktaSkpN6ku6GjPC9mb250PjwvdGQ+CjwvdHI+Cjx0cj4KPHRkIGNvbHNwYW49IjMiIGhlaWdodD0iMjUiPjxmb250IGNvbG9yPSIjODA4MDgwIiBmYWNlPSJUaW1lcyBOZXcgUm9tYW4iIHNpemU9IjIiPsvYssSjuqXdpeqlqKW5pcal6zwvZm9udD48L3RkPgo8L3RyPgoKPHRyPqGhCjx0ZD48aW1nIHNyYz0iaHR0cDovL2ltYWdlLnJha3V0ZW4uY28uanAva2FyZWktZnVrdS9jYWJpbmV0LzAyMzQyNjY4LzAyNDU4ODUzL2ltZzYwODE1MjczLmpwZyIgYm9yZGVyPSIwIj48L3RkPgo8dGQ+PGltZyBzcmM9Imh0dHA6Ly9pbWFnZS5yYWt1dGVuLmNvLmpwL2thcmVpLWZ1a3UvY2FiaW5ldC8wMjM0MjY2OC8wMjQ1ODg1My9pbWc2MDgxNTI3NC5qcGciIGJvcmRlcj0iMCI+PC90ZD4KPHRkPjxpbWcgc3JjPSJodHRwOi8vaW1hZ2UucmFrdXRlbi5jby5qcC9rYXJlaS1mdWt1L2NhYmluZXQvMDIzNDI2NjgvMDI0NTg4NTMvaW1nNjA4MTUyNzUuanBnIiBib3JkZXI9IjAiPjwvdGQ+CjwvdHI+Cjx0cj4KPHRkPjxmb250IGNvbG9yPSIjODA4MDgwIiBmYWNlPSJUaW1lcyBOZXcgUm9tYW4iIHNpemU9IjIiPgrIq8zltcSky6TmpMOkv6TqpMikt6S/pbel66WopcOlyKTHpaalqKW5pcil6aWkpfOk4qWrpdCpYKS3pMakr6TspN6kuaGjpNql16XppeCluaXqqWCl1qTHzfO8moS/ufuk4qSipOqk3qS5Pwo8L2ZvbnQ+CjwvdGQ+Cjx0ZD48Zm9udCBjb2xvcj0iIzgwODA4MCIgZmFjZT0iVGltZXMgTmV3IFJvbWFuIiBzaXplPSIyIj4Kn2+12KTApKuk6brOpMukx6Tius+k76S7pOSkuaSko6Gkx6TioaKCgNDUtcSkyr3zpceltqWkpfOkyKTapdel6aXgpbml6qlgpdalx6W2paSl86SslNjQwqTHpaqlt6XjpeyktaTypdel6aW5pLekxqSvpOyk66SqhOGk4cnMxrejoSAgICAgICAgCjwvZm9udD4KPC90ZD4KPHRkPjxmb250IGNvbG9yPSIjODA4MDgwIiBmYWNlPSJUaW1lcyBOZXcgUm9tYW4iIHNpemU9IjIiPgpWpc2lw6WvpKylx6WzpeulxqXppaSl86Tyvl/7kKTL98iku6TGxa7Q1KTppLektaTyVVCkt6TGpK+k7KTepLmh7qWrpbil5aWipeukx6TioaKlraXspaSl4aTHpOLKuaSopOuluaXeqWClyKTK0rvDtqOhCgo8L2ZvbnQ+PC90ZD4KPC90cj4KCjwvdGFibGU+Cjx0YWJsZSBib3JkZXI9IjAiIHdpZHRoPSI2MDAiPgo8dHI+Cjx0ZD4KPGEgdGFyZ2V0PSJfYmxhbmsiIGhyZWY9Imh0dHA6Ly9pdGVtLnJha3V0ZW4uY28uanAvaW5rLWdla2l5YXN1aWNoaWJhbmthbi9jLzAwMDAwMDA0ODUvI2d1aWRldG9wIj4KPGltZyBib3JkZXI9IjAiIHNyYz0iaHR0cDovL2ltYWdlLnJha3V0ZW4uY28uanAvcmlvdHkvY2FiaW5ldC9zaG9oaW5wYWdlL2d1aWRlLW1lbnUuanBnIj48L2E+PC90ZD4KPC90cj4KPC90YWJsZT4KPC9jZW50ZXI+PHRhYmxlIGJvcmRlcj0iMCIgd2lkdGg9IjM4MCI+Cjx0cj4KPHRkPgo8bWFwIG5hbWU9IkZQTWFwZ3VpZGUiPgoKCgoKPC9tYXA+CjxpbWcgYm9yZGVyPSIwIiBzcmM9Imh0dHA6Ly9pbWFnZS5yYWt1dGVuLmNvLmpwL2thcmVpLWZ1a3UvY2FiaW5ldC9wYWdlL3R5dXVpXzM4MC5qcGciIHVzZW1hcD0iI0ZQTWFwZ3VpZGUiPgo8YnI+CgoKPGJyPjxicj4KCjwvdGQ+CjwvdHI+CjwvdGFibGU+CgoKPGltZyBib3JkZXI9IjAiIHNyYz1odHRwOi8vaW1hZ2UucmFrdXRlbi5jby5qcC9pbmstZ2VraXlhc3VpY2hpYmFua2FuL2NhYmluZXQvMDM0MDUxMzUvZnJlZXNoaXBwaW5nLTExMDguanBnIHdpZHRoPSIzODAiPgo8dGFibGUgYm9yZGVyPSIwIiB3aWR0aD0iMzgwIj4KPHRyPgo8dGQgYWxpZ249ImNlbnRlciIgaGVpZ2h0PSIyMCIgPgo8L3RkPgo8L3RyPgo8dHI+Cjx0ZCBhbGlnbj1jZW50ZXI+CjxpbWcgc3JjPSJodHRwczovL3RodW1ibmFpbC5pbWFnZS5yYWt1dGVuLmNvLmpwL0AwX21hbGwvaW5rLWdla2l5YXN1aWNoaWJhbmthbi9jYWJpbmV0LzAzMjg3NjEzL3R0LzExdHQxMzk2LTUwMC0xLTEuanBnIiBib3JkZXI9IjAiIHdpZHRoPSIxODAiPjxicj4KPGRpdiBzdHlsZT0ibGluZS1oZWlnaHQ6IDIyUFggOyI+CjxiPgo8Zm9udCBzaXplPSIyIiBmYWNlPSKl4aWkpeqlqiI+MSw5ODCD0jwvZm9udD48L2I+PGltZyBzcmM9Imh0dHA6Ly9pbWFnZS5yYWt1dGVuLmNvLmpwL2thcmVpLWZ1a3UvY2FiaW5ldC9rYW5iYW4vczAtMS5naWYiIGJvcmRlcj0iMCI+CjwvZGl2Pgo8L3RkPgo8dGQgYWxpZ249ImNlbnRlciIgPgo8aW1nIHNyYz0iaHR0cHM6Ly90aHVtYm5haWwuaW1hZ2UucmFrdXRlbi5jby5qcC9AMF9tYWxsL2luay1nZWtpeWFzdWljaGliYW5rYW4vY2FiaW5ldC8wMzI4NzYxMy90cC8xMHRwMDQ3Mi01MDAtMS0uanBnIiBib3JkZXI9IjAiIHdpZHRoPSIxODAiPgo8ZGl2IHN0eWxlPSJsaW5lLWhlaWdodDogMjJQWCA7Ij4KPGI+PGZvbnQgc2l6ZT0iMiIgZmFjZT0ipeGlpKXqpaoiPjEsNzgwg9I8L2ZvbnQ+PC9iPjxpbWcgc3JjPSJodHRwOi8vaW1hZ2UucmFrdXRlbi5jby5qcC9rYXJlaS1mdWt1L2NhYmluZXQva2FuYmFuL3MwLTEuZ2lmIiBib3JkZXI9IjAiPgo8L2Rpdj4KPC90ZD4KPC90cj4KPHRyPgo8dGQgYWxpZ249ImNlbnRlciIgaGVpZ2h0PSIyMCIgPgo8L3RkPgo8L3RyPgoKCjx0cj4KPHRkIGFsaWduPSJjZW50ZXIiID4KPGltZyBzcmM9Imh0dHBzOi8vdGh1bWJuYWlsLmltYWdlLnJha3V0ZW4uY28uanAvQDBfbWFsbC9pbmstZ2VraXlhc3VpY2hpYmFua2FuL2NhYmluZXQvMDMyODc2MTMvb3AvMTBvcDMyODktNTAwLTEuanBnIiBib3JkZXI9IjAiIHdpZHRoPSIxODAiPgo8ZGl2IHN0eWxlPSJsaW5lLWhlaWdodDogMjJQWCA7Ij4KPGI+PGZvbnQgZmFjZT0ipeGlpKXqpaoiIHNpemU9IjIiPjIsNzgwIIPSPC9mb250PjwvYj48aW1nIHNyYz0iaHR0cDovL2ltYWdlLnJha3V0ZW4uY28uanAva2FyZWktZnVrdS9jYWJpbmV0L2thbmJhbi9zMC0xLmdpZiIgYm9yZGVyPSIwIj4KPC9kaXY+Cgo8L3RkPgo8dGQgYWxpZ249ImNlbnRlciIgPgo8aW1nIHNyYz0iaHR0cHM6Ly90aHVtYm5haWwuaW1hZ2UucmFrdXRlbi5jby5qcC9AMF9tYWxsL2luay1nZWtpeWFzdWljaGliYW5rYW4vY2FiaW5ldC8wMzI4NzYxMy9vcC8xMG9wMzM5OS01MDAtMS5qcGciIHdpZHRoPSIxODAiIGJvcmRlcj0iMCI+CjxkaXYgc3R5bGU9ImxpbmUtaGVpZ2h0OiAyMlBYIDsiPgo8Yj48Zm9udCBmYWNlPSKl4aWkpeqlqiIgc2l6ZT0iMiI+NCw3ODCD0jwvZm9udD48L2I+PGltZyBzcmM9Imh0dHA6Ly9pbWFnZS5yYWt1dGVuLmNvLmpwL2thcmVpLWZ1a3UvY2FiaW5ldC9rYW5iYW4vczAtMS5naWYiIGJvcmRlcj0iMCI+CjwvZGl2PgoKPC90ZD4KPC90cj4KPHRyPgo8dGQgYWxpZ249ImNlbnRlciIgaGVpZ2h0PSIyMCIgPgo8L3RkPgo8L3RyPgoKCjx0cj4KPHRkIGFsaWduPSJjZW50ZXIiID4KPGltZyBzcmM9Imh0dHBzOi8vdGh1bWJuYWlsLmltYWdlLnJha3V0ZW4uY28uanAvQDBfbWFsbC9pbmstZ2VraXlhc3VpY2hpYmFua2FuL2NhYmluZXQvMDMyODc2MTMvYmwvMDFibDI3OTItNTAwLTEuanBnIiBib3JkZXI9IjAiIHdpZHRoPSIxODAiPgo8ZGl2IHN0eWxlPSJsaW5lLWhlaWdodDogMjJQWCA7Ij4KPGI+PGZvbnQgZmFjZT0ipeGlpKXqpaoiIHNpemU9IjIiPjEsMjgwg9I8L2ZvbnQ+PC9iPjxpbWcgc3JjPSJodHRwOi8vaW1hZ2UucmFrdXRlbi5jby5qcC9rYXJlaS1mdWt1L2NhYmluZXQva2FuYmFuL3MwLTEuZ2lmIiBib3JkZXI9IjAiPgo8L2Rpdj4KCjwvdGQ+Cjx0ZCBhbGlnbj0iY2VudGVyIiA+CjxpbWcgc3JjPSJodHRwczovL3RodW1ibmFpbC5pbWFnZS5yYWt1dGVuLmNvLmpwL0AwX21hbGwvaW5rLWdla2l5YXN1aWNoaWJhbmthbi9jYWJpbmV0LzAzMjg3NjEzL2JsLzEwYmwyNzUyLTUwMC0xLmpwZyIgd2lkdGg9IjE4MCIgYm9yZGVyPSIwIj4KPGRpdiBzdHlsZT0ibGluZS1oZWlnaHQ6IDIyUFggOyI+CjxiPjxmb250IGZhY2U9IqXhpaSl6qWqIiBzaXplPSIyIj4xLDc4MIPSPC9mb250PjwvYj48aW1nIHNyYz0iaHR0cDovL2ltYWdlLnJha3V0ZW4uY28uanAva2FyZWktZnVrdS9jYWJpbmV0L2thbmJhbi9zMC0xLmdpZiIgYm9yZGVyPSIwIj4KPC9kaXY+Cgo8L3RkPgo8L3RyPgo8dHI+Cjx0ZCBhbGlnbj0iY2VudGVyIiBoZWlnaHQ9IjIwIiA+CjwvdGQ+CjwvdHI+CgoKPHRyPgo8dGQgYWxpZ249ImNlbnRlciIgPgo8aW1nIHNyYz0iaHR0cDovL3RodW1ibmFpbC5pbWFnZS5yYWt1dGVuLmNvLmpwL0AwX21hbGwvaW5rLWdla2l5YXN1aWNoaWJhbmthbi9jYWJpbmV0LzAzMjg3NjEzL2JhLzA5YmEzNDIzLTUwMC0xLmpwZyIgYm9yZGVyPSIwIiB3aWR0aD0iMTgwIj4KPGRpdiBzdHlsZT0ibGluZS1oZWlnaHQ6IDIyUFggOyI+CjxiPjxmb250IGZhY2U9IqXhpaSl6qWqIiBzaXplPSIyIj40OTkgg9I8L2ZvbnQ+PC9iPjxpbWcgc3JjPSJodHRwOi8vaW1hZ2UucmFrdXRlbi5jby5qcC9rYXJlaS1mdWt1L2NhYmluZXQva2FuYmFuL3MwLTEuZ2lmIiBib3JkZXI9IjAiPgo8L2Rpdj4KCjwvdGQ+Cjx0ZCBhbGlnbj0iY2VudGVyIiA+CjxpbWcgc3JjPSJodHRwOi8vdGh1bWJuYWlsLmltYWdlLnJha3V0ZW4uY28uanAvQDBfbWFsbC9pbmstZ2VraXlhc3VpY2hpYmFua2FuL2NhYmluZXQvMDMyODc2MTMvYmEvMDliYTM2NzMtNTAwLTEuanBnIiB3aWR0aD0iMTgwIiBib3JkZXI9IjAiPgo8ZGl2IHN0eWxlPSJsaW5lLWhlaWdodDogMjJQWCA7Ij4KPGI+PGZvbnQgZmFjZT0ipeGlpKXqpaoiIHNpemU9IjIiPjQ5OYPSPC9mb250PjwvYj48aW1nIHNyYz0iaHR0cDovL2ltYWdlLnJha3V0ZW4uY28uanAva2FyZWktZnVrdS9jYWJpbmV0L2thbmJhbi9zMC0xLmdpZiIgYm9yZGVyPSIwIj4KPC9kaXY+Cgo8L3RkPgo8L3RyPgoKPC90YWJsZT48QlI+Cjx0YWJsZSBib3JkZXI9IjAiIHdpZHRoPSIzODAiIGNlbGxzcGFjaW5nPSIxIiBiZ2NvbG9yPSNDQ0NDQ0MgaGVpZ2h0PSI0MCI+Cjx0cj4KPHRkIGFsaWduPSJjZW50ZXIiIGJnY29sb3I9IiNGRkZGRkYiPgo8Zm9udCBjb2xvcj0iIzMzMzMzMyIgZmFjZT0ipeGlpKXqpaoiIHNpemU9IjIiPgoKPGZvbnQgY29sb3I9IiM4MDgwODAiPk5FVyBJVEVNPC9mb250PjwvZm9udD4KPC90ZD4KPHRkIGFsaWduPSJjZW50ZXIiIGJnY29sb3I9IiNGRkZGRkYiPgo8Zm9udCBmYWNlPSKl4aWkpeqlqiIgc2l6ZT0iMiIgY29sb3I9IiMzMzMzMzMiPgoKPGZvbnQgY29sb3I9IiM4MDgwODAiPkhPVCBJVEVNPC9mb250PjwvZm9udD4KPC90ZD4KCjwvdHI+CjwvdGFibGU+PGJyPjx0YWJsZSBib3JkZXI9IjAiIHdpZHRoPSI2ODAiIGNlbGxzcGFjaW5nPSIxIiBjZWxscGFkZGluZz01IGJnY29sb3I9I0NDQ0NDQyBoZWlnaHQ9IjQwIj4KPHRyPgo8dGQgYmdjb2xvcj0iI0ZGRkZGRiIgYWxpZ249ImNlbnRlciI+Cgo8aW1nIHNyYz0iaHR0cHM6Ly9pbWFnZS5yYWt1dGVuLmNvLmpwL2thcmVpLWZ1a3UvY2FiaW5ldC8wMjM0MjU4Ny9zaC0zMDAtc2gtMzk5LzA5c2gzMTkyLTEuanBnIiBib3JkZXI9IjAiIHdpZHRoPSIxNjAiPgo8YnI+PGZvbnQgZmFjZT0ipeGlpKXqpaoiIHNpemU9IjIiIGNvbG9yPSIjRkYwMDAwIj45OTmD0qGhy83Bz59vwc88L2ZvbnQ+PC90ZD4KPHRkIGJnY29sb3I9IiNGRkZGRkYiIGFsaWduPSJjZW50ZXIiPgoKPGltZyBzcmM9Imh0dHA6Ly9pbWFnZS5yYWt1dGVuLmNvLmpwL2thcmVpLWZ1a3UvY2FiaW5ldC8wMjM0MjU4Ny8wMzg1NDc0NS8wMXR2MjgxNi0xLmpwZyIgYm9yZGVyPSIwIiB3aWR0aD0iMTYwIj4KPGJyPjxmb250IGZhY2U9IqXhpaSl6qWqIiBzaXplPSIyIiBjb2xvcj0iI0ZGMDAwMCI+Nzk5g9KhocvNwc+fb8HPPC9mb250PjwvdGQ+Cjx0ZCBiZ2NvbG9yPSIjRkZGRkZGIiBhbGlnbj0iY2VudGVyIj4KCjxpbWcgc3JjPSJodHRwOi8vaW1hZ2UucmFrdXRlbi5jby5qcC9rYXJlaS1mdWt1L2NhYmluZXQvMDIzNDI1ODcvdHAvMTB0cDA0NzItMS5qcGciIGJvcmRlcj0iMCIgd2lkdGg9IjE2MCI+Cjxicj48Zm9udCBmYWNlPSKl4aWkpeqlqiIgc2l6ZT0iMiIgY29sb3I9IiNGRjAwMDAiPjEsMDAwg9KhocvNwc+fb8HPPC9mb250PjwvdGQ+Cjx0ZCBiZ2NvbG9yPSIjRkZGRkZGIiBhbGlnbj0iY2VudGVyIj4KCjxpbWcgc3JjPSJodHRwOi8vaW1hZ2UucmFrdXRlbi5jby5qcC9rYXJlaS1mdWt1L2NhYmluZXQvMDIzNDI1ODcvc3MwMDAxLXNzMDA5OS8wMXNzMDYyMS0xLmpwZyIgYm9yZGVyPSIwIiB3aWR0aD0iMTYwIj4KPGJyPjxmb250IGZhY2U9IqXhpaSl6qWqIiBzaXplPSIyIiBjb2xvcj0iI0ZGMDAwMCI+MTAwMIPSoaHLzcHPn2/BzzwvZm9udD48L3RkPgoKPC90cj4KPHRyPgo8dGQgYmdjb2xvcj0iI0ZGRkZGRiIgYWxpZ249ImNlbnRlciI+Cgo8aW1nIHNyYz0iaHR0cHM6Ly9pbWFnZS5yYWt1dGVuLmNvLmpwL2thcmVpLWZ1a3UvY2FiaW5ldC8xNTYzMy0wLTEuanBnIiBib3JkZXI9IjAiIHdpZHRoPSIxNjAiPgo8YnI+PGZvbnQgZmFjZT0ipeGlpKXqpaoiIHNpemU9IjIiIGNvbG9yPSIjRkYwMDAwIj44OTmD0qGhy83Bz59vwc88L2ZvbnQ+PC90ZD4KPHRkIGJnY29sb3I9IiNGRkZGRkYiIGFsaWduPSJjZW50ZXIiPgoKPGltZyBzcmM9Imh0dHBzOi8vdGh1bWJuYWlsLmltYWdlLnJha3V0ZW4uY28uanAvQDBfbWFsbC9pbmstZ2VraXlhc3VpY2hpYmFua2FuL2NhYmluZXQvMDMyODc2MTMvYW8vMDlhbzA0ODEtNTAwLTEuanBnIiBib3JkZXI9IjAiIHdpZHRoPSIxNjAiPgo8YnI+PGZvbnQgZmFjZT0ipeGlpKXqpaoiIHNpemU9IjIiIGNvbG9yPSIjRkYwMDAwIj40OTiD0qGhy83Bz59vwc88L2ZvbnQ+PC90ZD4KPHRkIGJnY29sb3I9IiNGRkZGRkYiIGFsaWduPSJjZW50ZXIiPgoKPGltZyBzcmM9Imh0dHA6Ly9pbWFnZS5yYWt1dGVuLmNvLmpwL2thcmVpLWZ1a3UvY2FiaW5ldC8wMjM0MjU4Ny9iYS8wOWJhMzQyMy0xLmpwZyIgYm9yZGVyPSIwIiB3aWR0aD0iMTYwIj4KPGJyPjxmb250IGZhY2U9IqXhpaSl6qWqIiBzaXplPSIyIiBjb2xvcj0iI0ZGMDAwMCI+Mzgwg9KhocvNwc+fb8HPPC9mb250PjwvdGQ+Cjx0ZCBiZ2NvbG9yPSIjRkZGRkZGIiBhbGlnbj0iY2VudGVyIj4KCjxpbWcgc3JjPSJodHRwOi8vaW1hZ2UucmFrdXRlbi5jby5qcC9rYXJlaS1mdWt1L2NhYmluZXQvMDIzNDI1ODcvYXMvMTFhczQwMzYtMS5qcGciIGJvcmRlcj0iMCIgd2lkdGg9IjE2MCI+Cjxicj48Zm9udCBmYWNlPSKl4aWkpeqlqiIgc2l6ZT0iMiIgY29sb3I9IiNGRjAwMDAiPjYyNoPSoaHLzcHPn2/BzzwvZm9udD48L3RkPgoKPC90cj4KPHRyPgo8dGQgYmdjb2xvcj0iI0ZGRkZGRiIgYWxpZ249ImNlbnRlciI+Cgo8aW1nIHNyYz0iaHR0cDovL2ltYWdlLnJha3V0ZW4uY28uanAva2FyZWktZnVrdS9jYWJpbmV0LzAyMzQyNTg3L2NhLzEwY2EyOTM1LTEuanBnIiBib3JkZXI9IjAiIHdpZHRoPSIxNjAiPgo8YnI+PGZvbnQgZmFjZT0ipeGlpKXqpaoiIHNpemU9IjIiIGNvbG9yPSIjRkYwMDAwIj4gNDc1IIPSoaHLzcHPn2/BzzwvZm9udD48L3RkPgo8dGQgYmdjb2xvcj0iI0ZGRkZGRiIgYWxpZ249ImNlbnRlciI+Cgo8aW1nIHNyYz0iaHR0cDovL2ltYWdlLnJha3V0ZW4uY28uanAva2FyZWktZnVrdS9jYWJpbmV0LzAyMzQyNTg3L3NsLzExc2wwNTY3LTEuanBnIiBib3JkZXI9IjAiIHdpZHRoPSIxNjAiPgo8YnI+PGZvbnQgZmFjZT0ipeGlpKXqpaoiIHNpemU9IjIiIGNvbG9yPSIjRkYwMDAwIj4xLDI4MIPSoaHLzcHPn2/BzzwvZm9udD48L3RkPgo8dGQgYmdjb2xvcj0iI0ZGRkZGRiIgYWxpZ249ImNlbnRlciI+Cgo8aW1nIHNyYz0iaHR0cHM6Ly90aHVtYm5haWwuaW1hZ2UucmFrdXRlbi5jby5qcC9AMF9tYWxsL2luay1nZWtpeWFzdWljaGliYW5rYW4vY2FiaW5ldC8wMzI4NzYxMy9vcC8xMG9wMzI4OS01MDAtMS5qcGciIGJvcmRlcj0iMCIgd2lkdGg9IjE2MCI+Cjxicj48Zm9udCBmYWNlPSKl4aWkpeqlqiIgc2l6ZT0iMiIgY29sb3I9IiNGRjAwMDAiPjEsOTgwg9KhocvNwc+fb8HPPC9mb250PjwvdGQ+Cjx0ZCBiZ2NvbG9yPSIjRkZGRkZGIiBhbGlnbj0iY2VudGVyIj4KCjxpbWcgc3JjPSJodHRwczovL3RodW1ibmFpbC5pbWFnZS5yYWt1dGVuLmNvLmpwL0AwX21hbGwvaW5rLWdla2l5YXN1aWNoaWJhbmthbi9jYWJpbmV0LzAzMjg3NjEzL3RwLzAwdHAxOTExLTUwMC0xLmpwZyIgYm9yZGVyPSIwIiB3aWR0aD0iMTYwIj4KPGJyPjxmb250IGZhY2U9IqXhpaSl6qWqIiBzaXplPSIyIiBjb2xvcj0iI0ZGMDAwMCI+MiwwMzCD0qGhy83Bz59vwc88L2ZvbnQ+PC90ZD4KCjwvdHI+Cjx0cj4KPHRkIGJnY29sb3I9IiNGRkZGRkYiIGFsaWduPSJjZW50ZXIiPgoKPGltZyBzcmM9Imh0dHA6Ly9pbWFnZS5yYWt1dGVuLmNvLmpwL2thcmVpLWZ1a3UvY2FiaW5ldC8wMjM0MjU4Ny91bS85OXVtMzAyNC0xLmpwZyIgYm9yZGVyPSIwIiB3aWR0aD0iMTYwIj4KPGJyPjxmb250IGZhY2U9IqXhpaSl6qWqIiBzaXplPSIyIiBjb2xvcj0iI0ZGMDAwMCI+MSwwMDCD0qGhy83Bz59vwc88L2ZvbnQ+PC90ZD4KPHRkIGJnY29sb3I9IiNGRkZGRkYiIGFsaWduPSJjZW50ZXIiPgoKPGltZyBzcmM9Imh0dHBzOi8vdGh1bWJuYWlsLmltYWdlLnJha3V0ZW4uY28uanAvQDBfbWFsbC9pbmstZ2VraXlhc3VpY2hpYmFua2FuL2NhYmluZXQvMDMyODc2MTMvYmUtMS1iZS05OS9iZS01Mi01MDAtMS5qcGciIGJvcmRlcj0iMCIgd2lkdGg9IjE2MCI+Cjxicj48Zm9udCBmYWNlPSKl4aWkpeqlqiIgc2l6ZT0iMiIgY29sb3I9IiNGRjAwMDAiPjUzOIPSoaHLzcHPn2/BzzwvZm9udD48L3RkPgo8dGQgYmdjb2xvcj0iI0ZGRkZGRiIgYWxpZ249ImNlbnRlciI+Cgo8aW1nIHNyYz0iaHR0cHM6Ly90aHVtYm5haWwuaW1hZ2UucmFrdXRlbi5jby5qcC9AMF9tYWxsL2luay1nZWtpeWFzdWljaGliYW5rYW4vY2FiaW5ldC8wMzI4NzYxMy9zaC8yOXNoMjYxMi01MDAtMS5qcGciIGJvcmRlcj0iMCIgd2lkdGg9IjE2MCI+Cjxicj48Zm9udCBmYWNlPSKl4aWkpeqlqiIgc2l6ZT0iMiIgY29sb3I9IiNGRjAwMDAiPjIsMDAwg9KhocvNwc+fb8HPPC9mb250PjwvdGQ+Cjx0ZCBiZ2NvbG9yPSIjRkZGRkZGIiBhbGlnbj0iY2VudGVyIj4KCjxpbWcgc3JjPSJodHRwczovL3RodW1ibmFpbC5pbWFnZS5yYWt1dGVuLmNvLmpwL0AwX21hbGwvaW5rLWdla2l5YXN1aWNoaWJhbmthbi9jYWJpbmV0LzAzMjg3NjEzL3NoLzA1c2g0MDkxLTEuanBnIiBib3JkZXI9IjAiIHdpZHRoPSIxNjAiPgo8YnI+PGZvbnQgZmFjZT0ipeGlpKXqpaoiIHNpemU9IjIiIGNvbG9yPSIjRkYwMDAwIj4yLDg5NIPSoaHLzcHPn2/BzzwvZm9udD48L3RkPgoKPC90cj4KPC90YWJsZT4=,c3VwZXIgpcilw6XXpbkgpe+lpKXJIKXXpeulqqlgpdCpYCBWpc2lw6WvIKTapdel6aXgpbml6qlgpdYgpdal6aWmpbkgpeylx6WjqWCluaG+peGpYKXrseOwa8vNob+julJpb3R5LXNlbGVjdKOopeqlqqXGpaOlu6Xspa+lyKOp,pbWl86XApesgpbWl86XApesgpeylx6WjqWCluSAgpbWl86XApesgpeylx6WjqWCluSCltaXzpcCl6yCl7KXHpaOpYKW5IKXTqWClwaW1pfOlwKXrIKW1pfOlwKXrIKXSqWCl65pppK2k5KS5pKQgpbWl86XApesgpeylx6WjqWCluSClpqWnpcOluKW9qWCl6yCltaXzpcCl6yCl7KXHpaOpYKW5IKTapL+k86SzICCltaXzpcCl6yCl7KXHpaOpYKW5IKXSqWCl6yCltaXzpcCl6yCl7KXHpaOpYKW5ILTzpK2kpKW1paSluiCltaXzpcCl6yCl7KXHpaOpYKW5IKXtqWCl0qlgpesgpbWl86XApesgpeylx6WjqWCluSDLzcHPn2/BzyCltaXzpcCl6yCl7KXHpaOpYKW5ILDXIHN1cGVyIKXIpcOl16W5IKXvpaSlySCl16XrpaqpYKXQqWAgVqXNpcOlryCk2qXXpeml4KW5peqpYKXWIKXWpemlpqW5IKXspcelo6lgpbmhvqXhqWCl67HjsGvLzaG/,ob6k5qSmpdGlsaXDpcjLzcHPn2/Bz6HytPrS/aStsru/yaG/oaNzdXBlciClyKXDpdeluSCl76Wkpckgpdel66WqqWCl0KlgIFalzaXDpa8gpNql16XppeCluaXqqWCl1iCl1qXppaaluSCl7KXHpaOpYKW5ob6l4algpeux47Bry82hvw==[rn]
31-77561,aHR0cDovL3RzaG9wLnIxMHMuanAvYmVsbHVuYS9jYWJpbmV0L29heHctNS83MDczMjYtMS5qcGc/Zml0aW49NzAwOjcwMA==,MjE1MS4yMDAw,,peylx6WjqWCluaXVpaGlw6W3peel8yA+IKXIpcOl16W5ID4gpdGpYKWrqWA=,pemlpKXAqWCluaXHpbalpKXzpdGpYKWroaGl2aXrqWClyiCk2aTrqWCkyiAgMzC0+iCl1aWhpcOlt6XnpfMgpeylx6WjqWCluSCloqWmpcil7KXDpcihvtTZ2JyJ06G/IL5k,oaE=,PGlmcmFtZSBzcmM9Imh0dHBzOi8vd3d3LnJha3V0ZW4ubmUuanAvZ29sZC9iZWxsdW5hL291dGxldF90eHQuaHRtbCIgd2lkdGg9Ijc3MHB4IiBoZWlnaHQ9IjE1MHB4IiBzY3JvbGxpbmc9Im5vIiBmcmFtZWJvcmRlcj0iMCIgbWFyZ2lud2lkdGg9IjAiIG1hcmdpbmhlaWdodD0iMCIgbmFtZT0iaGVhZCI+PC9pZnJhbWU+PGJyPjxpbWcgc3JjPSJodHRwczovL2ltYWdlLnJha3V0ZW4uY28uanAvYmVsbHVuYS9jYWJpbmV0L3RvcC9leGNoYW5nZS5naWYiIGFsdD0it7XGtz+9u5NRpMukxKSkpMYiIHdpZHRoPSIyMzAiIGJvcmRlcj0iMCI+PGJyPjxpbWcgc3JjPSJodHRwczovL2ltYWdlLnJha3V0ZW4uY28uanAvYmVsbHVuYS9jYWJpbmV0L3RvcC9zaXplLmdpZiIgYWx0PSKks6TOyczGt6TOpbWlpKW6se2k8tKKpOsiIHdpZHRoPSIyMzAiIGJvcmRlcj0iMCI+PGJyPjxicj48aW1nIHNyYz0iaHR0cHM6Ly9pbWFnZS5yYWt1dGVuLmNvLmpwL2JlbGx1bmEvY2FiaW5ldC90b3AvdGl0bGUuZ2lmIj48YnI+PGJyPsa32Xyjr6XdpeqlqKW5pcal6zY0o6UgvmQyN6OlIKXsqWCl6KXzOaOlICil6qXWsr+31iml3aXqpailuaXGpes0OKOlIL5kMzejpSCl7Klgpeil8zEyo6Ugpd2l6qWmpeylv6XzM6OlIKXVpaGluaXKqWDHsCCl3aWxpcOlyNPQPGJyPjxicj6h9s+05aqZQ5Vypc2lw6XIyrnTwzxicj48YnI+pOSk76TppKukyqW5pailw6XIy9iyxKTL0MG/2qTKpemlpKXAqWCluaXHpbalpKXzpPLKqaS3pL/XxaSzpMqkt6TkpLmkpKWzpfOl0aWvpcil0algpauho9CxpOGkzsewwaKkxqTIpd2lsaXDpci/2qTOus/GpMq5pKSkrKXHpbalpKXzpd2lpKXzpcihozxicj48YnI+PGltZyBzcmM9Imh0dHBzOi8vaW1hZ2UucmFrdXRlbi5jby5qcC9iZWxsdW5hL2NhYmluZXQvdG9wL2xpbmUuZ2lmIj48YnI+PGJyPjxmb250IGNvbG9yPSIjOTk5OTk5IiBzaXplPSIxIj6ltaWkpbqjuk0vTEwvTC8zTDxicj7Jq6O6lnSlsKXsqWAvpaql1aXbpe+lpKXIPC9mb250Pjxicj48IS0tIKXaqWCluKXHpbalpKXzIC0tPgo8c3R5bGUgdHlwZT0idGV4dC9jc3MiPgoKI3BhZ2Vib2R5IHtoZWlnaHQ6MDt9CiNwYWdlYm9keSB0YWJsZSB7CmJvcmRlci1jb2xsYXBzZTpjb2xsYXBzZTsKfQoKYm9keXsKCWZvbnQtZmFtaWx5OiAipeGlpKXqpaoiLCBNZWlyeW8sICLTzqW0pbelw6WvIiwgWXVHb3RoaWMsICKl0qXppa6lzr3HpbQgUHJvTiBXMyIsICJIaXJhZ2lubyBLYWt1IEdvdGhpYyBQcm9OIiwgc2Fucy1zZXJpZjsKfQoKYTpsaW5rIHsgY29sb3I6IzJlMmUyZTsgdGV4dC1kZWNvcmF0aW9uOm5vbmU7IH0KYTp2aXNpdGVkIHsgY29sb3I6IzJlMmUyZTsgfQphOmFjdGl2ZSB7IGNvbG9yOiMyZTJlMmU7IH0KYTpob3ZlciB7IGNvbG9yOiMyZTJlMmU7IHRleHQtZGVjb3JhdGlvbjp1bmRlcmxpbmU7IH0KCgovKticidOMZ7+DKi8KLnJlc3VsdHMgewoJY29sb3I6IzJlMmUyZTsKCWZvbnQtc2l6ZToyMHB4OwoJZm9udC13ZWlnaHQ6Ym9sZDsKCWxldHRlci1zcGFjaW5nOjAuNWVtOwoJbWFyZ2luLWJvdHRvbTo1MHB4Owp9CgoudGhhbmtzewoJZm9udC1zaXplOjE1cHg7Cn0KCnNwYW4ucmVzdWx0c19udW1iZXJ7Cglmb250LXNpemU6NjBweDsKfQoKCi8qyczGt8P71tyk6iovCnRkLnNkdGV4dHsKCWZvbnQtc2l6ZTogNzAlOwp9CQoKc3Bhbi5jYXRjaF9jb3B5ewogICAgbGluZS1oZWlnaHQ6IDEuNWVtOwogICAgZGlzcGxheTogYmxvY2s7CiAgICBmb250LXNpemU6IDYwJTsKfQoJCnNwYW4uaXRlbV9uYW1lIHsKICAgIGxpbmUtaGVpZ2h0OiAxLjVlbTsKICAgIGZvbnQtc2l6ZTogNzUlOwp9CgpzdHJvbmcsIGIgewoJZm9udC13ZWlnaHQ6IG5vcm1hbDsKfQoKc3Bhbi5pbnZlbnRvcnlfY2hvaWNlX25hbWUgewogICAgZm9udC1zaXplOiA4MCU7Cgp9CnNwYW4uaW52ZW50b3J5X2Rlc2MgewpkaXNwbGF5OiBibG9jazsKcGFkZGluZzogMTBweCAwcHg7Cn0KCnRkLmludmVudG9yeV9jaG9pY2VfbmFtZXsKICAgIHdoaXRlLXNwYWNlOiBub3JtYWw7CiAgICBwYWRkaW5nLXJpZ2h0OiAycHg7CiAgICBwYWRkaW5nLWxlZnQ6IDJweDsKICAgIHBhZGRpbmctYm90dG9tOiAycHg7CiAgICBwYWRkaW5nLXRvcDogMnB4OwogICAgbWFyZ2luOiAwcHg7Cn0KCgoKCi8qpaul6algpbWlpKW6se0qLwpzcGFuLmludmVudG9yeV9jaG9pY2VfbmFtZSB7Cglmb250LXNpemU6IDgwJTsKfQoKI3Jha3V0ZW5MaW1pdGVkSWRfYXJvdW5kQ2FydCB0ZC5pbnZlbnRvcnkgewogICAgcGFkZGluZzozcHghaW1wb3J0YW50OwogICAgd2hpdGUtc3BhY2U6IG5vcm1hbDsKfQouaW52ZW50b3J5IGZvbnR7Cglmb250LXNpemU6MTBweDsKCWNvbG9yOiAjOTk5OTk5Owp9CgpzcGFuLml0ZW1fZGVzY3sKICAgIGZvbnQtc2l6ZTogODAlOwogICAgbWFyZ2luLXRvcDogMjBweDsKICAgIGRpc3BsYXk6IGJsb2NrOwp9CgpzcGFuLnNhbGVfZGVzYyBpbWd7CiAgICB3aWR0aDogNzcwcHg7CiAgICBkaXNwbGF5OiBibG9jazsKfQoKCi8q7ZfEv994kmvWqyovCnNwYW4uY2hvaWNlIHsKCS8qbWFyZ2luLXRvcDoyMHB4OwoJd2lkdGg6NTAwcHg7CglwYWRkaW5nOjEwcHg7Cglib3JkZXI6MXB4IHNvbGlkICMzMzM7Cglmb250LXdlaWdodDpib2xkOyovCglmb250LXNpemU6IDEycHg7Cn0Kc3Bhbi5jaG9pY2UgKyBzZWxlY3QgewoJcGFkZGluZzogM3B4OwoJYm9yZGVyOiAxcHggc29saWQgI2NjYzsKCWZvbnQtd2VpZ2h0OiBib2xkICFpbXBvcnRhbnQ7Cn0KI3Jha3V0ZW5MaW1pdGVkSWRfYXJvdW5kQ2FydCBzcGFuLmNob2ljZSB7CglkaXNwbGF5OiBibG9jazsKCW1hcmdpbi1ib3R0b206IDVweDsKfQoKCiAgICAKLyqkqoaWpKS6z6TvpLul3KW/pfMqLwpmb250IGlucHV0IHsKCWJhY2tncm91bmQ6I2ZjZmNmYyAxMHB4IDVweCAxMHB4IDA7CgliYWNrZ3JvdW5kLWltYWdlOm5vbmU7CgltYXJnaW4tYm90dG9tOjVweDsKCXBhZGRpbmc6NXB4Owp9CgovKklFjJ2P6iovCipodG1sIGZvbnQgaW5wdXQgewoJYmFja2dyb3VuZDojZmNmY2ZjIG5vLXJlcGVhdCA5cHggOHB4OwoJbWFyZ2luLWJvdHRvbTo2cHg7Cn0KCi8qpaultMnPy83Bz9Vow/el0KXKqWAqLwpzcGFuLnVuaXQgewoJYmFja2dyb3VuZDp1cmwoaHR0cDovL2ltYWdlLnJha3V0ZW4uY28uanAvcnl1cnl1LXNob3AvY2FiaW5ldC90b3AvcGNfc291cnlvdS5naWYpIG5vLXJlcGVhdCBsZWZ0IHRvcDsKCXRleHQtaW5kZW50Oi05OTk5OyBkaXNwbGF5OiBibG9jazsgd2lkdGg6IDIxMDsgaGVpZ2h0OiA2MDsgbWFyZ2luLXRvcDo1cHg7IG1hcmdpbi1ib3R0b206MHB4OwoJY29sb3I6I0ZGRkZGRjsKfQoKCjwvc3R5bGU+CjwhLS2hoaWrqWClyKXHpbalpKXzIGVuZCAtLT4=,pemlpKXAqWCluaXHpbalpKXzpdGpYKWroaGl2aXrqWClyiCk2aTrqWCkyiAgMzC0+iCl1aWhpcOlt6XnpfMgpeylx6WjqWCluSCloqWmpcil7KXDpcihvtTZ2JyJ06G/IL5ko7ql2aXrqWClyg==,NDC0+iA1MLT6IDYwtPql2aXrqWClyqXspcelo6lgpbml1aWhpcOlt6XnpfOl36W7pbmlwaXlpculw6WvtPOkraSkpbWlpKW6pbmpYKXEpdWlqalgpd6l66XvpfOl1Klgpbmls6lgpcilt6XLpaLI64hAIMjr0acg1+SIQCDX5JhJpdml66lgpcogpbupYKXrpdml66lgpcogpaKlpqXIpeylw6XIpe+lpKW6IDRFpdGl86XEpbOpYKXIw9ebZ7+Xpbil46WxpcOlyKXppaSlwKlgpbmlx6W2paSl86XRqWClq6Ghpdml66lgpcogpNmk66lgpMogIDMwtPogpdWloaXDpbel56XzIKXspcelo6lgpbkgpaKlpqXIpeylw6XIob7U2dicidOhvyC+ZA==,oaGho6XppaSlwKlgpbmlx6W2paSl86XRqWClq6Ghpdml66lgpcogpNmk66lgpMogIDMwtPogpdWloaXDpbel56XzIKXspcelo6lgpbkgpaKlpqXIpeylw6XIob7U2dicidOhvyC+ZA==[rn]
31-77562,aHR0cDovL3RzaG9wLnIxMHMuanAvYmVsbHVuYS9jYWJpbmV0L29iZGwtNS8xMjIwMDktMS5qcGc/Zml0aW49NzAwOjcwMA==,MTExNC40MDAw,,peylx6WjqWCluaXVpaGlw6W3peel8yA+IKXIpcOl16W5ID4gpdGpYKWrqWA=,yNWxvtF1pdGl6qXNpbil46WrqWClyaXXpeulqqlgpdCpYKGhpdml66lgpcogpNmk66lgpMogIDQwtPogNTC0+iA2MLT6IKXspcelo6lgpbkgpd+lu6W5IKXVpaGlw6W3peel86G+pb+lpKXgpbupYKXrMDYwMaG/,oaE=,PGlmcmFtZSBzcmM9Imh0dHBzOi8vd3d3LnJha3V0ZW4ubmUuanAvZ29sZC9iZWxsdW5hL291dGxldF90eHQuaHRtbCIgbmFtZT0iaGVhZCIgd2lkdGg9Ijc3MHB4IiBoZWlnaHQ9IjE1MHB4IiBzY3JvbGxpbmc9Im5vIiBmcmFtZWJvcmRlcj0iMCIgbWFyZ2lud2lkdGg9IjAiIG1hcmdpbmhlaWdodD0iMCI+PC9pZnJhbWU+PGJyPjxpbWcgc3JjPSJodHRwczovL2ltYWdlLnJha3V0ZW4uY28uanAvYmVsbHVuYS9jYWJpbmV0L3RvcC9leGNoYW5nZS5naWYiIGFsdD0it7XGtz+9u5NRpMukxKSkpMYiIHdpZHRoPSIyMzAiIGJvcmRlcj0iMCI+PGJyPjxpbWcgc3JjPSJodHRwczovL2ltYWdlLnJha3V0ZW4uY28uanAvYmVsbHVuYS9jYWJpbmV0L3RvcC9zaXplLmdpZiIgYWx0PSKks6TOyczGt6TOpbWlpKW6se2k8tKKpOsiIHdpZHRoPSIyMzAiIGJvcmRlcj0iMCI+PGJyPjxicj48aW1nIHNyYz0iaHR0cHM6Ly9pbWFnZS5yYWt1dGVuLmNvLmpwL2JlbGx1bmEvY2FiaW5ldC90b3AvdGl0bGUuZ2lmIj48YnI+PGJyPqHyIL3TtKXA5LjQPGJyPqHyIKXGpfOlu6Xru+w8YnI+ofIgpLOkwKTvpOqkzsjVsb7RdTxicj6h9iDGt9l8o6+l3aXqpailuaXGpes2MKOlP9a4tqjN4r+NvlMopcal86W7pespNDCjpaGhPGJyPqOqIMnMxreky6TopMOkxqGisfqkzrP2t72krK6QpMqk64j2us+krKS0pLakpKTepLmhozxicj48YnI+ofbPtOWqmUOVcqXNpcOlyMq508M8YnI+PGJyPrn6rmKkyqTppMekz6TOv428mqTKu6ix+qGjyOGk6aSrobilxqXzpbul67vsobml16XrpaqpYKXQqWCho7DCpOakraTOpKKk66W4peOlq6lgpcmx+qTIyOGk6aSrpMrXxdDEtdikrPfIwaahozxicj48YnI+w8Ckt6Sku6ix+qW4peOlq6lgpcmkyKXhpe2lpvHGpKz3yMGmoaO907SlwOS40MvYssSkx6W1pemlw6TIm/akt6SkvKHQxLXYpMekuaGjPGJyPjxicj48aW1nIHNyYz0iaHR0cHM6Ly9pbWFnZS5yYWt1dGVuLmNvLmpwL2JlbGx1bmEvY2FiaW5ldC90b3AvbGluZS5naWYiPjxicj48YnI+PGZvbnQgY29sb3I9IiM5OTk5OTkiIHNpemU9IjEiPqW1paSluqO6TS9MTC9MPGJyPsmro7ql7algpbqlsKXsqWAvpdmpYKW4peUvpdal66lgpbCl7KlgL6XUpfOlry+lsKXqqWCl8zwvZm9udD48YnI+PCEtLSCl2qlgpbilx6W2paSl8yAtLT4KPHN0eWxlIHR5cGU9InRleHQvY3NzIj4KCiNwYWdlYm9keSB7aGVpZ2h0OjA7fQojcGFnZWJvZHkgdGFibGUgewpib3JkZXItY29sbGFwc2U6Y29sbGFwc2U7Cn0KCmJvZHl7Cglmb250LWZhbWlseTogIqXhpaSl6qWqIiwgTWVpcnlvLCAi086ltKW3pcOlryIsIFl1R290aGljLCAipdKl6aWupc69x6W0IFByb04gVzMiLCAiSGlyYWdpbm8gS2FrdSBHb3RoaWMgUHJvTiIsIHNhbnMtc2VyaWY7Cn0KCmE6bGluayB7IGNvbG9yOiMyZTJlMmU7IHRleHQtZGVjb3JhdGlvbjpub25lOyB9CmE6dmlzaXRlZCB7IGNvbG9yOiMyZTJlMmU7IH0KYTphY3RpdmUgeyBjb2xvcjojMmUyZTJlOyB9CmE6aG92ZXIgeyBjb2xvcjojMmUyZTJlOyB0ZXh0LWRlY29yYXRpb246dW5kZXJsaW5lOyB9CgoKLyrYnInTjGe/gyovCi5yZXN1bHRzIHsKCWNvbG9yOiMyZTJlMmU7Cglmb250LXNpemU6MjBweDsKCWZvbnQtd2VpZ2h0OmJvbGQ7CglsZXR0ZXItc3BhY2luZzowLjVlbTsKCW1hcmdpbi1ib3R0b206NTBweDsKfQoKLnRoYW5rc3sKCWZvbnQtc2l6ZToxNXB4Owp9CgpzcGFuLnJlc3VsdHNfbnVtYmVyewoJZm9udC1zaXplOjYwcHg7Cn0KCgovKsnMxrfD+9bcpOoqLwp0ZC5zZHRleHR7Cglmb250LXNpemU6IDcwJTsKfQkKCnNwYW4uY2F0Y2hfY29weXsKICAgIGxpbmUtaGVpZ2h0OiAxLjVlbTsKICAgIGRpc3BsYXk6IGJsb2NrOwogICAgZm9udC1zaXplOiA2MCU7Cn0KCQpzcGFuLml0ZW1fbmFtZSB7CiAgICBsaW5lLWhlaWdodDogMS41ZW07CiAgICBmb250LXNpemU6IDc1JTsKfQoKc3Ryb25nLCBiIHsKCWZvbnQtd2VpZ2h0OiBub3JtYWw7Cn0KCnNwYW4uaW52ZW50b3J5X2Nob2ljZV9uYW1lIHsKICAgIGZvbnQtc2l6ZTogODAlOwoKfQpzcGFuLmludmVudG9yeV9kZXNjIHsKZGlzcGxheTogYmxvY2s7CnBhZGRpbmc6IDEwcHggMHB4Owp9Cgp0ZC5pbnZlbnRvcnlfY2hvaWNlX25hbWV7CiAgICB3aGl0ZS1zcGFjZTogbm9ybWFsOwogICAgcGFkZGluZy1yaWdodDogMnB4OwogICAgcGFkZGluZy1sZWZ0OiAycHg7CiAgICBwYWRkaW5nLWJvdHRvbTogMnB4OwogICAgcGFkZGluZy10b3A6IDJweDsKICAgIG1hcmdpbjogMHB4Owp9CgoKCgovKqWrpempYKW1paSlurHtKi8Kc3Bhbi5pbnZlbnRvcnlfY2hvaWNlX25hbWUgewoJZm9udC1zaXplOiA4MCU7Cn0KCiNyYWt1dGVuTGltaXRlZElkX2Fyb3VuZENhcnQgdGQuaW52ZW50b3J5IHsKICAgIHBhZGRpbmc6M3B4IWltcG9ydGFudDsKICAgIHdoaXRlLXNwYWNlOiBub3JtYWw7Cn0KLmludmVudG9yeSBmb250ewoJZm9udC1zaXplOjEwcHg7Cgljb2xvcjogIzk5OTk5OTsKfQoKc3Bhbi5pdGVtX2Rlc2N7CiAgICBmb250LXNpemU6IDgwJTsKICAgIG1hcmdpbi10b3A6IDIwcHg7CiAgICBkaXNwbGF5OiBibG9jazsKfQoKc3Bhbi5zYWxlX2Rlc2MgaW1newogICAgd2lkdGg6IDc3MHB4OwogICAgZGlzcGxheTogYmxvY2s7Cn0KCgovKu2XxL/feJJr1qsqLwpzcGFuLmNob2ljZSB7CgkvKm1hcmdpbi10b3A6MjBweDsKCXdpZHRoOjUwMHB4OwoJcGFkZGluZzoxMHB4OwoJYm9yZGVyOjFweCBzb2xpZCAjMzMzOwoJZm9udC13ZWlnaHQ6Ym9sZDsqLwoJZm9udC1zaXplOiAxMnB4Owp9CnNwYW4uY2hvaWNlICsgc2VsZWN0IHsKCXBhZGRpbmc6IDNweDsKCWJvcmRlcjogMXB4IHNvbGlkICNjY2M7Cglmb250LXdlaWdodDogYm9sZCAhaW1wb3J0YW50Owp9CiNyYWt1dGVuTGltaXRlZElkX2Fyb3VuZENhcnQgc3Bhbi5jaG9pY2UgewoJZGlzcGxheTogYmxvY2s7CgltYXJnaW4tYm90dG9tOiA1cHg7Cn0KCgogICAgCi8qpKqGlqSkus+k76S7pdylv6XzKi8KZm9udCBpbnB1dCB7CgliYWNrZ3JvdW5kOiNmY2ZjZmMgMTBweCA1cHggMTBweCAwOwoJYmFja2dyb3VuZC1pbWFnZTpub25lOwoJbWFyZ2luLWJvdHRvbTo1cHg7CglwYWRkaW5nOjVweDsKfQoKLypJRYydj+oqLwoqaHRtbCBmb250IGlucHV0IHsKCWJhY2tncm91bmQ6I2ZjZmNmYyBuby1yZXBlYXQgOXB4IDhweDsKCW1hcmdpbi1ib3R0b206NnB4Owp9CgovKqWrpbTJz8vNwc/VaMP3pdClyqlgKi8Kc3Bhbi51bml0IHsKCWJhY2tncm91bmQ6dXJsKGh0dHA6Ly9pbWFnZS5yYWt1dGVuLmNvLmpwL3J5dXJ5dS1zaG9wL2NhYmluZXQvdG9wL3BjX3NvdXJ5b3UuZ2lmKSBuby1yZXBlYXQgbGVmdCB0b3A7Cgl0ZXh0LWluZGVudDotOTk5OTsgZGlzcGxheTogYmxvY2s7IHdpZHRoOiAyMTA7IGhlaWdodDogNjA7IG1hcmdpbi10b3A6NXB4OyBtYXJnaW4tYm90dG9tOjBweDsKCWNvbG9yOiNGRkZGRkY7Cn0KCgo8L3N0eWxlPgo8IS0toaGlq6lgpcilx6W2paSl8yBlbmQgLS0+,yNWxvtF1pdGl6qXNpbil46WrqWClyaXXpeulqqlgpdCpYKGhpdml66lgpcogpNmk66lgpMogIDQwtPogNTC0+iA2MLT6IKXspcelo6lgpbkgpd+lu6W5IKXVpaGlw6W3peel86G+pb+lpKXgpbupYKXrMDYwMaG/o7ql2aXrqWClyg==,NDC0+iA1MLT6IDYwtPql2aXrqWClyqXspcelo6lgpbml1aWhpcOlt6XnpfOl36W7pbmlwaXlpculw6WvtPOkraSkpbWlpKW6pbmpYKXEpdWlqalgpd6l66XvpfOl1Klgpbmls6lgpcilt6XLpaLI64hAIMjr0acg1+SIQCDX5JhJpdml66lgpcogpbupYKXrpdml66lgpcogpaKlpqXIpeylw6XIpe+lpKW6IDRFpdGl86XEpbOpYKXIw9ebZ7+Xpbil46WxpcOlyMjVsb7RdaXRpeqlzaW4peOlq6lgpcml16XrpaqpYKXQqWChoaXZpeupYKXKIKTZpOupYKTKICA0MLT6IDUwtPogNjC0+iCl7KXHpaOpYKW5IKXfpbuluSCl1aWhpcOlt6XnpfOhvqW/paSl4KW7qWCl6zA2MDGhvw==,oaGho8jVsb7RdaXRpeqlzaW4peOlq6lgpcml16XrpaqpYKXQqWChoaXZpeupYKXKIKTZpOupYKTKICA0MLT6IDUwtPogNjC0+iCl7KXHpaOpYKW5IKXfpbuluSCl1aWhpcOlt6XnpfOhvqW/paSl4KW7qWCl6zA2MDGhvw==[rn]
31-77563,aHR0cDovL3RzaG9wLnIxMHMuanAvYmVsbHVuYS9jYWJpbmV0L29heWYtNS83MDU0MDctMS5qcGc/Zml0aW49NzAwOjcwMA==,MTcxOS4yMDAw,,peylx6WjqWCluaXVpaGlw6W3peel8yA+IKXIpcOl16W5ID4gpdGpYKWrqWA=,peypYKW5yrmkpKXcqWClwKlgpdel66WqqWCl0KlgoaGl2aXrqWClyiCk2aTrqWCkyiAgpemlyqXzIFJhbmFuIKG+MzC0+iA0MLT6IKXspcelo6lgpbkgpdWloaXDpbel56Xzob8gvmQ=,oaE=,PGlmcmFtZSBzcmM9Imh0dHBzOi8vd3d3LnJha3V0ZW4ubmUuanAvZ29sZC9iZWxsdW5hL291dGxldF90eHQuaHRtbCIgbmFtZT0iaGVhZCIgd2lkdGg9Ijc2MHB4IiBoZWlnaHQ9IjE1MHB4IiBzY3JvbGxpbmc9Im5vIiBmcmFtZWJvcmRlcj0iMCIgbWFyZ2lud2lkdGg9IjAiIG1hcmdpbmhlaWdodD0iMCI+PC9pZnJhbWU+PGJyPjxpbWcgc3JjPSJodHRwczovL2ltYWdlLnJha3V0ZW4uY28uanAvYmVsbHVuYS9jYWJpbmV0L3RvcC9leGNoYW5nZS5naWYiIGFsdD0it7XGtz+9u5NRpMukxKSkpMYiIHdpZHRoPSIyMzAiIGJvcmRlcj0iMCI+PGJyPjxpbWcgc3JjPSJodHRwczovL2ltYWdlLnJha3V0ZW4uY28uanAvYmVsbHVuYS9jYWJpbmV0L3RvcC9zaXplLmdpZiIgYWx0PSKks6TOyczGt6TOpbWlpKW6se2k8tKKpOsiIHdpZHRoPSIyMzAiIGJvcmRlcj0iMCI+PGJyPjxicj48aW1nIHNyYz0iaHR0cHM6Ly9pbWFnZS5yYWt1dGVuLmNvLmpwL2JlbGx1bmEvY2FiaW5ldC90b3AvdGl0bGUuZ2lmIj48YnI+PGJyPsa32Xyjr75kMTAwo6UopeypYKW5sr+31ikgpcqlpKXtpfMxMDCjpTxicj48YnI+ofbK1tG6pLfPtKSkPGJyPjxicj6lq6W4peWloqXrpMrW0KTLpOLFrtDUpOmkt6Sk06HP86TO6UzQ5KXXpeulqqlgpdCpYKGjpeypYKW5pM7PwqSrpOml3KlgpcCpYKSszbiksaTGpLOkyqTspL/rg4fsmt2ky6GjPGJyPjxicj48aW1nIHNyYz0iaHR0cHM6Ly9pbWFnZS5yYWt1dGVuLmNvLmpwL2JlbGx1bmEvY2FiaW5ldC90b3AvbGluZS5naWYiPjxicj48YnI+PGZvbnQgY29sb3I9IiM5OTk5OTkiIHNpemU9IjEiPqW1paSluqO6o80vo8yjzC+jzDxicj7Jq6O6pc2lpKXTqWChwaXspcOlyS+lqqXVpdul76WkpcihwaXNpaSl06lgPC9mb250Pjxicj48IS0tIKXaqWCluKXHpbalpKXzIC0tPgo8c3R5bGUgdHlwZT0idGV4dC9jc3MiPgoKI3BhZ2Vib2R5IHtoZWlnaHQ6MDt9CiNwYWdlYm9keSB0YWJsZSB7CmJvcmRlci1jb2xsYXBzZTpjb2xsYXBzZTsKfQoKYm9keXsKCWZvbnQtZmFtaWx5OiAipeGlpKXqpaoiLCBNZWlyeW8sICLTzqW0pbelw6WvIiwgWXVHb3RoaWMsICKl0qXppa6lzr3HpbQgUHJvTiBXMyIsICJIaXJhZ2lubyBLYWt1IEdvdGhpYyBQcm9OIiwgc2Fucy1zZXJpZjsKfQoKYTpsaW5rIHsgY29sb3I6IzJlMmUyZTsgdGV4dC1kZWNvcmF0aW9uOm5vbmU7IH0KYTp2aXNpdGVkIHsgY29sb3I6IzJlMmUyZTsgfQphOmFjdGl2ZSB7IGNvbG9yOiMyZTJlMmU7IH0KYTpob3ZlciB7IGNvbG9yOiMyZTJlMmU7IHRleHQtZGVjb3JhdGlvbjp1bmRlcmxpbmU7IH0KCgovKticidOMZ7+DKi8KLnJlc3VsdHMgewoJY29sb3I6IzJlMmUyZTsKCWZvbnQtc2l6ZToyMHB4OwoJZm9udC13ZWlnaHQ6Ym9sZDsKCWxldHRlci1zcGFjaW5nOjAuNWVtOwoJbWFyZ2luLWJvdHRvbTo1MHB4Owp9CgoudGhhbmtzewoJZm9udC1zaXplOjE1cHg7Cn0KCnNwYW4ucmVzdWx0c19udW1iZXJ7Cglmb250LXNpemU6NjBweDsKfQoKCi8qyczGt8P71tyk6iovCnRkLnNkdGV4dHsKCWZvbnQtc2l6ZTogNzAlOwp9CQoKc3Bhbi5jYXRjaF9jb3B5ewogICAgbGluZS1oZWlnaHQ6IDEuNWVtOwogICAgZGlzcGxheTogYmxvY2s7CiAgICBmb250LXNpemU6IDYwJTsKfQoJCnNwYW4uaXRlbV9uYW1lIHsKICAgIGxpbmUtaGVpZ2h0OiAxLjVlbTsKICAgIGZvbnQtc2l6ZTogNzUlOwp9CgpzdHJvbmcsIGIgewoJZm9udC13ZWlnaHQ6IG5vcm1hbDsKfQoKc3Bhbi5pbnZlbnRvcnlfY2hvaWNlX25hbWUgewogICAgZm9udC1zaXplOiA4MCU7Cgp9CnNwYW4uaW52ZW50b3J5X2Rlc2MgewpkaXNwbGF5OiBibG9jazsKcGFkZGluZzogMTBweCAwcHg7Cn0KCnRkLmludmVudG9yeV9jaG9pY2VfbmFtZXsKICAgIHdoaXRlLXNwYWNlOiBub3JtYWw7CiAgICBwYWRkaW5nLXJpZ2h0OiAycHg7CiAgICBwYWRkaW5nLWxlZnQ6IDJweDsKICAgIHBhZGRpbmctYm90dG9tOiAycHg7CiAgICBwYWRkaW5nLXRvcDogMnB4OwogICAgbWFyZ2luOiAwcHg7Cn0KCgoKCi8qpaul6algpbWlpKW6se0qLwpzcGFuLmludmVudG9yeV9jaG9pY2VfbmFtZSB7Cglmb250LXNpemU6IDgwJTsKfQoKI3Jha3V0ZW5MaW1pdGVkSWRfYXJvdW5kQ2FydCB0ZC5pbnZlbnRvcnkgewogICAgcGFkZGluZzozcHghaW1wb3J0YW50OwogICAgd2hpdGUtc3BhY2U6IG5vcm1hbDsKfQouaW52ZW50b3J5IGZvbnR7Cglmb250LXNpemU6MTBweDsKCWNvbG9yOiAjOTk5OTk5Owp9CgpzcGFuLml0ZW1fZGVzY3sKICAgIGZvbnQtc2l6ZTogODAlOwogICAgbWFyZ2luLXRvcDogMjBweDsKICAgIGRpc3BsYXk6IGJsb2NrOwp9CgpzcGFuLnNhbGVfZGVzYyBpbWd7CiAgICB3aWR0aDogNzcwcHg7CiAgICBkaXNwbGF5OiBibG9jazsKfQoKCi8q7ZfEv994kmvWqyovCnNwYW4uY2hvaWNlIHsKCS8qbWFyZ2luLXRvcDoyMHB4OwoJd2lkdGg6NTAwcHg7CglwYWRkaW5nOjEwcHg7Cglib3JkZXI6MXB4IHNvbGlkICMzMzM7Cglmb250LXdlaWdodDpib2xkOyovCglmb250LXNpemU6IDEycHg7Cn0Kc3Bhbi5jaG9pY2UgKyBzZWxlY3QgewoJcGFkZGluZzogM3B4OwoJYm9yZGVyOiAxcHggc29saWQgI2NjYzsKCWZvbnQtd2VpZ2h0OiBib2xkICFpbXBvcnRhbnQ7Cn0KI3Jha3V0ZW5MaW1pdGVkSWRfYXJvdW5kQ2FydCBzcGFuLmNob2ljZSB7CglkaXNwbGF5OiBibG9jazsKCW1hcmdpbi1ib3R0b206IDVweDsKfQoKCiAgICAKLyqkqoaWpKS6z6TvpLul3KW/pfMqLwpmb250IGlucHV0IHsKCWJhY2tncm91bmQ6I2ZjZmNmYyAxMHB4IDVweCAxMHB4IDA7CgliYWNrZ3JvdW5kLWltYWdlOm5vbmU7CgltYXJnaW4tYm90dG9tOjVweDsKCXBhZGRpbmc6NXB4Owp9CgovKklFjJ2P6iovCipodG1sIGZvbnQgaW5wdXQgewoJYmFja2dyb3VuZDojZmNmY2ZjIG5vLXJlcGVhdCA5cHggOHB4OwoJbWFyZ2luLWJvdHRvbTo2cHg7Cn0KCi8qpaultMnPy83Bz9Vow/el0KXKqWAqLwpzcGFuLnVuaXQgewoJYmFja2dyb3VuZDp1cmwoaHR0cDovL2ltYWdlLnJha3V0ZW4uY28uanAvcnl1cnl1LXNob3AvY2FiaW5ldC90b3AvcGNfc291cnlvdS5naWYpIG5vLXJlcGVhdCBsZWZ0IHRvcDsKCXRleHQtaW5kZW50Oi05OTk5OyBkaXNwbGF5OiBibG9jazsgd2lkdGg6IDIxMDsgaGVpZ2h0OiA2MDsgbWFyZ2luLXRvcDo1cHg7IG1hcmdpbi1ib3R0b206MHB4OwoJY29sb3I6I0ZGRkZGRjsKfQoKCjwvc3R5bGU+CjwhLS2hoaWrqWClyKXHpbalpKXzIGVuZCAtLT4=,peypYKW5yrmkpKXcqWClwKlgpdel66WqqWCl0KlgoaGl2aXrqWClyiCk2aTrqWCkyiAgpemlyqXzIFJhbmFuIKG+MzC0+iA0MLT6IKXspcelo6lgpbkgpdWloaXDpbel56Xzob8gvmSjuqXZpeupYKXK,NDC0+iA1MLT6IDYwtPql2aXrqWClyqXspcelo6lgpbml1aWhpcOlt6XnpfOl36W7pbmlwaXlpculw6WvtPOkraSkpbWlpKW6pbmpYKXEpdWlqalgpd6l66XvpfOl1Klgpbmls6lgpcilt6XLpaLI64hAIMjr0acg1+SIQCDX5JhJpdml66lgpcogpbupYKXrpdml66lgpcogpaKlpqXIpeylw6XIpe+lpKW6IDRFpdGl86XEpbOpYKXIw9ebZ7+Xpbil46WxpcOlyKXsqWClucq5pKSl3KlgpcCpYKXXpeulqqlgpdCpYKGhpdml66lgpcogpNmk66lgpMogIKXppcql8yBSYW5hbiChvjMwtPogNDC0+iCl7KXHpaOpYKW5IKXVpaGlw6W3peel86G/IL5k,oaGho6XsqWClucq5pKSl3KlgpcCpYKXXpeulqqlgpdCpYKGhpdml66lgpcogpNmk66lgpMogIKXppcql8yBSYW5hbiChvjMwtPogNDC0+iCl7KXHpaOpYKW5IKXVpaGlw6W3peel86G/IL5k[rn]
31-77564,aHR0cDovL3RzaG9wLnIxMHMuanAvYmVsbHVuYS9jYWJpbmV0L29iZ3ItNS82MjM0NjAtMS5qcGc/Zml0aW49NzAwOjcwMA==,NjY0LjgwMDA=,,peylx6WjqWCluaXVpaGlw6W3peel8yA+IKXIpcOl16W5ID4gpdGpYKWrqWA=,pdypYKXAqWCx+qXVpeql66XHpbalpKXzpdel66WqqWCl0KlgoaGl2aXrqWClyiCk2aTrqWCkyiChvjQwtPogNTC0+iA2MLT6IKXspcelo6lgpbkgpd+lu6W5IKXVpaGlw6W3peel86G/ob7U2dicidOlualgpdGpYKW7qWCl6zA2MTehvw==,oaE=,PGlmcmFtZSBzcmM9Imh0dHBzOi8vd3d3LnJha3V0ZW4ubmUuanAvZ29sZC9iZWxsdW5hL291dGxldF90eHQuaHRtbCIgbmFtZT0iaGVhZCIgd2lkdGg9Ijc2MHB4IiBoZWlnaHQ9IjE1MHB4IiBzY3JvbGxpbmc9Im5vIiBmcmFtZWJvcmRlcj0iMCIgbWFyZ2lud2lkdGg9IjAiIG1hcmdpbmhlaWdodD0iMCI+PC9pZnJhbWU+PGJyPjxpbWcgc3JjPSJodHRwczovL2ltYWdlLnJha3V0ZW4uY28uanAvYmVsbHVuYS9jYWJpbmV0L3RvcC9leGNoYW5nZS5naWYiIGFsdD0it7XGtz+9u5NRpMukxKSkpMYiIHdpZHRoPSIyMzAiIGJvcmRlcj0iMCI+PGJyPjxpbWcgc3JjPSJodHRwczovL2ltYWdlLnJha3V0ZW4uY28uanAvYmVsbHVuYS9jYWJpbmV0L3RvcC9zaXplLmdpZiIgYWx0PSKks6TOyczGt6TOpbWlpKW6se2k8tKKpOsiIHdpZHRoPSIyMzAiIGJvcmRlcj0iMCI+PGJyPjxicj48aW1nIHNyYz0iaHR0cHM6Ly9pbWFnZS5yYWt1dGVuLmNvLmpwL2JlbGx1bmEvY2FiaW5ldC90b3AvdGl0bGUuZ2lmIj48YnI+PGJyPqH2IMa32Xyjr6XdpeqlqKW5pcal6zY3o6U/peypYKXopfMzM6OlPGJyPqOqIMnMxreky6TopMOkxqGisfqkzrP2t72krK6QpMqk64j2us+krKS0pLakpKTepLmhozxicj48YnI+ofbK1tG6pLfPtKSkPGJyPjxicj6l3qXqpfPVe6XcqWClwKlgpMe088jLpauluKXlpaKl66TK17CkpKGjpdypYKXAqWCky6XppcOl1aXrpMilrqXjpbapYKTHuMqktaTyzO2kqKTGoaM8YnI+PGJyPqG+z8TuhqXcqWClwKlgocGl1aXqpeukzrjK0MGl36XDpa+luaXXpeulqqlgpdCpYKG/PGJyPqW3peOpYKXXpMql3KlgpcCpYKTIuMqktaTOpKKk66XppcOl1aXrpdWl6qXrpM69TaTfus+k76S7oaOluKXjpbGlw6XIpMuk4tOzpKik69K7w7akx6S5oaM8YnI+PGJyPticidOktaTspMakpKTKpKTJqz+ltaWkpbq1yKTOx+mI86SskvfdZKS1pOykxqSkpOuI9rrPpKyktKS2pKSk3qS5oaM8YnI+ydChosmrP6W1paSluqTLpOik6oH9uPE/uO7S/cLKpKyukKTKpMOkxqSkpOuI9rrPpOShoonTx9Ck7KTOiPa6z6TipLSktqSkpN6kuaGjIDxicj48YnI+MjAxM8Tqz8ShodicidPJzMa3PGJyPjxicj6h8aW7qWCl68zYgf3JzMa3pM+l2aXrqWClyqXPpcOl1Klgpd2lpKXzpciMnc/zzeKkyKTKpOqk3qS5oaM8YnI+PGJyPjxpbWcgc3JjPSJodHRwczovL2ltYWdlLnJha3V0ZW4uY28uanAvYmVsbHVuYS9jYWJpbmV0L3RvcC9saW5lLmdpZiI+PGJyPjxicj48Zm9udCBjb2xvcj0iIzk5OTk5OSIgc2l6ZT0iMSI+pbWlpKW6o7qjzS+jzKPML6PMPGJyPsmro7q9Q6HBpaql1bDXL/xcocGlqqXVsNcvpdGpYKXXpeuhwfxcPC9mb250Pjxicj48IS0tIKXaqWCluKXHpbalpKXzIC0tPgo8c3R5bGUgdHlwZT0idGV4dC9jc3MiPgoKI3BhZ2Vib2R5IHtoZWlnaHQ6MDt9CiNwYWdlYm9keSB0YWJsZSB7CmJvcmRlci1jb2xsYXBzZTpjb2xsYXBzZTsKfQoKYm9keXsKCWZvbnQtZmFtaWx5OiAipeGlpKXqpaoiLCBNZWlyeW8sICLTzqW0pbelw6WvIiwgWXVHb3RoaWMsICKl0qXppa6lzr3HpbQgUHJvTiBXMyIsICJIaXJhZ2lubyBLYWt1IEdvdGhpYyBQcm9OIiwgc2Fucy1zZXJpZjsKfQoKYTpsaW5rIHsgY29sb3I6IzJlMmUyZTsgdGV4dC1kZWNvcmF0aW9uOm5vbmU7IH0KYTp2aXNpdGVkIHsgY29sb3I6IzJlMmUyZTsgfQphOmFjdGl2ZSB7IGNvbG9yOiMyZTJlMmU7IH0KYTpob3ZlciB7IGNvbG9yOiMyZTJlMmU7IHRleHQtZGVjb3JhdGlvbjp1bmRlcmxpbmU7IH0KCgovKticidOMZ7+DKi8KLnJlc3VsdHMgewoJY29sb3I6IzJlMmUyZTsKCWZvbnQtc2l6ZToyMHB4OwoJZm9udC13ZWlnaHQ6Ym9sZDsKCWxldHRlci1zcGFjaW5nOjAuNWVtOwoJbWFyZ2luLWJvdHRvbTo1MHB4Owp9CgoudGhhbmtzewoJZm9udC1zaXplOjE1cHg7Cn0KCnNwYW4ucmVzdWx0c19udW1iZXJ7Cglmb250LXNpemU6NjBweDsKfQoKCi8qyczGt8P71tyk6iovCnRkLnNkdGV4dHsKCWZvbnQtc2l6ZTogNzAlOwp9CQoKc3Bhbi5jYXRjaF9jb3B5ewogICAgbGluZS1oZWlnaHQ6IDEuNWVtOwogICAgZGlzcGxheTogYmxvY2s7CiAgICBmb250LXNpemU6IDYwJTsKfQoJCnNwYW4uaXRlbV9uYW1lIHsKICAgIGxpbmUtaGVpZ2h0OiAxLjVlbTsKICAgIGZvbnQtc2l6ZTogNzUlOwp9CgpzdHJvbmcsIGIgewoJZm9udC13ZWlnaHQ6IG5vcm1hbDsKfQoKc3Bhbi5pbnZlbnRvcnlfY2hvaWNlX25hbWUgewogICAgZm9udC1zaXplOiA4MCU7Cgp9CnNwYW4uaW52ZW50b3J5X2Rlc2MgewpkaXNwbGF5OiBibG9jazsKcGFkZGluZzogMTBweCAwcHg7Cn0KCnRkLmludmVudG9yeV9jaG9pY2VfbmFtZXsKICAgIHdoaXRlLXNwYWNlOiBub3JtYWw7CiAgICBwYWRkaW5nLXJpZ2h0OiAycHg7CiAgICBwYWRkaW5nLWxlZnQ6IDJweDsKICAgIHBhZGRpbmctYm90dG9tOiAycHg7CiAgICBwYWRkaW5nLXRvcDogMnB4OwogICAgbWFyZ2luOiAwcHg7Cn0KCgoKCi8qpaul6algpbWlpKW6se0qLwpzcGFuLmludmVudG9yeV9jaG9pY2VfbmFtZSB7Cglmb250LXNpemU6IDgwJTsKfQoKI3Jha3V0ZW5MaW1pdGVkSWRfYXJvdW5kQ2FydCB0ZC5pbnZlbnRvcnkgewogICAgcGFkZGluZzozcHghaW1wb3J0YW50OwogICAgd2hpdGUtc3BhY2U6IG5vcm1hbDsKfQouaW52ZW50b3J5IGZvbnR7Cglmb250LXNpemU6MTBweDsKCWNvbG9yOiAjOTk5OTk5Owp9CgpzcGFuLml0ZW1fZGVzY3sKICAgIGZvbnQtc2l6ZTogODAlOwogICAgbWFyZ2luLXRvcDogMjBweDsKICAgIGRpc3BsYXk6IGJsb2NrOwp9CgpzcGFuLnNhbGVfZGVzYyBpbWd7CiAgICB3aWR0aDogNzcwcHg7CiAgICBkaXNwbGF5OiBibG9jazsKfQoKCi8q7ZfEv994kmvWqyovCnNwYW4uY2hvaWNlIHsKCS8qbWFyZ2luLXRvcDoyMHB4OwoJd2lkdGg6NTAwcHg7CglwYWRkaW5nOjEwcHg7Cglib3JkZXI6MXB4IHNvbGlkICMzMzM7Cglmb250LXdlaWdodDpib2xkOyovCglmb250LXNpemU6IDEycHg7Cn0Kc3Bhbi5jaG9pY2UgKyBzZWxlY3QgewoJcGFkZGluZzogM3B4OwoJYm9yZGVyOiAxcHggc29saWQgI2NjYzsKCWZvbnQtd2VpZ2h0OiBib2xkICFpbXBvcnRhbnQ7Cn0KI3Jha3V0ZW5MaW1pdGVkSWRfYXJvdW5kQ2FydCBzcGFuLmNob2ljZSB7CglkaXNwbGF5OiBibG9jazsKCW1hcmdpbi1ib3R0b206IDVweDsKfQoKCiAgICAKLyqkqoaWpKS6z6TvpLul3KW/pfMqLwpmb250IGlucHV0IHsKCWJhY2tncm91bmQ6I2ZjZmNmYyAxMHB4IDVweCAxMHB4IDA7CgliYWNrZ3JvdW5kLWltYWdlOm5vbmU7CgltYXJnaW4tYm90dG9tOjVweDsKCXBhZGRpbmc6NXB4Owp9CgovKklFjJ2P6iovCipodG1sIGZvbnQgaW5wdXQgewoJYmFja2dyb3VuZDojZmNmY2ZjIG5vLXJlcGVhdCA5cHggOHB4OwoJbWFyZ2luLWJvdHRvbTo2cHg7Cn0KCi8qpaultMnPy83Bz9Vow/el0KXKqWAqLwpzcGFuLnVuaXQgewoJYmFja2dyb3VuZDp1cmwoaHR0cDovL2ltYWdlLnJha3V0ZW4uY28uanAvcnl1cnl1LXNob3AvY2FiaW5ldC90b3AvcGNfc291cnlvdS5naWYpIG5vLXJlcGVhdCBsZWZ0IHRvcDsKCXRleHQtaW5kZW50Oi05OTk5OyBkaXNwbGF5OiBibG9jazsgd2lkdGg6IDIxMDsgaGVpZ2h0OiA2MDsgbWFyZ2luLXRvcDo1cHg7IG1hcmdpbi1ib3R0b206MHB4OwoJY29sb3I6I0ZGRkZGRjsKfQoKCjwvc3R5bGU+CjwhLS2hoaWrqWClyKXHpbalpKXzIGVuZCAtLT4=,pdypYKXAqWCx+qXVpeql66XHpbalpKXzpdel66WqqWCl0KlgoaGl2aXrqWClyiCk2aTrqWCkyiChvjQwtPogNTC0+iA2MLT6IKXspcelo6lgpbkgpd+lu6W5IKXVpaGlw6W3peel86G/ob7U2dicidOlualgpdGpYKW7qWCl6zA2MTehv6O6pdml66lgpco=,NDC0+iA1MLT6IDYwtPql2aXrqWClyqXspcelo6lgpbml1aWhpcOlt6XnpfOl36W7pbmlwaXlpculw6WvtPOkraSkpbWlpKW6pbmpYKXEpdWlqalgpd6l66XvpfOl1Klgpbmls6lgpcilt6XLpaLI64hAIMjr0acg1+SIQCDX5JhJpdml66lgpcogpbupYKXrpdml66lgpcogpaKlpqXIpeylw6XIpe+lpKW6IDRFpdGl86XEpbOpYKXIw9ebZ7+Xpbil46WxpcOlyKXcqWClwKlgsfql1aXqpeulx6W2paSl86XXpeulqqlgpdCpYKGhpdml66lgpcogpNmk66lgpMogob40MLT6IDUwtPogNjC0+iCl7KXHpaOpYKW5IKXfpbuluSCl1aWhpcOlt6XnpfOhv6G+1NnYnInTpbmpYKXRqWClu6lgpeswNjE3ob8=,oaGho6XcqWClwKlgsfql1aXqpeulx6W2paSl86XXpeulqqlgpdCpYKGhpdml66lgpcogpNmk66lgpMogob40MLT6IDUwtPogNjC0+iCl7KXHpaOpYKW5IKXfpbuluSCl1aWhpcOlt6XnpfOhv6G+1NnYnInTpbmpYKXRqWClu6lgpeswNjE3ob8=[rn]
31-77565,aHR0cDovL3RzaG9wLnIxMHMuanAvYmVsbHVuYS9jYWJpbmV0L29iZ3YtNS83MDU3ODMtMS5qcGc/Zml0aW49NzAwOjcwMA==,MTcxOS4yMDAw,,peylx6WjqWCluaXVpaGlw6W3peel8yA+IKXIpcOl16W5ID4gpdGpYKWrqWA=,peylpKXkqWClyaXHpbalpKXzpdel66WqqWCl0KlgoaGl2aXrqWClyiCk2aTrqWCkyiCl6aXKpfMgUmFuYW4gob4zMLT6IDQwtPogpeylx6WjqWCluSCl1aWhpcOlt6XnpfOhv6G+1NnYnInTMDkwMqG/IL5k,oaE=,PGlmcmFtZSBzcmM9Imh0dHBzOi8vd3d3LnJha3V0ZW4ubmUuanAvZ29sZC9iZWxsdW5hL291dGxldF90eHQuaHRtbCIgbmFtZT0iaGVhZCIgd2lkdGg9Ijc2MHB4IiBoZWlnaHQ9IjE1MHB4IiBzY3JvbGxpbmc9Im5vIiBmcmFtZWJvcmRlcj0iMCIgbWFyZ2lud2lkdGg9IjAiIG1hcmdpbmhlaWdodD0iMCI+PC9pZnJhbWU+PGJyPjxpbWcgc3JjPSJodHRwczovL2ltYWdlLnJha3V0ZW4uY28uanAvYmVsbHVuYS9jYWJpbmV0L3RvcC9leGNoYW5nZS5naWYiIGFsdD0it7XGtz+9u5NRpMukxKSkpMYiIHdpZHRoPSIyMzAiIGJvcmRlcj0iMCI+PGJyPjxpbWcgc3JjPSJodHRwczovL2ltYWdlLnJha3V0ZW4uY28uanAvYmVsbHVuYS9jYWJpbmV0L3RvcC9zaXplLmdpZiIgYWx0PSKks6TOyczGt6TOpbWlpKW6se2k8tKKpOsiIHdpZHRoPSIyMzAiIGJvcmRlcj0iMCI+PGJyPjxicj48aW1nIHNyYz0iaHR0cHM6Ly9pbWFnZS5yYWt1dGVuLmNvLmpwL2JlbGx1bmEvY2FiaW5ldC90b3AvdGl0bGUuZ2lmIj48YnI+PGJyPsa32XyjryilsKXsqWAppd2l6qWopbmlxqXrNzKjpSC+ZDIzo6UgpeypYKXopfM1o6Uopc2lpKXTqWApIKXdpeqlqKW5pcal6zgwo6UgvmQyMKOlKIRlsryyv7fWKSC+ZDEwMKOlPGJyPqH5IMnMxreky6TopMOkxrH6pM6z9re9pKyukKTKpOuI9rrPpKykoqTqpN6kuaGjPGJyPjxicj6h9srW0bqkt8+0pKQ8YnI+PGJyPvHGpMjx1aTLyfq12KTyvU2k37rPpO+ku6S/paulw6XIpb2pYKGjpN6k66THpaSl86XKqWCky6W3peOlxKTy18WkxqSkpOuk6KSmpMqlx6W2paSl86GjPGJyPjxicj48aW1nIHNyYz0iaHR0cHM6Ly9pbWFnZS5yYWt1dGVuLmNvLmpwL2JlbGx1bmEvY2FiaW5ldC90b3AvbGluZS5naWYiPjxicj48YnI+PGZvbnQgY29sb3I9IiM5OTk5OTkiIHNpemU9IjEiPqW1paSluqO6o80vo8yjzC+jzC+js6PMPGJyPsmro7qlzaWkpdOpYC+lsKXsqWA8L2ZvbnQ+PGJyPjwhLS0gpdqpYKW4pceltqWkpfMgLS0+CjxzdHlsZSB0eXBlPSJ0ZXh0L2NzcyI+CgojcGFnZWJvZHkge2hlaWdodDowO30KI3BhZ2Vib2R5IHRhYmxlIHsKYm9yZGVyLWNvbGxhcHNlOmNvbGxhcHNlOwp9Cgpib2R5ewoJZm9udC1mYW1pbHk6ICKl4aWkpeqlqiIsIE1laXJ5bywgItPOpbSlt6XDpa8iLCBZdUdvdGhpYywgIqXSpemlrqXOvceltCBQcm9OIFczIiwgIkhpcmFnaW5vIEtha3UgR290aGljIFByb04iLCBzYW5zLXNlcmlmOwp9CgphOmxpbmsgeyBjb2xvcjojMmUyZTJlOyB0ZXh0LWRlY29yYXRpb246bm9uZTsgfQphOnZpc2l0ZWQgeyBjb2xvcjojMmUyZTJlOyB9CmE6YWN0aXZlIHsgY29sb3I6IzJlMmUyZTsgfQphOmhvdmVyIHsgY29sb3I6IzJlMmUyZTsgdGV4dC1kZWNvcmF0aW9uOnVuZGVybGluZTsgfQoKCi8q2JyJ04xnv4MqLwoucmVzdWx0cyB7Cgljb2xvcjojMmUyZTJlOwoJZm9udC1zaXplOjIwcHg7Cglmb250LXdlaWdodDpib2xkOwoJbGV0dGVyLXNwYWNpbmc6MC41ZW07CgltYXJnaW4tYm90dG9tOjUwcHg7Cn0KCi50aGFua3N7Cglmb250LXNpemU6MTVweDsKfQoKc3Bhbi5yZXN1bHRzX251bWJlcnsKCWZvbnQtc2l6ZTo2MHB4Owp9CgoKLyrJzMa3w/vW3KTqKi8KdGQuc2R0ZXh0ewoJZm9udC1zaXplOiA3MCU7Cn0JCgpzcGFuLmNhdGNoX2NvcHl7CiAgICBsaW5lLWhlaWdodDogMS41ZW07CiAgICBkaXNwbGF5OiBibG9jazsKICAgIGZvbnQtc2l6ZTogNjAlOwp9CgkKc3Bhbi5pdGVtX25hbWUgewogICAgbGluZS1oZWlnaHQ6IDEuNWVtOwogICAgZm9udC1zaXplOiA3NSU7Cn0KCnN0cm9uZywgYiB7Cglmb250LXdlaWdodDogbm9ybWFsOwp9CgpzcGFuLmludmVudG9yeV9jaG9pY2VfbmFtZSB7CiAgICBmb250LXNpemU6IDgwJTsKCn0Kc3Bhbi5pbnZlbnRvcnlfZGVzYyB7CmRpc3BsYXk6IGJsb2NrOwpwYWRkaW5nOiAxMHB4IDBweDsKfQoKdGQuaW52ZW50b3J5X2Nob2ljZV9uYW1lewogICAgd2hpdGUtc3BhY2U6IG5vcm1hbDsKICAgIHBhZGRpbmctcmlnaHQ6IDJweDsKICAgIHBhZGRpbmctbGVmdDogMnB4OwogICAgcGFkZGluZy1ib3R0b206IDJweDsKICAgIHBhZGRpbmctdG9wOiAycHg7CiAgICBtYXJnaW46IDBweDsKfQoKCgoKLyqlq6XpqWCltaWkpbqx7SovCnNwYW4uaW52ZW50b3J5X2Nob2ljZV9uYW1lIHsKCWZvbnQtc2l6ZTogODAlOwp9CgojcmFrdXRlbkxpbWl0ZWRJZF9hcm91bmRDYXJ0IHRkLmludmVudG9yeSB7CiAgICBwYWRkaW5nOjNweCFpbXBvcnRhbnQ7CiAgICB3aGl0ZS1zcGFjZTogbm9ybWFsOwp9Ci5pbnZlbnRvcnkgZm9udHsKCWZvbnQtc2l6ZToxMHB4OwoJY29sb3I6ICM5OTk5OTk7Cn0KCnNwYW4uaXRlbV9kZXNjewogICAgZm9udC1zaXplOiA4MCU7CiAgICBtYXJnaW4tdG9wOiAyMHB4OwogICAgZGlzcGxheTogYmxvY2s7Cn0KCnNwYW4uc2FsZV9kZXNjIGltZ3sKICAgIHdpZHRoOiA3NzBweDsKICAgIGRpc3BsYXk6IGJsb2NrOwp9CgoKLyrtl8S/33iSa9arKi8Kc3Bhbi5jaG9pY2UgewoJLyptYXJnaW4tdG9wOjIwcHg7Cgl3aWR0aDo1MDBweDsKCXBhZGRpbmc6MTBweDsKCWJvcmRlcjoxcHggc29saWQgIzMzMzsKCWZvbnQtd2VpZ2h0OmJvbGQ7Ki8KCWZvbnQtc2l6ZTogMTJweDsKfQpzcGFuLmNob2ljZSArIHNlbGVjdCB7CglwYWRkaW5nOiAzcHg7Cglib3JkZXI6IDFweCBzb2xpZCAjY2NjOwoJZm9udC13ZWlnaHQ6IGJvbGQgIWltcG9ydGFudDsKfQojcmFrdXRlbkxpbWl0ZWRJZF9hcm91bmRDYXJ0IHNwYW4uY2hvaWNlIHsKCWRpc3BsYXk6IGJsb2NrOwoJbWFyZ2luLWJvdHRvbTogNXB4Owp9CgoKICAgIAovKqSqhpakpLrPpO+ku6Xcpb+l8yovCmZvbnQgaW5wdXQgewoJYmFja2dyb3VuZDojZmNmY2ZjIDEwcHggNXB4IDEwcHggMDsKCWJhY2tncm91bmQtaW1hZ2U6bm9uZTsKCW1hcmdpbi1ib3R0b206NXB4OwoJcGFkZGluZzo1cHg7Cn0KCi8qSUWMnY/qKi8KKmh0bWwgZm9udCBpbnB1dCB7CgliYWNrZ3JvdW5kOiNmY2ZjZmMgbm8tcmVwZWF0IDlweCA4cHg7CgltYXJnaW4tYm90dG9tOjZweDsKfQoKLyqlq6W0yc/LzcHP1WjD96XQpcqpYCovCnNwYW4udW5pdCB7CgliYWNrZ3JvdW5kOnVybChodHRwOi8vaW1hZ2UucmFrdXRlbi5jby5qcC9yeXVyeXUtc2hvcC9jYWJpbmV0L3RvcC9wY19zb3VyeW91LmdpZikgbm8tcmVwZWF0IGxlZnQgdG9wOwoJdGV4dC1pbmRlbnQ6LTk5OTk7IGRpc3BsYXk6IGJsb2NrOyB3aWR0aDogMjEwOyBoZWlnaHQ6IDYwOyBtYXJnaW4tdG9wOjVweDsgbWFyZ2luLWJvdHRvbTowcHg7Cgljb2xvcjojRkZGRkZGOwp9CgoKPC9zdHlsZT4KPCEtLaGhpaupYKXIpceltqWkpfMgZW5kIC0tPg==,peylpKXkqWClyaXHpbalpKXzpdel66WqqWCl0KlgoaGl2aXrqWClyiCk2aTrqWCkyiCl6aXKpfMgUmFuYW4gob4zMLT6IDQwtPogpeylx6WjqWCluSCl1aWhpcOlt6XnpfOhv6G+1NnYnInTMDkwMqG/IL5ko7ql2aXrqWClyg==,NDC0+iA1MLT6IDYwtPql2aXrqWClyqXspcelo6lgpbml1aWhpcOlt6XnpfOl36W7pbmlwaXlpculw6WvtPOkraSkpbWlpKW6pbmpYKXEpdWlqalgpd6l66XvpfOl1Klgpbmls6lgpcilt6XLpaLI64hAIMjr0acg1+SIQCDX5JhJpdml66lgpcogpbupYKXrpdml66lgpcogpaKlpqXIpeylw6XIpe+lpKW6IDRFpdGl86XEpbOpYKXIw9ebZ7+Xpbil46WxpcOlyKXspaSl5Klgpcmlx6W2paSl86XXpeulqqlgpdCpYKGhpdml66lgpcogpNmk66lgpMogpemlyqXzIFJhbmFuIKG+MzC0+iA0MLT6IKXspcelo6lgpbkgpdWloaXDpbel56Xzob+hvtTZ2JyJ0zA5MDKhvyC+ZA==,oaGho6XspaSl5Klgpcmlx6W2paSl86XXpeulqqlgpdCpYKGhpdml66lgpcogpNmk66lgpMogpemlyqXzIFJhbmFuIKG+MzC0+iA0MLT6IKXspcelo6lgpbkgpdWloaXDpbel56Xzob+hvtTZ2JyJ0zA5MDKhvyC+ZA==[rn]
31-77566,aHR0cDovL3RzaG9wLnIxMHMuanAvYmVsbHVuYS9jYWJpbmV0L25lcm8tNS82MjM0MDItMWEuanBnP2ZpdGluPTcwMDo3MDA=,NDIzLjIwMDA=,,peylx6WjqWCluaXVpaGlw6W3peel8yA+IKXIpcOl16W5ID4gpdGpYKWrqWA=,zbikq6S3vo6lyaXrpd6l86W5peqpYKXWpdel66WqqWCl0KlgKKPNoaujzKPMKaGhpdml66lgpcogpNmk66lgpMogob6l36W7pbkgNDC0+iA1MLT6IKXVpaGlw6W3peel86G/ob6lv6WkpeClu6lgpeuhvw==,oaE=,PGltZyBzcmM9Imh0dHBzOi8vaW1hZ2UucmFrdXRlbi5jby5qcC9iZWxsdW5hL2NhYmluZXQvdG9wL2xhcmdlLmdpZiIgYWx0PSK086StpKSltaWkpbqkz6SzpMGk6SIgd2lkdGg9IjIzMCIgYm9yZGVyPSIwIj48YnI+PGltZyBzcmM9Imh0dHBzOi8vaW1hZ2UucmFrdXRlbi5jby5qcC9iZWxsdW5hL2NhYmluZXQvdG9wL2V4Y2hhbmdlLmdpZiIgYWx0PSK3tca3P727k1Gky6TEpKSkxiIgd2lkdGg9IjIzMCIgYm9yZGVyPSIwIj48YnI+PGltZyBzcmM9Imh0dHBzOi8vaW1hZ2UucmFrdXRlbi5jby5qcC9iZWxsdW5hL2NhYmluZXQvdG9wL3NpemUuZ2lmIiBhbHQ9IqSzpM7JzMa3pM6ltaWkpbqx7aTy0oqk6yIgd2lkdGg9IjIzMCIgYm9yZGVyPSIwIj48YnI+PGJyPjxpbWcgc3JjPSJodHRwczovL2ltYWdlLnJha3V0ZW4uY28uanAvYmVsbHVuYS9jYWJpbmV0L3RvcC90aXRsZS5naWYiPjxicj48YnI+ofYgxrfZfKOvpaKlr6Xqpes5NaOlP6XdpeqlqKW5pcal6zWjpSiluaXqpcOlyPTppPLKudPDpLekxqSkpN6kuaGjKTxicj6jqiDJzMa3pMuk6KTDpMahorH6pM6z9re9pKyukKTKpOuI9rrPpKyktKS2pKSk3qS5oaM8YnI+oaGjqiDL2LLEP8nMxrekzszY0NTJz6Gi18XTw5VypM6ltaWkpbqky9Vgsu6krMn6pLik64j2us+krKS0pLakpKTepLmhozxicj48YnI+ofbK1tG6pLfPtKSkv428mqTKpeml4aTHtPPIy+6GpMvXsKSmoaKb9rjQobil16XrpaqpYKXQqWChuaGjPGJyPjxicj6l6aXhpKy7zaThpK+/jbyapMrNuKSrpLe+jqGjm/ak5KSrpdel66WqqWCl0KlgoaOk5qTDpL+k6qXJpeul3qXzpbel66WopcOlyKTH3Vik5KSrpMvQxLXYpOikr9fFpOmk7KTepLmhozxicj6lraXspaSk8srWpMvI66TspOub9qTkpKujoaXLpcOlyKWipaSlxqXgoaM8YnI+PGJyPqH5pb+l86Wvpcilw6XXpM+ls6lgpcelo6XNqWClyMnMxrekx6S5oaM8YnI+PGJyPjxpbWcgc3JjPSJodHRwczovL2ltYWdlLnJha3V0ZW4uY28uanAvYmVsbHVuYS9jYWJpbmV0L3RvcC9saW5lLmdpZiI+PGJyPjxicj48Zm9udCBjb2xvcj0iIzk5OTk5OSIgc2l6ZT0iMSI+pbWlpKW6o7qjzS+jzKPML6PMPGJyPsmro7ql7KXzpawvpeKlqy+l2algpbil5S+lv6lgpbOlpKW6L6WwpeqpYKXzPC9mb250Pjxicj48IS0tIKXaqWCluKXHpbalpKXzIC0tPgo8c3R5bGUgdHlwZT0idGV4dC9jc3MiPgoKI3BhZ2Vib2R5IHtoZWlnaHQ6MDt9CiNwYWdlYm9keSB0YWJsZSB7CmJvcmRlci1jb2xsYXBzZTpjb2xsYXBzZTsKfQoKYm9keXsKCWZvbnQtZmFtaWx5OiAipeGlpKXqpaoiLCBNZWlyeW8sICLTzqW0pbelw6WvIiwgWXVHb3RoaWMsICKl0qXppa6lzr3HpbQgUHJvTiBXMyIsICJIaXJhZ2lubyBLYWt1IEdvdGhpYyBQcm9OIiwgc2Fucy1zZXJpZjsKfQoKYTpsaW5rIHsgY29sb3I6IzJlMmUyZTsgdGV4dC1kZWNvcmF0aW9uOm5vbmU7IH0KYTp2aXNpdGVkIHsgY29sb3I6IzJlMmUyZTsgfQphOmFjdGl2ZSB7IGNvbG9yOiMyZTJlMmU7IH0KYTpob3ZlciB7IGNvbG9yOiMyZTJlMmU7IHRleHQtZGVjb3JhdGlvbjp1bmRlcmxpbmU7IH0KCgovKticidOMZ7+DKi8KLnJlc3VsdHMgewoJY29sb3I6IzJlMmUyZTsKCWZvbnQtc2l6ZToyMHB4OwoJZm9udC13ZWlnaHQ6Ym9sZDsKCWxldHRlci1zcGFjaW5nOjAuNWVtOwoJbWFyZ2luLWJvdHRvbTo1MHB4Owp9CgoudGhhbmtzewoJZm9udC1zaXplOjE1cHg7Cn0KCnNwYW4ucmVzdWx0c19udW1iZXJ7Cglmb250LXNpemU6NjBweDsKfQoKCi8qyczGt8P71tyk6iovCnRkLnNkdGV4dHsKCWZvbnQtc2l6ZTogNzAlOwp9CQoKc3Bhbi5jYXRjaF9jb3B5ewogICAgbGluZS1oZWlnaHQ6IDEuNWVtOwogICAgZGlzcGxheTogYmxvY2s7CiAgICBmb250LXNpemU6IDYwJTsKfQoJCnNwYW4uaXRlbV9uYW1lIHsKICAgIGxpbmUtaGVpZ2h0OiAxLjVlbTsKICAgIGZvbnQtc2l6ZTogNzUlOwp9CgpzdHJvbmcsIGIgewoJZm9udC13ZWlnaHQ6IG5vcm1hbDsKfQoKc3Bhbi5pbnZlbnRvcnlfY2hvaWNlX25hbWUgewogICAgZm9udC1zaXplOiA4MCU7Cgp9CnNwYW4uaW52ZW50b3J5X2Rlc2MgewpkaXNwbGF5OiBibG9jazsKcGFkZGluZzogMTBweCAwcHg7Cn0KCnRkLmludmVudG9yeV9jaG9pY2VfbmFtZXsKICAgIHdoaXRlLXNwYWNlOiBub3JtYWw7CiAgICBwYWRkaW5nLXJpZ2h0OiAycHg7CiAgICBwYWRkaW5nLWxlZnQ6IDJweDsKICAgIHBhZGRpbmctYm90dG9tOiAycHg7CiAgICBwYWRkaW5nLXRvcDogMnB4OwogICAgbWFyZ2luOiAwcHg7Cn0KCgoKCi8qpaul6algpbWlpKW6se0qLwpzcGFuLmludmVudG9yeV9jaG9pY2VfbmFtZSB7Cglmb250LXNpemU6IDgwJTsKfQoKI3Jha3V0ZW5MaW1pdGVkSWRfYXJvdW5kQ2FydCB0ZC5pbnZlbnRvcnkgewogICAgcGFkZGluZzozcHghaW1wb3J0YW50OwogICAgd2hpdGUtc3BhY2U6IG5vcm1hbDsKfQouaW52ZW50b3J5IGZvbnR7Cglmb250LXNpemU6MTBweDsKCWNvbG9yOiAjOTk5OTk5Owp9CgpzcGFuLml0ZW1fZGVzY3sKICAgIGZvbnQtc2l6ZTogODAlOwogICAgbWFyZ2luLXRvcDogMjBweDsKICAgIGRpc3BsYXk6IGJsb2NrOwp9CgpzcGFuLnNhbGVfZGVzYyBpbWd7CiAgICB3aWR0aDogNzcwcHg7CiAgICBkaXNwbGF5OiBibG9jazsKfQoKCi8q7ZfEv994kmvWqyovCnNwYW4uY2hvaWNlIHsKCS8qbWFyZ2luLXRvcDoyMHB4OwoJd2lkdGg6NTAwcHg7CglwYWRkaW5nOjEwcHg7Cglib3JkZXI6MXB4IHNvbGlkICMzMzM7Cglmb250LXdlaWdodDpib2xkOyovCglmb250LXNpemU6IDEycHg7Cn0Kc3Bhbi5jaG9pY2UgKyBzZWxlY3QgewoJcGFkZGluZzogM3B4OwoJYm9yZGVyOiAxcHggc29saWQgI2NjYzsKCWZvbnQtd2VpZ2h0OiBib2xkICFpbXBvcnRhbnQ7Cn0KI3Jha3V0ZW5MaW1pdGVkSWRfYXJvdW5kQ2FydCBzcGFuLmNob2ljZSB7CglkaXNwbGF5OiBibG9jazsKCW1hcmdpbi1ib3R0b206IDVweDsKfQoKCiAgICAKLyqkqoaWpKS6z6TvpLul3KW/pfMqLwpmb250IGlucHV0IHsKCWJhY2tncm91bmQ6I2ZjZmNmYyAxMHB4IDVweCAxMHB4IDA7CgliYWNrZ3JvdW5kLWltYWdlOm5vbmU7CgltYXJnaW4tYm90dG9tOjVweDsKCXBhZGRpbmc6NXB4Owp9CgovKklFjJ2P6iovCipodG1sIGZvbnQgaW5wdXQgewoJYmFja2dyb3VuZDojZmNmY2ZjIG5vLXJlcGVhdCA5cHggOHB4OwoJbWFyZ2luLWJvdHRvbTo2cHg7Cn0KCi8qpaultMnPy83Bz9Vow/el0KXKqWAqLwpzcGFuLnVuaXQgewoJYmFja2dyb3VuZDp1cmwoaHR0cDovL2ltYWdlLnJha3V0ZW4uY28uanAvcnl1cnl1LXNob3AvY2FiaW5ldC90b3AvcGNfc291cnlvdS5naWYpIG5vLXJlcGVhdCBsZWZ0IHRvcDsKCXRleHQtaW5kZW50Oi05OTk5OyBkaXNwbGF5OiBibG9jazsgd2lkdGg6IDIxMDsgaGVpZ2h0OiA2MDsgbWFyZ2luLXRvcDo1cHg7IG1hcmdpbi1ib3R0b206MHB4OwoJY29sb3I6I0ZGRkZGRjsKfQoKCjwvc3R5bGU+CjwhLS2hoaWrqWClyKXHpbalpKXzIGVuZCAtLT4=,zbikq6S3vo6lyaXrpd6l86W5peqpYKXWpdel66WqqWCl0KlgKKPNoaujzKPMKaGhpdml66lgpcogpNmk66lgpMogob6l36W7pbkgNDC0+iA1MLT6IKXVpaGlw6W3peel86G/ob6lv6WkpeClu6lgpeuhv6O6pdml66lgpco=,NDC0+iA1MLT6IDYwtPql2aXrqWClyqXspcelo6lgpbml1aWhpcOlt6XnpfOl36W7pbmlwaXlpculw6WvtPOkraSkpbWlpKW6pbmpYKXEpdWlqalgpd6l66XvpfOl1Klgpbmls6lgpcilt6XLpaLI64hAIMjr0acg1+SIQCDX5JhJpdml66lgpcogpbupYKXrpdml66lgpcogpaKlpqXIpeylw6XIpe+lpKW6IDRFpdGl86XEpbOpYKXIw9ebZ7+Xpbil46WxpcOlyM24pKukt76Opcml66XepfOluaXqqWCl1qXXpeulqqlgpdCpYCijzaGro8yjzCmhoaXZpeupYKXKIKTZpOupYKTKIKG+pd+lu6W5IDQwtPogNTC0+iCl1aWhpcOlt6XnpfOhv6G+pb+lpKXgpbupYKXrob8=,oaGho824pKukt76Opcml66XepfOluaXqqWCl1qXXpeulqqlgpdCpYCijzaGro8yjzCmhoaXZpeupYKXKIKTZpOupYKTKIKG+pd+lu6W5IDQwtPogNTC0+iCl1aWhpcOlt6XnpfOhv6G+pb+lpKXgpbupYKXrob8=[rn]
31-77567,aHR0cDovL3RzaG9wLnIxMHMuanAvYmVsbHVuYS9jYWJpbmV0L29iZGwtNS8xMjE3MTMtMS5qcGc/Zml0aW49NzAwOjcwMA==,ODU1LjIwMDA=,,peylx6WjqWCluaXVpaGlw6W3peel8yA+IKXIpcOl16W5ID4gpdGpYKWrqWA=,pbGl36Wrpeul7KlgpbnKuaSkpdel66WqqWCl0KlgKE2hq0xMKaGhpdml66lgpcogpNmk66lgpMogob40MLT6IDUwtPogNjC0+iCl7KXHpaOpYKW5IKXfpbuluSCl1aWhpcOlt6XnpfOhvyC+ZA==,oaE=,PGltZyBzcmM9Imh0dHBzOi8vaW1hZ2UucmFrdXRlbi5jby5qcC9iZWxsdW5hL2NhYmluZXQvdG9wL2xhcmdlLmdpZiIgYWx0PSK086StpKSltaWkpbqkz6SzpMGk6SIgd2lkdGg9IjIzMCIgYm9yZGVyPSIwIj48YnI+PGltZyBzcmM9Imh0dHBzOi8vaW1hZ2UucmFrdXRlbi5jby5qcC9iZWxsdW5hL2NhYmluZXQvdG9wL2V4Y2hhbmdlLmdpZiIgYWx0PSK3tca3P727k1Gky6TEpKSkxiIgd2lkdGg9IjIzMCIgYm9yZGVyPSIwIj48YnI+PGltZyBzcmM9Imh0dHBzOi8vaW1hZ2UucmFrdXRlbi5jby5qcC9iZWxsdW5hL2NhYmluZXQvdG9wL3NpemUuZ2lmIiBhbHQ9IqSzpM7JzMa3pM6ltaWkpbqx7aTy0oqk6yIgd2lkdGg9IjIzMCIgYm9yZGVyPSIwIj48YnI+PGJyPjxpbWcgc3JjPSJodHRwczovL2ltYWdlLnJha3V0ZW4uY28uanAvYmVsbHVuYS9jYWJpbmV0L3RvcC90aXRsZS5naWYiPjxicj48YnI+ofYgxrfZfKOvKLG+zOUppd2l6qWopbmlxqXrNjWjpT++ZDM1o6WhoSil7Klgpbmyv7fWKaXdpeqlqKW5pcal6zEwMKOloaE8YnI+o6ogyczGt6TLpOikw6TGoaKx+qTOs/a3vaSsrpCkyqTriPa6z6SspLSktqSkpN6kuaGjPGJyPjxicj6h9s+05aqZQ5Vypc2lw6XIyrnTwzxicj48YnI+ob67qKXipcGpYKXVpM6l7KlgpbmkrNOhz/O1xKG/yEGk5KSrpeypYKW5yrmkpKXXpeulqqlgpdCpYDxicj48YnI+0rvDtqTHpOKhoqWkpfOlyqlgpMikt6TGpOLXxdOzpKik66XXpeulqqlgpdCpYKGjtPOkraTKu6ix+qTOpbGl36Wrpeul7Klgpbmkx6XIpeyl86XJuNCk8qXXpemluaGjPGJyPjxicj48aW1nIHNyYz0iaHR0cHM6Ly9pbWFnZS5yYWt1dGVuLmNvLmpwL2JlbGx1bmEvY2FiaW5ldC90b3AvbGluZS5naWYiPjxicj48YnI+PGZvbnQgY29sb3I9IiM5OTk5OTkiIHNpemU9IjEiPqW1paSluqO6TS9MTC9MPGJyPsmro7r8XC+l7algpbovpdal66lgL6XNpaSl06lgL6W7qWCluC+ls6lgpeml6y+lqqXVsNc8L2ZvbnQ+PGJyPjwhLS0gpdqpYKW4pceltqWkpfMgLS0+CjxzdHlsZSB0eXBlPSJ0ZXh0L2NzcyI+CgojcGFnZWJvZHkge2hlaWdodDowO30KI3BhZ2Vib2R5IHRhYmxlIHsKYm9yZGVyLWNvbGxhcHNlOmNvbGxhcHNlOwp9Cgpib2R5ewoJZm9udC1mYW1pbHk6ICKl4aWkpeqlqiIsIE1laXJ5bywgItPOpbSlt6XDpa8iLCBZdUdvdGhpYywgIqXSpemlrqXOvceltCBQcm9OIFczIiwgIkhpcmFnaW5vIEtha3UgR290aGljIFByb04iLCBzYW5zLXNlcmlmOwp9CgphOmxpbmsgeyBjb2xvcjojMmUyZTJlOyB0ZXh0LWRlY29yYXRpb246bm9uZTsgfQphOnZpc2l0ZWQgeyBjb2xvcjojMmUyZTJlOyB9CmE6YWN0aXZlIHsgY29sb3I6IzJlMmUyZTsgfQphOmhvdmVyIHsgY29sb3I6IzJlMmUyZTsgdGV4dC1kZWNvcmF0aW9uOnVuZGVybGluZTsgfQoKCi8q2JyJ04xnv4MqLwoucmVzdWx0cyB7Cgljb2xvcjojMmUyZTJlOwoJZm9udC1zaXplOjIwcHg7Cglmb250LXdlaWdodDpib2xkOwoJbGV0dGVyLXNwYWNpbmc6MC41ZW07CgltYXJnaW4tYm90dG9tOjUwcHg7Cn0KCi50aGFua3N7Cglmb250LXNpemU6MTVweDsKfQoKc3Bhbi5yZXN1bHRzX251bWJlcnsKCWZvbnQtc2l6ZTo2MHB4Owp9CgoKLyrJzMa3w/vW3KTqKi8KdGQuc2R0ZXh0ewoJZm9udC1zaXplOiA3MCU7Cn0JCgpzcGFuLmNhdGNoX2NvcHl7CiAgICBsaW5lLWhlaWdodDogMS41ZW07CiAgICBkaXNwbGF5OiBibG9jazsKICAgIGZvbnQtc2l6ZTogNjAlOwp9CgkKc3Bhbi5pdGVtX25hbWUgewogICAgbGluZS1oZWlnaHQ6IDEuNWVtOwogICAgZm9udC1zaXplOiA3NSU7Cn0KCnN0cm9uZywgYiB7Cglmb250LXdlaWdodDogbm9ybWFsOwp9CgpzcGFuLmludmVudG9yeV9jaG9pY2VfbmFtZSB7CiAgICBmb250LXNpemU6IDgwJTsKCn0Kc3Bhbi5pbnZlbnRvcnlfZGVzYyB7CmRpc3BsYXk6IGJsb2NrOwpwYWRkaW5nOiAxMHB4IDBweDsKfQoKdGQuaW52ZW50b3J5X2Nob2ljZV9uYW1lewogICAgd2hpdGUtc3BhY2U6IG5vcm1hbDsKICAgIHBhZGRpbmctcmlnaHQ6IDJweDsKICAgIHBhZGRpbmctbGVmdDogMnB4OwogICAgcGFkZGluZy1ib3R0b206IDJweDsKICAgIHBhZGRpbmctdG9wOiAycHg7CiAgICBtYXJnaW46IDBweDsKfQoKCgoKLyqlq6XpqWCltaWkpbqx7SovCnNwYW4uaW52ZW50b3J5X2Nob2ljZV9uYW1lIHsKCWZvbnQtc2l6ZTogODAlOwp9CgojcmFrdXRlbkxpbWl0ZWRJZF9hcm91bmRDYXJ0IHRkLmludmVudG9yeSB7CiAgICBwYWRkaW5nOjNweCFpbXBvcnRhbnQ7CiAgICB3aGl0ZS1zcGFjZTogbm9ybWFsOwp9Ci5pbnZlbnRvcnkgZm9udHsKCWZvbnQtc2l6ZToxMHB4OwoJY29sb3I6ICM5OTk5OTk7Cn0KCnNwYW4uaXRlbV9kZXNjewogICAgZm9udC1zaXplOiA4MCU7CiAgICBtYXJnaW4tdG9wOiAyMHB4OwogICAgZGlzcGxheTogYmxvY2s7Cn0KCnNwYW4uc2FsZV9kZXNjIGltZ3sKICAgIHdpZHRoOiA3NzBweDsKICAgIGRpc3BsYXk6IGJsb2NrOwp9CgoKLyrtl8S/33iSa9arKi8Kc3Bhbi5jaG9pY2UgewoJLyptYXJnaW4tdG9wOjIwcHg7Cgl3aWR0aDo1MDBweDsKCXBhZGRpbmc6MTBweDsKCWJvcmRlcjoxcHggc29saWQgIzMzMzsKCWZvbnQtd2VpZ2h0OmJvbGQ7Ki8KCWZvbnQtc2l6ZTogMTJweDsKfQpzcGFuLmNob2ljZSArIHNlbGVjdCB7CglwYWRkaW5nOiAzcHg7Cglib3JkZXI6IDFweCBzb2xpZCAjY2NjOwoJZm9udC13ZWlnaHQ6IGJvbGQgIWltcG9ydGFudDsKfQojcmFrdXRlbkxpbWl0ZWRJZF9hcm91bmRDYXJ0IHNwYW4uY2hvaWNlIHsKCWRpc3BsYXk6IGJsb2NrOwoJbWFyZ2luLWJvdHRvbTogNXB4Owp9CgoKICAgIAovKqSqhpakpLrPpO+ku6Xcpb+l8yovCmZvbnQgaW5wdXQgewoJYmFja2dyb3VuZDojZmNmY2ZjIDEwcHggNXB4IDEwcHggMDsKCWJhY2tncm91bmQtaW1hZ2U6bm9uZTsKCW1hcmdpbi1ib3R0b206NXB4OwoJcGFkZGluZzo1cHg7Cn0KCi8qSUWMnY/qKi8KKmh0bWwgZm9udCBpbnB1dCB7CgliYWNrZ3JvdW5kOiNmY2ZjZmMgbm8tcmVwZWF0IDlweCA4cHg7CgltYXJnaW4tYm90dG9tOjZweDsKfQoKLyqlq6W0yc/LzcHP1WjD96XQpcqpYCovCnNwYW4udW5pdCB7CgliYWNrZ3JvdW5kOnVybChodHRwOi8vaW1hZ2UucmFrdXRlbi5jby5qcC9yeXVyeXUtc2hvcC9jYWJpbmV0L3RvcC9wY19zb3VyeW91LmdpZikgbm8tcmVwZWF0IGxlZnQgdG9wOwoJdGV4dC1pbmRlbnQ6LTk5OTk7IGRpc3BsYXk6IGJsb2NrOyB3aWR0aDogMjEwOyBoZWlnaHQ6IDYwOyBtYXJnaW4tdG9wOjVweDsgbWFyZ2luLWJvdHRvbTowcHg7Cgljb2xvcjojRkZGRkZGOwp9CgoKPC9zdHlsZT4KPCEtLaGhpaupYKXIpceltqWkpfMgZW5kIC0tPg==,pbGl36Wrpeul7KlgpbnKuaSkpdel66WqqWCl0KlgKE2hq0xMKaGhpdml66lgpcogpNmk66lgpMogob40MLT6IDUwtPogNjC0+iCl7KXHpaOpYKW5IKXfpbuluSCl1aWhpcOlt6XnpfOhvyC+ZKO6pdml66lgpco=,NDC0+iA1MLT6IDYwtPql2aXrqWClyqXspcelo6lgpbml1aWhpcOlt6XnpfOl36W7pbmlwaXlpculw6WvtPOkraSkpbWlpKW6pbmpYKXEpdWlqalgpd6l66XvpfOl1Klgpbmls6lgpcilt6XLpaLI64hAIMjr0acg1+SIQCDX5JhJpdml66lgpcogpbupYKXrpdml66lgpcogpaKlpqXIpeylw6XIpe+lpKW6IDRFpdGl86XEpbOpYKXIw9ebZ7+Xpbil46WxpcOlyKWxpd+lq6XrpeypYKW5yrmkpKXXpeulqqlgpdCpYChNoatMTCmhoaXZpeupYKXKIKTZpOupYKTKIKG+NDC0+iA1MLT6IDYwtPogpeylx6WjqWCluSCl36W7pbkgpdWloaXDpbel56Xzob8gvmQ=,oaGho6Wxpd+lq6XrpeypYKW5yrmkpKXXpeulqqlgpdCpYChNoatMTCmhoaXZpeupYKXKIKTZpOupYKTKIKG+NDC0+iA1MLT6IDYwtPogpeylx6WjqWCluSCl36W7pbkgpdWloaXDpbel56Xzob8gvmQ=[rn]
31-77568,aHR0cDovL3RzaG9wLnIxMHMuanAvYmVsbHVuYS9jYWJpbmV0L29iZGwtNS8xMjE3MTMtMS5qcGc/Zml0aW49NzAwOjcwMA==,MTExNC40MDAw,,peylx6WjqWCluaXVpaGlw6W3peel8yA+IKXIpcOl16W5ID4gpdGpYKWrqWA=,pbGl36Wrpeul7KlgpbnKuaSkpdel66WqqWCl0KlgKDNMoas1TCmhoaXZpeupYKXKIKTZpOupYKTKIKG+NDC0+iA1MLT6IDYwtPogpeylx6WjqWCluSCl36W7pbkgpdWloaXDpbel56Xzob8gvmQ=,oaE=,PGltZyBzcmM9Imh0dHBzOi8vaW1hZ2UucmFrdXRlbi5jby5qcC9iZWxsdW5hL2NhYmluZXQvdG9wL3JlZ3VsYXIuZ2lmIiBhbHQ9IqXspa6l5aXpqWCltaWkpbqkz6SzpMGk6SIgd2lkdGg9IjIzMCIgYm9yZGVyPSIwIj48YnI+PGltZyBzcmM9Imh0dHBzOi8vaW1hZ2UucmFrdXRlbi5jby5qcC9iZWxsdW5hL2NhYmluZXQvdG9wL2V4Y2hhbmdlLmdpZiIgYWx0PSK3tca3P727k1Gky6TEpKSkxiIgd2lkdGg9IjIzMCIgYm9yZGVyPSIwIj48YnI+PGltZyBzcmM9Imh0dHBzOi8vaW1hZ2UucmFrdXRlbi5jby5qcC9iZWxsdW5hL2NhYmluZXQvdG9wL3NpemUuZ2lmIiBhbHQ9IqSzpM7JzMa3pM6ltaWkpbqx7aTy0oqk6yIgd2lkdGg9IjIzMCIgYm9yZGVyPSIwIj48YnI+PGJyPjxpbWcgc3JjPSJodHRwczovL2ltYWdlLnJha3V0ZW4uY28uanAvYmVsbHVuYS9jYWJpbmV0L3RvcC90aXRsZS5naWYiPjxicj48YnI+ofYgxrfZfKOvKLG+zOUppd2l6qWopbmlxqXrNjWjpT++ZDM1o6WhoSil7Klgpbmyv7fWKaXdpeqlqKW5pcal6zEwMKOloaE8YnI+o6ogyczGt6TLpOikw6TGoaKx+qTOs/a3vaSsrpCkyqTriPa6z6SspLSktqSkpN6kuaGjPGJyPjxicj6h9s+05aqZQ5Vypc2lw6XIyrnTwzxicj48YnI+ob67qKXipcGpYKXVpM6l7KlgpbmkrNOhz/O1xKG/yEGk5KSrpeypYKW5yrmkpKXXpeulqqlgpdCpYDxicj48YnI+0rvDtqTHpOKhoqWkpfOlyqlgpMikt6TGpOLXxdOzpKik66XXpeulqqlgpdCpYKGjtPOkraTKu6ix+qTOpbGl36Wrpeul7Klgpbmkx6XIpeyl86XJuNCk8qXXpemluaGjPGJyPjxicj48aW1nIHNyYz0iaHR0cHM6Ly9pbWFnZS5yYWt1dGVuLmNvLmpwL2JlbGx1bmEvY2FiaW5ldC90b3AvbGluZS5naWYiPjxicj48YnI+PGZvbnQgY29sb3I9IiM5OTk5OTkiIHNpemU9IjEiPqW1paSluqO6NUwvNEwvM0w8YnI+yaujuvxcL6XtqWClui+l1qXrqWAvpc2lpKXTqWAvpbupYKW4L6WzqWCl6aXrL6WqpdWw1zwvZm9udD48YnI+PCEtLSCl2qlgpbilx6W2paSl8yAtLT4KPHN0eWxlIHR5cGU9InRleHQvY3NzIj4KCiNwYWdlYm9keSB7aGVpZ2h0OjA7fQojcGFnZWJvZHkgdGFibGUgewpib3JkZXItY29sbGFwc2U6Y29sbGFwc2U7Cn0KCmJvZHl7Cglmb250LWZhbWlseTogIqXhpaSl6qWqIiwgTWVpcnlvLCAi086ltKW3pcOlryIsIFl1R290aGljLCAipdKl6aWupc69x6W0IFByb04gVzMiLCAiSGlyYWdpbm8gS2FrdSBHb3RoaWMgUHJvTiIsIHNhbnMtc2VyaWY7Cn0KCmE6bGluayB7IGNvbG9yOiMyZTJlMmU7IHRleHQtZGVjb3JhdGlvbjpub25lOyB9CmE6dmlzaXRlZCB7IGNvbG9yOiMyZTJlMmU7IH0KYTphY3RpdmUgeyBjb2xvcjojMmUyZTJlOyB9CmE6aG92ZXIgeyBjb2xvcjojMmUyZTJlOyB0ZXh0LWRlY29yYXRpb246dW5kZXJsaW5lOyB9CgoKLyrYnInTjGe/gyovCi5yZXN1bHRzIHsKCWNvbG9yOiMyZTJlMmU7Cglmb250LXNpemU6MjBweDsKCWZvbnQtd2VpZ2h0OmJvbGQ7CglsZXR0ZXItc3BhY2luZzowLjVlbTsKCW1hcmdpbi1ib3R0b206NTBweDsKfQoKLnRoYW5rc3sKCWZvbnQtc2l6ZToxNXB4Owp9CgpzcGFuLnJlc3VsdHNfbnVtYmVyewoJZm9udC1zaXplOjYwcHg7Cn0KCgovKsnMxrfD+9bcpOoqLwp0ZC5zZHRleHR7Cglmb250LXNpemU6IDcwJTsKfQkKCnNwYW4uY2F0Y2hfY29weXsKICAgIGxpbmUtaGVpZ2h0OiAxLjVlbTsKICAgIGRpc3BsYXk6IGJsb2NrOwogICAgZm9udC1zaXplOiA2MCU7Cn0KCQpzcGFuLml0ZW1fbmFtZSB7CiAgICBsaW5lLWhlaWdodDogMS41ZW07CiAgICBmb250LXNpemU6IDc1JTsKfQoKc3Ryb25nLCBiIHsKCWZvbnQtd2VpZ2h0OiBub3JtYWw7Cn0KCnNwYW4uaW52ZW50b3J5X2Nob2ljZV9uYW1lIHsKICAgIGZvbnQtc2l6ZTogODAlOwoKfQpzcGFuLmludmVudG9yeV9kZXNjIHsKZGlzcGxheTogYmxvY2s7CnBhZGRpbmc6IDEwcHggMHB4Owp9Cgp0ZC5pbnZlbnRvcnlfY2hvaWNlX25hbWV7CiAgICB3aGl0ZS1zcGFjZTogbm9ybWFsOwogICAgcGFkZGluZy1yaWdodDogMnB4OwogICAgcGFkZGluZy1sZWZ0OiAycHg7CiAgICBwYWRkaW5nLWJvdHRvbTogMnB4OwogICAgcGFkZGluZy10b3A6IDJweDsKICAgIG1hcmdpbjogMHB4Owp9CgoKCgovKqWrpempYKW1paSlurHtKi8Kc3Bhbi5pbnZlbnRvcnlfY2hvaWNlX25hbWUgewoJZm9udC1zaXplOiA4MCU7Cn0KCiNyYWt1dGVuTGltaXRlZElkX2Fyb3VuZENhcnQgdGQuaW52ZW50b3J5IHsKICAgIHBhZGRpbmc6M3B4IWltcG9ydGFudDsKICAgIHdoaXRlLXNwYWNlOiBub3JtYWw7Cn0KLmludmVudG9yeSBmb250ewoJZm9udC1zaXplOjEwcHg7Cgljb2xvcjogIzk5OTk5OTsKfQoKc3Bhbi5pdGVtX2Rlc2N7CiAgICBmb250LXNpemU6IDgwJTsKICAgIG1hcmdpbi10b3A6IDIwcHg7CiAgICBkaXNwbGF5OiBibG9jazsKfQoKc3Bhbi5zYWxlX2Rlc2MgaW1newogICAgd2lkdGg6IDc3MHB4OwogICAgZGlzcGxheTogYmxvY2s7Cn0KCgovKu2XxL/feJJr1qsqLwpzcGFuLmNob2ljZSB7CgkvKm1hcmdpbi10b3A6MjBweDsKCXdpZHRoOjUwMHB4OwoJcGFkZGluZzoxMHB4OwoJYm9yZGVyOjFweCBzb2xpZCAjMzMzOwoJZm9udC13ZWlnaHQ6Ym9sZDsqLwoJZm9udC1zaXplOiAxMnB4Owp9CnNwYW4uY2hvaWNlICsgc2VsZWN0IHsKCXBhZGRpbmc6IDNweDsKCWJvcmRlcjogMXB4IHNvbGlkICNjY2M7Cglmb250LXdlaWdodDogYm9sZCAhaW1wb3J0YW50Owp9CiNyYWt1dGVuTGltaXRlZElkX2Fyb3VuZENhcnQgc3Bhbi5jaG9pY2UgewoJZGlzcGxheTogYmxvY2s7CgltYXJnaW4tYm90dG9tOiA1cHg7Cn0KCgogICAgCi8qpKqGlqSkus+k76S7pdylv6XzKi8KZm9udCBpbnB1dCB7CgliYWNrZ3JvdW5kOiNmY2ZjZmMgMTBweCA1cHggMTBweCAwOwoJYmFja2dyb3VuZC1pbWFnZTpub25lOwoJbWFyZ2luLWJvdHRvbTo1cHg7CglwYWRkaW5nOjVweDsKfQoKLypJRYydj+oqLwoqaHRtbCBmb250IGlucHV0IHsKCWJhY2tncm91bmQ6I2ZjZmNmYyBuby1yZXBlYXQgOXB4IDhweDsKCW1hcmdpbi1ib3R0b206NnB4Owp9CgovKqWrpbTJz8vNwc/VaMP3pdClyqlgKi8Kc3Bhbi51bml0IHsKCWJhY2tncm91bmQ6dXJsKGh0dHA6Ly9pbWFnZS5yYWt1dGVuLmNvLmpwL3J5dXJ5dS1zaG9wL2NhYmluZXQvdG9wL3BjX3NvdXJ5b3UuZ2lmKSBuby1yZXBlYXQgbGVmdCB0b3A7Cgl0ZXh0LWluZGVudDotOTk5OTsgZGlzcGxheTogYmxvY2s7IHdpZHRoOiAyMTA7IGhlaWdodDogNjA7IG1hcmdpbi10b3A6NXB4OyBtYXJnaW4tYm90dG9tOjBweDsKCWNvbG9yOiNGRkZGRkY7Cn0KCgo8L3N0eWxlPgo8IS0toaGlq6lgpcilx6W2paSl8yBlbmQgLS0+,pbGl36Wrpeul7KlgpbnKuaSkpdel66WqqWCl0KlgKDNMoas1TCmhoaXZpeupYKXKIKTZpOupYKTKIKG+NDC0+iA1MLT6IDYwtPogpeylx6WjqWCluSCl36W7pbkgpdWloaXDpbel56Xzob8gvmSjuqXZpeupYKXK,NDC0+iA1MLT6IDYwtPql2aXrqWClyqXspcelo6lgpbml1aWhpcOlt6XnpfOl36W7pbmlwaXlpculw6WvtPOkraSkpbWlpKW6pbmpYKXEpdWlqalgpd6l66XvpfOl1Klgpbmls6lgpcilt6XLpaLI64hAIMjr0acg1+SIQCDX5JhJpdml66lgpcogpbupYKXrpdml66lgpcogpaKlpqXIpeylw6XIpe+lpKW6IDRFpdGl86XEpbOpYKXIw9ebZ7+Xpbil46WxpcOlyKWxpd+lq6XrpeypYKW5yrmkpKXXpeulqqlgpdCpYCgzTKGrNUwpoaGl2aXrqWClyiCk2aTrqWCkyiChvjQwtPogNTC0+iA2MLT6IKXspcelo6lgpbkgpd+lu6W5IKXVpaGlw6W3peel86G/IL5k,oaGho6Wxpd+lq6XrpeypYKW5yrmkpKXXpeulqqlgpdCpYCgzTKGrNUwpoaGl2aXrqWClyiCk2aTrqWCkyiChvjQwtPogNTC0+iA2MLT6IKXspcelo6lgpbkgpd+lu6W5IKXVpaGlw6W3peel86G/IL5k[rn]
31-77569,aHR0cDovL3RzaG9wLnIxMHMuanAvYmVsbHVuYS9jYWJpbmV0L29iZGwtNS8xMjE5MzQtMS5qcGc/Zml0aW49NzAwOjcwMA==,MzQ0Ny4yMDAw,,peylx6WjqWCluaXVpaGlw6W3peel8yA+IKXIpcOl16W5ID4gpdGpYKWrqWA=,pb+l76lgsfql16XqpfOlyKXXpeulqqlgpdCpYCg0TKlcNUwpoaGl2aXrqWClyiCk2aTrqWCkyiChvjQwtPogNTC0+iA2MLT6IKXspcelo6lgpbkgpd+lu6W5IKXVpaGlw6W3peel86G/IL5k,oaE=,PGltZyBzcmM9Imh0dHBzOi8vaW1hZ2UucmFrdXRlbi5jby5qcC9iZWxsdW5hL2NhYmluZXQvdG9wL3JlZ3VsYXIuZ2lmIiBhbHQ9IqXspa6l5aXpqWCltaWkpbqkz6SzpMGk6SIgd2lkdGg9IjIzMCIgYm9yZGVyPSIwIj48YnI+PGltZyBzcmM9Imh0dHBzOi8vaW1hZ2UucmFrdXRlbi5jby5qcC9iZWxsdW5hL2NhYmluZXQvdG9wL2V4Y2hhbmdlLmdpZiIgYWx0PSK3tca3P727k1Gky6TEpKSkxiIgd2lkdGg9IjIzMCIgYm9yZGVyPSIwIj48YnI+PGltZyBzcmM9Imh0dHBzOi8vaW1hZ2UucmFrdXRlbi5jby5qcC9iZWxsdW5hL2NhYmluZXQvdG9wL3NpemUuZ2lmIiBhbHQ9IqSzpM7JzMa3pM6ltaWkpbqx7aTy0oqk6yIgd2lkdGg9IjIzMCIgYm9yZGVyPSIwIj48YnI+PGJyPjxpbWcgc3JjPSJodHRwczovL2ltYWdlLnJha3V0ZW4uY28uanAvYmVsbHVuYS9jYWJpbmV0L3RvcC90aXRsZS5naWYiPjxicj48YnI+ofIgvmS77Dxicj6h9iDGt9l8o6++ZDk1o6U/pd2l6qWmpeylv6XzNaOlPGJyPqOqIMnMxreky6TopMOkxqGisfqkzrP2t72krK6QpMqk64j2us+krKS0pLakpKTepLmhozxicj48YnI+ofbPtOWqmUOVcqXNpcOlyMq508M8YnI+PGJyPshBpOSkq6TKpeml4aTkpemlpKXzpbmlyKlgpfPKuaSkpMehoprdt9akz8fnpOyk5KSrpMqhsKXRpeqkztDdyNWhsaGjPGJyPjxicj48aW1nIHNyYz0iaHR0cHM6Ly9pbWFnZS5yYWt1dGVuLmNvLmpwL2JlbGx1bmEvY2FiaW5ldC90b3AvbGluZS5naWYiPjxicj48YnI+PGZvbnQgY29sb3I9IiM5OTk5OTkiIHNpemU9IjEiPqW1paSluqO6NEypXDVMPGJyPsmro7r8XM+1L6WwpeypYM+1L6WqpdWw18+1PC9mb250Pjxicj48IS0tIKXaqWCluKXHpbalpKXzIC0tPgo8c3R5bGUgdHlwZT0idGV4dC9jc3MiPgoKI3BhZ2Vib2R5IHtoZWlnaHQ6MDt9CiNwYWdlYm9keSB0YWJsZSB7CmJvcmRlci1jb2xsYXBzZTpjb2xsYXBzZTsKfQoKYm9keXsKCWZvbnQtZmFtaWx5OiAipeGlpKXqpaoiLCBNZWlyeW8sICLTzqW0pbelw6WvIiwgWXVHb3RoaWMsICKl0qXppa6lzr3HpbQgUHJvTiBXMyIsICJIaXJhZ2lubyBLYWt1IEdvdGhpYyBQcm9OIiwgc2Fucy1zZXJpZjsKfQoKYTpsaW5rIHsgY29sb3I6IzJlMmUyZTsgdGV4dC1kZWNvcmF0aW9uOm5vbmU7IH0KYTp2aXNpdGVkIHsgY29sb3I6IzJlMmUyZTsgfQphOmFjdGl2ZSB7IGNvbG9yOiMyZTJlMmU7IH0KYTpob3ZlciB7IGNvbG9yOiMyZTJlMmU7IHRleHQtZGVjb3JhdGlvbjp1bmRlcmxpbmU7IH0KCgovKticidOMZ7+DKi8KLnJlc3VsdHMgewoJY29sb3I6IzJlMmUyZTsKCWZvbnQtc2l6ZToyMHB4OwoJZm9udC13ZWlnaHQ6Ym9sZDsKCWxldHRlci1zcGFjaW5nOjAuNWVtOwoJbWFyZ2luLWJvdHRvbTo1MHB4Owp9CgoudGhhbmtzewoJZm9udC1zaXplOjE1cHg7Cn0KCnNwYW4ucmVzdWx0c19udW1iZXJ7Cglmb250LXNpemU6NjBweDsKfQoKCi8qyczGt8P71tyk6iovCnRkLnNkdGV4dHsKCWZvbnQtc2l6ZTogNzAlOwp9CQoKc3Bhbi5jYXRjaF9jb3B5ewogICAgbGluZS1oZWlnaHQ6IDEuNWVtOwogICAgZGlzcGxheTogYmxvY2s7CiAgICBmb250LXNpemU6IDYwJTsKfQoJCnNwYW4uaXRlbV9uYW1lIHsKICAgIGxpbmUtaGVpZ2h0OiAxLjVlbTsKICAgIGZvbnQtc2l6ZTogNzUlOwp9CgpzdHJvbmcsIGIgewoJZm9udC13ZWlnaHQ6IG5vcm1hbDsKfQoKc3Bhbi5pbnZlbnRvcnlfY2hvaWNlX25hbWUgewogICAgZm9udC1zaXplOiA4MCU7Cgp9CnNwYW4uaW52ZW50b3J5X2Rlc2MgewpkaXNwbGF5OiBibG9jazsKcGFkZGluZzogMTBweCAwcHg7Cn0KCnRkLmludmVudG9yeV9jaG9pY2VfbmFtZXsKICAgIHdoaXRlLXNwYWNlOiBub3JtYWw7CiAgICBwYWRkaW5nLXJpZ2h0OiAycHg7CiAgICBwYWRkaW5nLWxlZnQ6IDJweDsKICAgIHBhZGRpbmctYm90dG9tOiAycHg7CiAgICBwYWRkaW5nLXRvcDogMnB4OwogICAgbWFyZ2luOiAwcHg7Cn0KCgoKCi8qpaul6algpbWlpKW6se0qLwpzcGFuLmludmVudG9yeV9jaG9pY2VfbmFtZSB7Cglmb250LXNpemU6IDgwJTsKfQoKI3Jha3V0ZW5MaW1pdGVkSWRfYXJvdW5kQ2FydCB0ZC5pbnZlbnRvcnkgewogICAgcGFkZGluZzozcHghaW1wb3J0YW50OwogICAgd2hpdGUtc3BhY2U6IG5vcm1hbDsKfQouaW52ZW50b3J5IGZvbnR7Cglmb250LXNpemU6MTBweDsKCWNvbG9yOiAjOTk5OTk5Owp9CgpzcGFuLml0ZW1fZGVzY3sKICAgIGZvbnQtc2l6ZTogODAlOwogICAgbWFyZ2luLXRvcDogMjBweDsKICAgIGRpc3BsYXk6IGJsb2NrOwp9CgpzcGFuLnNhbGVfZGVzYyBpbWd7CiAgICB3aWR0aDogNzcwcHg7CiAgICBkaXNwbGF5OiBibG9jazsKfQoKCi8q7ZfEv994kmvWqyovCnNwYW4uY2hvaWNlIHsKCS8qbWFyZ2luLXRvcDoyMHB4OwoJd2lkdGg6NTAwcHg7CglwYWRkaW5nOjEwcHg7Cglib3JkZXI6MXB4IHNvbGlkICMzMzM7Cglmb250LXdlaWdodDpib2xkOyovCglmb250LXNpemU6IDEycHg7Cn0Kc3Bhbi5jaG9pY2UgKyBzZWxlY3QgewoJcGFkZGluZzogM3B4OwoJYm9yZGVyOiAxcHggc29saWQgI2NjYzsKCWZvbnQtd2VpZ2h0OiBib2xkICFpbXBvcnRhbnQ7Cn0KI3Jha3V0ZW5MaW1pdGVkSWRfYXJvdW5kQ2FydCBzcGFuLmNob2ljZSB7CglkaXNwbGF5OiBibG9jazsKCW1hcmdpbi1ib3R0b206IDVweDsKfQoKCiAgICAKLyqkqoaWpKS6z6TvpLul3KW/pfMqLwpmb250IGlucHV0IHsKCWJhY2tncm91bmQ6I2ZjZmNmYyAxMHB4IDVweCAxMHB4IDA7CgliYWNrZ3JvdW5kLWltYWdlOm5vbmU7CgltYXJnaW4tYm90dG9tOjVweDsKCXBhZGRpbmc6NXB4Owp9CgovKklFjJ2P6iovCipodG1sIGZvbnQgaW5wdXQgewoJYmFja2dyb3VuZDojZmNmY2ZjIG5vLXJlcGVhdCA5cHggOHB4OwoJbWFyZ2luLWJvdHRvbTo2cHg7Cn0KCi8qpaultMnPy83Bz9Vow/el0KXKqWAqLwpzcGFuLnVuaXQgewoJYmFja2dyb3VuZDp1cmwoaHR0cDovL2ltYWdlLnJha3V0ZW4uY28uanAvcnl1cnl1LXNob3AvY2FiaW5ldC90b3AvcGNfc291cnlvdS5naWYpIG5vLXJlcGVhdCBsZWZ0IHRvcDsKCXRleHQtaW5kZW50Oi05OTk5OyBkaXNwbGF5OiBibG9jazsgd2lkdGg6IDIxMDsgaGVpZ2h0OiA2MDsgbWFyZ2luLXRvcDo1cHg7IG1hcmdpbi1ib3R0b206MHB4OwoJY29sb3I6I0ZGRkZGRjsKfQoKCjwvc3R5bGU+CjwhLS2hoaWrqWClyKXHpbalpKXzIGVuZCAtLT4=,pb+l76lgsfql16XqpfOlyKXXpeulqqlgpdCpYCg0TKlcNUwpoaGl2aXrqWClyiCk2aTrqWCkyiChvjQwtPogNTC0+iA2MLT6IKXspcelo6lgpbkgpd+lu6W5IKXVpaGlw6W3peel86G/IL5ko7ql2aXrqWClyg==,NDC0+iA1MLT6IDYwtPql2aXrqWClyqXspcelo6lgpbml1aWhpcOlt6XnpfOl36W7pbmlwaXlpculw6WvtPOkraSkpbWlpKW6pbmpYKXEpdWlqalgpd6l66XvpfOl1Klgpbmls6lgpcilt6XLpaLI64hAIMjr0acg1+SIQCDX5JhJpdml66lgpcogpbupYKXrpdml66lgpcogpaKlpqXIpeylw6XIpe+lpKW6IDRFpdGl86XEpbOpYKXIw9ebZ7+Xpbil46WxpcOlyKW/pe+pYLH6pdel6qXzpcil16XrpaqpYKXQqWAoNEypXDVMKaGhpdml66lgpcogpNmk66lgpMogob40MLT6IDUwtPogNjC0+iCl7KXHpaOpYKW5IKXfpbuluSCl1aWhpcOlt6XnpfOhvyC+ZA==,oaGho6W/pe+pYLH6pdel6qXzpcil16XrpaqpYKXQqWAoNEypXDVMKaGhpdml66lgpcogpNmk66lgpMogob40MLT6IDUwtPogNjC0+iCl7KXHpaOpYKW5IKXfpbuluSCl1aWhpcOlt6XnpfOhvyC+ZA==[rn]
31-77570,aHR0cDovL3RzaG9wLnIxMHMuanAvZ29sZC9sYWxhLXN0eS9pbWcvZ2FyZGVuL2ZmMDMtZmowNjktMTAwLXRvcDAxLmpwZz9maXRpbj03MDA6NzAw,NzQwMC4wMDAw,,u6g/paypYKXHpfM/RElZID4gpailr6W5pcal6qWiP6WsqWClx6XzpdWloaXLpcGl46lgID4gpaypYKXHpfOl1aWhpculwaXjqWAgPiClrKlgpcel86XVpaGly6XBpeOpYKW7pcOlyA==,ob6lr6lgpd2l88XksrzW0KHvMjPI1TEylXKhqzI1lXKhvyCl4qXApfOlrKlgpcel86XBpaeloqlgMr3Fpbulw6XIIKWsqWClx6XzIKXppb+l89V7IKW7pcOlyCClrKlgpcel86XBpaeloiClqKWvpbmlxqXqpaIgpaSluSClwaWnpaIgICAozt3N4iDSztfTICkgIKWsqWClx6XzpdWloaXLpcGl46lgIKWipbiloqXzvNK+3yCl6qW+qWClyLzSvt8gpaKluKWipfMgpeqlvqlgpcg=,paypYKXHpfOlwaWnpaKpYCAyvcWlu6XDpcggMr3FIKW7pcOlyCClrKlgpcely6XzpbA=,PCEtLSAgpaupYKXIpdylv6XzICAtLT4KCjxkaXYgaWQ9ImNhcnRCb3giPgoKPC9kaXY+CjwhLS0goftjYXJ0UmFwpMqkpKTIpK2kz7O3yKUgLy8tLT4KCgoKPCEtLSDJzMa31JS8miAtLT4KPGRpdiBjbGFzcz0iY2FydFJhcCI+CjxoMz7JzMa3pM6ktL1Cvek8L2gzPgogICAgCiAgICA8cD6l2aXppfOlwKTkpcal6aW5pPKkqsj3wuSky6XHpbOl7Klgpbel56XzP6Xqpb6pYKXImt231qSszrak76SopOuhoqXppb+l89V7paypYKXHpfOlwaWnpaKpYKOhPGJyPjxmb250IGNvbG9yPSIjRkFBMzAzIiBzaXplPSIrMSI+PGI+oe+lwaWnpaKpYDK9xaW7pcOlyKHvPC9iPjwvZm9udD4KPC9wPgogICAgCjx0YWJsZT4KPHRyPjx0aD6ltaWkpbqjujwvdGg+Cjx0ZD63+TQyMHiwwtDQNDIweLjfpLU3NDAo1/nD5rjfNDUwKW1tCjwvdGQ+PC90cj4KICAgICAgICA8dHI+PHRoPsvYoaGyxKO6PC90aD4KICAgICAgICA8dGQ+pbmlwalgpeuholBWQzwvdGQ+PC90cj4KICAgICAgICA8dHI+PHRoPqWrpempYKO6PC90aD4KICAgICAgICA8dGQ+pdal6aWmpfM8L3RkPjwvdHI+CiAgICAgICAgPHRyPjx0aD7W2MG/o7o8L3RoPgogICAgICAgIDx0ZD68czMuNmtnPC90ZD48L3RyPgogICAgICAgIDx0cj48dGg+l3mw/KW1paSluqO6PC90aD4KPHRkPrf5NjEweLDC0NA1MTB4uN+ktTgxNW1tCjwvdGQ+PC90cj4KICAgICAgICA8dHI+PHRoPoLkoaG/vKO6PC90aD4KICAgICAgICA8dGQ+ofm0+r3w0v2TUbK7v8k8YnI+Cjxicj4KPGZvbnQgY29sb3I9IiMwMDAwRkYiPjxiPqH5obi6o6TOvNKhuaTKpMmk8r1VhtOktaTspMakpKTrpKq/zZiUPGJyPgrNqLOjxeTLzaTOytbF5KSswKfreaTHoaLXt7zTy83Bz7Bryfqkzr/JxNzQ1KSspLSktqSkpN6kuaGjpN6kv6GipbGpYKW5pMuk6KTDpMakz7T6vfDS/ZNRpKyz0KTspMqkpIj2us+k5KGiyv3I1aTLpO+kv6TDpMakzrfWvHukyKTKpOuks6TIpKyktKS2pKSk3qS5oaPT6KThpLTBy7PQpK+kwKS1pKShozwvYj48L2ZvbnQ+PC90ZD48L3RyPgo8L3RhYmxlPgo8L2Rpdj4KCjwhLS0gtF/VSsrC7ZcgLS0+CjxkaXYgY2xhc3M9ImNhcnRSYXAiPgo8aDM+pLTZj8jrx7Cky6S0tF/VSqSvpMCktaSkPC9oMz4KPHVsPgo8bGk+PGRpdiBpZD0iZGFpYmlraSI+tPrS/aStsru/yTwvZGl2PjwvbGk+CjxsaT48ZGl2IGlkPSJoYWlzb2luIj7Q/ul2pN6kxzwvZGl2PjwvbGk+CjxsaT48ZGl2IGlkPSJkZWJpdCI+pcel06XDpcilq6lgpck8L2Rpdj48L2xpPgoKPGxpPqH5sbG6o7XAP5tfv0mxaD/reI11pM+EZc2+y83Bz6Sq0oq3ZaTipOo8L2xpPgogICAgPC91bD4KPC9kaXY+CiAKPCEtLSDXotLilfikrSAtLT4KPGRpdiBpZD0iYXR0ZW50aW9uIj4KPGRpdiBpZD0icmVsYXkiPtbQvkDBzzwvZGl2Pgo8ZGl2IGlkPSJkZXNpZ25DaGFuZ2UiPqXHpbalpKXzieS4/DwvZGl2Pgo8L2Rpdj4KCjwhLS0gpa2pYKXvqWClySAtLT4KCjwvZGl2PjwhLS0tLT4=,ob6lr6lgpd2l88XksrzW0KHvMjPI1TEylXKhqzI1lXKhvyCl4qXApfOlrKlgpcel86XBpaeloqlgMr3Fpbulw6XIIKWsqWClx6XzIKXppb+l89V7IKW7pcOlyCClrKlgpcel86XBpaeloiClqKWvpbmlxqXqpaIgpaSluSClwaWnpaIgICAozt3N4iDSztfTICkgIKWsqWClx6XzpdWloaXLpcGl46lgIKWipbiloqXzvNK+3yCl6qW+qWClyLzSvt8gpaKluKWipfMgpeqlvqlgpcijuqWkpfOlxqXqpaK80r7fpM6l6aXppbmlv6Wkpes=,u/qlx6W5pa+lqqXVpaOluaXBpaeloqXRpb2ls6XzpcGlp6Wipb2l1aWhpcal7KXTzKil6qWvpemlpKXLpfOlsKXBpaelotf50s7X06XApaSly6XzpbClxqlgpdal69XVw/elpKXzpcal6qWivNK+38qzxvfF74WnvHu80r7fpaypYKXHpfO80r7fpdmlw6XJpdGlvaWzpfOlx6W5pa+lvaXVpaGpYKXppbCl3qXDpcil6aWwob6lr6lgpd2l88XksrzW0KHvMjPI1TEylXKhqzI1lXKhvyCl4qXApfOlrKlgpcel86XBpaeloqlgMr3Fpbulw6XIIKWsqWClx6XzIKXppb+l89V7IKW7pcOlyCClrKlgpcel86XBpaeloiClqKWvpbmlxqXqpaIgpaSluSClwaWnpaIgICAozt3N4iDSztfTICkgIKWsqWClx6XzpdWloaXLpcGl46lgIKWipbiloqXzvNK+3yCl6qW+qWClyLzSvt8gpaKluKWipfMgpeqlvqlgpcg=,paypYKXHpfOlwaWnpaKpYCAyvcWlu6XDpcggMr3FIKW7pcOlyCClrKlgpcely6XzpbAgoaOhvqWvqWCl3aXzxeSyvNbQoe8yM8jVMTKVcqGrMjWVcqG/IKXipcCl86WsqWClx6XzpcGlp6WiqWAyvcWlu6XDpcggpaypYKXHpfMgpemlv6Xz1Xsgpbulw6XIIKWsqWClx6XzpcGlp6WiIKWopa+luaXGpeqloiClpKW5IKXBpaeloiAgICjO3c3iINLO19MgKSAgpaypYKXHpfOl1aWhpculwaXjqWAgpaKluKWipfO80r7fIKXqpb6pYKXIvNK+3yCloqW4paKl8yCl6qW+qWClyA==[rn]
31-77571,aHR0cDovL3RzaG9wLnIxMHMuanAvZ29sZC9sYWxhLXN0eS9pbWcvZ2FyZGVuL2ZmMDMtZmowMjktMTAwLXRvcDAxLmpwZz9maXRpbj03MDA6NzAw,MTQ4MDguMDAwMA==,,u6g/paypYKXHpfM/RElZID4gpailr6W5pcal6qWiP6WsqWClx6XzpdWloaXLpcGl46lgID4gpaypYKXHpfOl1aWhpculwaXjqWAgPiClrKlgpcel86XVpaGly6XBpeOpYKW7pcOlyA==,ob6lr6lgpd2l88XksrzW0KHvMjPI1TEylXKhqzI1lXKhvyDEvtF1IKWsqWClx6XzpcapYKXWpesgpdCpYKXZpa2l5algpbulw6XIIKWsqWClx6Xzpdml86XBIKXApaSly6XzpbAzteOlu6XDpcggpdml6aXzpcClxqlgpdal6yDM7Mi7xL4gob7LzcHPn2/Bz6G/IMvNwc/eeg==,xL7RdSClrKlgpcel86XGqWCl1qXrIKXQqWCl2aWtpeWpYKW7pcOlyCClrKlgpcel86XZpfOlwQ==,PCEtLSAgpaupYKXIpdylv6XzICAtLT4KCjxkaXYgaWQ9ImNhcnRCb3giPgoKPC9kaXY+CjwhLS0goftjYXJ0UmFwpMqkpKTIpK2kz7O3yKUgLy8tLT4KCgoKPCEtLSDJzMa31JS8miAtLT4KPGRpdiBjbGFzcz0iY2FydFJhcCI+CjxoMz7JzMa3pM6ktL1Cvek8L2gzPgo8cD48YnI+CiAgx+C/1aTOz8Kk36TzpMqkx5hTpLekr6XQqWCl2aWtpeWpYKOhPGJyPgqx48D7pMoyV0FZpaypYKXHpfOlxqlgpdal66Ompdml86XBpM6lu6XDpcikx6S5oaM8L3A+Cjx0YWJsZT4KPHRyPgo8dGg+pbWlpKW6o7o8L3RoPgo8dGQ+pcapYKXWpes6t/kxMjAwocGwwtDQNzIwocG436S1NjU1bW08YnI+CqXZpfOlwaGhOrf5MTIwMKHBsMLQ0DI3MKHBuN+ktTM4MG1tPC90ZD4KPC90cj4KPHRyPgo8dGg+y9ihobLEo7o8L3RoPjx0ZD7M7Mi7xL6jqMm8ssSjqS+l6aXDpaupYIlU17A8L3RkPgo8L3RyPgo8dHI+Cjx0aD6lq6XpqWCjujwvdGg+PHRkPqXKpcGl5aXppes8L3RkPgo8L3RyPgo8dHI+Cjx0aD7W2KGhwb+jujwvdGg+PHRkPrxzMjJrZzwvdGQ+CjwvdHI+Cjx0cj4KPHRoPpd5sPyltaWkpbqjujwvdGg+Cjx0ZD48cD43NTCj+DEyMjCj+DE0MG1tKLxzMjZrZyk8L3A+PC90ZD4KPC90cj4KPHRyPgo8dGg+xM26ydbYo7o8L3RoPgo8dGQ+PHA+pcapYKXWpes6MjBrZzxicj4Kpdml86XBoaE6MTYwa2c8L3A+PC90ZD4KPC90cj4KPHRyPgo8dGg+guShob+8o7o8L3RoPgo8dGQ+ofmkqr/NmJS9TaTfwaKkxqOopdel6aW5pcml6aWkpdCpYKSssdjSqqOpPGJyPgqh+dXbpOqkv6S/pN+yu7/JPGJyPgqh+czssOWky6TPpdGl6aW9peuy7t56v9rT0KTqPGJyPgqh+aWzpfOl7aW5pdqpYKW509Ck6ii3+TMyMKHBsMLQ0DQ5MKHBuN+ktTEwMG1tKTxicj4KPGJyPgo8Zm9udCBjb2xvcj0iIzAwMDBGRiI+PGI+ofmhuLqjpM680qG5pMqkyaTyvVWG06S1pOykxqSkpOukqr/NmJQ8YnI+Cs2os6PF5MvNpM7K1sXkpKzAp+t5pMehote3vNPLzcHPsGvJ+qTOv8nE3NDUpKyktKS2pKSk3qS5oaPT6KThpLTBy7PQz8KktaSkpN6ku6GjPC9iPjwvZm9udD48L3RkPgo8L3RyPgo8L3RhYmxlPgo8L2Rpdj4KCjwhLS0gtF/VSsrC7ZcgLS0+CjxkaXYgY2xhc3M9ImNhcnRSYXAiPgo8aDM+pLTZj8jrx7Cky6S0tF/VSqSvpMCktaSkPC9oMz4KPHVsPgo8bGk+PGRpdiBpZD0iZGFpYmlraSI+tPrS/aStsru/yTwvZGl2PjwvbGk+CjxsaT48ZGl2IGlkPSJoYWlzb2luIj7Q/ul2pN6kxzwvZGl2PjwvbGk+CjxsaT48ZGl2IGlkPSJkZWJpdCI+pcel06XDpcilq6lgpck8L2Rpdj48L2xpPgoKPGxpPqH5sbG6o7XAP5tfv0mxaD/reI11pM+EZc2+y83Bz6Sq0oq3ZaTipOo8L2xpPgo8L3VsPgo8L2Rpdj4KCjwhLS0g16LS4pX4pK0gLS0+CjxkaXYgaWQ9ImF0dGVudGlvbiI+CjxkaXYgaWQ9InJlbGF5Ij7W0L5Awc88L2Rpdj4KPGRpdiBpZD0iZGVzaWduQ2hhbmdlIj6lx6W2paSl84nkuPw8L2Rpdj4KPC9kaXY+Cgo8IS0tIKWtqWCl76lgpckgLS0+PCEtLS0tPg==,ob6lr6lgpd2l88XksrzW0KHvMjPI1TEylXKhqzI1lXKhvyDEvtF1IKWsqWClx6XzpcapYKXWpesgpdCpYKXZpa2l5algpbulw6XIIKWsqWClx6Xzpdml86XBIKXApaSly6XzpbAzteOlu6XDpcggpdml6aXzpcClxqlgpdal6yDM7Mi7xL4gob7LzcHPn2/Bz6G/IMvNwc/eeqO6paSl86XGpeqlorzSvt+kzqXppemluaW/paSl6w==,u/qlx6W5pa+lqqXVpaOluaXBpaeloqXRpb2ls6XzpcGlp6Wipb2l1aWhpcal7KXTzKil6qWvpemlpKXLpfOlsKXBpaelotf50s7X06XApaSly6XzpbClxqlgpdal69XVw/elpKXzpcal6qWivNK+38qzxvfF74WnvHu80r7fpaypYKXHpfO80r7fpdmlw6XJpdGlvaWzpfOlx6W5pa+lvaXVpaGpYKXppbCl3qXDpcil6aWwob6lr6lgpd2l88XksrzW0KHvMjPI1TEylXKhqzI1lXKhvyDEvtF1IKWsqWClx6XzpcapYKXWpesgpdCpYKXZpa2l5algpbulw6XIIKWsqWClx6Xzpdml86XBIKXApaSly6XzpbAzteOlu6XDpcggpdml6aXzpcClxqlgpdal6yDM7Mi7xL4gob7LzcHPn2/Bz6G/IMvNwc/eeg==,xL7RdSClrKlgpcel86XGqWCl1qXrIKXQqWCl2aWtpeWpYKW7pcOlyCClrKlgpcel86XZpfOlwSCho6G+pa+pYKXdpfPF5LK81tCh7zIzyNUxMpVyoasyNZVyob8gxL7RdSClrKlgpcel86XGqWCl1qXrIKXQqWCl2aWtpeWpYKW7pcOlyCClrKlgpcel86XZpfOlwSClwKWkpcul86WwM7Xjpbulw6XIIKXZpeml86XApcapYKXWpesgzOzIu8S+IKG+y83Bz59vwc+hvyDLzcHP3no=[rn]
31-77572,aHR0cDovL3RzaG9wLnIxMHMuanAvZ29sZC9sYWxhLXN0eS9pbWcvZ2FyZGVuL2ZmMDMtZmowMjctMTAwLXRvcDAxLmpwZz9maXRpbj03MDA6NzAw,MTExMDQuMDAwMA==,,u6g/paypYKXHpfM/RElZID4gpailr6W5pcal6qWiP6WsqWClx6XzpdWloaXLpcGl46lgID4gpaypYKXHpfOl1aWhpculwaXjqWAgPiClrKlgpcel86XVpaGly6XBpeOpYKW7pcOlyA==,ob6lr6lgpd2l88XksrzW0KHvMjPI1TEylXKhqzI1lXKhvyClrKlgpcel8yClxqlgpdal6yClwaWnpaIgM7Xjpbulw6XIIKWsqWClx6XzpdWloaXLpcGl46lgIKW7pcOlyCClrKlgpcel86XGqWCl1qXrIKWsqWClx6XzpcGlp6WiIKWsqWClx6XzpcapYKXWpeulu6XDpcggpaypYKXHpfOl1aWhpculwaXjqWClu6XDpcggpaqpYKXXpfOlq6XVpacgxL7RdSDV26TqrpKk3yAyyMuS7KSxIM2lIKXGpemluSDO3c3i,paypYKXHpfMgpcapYKXWpesgpcGlp6WiIDO146W7pcOlyA==,PCEtLSAgpaupYKXIpdylv6XzICAtLT4KCjxkaXYgaWQ9ImNhcnRCb3giPgoKPC9kaXY+CgoKPCEtLSDJzMa31JS8miAtLT4KPGRpdiBjbGFzcz0iY2FydFJhcCI+CjxoMz7JzMa3pM6ktL1Cvek8L2gzPgo8cD7Ww6SvpMCksaTHwO3P66TOpaypYKXHpfOky6OhPGJyIC8+CjEyMKOlmFOkt6TgpL+k4aTOpaalw6XJpaypYKXHpfOlxqlgpdal66W7pcOlyKTHpLmhozwvcD4KPHRhYmxlPgo8dHI+Cjx0aD6ltaWkpbqjujwvdGg+Cjx0ZD6lxqlgpdal66O6t/k2MKHBsMLQ0DYwocG436S1NzJjbTxicj4KICClwaWnpaKjurf5MzahwbDC0NA1M6HBuN+ktTg2Y22jqNf5w+a436S1o6k0NC41Y208L3RkPgo8L3RyPgo8dHI+Cjx0aD7L2KGhssSjujwvdGg+PHRkPszsyLvEvqOopaKlq6W3paKyxKOpL6WqpaSl66W5pcalpKXzysvJz6SyPC90ZD4KPC90cj4KPHRyPgo8dGg+paul6algo7o8L3RoPjx0ZD6lyqXBpeWl6aXrPC90ZD4KPC90cj4KPHRyPgo8dGg+1tihocG/o7o8L3RoPjx0ZD6lxqlgpdal66O6NWtnoaGhoaXBpaeloqlgo7ozLjZrZzwvdGQ+CjwvdHI+Cjx0cj4KPHRoPpd5sPyltaWkpbqjujwvdGg+Cjx0ZD48cD63+TEwNqHBsMLQ0Dc1LjWhwbjfpLUxNi41Y20gKDE2a2cpPC9wPjwvdGQ+CjwvdHI+Cjx0cj4KPHRyPgo8dGg+guShob+8o7o8L3RoPgo8dGQ+ofnN6rPJxrejqL1NwaKyu9Kqo6k8YnI+Cjxicj4KPGZvbnQgY29sb3I9IiMwMDAwRkYiPjxiPqH5obi6o6TOvNKhuaTKpMmk8r1VhtOktaTspMakpKTrpKq/zZiUPGJyPgrNqLOjxeTLzaTOytbF5KSswKfreaTHoaLXt7zTy83Bz7Bryfqkzr/JxNzQ1KSspLSktqSkpN6kuaGjpN6kv6GipbGpYKW5pMuk6KTDpMakz7T6vfDS/ZNRpKyz0KTspMqkpIj2us+k5KGiyv3I1aTLpO+kv6TDpMakzrfWvHukyKTKpOuks6TIpKyktKS2pKSk3qS5oaPT6KThpLTBy7PQpK+kwKS1pKShozwvYj48L2ZvbnQ+PC90ZD4KPC90cj4KPC90YWJsZT4KPC9kaXY+Cgo8IS0tILRf1UrKwu2XIC0tPgo8ZGl2IGNsYXNzPSJjYXJ0UmFwIj4KPGgzPqS02Y/I68ewpMuktLRf1Uqkr6TApLWkpDwvaDM+Cjx1bD4KPGxpPjxkaXYgaWQ9ImRhaWJpa2kiPrT60v2krbK7v8k8L2Rpdj48L2xpPgo8bGk+PGRpdiBpZD0iaGFpc29pbiI+0P7pdqTepMc8L2Rpdj48L2xpPgo8bGk+PGRpdiBpZD0iZGViaXQiPqXHpdOlw6XIpaupYKXJPC9kaXY+PC9saT4KCjxsaT6h+bGxuqO1wD+bX79JsWg/63iNdaTPhGXNvsvNwc+kqtKKt2Wk4qTqPC9saT4KPC91bD4KPC9kaXY+Cgo8IS0tINei0uKV+KStIC0tPgo8ZGl2IGlkPSJhdHRlbnRpb24iPgo8ZGl2IGlkPSJyZWxheSI+1tC+QMHPPC9kaXY+CjxkaXYgaWQ9ImRlc2lnbkNoYW5nZSI+pceltqWkpfOJ5Lj8PC9kaXY+CjwvZGl2PgoKPCEtLSClralgpe+pYKXJIC0tPjwhLS0tLT4=,ob6lr6lgpd2l88XksrzW0KHvMjPI1TEylXKhqzI1lXKhvyClrKlgpcel8yClxqlgpdal6yClwaWnpaIgM7Xjpbulw6XIIKWsqWClx6XzpdWloaXLpcGl46lgIKW7pcOlyCClrKlgpcel86XGqWCl1qXrIKWsqWClx6XzpcGlp6WiIKWsqWClx6XzpcapYKXWpeulu6XDpcggpaypYKXHpfOl1aWhpculwaXjqWClu6XDpcggpaqpYKXXpfOlq6XVpacgxL7RdSDV26TqrpKk3yAyyMuS7KSxIM2lIKXGpemluSDO3c3io7qlpKXzpcal6qWivNK+36TOpeml6aW5pb+lpKXr,u/qlx6W5pa+lqqXVpaOluaXBpaeloqXRpb2ls6XzpcGlp6Wipb2l1aWhpcal7KXTzKil6qWvpemlpKXLpfOlsKXBpaelotf50s7X06XApaSly6XzpbClxqlgpdal69XVw/elpKXzpcal6qWivNK+38qzxvfF74WnvHu80r7fpaypYKXHpfO80r7fpdmlw6XJpdGlvaWzpfOlx6W5pa+lvaXVpaGpYKXppbCl3qXDpcil6aWwob6lr6lgpd2l88XksrzW0KHvMjPI1TEylXKhqzI1lXKhvyClrKlgpcel8yClxqlgpdal6yClwaWnpaIgM7Xjpbulw6XIIKWsqWClx6XzpdWloaXLpcGl46lgIKW7pcOlyCClrKlgpcel86XGqWCl1qXrIKWsqWClx6XzpcGlp6WiIKWsqWClx6XzpcapYKXWpeulu6XDpcggpaypYKXHpfOl1aWhpculwaXjqWClu6XDpcggpaqpYKXXpfOlq6XVpacgxL7RdSDV26TqrpKk3yAyyMuS7KSxIM2lIKXGpemluSDO3c3i,paypYKXHpfMgpcapYKXWpesgpcGlp6WiIDO146W7pcOlyCCho6G+pa+pYKXdpfPF5LK81tCh7zIzyNUxMpVyoasyNZVyob8gpaypYKXHpfMgpcapYKXWpesgpcGlp6WiIDO146W7pcOlyCClrKlgpcel86XVpaGly6XBpeOpYCClu6XDpcggpaypYKXHpfOlxqlgpdal6yClrKlgpcel86XBpaeloiClrKlgpcel86XGqWCl1qXrpbulw6XIIKWsqWClx6XzpdWloaXLpcGl46lgpbulw6XIIKWqqWCl16Xzpaul1aWnIMS+0XUg1duk6q6SpN8gMsjLkuyksSDNpSClxqXppbkgzt3N4g==[rn]
31-77573,aHR0cDovL3RzaG9wLnIxMHMuanAvZ29sZC9sYWxhLXN0eS9pbWcvZ2FyZGVuL2ZmMDMtZmowMzYtMTAwLXRvcDAxLmpwZz9maXRpbj03MDA6NzAw,MTYyODkuNjAwMA==,,u6g/paypYKXHpfM/RElZID4gpailr6W5pcal6qWiP6WsqWClx6XzpdWloaXLpcGl46lgID4gpaypYKXHpfOl1aWhpculwaXjqWAgPiClrKlgpcel86XVpaGly6XBpeOpYKW7pcOlyA==,ob6lr6lgpd2l86THMjAwMIPSpaql1aHvMjPI1TEylXKhqzI1lXKhvyClrKlgpcel86XGqWCl1qXrJqXBpaeloqlgM7Xjpbulw6XIIKWsqWClx6XzIKXGqWCl1qXrIKW7pcOlyCClrKlgpcel86XGqWCl1qXrpbulw6XIICClrKlgpcel86XBpaeloiClqKWvpbmlxqXqpaIgpaSluSClwaWnpaIgpaypYKXHpfOl1aWhpculwaXjqWClu6XDpcgg1uKS7KSxuLalwaWnpaIg1uKkoqTqIKXppb+l89V7IM7dzeI=,paypYKXHpfOlxqlgpdal66W7pcOlyCClrKlgpcel8yClxqlgpdal6yClu6XDpcg=,PCEtLSAgpaupYKXIpdylv6XzICAtLT4KCjxkaXYgaWQ9ImNhcnRCb3giPgoKPC9kaXY+CjwhLS0goftjYXJ0UmFwpMqkpKTIpK2kz7O3yKUgLy8tLT4KCgoKPCEtLSDJzMa31JS8miAtLT4KPGRpdiBjbGFzcz0iY2FydFJhcCI+CjxoMz7JzMa3pM6ktL1Cvek8L2gzPgo8cD6l6aW/pfPVe6TOpaqlt6XjpeykyqXBpaeloqTIpcapYKXWpeuho6SqtcOkyjO146W7pcOlyKOhPGJyIC8+CiAg1uKS7Li2pK2kzqXBpaeloqlgpMekr6TEpO2krqTOt/mkrI7apKyk6qTepLk/PC9wPgo8dGFibGU+Cjx0cj4KPHRoPqW1paSluqO6PC90aD48dGQ+pcapYKXWpeujurf5ODChwbDC0NA4MKHBuN+ktTcyY20gPGJyPgqlwaWnpaKjurf5NDahwbDC0NA1NaHBuN+ktTg1Y20o1/nD5rjfpLU0NWNtKTwvdGQ+CjwvdHI+Cjx0cj4KPHRoPsvYoaGyxKO6PC90aD48dGQ+pdel6aW5pcGlw6WvPC90ZD4KPC90cj4KPHRyPgo8dGg+paul6algo7o8L3RoPjx0ZD6l1qXppcOlrzwvdGQ+CjwvdHI+CjwhLS08dHI+Cjx0aD7W2KGhwb+jujwvdGg+PHRkPnh4eDwvdGQ+CjwvdHI+Ci0tPgo8dHI+Cjx0aD7EzbrJ1tijujwvdGg+PHRkPqXGqWCl1qXro7oxNWtnCi+lwaWnpaKjujgwa2c8L3RkPgo8L3RyPgo8IS0tPHRyPgo8dGg+l3mw/KW1paSluqO6PC90aD48dGQ+eHh4PC90ZD4KPC90cj4KLS0+Cjx0cj4KPHRoPoLkoaG/vKO6PC90aD48dGQ+ofmlxqlgpdal66OxzKikyKXBpaeloqlgMr3FpM6lu6XDpcikx6S5oaMKpcGlp6WiqWCkz6W5pb+lw6WtpfOlsCi3ZaTf1tikzSm/ycTcpMehorHjwPukx6S5oaM8YnIgLz4Kofmls6XBpemkzqXBpaeloqlgpM/W4pLsuLakraW/paSl16TIpMqk6qTepLmhozxicj4Kofm0+r3w0v2TUbK7v8k8YnI+Cjxicj4KPGZvbnQgY29sb3I9IiMwMDAwRkYiPjxiPqH5obi6o6TOvNKhuaTKpMmk8r1VhtOktaTspMakpKTrpKq/zZiUPGJyPgrNqLOjxeTLzaTOytbF5KSswKfreaTHoaLXt7zTy83Bz7Bryfqkzr/JxNzQ1KSspLSktqSkpN6kuaGjpN6kv6GipbGpYKW5pMuk6KTDpMakz7T6vfDS/ZNRpKyz0KTspMqkpIj2us+k5KGiyv3I1aTLpO+kv6TDpMakzrfWvHukyKTKpOuks6TIpKyktKS2pKSk3qS5oaPT6KThpLTBy7PQpK+kwKS1pKShozwvYj48L2ZvbnQ+PC90ZD4KPC90cj4KPC90YWJsZT4KPC9kaXY+Cgo8IS0tILRf1UrKwu2XIC0tPgo8ZGl2IGNsYXNzPSJjYXJ0UmFwIj4KPGgzPqS02Y/I68ewpMuktLRf1Uqkr6TApLWkpDwvaDM+Cjx1bD4KPGxpPjxkaXYgaWQ9ImRhaWJpa2kiPrT60v2krbK7v8k8L2Rpdj48L2xpPgo8bGk+PGRpdiBpZD0iZGVsaXZlcnkiPoKAhGXF5MvNPC9kaXY+PC9saT4KPGxpPjxkaXYgaWQ9ImhhaXNvaW4iPtD+6Xak3qTHPC9kaXY+PC9saT4KPGxpPjxkaXYgaWQ9ImRlYml0Ij6lx6XTpcOlyKWrqWClyTwvZGl2PjwvbGk+Cgo8bGk+ofmxsbqjtcA/m1+/SbFoP+t4jXWkz4Rlzb7LzcHPpKrSirdlpOKk6jwvbGk+CjwvdWw+CjwvZGl2PgoKPCEtLSDXotLilfikrSAtLT4KPGRpdiBpZD0iYXR0ZW50aW9uIj4KPGRpdiBpZD0icmVsYXkiPtbQvkDBzzwvZGl2Pgo8ZGl2IGlkPSJkZXNpZ25DaGFuZ2UiPqXHpbalpKXzieS4/DwvZGl2Pgo8L2Rpdj4KCjwhLS0gpa2pYKXvqWClySAtLT48IS0tLS0+,ob6lr6lgpd2l86THMjAwMIPSpaql1aHvMjPI1TEylXKhqzI1lXKhvyClrKlgpcel86XGqWCl1qXrJmFtcDulwaWnpaKpYDO146W7pcOlyCClrKlgpcel8yClxqlgpdal6yClu6XDpcggpaypYKXHpfOlxqlgpdal66W7pcOlyCAgpaypYKXHpfOlwaWnpaIgpailr6W5pcal6qWiIKWkpbkgpcGlp6WiIKWsqWClx6XzpdWloaXLpcGl46lgpbulw6XIINbikuyksbi2pcGlp6WiINbipKKk6iCl6aW/pfPVeyDO3c3io7qlpKXzpcal6qWivNK+36TOpeml6aW5pb+lpKXr,u/qlx6W5pa+lqqXVpaOluaXBpaeloqXRpb2ls6XzpcGlp6Wipb2l1aWhpcal7KXTzKil6qWvpemlpKXLpfOlsKXBpaelotf50s7X06XApaSly6XzpbClxqlgpdal69XVw/elpKXzpcal6qWivNK+38qzxvfF74WnvHu80r7fpaypYKXHpfO80r7fpdmlw6XJpdGlvaWzpfOlx6W5pa+lvaXVpaGpYKXppbCl3qXDpcil6aWwob6lr6lgpd2l86THMjAwMIPSpaql1aHvMjPI1TEylXKhqzI1lXKhvyClrKlgpcel86XGqWCl1qXrJmFtcDulwaWnpaKpYDO146W7pcOlyCClrKlgpcel8yClxqlgpdal6yClu6XDpcggpaypYKXHpfOlxqlgpdal66W7pcOlyCAgpaypYKXHpfOlwaWnpaIgpailr6W5pcal6qWiIKWkpbkgpcGlp6WiIKWsqWClx6XzpdWloaXLpcGl46lgpbulw6XIINbikuyksbi2pcGlp6WiINbipKKk6iCl6aW/pfPVeyDO3c3i,paypYKXHpfOlxqlgpdal66W7pcOlyCClrKlgpcel8yClxqlgpdal6yClu6XDpcggoaOhvqWvqWCl3aXzpMcyMDAwg9KlqqXVoe8yM8jVMTKVcqGrMjWVcqG/IKWsqWClx6XzpcapYKXWpesmYW1wO6XBpaeloqlgM7Xjpbulw6XIIKWsqWClx6XzIKXGqWCl1qXrIKW7pcOlyCClrKlgpcel86XGqWCl1qXrpbulw6XIICClrKlgpcel86XBpaeloiClqKWvpbmlxqXqpaIgpaSluSClwaWnpaIgpaypYKXHpfOl1aWhpculwaXjqWClu6XDpcgg1uKS7KSxuLalwaWnpaIg1uKkoqTqIKXppb+l89V7IM7dzeI=[rn]
31-77574,aHR0cDovL3RzaG9wLnIxMHMuanAvZ29sZC9zcGFjZWxhYi9pdGVtX2ltYWdlcy9zbS9zc3QwMS9zcGwtNjYyOC0zcF8xLmpwZz9maXRpbj03MDA6NzAw,MTMyNTkuMjAwMA==,,u6g/paypYKXHpfM/RElZID4gpailr6W5pcal6qWiP6WsqWClx6XzpdWloaXLpcGl46lgID4gpaypYKXHpfOl1aWhpculwaXjqWAgPiClrKlgpcel86XVpaGly6XBpeOpYKW7pcOlyA==,pdal6aXzpcalo6lgpa+hoaXbpe+lpKXIpaKlpKWipfOlxqlgpdal6zcwo6alwaWnpaKhoTO146W7pcOlyKG+y83Bz59vwc+hoaWsqWClx6XzpcapYKXWpeuhoaXGpemluaGhzaWhoaWmpcOlyaXHpcOlraGh0s7X06GhpaKl86XGpaOpYKWvoaGlr6Xppbelq6XroaGlpKXzpbCl6qXDpbel5aWsqWClx6XzoaGl1aWhpculwaXjqWChoaW3pfOl16XroaGxscW3oaGlpKXzpcal6qWioaG80r7foaGkqqS3pOOk7KGhpaul1aWnob8=,,PHN0eWxlPgo8IS0tCgojc3BlY190aXRsZSB7CndpZHRoOiA0MTBweDsKaGVpZ2h0OiA1MHB4Owpmb250LXNpemU6IDlweDsKYmFja2dyb3VuZDogdXJsKGh0dHA6Ly9pbWFnZS5yYWt1dGVuLmNvLmpwL3NwYWNlbGFiL2NhYmluZXQvaXRlbV9wYXJ0cy9pdGVtX2Rlc2NfdGl0bGUuanBnKSBuby1yZXBlYXQ7Cn0KCi5zcGVjX3RiIHsKd2lkdGg6IDQxMHB4Owpib3JkZXItdG9wOiAxcHggZG90dGVkICNkZGQ7Cn0KLnNwZWNfdGIgdGggewp3aWR0aDogMTYwcHg7CnBhZGRpbmc6IDhweCAwOwpmb250LXdlaWdodDogbm9ybWFsOwp0ZXh0LWluZGVudDogMTBweDsKbGV0dGVyLXNwYWNpbmc6IDEuMnB4Owpmb250LXNpemU6IDEycHg7CnRleHQtYWxpZ246IGxlZnQ7CmJhY2tncm91bmQ6ICNlY2VjZWM7CmJvcmRlci1ib3R0b206IDFweCBkb3R0ZWQgI2RkZDsKfQoKLnNwZWNfdGIgdGQgewpwYWRkaW5nOiA4cHg7CnRleHQtYWxpZ246IGxlZnQ7CmxldHRlci1zcGFjaW5nOiAxLjJweDsKbGluZS1oZWlnaHQ6IDEuNjsKZm9udC1zaXplOiAxMnB4OwpiYWNrZ3JvdW5kOiAjZmZmOwpib3JkZXItYm90dG9tOiAxcHggZG90dGVkICNkZGQ7Cn0KCi5zcGVjX3RiIHRkIGRpdiB7CnRleHQtYWxpZ246IGNlbnRlcjsKfQoKLS0+Cjwvc3R5bGU+CjxoMyBpZD0ic3BlY190aXRsZSI+PGltZyBzcmM9Imh0dHA6Ly9pbWFnZS5yYWt1dGVuLmNvLmpwL3NwYWNlbGFiL2NhYmluZXQvaXRlbV9wYXJ0cy9pdGVtX2Rlc2NfdGl0bGUuanBnIiBhbHQ9IsnMxrfUlLyaIiAvPjwvaDM+Cjx0YWJsZSBib3JkZXI9IjAiIGNlbGxzcGFjaW5nPSIwIiBjZWxscGFkZGluZz0iMCIgY2xhc3M9InNwZWNfdGIiPgoKPHRyPjx0aD7JzMa31WjD9zwvdGg+PHRkPjxmb250IGNvbG9yPSJyZWQiIHNpemU9IisxIj48c3Ryb25nPqH5sbG6o7XAP5tfv0k/63iNdaTPhGXNvsvNwc+krLHY0qqkyKTKpOqk3qS5oaM8L3N0cm9uZz48L2ZvbnQ+PGJyPjxicj6hvqXWpeml86XGpaOpYKWvoaGl26XvpaSlyKWipaSloqXzpcapYKXWpes3MKOmpcGlp6WioaEzteOlu6XDpcihvzxicj4KPGJyPgqk3qTrpMel1aXppfOluaTO1OmkzsrQpMfZSaSkuLaksaS/pOikpqTKoaLrg4fsmt2kzqSipOulrKlgpcel86XVpaGly6XBpeOpYD+lt6XqqWClujxicj4KpKKkv6S/pKukyprds9akwaTLpLWku6TGpK+k7KTrpdWl7KXzpcE/paKl86XGpaOpYKWvPGJyPgo8YnI+CqXVpeml86W51Vqkx6G4sNehuaTy0uLOtqS5pOuhuKXWpeml86G5pMuhoqWipfOlxqWjqWClr6TK98jBpqTypdel6aW5pLekv6W3peqpYKW6oaKhuKXWpeml86XGpaOpYKWvobmhozxicj4KPGJyPgqkyqS4pN+k5KS5pKTH5Z2NuNCkzqSipOulqqXVpdul76WkpcikyKGimt3Gt6SipOult6XjpdOpYLjQpKy9fsPupMul36XDpa+luaS1pOyhoqSqzaWk5KXZpeml86XAoaKl0KXrpbOly6lgpM7rg4fsmt2k8s62pO+kpMnupKSk4qTOpMukt6TGpK+k7KTepLmhozxicj4KPGJyPgqlt6XqqWCluqTHk0KkqKTppOyk66TOpMehor150ru40KTOpKKk66WsqWClx6XzpbOpYKXKqWCkrNf3pOyk3qS5oaM8YnI+CqW3peOl06lgpMqlpKXzpcal6qWipMvFZM62pKykoqTrpLGk7KTJoaKkyaSzpKuk6crWpPKkxKSxpMakpKSkpKuk76SrpOmkyqSkPz8/PGJyPgqkyKSkpKa3vaTLpOKa3d1YpMuYU6S3pPOkx+2UpLGk3qS5oaM8YnI+Cjxicj4KpNKkyKTE1sOkr6TApLGkx6GipN6k66THpdWl6aXzpbmkzr28zeKkzqTopKakyuuDh+ya3aTLlXKk8s38pOyk6z8/P6GjPGJyPgqkvaTzpMqlx6W2paSl89DUpM6436Skobil1qXppfOlxqWjqWClr6G5pbel6qlgpbqkyqTpoaKlqqXWpbilp6TyvOakzaS/paypYKXHpfOloqWkpcal4KTIpLekxulMpK+Q26S1pOyk66SzpMikx6S3pOekpqGjPGJyPgo8YnI+PGJyPjwvdGQ+PC90cj4KPHRyPjx0aD6G05hJlXLpZ6TLpMSkpKTGPC90aD48dGQ+P6S016LOxKTPMjSVculnytyksbi2pLGkxqSkpN6kuaGjPGJyIC8+Cj+kquuK1JKkx6TOpKqGlqSkus+k76S7pM/UwurXyNWhq73w6tfI1aGho7mjuqOwo7ChqzE4o7qjsKOwpN6kx6OozcHI1erX16PI1aTPtqjQ3cjVo6mkx6S5oaM8L3RkPjwvdHI+Cjx0cj48dGg+pKrWp5JCpKSky6TEpKSkxjwvdGg+PHRkPqWvpeyluKXDpcilq6lgpckgPGJyIC8+CuN50NDV8d56PGJyIC8+CphTzOyl0KXzpa+bUZxnPGJyIC8+CqW7pdal86Wkpeyl1qXzm1GcZyjHsJJCKSA8YnIgLz4Kpe2pYKW9pfObUZxnKMewkkIpPGJyIC8+CqSspLTA+9PDpKSkv6TApLGk3qS5oaM8YnIgLz4KofqkqtankkK3vbeopM7UlLyapM+ks6TBpOk8L3RkPjwvdHI+Cjx0cj48dGg+xeTLzcHPpMukxKSkpMY8L3RoPjx0ZD6h8cXky83Bz6TPn2/Bz6THpLmhozxiciAvPgqh+bGxuqO1wD+bX79JpKqk6KTTjXWkt6Tnsr+kz4Rlzb7Bz73wpMikyqTqpN6kuaTOpMekqoaWus+ku6Ty7oqkpKTepLmhozwvdGQ+PC90cj4KPHRyPjx0aD7JzMa3pM63tca3pMukxKSkpMY8L3RoPjx0ZD6h8aSqveyksaS3pL/JzMa3pM+6ycrclXKky7HYpLqktLRf1Uqkr6TApLWkpKGjPGJyIC8+Cr27k1Ghore1xreky6TEpK2k3qS3pMakz8nMxre1vdfF4eE3yNXS1MTapMuktN9CvWqkr6TApLWkpKGjPGJyIC8+CqSqv82YlLa8us+kzre1xrehor27k1Gky6TEpKSkxqTPy83Bz6GipKqk6KTTt7XGt8vNwc+kz6Sqv82YlNiTtaOkyKTKpOqk3qS5oaM8YnIgLz4KofakuaTHpMuktMq508Oky6TKpMOkxqSkpOvJzMa3oaKl0aXDpbGpYKW46V+34snMxrekz6WtpeOl86W7peuhor27k1GkqqTopNO3tca3PGJyIC8+CqTPpKrK3KSxpMekraTepLuk86GjPGJyIC8+CqH2xeTLzc2+yc+kzoL7oaLJzMa3srvBvLXIoaK1scnnysLTyaTLpOik6727k1Ghore1xrfLzcHPpM+1scnn2JO1o6TIpMqk6qTepLmhozwvdGQ+PC90cj4KCjwvdGFibGU+,pdal6aXzpcalo6lgpa+hoaXbpe+lpKXIpaKlpKWipfOlxqlgpdal6zcwo6alwaWnpaKhoTO146W7pcOlyKG+y83Bz59vwc+hoaWsqWClx6XzpcapYKXWpeuhoaXGpemluaGhzaWhoaWmpcOlyaXHpcOlraGh0s7X06GhpaKl86XGpaOpYKWvoaGlr6Xppbelq6XroaGlpKXzpbCl6qXDpbel5aWsqWClx6XzoaGl1aWhpculwaXjqWChoaW3pfOl16XroaGxscW3oaGlpKXzpcal6qWioaG80r7foaGkqqS3pOOk7KGhpaul1aWnob+juqW5pdqpYKW5peml3A==,pdal6aXzpcalo6lgpa+hoaXbpe+lpKXIpaKlpKWipfOlxqlgpdal6zcwo6alwaWnpaKhoTO146W7pcOlyKG+y83Bz59vwc+hoaWsqWClx6XzpcapYKXWpeuhoaXGpemluaGhzaWhoaWmpcOlyaXHpcOlraGh0s7X06GhpaKl86XGpaOpYKWvoaGlr6Xppbelq6XroaGlpKXzpbCl6qXDpbel5aWsqWClx6XzoaGl1aWhpculwaXjqWChoaW3pfOl16XroaGxscW3oaGlpKXzpcal6qWioaG80r7foaGkqqS3pOOk7KGhpaul1aWnob8=,pdal6aXzpcalo6lgpa+hoaXbpe+lpKXIpaKlpKWipfOlxqlgpdal6zcwo6alwaWnpaKhoTO146W7pcOlyKG+y83Bz59vwc+hoaWsqWClx6XzpcapYKXWpeuhoaXGpemluaGhzaWhoaWmpcOlyaXHpcOlraGh0s7X06GhpaKl86XGpaOpYKWvoaGlr6Xppbelq6XroaGlpKXzpbCl6qXDpbel5aWsqWClx6XzoaGl1aWhpculwaXjqWChoaW3pfOl16XroaGxscW3oaGlpKXzpcal6qWioaG80r7foaGkqqS3pOOk7KGhpaul1aWnob8=[rn]
31-77575,aHR0cDovL3RzaG9wLnIxMHMuanAvcmNtZGluL2NhYmluZXQvZmIwMi9mYi03OTc2OS5qcGc/Zml0aW49NzAwOjcwMA==,MTI4MDAuMDAwMA==,,u6g/paypYKXHpfM/RElZID4gpailr6W5pcal6qWiP6WsqWClx6XzpdWloaXLpcGl46lgID4gpaypYKXHpfOl1aWhpculwaXjqWAgPiClrKlgpcel86XVpaGly6XBpeOpYKW7pcOlyA==,paypYKXHpfM2teOlu6XDpcggS0ZTRVQtMDIwob7LzcHPn2/Bz6G/KLT60v2krbK7v8kp,oaE=,PHRhYmxlIHdpZHRoPTM1MCBib3JkZXI9MCBjZWxscGFkZGluZz01IGNlbGxzcGFjaW5nPTEgYmdjb2xvcj0jNjY2NjY2IHN0eWxlPWZvbnQtc2l6ZToxMnB4OyBjb2xvcjojMzMzMzMzPjx0cj48dGQgd2lkdGg9NjAgYmdjb2xvcj0jREZERkRGPqW1paSlujwvdGQ+PHRkIGJnY29sb3I9I0ZGRkZGRj48L3RkPjwvdHI+PHRyPjx0ZCB3aWR0aD02MCBiZ2NvbG9yPSNERkRGREY+ssTZfDwvdGQ+PHRkIGJnY29sb3I9I0ZGRkZGRj6lrKXppbkvpbmlwalgpes8L3RkPjwvdHI+PHRyPjx0ZCB3aWR0aD02MCBiZ2NvbG9yPSNERkRGREY+guS/vDwvdGQ+PHRkIGJnY29sb3I9I0ZGRkZGRj6hvqXGqWCl1qXrob84MDAqODAwKjcwMKG+pcGlp6Wiob81NTAqNjk1Kjg5MKGhU0ijujM3MKG+pdGl6aW9peuhv6bVMjAwMCoyMTAwoaGh9aXGqWCl1qXro7qlrKXppbkvpbmlwalgpeuhoaXRpemlvaXro7ql3aXqpailuaXGpesvpbmlwalgpeuhoaXBpaeloqlgo7qlxqWtpbmlyKXspaSl8y+luaXBqWCl66Ghob6lq6lgpcil86W1paSluqG/MTE1MCoxODAqODcwIKG+l3mw/NbYwb+hvzMzS0cgob7JzMa31tjBv6G/MjlLRzwvdHI+PHRyPjx0ZCB3aWR0aD02MCBiZ2NvbG9yPSNERkRGREY+xeTLzbXIPC90ZD48dGQgYmdjb2xvcj0jRkZGRkZGPrGxuqO1wKTPhGXNvte3vNPLzcHPpMikt6TGMTAwMIPSpKukq6TqpN6kuaGjPGJyPptfv0nreI11pM/SirdlpOKk6qTIpMqk6qTepLmhozwvdGQ+PC90cj48L3RhYmxlPjxicj48YnI+ob4xMTA1y83Bz59vwc8tZqG/,paypYKXHpfM2teOlu6XDpcggS0ZTRVQtMDIwob7LzcHPn2/Bz6G/KLT60v2krbK7v8kpo7ql6qWzpeGl88zDpaSl86XGpeqlovBe,paypYKXHpfM2teOlu6XDpcggS0ZTRVQtMDIwob7LzcHPn2/Bz6G/KLT60v2krbK7v8kp,oaGho6WsqWClx6XzNrXjpbulw6XIIEtGU0VULTAyMKG+y83Bz59vwc+hvyi0+tL9pK2yu7/JKQ==[rn]
31-77576,aHR0cDovL3RzaG9wLnIxMHMuanAvYWlyLXJoaXpvbWUvY2FiaW5ldC8yOS84MDJ4LXMta2FnbzEuanBnP2ZpdGluPTcwMDo3MDA=,MzU3OTUuMjAwMA==,,u6g/paypYKXHpfM/RElZID4gpailr6W5pcal6qWiP6WsqWClx6XzpdWloaXLpcGl46lgID4gpaypYKXHpfOl1aWhpculwaXjqWAgPiClrKlgpcel86XVpaGly6XBpeOpYKW7pcOlyA==,y83Bz59vwc8gpaypYKXHpfMgpcapYKXWpesgpailr6W5pcal6qWiIKWrpdWlp+9MIKXGpemluSCl0KXrpbOly6lgIDW146W7pcOlyCClt6Xzpdel6yDM7Mi7xL6yxCCl7KW4peOpYCCloqWmpcilyaWiIFJPQ0NPobKl7aXDpbOhszW146W7pcOlyA==,paypYKXHpfMgpcapYKXWpesgpailr6W5pcal6qWiIKWrpdWlp+9MIKXGpemluSCl0KXrpbOly6lg,PHRhYmxlIHdpZHRoPSIzODAiIGJvcmRlcj0iMCIgY2VsbHNwYWNpbmc9IjAiIGNlbGxwYWRkaW5nPSIwIj48dHI+PHRkPjxGT05UIGNvbG9yPSIjNjY2NjY2IiBzaXplPSItMSI+peGpYKWrqWDPo8370KGJ04H9uPGkz6XhqWClq6lgpaulv6XtpbCky7v5pMWkpKTGkvfdZKS3pMakpKTepLk8L0ZPTlQ+PC90ZD48L3RyPjwvdGFibGU+PGJyPgoKCgo8aW1nIHNyYz0iaHR0cHM6Ly9pbWFnZS5yYWt1dGVuLmNvLmpwL2Fpci1yaGl6b21lL2NhYmluZXQvei9zcC5naWYiIHdpZHRoPSI0ODAiIGhlaWdodD0iMSI+PGJyPgoKPFRBQkxFIGJvcmRlcj0iMCIgY2VsbHBhZGRpbmc9IjUiIGNlbGxzcGFjaW5nPSIxIiB3aWR0aD0iMzcwIiBiZ2NvbG9yPSIjOTk5OTk5Ij4KPFRCT0RZPgo8VFI+CjxURD48aW1nIHNyYz0iaHR0cHM6Ly93d3cucmFrdXRlbi5uZS5qcC9nb2xkL2Fpci1yaGl6b21lL2thZ28taW5mby9pbWFnZXMva2Fnby1pbmZvLXR0bDAxLmdpZiIgYm9yZGVyPSIwIj48L3RkPiAKPC90cj4gCjx0cj4gCjx0ZCBiZ2NvbG9yPSIjZmZmZmZmIj4KCjwvdGQ+IAo8L3RyPiAKPHRyPiAKPHRkPjxpbWcgc3JjPSJodHRwczovL3d3dy5yYWt1dGVuLm5lLmpwL2dvbGQvYWlyLXJoaXpvbWUva2Fnby1pbmZvL2ltYWdlcy9rYWdvLWluZm8tdHRsMDMuZ2lmIiBib3JkZXI9IjAiIC8+PC9URD4KPC9UUj4KPFRSPgo8VEQgYmdjb2xvcj0iI2ZmZmZmZiI+PEZPTlQgY29sb3I9IiM2NjY2NjYiIHNpemU9Ii0xIj6ktNfU1aykzqXGpemluaTkoaLNpc/IpMelyqXBpeWl6aXrpMqlrKlgpcel86TFpK+k6qTymFOkt6TzpMftlKSxpOuhotXbpOqkv6S/pN/KvaWsqWClx6XzpcapYKXWpeulu6XDpcgiUk9DQ08ope2lw6WzKSKhowoKpaypYKXHpfPTw8a3pMfIy5rdpM6loqWrpbelorLEpPLKudPDpLekv6Giw8Ckt6SkxL7Ev6TIzsKk4qTqpKKk68mrus+kpKTOpcapYKXWpeulu6XDpcikyKTKpMOkxqSqpOqk3qS5oaMKCszssOWk5LGzpOKkv6TspMqkyaGiuPHX09e0pMe9edK7pLWk7KS/pceltqWkpfOkz6Giyc/Gt6THpauluKXlpaKl66TKysvJz6SspOqky6GjCgqk3qS/oaLKuaTvpMqkpJVypOSz9qS3yOuk7KTO60ik4ubSpLekpNXbpOqkv6S/pN/KvaTykvHTwz/O79bDpK2ky4WnvHukuaTr60ik5LPWpMHfXKTTpMuk4tfu322kyqWzpfOl0aWvpcjUT9OLpMikyqTDpMakqqTqpN6kuaGjCgrX1Mi7pM7OwqTipOqk8rjQpLikxu2UpLGk67HjwPukx7/s322kyqXApaSly6XzpbClu6XDpcikx6TmpMOkv6TqpK+kxKTtpLKk69bBuKOkzqTSpMiVcqTypKqYU6S3pN/PwqS1pKShowo8L0ZPTlQ+PC9URD4KPC9UUj4KPFRSPgo8VEQgYmdjb2xvcj0iI2ZmZmZmZiI+PGZvbnQgY29sb3I9IiM2NjY2NjYiIHNpemU9Ii0xIj4Kob6lxqlgpdal66G/o7o8YnI+CjxpbWcgc3JjPSJodHRwczovL3d3dy5yYWt1dGVuLm5lLmpwL2dvbGQvYWlyLXJoaXpvbWUva2Fnby9rYWdvLWwxLmdpZiI+PGJyPgqltaWkpbqjurf5MTIwocGwwtDQpK03NaHBuN+ktTcyLjVjbTxicj4KPGltZyBzcmM9Imh0dHBzOi8vd3d3LnJha3V0ZW4ubmUuanAvZ29sZC9haXItcmhpem9tZS9rYWdvL2thZ28tbDEuZ2lmIj48YnI+CqXRpemlvaXr0aijutaxvrY1Y208YnI+CjxpbWcgc3JjPSJodHRwczovL3d3dy5yYWt1dGVuLm5lLmpwL2dvbGQvYWlyLXJoaXpvbWUva2Fnby9rYWdvLWwxLmdpZiI+PGJyPgrRdca31tjBv6O6vHMxMmtnPGJyPgo8aW1nIHNyYz0iaHR0cHM6Ly93d3cucmFrdXRlbi5uZS5qcC9nb2xkL2Fpci1yaGl6b21lL2thZ28va2Fnby1sMS5naWYiPjxicj4KssTZfKO6zOzIu8S+KKWipault6WissQpPGJyPgo8aW1nIHNyYz0iaHR0cHM6Ly93d3cucmFrdXRlbi5uZS5qcC9nb2xkL2Fpci1yaGl6b21lL2thZ28va2Fnby1sMS5naWYiPjxicj4KguS/vKO6zeqzyca3oaKlqqWkpevKy8nPpLI8YnI+CjxpbWcgc3JjPSJodHRwczovL3d3dy5yYWt1dGVuLm5lLmpwL2dvbGQvYWlyLXJoaXpvbWUva2Fnby9rYWdvLWwxLmdpZiI+PGJyPgqhvqXBpaeloqG/o7o8YnI+CjxpbWcgc3JjPSJodHRwczovL3d3dy5yYWt1dGVuLm5lLmpwL2dvbGQvYWlyLXJoaXpvbWUva2Fnby9rYWdvLWwxLmdpZiI+PGJyPgqltaWkpbqjurf5NTKhwbDC0NCkrTQ2LjWhwbjfpLU4Ni41Y208YnI+CjxpbWcgc3JjPSJodHRwczovL3d3dy5yYWt1dGVuLm5lLmpwL2dvbGQvYWlyLXJoaXpvbWUva2Fnby9rYWdvLWwxLmdpZiI+PGJyPgrX+cPmuN+jurxzNDBjbTxicj4KPGltZyBzcmM9Imh0dHBzOi8vd3d3LnJha3V0ZW4ubmUuanAvZ29sZC9haXItcmhpem9tZS9rYWdvL2thZ28tbDEuZ2lmIj48YnI+CtF1xrfW2MG/o7q8czQuNGtnPGJyPgo8aW1nIHNyYz0iaHR0cHM6Ly93d3cucmFrdXRlbi5uZS5qcC9nb2xkL2Fpci1yaGl6b21lL2thZ28va2Fnby1sMS5naWYiPjxicj4KssTZfKO6zOzIu8S+KKWipault6WissQpPGJyPgo8aW1nIHNyYz0iaHR0cHM6Ly93d3cucmFrdXRlbi5uZS5qcC9nb2xkL2Fpci1yaGl6b21lL2thZ28va2Fnby1sMS5naWYiPjxicj4KguS/vKO6zeqzyca3oaKlqqWkpevKy8nPpLI8YnI+CjwvZm9udD4KCjxpbWcgc3JjPSJodHRwczovL3d3dy5yYWt1dGVuLm5lLmpwL2dvbGQvYWlyLXJoaXpvbWUva2Fnby9rYWdvLWwxLmdpZiIgYm9yZGVyPSIwIiAvPjxiciAvPgo8Rk9OVCBjb2xvcj0iIzY2NjY2NiIgc2l6ZT0iLTEiPgqlq6XGpbSl6qlgo7qlrKlgpcel8y+lqKWvpbmlxqXqpaIvNbXjpbulw6XIL6XGqWCl1qXrL6XBpaeloi/M7Mi7xL6yxC+loqWrpbelorLEL6Wipault6WiL6XKpcGl5aXppesvpeKlwKXzL6W3pfOl16XrL6WzpfOl0aWvpcgv1duk6qS/pL+k38q9L9XbpOqkv6S/pN8vpeyluKXjqWAvpaypYKXHpfOloqWmpcilyaWiL6XGpemluS+l2aXppfOlwC+lqqWkpevKy8nPpLIvpaqlpKXrpdWlo6XLpcOlt6XlL6WqqWCl16Xzpaul1aWnL8S+xL8vL7yhyas8L0ZPTlQ+PC9URD4KPC9UUj4KPC9UQk9EWT4KPC9UQUJMRT4KCjxwIGNsYXNzPSJwYWdlYnRuLXRvcCI+PC9wPgo8cCBjbGFzcz0icGFnZWJ0bi1ib29rIj48L3A+,y83Bz59vwc8gpaypYKXHpfMgpcapYKXWpesgpailr6W5pcal6qWiIKWrpdWlp+9MIKXGpemluSCl0KXrpbOly6lgIDW146W7pcOlyCClt6Xzpdel6yDM7Mi7xL6yxCCl7KW4peOpYCCloqWmpcilyaWiIFJPQ0NPobKl7aXDpbOhszW146W7pcOlyKO6pailoj+l6qW+qWCl4KGhpaSl86XGpeqlog==,paSl86XGpeqlorzSvt+lvaXVpaHX+dLO19OlwaWnpaKlvaXVpaGpYKXApaSly6XzpbClxqlgpdal66XdqWCl66XPpfOlrKlgpc+l86WsqWCl6aXDpa+xscW3pbepYKXqpfOlsKXppaSlyKW0pd/P5KXGqWCl1qXrpa2lw6XBpfOFp7x7pcal7KXTzKilyaXspcOltalgpemlsKWopaKl6qW+qWCl4KXZpcOlyaXppcOlr6XHpbmlr8vNwc+fb8HPIKWsqWClx6XzIKXGqWCl1qXrIKWopa+luaXGpeqloiClq6XVpafvTCClxqXppbkgpdCl66WzpcupYCA1teOlu6XDpcggpbel86XXpesgzOzIu8S+ssQgpeyluKXjqWAgpaKlpqXIpcmloiBST0NDT6Gype2lw6WzobM1teOlu6XDpcg=,paypYKXHpfMgpcapYKXWpesgpailr6W5pcal6qWiIKWrpdWlp+9MIKXGpemluSCl0KXrpbOly6lgoaPLzcHPn2/BzyClrKlgpcel8yClxqlgpdal6yClqKWvpbmlxqXqpaIgpaul1aWn70wgpcal6aW5IKXQpeuls6XLqWAgNbXjpbulw6XIIKW3pfOl16XrIMzsyLvEvrLEIKXspbil46lgIKWipaalyKXJpaIgUk9DQ0+hsqXtpcOls6GzNbXjpbulw6XI[rn]
31-77577,aHR0cDovL3RzaG9wLnIxMHMuanAvYWlyLXJoaXpvbWUvY2FiaW5ldC8yOS85MDJ4LXMta2FnbzEuanBnP2ZpdGluPTcwMDo3MDA=,MTQ3MzYuMDAwMA==,,u6g/paypYKXHpfM/RElZID4gpailr6W5pcal6qWiP6WsqWClx6XzpdWloaXLpcGl46lgID4gpaypYKXHpfOl1aWhpculwaXjqWAgPiClrKlgpcel86XVpaGly6XBpeOpYKW7pcOlyA==,y83Bz59vwc8gpaypYKXHpfMgpcapYKXWpesgpailr6W5pcal6qWiIKWrpdWlp+9MIKXGpemluSCl0KXrpbOly6lgIDO146W7pcOlyCClt6Xzpdel6yDM7Mi7xL6yxCCl7KW4peOpYCCloqWmpcilyaWiIFJPQ0NPobKl7aXDpbOhszO146W7pcOlyA==,paypYKXHpfMgpcapYKXWpesgpailr6W5pcal6qWiIKWrpdWlp+9MIKXGpemluSCl0KXrpbOly6lg,PHRhYmxlIHdpZHRoPSIzODAiIGJvcmRlcj0iMCIgY2VsbHNwYWNpbmc9IjAiIGNlbGxwYWRkaW5nPSIwIj48dHI+PHRkPjxGT05UIGNvbG9yPSIjNjY2NjY2IiBzaXplPSItMSI+peGpYKWrqWDPo8370KGJ04H9uPGkz6XhqWClq6lgpaulv6XtpbCky7v5pMWkpKTGkvfdZKS3pMakpKTepLk8L0ZPTlQ+PC90ZD48L3RyPjwvdGFibGU+PGJyPgoKCgo8aW1nIHNyYz0iaHR0cHM6Ly9pbWFnZS5yYWt1dGVuLmNvLmpwL2Fpci1yaGl6b21lL2NhYmluZXQvei9zcC5naWYiIHdpZHRoPSI0ODAiIGhlaWdodD0iMSI+PGJyPgoKPFRBQkxFIGJvcmRlcj0iMCIgY2VsbHBhZGRpbmc9IjUiIGNlbGxzcGFjaW5nPSIxIiB3aWR0aD0iMzcwIiBiZ2NvbG9yPSIjOTk5OTk5Ij4KPFRCT0RZPgo8VFI+CjxURD48aW1nIHNyYz0iaHR0cHM6Ly93d3cucmFrdXRlbi5uZS5qcC9nb2xkL2Fpci1yaGl6b21lL2thZ28taW5mby9pbWFnZXMva2Fnby1pbmZvLXR0bDAxLmdpZiIgYm9yZGVyPSIwIj48L3RkPiAKPC90cj4gCjx0cj4gCjx0ZCBiZ2NvbG9yPSIjZmZmZmZmIj4KCjwvdGQ+IAo8L3RyPiAKPHRyPiAKPHRkPjxpbWcgc3JjPSJodHRwczovL3d3dy5yYWt1dGVuLm5lLmpwL2dvbGQvYWlyLXJoaXpvbWUva2Fnby1pbmZvL2ltYWdlcy9rYWdvLWluZm8tdHRsMDMuZ2lmIiBib3JkZXI9IjAiIC8+PC9URD4KPC9UUj4KPFRSPgo8VEQgYmdjb2xvcj0iI2ZmZmZmZiI+PEZPTlQgY29sb3I9IiM2NjY2NjYiIHNpemU9Ii0xIj6ktNfU1aykzqXZpeml86XApOSl1KWvpculw6Wvz8iky9fu322kyqGipbOl86XRpa+lyKTHs9akwd9cpNOky6Ti322kt6S/1duk6qS/pL+k38q9pcapYKXWpeulu6XDpcgiUk9DQ08ope2lw6WzKSIKCqWsqWClx6Xz08PGt6THyMua3aTOpaKlq6W3paKyxKTyyrnTw6S3pL+hosPApLekpMS+xL+kyM7CpOKk6qSipOvJq7rPpKSkzqXGqWCl1qXrpbulw6XIpMekuaGjCgrM7LDlpOSxs6TipL+k7KTKpMmhorjx19PXtKTHvXnSu6S1pOykv6XHpbalpKXzpM+hosnPxrekx6Wrpbil5aWipeukysrLyc+krKTqpMikyqTDpMakqqTqpN6kuaGjCgqk3qS/oaLKuaTvpMqkpJVypOSz9qS3yOuk7KTO60ik4ubSpLekpNXbpOqkv6S/pN/KvaTykvHTwz/O79bDpK2kyqTJpMuFp7x7pLmk6+tIpOSz1qTB31yk06TLpOLX7t9tpMqls6XzpdGlr6XI1E/Ti6TIpMqkw6TGpKqk6qTepLmhowoK19TIu6TOzsKk4qTqpPK40KS4pMbtlKSxpOux48D7pMe/7N9tpMqlwKWkpcul86Wwpbulw6XIpMek5qTDpL+k6qSvpMSk7aSypOvWwbijpM6k0qTIlXKk8qSqmFOkt6Tfz8KktaSkoaMKCjwvRk9OVD48L1REPgo8L1RSPgo8VFI+CjxURCBiZ2NvbG9yPSIjZmZmZmZmIj48Zm9udCBjb2xvcj0iIzY2NjY2NiIgc2l6ZT0iLTEiPgqhvqXGqWCl1qXrob+jujxicj4KPGltZyBzcmM9Imh0dHBzOi8vd3d3LnJha3V0ZW4ubmUuanAvZ29sZC9haXItcmhpem9tZS9rYWdvL2thZ28tbDEuZ2lmIj48YnI+CqW1paSluqO6t/k2MKHBsMLQ0KStNjChwbjfpLU3MmNtPGJyPgo8aW1nIHNyYz0iaHR0cHM6Ly93d3cucmFrdXRlbi5uZS5qcC9nb2xkL2Fpci1yaGl6b21lL2thZ28va2Fnby1sMS5naWYiPjxicj4K0XXGt9bYwb+jurxzNWtnPGJyPgo8aW1nIHNyYz0iaHR0cHM6Ly93d3cucmFrdXRlbi5uZS5qcC9nb2xkL2Fpci1yaGl6b21lL2thZ28va2Fnby1sMS5naWYiPjxicj4KssTZfKO6zOzIu8S+KKWipault6WissQpPGJyPgo8aW1nIHNyYz0iaHR0cHM6Ly93d3cucmFrdXRlbi5uZS5qcC9nb2xkL2Fpci1yaGl6b21lL2thZ28va2Fnby1sMS5naWYiPjxicj4KguS/vKO6zeqzyca3oaKlqqWkpevKy8nPpLI8YnI+CjxpbWcgc3JjPSJodHRwczovL3d3dy5yYWt1dGVuLm5lLmpwL2dvbGQvYWlyLXJoaXpvbWUva2Fnby9rYWdvLWwxLmdpZiI+PGJyPgqhvqXBpaeloqG/o7o8YnI+CjxpbWcgc3JjPSJodHRwczovL3d3dy5yYWt1dGVuLm5lLmpwL2dvbGQvYWlyLXJoaXpvbWUva2Fnby9rYWdvLWwxLmdpZiI+PGJyPgqltaWkpbqjurf5NDahwbDC0NCkrTM4ocG436S1ODIuNWNtPGJyPgo8aW1nIHNyYz0iaHR0cHM6Ly93d3cucmFrdXRlbi5uZS5qcC9nb2xkL2Fpci1yaGl6b21lL2thZ28va2Fnby1sMS5naWYiPjxicj4K1/nD5rjfo7q8czQ0Y208YnI+CjxpbWcgc3JjPSJodHRwczovL3d3dy5yYWt1dGVuLm5lLmpwL2dvbGQvYWlyLXJoaXpvbWUva2Fnby9rYWdvLWwxLmdpZiI+PGJyPgrRdca31tjBv6O6vHMzLjZrZzxicj4KPGltZyBzcmM9Imh0dHBzOi8vd3d3LnJha3V0ZW4ubmUuanAvZ29sZC9haXItcmhpem9tZS9rYWdvL2thZ28tbDEuZ2lmIj48YnI+CrLE2XyjuszsyLvEviiloqWrpbelorLEKTxicj4KPGltZyBzcmM9Imh0dHBzOi8vd3d3LnJha3V0ZW4ubmUuanAvZ29sZC9haXItcmhpem9tZS9rYWdvL2thZ28tbDEuZ2lmIj48YnI+CoLkv7yjus3qs8nGt6GipaqlpKXrysvJz6SyPGJyPgo8L2ZvbnQ+CgoKCjxpbWcgc3JjPSJodHRwczovL3d3dy5yYWt1dGVuLm5lLmpwL2dvbGQvYWlyLXJoaXpvbWUva2Fnby9rYWdvLWwxLmdpZiIgYm9yZGVyPSIwIiAvPjxiciAvPgo8Rk9OVCBjb2xvcj0iIzY2NjY2NiIgc2l6ZT0iLTEiPgqlq6XGpbSl6qlgo7qlrKlgpcel8y+lqKWvpbmlxqXqpaIvM7Xjpbulw6XIL6XGqWCl1qXrL6XBpaeloi/M7Mi7xL6yxC+loqWrpbelorLEL6Wipault6WiL6XKpcGl5aXppesvpeKlwKXzL6W3pfOl16XrL6WzpfOl0aWvpcgv1duk6qS/pL+k38q9L9XbpOqkv6S/pN8vpeyluKXjqWAvpaypYKXHpfOloqWmpcilyaWiL6XGpemluS+l2aXppfOlwC+lqqWkpevKy8nPpLIvpaqlpKXrpdWlo6XLpcOlt6XlL6WqqWCl16Xzpaul1aWnL8S+xL8vL7yhyas8L0ZPTlQ+PC9URD4KPC9UUj4KPC9UQk9EWT4KPC9UQUJMRT4KCjxwIGNsYXNzPSJwYWdlYnRuLXRvcCI+PC9wPgo8cCBjbGFzcz0icGFnZWJ0bi1ib29rIj48L3A+,y83Bz59vwc8gpaypYKXHpfMgpcapYKXWpesgpailr6W5pcal6qWiIKWrpdWlp+9MIKXGpemluSCl0KXrpbOly6lgIDO146W7pcOlyCClt6Xzpdel6yDM7Mi7xL6yxCCl7KW4peOpYCCloqWmpcilyaWiIFJPQ0NPobKl7aXDpbOhszO146W7pcOlyKO6pailoj+l6qW+qWCl4KGhpaSl86XGpeqlog==,paSl86XGpeqlorzSvt+lvaXVpaHX+dLO19OlwaWnpaKlvaXVpaGpYKXApaSly6XzpbClxqlgpdal66XdqWCl66XPpfOlrKlgpc+l86WsqWCl6aXDpa+xscW3pbepYKXqpfOlsKXppaSlyKW0pd/P5KXGqWCl1qXrpa2lw6XBpfOFp7x7pcal7KXTzKilyaXspcOltalgpemlsKWopaKl6qW+qWCl4KXZpcOlyaXppcOlr6XHpbmlr8vNwc+fb8HPIKWsqWClx6XzIKXGqWCl1qXrIKWopa+luaXGpeqloiClq6XVpafvTCClxqXppbkgpdCl66WzpcupYCAzteOlu6XDpcggpbel86XXpesgzOzIu8S+ssQgpeyluKXjqWAgpaKlpqXIpcmloiBST0NDT6Gype2lw6WzobMzteOlu6XDpcg=,paypYKXHpfMgpcapYKXWpesgpailr6W5pcal6qWiIKWrpdWlp+9MIKXGpemluSCl0KXrpbOly6lgoaPLzcHPn2/BzyClrKlgpcel8yClxqlgpdal6yClqKWvpbmlxqXqpaIgpaul1aWn70wgpcal6aW5IKXQpeuls6XLqWAgM7Xjpbulw6XIIKW3pfOl16XrIMzsyLvEvrLEIKXspbil46lgIKWipaalyKXJpaIgUk9DQ0+hsqXtpcOls6GzM7Xjpbulw6XI[rn]
31-77578,aHR0cDovL3RzaG9wLnIxMHMuanAvYWlyLXJoaXpvbWUvY2FiaW5ldC8yOS85MDN4LXMta2FnbzEuanBnP2ZpdGluPTcwMDo3MDA=,MTk4NjAuODAwMA==,,u6g/paypYKXHpfM/RElZID4gpailr6W5pcal6qWiP6WsqWClx6XzpdWloaXLpcGl46lgID4gpaypYKXHpfOl1aWhpculwaXjqWAgPiClrKlgpcel86XVpaGly6XBpeOpYKW7pcOlyA==,y83Bz59vwc8gpaypYKXHpfMgpcapYKXWpesgpailr6W5pcal6qWiIKWrpdWlp+9MIKXGpemluSCl0KXrpbOly6lgIDO146W7pcOlyCClt6Xzpdel6yDM7Mi7xL6yxCCl7KW4peOpYCCloqWmpcilyaWiIFJPQ0NPobKl7aXDpbOhszO146W7pcOlyA==,paypYKXHpfMgpcapYKXWpesgpailr6W5pcal6qWiIKWrpdWlp+9MIKXGpemluSCl0KXrpbOly6lg,PHRhYmxlIHdpZHRoPSIzODAiIGJvcmRlcj0iMCIgY2VsbHNwYWNpbmc9IjAiIGNlbGxwYWRkaW5nPSIwIj48dHI+PHRkPjxGT05UIGNvbG9yPSIjNjY2NjY2IiBzaXplPSItMSI+peGpYKWrqWDPo8370KGJ04H9uPGkz6XhqWClq6lgpaulv6XtpbCky7v5pMWkpKTGkvfdZKS3pMakpKTepLk8L0ZPTlQ+PC90ZD48L3RyPjwvdGFibGU+PGJyPgoKCgoKPGltZyBzcmM9Imh0dHBzOi8vaW1hZ2UucmFrdXRlbi5jby5qcC9haXItcmhpem9tZS9jYWJpbmV0L3ovc3AuZ2lmIiB3aWR0aD0iNDgwIiBoZWlnaHQ9IjEiPjxicj4KCjxUQUJMRSBib3JkZXI9IjAiIGNlbGxwYWRkaW5nPSI1IiBjZWxsc3BhY2luZz0iMSIgd2lkdGg9IjM3MCIgYmdjb2xvcj0iIzk5OTk5OSI+CjxUQk9EWT4KPFRSPgo8VEQ+PGltZyBzcmM9Imh0dHBzOi8vd3d3LnJha3V0ZW4ubmUuanAvZ29sZC9haXItcmhpem9tZS9rYWdvLWluZm8vaW1hZ2VzL2thZ28taW5mby10dGwwMS5naWYiIGJvcmRlcj0iMCI+PC90ZD4gCjwvdHI+IAo8dHI+IAo8dGQgYmdjb2xvcj0iI2ZmZmZmZiI+Cgo8L3RkPiAKPC90cj4gCjx0cj4gCjx0ZD48aW1nIHNyYz0iaHR0cHM6Ly93d3cucmFrdXRlbi5uZS5qcC9nb2xkL2Fpci1yaGl6b21lL2thZ28taW5mby9pbWFnZXMva2Fnby1pbmZvLXR0bDAzLmdpZiIgYm9yZGVyPSIwIiAvPjwvVEQ+CjwvVFI+CjxUUj4KPFREIGJnY29sb3I9IiNmZmZmZmYiPjxGT05UIGNvbG9yPSIjNjY2NjY2IiBzaXplPSItMSI+pLTX1NWspM6l2aXppfOlwKTkpdSlr6XLpcOlr8/IpMvX7t9tpMqhoqWzpfOl0aWvpcikx7PWpMHfXKTTpMuk4t9tpLekv9XbpOqkv6S/pN/KvaXGqWCl1qXrpbulw6XIIlJPQ0NPKKXtpcOlsykiCgqlrKlgpcel89PDxrekx8jLmt2kzqWipault6WissSk8sq508Okt6S/oaLDwKS3pKTEvsS/pMjOwqTipOqkoqTryau6z6SkpM6lxqlgpdal66W7pcOlyKTHpLmhowoKzOyw5aTksbOk4qS/pOykyqTJoaK48dfT17Skx7150ruktaTspL+lx6W2paSl86TPoaLJz8a3pMelq6W4peWloqXrpMrKy8nPpKyk6qTIpMqkw6TGpKqk6qTepLmhowoKpN6kv6Giyrmk76TKpKSVcqTks/akt8jrpOykzutIpOLm0qS3pKTV26TqpL+kv6Tfyr2k8pLx08M/zu/Ww6StpMqkyaTLhae8e6S5pOvrSKTks9akwd9cpNOky6Ti1+7fbaTKpbOl86XRpa+lyNRP04ukyKTKpMOkxqSqpOqk3qS5oaMKCtfUyLukzs7CpOKk6qTyuNCkuKTG7ZSksaTrsePA+6THv+zfbaTKpcClpKXLpfOlsKW7pcOlyKTHpOakw6S/pOqkr6TEpO2ksqTr1sG4o6TOpNKkyJVypPKkqphTpLek38/CpLWkpKGjCgo8L0ZPTlQ+PC9URD4KPC9UUj4KPFRSPgo8VEQgYmdjb2xvcj0iI2ZmZmZmZiI+PGZvbnQgY29sb3I9IiM2NjY2NjYiIHNpemU9Ii0xIj4Kob6lxqlgpdal66G/o7o8YnI+CjxpbWcgc3JjPSJodHRwczovL3d3dy5yYWt1dGVuLm5lLmpwL2dvbGQvYWlyLXJoaXpvbWUva2Fnby9rYWdvLWwxLmdpZiI+PGJyPgqltaWkpbqjurf5OTChwbDC0NCkrTcwocG436S1NzIuNWNtPGJyPgo8aW1nIHNyYz0iaHR0cHM6Ly93d3cucmFrdXRlbi5uZS5qcC9nb2xkL2Fpci1yaGl6b21lL2thZ28va2Fnby1sMS5naWYiPjxicj4KpdGl6aW9pevRqKO61rG+tjVjbTxicj4KPGltZyBzcmM9Imh0dHBzOi8vd3d3LnJha3V0ZW4ubmUuanAvZ29sZC9haXItcmhpem9tZS9rYWdvL2thZ28tbDEuZ2lmIj48YnI+CtF1xrfW2MG/o7q8czcuNGtnPGJyPgo8aW1nIHNyYz0iaHR0cHM6Ly93d3cucmFrdXRlbi5uZS5qcC9nb2xkL2Fpci1yaGl6b21lL2thZ28va2Fnby1sMS5naWYiPjxicj4KssTZfKO6zOzIu8S+KKWipault6WissQpPGJyPgo8aW1nIHNyYz0iaHR0cHM6Ly93d3cucmFrdXRlbi5uZS5qcC9nb2xkL2Fpci1yaGl6b21lL2thZ28va2Fnby1sMS5naWYiPjxicj4KguS/vKO6zeqzyca3oaKlqqWkpevKy8nPpLI8YnI+CjxpbWcgc3JjPSJodHRwczovL3d3dy5yYWt1dGVuLm5lLmpwL2dvbGQvYWlyLXJoaXpvbWUva2Fnby9rYWdvLWwxLmdpZiI+PGJyPgqhvqXBpaeloqG/o7o8YnI+CjxpbWcgc3JjPSJodHRwczovL3d3dy5yYWt1dGVuLm5lLmpwL2dvbGQvYWlyLXJoaXpvbWUva2Fnby9rYWdvLWwxLmdpZiI+PGJyPgqltaWkpbqjurf5NTKhwbDC0NCkrTQ2LjWhwbjfpLU4Ni41Y208YnI+CjxpbWcgc3JjPSJodHRwczovL3d3dy5yYWt1dGVuLm5lLmpwL2dvbGQvYWlyLXJoaXpvbWUva2Fnby9rYWdvLWwxLmdpZiI+PGJyPgrX+cPmuN+jurxzNDBjbTxicj4KPGltZyBzcmM9Imh0dHBzOi8vd3d3LnJha3V0ZW4ubmUuanAvZ29sZC9haXItcmhpem9tZS9rYWdvL2thZ28tbDEuZ2lmIj48YnI+CtF1xrfW2MG/o7q8czQuNGtnPGJyPgo8aW1nIHNyYz0iaHR0cHM6Ly93d3cucmFrdXRlbi5uZS5qcC9nb2xkL2Fpci1yaGl6b21lL2thZ28va2Fnby1sMS5naWYiPjxicj4KssTZfKO6zOzIu8S+KKWipault6WissQpPGJyPgo8aW1nIHNyYz0iaHR0cHM6Ly93d3cucmFrdXRlbi5uZS5qcC9nb2xkL2Fpci1yaGl6b21lL2thZ28va2Fnby1sMS5naWYiPjxicj4KguS/vKO6zeqzyca3oaKlqqWkpevKy8nPpLI8YnI+CjwvZm9udD4KCgo8aW1nIHNyYz0iaHR0cHM6Ly93d3cucmFrdXRlbi5uZS5qcC9nb2xkL2Fpci1yaGl6b21lL2thZ28va2Fnby1sMS5naWYiIGJvcmRlcj0iMCIgLz48YnIgLz4KPEZPTlQgY29sb3I9IiM2NjY2NjYiIHNpemU9Ii0xIj4KpaulxqW0peqpYKO6paypYKXHpfMvpailr6W5pcal6qWiLzO146W7pcOlyC+lxqlgpdal6y+lwaWnpaIvzOzIu8S+ssQvpaKlq6W3paKyxC+loqWrpbeloi+lyqXBpeWl6aXrL6XipcCl8y+lt6Xzpdel6y+ls6XzpdGlr6XIL9XbpOqkv6S/pN/KvS/V26TqpL+kv6TfL6Xspbil46lgL6WsqWClx6XzpaKlpqXIpcmloi+lxqXppbkvpdml6aXzpcAvpaqlpKXrysvJz6SyL6WqpaSl66XVpaOly6XDpbel5S+lqqlgpdel86WrpdWlpy/EvsS/Ly+8ocmrPC9GT05UPjwvVEQ+CjwvVFI+CjwvVEJPRFk+CjwvVEFCTEU+Cgo8cCBjbGFzcz0icGFnZWJ0bi10b3AiPjwvcD4KPHAgY2xhc3M9InBhZ2VidG4tYm9vayI+PC9wPg==,y83Bz59vwc8gpaypYKXHpfMgpcapYKXWpesgpailr6W5pcal6qWiIKWrpdWlp+9MIKXGpemluSCl0KXrpbOly6lgIDO146W7pcOlyCClt6Xzpdel6yDM7Mi7xL6yxCCl7KW4peOpYCCloqWmpcilyaWiIFJPQ0NPobKl7aXDpbOhszO146W7pcOlyKO6pailoj+l6qW+qWCl4KGhpaSl86XGpeqlog==,paSl86XGpeqlorzSvt+lvaXVpaHX+dLO19OlwaWnpaKlvaXVpaGpYKXApaSly6XzpbClxqlgpdal66XdqWCl66XPpfOlrKlgpc+l86WsqWCl6aXDpa+xscW3pbepYKXqpfOlsKXppaSlyKW0pd/P5KXGqWCl1qXrpa2lw6XBpfOFp7x7pcal7KXTzKilyaXspcOltalgpemlsKWopaKl6qW+qWCl4KXZpcOlyaXppcOlr6XHpbmlr8vNwc+fb8HPIKWsqWClx6XzIKXGqWCl1qXrIKWopa+luaXGpeqloiClq6XVpafvTCClxqXppbkgpdCl66WzpcupYCAzteOlu6XDpcggpbel86XXpesgzOzIu8S+ssQgpeyluKXjqWAgpaKlpqXIpcmloiBST0NDT6Gype2lw6WzobMzteOlu6XDpcg=,paypYKXHpfMgpcapYKXWpesgpailr6W5pcal6qWiIKWrpdWlp+9MIKXGpemluSCl0KXrpbOly6lgoaPLzcHPn2/BzyClrKlgpcel8yClxqlgpdal6yClqKWvpbmlxqXqpaIgpaul1aWn70wgpcal6aW5IKXQpeuls6XLqWAgM7Xjpbulw6XIIKW3pfOl16XrIMzsyLvEvrLEIKXspbil46lgIKWipaalyKXJpaIgUk9DQ0+hsqXtpcOls6GzM7Xjpbulw6XI[rn]
31-77579,aHR0cDovL3RzaG9wLnIxMHMuanAvYWlyLXJoaXpvbWUvY2FiaW5ldC8yNy9hbHNrYWdvMS5qcGc/Zml0aW49NzAwOjcwMA==,MjM4OTYuMDAwMA==,,u6g/paypYKXHpfM/RElZID4gpailr6W5pcal6qWiP6WsqWClx6XzpdWloaXLpcGl46lgID4gpaypYKXHpfOl1aWhpculwaXjqWAgPiClrKlgpcel86XVpaGly6XBpeOpYKW7pcOlyA==,y83Bz59vwc8gpaypYKXHpfMgpcapYKXWpesgpailr6W5pcal6qWiIKWrpdWlp+9MIKXGpemluSCl0KXrpbOly6lgIKWspemluaXGqWCl1qXrIDW146W7pcOlyCClt6Xzpdel6yDM7Mi7xL6yxCCl7KW4peOpYCCloqWmpcilyaWiINXbpOqkv6S/pN+lrKlgpcel8zW146W7pcOlyCBBcnNlbmWhsqWipeulu6lgpcyhsw==,paypYKXHpfMgpcapYKXWpesgpailr6W5pcal6qWiIKWrpdWlp+9MIKXGpemluSCl0KXrpbOly6lg,PHRhYmxlIHdpZHRoPSIzODAiIGJvcmRlcj0iMCIgY2VsbHNwYWNpbmc9IjAiIGNlbGxwYWRkaW5nPSIwIj48dHI+PHRkPjxGT05UIGNvbG9yPSIjNjY2NjY2IiBzaXplPSItMSI+peGpYKWrqWDPo8370KGJ04H9uPGkz6XhqWClq6lgpaulv6XtpbCky7v5pMWkpKTGkvfdZKS3pMakpKTepLk8L0ZPTlQ+PC90ZD48L3RyPjwvdGFibGU+PGJyPgoKCjxpbWcgc3JjPSJodHRwczovL2ltYWdlLnJha3V0ZW4uY28uanAvYWlyLXJoaXpvbWUvY2FiaW5ldC96L3NwLmdpZiIgd2lkdGg9IjQ4MCIgaGVpZ2h0PSIxIj48YnI+Cgo8VEFCTEUgYm9yZGVyPSIwIiBjZWxscGFkZGluZz0iNSIgY2VsbHNwYWNpbmc9IjEiIHdpZHRoPSIzNzAiIGJnY29sb3I9IiM5OTk5OTkiPgo8VEJPRFk+CjxUUj4KPFREPjxpbWcgc3JjPSJodHRwczovL3d3dy5yYWt1dGVuLm5lLmpwL2dvbGQvYWlyLXJoaXpvbWUva2Fnby1pbmZvL2ltYWdlcy9rYWdvLWluZm8tdHRsMDEuZ2lmIiBib3JkZXI9IjAiPjwvdGQ+IAo8L3RyPiAKPHRyPiAKPHRkIGJnY29sb3I9IiNmZmZmZmYiPgoKPC90ZD4gCjwvdHI+IAo8dHI+IAo8dGQ+PGltZyBzcmM9Imh0dHBzOi8vd3d3LnJha3V0ZW4ubmUuanAvZ29sZC9haXItcmhpem9tZS9rYWdvLWluZm8vaW1hZ2VzL2thZ28taW5mby10dGwwMy5naWYiIGJvcmRlcj0iMCIgLz48L1REPgo8L1RSPgo8VFI+CjxURCBiZ2NvbG9yPSIjZmZmZmZmIj48Rk9OVCBjb2xvcj0iIzY2NjY2NiIgc2l6ZT0iLTEiPtfUyLukyu9Mus+kpKTymFOkt6ThpOuhoqWsqWClx6Xz08PGt6THyMua3aTOpaKlq6W3paKyxKTyyrmkw6S/1duk6qS/pL+k38q9pcapYKXWpeulu6XDpcihsUFyc2VuZSiloqXrpbupYKXMKaGxCgqktNfU1aykzqXGpemluaTkzaXPyKTH2ZibZ6TKpNKkyKTIpK2k8t9epLSkt6TGpKSkv6TApLGk66GixL7Ev6TOw8Ckt6Skyc/Gt6THzsKk4qTqpKKk66XGqWCl1qXrpbulw6XIpMikyqTDpMakqqTqpN6kuaGjCgqks6TBpOmkzqXGqWCl1qXrpbulw6XIpM/Su7DjtcSkytXbpOqkv6S/pN/KvaTI32CkpKGipcapYKXWpeuky6XBpaeloqTypLek3qSopOvSu8zl0M2kyKTKpMOkxqSqpOqk3qS5oaMKCqWzpfOl0aWvpciky4WnpN6k6qGipeyluKXjqWClt6lgpfOk2KTOs9akwbP2pLek4r/JxNyhowoKpLTX1NWspM+k4qTBpO2k86GizeKkx6Tig57RxaTKpNKkyKTIpK2k8t9epLSkt6TGpKSkv6TApLGk68nPxrekq6TEsePA+6TKpcapYKXWpeulu6XDpcikyKTKpMOkxqSqpOqk3qS5oaM8L0ZPTlQ+PC9URD4KPC9UUj4KPFRSPgo8VEQgYmdjb2xvcj0iI2ZmZmZmZiI+PGZvbnQgY29sb3I9IiM2NjY2NjYiIHNpemU9Ii0xIj4KpbWlpKW6o7qlxqlgpdal6y+3+TkwocGwwtDQpK05MKHBuN+ktTcyY22hoqXBpaeloi+3+TQyocGwwtDQpK00OS41ocG436S1NzdjbSjX+cPmuN80NWNtKTxiciAvPgo8aW1nIHNyYz0iaHR0cHM6Ly93d3cucmFrdXRlbi5uZS5qcC9nb2xkL2Fpci1yaGl6b21lL2thZ28va2Fnby1sMS5naWYiIC8+PGJyIC8+CtF1xrfW2MG/o7qlxqlgpdal6y+8czE0a2ehoqXBpaeloi+8czMuMmtnPGJyIC8+CjxpbWcgc3JjPSJodHRwczovL3d3dy5yYWt1dGVuLm5lLmpwL2dvbGQvYWlyLXJoaXpvbWUva2Fnby9rYWdvLWwxLmdpZiIgLz48YnIgLz4KssTZfKO6paKlq6W3paLM7Mi7xL4opaqlpKXriVTXsMrLyc+ksimhoqXdpeqlqKW5pcal66Gipaal7KW/pfM8YnIgLz4KPGltZyBzcmM9Imh0dHBzOi8vd3d3LnJha3V0ZW4ubmUuanAvZ29sZC9haXItcmhpem9tZS9rYWdvL2thZ28tbDEuZ2lmIiAvPjxiciAvPgqC5L+8o7rN6rPJxrehotXbpOqkv6S/pN/KvaGipcapYKXWpesxzKilwaWnpaI0vcWlu6XDpcgKPC9mb250Pgo8aW1nIHNyYz0iaHR0cHM6Ly93d3cucmFrdXRlbi5uZS5qcC9nb2xkL2Fpci1yaGl6b21lL2thZ28va2Fnby1sMS5naWYiIGJvcmRlcj0iMCIgLz48YnIgLz4KPEZPTlQgY29sb3I9IiM2NjY2NjYiIHNpemU9Ii0xIj4KpaulxqW0peqpYKO6paypYKXHpfMvpailr6W5pcal6qWiLzW146W7pcOlyC+lxqlgpdal6y+lwaWnpaIvzOzIu8S+ssQvpaKlq6W3paKyxC+loqWrpbeloi+lyqXBpeWl6aXrL6XipcCl8y+lt6Xzpdel6y+ls6XzpdGlr6XIL9XbpOqkv6S/pN/KvS/V26TqpL+kv6TfL6Xspbil46lgL6WsqWClx6XzpaKlpqXIpcmloi+lxqXppbkvpdml6aXzpcAvpaqlpKXrysvJz6SyL6WqpaSl66XVpaOly6XDpbel5S+lqqlgpdel86WrpdWlpy/EvsS/Ly+8ocmrPC9GT05UPjwvVEQ+CjwvVFI+CjwvVEJPRFk+CjwvVEFCTEU+Cgo8cCBjbGFzcz0icGFnZWJ0bi10b3AiPjwvcD4KPHAgY2xhc3M9InBhZ2VidG4tYm9vayI+PC9wPg==,y83Bz59vwc8gpaypYKXHpfMgpcapYKXWpesgpailr6W5pcal6qWiIKWrpdWlp+9MIKXGpemluSCl0KXrpbOly6lgIKWspemluaXGqWCl1qXrIDW146W7pcOlyCClt6Xzpdel6yDM7Mi7xL6yxCCl7KW4peOpYCCloqWmpcilyaWiINXbpOqkv6S/pN+lrKlgpcel8zW146W7pcOlyCBBcnNlbmWhsqWipeulu6lgpcyhs6O6pailoj+l6qW+qWCl4KGhpaSl86XGpeqlog==,paSl86XGpeqlorzSvt+lvaXVpaHX+dLO19OlwaWnpaKlvaXVpaGpYKXApaSly6XzpbClxqlgpdal66XdqWCl66XPpfOlrKlgpc+l86WsqWCl6aXDpa+xscW3pbepYKXqpfOlsKXppaSlyKW0pd/P5KXGqWCl1qXrpa2lw6XBpfOFp7x7pcal7KXTzKilyaXspcOltalgpemlsKWopaKl6qW+qWCl4KXZpcOlyaXppcOlr6XHpbmlr8vNwc+fb8HPIKWsqWClx6XzIKXGqWCl1qXrIKWopa+luaXGpeqloiClq6XVpafvTCClxqXppbkgpdCl66WzpcupYCClrKXppbmlxqlgpdal6yA1teOlu6XDpcggpbel86XXpesgzOzIu8S+ssQgpeyluKXjqWAgpaKlpqXIpcmloiDV26TqpL+kv6TfpaypYKXHpfM1teOlu6XDpcggQXJzZW5lobKloqXrpbupYKXMobM=,paypYKXHpfMgpcapYKXWpesgpailr6W5pcal6qWiIKWrpdWlp+9MIKXGpemluSCl0KXrpbOly6lgoaPLzcHPn2/BzyClrKlgpcel8yClxqlgpdal6yClqKWvpbmlxqXqpaIgpaul1aWn70wgpcal6aW5IKXQpeuls6XLqWAgpayl6aW5pcapYKXWpesgNbXjpbulw6XIIKW3pfOl16XrIMzsyLvEvrLEIKXspbil46lgIKWipaalyKXJpaIg1duk6qS/pL+k36WsqWClx6XzNbXjpbulw6XIIEFyc2VuZaGypaKl66W7qWClzKGz[rn]
31-77580,aHR0cDovL3RzaG9wLnIxMHMuanAvYWlyLXJoaXpvbWUvY2FiaW5ldC8xNy9ncHNrYWdvMS00LmpwZz9maXRpbj03MDA6NzAw,OTEwMC4wMDAw,,u6g/paypYKXHpfM/RElZID4gpailr6W5pcal6qWiP6WsqWClx6XzpdWloaXLpcGl46lgID4gpaypYKXHpfOl1aWhpculwaXjqWAgPiClrKlgpcel86XVpaGly6XBpeOpYKW7pcOlyA==,y83Bz59vwc8gpaypYKXHpfOlxqlgpdal6yCl0aXppb2l6yA0teMgpbulw6XIIKWsqWClx6XzpdGl6aW9pesgpcGlp6WiIKWrpdWlpyDNpSDI1aTopLEgpKqkt6TjpOwgpaypYKXHpfOl1aWhpculwaXjqWAgpayl6aW5pcapYKXWpesgTm92ZWxsIHBhcmFzb2wgc2V0o6ilzqXZpesgpdGl6aW9peulu6XDpcijqTS146W7pcOlyA==,ob40teOlu6XDpcihv6XRpemlvaXruLakraWsqWClx6XzpcapYKXWpeulu6XDpcg=,PGltZyBzcmM9Imh0dHBzOi8vaW1hZ2UucmFrdXRlbi5jby5qcC9haXItcmhpem9tZS9jYWJpbmV0L3ovc3AuZ2lmIiB3aWR0aD0iNDgwIiBoZWlnaHQ9IjEiPjxicj4KCjx0YWJsZSBib3JkZXI9IjAiIGNlbGxwYWRkaW5nPSI1IiBjZWxsc3BhY2luZz0iMSIgd2lkdGg9IjM3MCIgYmdjb2xvcj0iIzk5OTk5OSI+Cjx0Ym9keT4KPHRyPgo8dGQ+PGltZyBzcmM9Imh0dHBzOi8vd3d3LnJha3V0ZW4ubmUuanAvZ29sZC9haXItcmhpem9tZS9rYWdvLWluZm8vaW1hZ2VzL2thZ28taW5mby10dGwwMS5naWYiIGJvcmRlcj0iMCI+PC90ZD4KPC9UUj4KPFRSPgo8dGQgYmdjb2xvcj0iI2ZmZmZmZiI+CjxpbWcgc3JjPSJodHRwczovL3d3dy5yYWt1dGVuLm5lLmpwL2dvbGQvYWlyLXJoaXpvbWUva2Fnby1pbmZvL2ltYWdlcy9pbmZvLXBhcmFzb2wuZ2lmIj48YnI+Cgo8L3RkPgo8L3RyPgo8dHI+Cjx0ZD48aW1nIHNyYz0iaHR0cHM6Ly93d3cucmFrdXRlbi5uZS5qcC9nb2xkL2Fpci1yaGl6b21lL2thZ28taW5mby9pbWFnZXMva2Fnby1pbmZvLXR0bDAzLmdpZiIgYm9yZGVyPSIwIj48L3RkPgo8L3RyPgo8dHI+Cjx0ZCBiZ2NvbG9yPSIjZmZmZmZmIj48Zm9udCBjb2xvcj0iIzY2NjY2NiIgc2l6ZT0iLTEiPsfnpOykv8WvpKukpMjVpMuhoqSqzaWk5KXGpemluaTOyNXqjqTHpM6k86TTpOrVaZX4pOSkqrLopPKYU6S3pOChoyAKCqWsqWClx6XzpdWloaXLpcGl46lgpM6YU6S3pN+kzjGkxKTHpLmk6KTNoaMKCqSzpMGk6aTOyczGt6TPoaKkvaTzpMrA7c/rpM6/1elnpPKhojGkxKTHmFOkt6ThpOul0aXppb2l67i2pK2kzqXGqWCl1qXrpbulw6XIpMekuQqjqKXRpemlvaXrpdmpYKW5pM+EZYnTpOqjqQoK3VjKs6Tk1WmV+KGipKqy6KTymFOkt6TgpL+k4aTOv9XpZ6SspMekraTrpcapYKXWpeukyKXBpaeloqTLvNOkqKGim/akt6SkyNXqjqTypa2pYKXXpLmk66GijJ/Tw6XRpemlvaXrpKykxKSkpMakqqTqpN6kuaGjCgqlwaWnpaKhoqXGqWCl1qXroaKl0aXppb2l66TIpOKky6Gi0+DTi6TK17Dvl6TOpMqkpKGipbel86XXpeukyqXHpbalpKXzpMikyqTDpMakqqTqoaLB99DQpOqky9Ow7ZGktaTspMqkpKGimrClt6lgpbql86SqyrmkpO2UpK+ky6TPoaLA7c/rtcSkyqXHpbalpKXzoaMKCtXJt/Kkx4+IpOqkzqSipOvX+aTqpOSkuaSkpeGlw6W3peWlwaWnpaKk5KGizeikpJv2pLeksqTKpayl6aW5pcapYKXWpeuk4qSqhOGk4aXdpaSl86XIpMekuaGjPC9mb250PjwvdGQ+CjwvdHI+Cjx0cj4KPHRkIGJnY29sb3I9IiNmZmZmZmYiPjxmb250IGNvbG9yPSIjNjY2NjY2IiBzaXplPSItMSI+CqG+pcapYKXWpeuhvzxicj4KPGJyPgoKpbWlpKW6o7q3+TYwocGwwtDQpK02MKHBuN+ktTcwY208YnI+CjxpbWcgc3JjPSJodHRwczovL3d3dy5yYWt1dGVuLm5lLmpwL2dvbGQvYWlyLXJoaXpvbWUva2Fnby9rYWdvLWwxLmdpZiI+PGJyPgrRdca31tjBv6O6vHM1LjZrZzxicj4KPGltZyBzcmM9Imh0dHBzOi8vd3d3LnJha3V0ZW4ubmUuanAvZ29sZC9haXItcmhpem9tZS9rYWdvL2thZ28tbDEuZ2lmIj48YnI+CrLE2XyjuszssOUvj4q7r6WspemluaGivcWyvy+luaXBqWCl6yi328zliVTXsCk8YnI+CjxpbWcgc3JjPSJodHRwczovL3d3dy5yYWt1dGVuLm5lLmpwL2dvbGQvYWlyLXJoaXpvbWUva2Fnby9rYWdvLWwxLmdpZiI+PGJyPgqC5L+8o7q9TcGiyr2jqL1NwaKVculnvHMyMLfWo6k8YnI+CjxpbWcgc3JjPSJodHRwczovL3d3dy5yYWt1dGVuLm5lLmpwL2dvbGQvYWlyLXJoaXpvbWUva2Fnby9rYWdvLWwxLmdpZiI+PGJyPgqhvqXBpaeloqG/PGJyPgo8YnI+CqW1paSluqO6t/k1NaHBsMLQ0KStNjkuNaHBuN+ktTg5Y208YnI+CjxpbWcgc3JjPSJodHRwczovL3d3dy5yYWt1dGVuLm5lLmpwL2dvbGQvYWlyLXJoaXpvbWUva2Fnby9rYWdvLWwxLmdpZiI+PGJyPgrX+cPmuN+jujM3Y208YnI+CjxpbWcgc3JjPSJodHRwczovL3d3dy5yYWt1dGVuLm5lLmpwL2dvbGQvYWlyLXJoaXpvbWUva2Fnby9rYWdvLWwxLmdpZiI+PGJyPgrRdca31tjBv6O6vHMzLjVrZzxicj4KPGltZyBzcmM9Imh0dHBzOi8vd3d3LnJha3V0ZW4ubmUuanAvZ29sZC9haXItcmhpem9tZS9rYWdvL2thZ28tbDEuZ2lmIj48YnI+CrLE2XyjuqW5pcGpYKXro6i328zliVTXsKOpoaKlxqWtpbmlyKXspaSl8yiPiKTqssQpPGJyPgo8aW1nIHNyYz0iaHR0cHM6Ly93d3cucmFrdXRlbi5uZS5qcC9nb2xkL2Fpci1yaGl6b21lL2thZ28va2Fnby1sMS5naWYiPjxicj4KguS/vKO6zeqzyca3PGJyPgo8aW1nIHNyYz0iaHR0cHM6Ly93d3cucmFrdXRlbi5uZS5qcC9nb2xkL2Fpci1yaGl6b21lL2thZ28va2Fnby1sMS5naWYiPjxicj4Kob6l0aXppb2l66G/PGJyPgo8YnI+CqW1paSluqO6t/kxODChwbDC0NCkrTE4MKHBuN+ktTIwMGNtPGJyPgo8aW1nIHNyYz0iaHR0cHM6Ly93d3cucmFrdXRlbi5uZS5qcC9nb2xkL2Fpci1yaGl6b21lL2thZ28va2Fnby1sMS5naWYiPjxicj4K0XXGt9bYwb+jurxzMS4ya2c8YnI+CjxpbWcgc3JjPSJodHRwczovL3d3dy5yYWt1dGVuLm5lLmpwL2dvbGQvYWlyLXJoaXpvbWUva2Fnby9rYWdvLWwxLmdpZiI+PGJyPgqyxNl8o7ql3aXqpailuaXGpesoyfq12CmhoqW5pcGpYKXrKNan1vkpPGJyPgoKPGltZyBzcmM9Imh0dHBzOi8vd3d3LnJha3V0ZW4ubmUuanAvZ29sZC9haXItcmhpem9tZS9rYWdvL2thZ28tbDEuZ2lmIiBib3JkZXI9IjAiPjxicj4KpaulxqW0peqpYKO6paypYKXHpfMvpailr6W5pcal6qWiL6OzteOlu6XDpcgvpcapYKXWpesvpcGlp6WiL6WspemluaXGqWCl1qXrL6Xppb+l8+9ML6XipcCl8y+luaW/pcOlraXzpbAvpaqpYKXXpfOlq6XVpacvu9LJqy+y6MmrPC9mb250PjwvdGQ+CjwvdHI+CjwvdGJvZHk+CjwvdGFibGU+Cgo8cCBjbGFzcz0icGFnZWJ0bi10b3AiPjwvcD4KPHAgY2xhc3M9InBhZ2VidG4tYm9vayI+PC9wPg==,y83Bz59vwc8gpaypYKXHpfOlxqlgpdal6yCl0aXppb2l6yA0teMgpbulw6XIIKWsqWClx6XzpdGl6aW9pesgpcGlp6WiIKWrpdWlpyDNpSDI1aTopLEgpKqkt6TjpOwgpaypYKXHpfOl1aWhpculwaXjqWAgpayl6aW5pcapYKXWpesgTm92ZWxsIHBhcmFzb2wgc2V0o6ilzqXZpesgpdGl6aW9peulu6XDpcijqTS146W7pcOlyKO6pailoj+l6qW+qWCl4KGhpaSl86XGpeqlog==,paSl86XGpeqlorzSvt+lvaXVpaHX+dLO19OlwaWnpaKlvaXVpaGpYKXApaSly6XzpbClxqlgpdal66XdqWCl66XPpfOlrKlgpc+l86WsqWCl6aXDpa+xscW3pbepYKXqpfOlsKXppaSlyKW0pd/P5KXGqWCl1qXrpa2lw6XBpfOFp7x7pcal7KXTzKilyaXspcOltalgpemlsKWopaKl6qW+qWCl4KXZpcOlyaXppcOlr6XHpbmlr8vNwc+fb8HPIKWsqWClx6XzpcapYKXWpesgpdGl6aW9pesgNLXjIKW7pcOlyCClrKlgpcel86XRpemlvaXrIKXBpaeloiClq6XVpacgzaUgyNWk6KSxIKSqpLek46TsIKWsqWClx6XzpdWloaXLpcGl46lgIKWspemluaXGqWCl1qXrIE5vdmVsbCBwYXJhc29sIHNldKOopc6l2aXrIKXRpemlvaXrpbulw6XIo6k0teOlu6XDpcg=,ob40teOlu6XDpcihv6XRpemlvaXruLakraWsqWClx6XzpcapYKXWpeulu6XDpciho8vNwc+fb8HPIKWsqWClx6XzpcapYKXWpesgpdGl6aW9pesgNLXjIKW7pcOlyCClrKlgpcel86XRpemlvaXrIKXBpaeloiClq6XVpacgzaUgyNWk6KSxIKSqpLek46TsIKWsqWClx6XzpdWloaXLpcGl46lgIKWspemluaXGqWCl1qXrIE5vdmVsbCBwYXJhc29sIHNldKOopc6l2aXrIKXRpemlvaXrpbulw6XIo6k0teOlu6XDpcg=[rn]
31-77581,aHR0cDovL3RzaG9wLnIxMHMuanAvYWlyLXJoaXpvbWUvY2FiaW5ldC8xNy9ncHNrYWdvMS02LmpwZz9maXRpbj03MDA6NzAw,MTYwNDUuNjAwMA==,,u6g/paypYKXHpfM/RElZID4gpailr6W5pcal6qWiP6WsqWClx6XzpdWloaXLpcGl46lgID4gpaypYKXHpfOl1aWhpculwaXjqWAgPiClrKlgpcel86XVpaGly6XBpeOpYKW7pcOlyA==,y83Bz59vwc8gpaypYKXHpfOlxqlgpdal6yCl0aXppb2l6yA2teMgpbulw6XIIKWsqWClx6XzpdGl6aW9pesgpcGlp6WiIDS9xSClq6XVpacgzaUgyNWk6KSxIKSqpLek46TsIKWsqWClx6XzpdWloaXLpcGl46lgIKWspemluaXGqWCl1qXrIE5vdmVsbCBwYXJhc29sIHNldKOopc6l2aXrIKXRpemlvaXrpbulw6XIo6k2teOlu6XDpcg=,ob42teOlu6XDpcihv6XRpemlvaXruLakraWsqWClx6XzpcapYKXWpeulu6XDpcggpcGlp6WiNL3F,PGltZyBzcmM9Imh0dHBzOi8vaW1hZ2UucmFrdXRlbi5jby5qcC9haXItcmhpem9tZS9jYWJpbmV0L3ovc3AuZ2lmIiB3aWR0aD0iNDgwIiBoZWlnaHQ9IjEiPjxicj4KCjx0YWJsZSBib3JkZXI9IjAiIGNlbGxwYWRkaW5nPSI1IiBjZWxsc3BhY2luZz0iMSIgd2lkdGg9IjM3MCIgYmdjb2xvcj0iIzk5OTk5OSI+Cjx0Ym9keT4KPHRyPgo8dGQ+PGltZyBzcmM9Imh0dHBzOi8vd3d3LnJha3V0ZW4ubmUuanAvZ29sZC9haXItcmhpem9tZS9rYWdvLWluZm8vaW1hZ2VzL2thZ28taW5mby10dGwwMS5naWYiIGJvcmRlcj0iMCI+PC90ZD4KPC9UUj4KPFRSPgo8dGQgYmdjb2xvcj0iI2ZmZmZmZiI+CjxpbWcgc3JjPSJodHRwczovL3d3dy5yYWt1dGVuLm5lLmpwL2dvbGQvYWlyLXJoaXpvbWUva2Fnby1pbmZvL2ltYWdlcy9pbmZvLXBhcmFzb2wuZ2lmIj48YnI+Cgo8L3RkPgo8L3RyPgo8dHI+Cjx0ZD48aW1nIHNyYz0iaHR0cHM6Ly93d3cucmFrdXRlbi5uZS5qcC9nb2xkL2Fpci1yaGl6b21lL2thZ28taW5mby9pbWFnZXMva2Fnby1pbmZvLXR0bDAzLmdpZiIgYm9yZGVyPSIwIj48L3RkPgo8L3RyPgo8dHI+Cjx0ZCBiZ2NvbG9yPSIjZmZmZmZmIj48Zm9udCBjb2xvcj0iIzY2NjY2NiIgc2l6ZT0iLTEiPsfnpOykv8WvpKukpMjVpMuhoqSqzaWk5KXGpemluaTOyNXqjqTHpM6k86TTpOrVaZX4pOSkqrLopPKYU6S3pOChoyAKCqWsqWClx6XzpdWloaXLpcGl46lgpM6YU6S3pN+kzjGkxKTHpLmk6KTNoaMKCqSzpMGk6aTOyczGt6TPoaKkvaTzpMrA7c/rpM6/1elnpPKhojGkxKTHmFOkt6ThpOul0aXppb2l67i2pK2kzqXGqWCl1qXrpbulw6XIpMekuQqjqKXRpemlvaXrpdmpYKW5pM+EZYnTpOqjqQoK3VjKs6Tk1WmV+KGipKqy6KTymFOkt6TgpL+k4aTOv9XpZ6SspMekraTrpcapYKXWpeukyKXBpaeloqTLvNOkqKGim/akt6SkyNXqjqTypa2pYKXXpLmk66GijJ/Tw6XRpemlvaXrpKykxKSkpMakqqTqpN6kuaGjCgqlwaWnpaKhoqXGqWCl1qXroaKl0aXppb2l66TIpOKky6Gi0+DTi6TK17Dvl6TOpMqkpKGipbel86XXpeukyqXHpbalpKXzpMikyqTDpMakqqTqoaLB99DQpOqky9Ow7ZGktaTspMqkpKGimrClt6lgpbql86SqyrmkpO2UpK+ky6TPoaLA7c/rtcSkyqXHpbalpKXzoaMKCtXJt/Kkx4+IpOqkzqSipOvX+aTqpOSkuaSkpeGlw6W3peWlwaWnpaKk5KGizeikpJv2pLeksqTKpayl6aW5pcapYKXWpeuk4qSqhOGk4aXdpaSl86XIpMekuaGjPC9mb250PjwvdGQ+CjwvdHI+Cjx0cj4KPHRkIGJnY29sb3I9IiNmZmZmZmYiPjxmb250IGNvbG9yPSIjNjY2NjY2IiBzaXplPSItMSI+CqG+pcapYKXWpeuhvzxicj4KPGJyPgoKpbWlpKW6o7q3+TgwocGwwtDQpK04MKHBuN+ktTcwY208YnI+CjxpbWcgc3JjPSJodHRwczovL3d3dy5yYWt1dGVuLm5lLmpwL2dvbGQvYWlyLXJoaXpvbWUva2Fnby9rYWdvLWwxLmdpZiI+PGJyPgrRdca31tjBv6O6vHM5LjJrZzxicj4KPGltZyBzcmM9Imh0dHBzOi8vd3d3LnJha3V0ZW4ubmUuanAvZ29sZC9haXItcmhpem9tZS9rYWdvL2thZ28tbDEuZ2lmIj48YnI+CrLE2XyjuszssOUvj4q7r6WspemluaGivcWyvy+luaXBqWCl6yi328zliVTXsCk8YnI+CjxpbWcgc3JjPSJodHRwczovL3d3dy5yYWt1dGVuLm5lLmpwL2dvbGQvYWlyLXJoaXpvbWUva2Fnby9rYWdvLWwxLmdpZiI+PGJyPgqC5L+8o7q9TcGiyr2jqL1NwaKVculnvHMyMLfWo6k8YnI+CjxpbWcgc3JjPSJodHRwczovL3d3dy5yYWt1dGVuLm5lLmpwL2dvbGQvYWlyLXJoaXpvbWUva2Fnby9rYWdvLWwxLmdpZiI+PGJyPgqhvqXBpaeloqG/PGJyPgo8YnI+CqW1paSluqO6t/k1NaHBsMLQ0KStNjkuNaHBuN+ktTg5Y208YnI+CjxpbWcgc3JjPSJodHRwczovL3d3dy5yYWt1dGVuLm5lLmpwL2dvbGQvYWlyLXJoaXpvbWUva2Fnby9rYWdvLWwxLmdpZiI+PGJyPgrX+cPmuN+jujM3Y208YnI+CjxpbWcgc3JjPSJodHRwczovL3d3dy5yYWt1dGVuLm5lLmpwL2dvbGQvYWlyLXJoaXpvbWUva2Fnby9rYWdvLWwxLmdpZiI+PGJyPgrRdca31tjBv6O6vHMzLjVrZzxicj4KPGltZyBzcmM9Imh0dHBzOi8vd3d3LnJha3V0ZW4ubmUuanAvZ29sZC9haXItcmhpem9tZS9rYWdvL2thZ28tbDEuZ2lmIj48YnI+CrLE2XyjuqW5pcGpYKXro6i328zliVTXsKOpoaKlxqWtpbmlyKXspaSl8yiPiKTqssQpPGJyPgo8aW1nIHNyYz0iaHR0cHM6Ly93d3cucmFrdXRlbi5uZS5qcC9nb2xkL2Fpci1yaGl6b21lL2thZ28va2Fnby1sMS5naWYiPjxicj4KguS/vKO6zeqzyca3PGJyPgo8aW1nIHNyYz0iaHR0cHM6Ly93d3cucmFrdXRlbi5uZS5qcC9nb2xkL2Fpci1yaGl6b21lL2thZ28va2Fnby1sMS5naWYiPjxicj4Kob6l0aXppb2l66G/PGJyPgo8YnI+CqW1paSluqO6t/kyMDChwbDC0NCkrTIwMKHBuN+ktTIxMGNtPGJyPgo8aW1nIHNyYz0iaHR0cHM6Ly93d3cucmFrdXRlbi5uZS5qcC9nb2xkL2Fpci1yaGl6b21lL2thZ28va2Fnby1sMS5naWYiPjxicj4K0XXGt9bYwb+jurxzMmtnPGJyPgo8aW1nIHNyYz0iaHR0cHM6Ly93d3cucmFrdXRlbi5uZS5qcC9nb2xkL2Fpci1yaGl6b21lL2thZ28va2Fnby1sMS5naWYiPjxicj4KssTZfKO6pd2l6qWopbmlxqXrKMn6tdgpoaKluaXBqWCl6yjWp9b5KTxicj4KCjxpbWcgc3JjPSJodHRwczovL3d3dy5yYWt1dGVuLm5lLmpwL2dvbGQvYWlyLXJoaXpvbWUva2Fnby9rYWdvLWwxLmdpZiIgYm9yZGVyPSIwIj48YnI+CqWrpcaltKXqqWCjuqWsqWClx6XzL6Wopa+luaXGpeqloi+js7Xjpbulw6XIL6XGqWCl1qXrL6XBpaeloi+lrKXppbmlxqlgpdal6y+l6aW/pfPvTC+l4qXApfMvpbmlv6XDpa2l86WwL6WqqWCl16Xzpaul1aWnL7vSyasvsujJqzwvZm9udD48L3RkPgo8L3RyPgo8L3Rib2R5Pgo8L3RhYmxlPgoKPHAgY2xhc3M9InBhZ2VidG4tdG9wIj48L3A+CjxwIGNsYXNzPSJwYWdlYnRuLWJvb2siPjwvcD4=,y83Bz59vwc8gpaypYKXHpfOlxqlgpdal6yCl0aXppb2l6yA2teMgpbulw6XIIKWsqWClx6XzpdGl6aW9pesgpcGlp6WiIDS9xSClq6XVpacgzaUgyNWk6KSxIKSqpLek46TsIKWsqWClx6XzpdWloaXLpcGl46lgIKWspemluaXGqWCl1qXrIE5vdmVsbCBwYXJhc29sIHNldKOopc6l2aXrIKXRpemlvaXrpbulw6XIo6k2teOlu6XDpcijuqWopaI/peqlvqlgpeChoaWkpfOlxqXqpaI=,paSl86XGpeqlorzSvt+lvaXVpaHX+dLO19OlwaWnpaKlvaXVpaGpYKXApaSly6XzpbClxqlgpdal66XdqWCl66XPpfOlrKlgpc+l86WsqWCl6aXDpa+xscW3pbepYKXqpfOlsKXppaSlyKW0pd/P5KXGqWCl1qXrpa2lw6XBpfOFp7x7pcal7KXTzKilyaXspcOltalgpemlsKWopaKl6qW+qWCl4KXZpcOlyaXppcOlr6XHpbmlr8vNwc+fb8HPIKWsqWClx6XzpcapYKXWpesgpdGl6aW9pesgNrXjIKW7pcOlyCClrKlgpcel86XRpemlvaXrIKXBpaeloiA0vcUgpaul1aWnIM2lIMjVpOiksSCkqqS3pOOk7CClrKlgpcel86XVpaGly6XBpeOpYCClrKXppbmlxqlgpdal6yBOb3ZlbGwgcGFyYXNvbCBzZXSjqKXOpdml6yCl0aXppb2l66W7pcOlyKOpNrXjpbulw6XI,ob42teOlu6XDpcihv6XRpemlvaXruLakraWsqWClx6XzpcapYKXWpeulu6XDpcggpcGlp6WiNL3FoaPLzcHPn2/BzyClrKlgpcel86XGqWCl1qXrIKXRpemlvaXrIDa14yClu6XDpcggpaypYKXHpfOl0aXppb2l6yClwaWnpaIgNL3FIKWrpdWlpyDNpSDI1aTopLEgpKqkt6TjpOwgpaypYKXHpfOl1aWhpculwaXjqWAgpayl6aW5pcapYKXWpesgTm92ZWxsIHBhcmFzb2wgc2V0o6ilzqXZpesgpdGl6aW9peulu6XDpcijqTa146W7pcOlyA==[rn]
31-77582,aHR0cDovL3RzaG9wLnIxMHMuanAvYWlyLXJoaXpvbWUvY2FiaW5ldC9qL21uZGthZ28wMS1zZXQuanBnP2ZpdGluPTcwMDo3MDA=,MTYyOTIuODAwMA==,,u6g/paypYKXHpfM/RElZID4gpailr6W5pcal6qWiP6WsqWClx6XzpdWloaXLpcGl46lgID4gpaypYKXHpfOl1aWhpculwaXjqWAgPiClrKlgpcel86XVpaGly6XBpeOpYKW7pcOlyA==,y83Bz59vwc8gpaypYKXHpfOlxqlgpdal6yCloqXrpd8gpaypYKXHpfMgpcapYKXWpesgpbulw6XIIKWsqWClx6XzpcGlp6WiIKWsqWClx6XzpcapYKXWpeulu6XDpcggM7Xjpbulw6XIIKXZpeml86XAIKWopa+luaXGpeqloiClrKlgpcel86XVpaGly6XBpeOpYCBNT05EQaGypeKl86XAobMgpaKl66XfpcapYKXWpes/pcGlp6WiM7Xjpbulw6XIIKW3peul0Klg,paKl66XfIKWsqWClx6XzpcapYKXWpeujpqXBpaeloiAzteOlu6XDpcg=,PGltZyBzcmM9Imh0dHBzOi8vaW1hZ2UucmFrdXRlbi5jby5qcC9haXItcmhpem9tZS9jYWJpbmV0L3ovc3AuZ2lmIiB3aWR0aD0iNDgwIiBoZWlnaHQ9IjEiPjxicj4KCjxUQUJMRSBib3JkZXI9IjAiIGNlbGxwYWRkaW5nPSI1IiBjZWxsc3BhY2luZz0iMSIgd2lkdGg9IjM3MCIgYmdjb2xvcj0iIzk5OTk5OSI+CjxUQk9EWT4KPFRSPgo8dGQ+PGltZyBzcmM9Imh0dHBzOi8vd3d3LnJha3V0ZW4ubmUuanAvZ29sZC9haXItcmhpem9tZS9rYWdvLWluZm8vaW1hZ2VzL2thZ28taW5mby10dGwwMS5naWYiIGJvcmRlcj0iMCI+PC90ZD4KPC90cj4KPHRyPgo8dGQgYmdjb2xvcj0iI2ZmZmZmZiI+Cgo8L3RkPgo8L3RyPgo8dHI+Cjx0ZCBiZ2NvbG9yPSIjOTk5OTk5Ij48aW1nIHNyYz0iaHR0cHM6Ly93d3cucmFrdXRlbi5uZS5qcC9nb2xkL2Fpci1yaGl6b21lL2thZ28taW5mby9pbWFnZXMva2Fnby1pbmZvLXR0bDAzLmdpZiIgYm9yZGVyPSIwIj48L3RkPgo8L1RSPgo8VFI+Cjx0ZCBiZ2NvbG9yPSIjZmZmZmZmIj48Rk9OVCBjb2xvcj0iIzY2NjY2NiIgc2l6ZT0iLTEiPqTBpOekw6TI0rvPoqTEpK+l6qXppcOlr6W5pb+lpKXgpOShouqWmt2kysjVsu6kt6TO1Kqkx6WrpdWlp6W/paSl4KTKpMmkzqGi09DS4sF4pMqVculnpPLfXqS0pLm/1elnpPKkxKSvpOulrKlgpcel86WkpfOlxqXqpaKhsU1vbmRhIGNhZmUgdGFibGWhsaTHpLmhowoKpLOkwaTppM6lq6XVpaelxqlgpdal66W7pcOlyKTPoaLSiqS/xL+k4sPApLekr6GixM2+w9DUpM6koqTrpaKl66XfpdWl7KlgpeCkx7P2wLSkxqSqpOqk3qS5pM6kx6Gi0+qk5JtBpOyky4+KpK+hoqS1pOmky91Ywb+kx6S5pM6kx87dzeKkx8q508OkuaTr60iky6TIpMak4rHjwPukx6S5oaMKCqW3pfOl16XrpceltqWkpfOkzraot6yloqXrpd+l1aXsqWCl4KTKpM6kx6Gipcal6aW5pOSkqs2lpMul7KWkpaKlpqXIpLekxqTioaKkyKTGpOLrg4fsmt2kzqSipOu/1elnpPLR3bP2pLek3qS5oaMKCo++wLSkzqWsqWClx6XzvNK+36TIpM+hoqTSpMjOtt9gpMOkv8nPxrekx6WkpfOlxqXqpaLQ1KTOuN+kpMrLyc+krKTqpMqkzqTHoaLO3c3ipMelrKlgpcel86WkpfOlxqXqpaKkyKS3pMakz7WxyLukx6S5pKyhos7dxNqk5KXepfOlt6XnpfOkzqXZpeml86XApMqkyaTHpOLKrrfWyrmkqKTepLmhozwvRk9OVD48L3RkPgo8L1RSPgo8VFI+Cjx0ZCBiZ2NvbG9yPSIjZmZmZmZmIj48Rk9OVCBzaXplPSItMSIgY29sb3I9IiM2NjY2NjYiPjxGT05UIGNvbG9yPSIjNjY2NjY2IiBzaXplPSItMSI+pcapYKXWpes8aHI+CqW1paSluqO6t/k2MC41ocGwwtDQpK02MC41ocG436S1NzJjbSA8L0ZPTlQ+PEZPTlQgY29sb3I9IiM2NjY2NjYiPjxicj4KPC9GT05UPgo8Rk9OVCBjb2xvcj0iIzY2NjY2NiI+PEZPTlQgY29sb3I9IiM2NjY2NjYiPjxpbWcgc3JjPSJodHRwczovL3d3dy5yYWt1dGVuLm5lLmpwL2dvbGQvYWlyLXJoaXpvbWUva2Fnby9rYWdvLWwxLmdpZiIgYm9yZGVyPSIwIj48L0ZPTlQ+PGJyPgrRdca31tjBv6O6vHM2a2c8YnI+Cgo8aW1nIHNyYz0iaHR0cHM6Ly93d3cucmFrdXRlbi5uZS5qcC9nb2xkL2Fpci1yaGl6b21lL2thZ28va2Fnby1sMS5naWYiIGJvcmRlcj0iMCI+PGJyPgqyxNl8o7qloqXrpd+ly6WmpeCjqKWipeul3qWkpcjKy8nPpLKjqTxicj4KpbmlwalgpeujqKWopd2lraW3mOTWrIlU17CjqaGipdGpYKXGpaOlr6XrpdypYKXJIDxicj4KPGltZyBzcmM9Imh0dHBzOi8vd3d3LnJha3V0ZW4ubmUuanAvZ29sZC9haXItcmhpem9tZS9rYWdvL2thZ28tbDEuZ2lmIiBib3JkZXI9IjAiPjxicj4KguS/vKO6vU3Bosq9o6i9TcGilXLpZ7xzNbfWo6k8YnI+Cjxicj4KpcGlp6WiPGhyPgqltaWkpbqjurf5NTahwbDC0NCkrTYwocG436S1NzJjbSA8L0ZPTlQ+PEZPTlQgY29sb3I9IiM2NjY2NjYiPjxicj4KPC9GT05UPgo8Rk9OVCBjb2xvcj0iIzY2NjY2NiI+PEZPTlQgY29sb3I9IiM2NjY2NjYiPjxpbWcgc3JjPSJodHRwczovL3d3dy5yYWt1dGVuLm5lLmpwL2dvbGQvYWlyLXJoaXpvbWUva2Fnby9rYWdvLWwxLmdpZiIgYm9yZGVyPSIwIj48L0ZPTlQ+PGJyPgrRdca31tjBv6O6vHMya2c8YnI+Cgo8aW1nIHNyYz0iaHR0cHM6Ly93d3cucmFrdXRlbi5uZS5qcC9nb2xkL2Fpci1yaGl6b21lL2thZ28va2Fnby1sMS5naWYiIGJvcmRlcj0iMCI+PGJyPgqyxNl8o7qloqXrpd+ly6WmpeCjqKWipeul3qWkpcjKy8nPpLKjqQo8YnI+CjxpbWcgc3JjPSJodHRwczovL3d3dy5yYWt1dGVuLm5lLmpwL2dvbGQvYWlyLXJoaXpvbWUva2Fnby9rYWdvLWwxLmdpZiIgYm9yZGVyPSIwIj48YnI+CoLkv7yjus3qs8nGtzxicj4KPC9GT05UPgo8aW1nIHNyYz0iaHR0cHM6Ly93d3cucmFrdXRlbi5uZS5qcC9nb2xkL2Fpci1yaGl6b21lL2thZ28va2Fnby1sMS5naWYiIGJvcmRlcj0iMCI+PGJyPgqlq6XGpbSl6qlgo7qlrKlgpcel8y+lqKWvpbmlxqXqpaIvo7O146W7pcOlyC+lxqlgpdal6y+lwaWnpaIvpaKl66XfpdWl7KlgpeAvpaal7aWzxKOYlC+l4qXApfMvpbmlv6XDpa2l86WwL6WqqWCl16Xzpaul1aWnL6W3peul0KlgPC9GT05UPjwvdGQ+CjwvVFI+CjwvVEJPRFk+CjwvVEFCTEU+Cgo8cCBjbGFzcz0icGFnZWJ0bi10b3AiPjwvcD4KPHAgY2xhc3M9InBhZ2VidG4tYm9vayI+PC9wPg==,y83Bz59vwc8gpaypYKXHpfOlxqlgpdal6yCloqXrpd8gpaypYKXHpfMgpcapYKXWpesgpbulw6XIIKWsqWClx6XzpcGlp6WiIKWsqWClx6XzpcapYKXWpeulu6XDpcggM7Xjpbulw6XIIKXZpeml86XAIKWopa+luaXGpeqloiClrKlgpcel86XVpaGly6XBpeOpYCBNT05EQaGypeKl86XAobMgpaKl66XfpcapYKXWpes/pcGlp6WiM7Xjpbulw6XIIKW3peul0Klgo7qlqKWiP6Xqpb6pYKXgoaGlpKXzpcal6qWi,paSl86XGpeqlorzSvt+lvaXVpaHX+dLO19OlwaWnpaKlvaXVpaGpYKXApaSly6XzpbClxqlgpdal66XdqWCl66XPpfOlrKlgpc+l86WsqWCl6aXDpa+xscW3pbepYKXqpfOlsKXppaSlyKW0pd/P5KXGqWCl1qXrpa2lw6XBpfOFp7x7pcal7KXTzKilyaXspcOltalgpemlsKWopaKl6qW+qWCl4KXZpcOlyaXppcOlr6XHpbmlr8vNwc+fb8HPIKWsqWClx6XzpcapYKXWpesgpaKl66XfIKWsqWClx6XzIKXGqWCl1qXrIKW7pcOlyCClrKlgpcel86XBpaeloiClrKlgpcel86XGqWCl1qXrpbulw6XIIDO146W7pcOlyCCl2aXppfOlwCClqKWvpbmlxqXqpaIgpaypYKXHpfOl1aWhpculwaXjqWAgTU9OREGhsqXipfOlwKGzIKWipeul36XGqWCl1qXrP6XBpaelojO146W7pcOlyCClt6XrpdCpYA==,paKl66XfIKWsqWClx6XzpcapYKXWpeujpqXBpaeloiAzteOlu6XDpciho8vNwc+fb8HPIKWsqWClx6XzpcapYKXWpesgpaKl66XfIKWsqWClx6XzIKXGqWCl1qXrIKW7pcOlyCClrKlgpcel86XBpaeloiClrKlgpcel86XGqWCl1qXrpbulw6XIIDO146W7pcOlyCCl2aXppfOlwCClqKWvpbmlxqXqpaIgpaypYKXHpfOl1aWhpculwaXjqWAgTU9OREGhsqXipfOlwKGzIKWipeul36XGqWCl1qXrP6XBpaelojO146W7pcOlyCClt6XrpdCpYA==[rn]
31-77583,aHR0cDovL3RzaG9wLnIxMHMuanAvYWlyLXJoaXpvbWUvY2FiaW5ldC9qL2xvcy1rYWdvMDEuanBnP2ZpdGluPTcwMDo3MDA=,MTU3OTguNDAwMA==,,u6g/paypYKXHpfM/RElZID4gpailr6W5pcal6qWiP6WsqWClx6XzpdWloaXLpcGl46lgID4gpaypYKXHpfOl1aWhpculwaXjqWAgPiClrKlgpcel86XVpaGly6XBpeOpYKW7pcOlyA==,y83Bz59vwc8gpaypYKXHpfMgpailr6W5pcal6qWiIKXGqWCl1qXrP6XBpaelojO146W7pcOlyCBMT1NDT6Gype2luaWzobMgpaKl66XfpcapYKXWpes/pcGlp6WiM7Xjpbulw6XIIKXGqWCl1qXrIKXBpaeloiDSztfTIKXQpeuls6XLqWAgpcal6aW5IKWipeul36XVpeypYKXgIKW5pb+lw6WtpfOlsCClpqXtpbPEo5iUIM7dxNrN4rzm08Mgpbel66XQqWA=,paypYKXHpfMgpailr6W5pcal6qWiIKXGqWCl1qXrP6XBpaeloqOzteOlu6XDpcg=,PGltZyBzcmM9Imh0dHBzOi8vaW1hZ2UucmFrdXRlbi5jby5qcC9haXItcmhpem9tZS9jYWJpbmV0L3ovc3AuZ2lmIiB3aWR0aD0iNDgwIiBoZWlnaHQ9IjEiPjxicj4KCjxUQUJMRSBib3JkZXI9IjAiIGNlbGxwYWRkaW5nPSI1IiBjZWxsc3BhY2luZz0iMSIgd2lkdGg9IjM3MCIgYmdjb2xvcj0iIzk5OTk5OSI+CjxUQk9EWT4KPFRSPgo8dGQ+PGltZyBzcmM9Imh0dHBzOi8vd3d3LnJha3V0ZW4ubmUuanAvZ29sZC9haXItcmhpem9tZS9rYWdvLWluZm8vaW1hZ2VzL2thZ28taW5mby10dGwwMS5naWYiIGJvcmRlcj0iMCI+PC90ZD4KPC90cj4KPHRyPgo8dGQgYmdjb2xvcj0iI2ZmZmZmZiI+Cgo8L3RkPgo8L3RyPgo8dHI+Cjx0ZCBiZ2NvbG9yPSIjOTk5OTk5Ij48aW1nIHNyYz0iaHR0cHM6Ly93d3cucmFrdXRlbi5uZS5qcC9nb2xkL2Fpci1yaGl6b21lL2thZ28taW5mby9pbWFnZXMva2Fnby1pbmZvLXR0bDAzLmdpZiIgYm9yZGVyPSIwIj48L3RkPgo8L1RSPgo8VFI+Cjx0ZCBiZ2NvbG9yPSIjZmZmZmZmIj48Rk9OVCBjb2xvcj0iIzY2NjY2NiIgc2l6ZT0iLTEiPqTBpOekw6TI0rvPoqTEpK+l6qXppcOlr6W5pb+lpKXgpOShouqWmt2kysjVsu6kt6TO1Kqkx6WrpdWlp6W/paSl4KTKpMmkzqGi09DS4sF4pMqVculnpPLfXqS0pLm/1elnpPKkxKSvpOulrKlgpcel86WkpfOlxqXqpaKhsUxvc2NvIGNhZmUgdGFibGWhsaTHpLmhowoKpLOkwaTppM6lq6XVpaelxqlgpdal66W7pcOlyKTPoaLSiqS/xL+k4sPApLekr6GixM2+w9DUpM6koqTrpaKl66XfpdWl7KlgpeCkx7P2wLSkxqSqpOqk3qS5pM6kx6Gi0+qk5JtBpOyky4+KpK+hoqS1pOmky91Ywb+kx6S5pM6kx87dzeKkx8q508OkuaTr60iky6TIpMak4rHjwPukx6S5oaMKCqW3pfOl16XrpceltqWkpfOkzraot6yloqXrpd+l1aXsqWCl4KTKpM6kx6Gipcal6aW5pOSkqs2lpMul7KWkpaKlpqXIpLekxqTioaKkyKTGpOLrg4fsmt2kzqSipOu/1elnpPLR3bP2pLek3qS5oaMKCo++wLSkzqWsqWClx6XzvNK+36TIpM+hoqTSpMjOtt9gpMOkv8nPxrekx6WkpfOlxqXqpaLQ1KTOuN+kpMrLyc+krKTqpMqkzqTHoaLO3c3ipMelrKlgpcel86WkpfOlxqXqpaKkyKS3pMakz7WxyLukx6S5pKyhos7dxNqk5KXepfOlt6XnpfOkzqXZpeml86XApMqkyaTHpOLKrrfWyrmkqKTepLmhozwvRk9OVD48L3RkPgo8L1RSPgo8VFI+Cjx0ZCBiZ2NvbG9yPSIjZmZmZmZmIj48Rk9OVCBzaXplPSItMSIgY29sb3I9IiM2NjY2NjYiPjxGT05UIGNvbG9yPSIjNjY2NjY2IiBzaXplPSItMSI+pcapYKXWpes8aHI+CqW1paSluqO6t/k2MKHBsMLQ0KStNjChwbjfpLU3MmNtCjwvRk9OVD48Rk9OVCBjb2xvcj0iIzY2NjY2NiI+PGJyPgo8L0ZPTlQ+CjxGT05UIGNvbG9yPSIjNjY2NjY2Ij48Rk9OVCBjb2xvcj0iIzY2NjY2NiI+PGltZyBzcmM9Imh0dHBzOi8vd3d3LnJha3V0ZW4ubmUuanAvZ29sZC9haXItcmhpem9tZS9rYWdvL2thZ28tbDEuZ2lmIiBib3JkZXI9IjAiPjwvRk9OVD48YnI+CtF1xrfW2MG/o7q8czZrZzxicj4KCjxpbWcgc3JjPSJodHRwczovL3d3dy5yYWt1dGVuLm5lLmpwL2dvbGQvYWlyLXJoaXpvbWUva2Fnby9rYWdvLWwxLmdpZiIgYm9yZGVyPSIwIj48YnI+CrLE2XyjuqWipeul36XLpaal4KOopaKl66XepaSlyMrLyc+ksqOpPGJyPgqluaXBqWCl66Oopail3aWtpbeY5NasiVTXsKOpoaKl0algpcalo6Wvpeul3KlgpckgPGJyPgo8aW1nIHNyYz0iaHR0cHM6Ly93d3cucmFrdXRlbi5uZS5qcC9nb2xkL2Fpci1yaGl6b21lL2thZ28va2Fnby1sMS5naWYiIGJvcmRlcj0iMCI+PGJyPgqC5L+8o7q9TcGiyr2jqL1NwaKVculnvHM1t9ajqTxicj4KPGJyPgqlwaWnpaI8aHI+CqW1paSluqO6t/k1M6HBsMLQ0KStNTihwbjfpLU3M2NtPC9GT05UPjxGT05UIGNvbG9yPSIjNjY2NjY2Ij48YnI+CjwvRk9OVD4KPEZPTlQgY29sb3I9IiM2NjY2NjYiPjxGT05UIGNvbG9yPSIjNjY2NjY2Ij48aW1nIHNyYz0iaHR0cHM6Ly93d3cucmFrdXRlbi5uZS5qcC9nb2xkL2Fpci1yaGl6b21lL2thZ28va2Fnby1sMS5naWYiIGJvcmRlcj0iMCI+PC9GT05UPjxicj4K0XXGt9bYwb+jurxzMmtnPGJyPgoKPGltZyBzcmM9Imh0dHBzOi8vd3d3LnJha3V0ZW4ubmUuanAvZ29sZC9haXItcmhpem9tZS9rYWdvL2thZ28tbDEuZ2lmIiBib3JkZXI9IjAiPjxicj4KssTZfKO6paKl66XfpculpqXgo6iloqXrpd6lpKXIysvJz6Syo6kKPGJyPgo8aW1nIHNyYz0iaHR0cHM6Ly93d3cucmFrdXRlbi5uZS5qcC9nb2xkL2Fpci1yaGl6b21lL2thZ28va2Fnby1sMS5naWYiIGJvcmRlcj0iMCI+PGJyPgqC5L+8o7rN6rPJxrc8YnI+CjwvRk9OVD4KPGltZyBzcmM9Imh0dHBzOi8vd3d3LnJha3V0ZW4ubmUuanAvZ29sZC9haXItcmhpem9tZS9rYWdvL2thZ28tbDEuZ2lmIiBib3JkZXI9IjAiPjxicj4KpaulxqW0peqpYKO6paypYKXHpfMvpailr6W5pcal6qWiL6OzteOlu6XDpcgvpcapYKXWpesvpcGlp6WiL6Wipeul36XVpeypYKXgL6Wmpe2ls8SjmJQvpeKlwKXzL6W5pb+lw6WtpfOlsC+lqqlgpdel86WrpdWlpy+lt6XrpdCpYDwvRk9OVD48L3RkPgo8L1RSPgo8L1RCT0RZPgo8L1RBQkxFPgoKPHAgY2xhc3M9InBhZ2VidG4tdG9wIj48L3A+CjxwIGNsYXNzPSJwYWdlYnRuLWJvb2siPjwvcD4=,y83Bz59vwc8gpaypYKXHpfMgpailr6W5pcal6qWiIKXGqWCl1qXrP6XBpaelojO146W7pcOlyCBMT1NDT6Gype2luaWzobMgpaKl66XfpcapYKXWpes/pcGlp6WiM7Xjpbulw6XIIKXGqWCl1qXrIKXBpaeloiDSztfTIKXQpeuls6XLqWAgpcal6aW5IKWipeul36XVpeypYKXgIKW5pb+lw6WtpfOlsCClpqXtpbPEo5iUIM7dxNrN4rzm08Mgpbel66XQqWCjuqWopaI/peqlvqlgpeChoaWkpfOlxqXqpaI=,paSl86XGpeqlorzSvt+lvaXVpaHX+dLO19OlwaWnpaKlvaXVpaGpYKXApaSly6XzpbClxqlgpdal66XdqWCl66XPpfOlrKlgpc+l86WsqWCl6aXDpa+xscW3pbepYKXqpfOlsKXppaSlyKW0pd/P5KXGqWCl1qXrpa2lw6XBpfOFp7x7pcal7KXTzKilyaXspcOltalgpemlsKWopaKl6qW+qWCl4KXZpcOlyaXppcOlr6XHpbmlr8vNwc+fb8HPIKWsqWClx6XzIKWopa+luaXGpeqloiClxqlgpdal6z+lwaWnpaIzteOlu6XDpcggTE9TQ0+hsqXtpbmls6GzIKWipeul36XGqWCl1qXrP6XBpaelojO146W7pcOlyCClxqlgpdal6yClwaWnpaIg0s7X0yCl0KXrpbOly6lgIKXGpemluSCloqXrpd+l1aXsqWCl4CCluaW/pcOlraXzpbAgpaal7aWzxKOYlCDO3cTazeK85tPDIKW3peul0Klg,paypYKXHpfMgpailr6W5pcal6qWiIKXGqWCl1qXrP6XBpaeloqOzteOlu6XDpciho8vNwc+fb8HPIKWsqWClx6XzIKWopa+luaXGpeqloiClxqlgpdal6z+lwaWnpaIzteOlu6XDpcggTE9TQ0+hsqXtpbmls6GzIKWipeul36XGqWCl1qXrP6XBpaelojO146W7pcOlyCClxqlgpdal6yClwaWnpaIg0s7X0yCl0KXrpbOly6lgIKXGpemluSCloqXrpd+l1aXsqWCl4CCluaW/pcOlraXzpbAgpaal7aWzxKOYlCDO3cTazeK85tPDIKW3peul0Klg[rn]
31-77584,aHR0cDovL3RzaG9wLnIxMHMuanAvYWlyLXJoaXpvbWUvY2FiaW5ldC85L3IxcC1rYWdvMS5qcGc/Zml0aW49NzAwOjcwMA==,NzY1Mi44MDAw,,u6g/paypYKXHpfM/RElZID4gpailr6W5pcal6qWiP6WsqWClx6XzpdWloaXLpcGl46lgID4gpaypYKXHpfOl1aWhpculwaXjqWAgPiClrKlgpcel86XVpaGly6XBpeOpYKW7pcOlyA==,y83Bz59vwc8gpaypYKXHpfOlxqlgpdal66OmpcGlp6WiqWAzteOlu6XDpcggpaul1aWn70wgpaypYKXHpfMgpcapYKXWpesgpbulw6XIIKXBpaeloiDSztfTIKXQpeuls6XLqWAgpcal6aW5IKWspemluaXGqWCl1qXrIKXhpcOlt6XlIKXipcCl8yDV26TqpL+kv6Tfyr0gzt3E2s3ivObTwyClrKlgpcel86XGqWCl1qXrM7Xjpbulw6XIIFJpcHBsZaGypeqlw6XXpeuhsyCl1qXppcOlrw==,paypYKXHpfMgpailr6W5pcal6qWiIKXGqWCl1qXrP6XBpaeloqOzteOlu6XDpcg=,PGltZyBzcmM9Imh0dHBzOi8vaW1hZ2UucmFrdXRlbi5jby5qcC9haXItcmhpem9tZS9jYWJpbmV0L3ovc3AuZ2lmIiB3aWR0aD0iNDgwIiBoZWlnaHQ9IjEiPjxicj4KCjxUQUJMRSBib3JkZXI9IjAiIGNlbGxwYWRkaW5nPSI1IiBjZWxsc3BhY2luZz0iMSIgd2lkdGg9IjM3MCIgYmdjb2xvcj0iIzk5OTk5OSI+CjxUQk9EWT4KPFRSPgo8dGQ+PGltZyBzcmM9Imh0dHBzOi8vd3d3LnJha3V0ZW4ubmUuanAvZ29sZC9haXItcmhpem9tZS9rYWdvLWluZm8vaW1hZ2VzL2thZ28taW5mby10dGwwMS5naWYiIGJvcmRlcj0iMCI+PC90ZD4KPC90cj4KPHRyPgo8dGQgYmdjb2xvcj0iI2ZmZmZmZiI+Cgo8L3RkPgo8L3RyPgo8dHI+Cjx0ZCBiZ2NvbG9yPSIjOTk5OTk5Ij48aW1nIHNyYz0iaHR0cHM6Ly93d3cucmFrdXRlbi5uZS5qcC9nb2xkL2Fpci1yaGl6b21lL2thZ28taW5mby9pbWFnZXMva2Fnby1pbmZvLXR0bDAzLmdpZiIgYm9yZGVyPSIwIj48L3RkPgo8L1RSPgo8VFI+Cjx0ZCBiZ2NvbG9yPSIjZmZmZmZmIj48Rk9OVCBjb2xvcj0iIzY2NjY2NiIgc2l6ZT0iLTEiPuqWmt2kyprduvKkzqTKpKukx8jVsu6kt6Ty1KGk06TGoaKkwaTnpMOkyNK7z6KkpKTspOulq6XVpaelv6WkpeCk8tHds/akuaTrpaul1aWnpcapYKXWpesiUmlwcGxlIgqb9qS3pLKkyqXhpcOlt6XlpM6lwaWnpaKkyKGisqi08qTEpayl6aW5pM6lx6W2paSl86Ssyc/Gt6TKpaSl86XGpeqloqTIpLekxqTi60jBoqTDpMakpKTepLmhowqls6XzpdGlr6XIpbWlpKW6pMukqqS1pOGk6aTspL/Jz8a3pMqlx6W2paSl86TPoaLO3c3ipMekzqWsqWClx6XzpaSl86XGpeqloqTIpLekxqTPpOKkwaTtpPOhos7dxNqk5KXepfOlt6XnpfOkzqXZpeml86XApMqkyaTHpOKktMq508OkpKS/pMCksaTepLmhowrdWMG/1E/Ti6TKpM6kx7PWpMHfXKTTpM7rSKTPxa7Q1KTHpOKl6aWvpemlr6GjCsbVts6kz6Sqsr/O3aTL1sOkpKTGoaLM7JrdpM6kpKSkyNWkz6XZpeml86XApMelxqWjqWClv6WkpeCk4phTpLek86THpKSkv6TApLGk3qS5oaMKpbOl86XRpa+lyKTHyc/Gt6TKpaul1aWnpcapYKXWpeukx8vYlLOkypVy6Wek8j8gPC9GT05UPjwvdGQ+CjwvVFI+CjxUUj4KPHRkIGJnY29sb3I9IiNmZmZmZmYiPgo8Zm9udCBjb2xvcj0iIzY2NjY2NiIgc2l6ZT0iLTEiPgqhvqXGqWCl1qXrob88aHI+CqW1paSluqO6t/k1MKHBsMLQ0KStNTChwbjfpLU3MGNtPGJyPgo8aW1nIHNyYz0iaHR0cHM6Ly93d3cucmFrdXRlbi5uZS5qcC9nb2xkL2Fpci1yaGl6b21lL2thZ28va2Fnby1sMS5naWYiPjxicj4K0XXGt9bYwb+jurxzNC4za2c8YnI+CjxpbWcgc3JjPSJodHRwczovL3d3dy5yYWt1dGVuLm5lLmpwL2dvbGQvYWlyLXJoaXpvbWUva2Fnby9rYWdvLWwxLmdpZiI+PGJyPgqyxNl8o7rM7LDlL4+Ku6+lrKXppbmhor3Fsr8v5JM8YnI+CjxpbWcgc3JjPSJodHRwczovL3d3dy5yYWt1dGVuLm5lLmpwL2dvbGQvYWlyLXJoaXpvbWUva2Fnby9rYWdvLWwxLmdpZiI+PGJyPgqhvqXBpaeloqG/PGhyPgqltaWkpbqjurf5NTahwbDC0NCkrTQ0ocG436S1NzguNWNtPGJyPgo8aW1nIHNyYz0iaHR0cHM6Ly93d3cucmFrdXRlbi5uZS5qcC9nb2xkL2Fpci1yaGl6b21lL2thZ28va2Fnby1sMS5naWYiPjxicj4K0XXGt9bYwb+jurxzMi41a2c8YnI+CjxpbWcgc3JjPSJodHRwczovL3d3dy5yYWt1dGVuLm5lLmpwL2dvbGQvYWlyLXJoaXpvbWUva2Fnby9rYWdvLWwxLmdpZiI+PGJyPgqyxNl8o7rkk6GipcalraW5pcil7KWkpfOjqI+IpOqyxKOpPGJyPgo8aW1nIHNyYz0iaHR0cHM6Ly93d3cucmFrdXRlbi5uZS5qcC9nb2xkL2Fpci1yaGl6b21lL2thZ28va2Fnby1sMS5naWYiPjxicj4KguS/vKO6zeqzyca3PGJyPgo8L2ZvbnQ+Cjxmb250IGNvbG9yPSIjNjY2NjY2IiBzaXplPSItMSI+CjxpbWcgc3JjPSJodHRwczovL3d3dy5yYWt1dGVuLm5lLmpwL2dvbGQvYWlyLXJoaXpvbWUva2Fnby9rYWdvLWwxLmdpZiIgYm9yZGVyPSIwIj48YnI+CqWrpcaltKXqqWCjuqWsqWClx6XzL6Wopa+luaXGpeqloi+js7Xjpbulw6XIL6XGqWCl1qXrL6XBpaeloi+lrKXppbmlxqlgpdal6y+l4aXDpbel5S+l4qXApfMvpbmlv6XDpa2l86WwL6WqqWCl16Xzpaul1aWnL7vSyas8L0ZPTlQ+PC90ZD4KPC9UUj4KPC9UQk9EWT4KPC9UQUJMRT4KCjxwIGNsYXNzPSJwYWdlYnRuLXRvcCI+PC9wPgo8cCBjbGFzcz0icGFnZWJ0bi1ib29rIj48L3A+,y83Bz59vwc8gpaypYKXHpfOlxqlgpdal66OmpcGlp6WiqWAzteOlu6XDpcggpaul1aWn70wgpaypYKXHpfMgpcapYKXWpesgpbulw6XIIKXBpaeloiDSztfTIKXQpeuls6XLqWAgpcal6aW5IKWspemluaXGqWCl1qXrIKXhpcOlt6XlIKXipcCl8yDV26TqpL+kv6Tfyr0gzt3E2s3ivObTwyClrKlgpcel86XGqWCl1qXrM7Xjpbulw6XIIFJpcHBsZaGypeqlw6XXpeuhsyCl1qXppcOlr6O6pailoj+l6qW+qWCl4KGhpaSl86XGpeqlog==,paSl86XGpeqlorzSvt+lvaXVpaHX+dLO19OlwaWnpaKlvaXVpaGpYKXApaSly6XzpbClxqlgpdal66XdqWCl66XPpfOlrKlgpc+l86WsqWCl6aXDpa+xscW3pbepYKXqpfOlsKXppaSlyKW0pd/P5KXGqWCl1qXrpa2lw6XBpfOFp7x7pcal7KXTzKilyaXspcOltalgpemlsKWopaKl6qW+qWCl4KXZpcOlyaXppcOlr6XHpbmlr8vNwc+fb8HPIKWsqWClx6XzpcapYKXWpeujpqXBpaeloqlgM7Xjpbulw6XIIKWrpdWlp+9MIKWsqWClx6XzIKXGqWCl1qXrIKW7pcOlyCClwaWnpaIg0s7X0yCl0KXrpbOly6lgIKXGpemluSClrKXppbmlxqlgpdal6yCl4aXDpbel5SCl4qXApfMg1duk6qS/pL+k38q9IM7dxNrN4rzm08MgpaypYKXHpfOlxqlgpdal6zO146W7pcOlyCBSaXBwbGWhsqXqpcOl16XrobMgpdal6aXDpa8=,paypYKXHpfMgpailr6W5pcal6qWiIKXGqWCl1qXrP6XBpaeloqOzteOlu6XDpciho8vNwc+fb8HPIKWsqWClx6XzpcapYKXWpeujpqXBpaeloqlgM7Xjpbulw6XIIKWrpdWlp+9MIKWsqWClx6XzIKXGqWCl1qXrIKW7pcOlyCClwaWnpaIg0s7X0yCl0KXrpbOly6lgIKXGpemluSClrKXppbmlxqlgpdal6yCl4aXDpbel5SCl4qXApfMg1duk6qS/pL+k38q9IM7dxNrN4rzm08MgpaypYKXHpfOlxqlgpdal6zO146W7pcOlyCBSaXBwbGWhsqXqpcOl16XrobMgpdal6aXDpa8=[rn]
31-77585,aHR0cDovL3RzaG9wLnIxMHMuanAvYWlyLXJoaXpvbWUvY2FiaW5ldC9hL21zaGthZ28wMS5qcGc/Zml0aW49NzAwOjcwMA==,MTkyNTQuNDAwMA==,,u6g/paypYKXHpfM/RElZID4gpailr6W5pcal6qWiP6WsqWClx6XzpdWloaXLpcGl46lgID4gpaypYKXHpfOl1aWhpculwaXjqWAgPiClrKlgpcel86XVpaGly6XBpeOpYKW7pcOlyA==,y83Bz59vwc8gpaypYKXHpfMgpcapYKXWpesgpbulw6XIIDO14yClrKlgpcel86XGqWCl1qXrIKXipbalpKWvIKWsqWClx6XzpcapYKXWpeulwaWnpaKpYCCkqqS3pOOk7CCl2aXppfOlwCClwaWnpaKpYCClrKlgpcel86XVpaGly6XBpeOpYCCloqWmpcilyaWiINLO19MgpaSluSBNT1NBSUMgSEVBUlRGVUyhsqXipbalpKWvIKXPqWClyKXVpeuhs6XWpemlw6WvIKXWpemlpqXz,paypYKXHpfOlxqlgpdal66OmpcGlp6WiM7Xjpbulw6XIIKXipbalpKWvIKXPqWClyKXVpes=,PGltZyBzcmM9Imh0dHBzOi8vaW1hZ2UucmFrdXRlbi5jby5qcC9haXItcmhpem9tZS9jYWJpbmV0L3ovc3AuZ2lmIiB3aWR0aD0iNDgwIiBoZWlnaHQ9IjEiPjxicj4KCjxUQUJMRSBib3JkZXI9IjAiIGNlbGxwYWRkaW5nPSI1IiBjZWxsc3BhY2luZz0iMSIgd2lkdGg9IjM3MCIgYmdjb2xvcj0iIzk5OTk5OSI+CjxUQk9EWT4KPFRSPgo8dGQ+PGltZyBzcmM9Imh0dHBzOi8vd3d3LnJha3V0ZW4ubmUuanAvZ29sZC9haXItcmhpem9tZS9rYWdvLWluZm8vaW1hZ2VzL2thZ28taW5mby10dGwwMS5naWYiIGJvcmRlcj0iMCI+PC90ZD4KPC90cj4KPHRyPgo8dGQgYmdjb2xvcj0iI2ZmZmZmZiI+Cgo8L3RkPgo8L3RyPgo8dHI+Cjx0ZCBiZ2NvbG9yPSIjOTk5OTk5Ij48aW1nIHNyYz0iaHR0cHM6Ly93d3cucmFrdXRlbi5uZS5qcC9nb2xkL2Fpci1yaGl6b21lL2thZ28taW5mby9pbWFnZXMva2Fnby1pbmZvLXR0bDAzLmdpZiIgYm9yZGVyPSIwIj48L3RkPgo8L1RSPgo8VFI+Cjx0ZCBiZ2NvbG9yPSIjZmZmZmZmIj48Rk9OVCBjb2xvcj0iIzY2NjY2NiIgc2l6ZT0iLTEiPuqWmt2kyprduvKkzqTKpKukx8jVsu6kt6Ty1KGk06TGoaKkwaTnpMOkyNK7z6KkpKTspOulq6XVpaelv6WkpeCk8tHds/akuaTrpaul1aWnpcapYKXWpesibW9zYWljIGhlYXJ0ZnVsIHRhYmxlIgoKpb+lpKXr1XukzqXipbalpKWvpceltqWkpfOkyKW3pfOl16XrpMe8msntpM6lt6Xrpailw6XIpM6luaXBqWCl66SsoaKkqrzSpM7NpaTkpdml6aXzpcCky6SqyPfC5KTKpaul1aWnpbml2qlgpbmk8qTEpK+k6qTepLmhowoKpeipYKXtpdSloqXzpaypYKXHpcul86Wwpbmlv6WkpeukzpiUpMqhooOew8Ckx7TzyMukztDdyNWk8qS019TVrKTLoaMKCqSzpMCk76TqpM6l4qW2paSlr6XHpbalpKXzpKzJz8a3pMelpKXzpcal6qWi0NSkzrjfpKTKy8nPpKyk6qTHpLmho87dzeKkz6TipMGk7aTzoaLO3cTapOSl3qXzpbel56XzpM6l2aXppfOlwKTKpMmkx6Tiyq631sq5pKik3qS5oaM8L0ZPTlQ+PC90ZD4KPC9UUj4KPFRSPgo8dGQgYmdjb2xvcj0iI2ZmZmZmZiI+PEZPTlQgc2l6ZT0iLTEiIGNvbG9yPSIjNjY2NjY2Ij48Rk9OVCBjb2xvcj0iIzY2NjY2NiIgc2l6ZT0iLTEiPqXGqWCl1qXrPGhyPgqltaWkpbqjurf5NjChwbDC0NCkrTYwocG436S1NjdjbTwvRk9OVD48Rk9OVCBjb2xvcj0iIzY2NjY2NiI+PGJyPgo8L0ZPTlQ+CjxGT05UIGNvbG9yPSIjNjY2NjY2Ij48Rk9OVCBjb2xvcj0iIzY2NjY2NiI+PGltZyBzcmM9Imh0dHBzOi8vd3d3LnJha3V0ZW4ubmUuanAvZ29sZC9haXItcmhpem9tZS9rYWdvL2thZ28tbDEuZ2lmIiBib3JkZXI9IjAiPjwvRk9OVD48YnI+CtF1xrfW2MG/o7q8czEwa2c8YnI+Cgo8aW1nIHNyYz0iaHR0cHM6Ly93d3cucmFrdXRlbi5uZS5qcC9nb2xkL2Fpci1yaGl6b21lL2thZ28va2Fnby1sMS5naWYiIGJvcmRlcj0iMCI+PGJyPgqyxNl8o7qlu6Xppd+lw6WvoaKluaXBqWCl66Oot9vM5YlU17CjqTxicj4KPGltZyBzcmM9Imh0dHBzOi8vd3d3LnJha3V0ZW4ubmUuanAvZ29sZC9haXItcmhpem9tZS9rYWdvL2thZ28tbDEuZ2lmIiBib3JkZXI9IjAiPjxicj4KguS/vKO6vU3Bosq9o6i9TcGilXLpZ7xzNbfWo6k8YnI+Cjxicj4KpcGlp6WiPGhyPgqltaWkpbqjurf5MzihwbDC0NCkrTQ5LjWhwbjfpLU4NWNtPC9GT05UPjxGT05UIGNvbG9yPSIjNjY2NjY2Ij48YnI+CjwvRk9OVD4KPEZPTlQgY29sb3I9IiM2NjY2NjYiPjxGT05UIGNvbG9yPSIjNjY2NjY2Ij48aW1nIHNyYz0iaHR0cHM6Ly93d3cucmFrdXRlbi5uZS5qcC9nb2xkL2Fpci1yaGl6b21lL2thZ28va2Fnby1sMS5naWYiIGJvcmRlcj0iMCI+PC9GT05UPjxicj4K0XXGt9bYwb+jurxzN2tnPGJyPgoKPGltZyBzcmM9Imh0dHBzOi8vd3d3LnJha3V0ZW4ubmUuanAvZ29sZC9haXItcmhpem9tZS9rYWdvL2thZ28tbDEuZ2lmIiBib3JkZXI9IjAiPjxicj4KssTZfKO6pbul6aXfpcOlr6GipbmlwalgpeujqLfbzOWJVNewo6k8YnI+CjxpbWcgc3JjPSJodHRwczovL3d3dy5yYWt1dGVuLm5lLmpwL2dvbGQvYWlyLXJoaXpvbWUva2Fnby9rYWdvLWwxLmdpZiIgYm9yZGVyPSIwIj48YnI+CoLkv7yjus3qs8nGtzxicj4KPC9GT05UPgo8aW1nIHNyYz0iaHR0cHM6Ly93d3cucmFrdXRlbi5uZS5qcC9nb2xkL2Fpci1yaGl6b21lL2thZ28va2Fnby1sMS5naWYiIGJvcmRlcj0iMCI+PGJyPgqlq6XGpbSl6qlgo7qlrKlgpcel8y+lqKWvpbmlxqXqpaIvo7O146W7pcOlyC+lxqlgpdal6y+lv6Wkpeulx6W2paSl8y+loqlgpeulx6WzL6XipcCl8y+xscW3L6WqqWCl16Xzpaul1aWnL/xcyasvsujJqzwvRk9OVD48L3RkPgo8L1RSPgo8L1RCT0RZPgo8L1RBQkxFPgoKPHAgY2xhc3M9InBhZ2VidG4tdG9wIj48L3A+CjxwIGNsYXNzPSJwYWdlYnRuLWJvb2siPjwvcD4=,y83Bz59vwc8gpaypYKXHpfMgpcapYKXWpesgpbulw6XIIDO14yClrKlgpcel86XGqWCl1qXrIKXipbalpKWvIKWsqWClx6XzpcapYKXWpeulwaWnpaKpYCCkqqS3pOOk7CCl2aXppfOlwCClwaWnpaKpYCClrKlgpcel86XVpaGly6XBpeOpYCCloqWmpcilyaWiINLO19MgpaSluSBNT1NBSUMgSEVBUlRGVUyhsqXipbalpKWvIKXPqWClyKXVpeuhs6XWpemlw6WvIKXWpemlpqXzo7qlqKWiP6Xqpb6pYKXgoaGlpKXzpcal6qWi,paSl86XGpeqlorzSvt+lvaXVpaHX+dLO19OlwaWnpaKlvaXVpaGpYKXApaSly6XzpbClxqlgpdal66XdqWCl66XPpfOlrKlgpc+l86WsqWCl6aXDpa+xscW3pbepYKXqpfOlsKXppaSlyKW0pd/P5KXGqWCl1qXrpa2lw6XBpfOFp7x7pcal7KXTzKilyaXspcOltalgpemlsKWopaKl6qW+qWCl4KXZpcOlyaXppcOlr6XHpbmlr8vNwc+fb8HPIKWsqWClx6XzIKXGqWCl1qXrIKW7pcOlyCAzteMgpaypYKXHpfOlxqlgpdal6yCl4qW2paSlryClrKlgpcel86XGqWCl1qXrpcGlp6WiqWAgpKqkt6TjpOwgpdml6aXzpcAgpcGlp6WiqWAgpaypYKXHpfOl1aWhpculwaXjqWAgpaKlpqXIpcmloiDSztfTIKWkpbkgTU9TQUlDIEhFQVJURlVMobKl4qW2paSlryClz6lgpcil1aXrobOl1qXppcOlryCl1qXppaal8w==,paypYKXHpfOlxqlgpdal66OmpcGlp6WiM7Xjpbulw6XIIKXipbalpKWvIKXPqWClyKXVpeuho8vNwc+fb8HPIKWsqWClx6XzIKXGqWCl1qXrIKW7pcOlyCAzteMgpaypYKXHpfOlxqlgpdal6yCl4qW2paSlryClrKlgpcel86XGqWCl1qXrpcGlp6WiqWAgpKqkt6TjpOwgpdml6aXzpcAgpcGlp6WiqWAgpaypYKXHpfOl1aWhpculwaXjqWAgpaKlpqXIpcmloiDSztfTIKWkpbkgTU9TQUlDIEhFQVJURlVMobKl4qW2paSlryClz6lgpcil1aXrobOl1qXppcOlryCl1qXppaal8w==[rn]
31-77586,aHR0cDovL3RzaG9wLnIxMHMuanAvYWlyLXJoaXpvbWUvY2FiaW5ldC85L2NhNC1zci1rYWdvMS5qcGc/Zml0aW49NzAwOjcwMA==,MTY3ODYuNDAwMA==,,u6g/paypYKXHpfM/RElZID4gpailr6W5pcal6qWiP6WsqWClx6XzpdWloaXLpcGl46lgID4gpaypYKXHpfOl1aWhpculwaXjqWAgPiClrKlgpcel86XVpaGly6XBpeOpYKW7pcOlyA==,y83Bz59vwc8gpaypYKXHpfMgpcapYKXWpesgpaypYKXHpfOlxqlgpdal6yClwaWnpaIgpbulw6XIIMS+0XUgpdml6aXzpcAgzt3N4iClxqXppbkgzaUgpaKlpqXIpcmloiDV26TqpL+kv6TfIKWqqWCl16Xzpaul1aWnIKWsqWClx6XLpfOlsCClrKlgpcel86XVpaGly6XBpeOpYCCl6aWmpfOlySClxqlgpdal66W7pcOlyCBDYXNzeaGypaulw6W3qWChsyAzteOlu6XDpcggpdal6aWmpfM=,paypYKXHpfMgpailr6W5pcal6qWiIKXGqWCl1qXrP6XBpaeloqOzteOlu6XDpcg=,PGltZyBzcmM9Imh0dHBzOi8vaW1hZ2UucmFrdXRlbi5jby5qcC9haXItcmhpem9tZS9jYWJpbmV0L3ovc3AuZ2lmIiB3aWR0aD0iNDgwIiBoZWlnaHQ9IjEiPjxicj4KCjxUQUJMRSBib3JkZXI9IjAiIGNlbGxwYWRkaW5nPSI1IiBjZWxsc3BhY2luZz0iMSIgd2lkdGg9IjM3MCIgYmdjb2xvcj0iIzk5OTk5OSI+CjxUQk9EWT4KPFRSPgo8dGQ+PGltZyBzcmM9Imh0dHBzOi8vd3d3LnJha3V0ZW4ubmUuanAvZ29sZC9haXItcmhpem9tZS9rYWdvLWluZm8vaW1hZ2VzL2thZ28taW5mby10dGwwMS5naWYiIGJvcmRlcj0iMCI+PC90ZD4KPC90cj4KPHRyPgo8dGQgYmdjb2xvcj0iI2ZmZmZmZiI+Cgo8L3RkPgo8L3RyPgo8dHI+Cjx0ZCBiZ2NvbG9yPSIjOTk5OTk5Ij48aW1nIHNyYz0iaHR0cHM6Ly93d3cucmFrdXRlbi5uZS5qcC9nb2xkL2Fpci1yaGl6b21lL2thZ28taW5mby9pbWFnZXMva2Fnby1pbmZvLXR0bDAzLmdpZiIgYm9yZGVyPSIwIj48L3RkPgo8L1RSPgo8VFI+Cjx0ZCBiZ2NvbG9yPSIjZmZmZmZmIj48Rk9OVCBjb2xvcj0iIzY2NjY2NiIgc2l6ZT0iLTEiPgrI1bLupLek8tShpNOkxqGi19TIu8zlpM6lyqXBpeWl6aXrpaypYKXHpfOk8tHds/akuaTrpaul1aWnpcapYKXWpeuhsENhc3N5obGjqKWrpcOlt6lgo6mho6GhCqWipault6WipM7EvsS/pM7DwKS3pKTM7Mi7xL6kx7150ruktaTspL+lpqXDpcmlx6W2paSl86SsoaKlt6Xzpdel66TLpKq80qTOzaWk5KXZpeml86XApMvX1Mi7pM7OwqTipOqk8rjQpLik66WrpdWlp6W5pdqpYKW5pPKkxKSvpOqk3qS5oaMK19TIu6TOzsKk4qTquNCkuKTrpaalw6XJpceltqWkpfOkzqWrpdWlp6XGqWCl1qXrpMehotbBuKOkzpVy6Wek8qSq316ktKS3pKSkv6TApLGk3qS5Pwo8L0ZPTlQ+PC90ZD4KPC9UUj4KPFRSPgo8dGQgYmdjb2xvcj0iI2ZmZmZmZiI+Cjxmb250IGNvbG9yPSIjNjY2NjY2IiBzaXplPSItMSI+CqG+pcapYKXWpeuhvzxocj4KpbWlpKW6o7q3+TY4LjWhwbDC0NCkrTY4LjWhwbjfpLU3MmNtPGJyPgo8aW1nIHNyYz0iaHR0cHM6Ly93d3cucmFrdXRlbi5uZS5qcC9nb2xkL2Fpci1yaGl6b21lL2thZ28va2Fnby1sMS5naWYiPjxicj4KpdGl6aW9pevRqKO61rG+tjMuNWNtPGJyPgo8aW1nIHNyYz0iaHR0cHM6Ly93d3cucmFrdXRlbi5uZS5qcC9nb2xkL2Fpci1yaGl6b21lL2thZ28va2Fnby1sMS5naWYiPjxicj4K0XXGt9bYwb+jurxzNS40a2c8YnI+CjxpbWcgc3JjPSJodHRwczovL3d3dy5yYWt1dGVuLm5lLmpwL2dvbGQvYWlyLXJoaXpvbWUva2Fnby9rYWdvLWwxLmdpZiI+PGJyPgqyxNl8o7rM7Mi7xL6jqKWipault6WissSjqTxicj4KPGltZyBzcmM9Imh0dHBzOi8vd3d3LnJha3V0ZW4ubmUuanAvZ29sZC9haXItcmhpem9tZS9rYWdvL2thZ28tbDEuZ2lmIj48YnI+CoLkv7yjus3qs8nGt6GipaqlpKXrpbmlxqXzysvJz6SyPGJyPgo8aW1nIHNyYz0iaHR0cHM6Ly93d3cucmFrdXRlbi5uZS5qcC9nb2xkL2Fpci1yaGl6b21lL2thZ28va2Fnby1sMS5naWYiPjxicj4Kob6lwaWnpaKhvzxocj4KpbWlpKW6o7q3+TU0ocGwwtDQpK02MqHBuN+ktTkxY208YnI+CjxpbWcgc3JjPSJodHRwczovL3d3dy5yYWt1dGVuLm5lLmpwL2dvbGQvYWlyLXJoaXpvbWUva2Fnby9rYWdvLWwxLmdpZiI+PGJyPgrRdca31tjBv6O6vHM1a2c8YnI+CjxpbWcgc3JjPSJodHRwczovL3d3dy5yYWt1dGVuLm5lLmpwL2dvbGQvYWlyLXJoaXpvbWUva2Fnby9rYWdvLWwxLmdpZiI+PGJyPgqyxNl8o7rM7Mi7xL6jqKWipault6WissSjqTxicj4KPGltZyBzcmM9Imh0dHBzOi8vd3d3LnJha3V0ZW4ubmUuanAvZ29sZC9haXItcmhpem9tZS9rYWdvL2thZ28tbDEuZ2lmIj48YnI+CoLkv7yjus3qs8nGt6GipaqlpKXrpbmlxqXzysvJz6SyPGJyPgo8L2ZvbnQ+Cjxmb250IGNvbG9yPSIjNjY2NjY2IiBzaXplPSItMSI+CjxpbWcgc3JjPSJodHRwczovL3d3dy5yYWt1dGVuLm5lLmpwL2dvbGQvYWlyLXJoaXpvbWUva2Fnby9rYWdvLWwxLmdpZiIgYm9yZGVyPSIwIj48YnI+CqWrpcaltKXqqWCjuqWsqWClx6XzL6Wopa+luaXGpeqloi+js7Xjpbulw6XIL6XGqWCl1qXrL6XBpaeloi/M7Mi7xL6yxC+loqWrpbelorLEL6XipcCl8y/V26TqpL+kv6Tfyr0vpaqpYKXXpfOlq6XVpacvpcqlwaXlpeml6y+y6MmrPC9GT05UPjwvdGQ+CjwvVFI+CjwvVEJPRFk+CjwvVEFCTEU+Cgo8cCBjbGFzcz0icGFnZWJ0bi10b3AiPjwvcD4KPHAgY2xhc3M9InBhZ2VidG4tYm9vayI+PC9wPg==,y83Bz59vwc8gpaypYKXHpfMgpcapYKXWpesgpaypYKXHpfOlxqlgpdal6yClwaWnpaIgpbulw6XIIMS+0XUgpdml6aXzpcAgzt3N4iClxqXppbkgzaUgpaKlpqXIpcmloiDV26TqpL+kv6TfIKWqqWCl16Xzpaul1aWnIKWsqWClx6XLpfOlsCClrKlgpcel86XVpaGly6XBpeOpYCCl6aWmpfOlySClxqlgpdal66W7pcOlyCBDYXNzeaGypaulw6W3qWChsyAzteOlu6XDpcggpdal6aWmpfOjuqWopaI/peqlvqlgpeChoaWkpfOlxqXqpaI=,paSl86XGpeqlorzSvt+lvaXVpaHX+dLO19OlwaWnpaKlvaXVpaGpYKXApaSly6XzpbClxqlgpdal66XdqWCl66XPpfOlrKlgpc+l86WsqWCl6aXDpa+xscW3pbepYKXqpfOlsKXppaSlyKW0pd/P5KXGqWCl1qXrpa2lw6XBpfOFp7x7pcal7KXTzKilyaXspcOltalgpemlsKWopaKl6qW+qWCl4KXZpcOlyaXppcOlr6XHpbmlr8vNwc+fb8HPIKWsqWClx6XzIKXGqWCl1qXrIKWsqWClx6XzpcapYKXWpesgpcGlp6WiIKW7pcOlyCDEvtF1IKXZpeml86XAIM7dzeIgpcal6aW5IM2lIKWipaalyKXJpaIg1duk6qS/pL+k3yClqqlgpdel86WrpdWlpyClrKlgpcely6XzpbAgpaypYKXHpfOl1aWhpculwaXjqWAgpemlpqXzpckgpcapYKXWpeulu6XDpcggQ2Fzc3mhsqWrpcOlt6lgobMgM7Xjpbulw6XIIKXWpemlpqXz,paypYKXHpfMgpailr6W5pcal6qWiIKXGqWCl1qXrP6XBpaeloqOzteOlu6XDpciho8vNwc+fb8HPIKWsqWClx6XzIKXGqWCl1qXrIKWsqWClx6XzpcapYKXWpesgpcGlp6WiIKW7pcOlyCDEvtF1IKXZpeml86XAIM7dzeIgpcal6aW5IM2lIKWipaalyKXJpaIg1duk6qS/pL+k3yClqqlgpdel86WrpdWlpyClrKlgpcely6XzpbAgpaypYKXHpfOl1aWhpculwaXjqWAgpemlpqXzpckgpcapYKXWpeulu6XDpcggQ2Fzc3mhsqWrpcOlt6lgobMgM7Xjpbulw6XIIKXWpemlpqXz[rn]
31-77587,aHR0cDovL3RzaG9wLnIxMHMuanAvYWlyLXJoaXpvbWUvY2FiaW5ldC85L2NhNC1zMTEwLWthZ28xLmpwZz9maXRpbj03MDA6NzAw,Mjc2NDguMDAwMA==,,u6g/paypYKXHpfM/RElZID4gpailr6W5pcal6qWiP6WsqWClx6XzpdWloaXLpcGl46lgID4gpaypYKXHpfOl1aWhpculwaXjqWAgPiClrKlgpcel86XVpaGly6XBpeOpYKW7pcOlyA==,y83Bz59vwc8gpaypYKXHpfMgpcapYKXWpesgpaypYKXHpfOlxqlgpdal6yClwaWnpaIgpbulw6XIIMS+0XUgpdml6aXzpcAgzt3N4iClxqXppbkgzaUgpaKlpqXIpcmloiDV26TqpL+kv6TfIKWsqWClx6XLpfOlsCClrKlgpcel86XVpaGly6XBpeOpYCClq6XVpaelxqlgpdal66W7pcOlyCBDYXNzeaGypaulw6W3qWChszExMGNtt/mlxqlgpdal6yAzteOlu6XDpcggpdal6aWmpfM=,paypYKXHpfMgxL7RdaXGqWCl1qXro6alwaWnpaIgo7O146W7pcOlyA==,PGltZyBzcmM9Imh0dHBzOi8vaW1hZ2UucmFrdXRlbi5jby5qcC9haXItcmhpem9tZS9jYWJpbmV0L3ovc3AuZ2lmIiB3aWR0aD0iNDgwIiBoZWlnaHQ9IjEiPjxicj4KCjxUQUJMRSBib3JkZXI9IjAiIGNlbGxwYWRkaW5nPSI1IiBjZWxsc3BhY2luZz0iMSIgd2lkdGg9IjM3MCIgYmdjb2xvcj0iIzk5OTk5OSI+CjxUQk9EWT4KPFRSPgo8dGQ+PGltZyBzcmM9Imh0dHBzOi8vd3d3LnJha3V0ZW4ubmUuanAvZ29sZC9haXItcmhpem9tZS9rYWdvLWluZm8vaW1hZ2VzL2thZ28taW5mby10dGwwMS5naWYiIGJvcmRlcj0iMCI+PC90ZD4KPC90cj4KPHRyPgo8dGQgYmdjb2xvcj0iI2ZmZmZmZiI+Cgo8L3RkPgo8L3RyPgo8dHI+Cjx0ZCBiZ2NvbG9yPSIjOTk5OTk5Ij48aW1nIHNyYz0iaHR0cHM6Ly93d3cucmFrdXRlbi5uZS5qcC9nb2xkL2Fpci1yaGl6b21lL2thZ28taW5mby9pbWFnZXMva2Fnby1pbmZvLXR0bDAzLmdpZiIgYm9yZGVyPSIwIj48L3RkPgo8L1RSPgo8VFI+Cjx0ZCBiZ2NvbG9yPSIjZmZmZmZmIj48Rk9OVCBjb2xvcj0iIzY2NjY2NiIgc2l6ZT0iLTEiPgrI1bLupLek8tShpNOkxqGi19TIu8zlpM6lyqXBpeWl6aXrpaypYKXHpfOk8tHds/akuaTrpaul1aWnpcapYKXWpeuhsENhc3N5obGjqKWrpcOlt6lgo6mho6GhCqWipault6WipM7EvsS/pM7DwKS3pKTM7Mi7xL6kx7150ruktaTspL+lpqXDpcmlx6W2paSl86SsoaKlt6Xzpdel66TLpKq80qTOzaWk5KXZpeml86XApMvX1Mi7pM7OwqTipOqk8rjQpLik66WrpdWlp6W5pdqpYKW5pPKkxKSvpOqk3qS5oaMK19TIu6TOzsKk4qTquNCkuKTrpaalw6XJpceltqWkpfOkzqWrpdWlp6XGqWCl1qXrpMehotbBuKOkzpVy6Wek8qSq316ktKS3pKSkv6TApLGk3qS5Pwo8L0ZPTlQ+PC90ZD4KPC9UUj4KPFRSPgo8dGQgYmdjb2xvcj0iI2ZmZmZmZiI+Cjxmb250IGNvbG9yPSIjNjY2NjY2IiBzaXplPSItMSI+CqG+pcapYKXWpeuhvzxocj4KpbWlpKW6o7q3+TExMKHBsMLQ0KStMTEwocG436S1NzRjbTxicj4KPGltZyBzcmM9Imh0dHBzOi8vd3d3LnJha3V0ZW4ubmUuanAvZ29sZC9haXItcmhpem9tZS9rYWdvL2thZ28tbDEuZ2lmIj48YnI+CqXRpemlvaXr0aijutaxvrY1Y208YnI+CjxpbWcgc3JjPSJodHRwczovL3d3dy5yYWt1dGVuLm5lLmpwL2dvbGQvYWlyLXJoaXpvbWUva2Fnby9rYWdvLWwxLmdpZiI+PGJyPgrRdca31tjBv6O6vHMxMS41a2c8YnI+CjxpbWcgc3JjPSJodHRwczovL3d3dy5yYWt1dGVuLm5lLmpwL2dvbGQvYWlyLXJoaXpvbWUva2Fnby9rYWdvLWwxLmdpZiI+PGJyPgqyxNl8o7rM7Mi7xL6jqKWipault6WissSjqTxicj4KPGltZyBzcmM9Imh0dHBzOi8vd3d3LnJha3V0ZW4ubmUuanAvZ29sZC9haXItcmhpem9tZS9rYWdvL2thZ28tbDEuZ2lmIj48YnI+CoLkv7yjus3qs8nGt6GipaqlpKXrpbmlxqXzysvJz6SyPGJyPgo8aW1nIHNyYz0iaHR0cHM6Ly93d3cucmFrdXRlbi5uZS5qcC9nb2xkL2Fpci1yaGl6b21lL2thZ28va2Fnby1sMS5naWYiPjxicj4Kob6lwaWnpaKhvzxocj4KpbWlpKW6o7q3+TU0ocGwwtDQpK02MqHBuN+ktTkxY208YnI+CjxpbWcgc3JjPSJodHRwczovL3d3dy5yYWt1dGVuLm5lLmpwL2dvbGQvYWlyLXJoaXpvbWUva2Fnby9rYWdvLWwxLmdpZiI+PGJyPgrRdca31tjBv6O6vHM1a2c8YnI+CjxpbWcgc3JjPSJodHRwczovL3d3dy5yYWt1dGVuLm5lLmpwL2dvbGQvYWlyLXJoaXpvbWUva2Fnby9rYWdvLWwxLmdpZiI+PGJyPgqyxNl8o7rM7Mi7xL6jqKWipault6WissSjqTxicj4KPGltZyBzcmM9Imh0dHBzOi8vd3d3LnJha3V0ZW4ubmUuanAvZ29sZC9haXItcmhpem9tZS9rYWdvL2thZ28tbDEuZ2lmIj48YnI+CoLkv7yjus3qs8nGt6GipaqlpKXrpbmlxqXzysvJz6SyPGJyPgo8L2ZvbnQ+Cjxmb250IGNvbG9yPSIjNjY2NjY2IiBzaXplPSItMSI+CjxpbWcgc3JjPSJodHRwczovL3d3dy5yYWt1dGVuLm5lLmpwL2dvbGQvYWlyLXJoaXpvbWUva2Fnby9rYWdvLWwxLmdpZiIgYm9yZGVyPSIwIj48YnI+CqWrpcaltKXqqWCjuqWsqWClx6XzL6Wopa+luaXGpeqloi+js7Xjpbulw6XIL6XGqWCl1qXrL6XBpaeloi/M7Mi7xL6yxC+loqWrpbelorLEL6XipcCl8y/V26TqpL+kv6Tfyr0vpaqpYKXXpfOlq6XVpacvpcqlwaXlpeml6y+y6MmrPC9GT05UPjwvdGQ+CjwvVFI+CjwvVEJPRFk+CjwvVEFCTEU+Cgo8cCBjbGFzcz0icGFnZWJ0bi10b3AiPjwvcD4KPHAgY2xhc3M9InBhZ2VidG4tYm9vayI+PC9wPg==,y83Bz59vwc8gpaypYKXHpfMgpcapYKXWpesgpaypYKXHpfOlxqlgpdal6yClwaWnpaIgpbulw6XIIMS+0XUgpdml6aXzpcAgzt3N4iClxqXppbkgzaUgpaKlpqXIpcmloiDV26TqpL+kv6TfIKWsqWClx6XLpfOlsCClrKlgpcel86XVpaGly6XBpeOpYCClq6XVpaelxqlgpdal66W7pcOlyCBDYXNzeaGypaulw6W3qWChszExMGNtt/mlxqlgpdal6yAzteOlu6XDpcggpdal6aWmpfOjuqWopaI/peqlvqlgpeChoaWkpfOlxqXqpaI=,paSl86XGpeqlorzSvt+lvaXVpaHX+dLO19OlwaWnpaKlvaXVpaGpYKXApaSly6XzpbClxqlgpdal66XdqWCl66XPpfOlrKlgpc+l86WsqWCl6aXDpa+xscW3pbepYKXqpfOlsKXppaSlyKW0pd/P5KXGqWCl1qXrpa2lw6XBpfOFp7x7pcal7KXTzKilyaXspcOltalgpemlsKWopaKl6qW+qWCl4KXZpcOlyaXppcOlr6XHpbmlr8vNwc+fb8HPIKWsqWClx6XzIKXGqWCl1qXrIKWsqWClx6XzpcapYKXWpesgpcGlp6WiIKW7pcOlyCDEvtF1IKXZpeml86XAIM7dzeIgpcal6aW5IM2lIKWipaalyKXJpaIg1duk6qS/pL+k3yClrKlgpcely6XzpbAgpaypYKXHpfOl1aWhpculwaXjqWAgpaul1aWnpcapYKXWpeulu6XDpcggQ2Fzc3mhsqWrpcOlt6lgobMxMTBjbbf5pcapYKXWpesgM7Xjpbulw6XIIKXWpemlpqXz,paypYKXHpfMgxL7RdaXGqWCl1qXro6alwaWnpaIgo7O146W7pcOlyKGjy83Bz59vwc8gpaypYKXHpfMgpcapYKXWpesgpaypYKXHpfOlxqlgpdal6yClwaWnpaIgpbulw6XIIMS+0XUgpdml6aXzpcAgzt3N4iClxqXppbkgzaUgpaKlpqXIpcmloiDV26TqpL+kv6TfIKWsqWClx6XLpfOlsCClrKlgpcel86XVpaGly6XBpeOpYCClq6XVpaelxqlgpdal66W7pcOlyCBDYXNzeaGypaulw6W3qWChszExMGNtt/mlxqlgpdal6yAzteOlu6XDpcggpdal6aWmpfM=[rn]
31-77588,aHR0cDovL3RzaG9wLnIxMHMuanAvY29jb3Rlcmlvci9jYWJpbmV0LzM1L3M1cy0zbi1rYWdvMW4uanBnP2ZpdGluPTcwMDo3MDA=,MTY2NjMuMjAwMA==,,u6g/paypYKXHpfM/RElZID4gpailr6W5pcal6qWiP6WsqWClx6XzpdWloaXLpcGl46lgID4gpaypYKXHpfOl1aWhpculwaXjqWAgPiClrKlgpcel86XVpaGly6XBpeOpYKW7pcOlyA==,paypYKXHpfOlxqlgpdal66OmpcGlp6WiqWAzteOlu6XDpcggpemlv6Xz70wgpaypYKXHpfMgpcapYKXWpesgpbulw6XIIKXBpaeloiDSztfTIKSrpO+kpKSkIKXQpeuls6XLqWAgpcal6aW5IFNURVJBIKW5pcal6SAzteOlu6XDpcggpbCl7KlgIKXWpemlw6WvIKXbpe+lpKXIIHwgpaypYKXHpfO80r7fIKWsqWClx6XzpcGlp6WiIKWrpdWlp6XGqWCl1qXrIM2lIKWsqWClx6XzpdWloaXLpcGl46lgIKWsqWClx6XzpcGlp6WiqWA=,paypYKXHpfMgpailr6W5pcal6qWiIKXGqWCl1qXrP6XBpaeloqOzteOlu6XDpcg=,PHAgc3R5bGU9Im1hcmdpbjogMCAwIDEzcHggMDsiIGNsYXNzPSJhbHBoYSI+CjxpbWcgc3JjPSJodHRwczovL2ltYWdlLnJha3V0ZW4uY28uanAvY29jb3Rlcmlvci9jYWJpbmV0L2thZ28vYm5yLWltZy9rZy1ibnItZ2FyZGVuMDEuanBnIiBib3JkZXI9IjAiPjwvcD4KPHAgc3R5bGU9Im1hcmdpbjogMCAwIDEzcHggMDsiIGNsYXNzPSJhbHBoYSI+CjxpbWcgc3JjPSJodHRwczovL2ltYWdlLnJha3V0ZW4uY28uanAvY29jb3Rlcmlvci9jYWJpbmV0L2thZ28vYm5yLWltZy9rZy1ibnItM2hvLmdpZiIgYm9yZGVyPSIwIiB0aXRsZT0iM6Wr1MKxo9ReIj48L3A+Cgo8dGFibGUgYm9yZGVyPSIwIiBjZWxscGFkZGluZz0iMCIgY2VsbHNwYWNpbmc9IjEiIHdpZHRoPSIyODUiIGJnY29sb3I9IiNmZmYzZDkiPjxUQk9EWT48dHI+CjxURD48aW1nIHNyYz0iaHR0cHM6Ly93d3cucmFrdXRlbi5uZS5qcC9nb2xkL2NvY290ZXJpb3Iva2Fnby1pbmZvL2ltYWdlcy9rZy1pbmZvLXR0bDAxLmdpZiIgYm9yZGVyPSIwIj48L3RkPgo8L3RyPgo8dHI+Cjx0ZCBiZ2NvbG9yPSIjZmZmZmZmIiBzdHlsZT0icGFkZGluZzogMCAxMHB4OyI+Cgo8L3RkPgo8L3RyPgo8dHI+Cjx0ZCBiZ2NvbG9yPSIjZmZmM2Q5Ij48SU1HIHNyYz0iaHR0cHM6Ly93d3cucmFrdXRlbi5uZS5qcC9nb2xkL2NvY290ZXJpb3Iva2Fnby1pbmZvL2ltYWdlcy9rZy1pbmZvLXR0bDAzLmdpZiIgYm9yZGVyPSIwIj48L3RkPgo8L3RyPgo8dHI+CjxURCBiZ2NvbG9yPSIjZmZmZmZmIiBzdHlsZT0icGFkZGluZzogMTBweDsiPgo8Rk9OVCBjb2xvcj0iIzY2NjY2NiIgc2l6ZT0iLTIiPqWqqWCl16Xzpaul1aWnpM6xvoj2pMikt6TG09DD+6TKpaSlv6XqpaKkq6Tppbel86XXpeul4qXApfOkylNURVJBo6iluaXGpemjqaWsqWClx6Xzpbel6qlgpbqkzrXHiPakx6S5oaMKCqXppb+l89V7pceltqWkpfOky7ahjI6ky8rLyc+ksqTppOykv+uDh+ya3aSipOu8mrK/oaOktaTppMvdWKSvpMbVybfypMikpKTDpL+MZ9PD0NSk4qS3pMOkq6Tqv7ykqKTppOykv6SzpMCk76TqpM7UkaTepMOkv6Wkpb+l6qWi0XWkyKTKpMOkxqSqpOqk3qS5CgqkqrzSpaul1aWnpPKYU6S3pOCVcqTkpaKlpqXIpcmloqTLpOLX7t9tP8fgv9Wkzs/CpMfL2JSzpMqxvoj2paqpYKXXpfOlq6XVpaea3bfWpPK05rfWpMvOtqTvpMOkxqSkpL+kwKSxpN6kuT88L2ZvbnQ+PGJyPgo8YnI+CjxGT05UIHNpemU9Ii0yIiBjb2xvcj0iIzY2NjY2NiI+ob6lwaWnpaKhv6O6PGJyPgqltaWkpbqjurf5NDahwbDC0NCkrTU1ocG436S1ODVjbTxicj4K1/nD5rjfo7o0NWNtPGJyPgrRdca31tjBv6O6vHMzLjVrZzxicj4KssTZfKO6pdel6aW5pcGlw6WvPGJyPgqC5L+8o7rN6rPJxrc8YnI+CqG+pcapYKXWpeuhv6O6PGJyPgqltaWkpbqjurf5ODChwbDC0NCkrTgwocG436S1NzJjbTxicj4KpdGl6aW9pevRqL/avrajujRjbTxicj4K0XXGt9bYwb+jurxzMTIuOWtnPGJyPgqyxNl8o7ql16XppbmlwaXDpa88YnI+CoLkv7yjur1NwaLGt6OovU3BopVy6We8c6O1t9ajqTwvZm9udD48YnI+Cjxicj4KPEZPTlQgc2l6ZT0iLTIiIGNvbG9yPSIjNjY2NjY2Ij6lq6XGpbSl6qlgo7qlrKlgpcel8y+lqKWvpbmlxqXqpaIvpcClpKXLpfOlsC+lwKWkpcul86WwpcGlp6WiL6XApaSly6XzpbClxqlgpdal6y+l3qXqpfMvpeKlwKXzL6Xepeql8y+lqqlgpdel86WrpdWlpy/8XMmrL7vSyasvsNfJqy/O3cTazeK85tPDPC9GT05UPjwvdGQ+CjwvdHI+CjwvdGJvZHk+CjwvdGFibGU+Cgo8cCBjbGFzcz0icGFnZWJ0bi10b3AiPjwvcD4KPHAgY2xhc3M9InBhZ2VidG4tYm9vayI+PC9wPjx0YWJsZSB3aWR0aD0iNjc1Ij4KIDx0Ym9keT4KPHRyPgogPHRkPjwvdGQ+CiA8L3RyPgogPC90Ym9keT4KPC90YWJsZT4=,paypYKXHpfOlxqlgpdal66OmpcGlp6WiqWAzteOlu6XDpcggpemlv6Xz70wgpaypYKXHpfMgpcapYKXWpesgpbulw6XIIKXBpaeloiDSztfTIKSrpO+kpKSkIKXQpeuls6XLqWAgpcal6aW5IFNURVJBIKW5pcal6SAzteOlu6XDpcggpbCl7KlgIKXWpemlw6WvIKXbpe+lpKXIIHwgpaypYKXHpfO80r7fIKWsqWClx6XzpcGlp6WiIKWrpdWlp6XGqWCl1qXrIM2lIKWsqWClx6XzpdWloaXLpcGl46lgIKWsqWClx6XzpcGlp6WiqWCjuqWkpfOlxqXqpaKlt6XnpcOl1yCls6Wzpcal6qWi,pb2l1aWhqWClxqXspdPMqKXGqWCl1qXrpemlsKXApaSly6XzpbClxqlgpdal66W7pcOlyMqzxvfF76XZpcOlybG+xe+l6aXDpa+l0aW9pbOl86XHpbmlr6XBpaelotf50s7X06XPpfOlrKlgpemlw6Wvpd2pYKXrpc+l86WsqWClyaXspcOltalgpaupYKXGpfOl36XpqWClrKlgpcel86XVpaGly6XBpeOpYKW3qWCl6qXzpbCl6aWkpcilwaWnpbmlyKWsqWClx6XzpcapYKXWpeujpqXBpaeloqlgM7Xjpbulw6XIIKXppb+l8+9MIKWsqWClx6XzIKXGqWCl1qXrIKW7pcOlyCClwaWnpaIg0s7X0yCkq6TvpKSkpCCl0KXrpbOly6lgIKXGpemluSBTVEVSQSCluaXGpekgM7Xjpbulw6XIIKWwpeypYCCl1qXppcOlryCl26XvpaSlyCB8IKWsqWClx6XzvNK+3yClrKlgpcel86XBpaeloiClq6XVpaelxqlgpdal6yDNpSClrKlgpcel86XVpaGly6XBpeOpYCClrKlgpcel86XBpaeloqlg,paypYKXHpfMgpailr6W5pcal6qWiIKXGqWCl1qXrP6XBpaeloqOzteOlu6XDpciho6WsqWClx6XzpcapYKXWpeujpqXBpaeloqlgM7Xjpbulw6XIIKXppb+l8+9MIKWsqWClx6XzIKXGqWCl1qXrIKW7pcOlyCClwaWnpaIg0s7X0yCkq6TvpKSkpCCl0KXrpbOly6lgIKXGpemluSBTVEVSQSCluaXGpekgM7Xjpbulw6XIIKWwpeypYCCl1qXppcOlryCl26XvpaSlyCB8IKWsqWClx6XzvNK+3yClrKlgpcel86XBpaeloiClq6XVpaelxqlgpdal6yDNpSClrKlgpcel86XVpaGly6XBpeOpYCClrKlgpcel86XBpaeloqlg[rn]
31-77589,aHR0cDovL3RzaG9wLnIxMHMuanAvY29jb3Rlcmlvci9jYWJpbmV0L2EvM3NldC1rYWdvMDFuLmpwZz9maXRpbj03MDA6NzAw,MTU3OTguNDAwMA==,,u6g/paypYKXHpfM/RElZID4gpailr6W5pcal6qWiP6WsqWClx6XzpdWloaXLpcGl46lgID4gpaypYKXHpfOl1aWhpculwaXjqWAgPiClrKlgpcel86XVpaGly6XBpeOpYKW7pcOlyA==,paypYKXHpfOlxqlgpdal6yClwaWnpaKpYCAzteMgpbulw6XIINXbpOqkv6S/pN8gpemlv6XzIKWsqWClx6XzIKXGqWCl1qXrIKXBpaeloiDSztfTIKXQpeuls6XLqWAgpcal6aW5IKSrpO+kpKSkIKSqpLek46TsIKGypemlv6XzpdWlqalgpeulx6WjpfOlsKXGqWCl1qXrM7Xjpbulw6XIobOl1qXppaal8yCl26XvpaSlyCB8vNK+3yClrKlgpcel86XBpaeloiDNpSClrKlgpcel86XVpaGly6XBpeOpYCClrKlgpcel86XBpaeloqlg,1dukv6S/pN8gpaypYKXHpfMgpcapYKXWpesgpcGlp6WiIDO146W7pcOlyA==,PHAgc3R5bGU9Im1hcmdpbjogMCAwIDEzcHggMDsiIGNsYXNzPSJhbHBoYSI+CjxpbWcgc3JjPSJodHRwczovL2ltYWdlLnJha3V0ZW4uY28uanAvY29jb3Rlcmlvci9jYWJpbmV0L2thZ28vYm5yLWltZy9rZy1ibnItZGluLXNldDAxLmpwZyIgYm9yZGVyPSIwIj48L3A+CjxwIHN0eWxlPSJtYXJnaW46IDAgMCAxM3B4IDA7IiBjbGFzcz0iYWxwaGEiPgo8aW1nIHNyYz0iaHR0cHM6Ly9pbWFnZS5yYWt1dGVuLmNvLmpwL2NvY290ZXJpb3IvY2FiaW5ldC9rYWdvL2Juci1pbWcva2ctYm5yLWdhcmRlbjAxLmpwZyIgYm9yZGVyPSIwIj48L3A+CjxwIHN0eWxlPSJtYXJnaW46IDAgMCAxM3B4IDA7IiBjbGFzcz0iYWxwaGEiPgo8aW1nIHNyYz0iaHR0cHM6Ly9pbWFnZS5yYWt1dGVuLmNvLmpwL2NvY290ZXJpb3IvY2FiaW5ldC9rYWdvL2Juci1pbWcva2ctYm5yLTNoby5naWYiIGJvcmRlcj0iMCIgdGl0bGU9IjOlq9TCsaPUXiI+PC9wPgoKPHRhYmxlIGJvcmRlcj0iMCIgY2VsbHBhZGRpbmc9IjAiIGNlbGxzcGFjaW5nPSIxIiB3aWR0aD0iMjg1IiBiZ2NvbG9yPSIjZmZmM2Q5Ij48VEJPRFk+PHRyPgo8VEQ+PGltZyBzcmM9Imh0dHBzOi8vd3d3LnJha3V0ZW4ubmUuanAvZ29sZC9jb2NvdGVyaW9yL2thZ28taW5mby9pbWFnZXMva2ctaW5mby10dGwwMS5naWYiIGJvcmRlcj0iMCI+PC90ZD4KPC90cj4KPHRyPgo8dGQgYmdjb2xvcj0iI2ZmZmZmZiIgc3R5bGU9InBhZGRpbmc6IDAgMTBweDsiPgoKPC90ZD4KPC90cj4KPHRyPgo8dGQgYmdjb2xvcj0iI2ZmZjNkOSI+PElNRyBzcmM9Imh0dHBzOi8vd3d3LnJha3V0ZW4ubmUuanAvZ29sZC9jb2NvdGVyaW9yL2thZ28taW5mby9pbWFnZXMva2ctaW5mby10dGwwMy5naWYiIGJvcmRlcj0iMCI+PC90ZD4KPC90cj4KPHRyPgo8VEQgYmdjb2xvcj0iI2ZmZmZmZiIgc3R5bGU9InBhZGRpbmc6IDEwcHg7Ij4KPEZPTlQgY29sb3I9IiM2NjY2NjYiIHNpemU9Ii0yIj68mqTkpKuky76OpN6k7KS/pemlv6Xz1Xukzr6O3nqk36Ssyc/Gt6THg57DwKTK64OH7JrdpPLhfKS3s/akuSZxdW90O1JhdHRhbiBmb2xkaW5nJnF1b3Q7pbmlr6WopaKl1aWppeul4KTH0M6zyaS1pOykv6GipeKlwKXzpMe437yJuNCkzqSipOulx6W2paSl86SsoaKkqrzSpM7NpaTkpdml6aXzpcChoqXQpeuls6XLqWCky6Wqpbel46XspMqlq6XVpaeluaXaqWCluaTy1/ek6qTepLmho6Xppb+l89V7pM6horyapKukr7ahjI6kyr6O3nqk36TPpaSl86XGpeqlotDUpKy436SvoaLO3c3ipMekzqWsqWClx6XzpaSl86XGpeqloqTIpLekxqTPtbHIu6THpLmkrKGizt3E2qTkpd6l86W3peel86TOpdml6aXzpcCkyqTJpMek4sq5pMOkxu2UpLGk66XHpbalpKXzpMikyqTDpMakqqTqpN6kuaGjpaul6algpM+hoqXbpe+lpKXIpMil1qXppcOlr6TOpbOpYKXHpaOlzalgpcikt6TkpLmkpDKlq6XpqWCk8qS008PS4qS3pMakqqTqpN6kuaGjPC9mb250Pjxicj4KPGJyPgo8Rk9OVCBzaXplPSItMiIgY29sb3I9IiM2NjY2NjYiPqXGqWCl1qXrPGJyPgqltaWkpbqjurf5NjAuNaHBsMLQ0KStNjAuNaHBuN+ktTcwY208YnI+CtF1xrfW2MG/o7q8czhrZzxicj4KssTZfKO6pbmlwalgpesot9vM5YlU17ApoaJQVkMoj4ik6rLEKTxicj4KguS/vKO6zeqzyca3PGJyPgo8YnI+CqXBpaelojxicj4KpbWlpKW6o7q3+TQzLjWhwbDC0NCkrTQ3LjWhwbjfpLU4MC41Y208YnI+CtF1xrfW2MG/o7q8czJrZzxicj4KssTZfKO6pcGpYKXrKLfbzOWJVNewKaGiUFZDKI+IpOqyxCk8YnI+CoLkv7yjus3qs8nGtzwvZm9udD48YnI+Cjxicj4KPEZPTlQgc2l6ZT0iLTIiIGNvbG9yPSIjNjY2NjY2Ij6lq6XGpbSl6qlgo7qlrKlgpcel8y+lqKWvpbmlxqXqpaIvo7O146W7pcOlyC+lxqlgpdal6y+lwaWnpaIvpayl6aW5pcapYKXWpesvpemlv6Xz70wvpeKlwKXzL6W5pb+lw6WtpfOlsC+lqqlgpdel86WrpdWlpy+w18mrL7Loyas8L0ZPTlQ+PC90ZD4KPC90cj4KPC90Ym9keT4KPC90YWJsZT4KCjxwIGNsYXNzPSJwYWdlYnRuLXRvcCI+PC9wPgo8cCBjbGFzcz0icGFnZWJ0bi1ib29rIj48L3A+PHRhYmxlIHdpZHRoPSI2NzUiPgogPHRib2R5Pgo8dHI+CiA8dGQ+PC90ZD4KIDwvdHI+CiA8L3Rib2R5Pgo8L3RhYmxlPg==,paypYKXHpfOlxqlgpdal6yClwaWnpaKpYCAzteMgpbulw6XIINXbpOqkv6S/pN8gpemlv6XzIKWsqWClx6XzIKXGqWCl1qXrIKXBpaeloiDSztfTIKXQpeuls6XLqWAgpcal6aW5IKSrpO+kpKSkIKSqpLek46TsIKGypemlv6XzpdWlqalgpeulx6WjpfOlsKXGqWCl1qXrM7Xjpbulw6XIobOl1qXppaal8yCl26XvpaSlyCB8vNK+3yClrKlgpcel86XBpaeloiDNpSClrKlgpcel86XVpaGly6XBpeOpYCClrKlgpcel86XBpaeloqlgo7qlpKXzpcal6qWipbel56XDpdcgpbOls6XGpeqlog==,pb2l1aWhqWClxqXspdPMqKXGqWCl1qXrpemlsKXApaSly6XzpbClxqlgpdal66W7pcOlyMqzxvfF76XZpcOlybG+xe+l6aXDpa+l0aW9pbOl86XHpbmlr6XBpaelotf50s7X06XPpfOlrKlgpemlw6Wvpd2pYKXrpc+l86WsqWClyaXspcOltalgpaupYKXGpfOl36XpqWClrKlgpcel86XVpaGly6XBpeOpYKW3qWCl6qXzpbCl6aWkpcilwaWnpbmlyKWsqWClx6XzpcapYKXWpesgpcGlp6WiqWAgM7XjIKW7pcOlyCDV26TqpL+kv6TfIKXppb+l8yClrKlgpcel8yClxqlgpdal6yClwaWnpaIg0s7X0yCl0KXrpbOly6lgIKXGpemluSCkq6TvpKSkpCCkqqS3pOOk7CChsqXppb+l86XVpampYKXrpcelo6XzpbClxqlgpdal6zO146W7pcOlyKGzpdal6aWmpfMgpdul76WkpcggfLzSvt8gpaypYKXHpfOlwaWnpaIgzaUgpaypYKXHpfOl1aWhpculwaXjqWAgpaypYKXHpfOlwaWnpaKpYA==,1dukv6S/pN8gpaypYKXHpfMgpcapYKXWpesgpcGlp6WiIDO146W7pcOlyCCho6WsqWClx6XzpcapYKXWpesgpcGlp6WiqWAgM7XjIKW7pcOlyCDV26TqpL+kv6TfIKXppb+l8yClrKlgpcel8yClxqlgpdal6yClwaWnpaIg0s7X0yCl0KXrpbOly6lgIKXGpemluSCkq6TvpKSkpCCkqqS3pOOk7CChsqXppb+l86XVpampYKXrpcelo6XzpbClxqlgpdal6zO146W7pcOlyKGzpdal6aWmpfMgpdul76WkpcggfLzSvt8gpaypYKXHpfOlwaWnpaIgzaUgpaypYKXHpfOl1aWhpculwaXjqWAgpaypYKXHpfOlwaWnpaKpYA==[rn]
31-77590,aHR0cDovL3RzaG9wLnIxMHMuanAvY29jb3Rlcmlvci9jYWJpbmV0LzM1L3M1cy0zYS1rYWdvMW4uanBnP2ZpdGluPTcwMDo3MDA=,MTgzOTEuMjAwMA==,,u6g/paypYKXHpfM/RElZID4gpailr6W5pcal6qWiP6WsqWClx6XzpdWloaXLpcGl46lgID4gpaypYKXHpfOl1aWhpculwaXjqWAgPiClrKlgpcel86XVpaGly6XBpeOpYKW7pcOlyA==,paypYKXHpfOlxqlgpdal66OmpcGlp6WiqWAzteOlu6XDpcggpemlv6Xz70wgpaypYKXHpfMgpcapYKXWpesgpbulw6XIIKXBpaeloiDSztfTIKSrpO+kpKSkIM7dxNrN4rzm08MgU1RFUkEgpbmlxqXpIDO146W7pcOlyCDW4pLspLEgpbCl7KlgIKXWpemlw6WvIKXbpe+lpKXIIHwgpaypYKXHpfO80r7fIKWsqWClx6XzpcGlp6WiIKWrpdWlp6XGqWCl1qXrIKWsqWClx6XzpdWloaXLpcGl46lgIKWsqWClx6XzpcGlp6WiqWA=,paypYKXHpfMgpailr6W5pcal6qWiIKXGqWCl1qXrP6XBpaeloqOzteOlu6XDpcg=,PHAgc3R5bGU9Im1hcmdpbjogMCAwIDEzcHggMDsiIGNsYXNzPSJhbHBoYSI+CjxpbWcgc3JjPSJodHRwczovL2ltYWdlLnJha3V0ZW4uY28uanAvY29jb3Rlcmlvci9jYWJpbmV0L2thZ28vYm5yLWltZy9rZy1ibnItZ2FyZGVuMDEuanBnIiBib3JkZXI9IjAiPjwvcD4KPHAgc3R5bGU9Im1hcmdpbjogMCAwIDEzcHggMDsiIGNsYXNzPSJhbHBoYSI+CjxpbWcgc3JjPSJodHRwczovL2ltYWdlLnJha3V0ZW4uY28uanAvY29jb3Rlcmlvci9jYWJpbmV0L2thZ28vYm5yLWltZy9rZy1ibnItM2hvLmdpZiIgYm9yZGVyPSIwIiB0aXRsZT0iM6Wr1MKxo9ReIj48L3A+Cgo8dGFibGUgYm9yZGVyPSIwIiBjZWxscGFkZGluZz0iMCIgY2VsbHNwYWNpbmc9IjEiIHdpZHRoPSIyODUiIGJnY29sb3I9IiNmZmYzZDkiPjxUQk9EWT48dHI+CjxURD48aW1nIHNyYz0iaHR0cHM6Ly93d3cucmFrdXRlbi5uZS5qcC9nb2xkL2NvY290ZXJpb3Iva2Fnby1pbmZvL2ltYWdlcy9rZy1pbmZvLXR0bDAxLmdpZiIgYm9yZGVyPSIwIj48L3RkPgo8L3RyPgo8dHI+Cjx0ZCBiZ2NvbG9yPSIjZmZmZmZmIiBzdHlsZT0icGFkZGluZzogMCAxMHB4OyI+Cgo8L3RkPgo8L3RyPgo8dHI+Cjx0ZCBiZ2NvbG9yPSIjZmZmM2Q5Ij48SU1HIHNyYz0iaHR0cHM6Ly93d3cucmFrdXRlbi5uZS5qcC9nb2xkL2NvY290ZXJpb3Iva2Fnby1pbmZvL2ltYWdlcy9rZy1pbmZvLXR0bDAzLmdpZiIgYm9yZGVyPSIwIj48L3RkPgo8L3RyPgo8dHI+CjxURCBiZ2NvbG9yPSIjZmZmZmZmIiBzdHlsZT0icGFkZGluZzogMTBweDsiPgo8Rk9OVCBjb2xvcj0iIzY2NjY2NiIgc2l6ZT0iLTIiPqWqqWCl16Xzpaul1aWnpM6xvoj2pMikt6TG09DD+6TKpaSlv6XqpaKkq6Tppbel86XXpeul4qXApfOkylNURVJBo6iluaXGpemjqaWsqWClx6Xzpbel6qlgpbqkzrXHiPakx6S5oaMKCqXppb+l89V7pceltqWkpfOky7ahjI6ky8rLyc+ksqTppOykv+uDh+ya3aSipOu8mrK/oaOktaTppMvdWKSvpMbVybfypMikpKTDpL+MZ9PD0NSk4qS3pMOkq6Tqv7ykqKTppOykv6SzpMCk76TqpM7UkaTepMOkv6Wkpb+l6qWi0XWkyKTKpMOkxqSqpOqk3qS5CgqkqrzSpaul1aWnpPKYU6S3pOCVcqTkpaKlpqXIpcmloqTLpOLX7t9tP8fgv9Wkzs/CpMfL2JSzpMqxvoj2paqpYKXXpfOlq6XVpaea3bfWpPK05rfWpMvOtqTvpMOkxqSkpL+kwKSxpN6kuT88L2ZvbnQ+PGJyPgo8YnI+CjxGT05UIHNpemU9Ii0yIiBjb2xvcj0iIzY2NjY2NiI+ob6lwaWnpaKhv6O6PGJyPgqltaWkpbqjurf5NTShwbDC0NCkrTU1ocG436S1ODVjbTxicj4K1/nD5rjfo7o0NWNtPGJyPgrRdca31tjBv6O6vHM0LjNrZzxicj4KssTZfKO6pdel6aW5pcGlw6WvPGJyPgqC5L+8o7rN6rPJxrc8YnI+CqG+pcapYKXWpeuhv6O6PGJyPgqltaWkpbqjurf5ODChwbDC0NCkrTgwocG436S1NzJjbTxicj4KpdGl6aW9pevRqL/avrajujRjbTxicj4K0XXGt9bYwb+jurxzMTIuOWtnPGJyPgqyxNl8o7ql16XppbmlwaXDpa88YnI+CoLkv7yjur1NwaLGt6OovU3BopVy6We8c6O1t9ajqTwvZm9udD48YnI+Cjxicj4KPEZPTlQgc2l6ZT0iLTIiIGNvbG9yPSIjNjY2NjY2Ij6lq6XGpbSl6qlgo7qlrKlgpcel8y+lqKWvpbmlxqXqpaIvpcClpKXLpfOlsC+lwKWkpcul86WwpcGlp6WiL6XApaSly6XzpbClxqlgpdal6y+l3qXqpfMvpeKlwKXzL6Xepeql8y+lqqlgpdel86WrpdWlpy/8XMmrL7vSyasvsNfJqy+lxqXppbkvpdCl66WzpcupYDwvRk9OVD48L3RkPgo8L3RyPgo8L3Rib2R5Pgo8L3RhYmxlPgoKPHAgY2xhc3M9InBhZ2VidG4tdG9wIj48L3A+CjxwIGNsYXNzPSJwYWdlYnRuLWJvb2siPjwvcD48dGFibGUgd2lkdGg9IjY3NSI+CiA8dGJvZHk+Cjx0cj4KIDx0ZD48L3RkPgogPC90cj4KIDwvdGJvZHk+CjwvdGFibGU+,paypYKXHpfOlxqlgpdal66OmpcGlp6WiqWAzteOlu6XDpcggpemlv6Xz70wgpaypYKXHpfMgpcapYKXWpesgpbulw6XIIKXBpaeloiDSztfTIKSrpO+kpKSkIM7dxNrN4rzm08MgU1RFUkEgpbmlxqXpIDO146W7pcOlyCDW4pLspLEgpbCl7KlgIKXWpemlw6WvIKXbpe+lpKXIIHwgpaypYKXHpfO80r7fIKWsqWClx6XzpcGlp6WiIKWrpdWlp6XGqWCl1qXrIKWsqWClx6XzpdWloaXLpcGl46lgIKWsqWClx6XzpcGlp6WiqWCjuqWkpfOlxqXqpaKlt6XnpcOl1yCls6Wzpcal6qWi,pb2l1aWhqWClxqXspdPMqKXGqWCl1qXrpemlsKXApaSly6XzpbClxqlgpdal66W7pcOlyMqzxvfF76XZpcOlybG+xe+l6aXDpa+l0aW9pbOl86XHpbmlr6XBpaelotf50s7X06XPpfOlrKlgpemlw6Wvpd2pYKXrpc+l86WsqWClyaXspcOltalgpaupYKXGpfOl36XpqWClrKlgpcel86XVpaGly6XBpeOpYKW3qWCl6qXzpbCl6aWkpcilwaWnpbmlyKWsqWClx6XzpcapYKXWpeujpqXBpaeloqlgM7Xjpbulw6XIIKXppb+l8+9MIKWsqWClx6XzIKXGqWCl1qXrIKW7pcOlyCClwaWnpaIg0s7X0yCkq6TvpKSkpCDO3cTazeK85tPDIFNURVJBIKW5pcal6SAzteOlu6XDpcgg1uKS7KSxIKWwpeypYCCl1qXppcOlryCl26XvpaSlyCB8IKWsqWClx6XzvNK+3yClrKlgpcel86XBpaeloiClq6XVpaelxqlgpdal6yClrKlgpcel86XVpaGly6XBpeOpYCClrKlgpcel86XBpaeloqlg,paypYKXHpfMgpailr6W5pcal6qWiIKXGqWCl1qXrP6XBpaeloqOzteOlu6XDpciho6WsqWClx6XzpcapYKXWpeujpqXBpaeloqlgM7Xjpbulw6XIIKXppb+l8+9MIKWsqWClx6XzIKXGqWCl1qXrIKW7pcOlyCClwaWnpaIg0s7X0yCkq6TvpKSkpCDO3cTazeK85tPDIFNURVJBIKW5pcal6SAzteOlu6XDpcgg1uKS7KSxIKWwpeypYCCl1qXppcOlryCl26XvpaSlyCB8IKWsqWClx6XzvNK+3yClrKlgpcel86XBpaeloiClq6XVpaelxqlgpdal6yClrKlgpcel86XVpaGly6XBpeOpYCClrKlgpcel86XBpaeloqlg[rn]
31-77591,aHR0cDovL3RzaG9wLnIxMHMuanAvZWNvLWxpZmUtci9jYWJpbmV0LzE2OC95ZGVzLTE2MDktc18xLmpwZz9maXRpbj03MDA6NzAw,MTg0MC4wMDAw,,u6g/paypYKXHpfM/RElZID4gpailr6W5pcal6qWiP6WsqWClx6XzpdWloaXLpcGl46lgID4gzu/Ww6St,peilyc7v1sOlqKW5peIgpaql16W3peel8yCEZYnTxe8gRVNFLTE2MDktU9DNILf5NTQ3ocGwwtDQMzUyLjVtbQ==,y83Bz9Kq0oq3ZQ==,PGltZyBzcmM9J2h0dHA6Ly9pbWFnZS5yYWt1dGVuLmNvLmpwL2Vjby1saWZlLXIvY2FiaW5ldC9pY29uL2Fib3V0aGFpc28yLmpwZycgc3R5bGU9J21hcmdpbi1ib3R0b206MTBweDsnPjxicj4KPGltZyBzcmM9J2h0dHA6Ly9pbWFnZS5yYWt1dGVuLmNvLmpwL2Vjby1saWZlLXIvY2FiaW5ldC9pY29uL2hhaXNvMTA2LmpwZycgc3R5bGU9J21hcmdpbi1ib3R0b206MTBweDsnPjxicj6ltaWkpbqjurf5NTQ3ocGwwtDQMzUyLjVtbTxicj7W2MG/o7oyNaPro+c8YnI+ofmEZYnTxe+ky6TPxe/K3KSsuLakpKTGpKSk3qS5oaM8YnI+PGZvbnQgY29sb3I9J3JlZCc+ofmlqqXXpbel56XzpM7Iobi2jJ2P6qTPzu/Ww7G+zOWkzr1NwaK5pMrCpMjNrJVy16LOxKTOiPa6z6TOpN+z0KTqpN6kuaGjPGJyPqH5paql16W3peel86TOpN+k8qS0z6PN+6TOiPa6z6TPhGXNvsvNwc+krKSrpKuk6qTepLmkzqTHpKrSirdlpOqk8qS00sDubaSvpMCktaSkoaM8L2ZvbnQ+PGJyPjxicj48aW1nIHNyYz0naHR0cDovL2ltYWdlLnJha3V0ZW4uY28uanAvZWNvLWxpZmUtci9jYWJpbmV0L3dhcmVob3VzZTIvd2gtb3N1c3VtZTAxLmpwZycgdGFyZ2V0PSdfYmxhbmsnPgo8YnI+PGJyPgo8IS0tPHRhYmxlIHdpZHRoPSI4MDAiIGJvcmRlcj0iMCI+Cjx0cj4KPHRkIGNvbHNwYW49IjQiIHN0eWxlPSdjb2xvcjojNDM0MzQzO2ZvbnQtc2l6ZToxNnB4O2ZvbnQtd2VpZ2h0OmJvbGQ7dGV4dC1hbGlnbjpjZW50ZXI7Jz48cD6hvjUvMTWhqzI1z962qKG/terE2sirxrekx8q5pKik66Oh33ik2aTrpa+pYKXdpfOjoSA8L3A+PC90ZD4KPC90cj4KPHRyPgo8dGQ+PGltZyBzcmM9J2h0dHBzOi8vaW1hZ2UucmFrdXRlbi5jby5qcC9lY28tbGlmZS1yL2NhYmluZXQvY3BfMTAwLmpwZyc+PC90ZD4KPHRkPjxpbWcgc3JjPSdodHRwczovL2ltYWdlLnJha3V0ZW4uY28uanAvZWNvLWxpZmUtci9jYWJpbmV0L2NwXzMwMC5qcGcnIHRhcmdldD0nX2JsYW5rJz48L3RkPgo8dGQ+PGltZyBzcmM9J2h0dHBzOi8vaW1hZ2UucmFrdXRlbi5jby5qcC9lY28tbGlmZS1yL2NhYmluZXQvY3BfNTAwLmpwZycgdGFyZ2V0PSdfYmxhbmsnPjwvdGQ+Cjx0ZD48aW1nIHNyYz0naHR0cHM6Ly9pbWFnZS5yYWt1dGVuLmNvLmpwL2Vjby1saWZlLXIvY2FiaW5ldC9jcF8xMDAwLmpwZycgdGFyZ2V0PSdfYmxhbmsnPjwvdGQ+CjwvdHI+CjwvdGFibGU+PGJyPjxicj4tLT4=,peilyc7v1sOlqKW5peIgpaql16W3peel8yCEZYnTxe8gRVNFLTE2MDktU9DNILf5NTQ3JnRpbWVzO7DC0NAzNTIuNW1to7qtaL6zyfq77g==,zu/Ww4WnvHuO7KXXpeylz6XWgn2O7KWspeypYKW43IeO7KXQpaSlr6WspeypYKW419TcntyH1sOkrYj2pLSk36W5pcapYKW3peel86W0pd+Fp7yvjuylwKW5pcil3KXDpa+luaXdpbmlyKXhqWCl66XcpcOlr6W5waLLrtb5y67LqNb5kt+z/dPDvt/I66Tspbmlwalgpeul7aXDpaupYKWsqWClx6XzpdWloaXLpcGl46lgzsLK0qXXpeml86W/qWCl6KXJzu/Ww6Wopbml4iClqqXXpbel56XzIIRlidPF7yBFU0UtMTYwOS1T0M0gt/k1NDcmdGltZXM7sMLQ0DM1Mi41bW0=,y83Bz9Kq0oq3ZaGjpeilyc7v1sOlqKW5peIgpaql16W3peel8yCEZYnTxe8gRVNFLTE2MDktU9DNILf5NTQ3JnRpbWVzO7DC0NAzNTIuNW1t[rn]
31-77592,aHR0cDovL3RzaG9wLnIxMHMuanAvZWNvLWxpZmUtci9jYWJpbmV0LzE3Ni9ueG4tMjBjc2xfMS5qcGc/Zml0aW49NzAwOjcwMA==,Njg4MDAuMDAwMA==,,u6g/paypYKXHpfM/RElZID4gpailr6W5pcal6qWiP6WsqWClx6XzpdWloaXLpcGl46lgID4gzu/Ww6St,paSlyqXQzu/WwyDS/aStkfWlv6WkpdffQr5B0M0gTlhOLTIwQ1NMILv5sb6XnaOoMZedxL+jqSDSu7Dj0M0/tuDRqdDNIFuFp7x7juwvhae8ey/O3c3ihae8e47sL87dzeIvgn2O7C+8pLCyL4H9uPEv0KHO3S+lrKlgpcely6XzpbAvzaUvpKSkyqTQL6SkpMqk0M7v1sMvt1LIfi+k4qTOpKqkrS/O79bDpK1d,W6Wopeqlos/etqjLzcHPn2/Bz11bpKq/zZiUvU3Bol0=,PHAgc3R5bGU9J2NvbG9yOiMwMDgwMDA7Jz6hvrx7xtrEv7Cyob88YnI+PGI+ofbpdpZ8Mba8NrFoK7ijjXUsjG2zx6H6ytbF5OHhoaI1oasxMIbTmEnI1eHhpMukqr3spLE8L2I+PGJyPjxiPqH2zvfI1bG+KOlM0rChosm9wOahor6yjPmk6KTqzveCyKWopeqloimh+jehqzE0htOYScjV4eGky6SqveyksTwvYj48YnI+peGpYKWrqWDWscvNo6jHt8a3pOSO/LespM6I9rrPpOKktKS2pKSk3qS5pM6kx9PopOGktMHLs9DPwqS1pKSjqTwvcD48aW1nIHNyYz0naHR0cDovL2ltYWdlLnJha3V0ZW4uY28uanAvZWNvLWxpZmUtci9jYWJpbmV0L2ljb24vYWJvdXRoYWlzb2luYWJhMS5qcGcnIHN0eWxlPSdtYXJnaW4tYm90dG9tOjEwcHg7Jz48YnI+PGltZyBzcmM9J2h0dHA6Ly9pbWFnZS5yYWt1dGVuLmNvLmpwL2Vjby1saWZlLXIvY2FiaW5ldC9pY29uL2luYWJhMi5qcGcnIHN0eWxlPSdtYXJnaW4tYm90dG9tOjEwcHg7Jz48YnI+PGltZyBzcmM9J2h0dHA6Ly9pbWFnZS5yYWt1dGVuLmNvLmpwL2Vjby1saWZlLXIvY2FiaW5ldC9pY29uL2N5dXVpMS5qcGcnIHN0eWxlPSdtYXJnaW4tYm90dG9tOjEwcHg7Jz48YnI+PGltZyBzcmM9J2h0dHA6Ly9pbWFnZS5yYWt1dGVuLmNvLmpwL2Vjby1saWZlLXIvY2FiaW5ldC9pY29uL3R1aWthLWN5dXVpNC5qcGcnIHN0eWxlPSdtYXJnaW4tYm90dG9tOjEwcHg7Jz48YnI+PHA+PGI+ofmkqr/NmJS9TcGiyczGt6G+sdikuqSq1Wmk36SvpMCktaSkob88L2I+PGJyPr1NwaK5pMrCpbWpYKXTpbmkz9DQpMOkxqSqpOqk3qS7pPOhor1NwaKkz6Sqv82YlKTLpMakqu6KpKSkt6TepLmhozwvcD6h9rv5tUGH7T/N4tDOh+2kz6SzpMGk6Txicj6h9r1NwaLVaMP3lfikz6SzpMGk6Txicj48YnI+PGJyPjxmb250IGNvbG9yPXJlZD7PwtObpM+horv5sb6XnaTOysuYlKTHpLmho6GhPGJyIC8+u/mxvpedo6gxl53Ev6OppMuhote3vNOXnaOoMpedxL/S1L21o6mk8rrOl52kx6TioaLXt7zTpLekxu2UpLGk3qS5oaOhoTxiciAvPqH517e805edpM+hojGXnaS0pMiky6OkNzcxNzWD0qOoss6/vIH9uPGjqaTHpLmhozxiciAvPqGhPGJyIC8+o6rXt7zT30KXnc+jzfukzoj2us+hoqSq0oq3ZaTq0sDubaSvpMCktaSkoaM8L2ZvbnQ+PGJyPjxiciAvPqH2zt24+bTnt6ggo7ogt/kxNDIwocGwwtDQMTUxMKHBuN+ktTIwNzVtbTxiciAvPqH2zcHMqLTnt6ggo7ogt/kxMzcwocGwwtDQMTM3MG1toaE8YnIgLz6h+aOxl53Xt7zTpMukxKStzcHMqKTOt/mkz6GiMTM3MG1tpdel6aW5oaPO3bj5pM63+aTPo6gxMzcwocHXt7zTyv2jqaOrNTBtbaGjPGJyPqH26V+/2rTnt6ggo7ogt/k2ODYgocG436S1MTc3MG1toaE8YnIgLz6h9rSyw+a3ZSCjuiAxLjg4xr3D16OoMC41N8a6o6mhwd9CvkHK/aGhPGJyIC8+ofbs6SCjuiDpX6Stt72kz9fz09KkyaTBpOmkq6TL1E+2qL/JxNyho6GhPGJyPqH2hGWJ06Tqpaql16W3peel86TPpLOkwaTpo6il4algpaupYKW1paSlyKOpPGJyIC8+o6qktM+jzfukzoj2us+kz6Gi16LOxKXVpampYKXgpM6C5L+8mdqky9Ob3WSkzsnPpLTLzdDFz8KktaSkoaK1sbXqpMektNeizsSk8rRf1Urh4aGipaql16W3peel87T6pPK6rKThpL+B/bjxpPKkqtaqpOmku6S3pN6kuaGjPGJyPqOqhGWJ08XvsOWkyqTJpM6lqqXXpbel56XzpM+horG+zOWkyM2slXLXos7EpMekz6TKpKSI9rrPpM+EZc2+y83Bz6SssGvJ+qS3pN6kuaGjPGJyPjxCUj48QlI+PGJyIC8+PGJyIC8+PGltZyBzcmM9J2h0dHA6Ly9pbWFnZS5yYWt1dGVuLmNvLmpwL2Vjby1saWZlLXIvY2FiaW5ldC93YXJlaG91c2UvdGFuYTIwY3NsLmpwZycgLz48YnIgLz48YnI+PGJyPqH5sry7+bVBuaTKwqTLpMSkraTepLekxqTPoaI8YnI+tbG16qTHpM6MnY/qpKykx6StpMakqqTqpN6ku6TzoaM8YnI+pL2kzqS/pOGhojxzcGFuIGNsYXNzPSdpdGVtX2RhbnJha3UzJz6huLK8u/m1QbmkysKhuaTPpKq/zZiUpMukxqSq7oqkpNbCpLek3qS5oaM8L3NwYW4+PGJyIC8+PGJyIC8+PGJyIC8+PGltZyBzcmM9J2h0dHA6Ly9pbWFnZS5yYWt1dGVuLmNvLmpwL2Vjby1saWZlLXIvY2FiaW5ldC93YXJlaG91c2UvZXhwMjBjc2wuanBnJyAvPjxiciAvPjxiciAvPjxpbWcgc3JjPWh0dHA6Ly9pbWFnZS5yYWt1dGVuLmNvLmpwL2Vjby1saWZlLXIvY2FiaW5ldC93YXJlaG91c2UvbnhuLWNvbC5qcGcgLz48YnIgLz48YnIgLz48aW1nIHNyYz0naHR0cDovL2ltYWdlLnJha3V0ZW4uY28uanAvZWNvLWxpZmUtci9jYWJpbmV0L3dhcmVob3VzZS9oaWtpLWV4cC5qcGcnIC8+PGJyIC8+PGJyIC8+PGltZyBzcmM9J2h0dHA6Ly9pbWFnZS5yYWt1dGVuLmNvLmpwL2Vjby1saWZlLXIvY2FiaW5ldC93YXJlaG91c2UyL3doLW9zdXN1bWUwMS5qcGcnIHRhcmdldD0nX2JsYW5rJz4KPGJyPjxicj4KPCEtLTx0YWJsZSB3aWR0aD0iODAwIiBib3JkZXI9IjAiPgo8dHI+Cjx0ZCBjb2xzcGFuPSI0IiBzdHlsZT0nY29sb3I6IzQzNDM0Mztmb250LXNpemU6MTZweDtmb250LXdlaWdodDpib2xkO3RleHQtYWxpZ246Y2VudGVyOyc+PHA+ob41LzE1oasyNc/etqihv7XqxNrIq8a3pMfKuaSopOujod94pNmk66WvqWCl3aXzo6EgPC9wPjwvdGQ+CjwvdHI+Cjx0cj4KPHRkPjxpbWcgc3JjPSdodHRwczovL2ltYWdlLnJha3V0ZW4uY28uanAvZWNvLWxpZmUtci9jYWJpbmV0L2NwXzEwMC5qcGcnPjwvdGQ+Cjx0ZD48aW1nIHNyYz0naHR0cHM6Ly9pbWFnZS5yYWt1dGVuLmNvLmpwL2Vjby1saWZlLXIvY2FiaW5ldC9jcF8zMDAuanBnJyB0YXJnZXQ9J19ibGFuayc+PC90ZD4KPHRkPjxpbWcgc3JjPSdodHRwczovL2ltYWdlLnJha3V0ZW4uY28uanAvZWNvLWxpZmUtci9jYWJpbmV0L2NwXzUwMC5qcGcnIHRhcmdldD0nX2JsYW5rJz48L3RkPgo8dGQ+PGltZyBzcmM9J2h0dHBzOi8vaW1hZ2UucmFrdXRlbi5jby5qcC9lY28tbGlmZS1yL2NhYmluZXQvY3BfMTAwMC5qcGcnIHRhcmdldD0nX2JsYW5rJz48L3RkPgo8L3RyPgo8L3RhYmxlPjxicj48YnI+LS0+,paSlyqXQzu/WwyDS/aStkfWlv6WkpdffQr5B0M0gTlhOLTIwQ1NMILv5sb6XnaOoMZedxL+jqSDSu7Dj0M0/tuDRqdDNIFuFp7x7juwvhae8ey/O3c3ihae8e47sL87dzeIvgn2O7C+8pLCyL4H9uPEv0KHO3S+lrKlgpcely6XzpbAvzaUvpKSkyqTQL6SkpMqk0M7v1sMvt1LIfi+k4qTOpKqkrS/O79bDpK1do7qtaL6zyfq77g==,zu/Ww4WnvHuO7KXXpeylz6XWgn2O7KWspeypYKW43IeO7KXQpaSlr6WspeypYKW419TcntyH1sOkrYj2pLSk36W5pcapYKW3peel86W0pd+Fp7yvjuylwKW5pcil3KXDpa+luaXdpbmlyKXhqWCl66XcpcOlr6W5waLLrtb5y67LqNb5kt+z/dPDvt/I66Tspbmlwalgpeul7aXDpaupYKWsqWClx6XzpdWloaXLpcGl46lgzsLK0qXXpeml86W/qWClpKXKpdDO79bDINL9pK2R9aW/paSl199CvkHQzSBOWE4tMjBDU0wgu/mxvpedo6gxl53Ev6OpINK7sOPQzT+24NGp0M0gW4WnvHuO7C+Fp7x7L87dzeKFp7x7juwvzt3N4i+CfY7sL7yksLIvgf248S/Qoc7dL6WsqWClx6XLpfOlsC/NpS+kpKTKpNAvpKSkyqTQzu/Wwy+3Ush+L6TipM6kqqStL87v1sOkrV0=,W6Wopeqlos/etqjLzcHPn2/Bz11bpKq/zZiUvU3Bol2ho6Wkpcql0M7v1sMg0v2krZH1pb+lpKXX30K+QdDNIE5YTi0yMENTTCC7+bG+l52jqDGXncS/o6kg0ruw49DNP7bg0anQzSBbhae8e47sL4WnvHsvzt3N4oWnvHuO7C/O3c3iL4J9juwvvKSwsi+B/bjxL9Chzt0vpaypYKXHpcul86WwL82lL6SkpMqk0C+kpKTKpNDO79bDL7dSyH4vpOKkzqSqpK0vzu/Ww6StXQ==[rn]
31-77593,aHR0cDovL3RzaG9wLnIxMHMuanAvZWNvLWxpZmUtci9jYWJpbmV0LzE2OC95ZGVzLTE2MDctbF8xLmpwZz9maXRpbj03MDA6NzAw,MjMyMC4wMDAw,,u6g/paypYKXHpfM/RElZID4gpailr6W5pcal6qWiP6WsqWClx6XzpdWloaXLpcGl46lgID4gzu/Ww6St,peilyc7v1sOlqKW5peIgpaql16W3peel8yCEZYnTxe8gRVNELTE2MDctTNDNILf5MTA5NaHBsMLQ0DI3Ny41bW0=,y83Bz9Kq0oq3ZQ==,PGltZyBzcmM9J2h0dHA6Ly9pbWFnZS5yYWt1dGVuLmNvLmpwL2Vjby1saWZlLXIvY2FiaW5ldC9pY29uL2Fib3V0aGFpc28yLmpwZycgc3R5bGU9J21hcmdpbi1ib3R0b206MTBweDsnPjxicj4KPGltZyBzcmM9J2h0dHA6Ly9pbWFnZS5yYWt1dGVuLmNvLmpwL2Vjby1saWZlLXIvY2FiaW5ldC9pY29uL2hhaXNvMTA2LmpwZycgc3R5bGU9J21hcmdpbi1ib3R0b206MTBweDsnPjxicj6ltaWkpbqjurf5MTA5NaHBsMLQ0DI3Ny41bW08YnI+1tjBv6O6NDWj66PnPGJyPqH5hGWJ08XvpMukz8XvytykrLi2pKSkxqSkpN6kuaGjPGJyPjxmb250IGNvbG9yPSdyZWQnPqH5paql16W3peel86TOyKG4toydj+qkz87v1sOxvszlpM69TcGiuaTKwqTIzayVcteizsSkzoj2us+kzqTfs9Ck6qTepLmhozxicj6h+aWqpdelt6XnpfOkzqTfpPKktM+jzfukzoj2us+kz4Rlzb7LzcHPpKykq6SrpOqk3qS5pM6kx6Sq0oq3ZaTqpPKktNLA7m2kr6TApLWkpKGjPC9mb250Pjxicj48YnI+PGltZyBzcmM9J2h0dHA6Ly9pbWFnZS5yYWt1dGVuLmNvLmpwL2Vjby1saWZlLXIvY2FiaW5ldC93YXJlaG91c2UyL3doLW9zdXN1bWUwMS5qcGcnIHRhcmdldD0nX2JsYW5rJz4KPGJyPjxicj4KPCEtLTx0YWJsZSB3aWR0aD0iODAwIiBib3JkZXI9IjAiPgo8dHI+Cjx0ZCBjb2xzcGFuPSI0IiBzdHlsZT0nY29sb3I6IzQzNDM0Mztmb250LXNpemU6MTZweDtmb250LXdlaWdodDpib2xkO3RleHQtYWxpZ246Y2VudGVyOyc+PHA+ob41LzE1oasyNc/etqihv7XqxNrIq8a3pMfKuaSopOujod94pNmk66WvqWCl3aXzo6EgPC9wPjwvdGQ+CjwvdHI+Cjx0cj4KPHRkPjxpbWcgc3JjPSdodHRwczovL2ltYWdlLnJha3V0ZW4uY28uanAvZWNvLWxpZmUtci9jYWJpbmV0L2NwXzEwMC5qcGcnPjwvdGQ+Cjx0ZD48aW1nIHNyYz0naHR0cHM6Ly9pbWFnZS5yYWt1dGVuLmNvLmpwL2Vjby1saWZlLXIvY2FiaW5ldC9jcF8zMDAuanBnJyB0YXJnZXQ9J19ibGFuayc+PC90ZD4KPHRkPjxpbWcgc3JjPSdodHRwczovL2ltYWdlLnJha3V0ZW4uY28uanAvZWNvLWxpZmUtci9jYWJpbmV0L2NwXzUwMC5qcGcnIHRhcmdldD0nX2JsYW5rJz48L3RkPgo8dGQ+PGltZyBzcmM9J2h0dHBzOi8vaW1hZ2UucmFrdXRlbi5jby5qcC9lY28tbGlmZS1yL2NhYmluZXQvY3BfMTAwMC5qcGcnIHRhcmdldD0nX2JsYW5rJz48L3RkPgo8L3RyPgo8L3RhYmxlPjxicj48YnI+LS0+,peilyc7v1sOlqKW5peIgpaql16W3peel8yCEZYnTxe8gRVNELTE2MDctTNDNILf5MTA5NSZ0aW1lczuwwtDQMjc3LjVtbaO6rWi+s8n6u+4=,zu/Ww4WnvHuO7KXXpeylz6XWgn2O7KWspeypYKW43IeO7KXQpaSlr6WspeypYKW419TcntyH1sOkrYj2pLSk36W5pcapYKW3peel86W0pd+Fp7yvjuylwKW5pcil3KXDpa+luaXdpbmlyKXhqWCl66XcpcOlr6W5waLLrtb5y67LqNb5kt+z/dPDvt/I66Tspbmlwalgpeul7aXDpaupYKWsqWClx6XzpdWloaXLpcGl46lgzsLK0qXXpeml86W/qWCl6KXJzu/Ww6Wopbml4iClqqXXpbel56XzIIRlidPF7yBFU0QtMTYwNy1M0M0gt/kxMDk1JnRpbWVzO7DC0NAyNzcuNW1t,y83Bz9Kq0oq3ZaGjpeilyc7v1sOlqKW5peIgpaql16W3peel8yCEZYnTxe8gRVNELTE2MDctTNDNILf5MTA5NSZ0aW1lczuwwtDQMjc3LjVtbQ==[rn]
31-77594,aHR0cDovL3RzaG9wLnIxMHMuanAvZWNvLWxpZmUtci9jYWJpbmV0LzE4NS90cC0zNzIyXzEuanBnP2ZpdGluPTcwMDo3MDA=,MTY1NTIwLjAwMDA=,,u6g/paypYKXHpfM/RElZID4gpailr6W5pcal6qWiP6WsqWClx6XzpdWloaXLpcGl46lgID4gzu/Ww6St,pb+lr6Xczu/Ww6GhTXKjrqW5pcilw6Wvpd6l8yCl16XppbmloqXrpdWloaG+0ruw49DNob+hoVRQLTM3MjJbhae8e47sL4WnvHsvzt3N4oWnvHuO7C/O3c3iL4J9juwv1tDQzS+089DNL7yksLIvgf248S/Qoc7dL6WsqWClx6XLpfOlsC/NpS+kv6SvpNwvzO+4RM7v1sMvpOKkzqSqpK0vzu/Ww6StXQ==,W8vNwc+fb8HPXQ==,PHAgc3R5bGU9J2ZvbnQtc2l6ZToyOHB4O21hcmdpbi1ib3R0b206MDtmb250LXdlaWdodDpib2xkOyc+pLOkzsnMxrekz71NwaK5pMrCuLakx6S5PC9wPjxhIGhyZWY9J2h0dHA6Ly9pdGVtLnJha3V0ZW4uY28uanAvZWNvLWxpZmUtci90cC0zNzIyLycgY2xhc3M9J3JvbGxvdmVyJz48aW1nIHNyYz0naHR0cDovL2ltYWdlLnJha3V0ZW4uY28uanAvZWNvLWxpZmUtci9jYWJpbmV0L3dhcmVob3VzZTIvaGFpc291X2tpYm91LmpwZyc+PC9hPjxicj48cCBzdHlsZT0nY29sb3I6IzAwODAwMDsnPjxiPqG+vHvG2sS/sLKhvzwvYj48YnI+MTChqzE0htOYScjV4eE8YnI+peGpYKWrqWDWscvNo6jHt8a3pOSO/LFQpM6I9rrPpOKktKS2pKSk3qS5pM6kx9PopOGktMHLs9DPwqS1pKSjqTwvcD48YnI+PGJyPjxpbWcgc3JjPSdodHRwOi8vaW1hZ2UucmFrdXRlbi5jby5qcC9lY28tbGlmZS1yL2NhYmluZXQvaWNvbi9hYm91dGhhaXNvMi5qcGcnIHN0eWxlPSdtYXJnaW4tYm90dG9tOjEwcHg7Jz48YnI+PGltZyBzcmM9J2h0dHA6Ly9pbWFnZS5yYWt1dGVuLmNvLmpwL2Vjby1saWZlLXIvY2FiaW5ldC9pY29uL2hhaXNvMTIyLmpwZycgc3R5bGU9J21hcmdpbi1ib3R0b206MTBweDsnPjxicj48aW1nIHNyYz0naHR0cDovL2ltYWdlLnJha3V0ZW4uY28uanAvZWNvLWxpZmUtci9jYWJpbmV0L2ljb24vY3l1dWkxLmpwZycgc3R5bGU9J21hcmdpbi1ib3R0b206MTBweDsnPjxicj48aW1nIHNyYz0naHR0cDovL2ltYWdlLnJha3V0ZW4uY28uanAvZWNvLWxpZmUtci9jYWJpbmV0L2ljb24vdHVpa2EtY3l1dWk0LmpwZycgc3R5bGU9J21hcmdpbi1ib3R0b206MTBweDsnPjxicj48YnI+PHRhYmxlIHdpZHRoPSI0NTUiIGJvcmRlcj0iMCIgY2VsbHBhZGRpbmc9IjAiIGNlbGxzcGFjaW5nPSIwIiBjbGFzcz0ibXRfMjAgd3RfdGFibGUiPjx0cj48dGQgc3R5bGU9J2JhY2tncm91bmQtY29sb3I6IzI0NTlmZDtjb2xvcjojZmZmO2ZvbnQtd2VpZ2h0OmJvbGQ7Zm9udC1zaXplOjE0cHg7aGVpZ2h0OjIwcHg7dGV4dC1pbmRlbnQ6NXB4O3BhZGRpbmctdG9wOjVweDsnPqH0vU3BormkysKktM+jzfukzoj2us+h9KOomMucyr1NwaLZTaTPse3KvoH9uPGky7qspN6k7KTepLmjqTwvdGQ+PC90cj48dHI+Cjx0ZCBzdHlsZT0ncGFkZGluZzoxMHB4O2JvcmRlcjoxcHggc29saWQjMjQ1OWZkOyc+PHNwYW4gY2xhc3M9IjE0cHggYm9sZCI+ofY8c3BhbiBzdHlsZT0nZm9udC13ZWlnaHQ6Ym9sZDsnPpjLnMq9TcGi2U0oy7DeeimjulwyNTkwMKOose3KvoH9uPGky7qspN6k7KTepLmjqTwvc3Bhbj48YnI+o6q9TcGi2U2kz7Htyr6B/bjxpMu6rKTepOyk3qS5oaM8YnI+CqG4o7HrQca9iPahoc3BoaLT1qTPpbOl86WvpeqpYKXIoaKloqW5pdWloaXrpcikzsnPobmk8sz1vP48YnI+IDxzcGFuIGNsYXNzPSJyZWQiPqH5paql16W3peel86Ty17e806S5pOuI9rrPoaKlqqXXpbel56XzyKG4ttlNtcikrL1NwaLZTaTLhGXNvqGivNPL46S1pOyk3qS5oaMKPGJyPqH5hGXNvqXWpe2lw6WvtPqjqDIwMIPSocGx2NKqgoDK/SmkrLBryfrWwqS3pN6kuaOoy7DeeqOpPC9zcGFuPjxicj4KPHNwYW4gc3R5bGU9J2ZvbnQtd2VpZ2h0OmJvbGQ7Jz6h9tyetbm3wNa5uaTKwtlNo6iEZc2+o6k8L3NwYW4+PHNwYW4gY2xhc3M9InJlZCI+PGJyPqWzpfOlr6XqqWClyM/CtdijujxzcGFuIHN0eWxlPSdjb2xvcjpyZWQ7Zm9udC13ZWlnaHQ6Ym9sZDsnPlwxODAwMCjLsN56KTwvc3Bhbj48YnI+zcE/ybDA+8/CtdijujxzcGFuIHN0eWxlPSdjb2xvcjpyZWQ7Zm9udC13ZWlnaHQ6Ym9sZDsnPlwyMTAwMCjLsN56KTwvc3Bhbj48YnI+paKluaXVpaGl66XIz8K12KO6PHNwYW4gc3R5bGU9J2NvbG9yOnJlZDtmb250LXdlaWdodDpib2xkOyc+XDM1MDAwKMuw3nopPC9zcGFuPjwvc3Bhbj48YnI+PGJyPgo8c3BhbiBjbGFzcz0icmVkIj6h+b1NwaLZTaTk3J61ubfA1rm5pMrC2U2kz6GipLSyzr+8gf248aTHpLmhozxicj4KtdjT8rXIpMuk6KTqhGXNvqSq0oq3ZaS1pLukxu2UpK+I9rrPpKyktKS2pKSk3qS5pM6kx9PopOGktMHLs9DPwqS1pKShozxicj4Kofmlqqlgpdel86W5pdqpYKW5pM/vTKTO07DtkaTyytyksaTkpLmkr6Gi1E/Ww8/CtdikyN9CvVmkt6TGpKSkyqSkpMihorS1yc+ksqTLpOik69yetbmkzs6j6pOk5KGipaqpYKXXpfOluaXaqWCluaTO1vmkzs671sOkzqS6pOyky6TopOuPirbItc3PwqTOv9ak7KSspKKk6qTepLmhozxicj4KpL2kzqS/pOGhorCyyKvD5qTyv7yRXaS3oaK1sbXqpMu9TcGiuaTKwqTypLTSwO5tpKSkv6TApK+I9rrPpM+hotyetbm3wNa5uaTKwqTisdjtmqTIpLWku6TGpKSkv6TApK2k3qS5oaM8L3NwYW4+PGJyPjxicj4KofnUlLyapMq98O5+pM/PwtObpM6l1aWpqWCl4KTopOqktNeizsTHsKTL0ru2yKSq0oq3ZaTqo6ifb8HPo6mkr6TApLWkpKGjPGJyPjxpbWcgc3JjPSdodHRwOi8vaW1hZ2UucmFrdXRlbi5jby5qcC9lY28tbGlmZS1yL2NhYmluZXQvd2FyZWhvdXNlL21pdHVtb3JpX2lyYWkxLmpwZyc+PC90ZD48L3RyPjwvdGFibGU+PGJyPjxicj7Ky5iUh+0/l3mw/MP3vJo/vU3BotVow/eV+D+7+bVBh+2hoaTPpLOkwaTpoaGhoT4+PGJyPjxicj48YnI+zt24+bTnt6ijqG1to6kgo7ogt/kzNzk1ocGwwtDQMjQ5NaHBuN+ktTIxMTChoaGhPGJyIC8+zcHMqLTnt6ijqG1to6kgo7ogt/kgMzcxNaHBsMLQ0CAyMjkwoaGhoTxiciAvPrSyw+a3ZSA4LjUxxr23vW2jqLxzMi44NMa6o6kgoaE8YnIgLz7O79bDgsijusTasr+057eoo6htbaOpo7ogt/kyMTQ0ocGwwtDQMjEyMD/pX7/at/kxMjM4ocG436S1MTg1MKGhPGJyIC8+8XbdhoLIo7rE2rK/tOe3qKOobW2jqaO6ILf5MTQ0NKHBsMLQ0DIxMjA/6V+/2rf5MTM3NqHBuN+ktTE5MDCjqLv5tUHM7KOpPGJyIC8+PGJyIC8+zt24+aTOxM26ydbYIKO6IDEyMDBOL8a9t71to6gxMjBrZ2Yvxr23vW2jqTxiciAvPrSyxM26ydbYoaGjuqGhNjAwME4vxr23vW2jqDYwMGtnZi/Gvbe9baOpPGJyPsXvpM7EzbrJ1tggo7oyMDAwTi/Gvbe9baOoMjAwa2dmL8a9t71to6k8YnIgLz6jqrdl0amjurxzNjBjbaGhPGJyIC8+0amkztbYpLWkz6Gi17SbcqTLpOik6onku6+kt6TepLmho9TnpOGky9GpvbWk7aS3pPKkt6TGz8KktaSkoaM8YnIgLz4gPGJyIC8+uLbK9Ma3ID+kv6TGmL+jqDKxvqOpoaKloqXzpaupYKXXpeypYKXIuLahozxiciAvPjxiciAvPqH2hGWJ06Wqpdelt6XnpfM8YnI+uPe3TqWqpdelt6XnpfPUlLyapM+ls6XBpemjqKXhqWClq6lgpbWlpKXIo6k8YnI+o6qktM+jzfukzoj2us+kz6Gi16I/P6XVpampYKXgpM6C5L+8mdqky9Ob3WSkzsnPpLTLzdDFz8KktaSkoaO1sbXqpMektNeizsSk8rRf1Urh4aGipaql16W3peel87T6pPK6rKThpL+B/bjxpPKkqtaqpOmku6S3pN6kuaGjPGJyPjxpbWcgc3JjPSdodHRwOi8vaW1hZ2UucmFrdXRlbi5jby5qcC9lY28tbGlmZS1yL2NhYmluZXQvd2FyZWhvdXNlL3RwLTM3MjItdC5qcGcnPjxicj48QlI+PEJSPjxpbWcgc3JjPSdodHRwOi8vaW1hZ2UucmFrdXRlbi5jby5qcC9lY28tbGlmZS1yL2NhYmluZXQvd2FyZWhvdXNlL3RwLWNvbG9yLmpwZyc+PGJyPjxpbWcgc3JjPSdodHRwOi8vaW1hZ2UucmFrdXRlbi5jby5qcC9lY28tbGlmZS1yL2NhYmluZXQvd2FyZWhvdXNlL3RwLXNldHVtZWkwMS5qcGcnPjxicj48aW1nIHNyYz0naHR0cDovL2ltYWdlLnJha3V0ZW4uY28uanAvZWNvLWxpZmUtci9jYWJpbmV0L3dhcmVob3VzZS90cC1zZXR1bWVpMDIuanBnJz48YnI+PGltZyBzcmM9J2h0dHA6Ly9pbWFnZS5yYWt1dGVuLmNvLmpwL2Vjby1saWZlLXIvY2FiaW5ldC93YXJlaG91c2UvdHAtc2V0dW1laTAzLmpwZyc+PGJyPjxpbWcgc3JjPSdodHRwOi8vaW1hZ2UucmFrdXRlbi5jby5qcC9lY28tbGlmZS1yL2NhYmluZXQvd2FyZWhvdXNlMi90YWt1Ym8tbWFpbmltZy5qcGcnIHdpZHRoPSI4MDAiIGhlaWdodD0iMjIwIiBzdHlsZT0ibWFyZ2luLWJvdHRvbToyMHB4OyIvPjxicj4KPGltZyBzcmM9J2h0dHA6Ly9pbWFnZS5yYWt1dGVuLmNvLmpwL2Vjby1saWZlLXIvY2FiaW5ldC93YXJlaG91c2UyL3Rha3Viby1wb2ludDEuanBnJyB3aWR0aD0iODAwIiBoZWlnaHQ9IjY3MCIgc3R5bGU9Im1hcmdpbi1ib3R0b206MjBweDsiLz48YnI+CjxpbWcgc3JjPSdodHRwOi8vaW1hZ2UucmFrdXRlbi5jby5qcC9lY28tbGlmZS1yL2NhYmluZXQvd2FyZWhvdXNlMi90YWt1Ym8tcG9pbnQyLmpwZycgd2lkdGg9IjgwMSIgaGVpZ2h0PSIzOTciIHN0eWxlPSJtYXJnaW4tYm90dG9tOjIwcHg7Ii8+PGJyPgqh/aH9of2h/aH9PGJyPgo8cCBzdHlsZT0nZm9udC1zaXplOjIwcHg7Zm9udC13ZWlnaHQ6Ym9sZDsnPr1NwaKk8qS0z6PN+6TOiPa6z6TP0ru2yNP50oq3ZaSq7oqkpKSkpL+kt6TepLmjvqO+PGJyPjxicj4KPGJyPjxicj4KCjwhLS08dGFibGUgd2lkdGg9IjgwMCIgYm9yZGVyPSIwIj4KPHRyPgo8dGQgY29sc3Bhbj0iNCIgc3R5bGU9J2NvbG9yOiM0MzQzNDM7Zm9udC1zaXplOjE2cHg7Zm9udC13ZWlnaHQ6Ym9sZDt0ZXh0LWFsaWduOmNlbnRlcjsnPjxwPqG+NS8xNaGrMjXP3raoob+16sTayKvGt6THyrmkqKTro6HfeKTZpOulr6lgpd2l86OhIDwvcD48L3RkPgo8L3RyPgo8dHI+Cjx0ZD48aW1nIHNyYz0naHR0cHM6Ly9pbWFnZS5yYWt1dGVuLmNvLmpwL2Vjby1saWZlLXIvY2FiaW5ldC9jcF8xMDAuanBnJz48L3RkPgo8dGQ+PGltZyBzcmM9J2h0dHBzOi8vaW1hZ2UucmFrdXRlbi5jby5qcC9lY28tbGlmZS1yL2NhYmluZXQvY3BfMzAwLmpwZycgdGFyZ2V0PSdfYmxhbmsnPjwvdGQ+Cjx0ZD48aW1nIHNyYz0naHR0cHM6Ly9pbWFnZS5yYWt1dGVuLmNvLmpwL2Vjby1saWZlLXIvY2FiaW5ldC9jcF81MDAuanBnJyB0YXJnZXQ9J19ibGFuayc+PC90ZD4KPHRkPjxpbWcgc3JjPSdodHRwczovL2ltYWdlLnJha3V0ZW4uY28uanAvZWNvLWxpZmUtci9jYWJpbmV0L2NwXzEwMDAuanBnJyB0YXJnZXQ9J19ibGFuayc+PC90ZD4KPC90cj4KPC90YWJsZT48YnI+PGJyPi0tPg==,pb+lr6Xczu/Ww6GhTXKjrqW5pcilw6Wvpd6l8yCl16XppbmloqXrpdWloaG+0ruw49DNob+hoVRQLTM3MjJbhae8e47sL4WnvHsvzt3N4oWnvHuO7C/O3c3iL4J9juwv1tDQzS+089DNL7yksLIvgf248S/Qoc7dL6WsqWClx6XLpfOlsC/NpS+kv6SvpNwvzO+4RM7v1sMvpOKkzqSqpK0vzu/Ww6StXaO6rWi+s8n6u+4=,zu/Ww4WnvHuO7KXXpeylz6XWgn2O7KWspeypYKW43IeO7KXQpaSlr6WspeypYKW419TcntyH1sOkrYj2pLSk36W5pcapYKW3peel86W0pd+Fp7yvjuylwKW5pcil3KXDpa+luaXdpbmlyKXhqWCl66XcpcOlr6W5waLLrtb5y67LqNb5kt+z/dPDvt/I66Tspbmlwalgpeul7aXDpaupYKWsqWClx6XzpdWloaXLpcGl46lgzsLK0qXXpeml86W/qWClv6WvpdzO79bDoaFNcqOupbmlyKXDpa+l3qXzIKXXpemluaWipeul1aWhob7Su7Dj0M2hv6GhVFAtMzcyMluFp7x7juwvhae8ey/O3c3ihae8e47sL87dzeIvgn2O7C/W0NDNL7Tz0M0vvKSwsi+B/bjxL9Chzt0vpaypYKXHpcul86WwL82lL6S/pK+k3C/M77hEzu/Wwy+k4qTOpKqkrS/O79bDpK1d,W8vNwc+fb8HPXaGjpb+lr6Xczu/Ww6GhTXKjrqW5pcilw6Wvpd6l8yCl16XppbmloqXrpdWloaG+0ruw49DNob+hoVRQLTM3MjJbhae8e47sL4WnvHsvzt3N4oWnvHuO7C/O3c3iL4J9juwv1tDQzS+089DNL7yksLIvgf248S/Qoc7dL6WsqWClx6XLpfOlsC/NpS+kv6SvpNwvzO+4RM7v1sMvpOKkzqSqpK0vzu/Ww6StXQ==[rn]
31-77595,aHR0cDovL3RzaG9wLnIxMHMuanAvZWNvLWxpZmUtci9jYWJpbmV0LzE3Ni9ueG4tMDhkbGdfMS5qcGc/Zml0aW49NzAwOjcwMA==,ODgyNDAuMDAwMA==,,u6g/paypYKXHpfM/RElZID4gpailr6W5pcal6qWiP6WsqWClx6XzpdWloaXLpcGl46lgID4gzu/Ww6St,paSlyqXQzu/WwyClyaWipb+lpKXX30K+QdDNIE5YTi0wOERMILv5sb6XnaOoMt9Cl52jqSC6wNGp0M0gW4WnvHuO7C+Fp7x7L87dzeKFp7x7juwvzt3N4i+CfY7sL7yksLIvgf248S/Qoc7dL6WsqWClx6XLpfOlsC/NpS+kpKTKpNAvpKSkyqTQzu/Wwy+3Ush+L6TipM6kqqStL87v1sOkrV0=,W6Wopeqlos/etqjLzcHPn2/Bz11bpKq/zZiUvU3Bol0=,PHAgc3R5bGU9J2NvbG9yOiMwMDgwMDA7Jz6hvrx7xtrEv7Cyob88YnI+PGI+ofbpdpZ8Mba8NrFoK7ijjXUsjG2zx6H6ytbF5OHhoaI1oasxMIbTmEnI1eHhpMukqr3spLE8L2I+PGJyPjxiPqH2zvfI1bG+KOlM0rChosm9wOahor6yjPmk6KTqzveCyKWopeqloimh+jehqzE0htOYScjV4eGky6SqveyksTwvYj48YnI+peGpYKWrqWDWscvNo6jHt8a3pOSO/LespM6I9rrPpOKktKS2pKSk3qS5pM6kx9PopOGktMHLs9DPwqS1pKSjqTwvcD48aW1nIHNyYz0naHR0cDovL2ltYWdlLnJha3V0ZW4uY28uanAvZWNvLWxpZmUtci9jYWJpbmV0L2ljb24vYWJvdXRoYWlzb2luYWJhMS5qcGcnIHN0eWxlPSdtYXJnaW4tYm90dG9tOjEwcHg7Jz48YnI+PGltZyBzcmM9J2h0dHA6Ly9pbWFnZS5yYWt1dGVuLmNvLmpwL2Vjby1saWZlLXIvY2FiaW5ldC9pY29uL2luYWJhMi5qcGcnIHN0eWxlPSdtYXJnaW4tYm90dG9tOjEwcHg7Jz48YnI+PGltZyBzcmM9J2h0dHA6Ly9pbWFnZS5yYWt1dGVuLmNvLmpwL2Vjby1saWZlLXIvY2FiaW5ldC9pY29uL2N5dXVpMS5qcGcnIHN0eWxlPSdtYXJnaW4tYm90dG9tOjEwcHg7Jz48YnI+PGltZyBzcmM9J2h0dHA6Ly9pbWFnZS5yYWt1dGVuLmNvLmpwL2Vjby1saWZlLXIvY2FiaW5ldC9pY29uL3R1aWthLWN5dXVpNC5qcGcnIHN0eWxlPSdtYXJnaW4tYm90dG9tOjEwcHg7Jz48YnI+PHA+PGI+ofmkqr/NmJS9TcGiyczGt6G+sdikuqSq1Wmk36SvpMCktaSkob88L2I+PGJyPr1NwaK5pMrCpbWpYKXTpbmkz9DQpMOkxqSqpOqk3qS7pPOhor1NwaKkz6Sqv82YlKTLpMakqu6KpKSkt6TepLmhozwvcD6h9rv5tUGH7T/N4tDOh+2kz6SzpMGk6Txicj6h9r1NwaLVaMP3lfikz6SzpMGk6Txicj48YnI+PGJyPjxmb250IGNvbG9yPXJlZD7PwtObpM+horv5sb6XnaTOysuYlKTHpLmho6GhPGJyIC8+u/mxvpedo6gy30KXnaOppMuhote3vNOXnaOoM5edxL/S1L21o6mk8rrOl52kx6TioaLXt7zTpLekxu2UpLGk3qS5oaOhoTxiciAvPqH517e805edpM+hojGXnaS0pMiky6OkNTA3MTWD0qOoss6/vIH9uPGjqaTHpLmhozxiciAvPqH5MZedpM6k36TO2JyJ06TPpLSktqSkpN6ku6TzoaOhoTxiciAvPqGhPGJyIC8+o6rXt7zT30KXnc+jzfukzoj2us+hoqSq0oq3ZaTq0sDubaSvpMCktaSkoaM8L2ZvbnQ+PGJyPjxiciAvPqH2zt24+bTnt6ggo7ogt/kxNzQwKDg3MCs4NzApocGwwtDQMTA5MKHBuN+ktTIwNzVtbTxiciAvPqH2zcHMqLTnt6ggo7ogt/kxNjQwKDgyMCs4MjApocGwwtDQOTUwbW2hoTxiciAvPqH5o7GXnde3vNOky6TEpK3O3bj5pMjNwcyopM63+aTPoaI4MjBtbaXXpemluaGjPGJyPqH26V+/2rTnt6ggo7ogt/k2ODWhwbjfpLUxNzYwbW2hoTxiciAvPqH2tLLD5rdlIKO6IDAuNzjGvcPXo6gwLjI0xrqjqaHB30K+Qcr9oaE8YnIgLz6h9uzpIKO6INPStfWk6tSqpM6k36GhPGJyPqH2hGWJ06Tqpaql16W3peel86TPpLOkwaTpo6il4algpaupYKW1paSlyKOpPGJyIC8+o6qktM+jzfukzoj2us+kz6Gi16LOxKXVpampYKXgpM6C5L+8mdqky9Ob3WSkzsnPpLTLzdDFz8KktaSkoaK1sbXqpMektNeizsSk8rRf1Urh4aGipaql16W3peel87T6pPK6rKThpL+B/bjxpPKkqtaqpOmku6S3pN6kuaGjPGJyPqOqhGWJ08XvsOWkyqTJpM6lqqXXpbel56XzpM+horG+zOWkyM2slXLXos7EpMekz6TKpKSI9rrPpM+EZc2+y83Bz6SssGvJ+qS3pN6kuaGjPGJyPjxCUj48QlI+PGJyIC8+PGltZyBzcmM9J2h0dHA6Ly9pbWFnZS5yYWt1dGVuLmNvLmpwL2Vjby1saWZlLXIvY2FiaW5ldC93YXJlaG91c2UvdGFuYTA4ZGwuanBnJyAvPjxiciAvPjxicj48YnI+ofmyvLv5tUG5pMrCpMukxKStpN6kt6TGpM+hojxicj61sbXqpMekzoydj+qkrKTHpK2kxqSqpOqk3qS7pPOhozxicj6kvaTOpL+k4aGiPHNwYW4gY2xhc3M9J2l0ZW1fZGFucmFrdTMnPqG4sry7+bVBuaTKwqG5pM+kqr/NmJSky6TGpKruiqSk1sKkt6TepLmhozwvc3Bhbj48YnIgLz48YnIgLz48YnIgLz48aW1nIHNyYz0naHR0cDovL2ltYWdlLnJha3V0ZW4uY28uanAvZWNvLWxpZmUtci9jYWJpbmV0L3dhcmVob3VzZS8wOGRsLWV4cC5qcGcnIC8+PGJyIC8+PGJyIC8+PGJyIC8+PGltZyBzcmM9J2h0dHA6Ly9pbWFnZS5yYWt1dGVuLmNvLmpwL2Vjby1saWZlLXIvY2FiaW5ldC93YXJlaG91c2UvZG9vci1leHAuanBnJyAvPjxpbWcgc3JjPSdodHRwOi8vaW1hZ2UucmFrdXRlbi5jby5qcC9lY28tbGlmZS1yL2NhYmluZXQvd2FyZWhvdXNlL2Rvb3ItZXhwMi5qcGcnIC8+PGJyIC8+PGltZyBzcmM9J2h0dHA6Ly9pbWFnZS5yYWt1dGVuLmNvLmpwL2Vjby1saWZlLXIvY2FiaW5ldC93YXJlaG91c2UyL3doLW9zdXN1bWUwMS5qcGcnIHRhcmdldD0nX2JsYW5rJz4KPGJyPjxicj4KPCEtLTx0YWJsZSB3aWR0aD0iODAwIiBib3JkZXI9IjAiPgo8dHI+Cjx0ZCBjb2xzcGFuPSI0IiBzdHlsZT0nY29sb3I6IzQzNDM0Mztmb250LXNpemU6MTZweDtmb250LXdlaWdodDpib2xkO3RleHQtYWxpZ246Y2VudGVyOyc+PHA+ob41LzE1oasyNc/etqihv7XqxNrIq8a3pMfKuaSopOujod94pNmk66WvqWCl3aXzo6EgPC9wPjwvdGQ+CjwvdHI+Cjx0cj4KPHRkPjxpbWcgc3JjPSdodHRwczovL2ltYWdlLnJha3V0ZW4uY28uanAvZWNvLWxpZmUtci9jYWJpbmV0L2NwXzEwMC5qcGcnPjwvdGQ+Cjx0ZD48aW1nIHNyYz0naHR0cHM6Ly9pbWFnZS5yYWt1dGVuLmNvLmpwL2Vjby1saWZlLXIvY2FiaW5ldC9jcF8zMDAuanBnJyB0YXJnZXQ9J19ibGFuayc+PC90ZD4KPHRkPjxpbWcgc3JjPSdodHRwczovL2ltYWdlLnJha3V0ZW4uY28uanAvZWNvLWxpZmUtci9jYWJpbmV0L2NwXzUwMC5qcGcnIHRhcmdldD0nX2JsYW5rJz48L3RkPgo8dGQ+PGltZyBzcmM9J2h0dHBzOi8vaW1hZ2UucmFrdXRlbi5jby5qcC9lY28tbGlmZS1yL2NhYmluZXQvY3BfMTAwMC5qcGcnIHRhcmdldD0nX2JsYW5rJz48L3RkPgo8L3RyPgo8L3RhYmxlPjxicj48YnI+LS0+,paSlyqXQzu/WwyClyaWipb+lpKXX30K+QdDNIE5YTi0wOERMILv5sb6XnaOoMt9Cl52jqSC6wNGp0M0gW4WnvHuO7C+Fp7x7L87dzeKFp7x7juwvzt3N4i+CfY7sL7yksLIvgf248S/Qoc7dL6WsqWClx6XLpfOlsC/NpS+kpKTKpNAvpKSkyqTQzu/Wwy+3Ush+L6TipM6kqqStL87v1sOkrV2juq1ovrPJ+rvu,zu/Ww4WnvHuO7KXXpeylz6XWgn2O7KWspeypYKW43IeO7KXQpaSlr6WspeypYKW419TcntyH1sOkrYj2pLSk36W5pcapYKW3peel86W0pd+Fp7yvjuylwKW5pcil3KXDpa+luaXdpbmlyKXhqWCl66XcpcOlr6W5waLLrtb5y67LqNb5kt+z/dPDvt/I66Tspbmlwalgpeul7aXDpaupYKWsqWClx6XzpdWloaXLpcGl46lgzsLK0qXXpeml86W/qWClpKXKpdDO79bDIKXJpaKlv6WkpdffQr5B0M0gTlhOLTA4REwgu/mxvpedo6gy30KXnaOpILrA0anQzSBbhae8e47sL4WnvHsvzt3N4oWnvHuO7C/O3c3iL4J9juwvvKSwsi+B/bjxL9Chzt0vpaypYKXHpcul86WwL82lL6SkpMqk0C+kpKTKpNDO79bDL7dSyH4vpOKkzqSqpK0vzu/Ww6StXQ==,W6Wopeqlos/etqjLzcHPn2/Bz11bpKq/zZiUvU3Bol2ho6Wkpcql0M7v1sMgpcmloqW/paSl199CvkHQzSBOWE4tMDhETCC7+bG+l52jqDLfQpedo6kgusDRqdDNIFuFp7x7juwvhae8ey/O3c3ihae8e47sL87dzeIvgn2O7C+8pLCyL4H9uPEv0KHO3S+lrKlgpcely6XzpbAvzaUvpKSkyqTQL6SkpMqk0M7v1sMvt1LIfi+k4qTOpKqkrS/O79bDpK1d[rn]
31-77596,aHR0cDovL3RzaG9wLnIxMHMuanAvZWNvLWxpZmUtci9jYWJpbmV0LzE0Ni9sbGN1LTE1MTVfMS5qcGc/Zml0aW49NzAwOjcwMA==,OTQ5NjAuMDAwMA==,,u6g/paypYKXHpfM/RElZID4gpailr6W5pcal6qWiP6WsqWClx6XzpdWloaXLpcGl46lgID4gzu/Ww6St,peilyaWzpaYgpeilyc7v1sMgpail66Xi30K+QdDNTExEUy0xNTE1o6jS/aStkfWlv6WkpdejqSC3ZdGp0M27+bG+l52jqDGXnbfWo6kgW4WnvHuO7C+Fp7x7L87dzeKFp7x7juwvzt3N4i+CfY7sL7yksLIvsLKkpC+B/bjxL9Chzt0vpaypYKXHpcul86WwL82lL6TopMkvpOikyc7v1sMvpOKkzqSqpK0vzu/Ww6StXQ==,W8vNwc/SqtKKt2VdIFukqr/NmJS9TcGiXQ==,PHAgc3R5bGU9J2NvbG9yOiMwMDgwMDA7Jz48Yj6hvrx7xtrEv7Cyob88L2I+PGJyPqOz30zpZ7PMtsg8YnI+tPPQzd9C0N2kqqTopNPE6sSpxOrKvKTPs/2kraTepLmhozxicj6l4algpaupYNTajuykrKTKpKSI9rrPoaLJ+q5i17SbcqTLpOik6rj8pMu8e8bapKykq6SrpOuI9rrPpKyktKS2pKSk3qS5oaPT6KThpLTBy7PQz8KktaSkoaM8L3A+PGJyPjxpbWcgc3JjPSdodHRwOi8vaW1hZ2UucmFrdXRlbi5jby5qcC9lY28tbGlmZS1yL2NhYmluZXQvaWNvbi9hYm91dGhhaXNvOS5qcGcnIHN0eWxlPSdtYXJnaW4tYm90dG9tOjEwcHg7Jz48YnI+PGltZyBzcmM9J2h0dHA6Ly9pbWFnZS5yYWt1dGVuLmNvLmpwL2Vjby1saWZlLXIvY2FiaW5ldC9pY29uL2hhaXNvMTA2LmpwZycgc3R5bGU9J21hcmdpbi1ib3R0b206MTBweDsnPjxicj48aW1nIHNyYz0naHR0cDovL2ltYWdlLnJha3V0ZW4uY28uanAvZWNvLWxpZmUtci9jYWJpbmV0L2ljb24vY3l1dWkxLmpwZycgc3R5bGU9J21hcmdpbi1ib3R0b206MTBweDsnPjxicj48aW1nIHNyYz0naHR0cDovL2ltYWdlLnJha3V0ZW4uY28uanAvZWNvLWxpZmUtci9jYWJpbmV0L2ljb24vdHVpa2EtY3l1dWk0LmpwZycgc3R5bGU9J21hcmdpbi1ib3R0b206MTBweDsnPjxicj48cD48Yj6h+aSqv82YlL1NwaLJzMa3ob6x2KS6pKrVaaTfpK+kwKS1pKShvzwvYj48YnI+vU3BormkysKltalgpdOluaTP0NCkw6TGpKqk6qTepLuk86GivU3BoqTPpKq/zZiUpMukxqSq7oqkpKS3pN6kuaGjPC9wPsrLmJSH7T+9TcGi1WjD95X4oaGkz6SzpMGk6aGhoaE+Pjxicj48YnI+PHRhYmxlIHdpZHRoPScxMDAlJyBib3JkZXI9JzAnIGNlbGxwYWRkaW5nPScwJyBjZWxsc3BhY2luZz0nMCc+PHRyPjx0ZD48dGFibGUgd2lkdGg9JzEwMCUnIGJvcmRlcj0nMCcgYWxpZ249J2NlbnRlcicgY2VsbHBhZGRpbmc9JzUnIGNlbGxzcGFjaW5nPScwJyBjbGFzcz0naXRlbV9kYW5yYWt1YmFjJz48dHIgYWxpZ249J2xlZnQnPjx0ZCB3aWR0aD0nOTknIGNsYXNzPSdpdGVtX2ZvbnQyJz7O3bj5tOe3qChtbSk8L3RkPjx0ZCB3aWR0aD0nMjc4JyBjbGFzcz0naXRlbV9mb250MSc+t/kxNTU3ocGwwtDQMTczN6HBuN+ktaOox7CjqTIxMjCjqOHho6kyMDYyLjU8L3RkPjwvdHI+PHRyIGFsaWduPSdsZWZ0Jz48dGQgY2xhc3M9J2l0ZW1fZm9udDInPs3BzKi057eoKG1tKTwvdGQ+PHRkIGNsYXNzPSdpdGVtX2ZvbnQxJz63+TE1MTChwbDC0NAxNTEyPC90ZD48L3RyPjx0ciBhbGlnbj0nbGVmdCc+PHRkIGNsYXNzPSdpdGVtX2ZvbnQyJz7T0IS/6V+/2rTnt6gobW0pPC90ZD48dGQgY2xhc3M9J2l0ZW1fZm9udDEnPrf5ODEyocG436S1MTkwMjwvdGQ+PC90cj48dHIgYWxpZ249J2xlZnQnPjx0ZCBjbGFzcz0naXRlbV9mb250Mic+09CEv87dxNq057eoKG1tKTwvdGQ+PHRkIGNsYXNzPSdpdGVtX2ZvbnQxJz63+TE0MzahwbjfpLUyMDMwKDE5MjApocGwwtDQMTM0ODwvdGQ+PC90cj48dHIgYWxpZ249J2xlZnQnPjx0ZCBjbGFzcz0naXRlbV9mb250Mic+t2XRqbrJ1tg8L3RkPjx0ZCBjbGFzcz0naXRlbV9mb250MSc+vHMzMDAwTqOoMzAwa2dmo6kvxr23vW2hobdl0amhobxzMTAwY208YnIgLz7RqaTO1tiktaTP17SbcqTLpOik6onku6+kt6TepLmho9TnpOGky9GppKqk7aS3pPKkt6TGz8KktaSkoaM8L3RkPjwvdHI+PHRyIGFsaWduPSdsZWZ0Jz48dGQgY2xhc3M9J2l0ZW1fZm9udDInPt9Cl52ky6TEpKSkxjwvdGQ+PHRkIGNsYXNzPSdpdGVtX2ZvbnQxJz4/17e805edo6gxl5231qOpoaExMDE1MDCD0jxiciAvPqOqMt9Cl53S1MnPoaK6zpedpMek4sqpuaS/ycTcpMekuaGjPGJyIC8+PHAgY2xhc3M9J2l0ZW1fZGFucmFrdTMnPqOq17e805edpLTPo837pM6I9rrPpM+hoqSq0oq3ZaTq0sDubaSvpMCktaSkoaM8L3A+PC90ZD48L3RyPjx0ciBhbGlnbj0nbGVmdCc+PHRkIGNsYXNzPSdpdGVtX2ZvbnQyJz7L2LLEPC90ZD48dGQgY2xhc3M9J2l0ZW1fZm9udDEnPqW1pdOky4+KpKSjoTxiciAvPqWipeul34GE41W6z7PJpOGkw6Sto6ilrKXrpdCl6qWmpeDkk7DlysuYlKOpPGJyIC8+ofnN4rK/pMvD5qS5pOvIq6TGpM7kk7DlpMvKudPDPC90ZD48L3RyPjx0ciBhbGlnbj0nbGVmdCc+PHRkIGNsYXNzPSdpdGVtX2ZvbnQyJz64tsr0xrc8L3RkPjx0ZCBjbGFzcz0naXRlbV9mb250MSc+P8XvsOWjssO2L5edo6hBMi4w0M2jr7f5MTQwMKHBsMLQ0DM4MG1to6/h4cPm08OjqTxiciAvPqOoxe+w5bjfpLXVe7mdpM8xMDCj7aOvo+2l1KXDpcGjqTwvdGQ+PC90cj48dHIgYWxpZ249J2xlZnQnPjx0ZCBjbGFzcz0naXRlbV9mb250Mic+hGWJ06Wqpdelt6XnpfM8L3RkPjx0ZCBjbGFzcz0naXRlbV9mb250MSc+hGWJ06Tqxe8/3I6lyKWkpbulw6XIpPKktM+jzfukzoj2us+kz6WzpcGl6aTypLTTRc/CpLWkpKGjKFBERik8YnIgLz48cCBjbGFzcz0naXRlbV9kYW5yYWt1Mic+o6qktM+jzfukzoj2us+kz6Gi16LOxKXVpampYKXgpM6C5L+8mdqky9Ob3WSkzsnPpLTLzdDFz8KktaSkoaK1sbXqpMektNeizsSk8rRf1Urh4aGipaql16W3peel87T6pPK6rKThpL+B/bjxpPKkqtaqpOmku6S3pN6kuaGjPC9wPjwvdGQ+PC90cj48L3RhYmxlPjxwIGNsYXNzPSdpdGVtX2RhbnJha3UzJz6jqrx7xtqkz6Oy30zpZ7PMtsikq6SrpOqk3qS5oaM8L3A+PHAgY2xhc3M9J2l0ZW1fZGFucmFrdTMnPqOqtbHUk8nMxrekz6Gil53K/aTkvHvGt8/Ipail6qWipMuk6KTDpMalwaXjqWClv6lgseOkx6TOxeTLzaTLpMqk64j2us+krKSipOqk3qS5oaM8YnI+pcGl46lgpb+pYLT6pMukxKStpN6kt6TGpM+hooRlzb6kqtKKt2Wk6qTypLTSwO5tpK+kwKS1pKShozwvcD48L3RkPjwvdHI+PC90YWJsZT48QlI+PGltZyBzcmM9J2h0dHA6Ly9pbWFnZS5yYWt1dGVuLmNvLmpwL2Vjby1saWZlLXIvY2FiaW5ldC93YXJlaG91c2UyL3doLW9zdXN1bWUwMS5qcGcnIHRhcmdldD0nX2JsYW5rJz4KPGJyPjxicj4KPCEtLTx0YWJsZSB3aWR0aD0iODAwIiBib3JkZXI9IjAiPgo8dHI+Cjx0ZCBjb2xzcGFuPSI0IiBzdHlsZT0nY29sb3I6IzQzNDM0Mztmb250LXNpemU6MTZweDtmb250LXdlaWdodDpib2xkO3RleHQtYWxpZ246Y2VudGVyOyc+PHA+ob41LzE1oasyNc/etqihv7XqxNrIq8a3pMfKuaSopOujod94pNmk66WvqWCl3aXzo6EgPC9wPjwvdGQ+CjwvdHI+Cjx0cj4KPHRkPjxpbWcgc3JjPSdodHRwczovL2ltYWdlLnJha3V0ZW4uY28uanAvZWNvLWxpZmUtci9jYWJpbmV0L2NwXzEwMC5qcGcnPjwvdGQ+Cjx0ZD48aW1nIHNyYz0naHR0cHM6Ly9pbWFnZS5yYWt1dGVuLmNvLmpwL2Vjby1saWZlLXIvY2FiaW5ldC9jcF8zMDAuanBnJyB0YXJnZXQ9J19ibGFuayc+PC90ZD4KPHRkPjxpbWcgc3JjPSdodHRwczovL2ltYWdlLnJha3V0ZW4uY28uanAvZWNvLWxpZmUtci9jYWJpbmV0L2NwXzUwMC5qcGcnIHRhcmdldD0nX2JsYW5rJz48L3RkPgo8dGQ+PGltZyBzcmM9J2h0dHBzOi8vaW1hZ2UucmFrdXRlbi5jby5qcC9lY28tbGlmZS1yL2NhYmluZXQvY3BfMTAwMC5qcGcnIHRhcmdldD0nX2JsYW5rJz48L3RkPgo8L3RyPgo8L3RhYmxlPjxicj48YnI+LS0+,peilyaWzpaYgpeilyc7v1sMgpail66Xi30K+QdDNTExEUy0xNTE1o6jS/aStkfWlv6WkpdejqSC3ZdGp0M27+bG+l52jqDGXnbfWo6kgW4WnvHuO7C+Fp7x7L87dzeKFp7x7juwvzt3N4i+CfY7sL7yksLIvsLKkpC+B/bjxL9Chzt0vpaypYKXHpcul86WwL82lL6TopMkvpOikyc7v1sMvpOKkzqSqpK0vzu/Ww6StXaO6rWi+s8n6u+4=,zu/Ww4WnvHuO7KXXpeylz6XWgn2O7KWspeypYKW43IeO7KXQpaSlr6WspeypYKW419TcntyH1sOkrYj2pLSk36W5pcapYKW3peel86W0pd+Fp7yvjuylwKW5pcil3KXDpa+luaXdpbmlyKXhqWCl66XcpcOlr6W5waLLrtb5y67LqNb5kt+z/dPDvt/I66Tspbmlwalgpeul7aXDpaupYKWsqWClx6XzpdWloaXLpcGl46lgzsLK0qXXpeml86W/qWCl6KXJpbOlpiCl6KXJzu/WwyClqKXrpeLfQr5B0M1MTERTLTE1MTWjqNL9pK2R9aW/paSl16OpILdl0anQzbv5sb6XnaOoMZedt9ajqSBbhae8e47sL4WnvHsvzt3N4oWnvHuO7C/O3c3iL4J9juwvvKSwsi+wsqSkL4H9uPEv0KHO3S+lrKlgpcely6XzpbAvzaUvpOikyS+k6KTJzu/Wwy+k4qTOpKqkrS/O79bDpK1d,W8vNwc/SqtKKt2VdIFukqr/NmJS9TcGiXaGjpeilyaWzpaYgpeilyc7v1sMgpail66Xi30K+QdDNTExEUy0xNTE1o6jS/aStkfWlv6WkpdejqSC3ZdGp0M27+bG+l52jqDGXnbfWo6kgW4WnvHuO7C+Fp7x7L87dzeKFp7x7juwvzt3N4i+CfY7sL7yksLIvsLKkpC+B/bjxL9Chzt0vpaypYKXHpcul86WwL82lL6TopMkvpOikyc7v1sMvpOKkzqSqpK0vzu/Ww6StXQ==[rn]
31-77597,aHR0cDovL3RzaG9wLnIxMHMuanAvZWNvLWxpZmUtci9jYWJpbmV0LzE4NS90cC1zMzcxNV8xLmpwZz9maXRpbj03MDA6NzAw,MTI0MDgwLjAwMDA=,,u6g/paypYKXHpfM/RElZID4gpailr6W5pcal6qWiP6WsqWClx6XzpdWloaXLpcGl46lgID4gzu/Ww6St,pb+lr6Xczu/Ww6GhTXKjrqW5pcilw6Wvpd6l8yCl16XppbmloqXrpdWloaG+tuDRqdDNoaGYy5zKzt24+aG/oaFUUC1TMzcxNVuFp7x7juwvhae8ey/O3c3ihae8e47sL87dzeIvgn2O7C/W0NDNL7Tz0M0vvKSwsi+B/bjxL9Chzt1d,W8vNwc+fb8HPXVvJzMa3xeTLzaTOpN9dW6Sqv82YlL1NwaJd,PHAgc3R5bGU9J2ZvbnQtc2l6ZToyOHB4O21hcmdpbi1ib3R0b206MDs+Jz48Yj6ks6TOyczGt6TPyczGt8Xky82kzqTfpMekuaGjPC9iPjwvcD48YSBocmVmPSdodHRwOi8vaXRlbS5yYWt1dGVuLmNvLmpwL2Vjby1saWZlLXIvdHAtczM3MTUta3VtaS8nIGNsYXNzPSdyb2xsb3Zlcic+PGltZyBzcmM9J2h0dHA6Ly9pbWFnZS5yYWt1dGVuLmNvLmpwL2Vjby1saWZlLXIvY2FiaW5ldC93YXJlaG91c2UyL2t1bWl0YXRlX2tpYm91LmpwZyc+PC9hPjxicj48cCBzdHlsZT0nY29sb3I6IzAwODAwMDsgZm9udC13ZWlnaHQ6Ym9sZDsnPrx7xtrEv7Cyo7o1oasxMIbTmEnI1eHhpMukqr3spLE8YnI+peGpYKWrqWDWscvNo6jHt8a3pOSO/LFQpM6I9rrPpOKktKS2pKSk3qS5pM6kx9PopOGktMHLs9DPwqS1pKSjqTwvcD48YnI+PGJyPjxpbWcgc3JjPSdodHRwOi8vaW1hZ2UucmFrdXRlbi5jby5qcC9lY28tbGlmZS1yL2NhYmluZXQvaWNvbi9hYm91dGhhaXNvMi5qcGcnIHN0eWxlPSdtYXJnaW4tYm90dG9tOjEwcHg7Jz48YnI+PGltZyBzcmM9J2h0dHA6Ly9pbWFnZS5yYWt1dGVuLmNvLmpwL2Vjby1saWZlLXIvY2FiaW5ldC9pY29uL2hhaXNvMTIyLmpwZycgc3R5bGU9J21hcmdpbi1ib3R0b206MTBweDsnPjxicj48aW1nIHNyYz0naHR0cDovL2ltYWdlLnJha3V0ZW4uY28uanAvZWNvLWxpZmUtci9jYWJpbmV0L2ljb24vY3l1dWkxLmpwZycgc3R5bGU9J21hcmdpbi1ib3R0b206MTBweDsnPjxicj48aW1nIHNyYz0naHR0cDovL2ltYWdlLnJha3V0ZW4uY28uanAvZWNvLWxpZmUtci9jYWJpbmV0L2ljb24vdHVpa2EtY3l1dWk0LmpwZycgc3R5bGU9J21hcmdpbi1ib3R0b206MTBweDsnPjxicj7Ky5iUh+0/l3mw/MP3vJo/vU3BotVow/eV+D+7+bVBh+2hoaTPpLOkwaTpoaGhoT4+PGJyPjxicj48YnI+zt24+bTnt6ijqG1to6kgo7ogt/kzNzk1ocGwwtDQMTc5NaHBuN+ktTIxMTChoaGhPGJyIC8+zcHMqLTnt6ijqG1to6kgo7ogt/kgMzcxNaHBsMLQ0CAxNTkwoaGhoTxiciAvPrSyw+a3ZSA1Ljkxxr23vW2jqLxzMS45N8a6o6kgoaE8YnIgLz7O79bDgsijusTasr+057eoo6htbaOpo7ogt/kyMTQ0ocGwwtDQMTQyMD/pX7/at/kxMjM4ocG436S1MTg1MKGhPGJyIC8+8XbdhoLIo7rE2rK/tOe3qKOobW2jqaO6ILf5MTQ0NKHBsMLQ0DE0MjA/6V+/2rf5MTM3NqHBuN+ktTE5MDCjqLv5tUHM7KOpPGJyIC8+PGJyIC8+zt24+aTOxM26ydbYIKO6IDMwMDBOL8a9t71to6gzMDBrZ2Yvxr23vW2jqTxiciAvPrSyxM26ydbYoaGjuqGhNjAwME4vxr23vW2jqDYwMGtnZi/Gvbe9baOpPGJyPsXvpM7EzbrJ1tggo7oyMDAwTi/Gvbe9baOoMjAwa2dmL8a9t71to6k8YnIgLz6jqrdl0amjurxzNjBjbaGhPGJyIC8+0amkztbYpLWkz6Gi17SbcqTLpOik6onku6+kt6TepLmho9TnpOGky9GpvbWk7aS3pPKkt6TGz8KktaSkoaM8YnIgLz4gPGJyIC8+uLbK9Ma3ID+kv6TGmL+jqDKxvqOpoaKloqXzpaupYKXXpeypYKXIuLahozxiciAvPjxiciAvPqH2hGWJ06Wqpdelt6XnpfM8YnI+uPe3TqWqpdelt6XnpfPUlLyapM+ls6XBpemjqKXhqWClq6lgpbWlpKXIo6k8YnI+o6qktM+jzfukzoj2us+kz6Gi16LOxKXVpampYKXgpM6C5L+8mdqky9Ob3WSkzsnPpLTLzdDFz8KktaSkoaO1sbXqpMektNeizsSk8rRf1Urh4aGipaql16W3peel87T6pPK6rKThpL+B/bjxpPKkqtaqpOmku6S3pN6kuaGjPGJyPjxpbWcgc3JjPSdodHRwOi8vaW1hZ2UucmFrdXRlbi5jby5qcC9lY28tbGlmZS1yL2NhYmluZXQvd2FyZWhvdXNlL3RwLTM3MTUtdC5qcGcnPjxicj48QlI+PEJSPjxpbWcgc3JjPSdodHRwOi8vaW1hZ2UucmFrdXRlbi5jby5qcC9lY28tbGlmZS1yL2NhYmluZXQvd2FyZWhvdXNlL3RwLWNvbG9yLmpwZyc+PGJyPjxpbWcgc3JjPSdodHRwOi8vaW1hZ2UucmFrdXRlbi5jby5qcC9lY28tbGlmZS1yL2NhYmluZXQvd2FyZWhvdXNlL3RwLXNldHVtZWkwMS5qcGcnPjxicj48aW1nIHNyYz0naHR0cDovL2ltYWdlLnJha3V0ZW4uY28uanAvZWNvLWxpZmUtci9jYWJpbmV0L3dhcmVob3VzZS90cC1zZXR1bWVpMDIuanBnJz48YnI+PGltZyBzcmM9J2h0dHA6Ly9pbWFnZS5yYWt1dGVuLmNvLmpwL2Vjby1saWZlLXIvY2FiaW5ldC93YXJlaG91c2UvdHAtc2V0dW1laTAzLmpwZyc+PGJyPjxpbWcgc3JjPSdodHRwOi8vaW1hZ2UucmFrdXRlbi5jby5qcC9lY28tbGlmZS1yL2NhYmluZXQvd2FyZWhvdXNlMi90YWt1Ym8tbWFpbmltZy5qcGcnIHdpZHRoPSI4MDAiIGhlaWdodD0iMjIwIiBzdHlsZT0ibWFyZ2luLWJvdHRvbToyMHB4OyIvPjxicj4KPGltZyBzcmM9J2h0dHA6Ly9pbWFnZS5yYWt1dGVuLmNvLmpwL2Vjby1saWZlLXIvY2FiaW5ldC93YXJlaG91c2UyL3Rha3Viby1wb2ludDEuanBnJyB3aWR0aD0iODAwIiBoZWlnaHQ9IjY3MCIgc3R5bGU9Im1hcmdpbi1ib3R0b206MjBweDsiLz48YnI+CjxpbWcgc3JjPSdodHRwOi8vaW1hZ2UucmFrdXRlbi5jby5qcC9lY28tbGlmZS1yL2NhYmluZXQvd2FyZWhvdXNlMi90YWt1Ym8tcG9pbnQyLmpwZycgd2lkdGg9IjgwMSIgaGVpZ2h0PSIzOTciIHN0eWxlPSJtYXJnaW4tYm90dG9tOjIwcHg7Ii8+PGJyPgqh/aH9of2h/aH9PGJyPgo8cCBzdHlsZT0nZm9udC1zaXplOjIwcHg7Zm9udC13ZWlnaHQ6Ym9sZDsnPr1NwaKk8qS0z6PN+6TOiPa6z6TP0ru2yNP50oq3ZaSq7oqkpKSkpL+kt6TepLmjvqO+PGJyPjxicj4KPGJyPjxicj4KCjwhLS08dGFibGUgd2lkdGg9IjgwMCIgYm9yZGVyPSIwIj4KPHRyPgo8dGQgY29sc3Bhbj0iNCIgc3R5bGU9J2NvbG9yOiM0MzQzNDM7Zm9udC1zaXplOjE2cHg7Zm9udC13ZWlnaHQ6Ym9sZDt0ZXh0LWFsaWduOmNlbnRlcjsnPjxwPqG+NS8xNaGrMjXP3raoob+16sTayKvGt6THyrmkqKTro6HfeKTZpOulr6lgpd2l86OhIDwvcD48L3RkPgo8L3RyPgo8dHI+Cjx0ZD48aW1nIHNyYz0naHR0cHM6Ly9pbWFnZS5yYWt1dGVuLmNvLmpwL2Vjby1saWZlLXIvY2FiaW5ldC9jcF8xMDAuanBnJz48L3RkPgo8dGQ+PGltZyBzcmM9J2h0dHBzOi8vaW1hZ2UucmFrdXRlbi5jby5qcC9lY28tbGlmZS1yL2NhYmluZXQvY3BfMzAwLmpwZycgdGFyZ2V0PSdfYmxhbmsnPjwvdGQ+Cjx0ZD48aW1nIHNyYz0naHR0cHM6Ly9pbWFnZS5yYWt1dGVuLmNvLmpwL2Vjby1saWZlLXIvY2FiaW5ldC9jcF81MDAuanBnJyB0YXJnZXQ9J19ibGFuayc+PC90ZD4KPHRkPjxpbWcgc3JjPSdodHRwczovL2ltYWdlLnJha3V0ZW4uY28uanAvZWNvLWxpZmUtci9jYWJpbmV0L2NwXzEwMDAuanBnJyB0YXJnZXQ9J19ibGFuayc+PC90ZD4KPC90cj4KPC90YWJsZT48YnI+PGJyPi0tPg==,pb+lr6Xczu/Ww6GhTXKjrqW5pcilw6Wvpd6l8yCl16XppbmloqXrpdWloaG+tuDRqdDNoaGYy5zKzt24+aG/oaFUUC1TMzcxNVuFp7x7juwvhae8ey/O3c3ihae8e47sL87dzeIvgn2O7C/W0NDNL7Tz0M0vvKSwsi+B/bjxL9Chzt1do7qtaL6zyfq77g==,zu/Ww4WnvHuO7KXXpeylz6XWgn2O7KWspeypYKW43IeO7KXQpaSlr6WspeypYKW419TcntyH1sOkrYj2pLSk36W5pcapYKW3peel86W0pd+Fp7yvjuylwKW5pcil3KXDpa+luaXdpbmlyKXhqWCl66XcpcOlr6W5waLLrtb5y67LqNb5kt+z/dPDvt/I66Tspbmlwalgpeul7aXDpaupYKWsqWClx6XzpdWloaXLpcGl46lgzsLK0qXXpeml86W/qWClv6WvpdzO79bDoaFNcqOupbmlyKXDpa+l3qXzIKXXpemluaWipeul1aWhob624NGp0M2hoZjLnMrO3bj5ob+hoVRQLVMzNzE1W4WnvHuO7C+Fp7x7L87dzeKFp7x7juwvzt3N4i+CfY7sL9bQ0M0vtPPQzS+8pLCyL4H9uPEv0KHO3V0=,W8vNwc+fb8HPXVvJzMa3xeTLzaTOpN9dW6Sqv82YlL1NwaJdoaOlv6WvpdzO79bDoaFNcqOupbmlyKXDpa+l3qXzIKXXpemluaWipeul1aWhob624NGp0M2hoZjLnMrO3bj5ob+hoVRQLVMzNzE1W4WnvHuO7C+Fp7x7L87dzeKFp7x7juwvzt3N4i+CfY7sL9bQ0M0vtPPQzS+8pLCyL4H9uPEv0KHO3V0=[rn]
31-77598,aHR0cDovL3RzaG9wLnIxMHMuanAvZWNvLWxpZmUtci9jYWJpbmV0LzE2OC95ZGVzLTEzMDUtc18xLmpwZz9maXRpbj03MDA6NzAw,MTY4MC4wMDAw,,u6g/paypYKXHpfM/RElZID4gpailr6W5pcal6qWiP6WsqWClx6XzpdWloaXLpcGl46lgID4gzu/Ww6St,peilyc7v1sOlqKW5peIgpaql16W3peel8yCEZYnTxe8gRVNFLTEzMDUtU9DNILf5NDQ3ocGwwtDQMzM3LjVtbQ==,y83Bz9Kq0oq3ZQ==,PGltZyBzcmM9J2h0dHA6Ly9pbWFnZS5yYWt1dGVuLmNvLmpwL2Vjby1saWZlLXIvY2FiaW5ldC9pY29uL2Fib3V0aGFpc28yLmpwZycgc3R5bGU9J21hcmdpbi1ib3R0b206MTBweDsnPjxicj4KPGltZyBzcmM9J2h0dHA6Ly9pbWFnZS5yYWt1dGVuLmNvLmpwL2Vjby1saWZlLXIvY2FiaW5ldC9pY29uL2hhaXNvMTA2LmpwZycgc3R5bGU9J21hcmdpbi1ib3R0b206MTBweDsnPjxicj6ltaWkpbqjurf5NDQ3ocGwwtDQMzM3LjVtbTxicj7W2MG/o7oyMKPro+c8YnI+ofmEZYnTxe+ky6TPxe/K3KSsuLakpKTGpKSk3qS5oaM8YnI+PGZvbnQgY29sb3I9J3JlZCc+ofmlqqXXpbel56XzpM7Iobi2jJ2P6qTPzu/Ww7G+zOWkzr1NwaK5pMrCpMjNrJVy16LOxKTOiPa6z6TOpN+z0KTqpN6kuaGjPGJyPqH5paql16W3peel86TOpN+k8qS0z6PN+6TOiPa6z6TPhGXNvsvNwc+krKSrpKuk6qTepLmkzqTHpKrSirdlpOqk8qS00sDubaSvpMCktaSkoaM8L2ZvbnQ+PGJyPjxicj48aW1nIHNyYz0naHR0cDovL2ltYWdlLnJha3V0ZW4uY28uanAvZWNvLWxpZmUtci9jYWJpbmV0L3dhcmVob3VzZTIvd2gtb3N1c3VtZTAxLmpwZycgdGFyZ2V0PSdfYmxhbmsnPgo8YnI+PGJyPgo8IS0tPHRhYmxlIHdpZHRoPSI4MDAiIGJvcmRlcj0iMCI+Cjx0cj4KPHRkIGNvbHNwYW49IjQiIHN0eWxlPSdjb2xvcjojNDM0MzQzO2ZvbnQtc2l6ZToxNnB4O2ZvbnQtd2VpZ2h0OmJvbGQ7dGV4dC1hbGlnbjpjZW50ZXI7Jz48cD6hvjUvMTWhqzI1z962qKG/terE2sirxrekx8q5pKik66Oh33ik2aTrpa+pYKXdpfOjoSA8L3A+PC90ZD4KPC90cj4KPHRyPgo8dGQ+PGltZyBzcmM9J2h0dHBzOi8vaW1hZ2UucmFrdXRlbi5jby5qcC9lY28tbGlmZS1yL2NhYmluZXQvY3BfMTAwLmpwZyc+PC90ZD4KPHRkPjxpbWcgc3JjPSdodHRwczovL2ltYWdlLnJha3V0ZW4uY28uanAvZWNvLWxpZmUtci9jYWJpbmV0L2NwXzMwMC5qcGcnIHRhcmdldD0nX2JsYW5rJz48L3RkPgo8dGQ+PGltZyBzcmM9J2h0dHBzOi8vaW1hZ2UucmFrdXRlbi5jby5qcC9lY28tbGlmZS1yL2NhYmluZXQvY3BfNTAwLmpwZycgdGFyZ2V0PSdfYmxhbmsnPjwvdGQ+Cjx0ZD48aW1nIHNyYz0naHR0cHM6Ly9pbWFnZS5yYWt1dGVuLmNvLmpwL2Vjby1saWZlLXIvY2FiaW5ldC9jcF8xMDAwLmpwZycgdGFyZ2V0PSdfYmxhbmsnPjwvdGQ+CjwvdHI+CjwvdGFibGU+PGJyPjxicj4tLT4=,peilyc7v1sOlqKW5peIgpaql16W3peel8yCEZYnTxe8gRVNFLTEzMDUtU9DNILf5NDQ3JnRpbWVzO7DC0NAzMzcuNW1to7qtaL6zyfq77g==,zu/Ww4WnvHuO7KXXpeylz6XWgn2O7KWspeypYKW43IeO7KXQpaSlr6WspeypYKW419TcntyH1sOkrYj2pLSk36W5pcapYKW3peel86W0pd+Fp7yvjuylwKW5pcil3KXDpa+luaXdpbmlyKXhqWCl66XcpcOlr6W5waLLrtb5y67LqNb5kt+z/dPDvt/I66Tspbmlwalgpeul7aXDpaupYKWsqWClx6XzpdWloaXLpcGl46lgzsLK0qXXpeml86W/qWCl6KXJzu/Ww6Wopbml4iClqqXXpbel56XzIIRlidPF7yBFU0UtMTMwNS1T0M0gt/k0NDcmdGltZXM7sMLQ0DMzNy41bW0=,y83Bz9Kq0oq3ZaGjpeilyc7v1sOlqKW5peIgpaql16W3peel8yCEZYnTxe8gRVNFLTEzMDUtU9DNILf5NDQ3JnRpbWVzO7DC0NAzMzcuNW1t[rn]
31-77599,aHR0cDovL3RzaG9wLnIxMHMuanAvZWNvLWxpZmUtci9jYWJpbmV0LzE3Ni9ueG4tMTNkbF8xLmpwZz9maXRpbj03MDA6NzAw,MTEyNDgwLjAwMDA=,,u6g/paypYKXHpfM/RElZID4gpailr6W5pcal6qWiP6WsqWClx6XzpdWloaXLpcGl46lgID4gzu/Ww6St,paSlyqXQzu/WwyClyaWipb+lpKXX30K+QdDNIE5YTi0xM0RMILv5sb6XnaOoMt9Cl52jqSDSu7Dj0M0/tuDRqdDNP7rA0anQzSBbhae8e47sL4WnvHsvzt3N4oWnvHuO7C/O3c3iL4J9juwvvKSwsi+B/bjxL9Chzt0vpaypYKXHpcul86WwL82lL6SkpMqk0C+kpKTKpNDO79bDL7dSyH4vpOKkzqSqpK0vzu/Ww6StXQ==,W6Wopeqlos/etqjLzcHPn2/Bz11bpKq/zZiUvU3Bol0=,PHAgc3R5bGU9J2NvbG9yOiMwMDgwMDA7Jz6hvrx7xtrEv7Cyob88YnI+PGI+ofbpdpZ8Mba8NrFoK7ijjXUsjG2zx6H6ytbF5OHhoaI1oasxMIbTmEnI1eHhpMukqr3spLE8L2I+PGJyPjxiPqH2zvfI1bG+KOlM0rChosm9wOahor6yjPmk6KTqzveCyKWopeqloimh+jehqzE0htOYScjV4eGky6SqveyksTwvYj48YnI+peGpYKWrqWDWscvNo6jHt8a3pOSO/LespM6I9rrPpOKktKS2pKSk3qS5pM6kx9PopOGktMHLs9DPwqS1pKSjqTwvcD48aW1nIHNyYz0naHR0cDovL2ltYWdlLnJha3V0ZW4uY28uanAvZWNvLWxpZmUtci9jYWJpbmV0L2ljb24vYWJvdXRoYWlzb2luYWJhMS5qcGcnIHN0eWxlPSdtYXJnaW4tYm90dG9tOjEwcHg7Jz48YnI+PGltZyBzcmM9J2h0dHA6Ly9pbWFnZS5yYWt1dGVuLmNvLmpwL2Vjby1saWZlLXIvY2FiaW5ldC9pY29uL2luYWJhMi5qcGcnIHN0eWxlPSdtYXJnaW4tYm90dG9tOjEwcHg7Jz48YnI+PGltZyBzcmM9J2h0dHA6Ly9pbWFnZS5yYWt1dGVuLmNvLmpwL2Vjby1saWZlLXIvY2FiaW5ldC9pY29uL2N5dXVpMS5qcGcnIHN0eWxlPSdtYXJnaW4tYm90dG9tOjEwcHg7Jz48YnI+PGltZyBzcmM9J2h0dHA6Ly9pbWFnZS5yYWt1dGVuLmNvLmpwL2Vjby1saWZlLXIvY2FiaW5ldC9pY29uL3R1aWthLWN5dXVpNC5qcGcnIHN0eWxlPSdtYXJnaW4tYm90dG9tOjEwcHg7Jz48YnI+PHA+PGI+ofmkqr/NmJS9TcGiyczGt6G+sdikuqSq1Wmk36SvpMCktaSkob88L2I+PGJyPr1NwaK5pMrCpbWpYKXTpbmkz9DQpMOkxqSqpOqk3qS7pPOhor1NwaKkz6Sqv82YlKTLpMakqu6KpKSkt6TepLmhozwvcD6h9rv5tUGH7T/N4tDOh+2kz6SzpMGk6Txicj6h9r1NwaLVaMP3lfikz6SzpMGk6Txicj48YnI+PGJyPjxmb250IGNvbG9yPXJlZD7PwtObpM+horv5sb6XnaTOysuYlKTHpLmho6GhPGJyIC8+u/mxvpedo6gy30KXnaOppMuhote3vNOXnaOoM5edxL/S1L21o6mk8rrOl52kx6TioaLXt7zTpLekxu2UpLGk3qS5oaOhoTxiciAvPqH517e805edpM+hojGXnaS0pMiky6OkNjM5NDWD0qOoss6/vIH9uPGjqaTHpLmhozxiciAvPqH5MZedpM6k36TO2JyJ06TPpLSktqSkpN6ku6TzoaOhoTxiciAvPqGhPGJyIC8+o6rXt7zT30KXnc+jzfukzoj2us+hoqSq0oq3ZaTq0sDubaSvpMCktaSkoaM8L2ZvbnQ+PGJyPjxiciAvPqH2zt24+bTnt6ggo7ogt/kyMDAwo6gxMDAwKzEwMDCjqaHBsMLQ0DE1MTChwbjfpLUyMDc1bW2hoTxiciAvPqH2zcHMqLTnt6ggo7ogt/kxOTAwo6g5NTArOTUwo6mhwbDC0NAxMzcwbW2hoTxiciAvPqH5o7GXnde3vNOky6TEpK3O3bj5pMjNwcyopM63+aTPoaI5NTBtbaXXpemluaGjPGJyPqH26V+/2rTnt6ggo7ogt/k2ODUgocG436S1MTc2MG1toaE8YnIgLz6h9rSyw+a3ZSCjuiAxLjMwxr3D16OoMC4zOca6o6mhwd9CvkHK/aGhPGJyIC8+ofbs6SCjuiDT0rX1pOrUqqTOpN+hoTxicj6h9oRlidOk6qWqpdelt6XnpfOkz6SzpMGk6aOopeGpYKWrqWCltaWkpcijqTxiciAvPqOqpLTPo837pM6I9rrPpM+hoteizsSl1aWpqWCl4KTOguS/vJnapMvTm91kpM7Jz6S0y83Qxc/CpLWkpKGitbG16qTHpLTXos7EpPK0X9VK4eGhoqWqpdelt6XnpfO0+qTyuqyk4aS/gf248aTypKrWqqTppLukt6TepLmhozxicj6jqoRlidPF77DlpMqkyaTOpaql16W3peel86TPoaKxvszlpMjNrJVy16LOxKTHpM+kyqSkiPa6z6TPhGXNvsvNwc+krLBryfqkt6TepLmhozxicj48QlI+PEJSPjxiciAvPjxpbWcgc3JjPSdodHRwOi8vaW1hZ2UucmFrdXRlbi5jby5qcC9lY28tbGlmZS1yL2NhYmluZXQvd2FyZWhvdXNlL3RhbmExM2RsLmpwZycgLz48YnIgLz48YnI+PGJyPqH5sry7+bVBuaTKwqTLpMSkraTepLekxqTPoaI8YnI+tbG16qTHpM6MnY/qpKykx6StpMakqqTqpN6ku6TzoaM8YnI+pL2kzqS/pOGhojxzcGFuIGNsYXNzPSdpdGVtX2RhbnJha3UzJz6huLK8u/m1QbmkysKhuaTPpKq/zZiUpMukxqSq7oqkpNbCpLek3qS5oaM8L3NwYW4+PGJyIC8+PGJyIC8+PGJyIC8+PGltZyBzcmM9J2h0dHA6Ly9pbWFnZS5yYWt1dGVuLmNvLmpwL2Vjby1saWZlLXIvY2FiaW5ldC93YXJlaG91c2UvMTNkbC1leHAuanBnJyAvPjxiciAvPjxiciAvPjxiciAvPjxpbWcgc3JjPSdodHRwOi8vaW1hZ2UucmFrdXRlbi5jby5qcC9lY28tbGlmZS1yL2NhYmluZXQvd2FyZWhvdXNlL2Rvb3ItZXhwLmpwZycgLz48aW1nIHNyYz0naHR0cDovL2ltYWdlLnJha3V0ZW4uY28uanAvZWNvLWxpZmUtci9jYWJpbmV0L3dhcmVob3VzZS9kb29yLWV4cDIuanBnJyAvPjxiciAvPjxpbWcgc3JjPSdodHRwOi8vaW1hZ2UucmFrdXRlbi5jby5qcC9lY28tbGlmZS1yL2NhYmluZXQvd2FyZWhvdXNlMi93aC1vc3VzdW1lMDEuanBnJyB0YXJnZXQ9J19ibGFuayc+Cjxicj48YnI+CjwhLS08dGFibGUgd2lkdGg9IjgwMCIgYm9yZGVyPSIwIj4KPHRyPgo8dGQgY29sc3Bhbj0iNCIgc3R5bGU9J2NvbG9yOiM0MzQzNDM7Zm9udC1zaXplOjE2cHg7Zm9udC13ZWlnaHQ6Ym9sZDt0ZXh0LWFsaWduOmNlbnRlcjsnPjxwPqG+NS8xNaGrMjXP3raoob+16sTayKvGt6THyrmkqKTro6HfeKTZpOulr6lgpd2l86OhIDwvcD48L3RkPgo8L3RyPgo8dHI+Cjx0ZD48aW1nIHNyYz0naHR0cHM6Ly9pbWFnZS5yYWt1dGVuLmNvLmpwL2Vjby1saWZlLXIvY2FiaW5ldC9jcF8xMDAuanBnJz48L3RkPgo8dGQ+PGltZyBzcmM9J2h0dHBzOi8vaW1hZ2UucmFrdXRlbi5jby5qcC9lY28tbGlmZS1yL2NhYmluZXQvY3BfMzAwLmpwZycgdGFyZ2V0PSdfYmxhbmsnPjwvdGQ+Cjx0ZD48aW1nIHNyYz0naHR0cHM6Ly9pbWFnZS5yYWt1dGVuLmNvLmpwL2Vjby1saWZlLXIvY2FiaW5ldC9jcF81MDAuanBnJyB0YXJnZXQ9J19ibGFuayc+PC90ZD4KPHRkPjxpbWcgc3JjPSdodHRwczovL2ltYWdlLnJha3V0ZW4uY28uanAvZWNvLWxpZmUtci9jYWJpbmV0L2NwXzEwMDAuanBnJyB0YXJnZXQ9J19ibGFuayc+PC90ZD4KPC90cj4KPC90YWJsZT48YnI+PGJyPi0tPg==,paSlyqXQzu/WwyClyaWipb+lpKXX30K+QdDNIE5YTi0xM0RMILv5sb6XnaOoMt9Cl52jqSDSu7Dj0M0/tuDRqdDNP7rA0anQzSBbhae8e47sL4WnvHsvzt3N4oWnvHuO7C/O3c3iL4J9juwvvKSwsi+B/bjxL9Chzt0vpaypYKXHpcul86WwL82lL6SkpMqk0C+kpKTKpNDO79bDL7dSyH4vpOKkzqSqpK0vzu/Ww6StXaO6rWi+s8n6u+4=,zu/Ww4WnvHuO7KXXpeylz6XWgn2O7KWspeypYKW43IeO7KXQpaSlr6WspeypYKW419TcntyH1sOkrYj2pLSk36W5pcapYKW3peel86W0pd+Fp7yvjuylwKW5pcil3KXDpa+luaXdpbmlyKXhqWCl66XcpcOlr6W5waLLrtb5y67LqNb5kt+z/dPDvt/I66Tspbmlwalgpeul7aXDpaupYKWsqWClx6XzpdWloaXLpcGl46lgzsLK0qXXpeml86W/qWClpKXKpdDO79bDIKXJpaKlv6WkpdffQr5B0M0gTlhOLTEzREwgu/mxvpedo6gy30KXnaOpINK7sOPQzT+24NGp0M0/usDRqdDNIFuFp7x7juwvhae8ey/O3c3ihae8e47sL87dzeIvgn2O7C+8pLCyL4H9uPEv0KHO3S+lrKlgpcely6XzpbAvzaUvpKSkyqTQL6SkpMqk0M7v1sMvt1LIfi+k4qTOpKqkrS/O79bDpK1d,W6Wopeqlos/etqjLzcHPn2/Bz11bpKq/zZiUvU3Bol2ho6Wkpcql0M7v1sMgpcmloqW/paSl199CvkHQzSBOWE4tMTNETCC7+bG+l52jqDLfQpedo6kg0ruw49DNP7bg0anQzT+6wNGp0M0gW4WnvHuO7C+Fp7x7L87dzeKFp7x7juwvzt3N4i+CfY7sL7yksLIvgf248S/Qoc7dL6WsqWClx6XLpfOlsC/NpS+kpKTKpNAvpKSkyqTQzu/Wwy+3Ush+L6TipM6kqqStL87v1sOkrV0=[rn]
31-77600,aHR0cDovL3RzaG9wLnIxMHMuanAvZWNvLWxpZmUtci9jYWJpbmV0LzIzMS90YWt1Ym8ta2V5LTA5XzEuanBnP2ZpdGluPTcwMDo3MDA=,MzYwMC4wMDAw,,u6g/paypYKXHpfM/RElZID4gpailr6W5pcal6qWiP6WsqWClx6XzpdWloaXLpcGl46lgID4gzu/Ww6St,pb+lr6Xczu/WwyBNci6lyKlgpeul3qXzpcCl86XHpaPTw+ZJpbulw6XIo6iluaXapaKlralgMrG+K+VWx7Clu6XDpcijqQ==,,PHAgc3R5bGU9J2NvbG9yOiMwMDgwMDA7IGZvbnQtd2VpZ2h0OmJvbGQ7Jz68e8baxL+wsqO6Md9M6WezzLbIoaM8YnI+CqXhqWClq6lg1rHLzaOox7fGt6TkjvyxUKTOiPa6z6TipLSktqSkpN6kuaTOpMfT6KThpLTBy7PQz8KktaSko6k8L3A+PGJyPjxwIHN0eWxlPSdjb2xvcjpyZWQnPqG+pLTXotLiysLtl6G/PGJyPrfAt7jJz6GitbG16qTHyczGt6TypLTZj8jrpKSkv6TApKSkv6Sqv82YlKTLz96k6aS7pMakpKS/pMCkraTepLmhozxicj6ktNeizsSkpKS/pMCkpKS/xNrI3aSs317IpaTOpLTXos7EpMjSu9bCpLekyqSkiPa6z6TPoaKktNeizsSk8qWtpeOl86W7peuktaS7pMakpKS/pMCkr4j2us+krKS0pLakpKTepLmkzqTHoaLT6KThpLTBy7PQpK+kwKS1pKShozwvcD48YnI+ofaktNeizsSl1aWpqWCl4KTOguS/vJnapNjPwtObysLtl6TypLTI68GmpK+kwKS1pKShozxicj4oMSnO79bDsb7M5aTOyczGt7esusU8YnI+KDIppLTZj8jrlXKkzsrc16K3rLrFo6ik4qS3pK+kz9eizsSVcqTOpLTXos7E1veYlKTOpdWl66XNqWCl4CCdaNfWse3Tm6OpPGJyPjxicj48cCBzdHlsZT0nY29sb3I6cmVkJz6h+eBdy82hoqTipLekr6TPpeGpYKXrsePF5MvNpMikyqTqpN6kuaGjPGJyPqH5yv3Bv6SstuCkpIj2us+kz8vNwc+kqtKKt2Wkr6TApLWkpKGjPC9wPjxicj48YnI+PGJyPjxpbWcgc3JjPSdodHRwOi8vaW1hZ2UucmFrdXRlbi5jby5qcC9lY28tbGlmZS1yL2NhYmluZXQvd2FyZWhvdXNlMi90YWt1Ym8tbWFpbmltZy5qcGcnIHdpZHRoPSI4MDAiIGhlaWdodD0iMjIwIiBzdHlsZT0ibWFyZ2luLWJvdHRvbToyMHB4OyIvPjxicj4KPGltZyBzcmM9J2h0dHA6Ly9pbWFnZS5yYWt1dGVuLmNvLmpwL2Vjby1saWZlLXIvY2FiaW5ldC93YXJlaG91c2UyL3Rha3Viby1wb2ludDEuanBnJyB3aWR0aD0iODAwIiBoZWlnaHQ9IjY3MCIgc3R5bGU9Im1hcmdpbi1ib3R0b206MjBweDsiLz48YnI+CjxpbWcgc3JjPSdodHRwOi8vaW1hZ2UucmFrdXRlbi5jby5qcC9lY28tbGlmZS1yL2NhYmluZXQvd2FyZWhvdXNlMi90YWt1Ym8tcG9pbnQyLmpwZycgd2lkdGg9IjgwMSIgaGVpZ2h0PSIzOTciIHN0eWxlPSJtYXJnaW4tYm90dG9tOjIwcHg7Ii8+PGJyPgqh/aH9of2h/aH9PGJyPgo8cCBzdHlsZT0nZm9udC1zaXplOjIwcHg7Zm9udC13ZWlnaHQ6Ym9sZDsnPr1NwaKk8qS0z6PN+6TOiPa6z6TP0ru2yNP50oq3ZaSq7oqkpKSkpL+kt6TepLmjvqO+PGJyPjxicj4KPGJyPjxicj4KCjwhLS08dGFibGUgd2lkdGg9IjgwMCIgYm9yZGVyPSIwIj4KPHRyPgo8dGQgY29sc3Bhbj0iNCIgc3R5bGU9J2NvbG9yOiM0MzQzNDM7Zm9udC1zaXplOjE2cHg7Zm9udC13ZWlnaHQ6Ym9sZDt0ZXh0LWFsaWduOmNlbnRlcjsnPjxwPqG+NS8xNaGrMjXP3raoob+16sTayKvGt6THyrmkqKTro6HfeKTZpOulr6lgpd2l86OhIDwvcD48L3RkPgo8L3RyPgo8dHI+Cjx0ZD48aW1nIHNyYz0naHR0cHM6Ly9pbWFnZS5yYWt1dGVuLmNvLmpwL2Vjby1saWZlLXIvY2FiaW5ldC9jcF8xMDAuanBnJz48L3RkPgo8dGQ+PGltZyBzcmM9J2h0dHBzOi8vaW1hZ2UucmFrdXRlbi5jby5qcC9lY28tbGlmZS1yL2NhYmluZXQvY3BfMzAwLmpwZycgdGFyZ2V0PSdfYmxhbmsnPjwvdGQ+Cjx0ZD48aW1nIHNyYz0naHR0cHM6Ly9pbWFnZS5yYWt1dGVuLmNvLmpwL2Vjby1saWZlLXIvY2FiaW5ldC9jcF81MDAuanBnJyB0YXJnZXQ9J19ibGFuayc+PC90ZD4KPHRkPjxpbWcgc3JjPSdodHRwczovL2ltYWdlLnJha3V0ZW4uY28uanAvZWNvLWxpZmUtci9jYWJpbmV0L2NwXzEwMDAuanBnJyB0YXJnZXQ9J19ibGFuayc+PC90ZD4KPC90cj4KPC90YWJsZT48YnI+PGJyPi0tPg==,pb+lr6Xczu/WwyBNci6lyKlgpeul3qXzpcCl86XHpaPTw+ZJpbulw6XIo6iluaXapaKlralgMrG+K+VWx7Clu6XDpcijqaO6rWi+s8n6u+4=,zu/Ww4WnvHuO7KXXpeylz6XWgn2O7KWspeypYKW43IeO7KXQpaSlr6WspeypYKW419TcntyH1sOkrYj2pLSk36W5pcapYKW3peel86W0pd+Fp7yvjuylwKW5pcil3KXDpa+luaXdpbmlyKXhqWCl66XcpcOlr6W5waLLrtb5y67LqNb5kt+z/dPDvt/I66Tspbmlwalgpeul7aXDpaupYKWsqWClx6XzpdWloaXLpcGl46lgzsLK0qXXpeml86W/qWClv6WvpdzO79bDIE1yLqXIqWCl66XepfOlwKXzpcelo9PD5kmlu6XDpcijqKW5pdqloqWtqWAysb4r5VbHsKW7pcOlyKOp,pb+lr6Xczu/WwyBNci6lyKlgpeul3qXzpcCl86XHpaPTw+ZJpbulw6XIo6iluaXapaKlralgMrG+K+VWx7Clu6XDpcijqQ==[rn]
31-77601,aHR0cDovL3RzaG9wLnIxMHMuanAvZWNvLWxpZmUtci9jYWJpbmV0LzIxMy9icC0zMDI2XzEuanBnP2ZpdGluPTcwMDo3MDA=,MTc2ODgwLjAwMDA=,,u6g/paypYKXHpfM/RElZID4gpailr6W5pcal6qWiP6WsqWClx6XzpdWloaXLpcGl46lgID4gzu/Ww6St,pb+lr6Xczu/Ww6Gho82j8i6lt6XjpcOlv6lgpd6l86Ghpdel6aW5paKl66XVpaGhoUJQLTMwMjahodK7sOPQzT+Yy5zKzt24+VuFp7x7juwvhae8ey/O3c3ihae8e47sL87dzeIvgn2O7C/W0NDNL7Tz0M0vpbel46XDpb+pYLi2L7yksLIvgf248S/Qoc7dL6WsqWClx6XLpfOlsC/NpS+kv6SvpNwvzO+4RM7v1sMvpOKkzqSqpK0vzu/Ww6StXQ==,W8vNwc+fb8HPXVukqr/NmJS9TcGiXQ==,PHAgc3R5bGU9J2NvbG9yOiMwMDgwMDA7IGZvbnQtd2VpZ2h0OmJvbGQ7Jz68e8baxL+wsqO6NaGrMTCG05hJyNXh4aTLpKq97KSxPGJyPqXhqWClq6lg1rHLzaOox7fGt6TkjvyxUKTOiPa6z6TipLSktqSkpN6kuaTOpMfT6KThpLTBy7PQz8KktaSko6k8L3A+PGJyPjxpbWcgc3JjPSdodHRwOi8vaW1hZ2UucmFrdXRlbi5jby5qcC9lY28tbGlmZS1yL2NhYmluZXQvaWNvbi9hYm91dGhhaXNvMi5qcGcnIHN0eWxlPSdtYXJnaW4tYm90dG9tOjEwcHg7Jz48YnI+PGltZyBzcmM9J2h0dHA6Ly9pbWFnZS5yYWt1dGVuLmNvLmpwL2Vjby1saWZlLXIvY2FiaW5ldC9pY29uL2hhaXNvMTIyLmpwZycgc3R5bGU9J21hcmdpbi1ib3R0b206MTBweDsnPjxicj48aW1nIHNyYz0naHR0cDovL2ltYWdlLnJha3V0ZW4uY28uanAvZWNvLWxpZmUtci9jYWJpbmV0L2ljb24vY3l1dWkxLmpwZycgc3R5bGU9J21hcmdpbi1ib3R0b206MTBweDsnPjxicj48aW1nIHNyYz0naHR0cDovL2ltYWdlLnJha3V0ZW4uY28uanAvZWNvLWxpZmUtci9jYWJpbmV0L2ljb24vdHVpa2EtY3l1dWk0LmpwZycgc3R5bGU9J21hcmdpbi1ib3R0b206MTBweDsnPjxicj48cD48Yj6h+aSqv82YlL1NwaLJzMa3ob6x2KS6pKrVaaTfpK+kwKS1pKShvzwvYj48YnI+vU3BormkysKltalgpdOluaTP0NCkw6TGpKqk6qTepLuk86GivU3BoqTPpKq/zZiUpMukxqSq7oqkpKS3pN6kuaGjPC9wPsrLmJSH7T+XebD8w/e8mj+9TcGi1WjD95X4P7v5tUGH7aGhpM+ks6TBpOmhoaGhPj48YnI+PGJyPs7duPm057eoo7q3+TMwOTWhwbDC0NAyODI3ocG436S1MjExMG1tPGJyPs3BzKi057eoo7q3+TMwMTWhwbDC0NAyNjIybW08YnI+xNqyv7Tnt6ijqM7v1sOyv6Opo7q3+TE0NDShwbDC0NAyNDUybW08YnI+xNqyv7Tnt6ijqOlft8Wyv6Opo7q3+TE0NDShwbDC0NAyNDUybW08YnI+6V+/2rK/o6jO79bDsr+jqaO6t/kxMjg2ocG43zE2NzChqzE4NzBtbTxicj7pX7/asr+jqOlft8Wyv6Opo7q3+TEzMDihwbjfMTc3MG1to6i7+bVBzOyjqTxicj6jqulfv9q436S1pM+7+bVBpM6436S1pMuk6KTqrpCkyqTqpN6kuaGjPGJyPjxicj60ssPmt2WjujcuOTHGvbe9baOovHMyLjTGuqOpPGJyPs7duPnEzbrJ1tijujEyMDBOL8a9w9ejqDEyMGtnZi/GvcPXo6k8YnI+PGJyPri2yvTGt6O6pL+kxpi/MrG+oaKloqXzpaupYKXcpeulyLi2pK08YnI+PGJyPqH2hGWJ06Wqpdelt6XnpfM8YnI+PGltZyBzcmM9J2h0dHA6Ly9pbWFnZS5yYWt1dGVuLmNvLmpwL2Vjby1saWZlLXIvY2FiaW5ldC93YXJlaG91c2UvYnAtMzAyNi1wYW5lcnUuanBnJz48aW1nIHNyYz0naHR0cDovL2ltYWdlLnJha3V0ZW4uY28uanAvZWNvLWxpZmUtci9jYWJpbmV0L3dhcmVob3VzZS9icC0zMDI2LXRhbmEuanBnJz48YnI+uPe3TqWqpdelt6XnpfPUlLyapM+ls6XBpemjqKXhqWClq6lgpbWlpKXIo6k8YnI+o6qktM+jzfukzoj2us+kz6Gi16LOxKXVpampYKXgpM6C5L+8mdqky9Ob3WSkzsnPpLTLzdDFz8KktaSkoaO1sbXqpMektNeizsSk8rRf1Urh4aGipaql16W3peel87T6pPK6rKThpL+B/bjxpPKkqtaqpOmku6S3pN6kuaGjPGJyPqOqyqm5pKTIpaql16W3peel84FJt72k8qS0z6PN+6TOiPa6z6TPpKrSirdlpOrPwqS1pKShozxCUj48QlI+PGJyPjxicj48aW1nIHNyYz0naHR0cDovL2ltYWdlLnJha3V0ZW4uY28uanAvZWNvLWxpZmUtci9jYWJpbmV0L3dhcmVob3VzZS9icC1zZXR1bWVpLmpwZyc+PGltZyBzcmM9J2h0dHA6Ly9pbWFnZS5yYWt1dGVuLmNvLmpwL2Vjby1saWZlLXIvY2FiaW5ldC93YXJlaG91c2UyL3Rha3Viby1tYWluaW1nLmpwZycgd2lkdGg9IjgwMCIgaGVpZ2h0PSIyMjAiIHN0eWxlPSJtYXJnaW4tYm90dG9tOjIwcHg7Ii8+PGJyPgo8aW1nIHNyYz0naHR0cDovL2ltYWdlLnJha3V0ZW4uY28uanAvZWNvLWxpZmUtci9jYWJpbmV0L3dhcmVob3VzZTIvdGFrdWJvLXBvaW50MS5qcGcnIHdpZHRoPSI4MDAiIGhlaWdodD0iNjcwIiBzdHlsZT0ibWFyZ2luLWJvdHRvbToyMHB4OyIvPjxicj4KPGltZyBzcmM9J2h0dHA6Ly9pbWFnZS5yYWt1dGVuLmNvLmpwL2Vjby1saWZlLXIvY2FiaW5ldC93YXJlaG91c2UyL3Rha3Viby1wb2ludDIuanBnJyB3aWR0aD0iODAxIiBoZWlnaHQ9IjM5NyIgc3R5bGU9Im1hcmdpbi1ib3R0b206MjBweDsiLz48YnI+CqH9of2h/aH9of08YnI+CjxwIHN0eWxlPSdmb250LXNpemU6MjBweDtmb250LXdlaWdodDpib2xkOyc+vU3BoqTypLTPo837pM6I9rrPpM/Su7bI0/nSirdlpKruiqSkpKSkv6S3pN6kuaO+o748YnI+PGJyPgo8YnI+PGJyPgoKPCEtLTx0YWJsZSB3aWR0aD0iODAwIiBib3JkZXI9IjAiPgo8dHI+Cjx0ZCBjb2xzcGFuPSI0IiBzdHlsZT0nY29sb3I6IzQzNDM0Mztmb250LXNpemU6MTZweDtmb250LXdlaWdodDpib2xkO3RleHQtYWxpZ246Y2VudGVyOyc+PHA+ob41LzE1oasyNc/etqihv7XqxNrIq8a3pMfKuaSopOujod94pNmk66WvqWCl3aXzo6EgPC9wPjwvdGQ+CjwvdHI+Cjx0cj4KPHRkPjxpbWcgc3JjPSdodHRwczovL2ltYWdlLnJha3V0ZW4uY28uanAvZWNvLWxpZmUtci9jYWJpbmV0L2NwXzEwMC5qcGcnPjwvdGQ+Cjx0ZD48aW1nIHNyYz0naHR0cHM6Ly9pbWFnZS5yYWt1dGVuLmNvLmpwL2Vjby1saWZlLXIvY2FiaW5ldC9jcF8zMDAuanBnJyB0YXJnZXQ9J19ibGFuayc+PC90ZD4KPHRkPjxpbWcgc3JjPSdodHRwczovL2ltYWdlLnJha3V0ZW4uY28uanAvZWNvLWxpZmUtci9jYWJpbmV0L2NwXzUwMC5qcGcnIHRhcmdldD0nX2JsYW5rJz48L3RkPgo8dGQ+PGltZyBzcmM9J2h0dHBzOi8vaW1hZ2UucmFrdXRlbi5jby5qcC9lY28tbGlmZS1yL2NhYmluZXQvY3BfMTAwMC5qcGcnIHRhcmdldD0nX2JsYW5rJz48L3RkPgo8L3RyPgo8L3RhYmxlPjxicj48YnI+LS0+,pb+lr6Xczu/Ww6Gho82j8i6lt6XjpcOlv6lgpd6l86Ghpdel6aW5paKl66XVpaGhoUJQLTMwMjahodK7sOPQzT+Yy5zKzt24+VuFp7x7juwvhae8ey/O3c3ihae8e47sL87dzeIvgn2O7C/W0NDNL7Tz0M0vpbel46XDpb+pYLi2L7yksLIvgf248S/Qoc7dL6WsqWClx6XLpfOlsC/NpS+kv6SvpNwvzO+4RM7v1sMvpOKkzqSqpK0vzu/Ww6StXaO6rWi+s8n6u+4=,zu/Ww4WnvHuO7KXXpeylz6XWgn2O7KWspeypYKW43IeO7KXQpaSlr6WspeypYKW419TcntyH1sOkrYj2pLSk36W5pcapYKW3peel86W0pd+Fp7yvjuylwKW5pcil3KXDpa+luaXdpbmlyKXhqWCl66XcpcOlr6W5waLLrtb5y67LqNb5kt+z/dPDvt/I66Tspbmlwalgpeul7aXDpaupYKWsqWClx6XzpdWloaXLpcGl46lgzsLK0qXXpeml86W/qWClv6WvpdzO79bDoaGjzaPyLqW3peOlw6W/qWCl3qXzoaGl16XppbmloqXrpdWloaGhQlAtMzAyNqGh0ruw49DNP5jLnMrO3bj5W4WnvHuO7C+Fp7x7L87dzeKFp7x7juwvzt3N4i+CfY7sL9bQ0M0vtPPQzS+lt6XjpcOlv6lguLYvvKSwsi+B/bjxL9Chzt0vpaypYKXHpcul86WwL82lL6S/pK+k3C/M77hEzu/Wwy+k4qTOpKqkrS/O79bDpK1d,W8vNwc+fb8HPXVukqr/NmJS9TcGiXaGjpb+lr6Xczu/Ww6Gho82j8i6lt6XjpcOlv6lgpd6l86Ghpdel6aW5paKl66XVpaGhoUJQLTMwMjahodK7sOPQzT+Yy5zKzt24+VuFp7x7juwvhae8ey/O3c3ihae8e47sL87dzeIvgn2O7C/W0NDNL7Tz0M0vpbel46XDpb+pYLi2L7yksLIvgf248S/Qoc7dL6WsqWClx6XLpfOlsC/NpS+kv6SvpNwvzO+4RM7v1sMvpOKkzqSqpK0vzu/Ww6StXQ==[rn]
31-77602,aHR0cDovL3RzaG9wLnIxMHMuanAvZWNvLWxpZmUtci9jYWJpbmV0LzE2OC95ZGVzLTEzMDctbF8xLmpwZz9maXRpbj03MDA6NzAw,MjAwMC4wMDAw,,u6g/paypYKXHpfM/RElZID4gpailr6W5pcal6qWiP6WsqWClx6XzpdWloaXLpcGl46lgID4gzu/Ww6St,peilyc7v1sOlqKW5peIgpaql16W3peel8yCEZYnTxe8gRVNFLTEzMDctTNDNILf5ODk1ocGwwtDQMjc3LjVtbQ==,y83Bz9Kq0oq3ZQ==,PGltZyBzcmM9J2h0dHA6Ly9pbWFnZS5yYWt1dGVuLmNvLmpwL2Vjby1saWZlLXIvY2FiaW5ldC9pY29uL2Fib3V0aGFpc28yLmpwZycgc3R5bGU9J21hcmdpbi1ib3R0b206MTBweDsnPjxicj4KPGltZyBzcmM9J2h0dHA6Ly9pbWFnZS5yYWt1dGVuLmNvLmpwL2Vjby1saWZlLXIvY2FiaW5ldC9pY29uL2hhaXNvMTA2LmpwZycgc3R5bGU9J21hcmdpbi1ib3R0b206MTBweDsnPjxicj6ltaWkpbqjurf5ODk1ocGwwtDQMjc3LjVtbTxicj7W2MG/o7ozNaPro+c8YnI+ofmEZYnTxe+ky6TPxe/K3KSsuLakpKTGpKSk3qS5oaM8YnI+PGZvbnQgY29sb3I9J3JlZCc+ofmlqqXXpbel56XzpM7Iobi2jJ2P6qTPzu/Ww7G+zOWkzr1NwaK5pMrCpMjNrJVy16LOxKTOiPa6z6TOpN+z0KTqpN6kuaGjPGJyPqH5paql16W3peel86TOpN+k8qS0z6PN+6TOiPa6z6TPhGXNvsvNwc+krKSrpKuk6qTepLmkzqTHpKrSirdlpOqk8qS00sDubaSvpMCktaSkoaM8L2ZvbnQ+PGJyPjxicj48aW1nIHNyYz0naHR0cDovL2ltYWdlLnJha3V0ZW4uY28uanAvZWNvLWxpZmUtci9jYWJpbmV0L3dhcmVob3VzZTIvd2gtb3N1c3VtZTAxLmpwZycgdGFyZ2V0PSdfYmxhbmsnPgo8YnI+PGJyPgo8IS0tPHRhYmxlIHdpZHRoPSI4MDAiIGJvcmRlcj0iMCI+Cjx0cj4KPHRkIGNvbHNwYW49IjQiIHN0eWxlPSdjb2xvcjojNDM0MzQzO2ZvbnQtc2l6ZToxNnB4O2ZvbnQtd2VpZ2h0OmJvbGQ7dGV4dC1hbGlnbjpjZW50ZXI7Jz48cD6hvjUvMTWhqzI1z962qKG/terE2sirxrekx8q5pKik66Oh33ik2aTrpa+pYKXdpfOjoSA8L3A+PC90ZD4KPC90cj4KPHRyPgo8dGQ+PGltZyBzcmM9J2h0dHBzOi8vaW1hZ2UucmFrdXRlbi5jby5qcC9lY28tbGlmZS1yL2NhYmluZXQvY3BfMTAwLmpwZyc+PC90ZD4KPHRkPjxpbWcgc3JjPSdodHRwczovL2ltYWdlLnJha3V0ZW4uY28uanAvZWNvLWxpZmUtci9jYWJpbmV0L2NwXzMwMC5qcGcnIHRhcmdldD0nX2JsYW5rJz48L3RkPgo8dGQ+PGltZyBzcmM9J2h0dHBzOi8vaW1hZ2UucmFrdXRlbi5jby5qcC9lY28tbGlmZS1yL2NhYmluZXQvY3BfNTAwLmpwZycgdGFyZ2V0PSdfYmxhbmsnPjwvdGQ+Cjx0ZD48aW1nIHNyYz0naHR0cHM6Ly9pbWFnZS5yYWt1dGVuLmNvLmpwL2Vjby1saWZlLXIvY2FiaW5ldC9jcF8xMDAwLmpwZycgdGFyZ2V0PSdfYmxhbmsnPjwvdGQ+CjwvdHI+CjwvdGFibGU+PGJyPjxicj4tLT4=,peilyc7v1sOlqKW5peIgpaql16W3peel8yCEZYnTxe8gRVNFLTEzMDctTNDNILf5ODk1JnRpbWVzO7DC0NAyNzcuNW1to7qtaL6zyfq77g==,zu/Ww4WnvHuO7KXXpeylz6XWgn2O7KWspeypYKW43IeO7KXQpaSlr6WspeypYKW419TcntyH1sOkrYj2pLSk36W5pcapYKW3peel86W0pd+Fp7yvjuylwKW5pcil3KXDpa+luaXdpbmlyKXhqWCl66XcpcOlr6W5waLLrtb5y67LqNb5kt+z/dPDvt/I66Tspbmlwalgpeul7aXDpaupYKWsqWClx6XzpdWloaXLpcGl46lgzsLK0qXXpeml86W/qWCl6KXJzu/Ww6Wopbml4iClqqXXpbel56XzIIRlidPF7yBFU0UtMTMwNy1M0M0gt/k4OTUmdGltZXM7sMLQ0DI3Ny41bW0=,y83Bz9Kq0oq3ZaGjpeilyc7v1sOlqKW5peIgpaql16W3peel8yCEZYnTxe8gRVNFLTEzMDctTNDNILf5ODk1JnRpbWVzO7DC0NAyNzcuNW1t[rn]
31-77603,aHR0cDovL3RzaG9wLnIxMHMuanAvZWNvLWxpZmUtci9jYWJpbmV0LzE3Ny9meG4tMTA1aHlsXzEuanBnP2ZpdGluPTcwMDo3MDA=,MjUwMjQwLjAwMDA=,,u6g/paypYKXHpfM/RElZID4gpailr6W5pcal6qWiP6WsqWClx6XzpdWloaXLpcGl46lgID4gzu/Ww6St,paSlyqXQzu/WwyClt6XjpcOlv6lgpb+lpKXX30K+QdDNIEZYTi0xMDVIWUwgu/mxvpedo6gxl53Ev6OpILSyuLalv6Wkpdcg0ruw49DNIFuFp7x7juwvhae8ey/O3c3ihae8e47sL87dzeIvgn2O7C+8pLCyL4H9uPEv0KHO3S+lrKlgpcely6XzpbAvzaUvpKSkyqTQL6SkpMqk0M7v1sMvt1LIfi+k4qTOpKqkrS/O79bDpK1d,W6Wopeqlos/etqjLzcHPn2/Bz11bpKq/zZiUvU3Bol0=,PHAgc3R5bGU9J2NvbG9yOiMwMDgwMDA7Jz6hvrx7xtrEv7Cyob88YnI+PGI+ofbpdpZ8Mba8NrFoK7ijjXUsjG2zx6H6ytbF5OHhoaI1oasxMIbTmEnI1eHhpMukqr3spLE8L2I+PGJyPjxiPqH2zvfI1bG+KOlM0rChosm9wOahor6yjPmk6KTqzveCyKWopeqloimh+jehqzE0htOYScjV4eGky6SqveyksTwvYj48YnI+peGpYKWrqWDWscvNo6jHt8a3pOSO/LespM6I9rrPpOKktKS2pKSk3qS5pM6kx9PopOGktMHLs9DPwqS1pKSjqTwvcD48aW1nIHNyYz0naHR0cDovL2ltYWdlLnJha3V0ZW4uY28uanAvZWNvLWxpZmUtci9jYWJpbmV0L2ljb24vYWJvdXRoYWlzb2luYWJhMS5qcGcnIHN0eWxlPSdtYXJnaW4tYm90dG9tOjEwcHg7Jz48YnI+PGltZyBzcmM9J2h0dHA6Ly9pbWFnZS5yYWt1dGVuLmNvLmpwL2Vjby1saWZlLXIvY2FiaW5ldC9pY29uL2luYWJhMi5qcGcnIHN0eWxlPSdtYXJnaW4tYm90dG9tOjEwcHg7Jz48YnI+PGltZyBzcmM9J2h0dHA6Ly9pbWFnZS5yYWt1dGVuLmNvLmpwL2Vjby1saWZlLXIvY2FiaW5ldC9pY29uL2N5dXVpMS5qcGcnIHN0eWxlPSdtYXJnaW4tYm90dG9tOjEwcHg7Jz48YnI+PGltZyBzcmM9J2h0dHA6Ly9pbWFnZS5yYWt1dGVuLmNvLmpwL2Vjby1saWZlLXIvY2FiaW5ldC9pY29uL3R1aWthLWN5dXVpNC5qcGcnIHN0eWxlPSdtYXJnaW4tYm90dG9tOjEwcHg7Jz48YnI+PHA+PGI+ofmkqr/NmJS9TcGiyczGt6G+sdikuqSq1Wmk36SvpMCktaSkob88L2I+PGJyPr1NwaK5pMrCpbWpYKXTpbmkz9DQpMOkxqSqpOqk3qS7pPOhor1NwaKkz6Sqv82YlKTLpMakqu6KpKSkt6TepLmhozwvcD6h9rv5tUGH7T/N4tDOh+2kz6SzpMGk6Txicj6h9r1NwaLVaMP3lfikz6SzpMGk6Txicj48YnI+PGJyPjxmb250IGNvbG9yPXJlZD7PwtObpM+horv5sb6XnaTOysuYlKTHpLmho6GhPGJyIC8+u/mxvpedo6gxl53Ev6OppMuhote3vNOXnaOoMpedxL/S1L21o6mk8rrOl52kx6TioaLXt7zTpLekxu2UpLGk3qS5oaOhoTxiciAvPqH517e805edpM+hojGXnaS0pMiky6OkMjUyMTA1g9KjqLLOv7yB/bjxo6mkx6S5oaM8YnIgLz6hoTxiciAvPqOq17e8099Cl53Po837pM6I9rrPoaKkqtKKt2Wk6tLA7m2kr6TApLWkpKGjPC9mb250Pjxicj48YnIgLz6h9s7duPm057eoIKO6ILf5MzEwMKHBsMLQ0DM2MTChwbjfpLUyMzc1bW2hoTxiciAvPqH2zcHMqLTnt6ggo7ogt/kzMDUwocGwwtDQMzQ3MG1toaE8YnIgLz6h+aOxl53Xt7zTpMukxKStzcHMqKTOt/mkz6GiMzA1MG1tpdel6aW5oaPO3bj5pM63+aTPo6gzMDUwocHXt7zTyv2jqaOrNTBtbaGjPGJyPqH26V+/2rTnt6ggo7ogt/kyODQ0IKHBuN+ktTE4ODZtbaGhPGJyIC8+ofa0ssPmt2Ugo7ogMTAuNTjGvcPXo6gzLjIxxrqjqaHB30K+Qcr9oaE8YnI+ofaEZYnTpOqlqqXXpbel56XzpM+ks6TBpOmjqKXhqWClq6lgpbWlpKXIo6k8YnIgLz6jqqS0z6PN+6TOiPa6z6TPoaLXos7EpdWlqalgpeCkzoLkv7yZ2qTL05vdZKTOyc+ktMvN0MXPwqS1pKShorWxteqkx6S016LOxKTytF/VSuHhoaKlqqXXpbel56XztPqk8rqspOGkv4H9uPGk8qSq1qqk6aS7pLek3qS5oaM8YnI+o6qEZYnTxe+w5aTKpMmkzqWqpdelt6XnpfOkz6Gisb7M5aTIzayVcteizsSkx6TPpMqkpIj2us+kz4Rlzb7LzcHPpKywa8n6pLek3qS5oaM8YnI+ofbXotLiIKO6IDbfQped0tTJz6TPj4q2yMnPoaLpZ8rLx9Ck6rHapKyx2NKqpMikyqTqpN6kuaGjPGJyIC8+ofaC5L+8IKO6IMXvsOW4tqStoaM8YnIgLz48QlI+PGJyIC8+PGltZyBzcmM9J2h0dHA6Ly9pbWFnZS5yYWt1dGVuLmNvLmpwL2Vjby1saWZlLXIvY2FiaW5ldC93YXJlaG91c2UvbnVuby5qcGcnIC8+PGJyIC8+PGJyIC8+PGJyIC8+PGltZyBzcmM9J2h0dHA6Ly9pbWFnZS5yYWt1dGVuLmNvLmpwL2Vjby1saWZlLXIvY2FiaW5ldC93YXJlaG91c2UvMTA1aGQtZXhwLmpwZycgLz48YnIgLz48YnIgLz48YnIgLz48YnIgLz48aW1nIHNyYz0naHR0cDovL2ltYWdlLnJha3V0ZW4uY28uanAvZWNvLWxpZmUtci9jYWJpbmV0LzE3MS9meC0yY29sXzEuanBnJz48YnIgLz48YnIgLz48dGFibGUgd2lkdGg9JzEwMCUnICBib3JkZXI9JzAnIGNlbGxwYWRkaW5nPSc1JyBjZWxsc3BhY2luZz0nMCcgY2xhc3M9J3RhYmxlX2JhYyc+ICA8dHIgYWxpZ249J2xlZnQnPiAgICA8dGQgY2xhc3M9J3RkX2JhYzInPs3B6Welv6WkpdekyMirtLKlv6Wkpdekzt9gpKQ8L3RkPiAgPC90cj4gIDx0cj4gICAgPHRkIGFsaWduPSdjZW50ZXInIGNsYXNzPSd0ZF9iYWMnPjxwPjxpbWcgc3JjPSdodHRwOi8vaW1hZ2UucmFrdXRlbi5jby5qcC9lY28tbGlmZS1yL2NhYmluZXQvd2FyZWhvdXNlL2hkZHkuanBnJz48L3A+ICAgIDwvdGQ+ICA8L3RyPjwvdGFibGU+PGltZyBzcmM9J2h0dHA6Ly9pbWFnZS5yYWt1dGVuLmNvLmpwL2Vjby1saWZlLXIvY2FiaW5ldC93YXJlaG91c2UyL3doLW9zdXN1bWUwMS5qcGcnIHRhcmdldD0nX2JsYW5rJz4KPGJyPjxicj4KPCEtLTx0YWJsZSB3aWR0aD0iODAwIiBib3JkZXI9IjAiPgo8dHI+Cjx0ZCBjb2xzcGFuPSI0IiBzdHlsZT0nY29sb3I6IzQzNDM0Mztmb250LXNpemU6MTZweDtmb250LXdlaWdodDpib2xkO3RleHQtYWxpZ246Y2VudGVyOyc+PHA+ob41LzE1oasyNc/etqihv7XqxNrIq8a3pMfKuaSopOujod94pNmk66WvqWCl3aXzo6EgPC9wPjwvdGQ+CjwvdHI+Cjx0cj4KPHRkPjxpbWcgc3JjPSdodHRwczovL2ltYWdlLnJha3V0ZW4uY28uanAvZWNvLWxpZmUtci9jYWJpbmV0L2NwXzEwMC5qcGcnPjwvdGQ+Cjx0ZD48aW1nIHNyYz0naHR0cHM6Ly9pbWFnZS5yYWt1dGVuLmNvLmpwL2Vjby1saWZlLXIvY2FiaW5ldC9jcF8zMDAuanBnJyB0YXJnZXQ9J19ibGFuayc+PC90ZD4KPHRkPjxpbWcgc3JjPSdodHRwczovL2ltYWdlLnJha3V0ZW4uY28uanAvZWNvLWxpZmUtci9jYWJpbmV0L2NwXzUwMC5qcGcnIHRhcmdldD0nX2JsYW5rJz48L3RkPgo8dGQ+PGltZyBzcmM9J2h0dHBzOi8vaW1hZ2UucmFrdXRlbi5jby5qcC9lY28tbGlmZS1yL2NhYmluZXQvY3BfMTAwMC5qcGcnIHRhcmdldD0nX2JsYW5rJz48L3RkPgo8L3RyPgo8L3RhYmxlPjxicj48YnI+LS0+,paSlyqXQzu/WwyClt6XjpcOlv6lgpb+lpKXX30K+QdDNIEZYTi0xMDVIWUwgu/mxvpedo6gxl53Ev6OpILSyuLalv6Wkpdcg0ruw49DNIFuFp7x7juwvhae8ey/O3c3ihae8e47sL87dzeIvgn2O7C+8pLCyL4H9uPEv0KHO3S+lrKlgpcely6XzpbAvzaUvpKSkyqTQL6SkpMqk0M7v1sMvt1LIfi+k4qTOpKqkrS/O79bDpK1do7qtaL6zyfq77g==,zu/Ww4WnvHuO7KXXpeylz6XWgn2O7KWspeypYKW43IeO7KXQpaSlr6WspeypYKW419TcntyH1sOkrYj2pLSk36W5pcapYKW3peel86W0pd+Fp7yvjuylwKW5pcil3KXDpa+luaXdpbmlyKXhqWCl66XcpcOlr6W5waLLrtb5y67LqNb5kt+z/dPDvt/I66Tspbmlwalgpeul7aXDpaupYKWsqWClx6XzpdWloaXLpcGl46lgzsLK0qXXpeml86W/qWClpKXKpdDO79bDIKW3peOlw6W/qWClv6WkpdffQr5B0M0gRlhOLTEwNUhZTCC7+bG+l52jqDGXncS/o6kgtLK4tqW/paSl1yDSu7Dj0M0gW4WnvHuO7C+Fp7x7L87dzeKFp7x7juwvzt3N4i+CfY7sL7yksLIvgf248S/Qoc7dL6WsqWClx6XLpfOlsC/NpS+kpKTKpNAvpKSkyqTQzu/Wwy+3Ush+L6TipM6kqqStL87v1sOkrV0=,W6Wopeqlos/etqjLzcHPn2/Bz11bpKq/zZiUvU3Bol2ho6Wkpcql0M7v1sMgpbel46XDpb+pYKW/paSl199CvkHQzSBGWE4tMTA1SFlMILv5sb6XnaOoMZedxL+jqSC0sri2pb+lpKXXINK7sOPQzSBbhae8e47sL4WnvHsvzt3N4oWnvHuO7C/O3c3iL4J9juwvvKSwsi+B/bjxL9Chzt0vpaypYKXHpcul86WwL82lL6SkpMqk0C+kpKTKpNDO79bDL7dSyH4vpOKkzqSqpK0vzu/Ww6StXQ==[rn]
31-77604,aHR0cDovL3RzaG9wLnIxMHMuanAvZWNvLWxpZmUtci9jYWJpbmV0L3dhcmVob3VzZTIvdHAtMzNyMTUuanBnP2ZpdGluPTcwMDo3MDA=,MTM3NzYwLjAwMDA=,,u6g/paypYKXHpfM/RElZID4gpailr6W5pcal6qWiP6WsqWClx6XzpdWloaXLpcGl46lgID4gzu/Ww6St,pb+lr6Xczu/Ww6GhTXKjrqW5pcilw6Wvpd6l8yCl16XppbmloqXrpdWloaG+0ruw49DNob+hoVRQLTMzUjE1W4WnvHuO7C+Fp7x7L87dzeKFp7x7juwvzt3N4i+CfY7sL9bQ0M0vtPPQzS+8pLCyL4H9uPEv0KHO3S+lrKlgpcely6XzpbAvzaUvpL+kr6TcL8zvuETO79bDL6TipM6kqqStL87v1sOkrV0=,W8vNwc+fb8HPXQ==,PHAgc3R5bGU9J2ZvbnQtc2l6ZToyOHB4O21hcmdpbi1ib3R0b206MDtmb250LXdlaWdodDpib2xkOyc+pLOkzsnMxrekz71NwaK5pMrCuLakx6S5PC9wPjxhIGhyZWY9J2h0dHA6Ly9pdGVtLnJha3V0ZW4uY28uanAvZWNvLWxpZmUtci90cC0zM3IxNS8nIGNsYXNzPSdyb2xsb3Zlcic+PGltZyBzcmM9J2h0dHA6Ly9pbWFnZS5yYWt1dGVuLmNvLmpwL2Vjby1saWZlLXIvY2FiaW5ldC93YXJlaG91c2UyL2hhaXNvdV9raWJvdS5qcGcnPjwvYT48YnI+PHAgc3R5bGU9J2NvbG9yOiMwMDgwMDA7Jz48Yj6hvrx7xtrEv7Cyob88L2I+PGJyPjEwoasxNIbTmEnI1eHhPGJyPqXhqWClq6lg1rHLzaOox7fGt6TkjvyxUKTOiPa6z6TipLSktqSkpN6kuaTOpMfT6KThpLTBy7PQz8KktaSko6k8L3A+PGJyPjxicj48aW1nIHNyYz0naHR0cDovL2ltYWdlLnJha3V0ZW4uY28uanAvZWNvLWxpZmUtci9jYWJpbmV0L2ljb24vYWJvdXRoYWlzbzIuanBnJyBzdHlsZT0nbWFyZ2luLWJvdHRvbToxMHB4Oyc+PGJyPjxpbWcgc3JjPSdodHRwOi8vaW1hZ2UucmFrdXRlbi5jby5qcC9lY28tbGlmZS1yL2NhYmluZXQvaWNvbi9oYWlzbzEyMi5qcGcnIHN0eWxlPSdtYXJnaW4tYm90dG9tOjEwcHg7Jz48YnI+PGltZyBzcmM9J2h0dHA6Ly9pbWFnZS5yYWt1dGVuLmNvLmpwL2Vjby1saWZlLXIvY2FiaW5ldC9pY29uL2N5dXVpMS5qcGcnIHN0eWxlPSdtYXJnaW4tYm90dG9tOjEwcHg7Jz48YnI+PGltZyBzcmM9J2h0dHA6Ly9pbWFnZS5yYWt1dGVuLmNvLmpwL2Vjby1saWZlLXIvY2FiaW5ldC9pY29uL3R1aWthLWN5dXVpNC5qcGcnIHN0eWxlPSdtYXJnaW4tYm90dG9tOjEwcHg7Jz48YnI+PGJyPjx0YWJsZSB3aWR0aD0iNDU1IiBib3JkZXI9IjAiIGNlbGxwYWRkaW5nPSIwIiBjZWxsc3BhY2luZz0iMCIgY2xhc3M9Im10XzIwIHd0X3RhYmxlIj48dHI+PHRkIHN0eWxlPSdiYWNrZ3JvdW5kLWNvbG9yOiMyNDU5ZmQ7Y29sb3I6I2ZmZjtmb250LXdlaWdodDpib2xkO2ZvbnQtc2l6ZToxNHB4O2hlaWdodDoyMHB4O3RleHQtaW5kZW50OjVweDtwYWRkaW5nLXRvcDo1cHg7Jz6h9L1NwaK5pMrCpLTPo837pM6I9rrPofSjqJjLnMq9TcGi2U2kz7Htyr6B/bjxpMu6rKTepOyk3qS5o6k8L3RkPjwvdHI+PHRyPgo8dGQgc3R5bGU9J3BhZGRpbmc6MTBweDtib3JkZXI6MXB4IHNvbGlkIzI0NTlmZDsnPjxzcGFuIGNsYXNzPSIxNHB4IGJvbGQiPqH2PHNwYW4gc3R5bGU9J2ZvbnQtd2VpZ2h0OmJvbGQ7Jz6Yy5zKvU3BotlNKMuw3nopo7pcMjE2MDCjqLHtyr6B/bjxpMu6rKTepOyk3qS5o6k8L3NwYW4+PGJyPqOqvU3BotlNpM+x7cq+gf248aTLuqyk3qTspN6kuaGjPGJyPgqhuKOx60HGvYj2oaHNwaGi09akz6WzpfOlr6XqqWClyKGipaKluaXVpaGl66XIpM7Jz6G5pPLM9bz+PGJyPiA8c3BhbiBjbGFzcz0icmVkIj6h+aWqpdelt6XnpfOk8te3vNOkuaTriPa6z6Gipaql16W3peel88ihuLbZTbXIpKy9TcGi2U2ky4Rlzb6horzTy+OktaTspN6kuaGjCjxicj6h+YRlzb6l1qXtpcOlr7T6o6gyMDCD0qHBsdjSqoKAyv0ppKywa8n61sKkt6TepLmjqMuw3nqjqTwvc3Bhbj48YnI+CjxzcGFuIHN0eWxlPSdmb250LXdlaWdodDpib2xkOyc+ofbcnrW5t8DWubmkysLZTaOohGXNvqOpPC9zcGFuPjxzcGFuIGNsYXNzPSJyZWQiPjxicj6ls6Xzpa+l6qlgpcjPwrXYo7o8c3BhbiBzdHlsZT0nY29sb3I6cmVkO2ZvbnQtd2VpZ2h0OmJvbGQ7Jz5cMTgwMDAoy7Deeik8L3NwYW4+PGJyPs3BP8mwwPvPwrXYo7o8c3BhbiBzdHlsZT0nY29sb3I6cmVkO2ZvbnQtd2VpZ2h0OmJvbGQ7Jz5cMjEwMDAoy7Deeik8L3NwYW4+PGJyPqWipbml1aWhpeulyM/CtdijujxzcGFuIHN0eWxlPSdjb2xvcjpyZWQ7Zm9udC13ZWlnaHQ6Ym9sZDsnPlwzNTAwMCjLsN56KTwvc3Bhbj48L3NwYW4+PGJyPjxicj4KPHNwYW4gY2xhc3M9InJlZCI+ofm9TcGi2U2k5Nyetbm3wNa5uaTKwtlNpM+hoqS0ss6/vIH9uPGkx6S5oaM8YnI+CrXY0/K1yKTLpOik6oRlzb6kqtKKt2WktaS7pMbtlKSviPa6z6SspLSktqSkpN6kuaTOpMfT6KThpLTBy7PQz8KktaSkoaM8YnI+CqH5paqpYKXXpfOluaXaqWCluaTP70ykztOw7ZGk8srcpLGk5KS5pK+hotRP1sPPwrXYpMjfQr1ZpLekxqSkpMqkpKTIoaK0tcnPpLKky6TopOvcnrW5pM7Oo+qTpOShoqWqqWCl16Xzpbml2qlgpbmkztb5pM7Ou9bDpM6kuqTspMuk6KTrj4q2yLXNz8Kkzr/WpOykrKSipOqk3qS5oaM8YnI+CqS9pM6kv6ThoaKwssirw+ak8r+8kV2kt6GitbG16qTLvU3BormkysKk8qS00sDubaSkpL+kwKSviPa6z6TPoaLcnrW5t8DWubmkysKk4rHY7ZqkyKS1pLukxqSkpL+kwKStpN6kuaGjPC9zcGFuPjxicj48YnI+CqH51JS8mqTKvfDufqTPz8LTm6TOpdWlqalgpeCk6KTqpLTXos7Ex7Cky9K7tsikqtKKt2Wk6qOon2/Bz6OppK+kwKS1pKShozxicj48aW1nIHNyYz0naHR0cDovL2ltYWdlLnJha3V0ZW4uY28uanAvZWNvLWxpZmUtci9jYWJpbmV0L3dhcmVob3VzZS9taXR1bW9yaV9pcmFpMS5qcGcnPjwvdGQ+PC90cj48L3RhYmxlPjxicj48YnI+ysuYlIftP5d5sPzD97yaP71NwaLVaMP3lfg/u/m1QYftoaGkz6SzpMGk6aGhoaE+Pjxicj48YnI+PGJyPs7duPm057eoo6htbaOpIKO6ILf5MzQyN6HBsMLQ0DE3OTWhwbjfpLUyMTEwoaGhoTxiciAvPs3BzKi057eoo6htbaOpIKO6ILf5IDMzNDehwbDC0NAgMTU5MKGhoaE8YnIgLz60ssPmt2UgNS4zMsa9t71to6i8czEuNjHGuqOpIKGhPGJyIC8+zu/Ww4LIo7rE2rK/tOe3qKOobW2jqaO6ILf5MTQ0NKHBsMLQ0DE0MjA/6V+/2rf5NzcyocG436S1MTg1MKGhPGJyIC8+8XbdhoLIo7rE2rK/tOe3qKOobW2jqaO6ILf5MTc3NqHBsMLQ0DE0MjA/6V+/2rf5MTcwOKHBuN+ktTE5MDCjqLv5tUHM7KOpPGJyIC8+PGJyIC8+zt24+aTOxM26ydbYIKO6IDEyMDBuL8a9t71to6gxMjBrZ2Yvxr23vW2jqTxiciAvPrSyxM26ydbYoaGjuqGhNjAwMG4vxr23vW2jqDYwMGtnZi/Gvbe9baOpPGJyPsXvpM7EzbrJ1tggo7oyMDAwbi/Gvbe9baOoMjAwa2dmL8a9t71to6k8YnIgLz6jqrdl0amjurxzNjBjbaGhPGJyIC8+0amkztbYpLWkz6Gi17SbcqTLpOik6onku6+kt6TepLmho9TnpOGky9GpvbWk7aS3pPKkt6TGz8KktaSkoaM8YnIgLz4gPGJyIC8+uLbK9Ma3ID+kv6TGmL+jqDKxvqOpoaKloqXzpaupYKXXpeypYKXIuLahozxiciAvPjxiciAvPqH2hGWJ06Wqpdelt6XnpfM8YnI+uPe3TqWqpdelt6XnpfPUlLyapM+ls6XBpemjqKXhqWClq6lgpbWlpKXIo6k8YnI+o6qktM+jzfukzoj2us+kz6Gi16LOxKXVpampYKXgpM6C5L+8mdqky9Ob3WSkzsnPpLTLzdDFz8KktaSkoaO1sbXqpMektNeizsSk8rRf1Urh4aGipaql16W3peel87T6pPK6rKThpL+B/bjxpPKkqtaqpOmku6S3pN6kuaGjPGJyPjxpbWcgc3JjPSdodHRwOi8vaW1hZ2UucmFrdXRlbi5jby5qcC9lY28tbGlmZS1yL2NhYmluZXQvMTQvdHAtMzNyMTUtdC5qcGcnPjxicj48YnI+PGJyPjxpbWcgc3JjPSdodHRwOi8vaW1hZ2UucmFrdXRlbi5jby5qcC9lY28tbGlmZS1yL2NhYmluZXQvd2FyZWhvdXNlL3RwLWNvbG9yLmpwZyc+PGJyPjxpbWcgc3JjPSdodHRwOi8vaW1hZ2UucmFrdXRlbi5jby5qcC9lY28tbGlmZS1yL2NhYmluZXQvd2FyZWhvdXNlL3RwLXNldHVtZWkwMS5qcGcnPjxicj48aW1nIHNyYz0naHR0cDovL2ltYWdlLnJha3V0ZW4uY28uanAvZWNvLWxpZmUtci9jYWJpbmV0L3dhcmVob3VzZS90cC1zZXR1bWVpMDIuanBnJz48YnI+PGltZyBzcmM9J2h0dHA6Ly9pbWFnZS5yYWt1dGVuLmNvLmpwL2Vjby1saWZlLXIvY2FiaW5ldC93YXJlaG91c2UvdHAtc2V0dW1laTAzLmpwZyc+PGJyPjxpbWcgc3JjPSdodHRwOi8vaW1hZ2UucmFrdXRlbi5jby5qcC9lY28tbGlmZS1yL2NhYmluZXQvd2FyZWhvdXNlMi90YWt1Ym8tbWFpbmltZy5qcGcnIHdpZHRoPSI4MDAiIGhlaWdodD0iMjIwIiBzdHlsZT0ibWFyZ2luLWJvdHRvbToyMHB4OyIvPjxicj4KPGltZyBzcmM9J2h0dHA6Ly9pbWFnZS5yYWt1dGVuLmNvLmpwL2Vjby1saWZlLXIvY2FiaW5ldC93YXJlaG91c2UyL3Rha3Viby1wb2ludDEuanBnJyB3aWR0aD0iODAwIiBoZWlnaHQ9IjY3MCIgc3R5bGU9Im1hcmdpbi1ib3R0b206MjBweDsiLz48YnI+CjxpbWcgc3JjPSdodHRwOi8vaW1hZ2UucmFrdXRlbi5jby5qcC9lY28tbGlmZS1yL2NhYmluZXQvd2FyZWhvdXNlMi90YWt1Ym8tcG9pbnQyLmpwZycgd2lkdGg9IjgwMSIgaGVpZ2h0PSIzOTciIHN0eWxlPSJtYXJnaW4tYm90dG9tOjIwcHg7Ii8+PGJyPgqh/aH9of2h/aH9PGJyPgo8cCBzdHlsZT0nZm9udC1zaXplOjIwcHg7Zm9udC13ZWlnaHQ6Ym9sZDsnPr1NwaKk8qS0z6PN+6TOiPa6z6TP0ru2yNP50oq3ZaSq7oqkpKSkpL+kt6TepLmjvqO+PGJyPjxicj4KPGJyPjxicj4KCjwhLS08dGFibGUgd2lkdGg9IjgwMCIgYm9yZGVyPSIwIj4KPHRyPgo8dGQgY29sc3Bhbj0iNCIgc3R5bGU9J2NvbG9yOiM0MzQzNDM7Zm9udC1zaXplOjE2cHg7Zm9udC13ZWlnaHQ6Ym9sZDt0ZXh0LWFsaWduOmNlbnRlcjsnPjxwPqG+NS8xNaGrMjXP3raoob+16sTayKvGt6THyrmkqKTro6HfeKTZpOulr6lgpd2l86OhIDwvcD48L3RkPgo8L3RyPgo8dHI+Cjx0ZD48aW1nIHNyYz0naHR0cHM6Ly9pbWFnZS5yYWt1dGVuLmNvLmpwL2Vjby1saWZlLXIvY2FiaW5ldC9jcF8xMDAuanBnJz48L3RkPgo8dGQ+PGltZyBzcmM9J2h0dHBzOi8vaW1hZ2UucmFrdXRlbi5jby5qcC9lY28tbGlmZS1yL2NhYmluZXQvY3BfMzAwLmpwZycgdGFyZ2V0PSdfYmxhbmsnPjwvdGQ+Cjx0ZD48aW1nIHNyYz0naHR0cHM6Ly9pbWFnZS5yYWt1dGVuLmNvLmpwL2Vjby1saWZlLXIvY2FiaW5ldC9jcF81MDAuanBnJyB0YXJnZXQ9J19ibGFuayc+PC90ZD4KPHRkPjxpbWcgc3JjPSdodHRwczovL2ltYWdlLnJha3V0ZW4uY28uanAvZWNvLWxpZmUtci9jYWJpbmV0L2NwXzEwMDAuanBnJyB0YXJnZXQ9J19ibGFuayc+PC90ZD4KPC90cj4KPC90YWJsZT48YnI+PGJyPi0tPg==,pb+lr6Xczu/Ww6GhTXKjrqW5pcilw6Wvpd6l8yCl16XppbmloqXrpdWloaG+0ruw49DNob+hoVRQLTMzUjE1W4WnvHuO7C+Fp7x7L87dzeKFp7x7juwvzt3N4i+CfY7sL9bQ0M0vtPPQzS+8pLCyL4H9uPEv0KHO3S+lrKlgpcely6XzpbAvzaUvpL+kr6TcL8zvuETO79bDL6TipM6kqqStL87v1sOkrV2juq1ovrPJ+rvu,zu/Ww4WnvHuO7KXXpeylz6XWgn2O7KWspeypYKW43IeO7KXQpaSlr6WspeypYKW419TcntyH1sOkrYj2pLSk36W5pcapYKW3peel86W0pd+Fp7yvjuylwKW5pcil3KXDpa+luaXdpbmlyKXhqWCl66XcpcOlr6W5waLLrtb5y67LqNb5kt+z/dPDvt/I66Tspbmlwalgpeul7aXDpaupYKWsqWClx6XzpdWloaXLpcGl46lgzsLK0qXXpeml86W/qWClv6WvpdzO79bDoaFNcqOupbmlyKXDpa+l3qXzIKXXpemluaWipeul1aWhob7Su7Dj0M2hv6GhVFAtMzNSMTVbhae8e47sL4WnvHsvzt3N4oWnvHuO7C/O3c3iL4J9juwv1tDQzS+089DNL7yksLIvgf248S/Qoc7dL6WsqWClx6XLpfOlsC/NpS+kv6SvpNwvzO+4RM7v1sMvpOKkzqSqpK0vzu/Ww6StXQ==,W8vNwc+fb8HPXaGjpb+lr6Xczu/Ww6GhTXKjrqW5pcilw6Wvpd6l8yCl16XppbmloqXrpdWloaG+0ruw49DNob+hoVRQLTMzUjE1W4WnvHuO7C+Fp7x7L87dzeKFp7x7juwvzt3N4i+CfY7sL9bQ0M0vtPPQzS+8pLCyL4H9uPEv0KHO3S+lrKlgpcely6XzpbAvzaUvpL+kr6TcL8zvuETO79bDL6TipM6kqqStL87v1sOkrV0=[rn]
31-77605,aHR0cDovL3RzaG9wLnIxMHMuanAvZWNvLWxpZmUtci9jYWJpbmV0LzIzMS95b2RvLWtleS0wNF8xLmpwZz9maXRpbj03MDA6NzAw,MTIwMC4wMDAw,,u6g/paypYKXHpfM/RElZID4gpailr6W5pcal6qWiP6WsqWClx6XzpdWloaXLpcGl46lgID4gzu/Ww6St,peilyaWzpaYgpeilyc7v1sMgpail66Xi30K+QdDN08OluaXapaKlralg,,PHAgc3R5bGU9J2NvbG9yOiMwMDgwMDA7IGZvbnQtd2VpZ2h0OmJvbGQ7Jz68e8baxL+wsqO6N6GrMTDfTOlns8y2yKGjPGJyPgql4algpaupYNaxy82jqMe3xrek5I78sVCkzoj2us+k4qS0pLakpKTepLmkzqTH0+ik4aS0wcuz0M/CpLWkpKOpPC9wPjxicj48cCBzdHlsZT0nY29sb3I6cmVkJz6hvqS016LS4srC7Zehvzxicj63wLe4yc+horWxteqkx8nMxrek8qS02Y/I66SkpL+kwKSkpL+kqr/NmJSky8/epOmku6TGpKSkv6TApK2k3qS5oaM8YnI+pLTXos7EpKSkv6TApKSkv8TayN2krN9eyKWkzqS016LOxKTI0rvWwqS3pMqkpIj2us+kz6GipLTXos7EpPKlraXjpfOlu6XrpLWku6TGpKSkv6TApK+I9rrPpKyktKS2pKSk3qS5pM6kx6Gi0+ik4aS0wcuz0KSvpMCktaSkoaM8L3A+PGJyPqH2pLTXos7EpdWlqalgpeCkzoLkv7yZ2qTYz8LTm8rC7Zek8qS0yOvBpqSvpMCktaSkoaM8YnI+KDEpzu/Ww7G+zOWkzsnMxre3rLrFPGJyPigyKeZJt6y6xaOo5knRqLi2vfyky7/M06GktaTspMakpKTryv3X1qTHpLmho6Wipeul1aWhpdmlw6XIK8r919akzoj2us+k4qSipOqk3qS5o6k8YnI+KDMppLTZj8jrlXKkzsrc16K3rLrFo6ik4qS3pK+kz9eizsSVcqTOpLTXos7E1veYlKTOpdWl66XNqWCl4CCdaNfWse3Tm6OpPGJyPjxicj48cCBzdHlsZT0nY29sb3I6cmVkJz6h+el2lny12NPy0tTN4qTPy83Bz6Sq0oq3ZaTIpMqk6qTepLmhozxicj6h+eBdy82hoqTipLekr6TPpeGpYKXrsePF5MvNpMikyqTqpN6kuaGjPGJyPqH5yv3Bv6SstuCkpIj2us+kz8vNwc+kqtKKt2Wkr6TApLWkpKGjPC9wPjxicj48YnI+PGJyPjxpbWcgc3JjPSdodHRwOi8vaW1hZ2UucmFrdXRlbi5jby5qcC9lY28tbGlmZS1yL2NhYmluZXQvd2FyZWhvdXNlMi93aC1vc3VzdW1lMDEuanBnJyB0YXJnZXQ9J19ibGFuayc+Cjxicj48YnI+CjwhLS08dGFibGUgd2lkdGg9IjgwMCIgYm9yZGVyPSIwIj4KPHRyPgo8dGQgY29sc3Bhbj0iNCIgc3R5bGU9J2NvbG9yOiM0MzQzNDM7Zm9udC1zaXplOjE2cHg7Zm9udC13ZWlnaHQ6Ym9sZDt0ZXh0LWFsaWduOmNlbnRlcjsnPjxwPqG+NS8xNaGrMjXP3raoob+16sTayKvGt6THyrmkqKTro6HfeKTZpOulr6lgpd2l86OhIDwvcD48L3RkPgo8L3RyPgo8dHI+Cjx0ZD48aW1nIHNyYz0naHR0cHM6Ly9pbWFnZS5yYWt1dGVuLmNvLmpwL2Vjby1saWZlLXIvY2FiaW5ldC9jcF8xMDAuanBnJz48L3RkPgo8dGQ+PGltZyBzcmM9J2h0dHBzOi8vaW1hZ2UucmFrdXRlbi5jby5qcC9lY28tbGlmZS1yL2NhYmluZXQvY3BfMzAwLmpwZycgdGFyZ2V0PSdfYmxhbmsnPjwvdGQ+Cjx0ZD48aW1nIHNyYz0naHR0cHM6Ly9pbWFnZS5yYWt1dGVuLmNvLmpwL2Vjby1saWZlLXIvY2FiaW5ldC9jcF81MDAuanBnJyB0YXJnZXQ9J19ibGFuayc+PC90ZD4KPHRkPjxpbWcgc3JjPSdodHRwczovL2ltYWdlLnJha3V0ZW4uY28uanAvZWNvLWxpZmUtci9jYWJpbmV0L2NwXzEwMDAuanBnJyB0YXJnZXQ9J19ibGFuayc+PC90ZD4KPC90cj4KPC90YWJsZT48YnI+PGJyPi0tPg==,peilyaWzpaYgpeilyc7v1sMgpail66Xi30K+QdDN08OluaXapaKlralgo7qtaL6zyfq77g==,zu/Ww4WnvHuO7KXXpeylz6XWgn2O7KWspeypYKW43IeO7KXQpaSlr6WspeypYKW419TcntyH1sOkrYj2pLSk36W5pcapYKW3peel86W0pd+Fp7yvjuylwKW5pcil3KXDpa+luaXdpbmlyKXhqWCl66XcpcOlr6W5waLLrtb5y67LqNb5kt+z/dPDvt/I66Tspbmlwalgpeul7aXDpaupYKWsqWClx6XzpdWloaXLpcGl46lgzsLK0qXXpeml86W/qWCl6KXJpbOlpiCl6KXJzu/WwyClqKXrpeLfQr5B0M3Tw6W5pdqloqWtqWA=,peilyaWzpaYgpeilyc7v1sMgpail66Xi30K+QdDN08OluaXapaKlralg[rn]
31-77606,aHR0cDovL3RzaG9wLnIxMHMuanAvZWNvLWxpZmUtci9jYWJpbmV0LzEzOC9uc2ItejI1MjlfMS5qcGc/Zml0aW49NzAwOjcwMA==,MTQwNDAwLjAwMDA=,,u6g/paypYKXHpfM/RElZID4gpailr6W5pcal6qWiP6WsqWClx6XzpdWloaXLpcGl46lgID4gzu/Ww6St,pb+lr6Xczu/Ww6Gho82j8i6lt6XjpcOlv6lgpd6l86GhpcCl86XHpaOhoVdTQi1aMjUyOaGh0ruw49DNP71ZwraccMnZzt24+VuFp7x7juwvhae8ey/O3c3ihae8e47sL87dzeIvgn2O7C/W0NDNL7Tz0M1d,W8vNwc+fb8HPXVukqr/NmJS9TcGiXQ==,PHAgc3R5bGU9J2NvbG9yOiMwMDgwMDA7IGZvbnQtd2VpZ2h0OmJvbGQ7Jz68e8baxL+wsqO6NaGrMTCG05hJyNXh4aTLpKq97KSxPGJyPqXhqWClq6lg1rHLzaOox7fGt6TkjvyxUKTOiPa6z6TipLSktqSkpN6kuaTOpMfT6KThpLTBy7PQz8KktaSko6k8L3A+PGJyPgo8YnI+PGJyPjxicj48YnI+PGltZyBzcmM9J2h0dHA6Ly9pbWFnZS5yYWt1dGVuLmNvLmpwL2Vjby1saWZlLXIvY2FiaW5ldC9pY29uL2Fib3V0aGFpc28yLmpwZycgc3R5bGU9J21hcmdpbi1ib3R0b206MTBweDsnPjxicj48aW1nIHNyYz0naHR0cDovL2ltYWdlLnJha3V0ZW4uY28uanAvZWNvLWxpZmUtci9jYWJpbmV0L2ljb24vaGFpc28xMjIuanBnJyBzdHlsZT0nbWFyZ2luLWJvdHRvbToxMHB4Oyc+PGJyPjxpbWcgc3JjPSdodHRwOi8vaW1hZ2UucmFrdXRlbi5jby5qcC9lY28tbGlmZS1yL2NhYmluZXQvaWNvbi9jeXV1aTEuanBnJyBzdHlsZT0nbWFyZ2luLWJvdHRvbToxMHB4Oyc+PGJyPjxpbWcgc3JjPSdodHRwOi8vaW1hZ2UucmFrdXRlbi5jby5qcC9lY28tbGlmZS1yL2NhYmluZXQvaWNvbi90dWlrYS1jeXV1aTQuanBnJyBzdHlsZT0nbWFyZ2luLWJvdHRvbToxMHB4Oyc+PGJyPjxwPjxiPqH5pKq/zZiUvU3BosnMxrehvrHYpLqkqtVppN+kr6TApLWkpKG/PC9iPjxicj69TcGiuaTKwqW1qWCl06W5pM/Q0KTDpMakqqTqpN6ku6TzoaK9TcGipM+kqr/NmJSky6TGpKruiqSkpLek3qS5oaM8L3A+ysuYlIftP5d5sPzD97yaP71NwaLVaMP3lfg/u/m1QYftoaGkz6SzpMGk6aGhoaE+Pjxicj48YnI+PHRhYmxlIHdpZHRoPScxMDAlJyBib3JkZXI9JzAnIGFsaWduPSdjZW50ZXInIGNlbGxwYWRkaW5nPSc1JyBjZWxsc3BhY2luZz0nMCcgY2xhc3M9J2l0ZW1fZGFucmFrdWJhYyc+PHRyIGFsaWduPSdsZWZ0Jz48dGQgd2lkdGg9Jzk5JyBjbGFzcz0naXRlbV9mb250Mic+zt24+bTnt6g8L2ZvbnQ+PC90ZD48dGQgd2lkdGg9JzI3OCcgY2xhc3M9J2l0ZW1fZm9udDEnPulnv9oyNjEyocGwwtDQMzE5NaHBuN8yMTEwIG1tPC90ZD48L3RyPiA8dHIgYWxpZ249J2xlZnQnPjx0ZCB3aWR0aD0nOTknIGNsYXNzPSdpdGVtX2ZvbnQyJz7NwcyotOe3qDwvZm9udD48L3RkPjx0ZCB3aWR0aD0nMjc4JyBjbGFzcz0naXRlbV9mb250MSc+6We/2jI1MzKhwbDC0NAyOTkwIG1tPC90ZD48L3RyPjx0ciBhbGlnbj0nbGVmdCc+PHRkIGNsYXNzPSdpdGVtX2ZvbnQyJz7E2rK/tOe3qDwvdGQ+PHRkIGNsYXNzPSdpdGVtX2ZvbnQxJz7pZ7/aMjQ3NqHBsMLQ0DI4MjBtbTwvdGQ+PC90cj48dHIgYWxpZ249J2xlZnQnPjx0ZCBjbGFzcz0naXRlbV9mb250Mic+6V+/2rK/PC90ZD48dGQgY2xhc3M9J2l0ZW1fZm9udDEnPulnv9oyMzE4ocG43zE2NzBtbaGrMTg3MG1tPGJyPjxwIGNsYXNzPSdpdGVtX2RhbnJha3UyJz6jqulfv9q436S1pM+7+bVBpM6436S1pMuk6KTqrpCkyqTqpN6kuaGjPC9wPjwvdGQ+PC90cj48dHIgYWxpZ249J2xlZnQnPjx0ZCBjbGFzcz0naXRlbV9mb250Mic+tLLD5rdlPC90ZD48dGQgY2xhc3M9J2l0ZW1fZm9udDEnPjejrjU3xr23vW2jqLxzMqOuMjnGuqOpPC90ZD48L3RyPjx0ciBhbGlnbj0nbGVmdCc+PHRkIGNsYXNzPSdpdGVtX2ZvbnQyJz7O3bj5xM26ydbYPC90ZD48dGQgY2xhc3M9J2l0ZW1fZm9udDEnPjEyMDBOL8a9w9ejqDEyMGtnZi/GvcPXo6k8YnIgLz48L3RkPjwvdHI+PHRyIGFsaWduPSdsZWZ0Jz48dGQgY2xhc3M9J2l0ZW1fZm9udDInPri2yvTGtzwvdGQ+PHRkIGNsYXNzPSdpdGVtX2ZvbnQxJz7cjqTIpKQ/pL+kxpi/P6WipfOlq6lgpdyl66XIPGJyPjwvdGQ+PC90cj4gPHRyIGFsaWduPSdsZWZ0Jz48dGQgY2xhc3M9J2l0ZW1fZm9udDInPoRlidOlqqXXpbel56XzPC90ZD48dGQgY2xhc3M9J2l0ZW1fZm9udDEnPjxpbWcgc3JjPSdodHRwOi8vaW1hZ2UucmFrdXRlbi5jby5qcC9lY28tbGlmZS1yL2NhYmluZXQvd2FyZWhvdXNlL3dzLTI1MjkuanBnJz48YnI+uPe3TqWqpdelt6XnpfPUlLyapM+ls6XBpemjqKXhqWClq6lgpdqpYKW4o6k8YnIgLz48cCBjbGFzcz0naXRlbV9kYW5yYWt1Mic+o6qktM+jzfukzoj2us+kz6Gi16LOxKXVpampYKXgpM6C5L+8mdqky9Ob3WSkzsnPPGJyIC8+pLTLzdDFz8KktaSkoaK1sbXqpMektNeizsSk8rRf1Urh4aGiPGJyIC8+paql16W3peel87T6pPK6rKThpL+B/bjxpPKkqtaqpOmku6S3pN6kuaGjPC9wPjxwIGNsYXNzPSdpdGVtX2RhbnJha3UyJz6jqsqpuaSkyKWqpdelt6XnpfOBSbe9pPKktM+jzfukzoj2us+kz6Sq0oq3ZaTqz8KktaSkoaM8L3A+PC90ZD4gPC90cj4gICA8L3RhYmxlPjxCUj48cCBjbGFzcz0nc3R5bGUxJz4/l0E/0anQzaTH30KXnaW/paSl16TLpLmk64j2us+kz6GipLmk2aTGpM6XnaTIl52kzulnpMvpZ8rLx9Ck6qW7pcOlyKTepL+kz7bg0anQzdPDwbrPwtFhj4ql0aXNpeukrLHY0qqky6TKpOqk3qS5oaMgIKOy30KXnaTKpOmjsaW7pcOlyKGio7PfQpedpMekoqTspNCjsqW7pcOlyLHY0qqhoqO030KXnaTKpOmjs6W7pcOlyLHY0qqkx6S5oaM8L3A+PHAgY2xhc3M9J3N0eWxlMSc+o6rpZ8rLx9Ck6qW7pcOlyKTItuDRqdDN08PBus/C0WGPiqXRpc2l66TO32CkpKTLpMSkpKTGPGJyIC8+ICDpZ8rLx9Ck6qW7pcOlyKTPoaKXnaTIl52kzulnpPLN6sirpMvKy8fQpOuk4qTOpMqkzqTHoaKO7MTapKuk6ZedpMiXnaTO6Wek8tDQpK3AtKS5pOuks6TIpM+kx6StpN6ku6TzoaM8YnIgLz4gILbg0anQzdPDwbrPwtFhj4ql0aXNpeukz7f5NzAwbW2kzqXRpc2l66THoaKxvszl4eG3vaTOl52kyJedpM7pZ6TL1E/Ww6S3pN6kuaGjjuzE2qSrpOmXnaTIl52kzulnpPLQ0KStwLSkx6StpN6kuaGjPC9wPjxpbWcgc3JjPSdodHRwOi8vaW1hZ2UucmFrdXRlbi5jby5qcC9lY28tbGlmZS1yL2NhYmluZXQvd2FyZWhvdXNlMi90YWt1Ym8tbWFpbmltZy5qcGcnIHdpZHRoPSI4MDAiIGhlaWdodD0iMjIwIiBzdHlsZT0ibWFyZ2luLWJvdHRvbToyMHB4OyIvPjxicj4KPGltZyBzcmM9J2h0dHA6Ly9pbWFnZS5yYWt1dGVuLmNvLmpwL2Vjby1saWZlLXIvY2FiaW5ldC93YXJlaG91c2UyL3Rha3Viby1wb2ludDEuanBnJyB3aWR0aD0iODAwIiBoZWlnaHQ9IjY3MCIgc3R5bGU9Im1hcmdpbi1ib3R0b206MjBweDsiLz48YnI+CjxpbWcgc3JjPSdodHRwOi8vaW1hZ2UucmFrdXRlbi5jby5qcC9lY28tbGlmZS1yL2NhYmluZXQvd2FyZWhvdXNlMi90YWt1Ym8tcG9pbnQyLmpwZycgd2lkdGg9IjgwMSIgaGVpZ2h0PSIzOTciIHN0eWxlPSJtYXJnaW4tYm90dG9tOjIwcHg7Ii8+PGJyPgqh/aH9of2h/aH9PGJyPgo8cCBzdHlsZT0nZm9udC1zaXplOjIwcHg7Zm9udC13ZWlnaHQ6Ym9sZDsnPr1NwaKk8qS0z6PN+6TOiPa6z6TP0ru2yNP50oq3ZaSq7oqkpKSkpL+kt6TepLmjvqO+PGJyPjxicj4KPGJyPjxicj4KCjwhLS08dGFibGUgd2lkdGg9IjgwMCIgYm9yZGVyPSIwIj4KPHRyPgo8dGQgY29sc3Bhbj0iNCIgc3R5bGU9J2NvbG9yOiM0MzQzNDM7Zm9udC1zaXplOjE2cHg7Zm9udC13ZWlnaHQ6Ym9sZDt0ZXh0LWFsaWduOmNlbnRlcjsnPjxwPqG+NS8xNaGrMjXP3raoob+16sTayKvGt6THyrmkqKTro6HfeKTZpOulr6lgpd2l86OhIDwvcD48L3RkPgo8L3RyPgo8dHI+Cjx0ZD48aW1nIHNyYz0naHR0cHM6Ly9pbWFnZS5yYWt1dGVuLmNvLmpwL2Vjby1saWZlLXIvY2FiaW5ldC9jcF8xMDAuanBnJz48L3RkPgo8dGQ+PGltZyBzcmM9J2h0dHBzOi8vaW1hZ2UucmFrdXRlbi5jby5qcC9lY28tbGlmZS1yL2NhYmluZXQvY3BfMzAwLmpwZycgdGFyZ2V0PSdfYmxhbmsnPjwvdGQ+Cjx0ZD48aW1nIHNyYz0naHR0cHM6Ly9pbWFnZS5yYWt1dGVuLmNvLmpwL2Vjby1saWZlLXIvY2FiaW5ldC9jcF81MDAuanBnJyB0YXJnZXQ9J19ibGFuayc+PC90ZD4KPHRkPjxpbWcgc3JjPSdodHRwczovL2ltYWdlLnJha3V0ZW4uY28uanAvZWNvLWxpZmUtci9jYWJpbmV0L2NwXzEwMDAuanBnJyB0YXJnZXQ9J19ibGFuayc+PC90ZD4KPC90cj4KPC90YWJsZT48YnI+PGJyPi0tPg==,pb+lr6Xczu/Ww6Gho82j8i6lt6XjpcOlv6lgpd6l86GhpcCl86XHpaOhoVdTQi1aMjUyOaGh0ruw49DNP71ZwraccMnZzt24+VuFp7x7juwvhae8ey/O3c3ihae8e47sL87dzeIvgn2O7C/W0NDNL7Tz0M1do7qtaL6zyfq77g==,zu/Ww4WnvHuO7KXXpeylz6XWgn2O7KWspeypYKW43IeO7KXQpaSlr6WspeypYKW419TcntyH1sOkrYj2pLSk36W5pcapYKW3peel86W0pd+Fp7yvjuylwKW5pcil3KXDpa+luaXdpbmlyKXhqWCl66XcpcOlr6W5waLLrtb5y67LqNb5kt+z/dPDvt/I66Tspbmlwalgpeul7aXDpaupYKWsqWClx6XzpdWloaXLpcGl46lgzsLK0qXXpeml86W/qWClv6WvpdzO79bDoaGjzaPyLqW3peOlw6W/qWCl3qXzoaGlwKXzpcelo6GhV1NCLVoyNTI5oaHSu7Dj0M0/vVnCtpxwydnO3bj5W4WnvHuO7C+Fp7x7L87dzeKFp7x7juwvzt3N4i+CfY7sL9bQ0M0vtPPQzV0=,W8vNwc+fb8HPXVukqr/NmJS9TcGiXaGjpb+lr6Xczu/Ww6Gho82j8i6lt6XjpcOlv6lgpd6l86GhpcCl86XHpaOhoVdTQi1aMjUyOaGh0ruw49DNP71ZwraccMnZzt24+VuFp7x7juwvhae8ey/O3c3ihae8e47sL87dzeIvgn2O7C/W0NDNL7Tz0M1d[rn]
31-77607,aHR0cDovL3RzaG9wLnIxMHMuanAvZWNvLWxpZmUtci9jYWJpbmV0LzE0L3RwLXN6NDByMjZfMS5qcGc/Zml0aW49NzAwOjcwMA==,MTg3MjAwLjAwMDA=,,u6g/paypYKXHpfM/RElZID4gpailr6W5pcal6qWiP6WsqWClx6XzpdWloaXLpcGl46lgID4gzu/Ww6St,pb+lr6Xczu/Ww6GhTXKjrqW5pcilw6Wvpd6l8yCl16XppbmloqXrpdWloaG+tuDRqdDNoaG9WcK2nHDJ2c7duPmhv6GhVFAtU1o0MFIyNluFp7x7juwvhae8ey/O3c3ihae8e47sL87dzeIvgn2O7C/W0NDNL7Tz0M0vvKSwsi+B/bjxL9Chzt1d,W8vNwc+fb8HPXVvJzMa3xeTLzaTOpN9dW6Sqv82YlL1NwaJd,PHAgc3R5bGU9J2ZvbnQtc2l6ZToyOHB4O21hcmdpbi1ib3R0b206MDs+Jz48Yj6ks6TOyczGt6TPyczGt8Xky82kzqTfpMekuaGjPC9iPjwvcD48YSBocmVmPSdodHRwOi8vaXRlbS5yYWt1dGVuLmNvLmpwL2Vjby1saWZlLXIvdHAtc3o0MHIyNi1rdW1pLycgY2xhc3M9J3JvbGxvdmVyJz48aW1nIHNyYz0naHR0cDovL2ltYWdlLnJha3V0ZW4uY28uanAvZWNvLWxpZmUtci9jYWJpbmV0L3dhcmVob3VzZTIva3VtaXRhdGVfa2lib3UuanBnJz48L2E+PGJyPjxwIHN0eWxlPSdjb2xvcjojMDA4MDAwOyBmb250LXdlaWdodDpib2xkOyc+vHvG2sS/sLKjujWhqzEwhtOYScjV4eGky6SqveyksTxicj6l4algpaupYNaxy82jqMe3xrek5I78sVCkzoj2us+k4qS0pLakpKTepLmkzqTH0+ik4aS0wcuz0M/CpLWkpKOpPC9wPjxicj48YnI+PGltZyBzcmM9J2h0dHA6Ly9pbWFnZS5yYWt1dGVuLmNvLmpwL2Vjby1saWZlLXIvY2FiaW5ldC9pY29uL2Fib3V0aGFpc28yLmpwZycgc3R5bGU9J21hcmdpbi1ib3R0b206MTBweDsnPjxicj48aW1nIHNyYz0naHR0cDovL2ltYWdlLnJha3V0ZW4uY28uanAvZWNvLWxpZmUtci9jYWJpbmV0L2ljb24vaGFpc28xMjIuanBnJyBzdHlsZT0nbWFyZ2luLWJvdHRvbToxMHB4Oyc+PGJyPjxpbWcgc3JjPSdodHRwOi8vaW1hZ2UucmFrdXRlbi5jby5qcC9lY28tbGlmZS1yL2NhYmluZXQvaWNvbi9jeXV1aTEuanBnJyBzdHlsZT0nbWFyZ2luLWJvdHRvbToxMHB4Oyc+PGJyPjxpbWcgc3JjPSdodHRwOi8vaW1hZ2UucmFrdXRlbi5jby5qcC9lY28tbGlmZS1yL2NhYmluZXQvaWNvbi90dWlrYS1jeXV1aTQuanBnJyBzdHlsZT0nbWFyZ2luLWJvdHRvbToxMHB4Oyc+PGJyPsrLmJSH7T+XebD8w/e8mj+9TcGi1WjD95X4P7v5tUGH7aGhpM+ks6TBpOmhoaGhPj48YnI+PGJyPjxicj7O3bj5tOe3qKOobW2jqSCjuiC3+TQxMjehwbDC0NAyODI3ocG436S1MjExMKGhoaE8YnIgLz7NwcyotOe3qKOobW2jqSCjuiC3+SA0MDQ3ocGwwtDQIDI2MjKhoaGhPGJyIC8+tLLD5rdlIDEwLjYxxr23vW2jqLxzMy4yMsa6o6kgoaE8YnIgLz7O79bDgsijusTasr+057eoo6htbaOpo7ogt/kyMTQ0ocGwwtDQMjQ1Mj/pX7/at/kxMjM4ocG436S1MTg1MKGhPGJyIC8+8XbdhoLIo7rE2rK/tOe3qKOobW2jqaO6ILf5MTc3NqHBsMLQ0DI0NTI/6V+/2rf5MTcwOKHBuN+ktTE5MDCjqLv5tUHM7KOpPGJyIC8+PGJyIC8+zt24+aTOxM26ydbYIKO6IDMwMDBuL8a9t71to6gzMDBrZ2Yvxr23vW2jqTxiciAvPsXvpM7EzbrJ1tggo7oyMDAwbi/Gvbe9baOoMjAwa2dmL8a9t71to6k8YnIgLz6jqrdl0amjurxzMTAwY22hoTxiciAvPtGppM7W2KS1pM+hote0m3Kky6TopOqJ5LuvpLek3qS5oaPU56ThpMvRqb21pO2kt6TypLekxs/CpLWkpKGjPGJyIC8+IDxiciAvPri2yvTGtyA/pL+kxpi/o6gzsb6jqaGipaKl86WrqWCl16XsqWClyLi2oaM8YnIgLz48YnIgLz6h9oRlidOlqqXXpbel56XzPGJyPrj3t06lqqXXpbel56Xz1JS8mqTPpbOlwaXpo6il4algpaupYKW1paSlyKOpPGJyPqOqpLTPo837pM6I9rrPpM+hoteizsSl1aWpqWCl4KTOguS/vJnapMvTm91kpM7Jz6S0y83Qxc/CpLWkpKGjtbG16qTHpLTXos7EpPK0X9VK4eGhoqWqpdelt6XnpfO0+qTyuqyk4aS/gf248aTypKrWqqTppLukt6TepLmhozxicj48aW1nIHNyYz0naHR0cDovL2ltYWdlLnJha3V0ZW4uY28uanAvZWNvLWxpZmUtci9jYWJpbmV0LzE0L3RwLTQwcjI2LXQuanBnJz48YnI+PGJyPjxicj48aW1nIHNyYz0naHR0cDovL2ltYWdlLnJha3V0ZW4uY28uanAvZWNvLWxpZmUtci9jYWJpbmV0L3dhcmVob3VzZS90cC1jb2xvci5qcGcnPjxicj48aW1nIHNyYz0naHR0cDovL2ltYWdlLnJha3V0ZW4uY28uanAvZWNvLWxpZmUtci9jYWJpbmV0L3dhcmVob3VzZS90cC1zZXR1bWVpMDEuanBnJz48YnI+PGltZyBzcmM9J2h0dHA6Ly9pbWFnZS5yYWt1dGVuLmNvLmpwL2Vjby1saWZlLXIvY2FiaW5ldC93YXJlaG91c2UvdHAtc2V0dW1laTAyLmpwZyc+PGJyPjxpbWcgc3JjPSdodHRwOi8vaW1hZ2UucmFrdXRlbi5jby5qcC9lY28tbGlmZS1yL2NhYmluZXQvd2FyZWhvdXNlL3RwLXNldHVtZWkwMy5qcGcnPjxicj48aW1nIHNyYz0naHR0cDovL2ltYWdlLnJha3V0ZW4uY28uanAvZWNvLWxpZmUtci9jYWJpbmV0L3dhcmVob3VzZTIvdGFrdWJvLW1haW5pbWcuanBnJyB3aWR0aD0iODAwIiBoZWlnaHQ9IjIyMCIgc3R5bGU9Im1hcmdpbi1ib3R0b206MjBweDsiLz48YnI+CjxpbWcgc3JjPSdodHRwOi8vaW1hZ2UucmFrdXRlbi5jby5qcC9lY28tbGlmZS1yL2NhYmluZXQvd2FyZWhvdXNlMi90YWt1Ym8tcG9pbnQxLmpwZycgd2lkdGg9IjgwMCIgaGVpZ2h0PSI2NzAiIHN0eWxlPSJtYXJnaW4tYm90dG9tOjIwcHg7Ii8+PGJyPgo8aW1nIHNyYz0naHR0cDovL2ltYWdlLnJha3V0ZW4uY28uanAvZWNvLWxpZmUtci9jYWJpbmV0L3dhcmVob3VzZTIvdGFrdWJvLXBvaW50Mi5qcGcnIHdpZHRoPSI4MDEiIGhlaWdodD0iMzk3IiBzdHlsZT0ibWFyZ2luLWJvdHRvbToyMHB4OyIvPjxicj4Kof2h/aH9of2h/Txicj4KPHAgc3R5bGU9J2ZvbnQtc2l6ZToyMHB4O2ZvbnQtd2VpZ2h0OmJvbGQ7Jz69TcGipPKktM+jzfukzoj2us+kz9K7tsjT+dKKt2Wkqu6KpKSkpKS/pLek3qS5o76jvjxicj48YnI+Cjxicj48YnI+Cgo8IS0tPHRhYmxlIHdpZHRoPSI4MDAiIGJvcmRlcj0iMCI+Cjx0cj4KPHRkIGNvbHNwYW49IjQiIHN0eWxlPSdjb2xvcjojNDM0MzQzO2ZvbnQtc2l6ZToxNnB4O2ZvbnQtd2VpZ2h0OmJvbGQ7dGV4dC1hbGlnbjpjZW50ZXI7Jz48cD6hvjUvMTWhqzI1z962qKG/terE2sirxrekx8q5pKik66Oh33ik2aTrpa+pYKXdpfOjoSA8L3A+PC90ZD4KPC90cj4KPHRyPgo8dGQ+PGltZyBzcmM9J2h0dHBzOi8vaW1hZ2UucmFrdXRlbi5jby5qcC9lY28tbGlmZS1yL2NhYmluZXQvY3BfMTAwLmpwZyc+PC90ZD4KPHRkPjxpbWcgc3JjPSdodHRwczovL2ltYWdlLnJha3V0ZW4uY28uanAvZWNvLWxpZmUtci9jYWJpbmV0L2NwXzMwMC5qcGcnIHRhcmdldD0nX2JsYW5rJz48L3RkPgo8dGQ+PGltZyBzcmM9J2h0dHBzOi8vaW1hZ2UucmFrdXRlbi5jby5qcC9lY28tbGlmZS1yL2NhYmluZXQvY3BfNTAwLmpwZycgdGFyZ2V0PSdfYmxhbmsnPjwvdGQ+Cjx0ZD48aW1nIHNyYz0naHR0cHM6Ly9pbWFnZS5yYWt1dGVuLmNvLmpwL2Vjby1saWZlLXIvY2FiaW5ldC9jcF8xMDAwLmpwZycgdGFyZ2V0PSdfYmxhbmsnPjwvdGQ+CjwvdHI+CjwvdGFibGU+PGJyPjxicj4tLT4=,pb+lr6Xczu/Ww6GhTXKjrqW5pcilw6Wvpd6l8yCl16XppbmloqXrpdWloaG+tuDRqdDNoaG9WcK2nHDJ2c7duPmhv6GhVFAtU1o0MFIyNluFp7x7juwvhae8ey/O3c3ihae8e47sL87dzeIvgn2O7C/W0NDNL7Tz0M0vvKSwsi+B/bjxL9Chzt1do7qtaL6zyfq77g==,zu/Ww4WnvHuO7KXXpeylz6XWgn2O7KWspeypYKW43IeO7KXQpaSlr6WspeypYKW419TcntyH1sOkrYj2pLSk36W5pcapYKW3peel86W0pd+Fp7yvjuylwKW5pcil3KXDpa+luaXdpbmlyKXhqWCl66XcpcOlr6W5waLLrtb5y67LqNb5kt+z/dPDvt/I66Tspbmlwalgpeul7aXDpaupYKWsqWClx6XzpdWloaXLpcGl46lgzsLK0qXXpeml86W/qWClv6WvpdzO79bDoaFNcqOupbmlyKXDpa+l3qXzIKXXpemluaWipeul1aWhob624NGp0M2hob1ZwraccMnZzt24+aG/oaFUUC1TWjQwUjI2W4WnvHuO7C+Fp7x7L87dzeKFp7x7juwvzt3N4i+CfY7sL9bQ0M0vtPPQzS+8pLCyL4H9uPEv0KHO3V0=,W8vNwc+fb8HPXVvJzMa3xeTLzaTOpN9dW6Sqv82YlL1NwaJdoaOlv6WvpdzO79bDoaFNcqOupbmlyKXDpa+l3qXzIKXXpemluaWipeul1aWhob624NGp0M2hob1ZwraccMnZzt24+aG/oaFUUC1TWjQwUjI2W4WnvHuO7C+Fp7x7L87dzeKFp7x7juwvzt3N4i+CfY7sL9bQ0M0vtPPQzS+8pLCyL4H9uPEv0KHO3V0=[rn]
31-77608,aHR0cDovL3RzaG9wLnIxMHMuanAvZWNvLWxpZmUtci9jYWJpbmV0LzE3Ni9ueG4tMTJkbF8xLmpwZz9maXRpbj03MDA6NzAw,MTA3NjAwLjAwMDA=,,u6g/paypYKXHpfM/RElZID4gpailr6W5pcal6qWiP6WsqWClx6XzpdWloaXLpcGl46lgID4gzu/Ww6St,paSlyqXQzu/WwyClyaWipb+lpKXX30K+QdDNIE5YTi0xMkRMILv5sb6XnaOoMt9Cl52jqSDSu7Dj0M0/tuDRqdDNIFuFp7x7juwvhae8ey/O3c3ihae8e47sL87dzeIvgn2O7C+8pLCyL4H9uPEv0KHO3S+lrKlgpcely6XzpbAvzaUvpKSkyqTQL6SkpMqk0M7v1sMvt1LIfi+k4qTOpKqkrS/O79bDpK1d,W6Wopeqlos/etqjLzcHPn2/Bz11bpKq/zZiUvU3Bol0=,PHAgc3R5bGU9J2NvbG9yOiMwMDgwMDA7Jz6hvrx7xtrEv7Cyob88YnI+PGI+ofbpdpZ8Mba8NrFoK7ijjXUsjG2zx6H6ytbF5OHhoaI1oasxMIbTmEnI1eHhpMukqr3spLE8L2I+PGJyPjxiPqH2zvfI1bG+KOlM0rChosm9wOahor6yjPmk6KTqzveCyKWopeqloimh+jehqzE0htOYScjV4eGky6SqveyksTwvYj48YnI+peGpYKWrqWDWscvNo6jHt8a3pOSO/LespM6I9rrPpOKktKS2pKSk3qS5pM6kx9PopOGktMHLs9DPwqS1pKSjqTwvcD48aW1nIHNyYz0naHR0cDovL2ltYWdlLnJha3V0ZW4uY28uanAvZWNvLWxpZmUtci9jYWJpbmV0L2ljb24vYWJvdXRoYWlzb2luYWJhMS5qcGcnIHN0eWxlPSdtYXJnaW4tYm90dG9tOjEwcHg7Jz48YnI+PGltZyBzcmM9J2h0dHA6Ly9pbWFnZS5yYWt1dGVuLmNvLmpwL2Vjby1saWZlLXIvY2FiaW5ldC9pY29uL2luYWJhMi5qcGcnIHN0eWxlPSdtYXJnaW4tYm90dG9tOjEwcHg7Jz48YnI+PGltZyBzcmM9J2h0dHA6Ly9pbWFnZS5yYWt1dGVuLmNvLmpwL2Vjby1saWZlLXIvY2FiaW5ldC9pY29uL2N5dXVpMS5qcGcnIHN0eWxlPSdtYXJnaW4tYm90dG9tOjEwcHg7Jz48YnI+PGltZyBzcmM9J2h0dHA6Ly9pbWFnZS5yYWt1dGVuLmNvLmpwL2Vjby1saWZlLXIvY2FiaW5ldC9pY29uL3R1aWthLWN5dXVpNC5qcGcnIHN0eWxlPSdtYXJnaW4tYm90dG9tOjEwcHg7Jz48YnI+PHA+PGI+ofmkqr/NmJS9TcGiyczGt6G+sdikuqSq1Wmk36SvpMCktaSkob88L2I+PGJyPr1NwaK5pMrCpbWpYKXTpbmkz9DQpMOkxqSqpOqk3qS7pPOhor1NwaKkz6Sqv82YlKTLpMakqu6KpKSkt6TepLmhozwvcD6h9rv5tUGH7T/N4tDOh+2kz6SzpMGk6Txicj6h9r1NwaLVaMP3lfikz6SzpMGk6Txicj48YnI+PGJyPjxmb250IGNvbG9yPXJlZD7PwtObpM+horv5sb6XnaTOysuYlKTHpLmho6GhPGJyIC8+u/mxvpedo6gy30KXnaOppMuhote3vNOXnaOoM5edxL/S1L21o6mk8rrOl52kx6TioaLXt7zTpLekxu2UpLGk3qS5oaOhoTxiciAvPqH517e805edpM+hojGXnaS0pMiky6OkNjEwMDWD0qOoss6/vIH9uPGjqaTHpLmhozxiciAvPqH5MZedpM6k36TO2JyJ06TPpLSktqSkpN6ku6TzoaOhoTxiciAvPqGhPGJyIC8+o6rXt7zT30KXnc+jzfukzoj2us+hoqSq0oq3ZaTq0sDubaSvpMCktaSkoaM8L2ZvbnQ+PGJyPjxiciAvPqH2zt24+bTnt6ggo7ogt/kxNzQwo6g4NzArODcwo6mhwbDC0NAxNjcwocG436S1MjA3NW1tPGJyIC8+ofbNwcyotOe3qCCjuiC3+TE2NDCjqDgyMCs4MjCjqaHBsMLQ0DE1MzBtbTxiciAvPqH5o7GXnde3vNOky6TEpK3O3bj5pMjNwcyopM63+aTPoaI4MjBtbaXXpemluaGjPGJyPqH26V+/2rTnt6ggo7ogt/k2ODWhwbjfpLUxNzYwbW2hoTxiciAvPqH2tLLD5rdlIKO6IDEuMjXGvcPXo6gwLjM4xrqjqaHB30K+Qcr9oaE8YnIgLz6h9uzpIKO6INPStfWk6tSqpM6k36GhPGJyPqH2hGWJ06Tqpaql16W3peel86TPpLOkwaTpo6il4algpaupYKW1paSlyKOpPGJyIC8+o6qktM+jzfukzoj2us+kz6Gi16LOxKXVpampYKXgpM6C5L+8mdqky9Ob3WSkzsnPpLTLzdDFz8KktaSkoaK1sbXqpMektNeizsSk8rRf1Urh4aGipaql16W3peel87T6pPK6rKThpL+B/bjxpPKkqtaqpOmku6S3pN6kuaGjPGJyPqOqhGWJ08XvsOWkyqTJpM6lqqXXpbel56XzpM+horG+zOWkyM2slXLXos7EpMekz6TKpKSI9rrPpM+EZc2+y83Bz6SssGvJ+qS3pN6kuaGjPGJyPjxCUj48QlI+PGJyIC8+PGltZyBzcmM9J2h0dHA6Ly9pbWFnZS5yYWt1dGVuLmNvLmpwL2Vjby1saWZlLXIvY2FiaW5ldC93YXJlaG91c2UvdGFuYTEyZGwuanBnJyAvPjxiciAvPjxicj48YnI+ofmyvLv5tUG5pMrCpMukxKStpN6kt6TGpM+hojxicj61sbXqpMekzoydj+qkrKTHpK2kxqSqpOqk3qS7pPOhozxicj6kvaTOpL+k4aGiPHNwYW4gY2xhc3M9J2l0ZW1fZGFucmFrdTMnPqG4sry7+bVBuaTKwqG5pM+kqr/NmJSky6TGpKruiqSk1sKkt6TepLmhozwvc3Bhbj48YnIgLz48YnIgLz48YnIgLz48aW1nIHNyYz0naHR0cDovL2ltYWdlLnJha3V0ZW4uY28uanAvZWNvLWxpZmUtci9jYWJpbmV0L3dhcmVob3VzZS8xMmRsLWV4cC5qcGcnIC8+PGJyIC8+PGJyIC8+PGJyIC8+PGltZyBzcmM9J2h0dHA6Ly9pbWFnZS5yYWt1dGVuLmNvLmpwL2Vjby1saWZlLXIvY2FiaW5ldC93YXJlaG91c2UvZG9vci1leHAuanBnJyAvPjxpbWcgc3JjPSdodHRwOi8vaW1hZ2UucmFrdXRlbi5jby5qcC9lY28tbGlmZS1yL2NhYmluZXQvd2FyZWhvdXNlL2Rvb3ItZXhwMi5qcGcnIC8+PGJyIC8+PGltZyBzcmM9J2h0dHA6Ly9pbWFnZS5yYWt1dGVuLmNvLmpwL2Vjby1saWZlLXIvY2FiaW5ldC93YXJlaG91c2UyL3doLW9zdXN1bWUwMS5qcGcnIHRhcmdldD0nX2JsYW5rJz4KPGJyPjxicj4KPCEtLTx0YWJsZSB3aWR0aD0iODAwIiBib3JkZXI9IjAiPgo8dHI+Cjx0ZCBjb2xzcGFuPSI0IiBzdHlsZT0nY29sb3I6IzQzNDM0Mztmb250LXNpemU6MTZweDtmb250LXdlaWdodDpib2xkO3RleHQtYWxpZ246Y2VudGVyOyc+PHA+ob41LzE1oasyNc/etqihv7XqxNrIq8a3pMfKuaSopOujod94pNmk66WvqWCl3aXzo6EgPC9wPjwvdGQ+CjwvdHI+Cjx0cj4KPHRkPjxpbWcgc3JjPSdodHRwczovL2ltYWdlLnJha3V0ZW4uY28uanAvZWNvLWxpZmUtci9jYWJpbmV0L2NwXzEwMC5qcGcnPjwvdGQ+Cjx0ZD48aW1nIHNyYz0naHR0cHM6Ly9pbWFnZS5yYWt1dGVuLmNvLmpwL2Vjby1saWZlLXIvY2FiaW5ldC9jcF8zMDAuanBnJyB0YXJnZXQ9J19ibGFuayc+PC90ZD4KPHRkPjxpbWcgc3JjPSdodHRwczovL2ltYWdlLnJha3V0ZW4uY28uanAvZWNvLWxpZmUtci9jYWJpbmV0L2NwXzUwMC5qcGcnIHRhcmdldD0nX2JsYW5rJz48L3RkPgo8dGQ+PGltZyBzcmM9J2h0dHBzOi8vaW1hZ2UucmFrdXRlbi5jby5qcC9lY28tbGlmZS1yL2NhYmluZXQvY3BfMTAwMC5qcGcnIHRhcmdldD0nX2JsYW5rJz48L3RkPgo8L3RyPgo8L3RhYmxlPjxicj48YnI+LS0+,paSlyqXQzu/WwyClyaWipb+lpKXX30K+QdDNIE5YTi0xMkRMILv5sb6XnaOoMt9Cl52jqSDSu7Dj0M0/tuDRqdDNIFuFp7x7juwvhae8ey/O3c3ihae8e47sL87dzeIvgn2O7C+8pLCyL4H9uPEv0KHO3S+lrKlgpcely6XzpbAvzaUvpKSkyqTQL6SkpMqk0M7v1sMvt1LIfi+k4qTOpKqkrS/O79bDpK1do7qtaL6zyfq77g==,zu/Ww4WnvHuO7KXXpeylz6XWgn2O7KWspeypYKW43IeO7KXQpaSlr6WspeypYKW419TcntyH1sOkrYj2pLSk36W5pcapYKW3peel86W0pd+Fp7yvjuylwKW5pcil3KXDpa+luaXdpbmlyKXhqWCl66XcpcOlr6W5waLLrtb5y67LqNb5kt+z/dPDvt/I66Tspbmlwalgpeul7aXDpaupYKWsqWClx6XzpdWloaXLpcGl46lgzsLK0qXXpeml86W/qWClpKXKpdDO79bDIKXJpaKlv6WkpdffQr5B0M0gTlhOLTEyREwgu/mxvpedo6gy30KXnaOpINK7sOPQzT+24NGp0M0gW4WnvHuO7C+Fp7x7L87dzeKFp7x7juwvzt3N4i+CfY7sL7yksLIvgf248S/Qoc7dL6WsqWClx6XLpfOlsC/NpS+kpKTKpNAvpKSkyqTQzu/Wwy+3Ush+L6TipM6kqqStL87v1sOkrV0=,W6Wopeqlos/etqjLzcHPn2/Bz11bpKq/zZiUvU3Bol2ho6Wkpcql0M7v1sMgpcmloqW/paSl199CvkHQzSBOWE4tMTJETCC7+bG+l52jqDLfQpedo6kg0ruw49DNP7bg0anQzSBbhae8e47sL4WnvHsvzt3N4oWnvHuO7C/O3c3iL4J9juwvvKSwsi+B/bjxL9Chzt0vpaypYKXHpcul86WwL82lL6SkpMqk0C+kpKTKpNDO79bDL7dSyH4vpOKkzqSqpK0vzu/Ww6StXQ==[rn]
31-77609,aHR0cDovL3RzaG9wLnIxMHMuanAvZWNvLWxpZmUtci9jYWJpbmV0LzE2OC95ZGVzLTE4MDUtc18xLmpwZz9maXRpbj03MDA6NzAw,MjAwMC4wMDAw,,u6g/paypYKXHpfM/RElZID4gpailr6W5pcal6qWiP6WsqWClx6XzpdWloaXLpcGl46lgID4gzu/Ww6St,peilyc7v1sOlqKW5peIgpaql16W3peel8yCEZYnTxe8gRVNFLTE4MDUtU9DNILf5NTk2ocGwwtDQMzM3LjVtbQ==,y83Bz9Kq0oq3ZQ==,PGltZyBzcmM9J2h0dHA6Ly9pbWFnZS5yYWt1dGVuLmNvLmpwL2Vjby1saWZlLXIvY2FiaW5ldC9pY29uL2Fib3V0aGFpc28yLmpwZycgc3R5bGU9J21hcmdpbi1ib3R0b206MTBweDsnPjxicj4KPGltZyBzcmM9J2h0dHA6Ly9pbWFnZS5yYWt1dGVuLmNvLmpwL2Vjby1saWZlLXIvY2FiaW5ldC9pY29uL2hhaXNvMTA2LmpwZycgc3R5bGU9J21hcmdpbi1ib3R0b206MTBweDsnPjxicj6ltaWkpbqjurf5NTk2ocGwwtDQMzM3LjVtbTxicj7W2MG/o7ozMKPro+c8YnI+ofmEZYnTxe+ky6TPxe/K3KSsuLakpKTGpKSk3qS5oaM8YnI+PGZvbnQgY29sb3I9J3JlZCc+ofmlqqXXpbel56XzpM7Iobi2jJ2P6qTPzu/Ww7G+zOWkzr1NwaK5pMrCpMjNrJVy16LOxKTOiPa6z6TOpN+z0KTqpN6kuaGjPGJyPqH5paql16W3peel86TOpN+k8qS0z6PN+6TOiPa6z6TPhGXNvsvNwc+krKSrpKuk6qTepLmkzqTHpKrSirdlpOqk8qS00sDubaSvpMCktaSkoaM8L2ZvbnQ+PGJyPjxicj48aW1nIHNyYz0naHR0cDovL2ltYWdlLnJha3V0ZW4uY28uanAvZWNvLWxpZmUtci9jYWJpbmV0L3dhcmVob3VzZTIvd2gtb3N1c3VtZTAxLmpwZycgdGFyZ2V0PSdfYmxhbmsnPgo8YnI+PGJyPgo8IS0tPHRhYmxlIHdpZHRoPSI4MDAiIGJvcmRlcj0iMCI+Cjx0cj4KPHRkIGNvbHNwYW49IjQiIHN0eWxlPSdjb2xvcjojNDM0MzQzO2ZvbnQtc2l6ZToxNnB4O2ZvbnQtd2VpZ2h0OmJvbGQ7dGV4dC1hbGlnbjpjZW50ZXI7Jz48cD6hvjUvMTWhqzI1z962qKG/terE2sirxrekx8q5pKik66Oh33ik2aTrpa+pYKXdpfOjoSA8L3A+PC90ZD4KPC90cj4KPHRyPgo8dGQ+PGltZyBzcmM9J2h0dHBzOi8vaW1hZ2UucmFrdXRlbi5jby5qcC9lY28tbGlmZS1yL2NhYmluZXQvY3BfMTAwLmpwZyc+PC90ZD4KPHRkPjxpbWcgc3JjPSdodHRwczovL2ltYWdlLnJha3V0ZW4uY28uanAvZWNvLWxpZmUtci9jYWJpbmV0L2NwXzMwMC5qcGcnIHRhcmdldD0nX2JsYW5rJz48L3RkPgo8dGQ+PGltZyBzcmM9J2h0dHBzOi8vaW1hZ2UucmFrdXRlbi5jby5qcC9lY28tbGlmZS1yL2NhYmluZXQvY3BfNTAwLmpwZycgdGFyZ2V0PSdfYmxhbmsnPjwvdGQ+Cjx0ZD48aW1nIHNyYz0naHR0cHM6Ly9pbWFnZS5yYWt1dGVuLmNvLmpwL2Vjby1saWZlLXIvY2FiaW5ldC9jcF8xMDAwLmpwZycgdGFyZ2V0PSdfYmxhbmsnPjwvdGQ+CjwvdHI+CjwvdGFibGU+PGJyPjxicj4tLT4=,peilyc7v1sOlqKW5peIgpaql16W3peel8yCEZYnTxe8gRVNFLTE4MDUtU9DNILf5NTk2JnRpbWVzO7DC0NAzMzcuNW1to7qtaL6zyfq77g==,zu/Ww4WnvHuO7KXXpeylz6XWgn2O7KWspeypYKW43IeO7KXQpaSlr6WspeypYKW419TcntyH1sOkrYj2pLSk36W5pcapYKW3peel86W0pd+Fp7yvjuylwKW5pcil3KXDpa+luaXdpbmlyKXhqWCl66XcpcOlr6W5waLLrtb5y67LqNb5kt+z/dPDvt/I66Tspbmlwalgpeul7aXDpaupYKWsqWClx6XzpdWloaXLpcGl46lgzsLK0qXXpeml86W/qWCl6KXJzu/Ww6Wopbml4iClqqXXpbel56XzIIRlidPF7yBFU0UtMTgwNS1T0M0gt/k1OTYmdGltZXM7sMLQ0DMzNy41bW0=,y83Bz9Kq0oq3ZaGjpeilyc7v1sOlqKW5peIgpaql16W3peel8yCEZYnTxe8gRVNFLTE4MDUtU9DNILf5NTk2JnRpbWVzO7DC0NAzMzcuNW1t[rn]
31-77610,aHR0cDovL3RzaG9wLnIxMHMuanAvZWNvLWxpZmUtci9jYWJpbmV0LzE0Ni9sbGMtMTEwOG5fMS5qcGc/Zml0aW49NzAwOjcwMA==,MTM4MDgwLjAwMDA=,,u6g/paypYKXHpfM/RElZID4gpailr6W5pcal6qWiP6WsqWClx6XzpdWloaXLpcGl46lgID4gzu/Ww6St,ob7Su7DjP7rA0am5stPD0M2hv6XopcnO79bDoaGlqKXrpeKhod9CvkHQzaGhTExELTExMDhOo6ilyaWipb+lpKXXo6mhobv5sb6XnaOoMpedt9ajqaGht/kyNDEzocGwwtDQMTAzN6HBuN+ktTIxMjEuNW1toaGh+cvNwc/SqtKKt2Wk6g==,W8vNwc/SqtKKt2VdIFukqr/NmJS9TcGiXQ==,PHAgc3R5bGU9J2NvbG9yOiMwMDgwMDA7Jz48Yj6hvrx7xtrEv7Cyob88L2I+PGJyPqOz30zpZ7PMtsg8YnI+tPPQzd9C0N2kqqTopNPE6sSpxOrKvKTPs/2kraTepLmhozxicj6l4algpaupYNTajuykrKTKpKSI9rrPoaLJ+q5i17SbcqTLpOik6rj8pMu8e8bapKykq6SrpOuI9rrPpKyktKS2pKSk3qS5oaPT6KThpLTBy7PQz8KktaSkoaM8L3A+PGJyPjxpbWcgc3JjPSdodHRwOi8vaW1hZ2UucmFrdXRlbi5jby5qcC9lY28tbGlmZS1yL2NhYmluZXQvaWNvbi9hYm91dGhhaXNvOS5qcGcnIHN0eWxlPSdtYXJnaW4tYm90dG9tOjEwcHg7Jz48YnI+PGltZyBzcmM9J2h0dHA6Ly9pbWFnZS5yYWt1dGVuLmNvLmpwL2Vjby1saWZlLXIvY2FiaW5ldC9pY29uL2hhaXNvMTA2LmpwZycgc3R5bGU9J21hcmdpbi1ib3R0b206MTBweDsnPjxicj48aW1nIHNyYz0naHR0cDovL2ltYWdlLnJha3V0ZW4uY28uanAvZWNvLWxpZmUtci9jYWJpbmV0L2ljb24vY3l1dWkxLmpwZycgc3R5bGU9J21hcmdpbi1ib3R0b206MTBweDsnPjxicj48aW1nIHNyYz0naHR0cDovL2ltYWdlLnJha3V0ZW4uY28uanAvZWNvLWxpZmUtci9jYWJpbmV0L2ljb24vdHVpa2EtY3l1dWk0LmpwZycgc3R5bGU9J21hcmdpbi1ib3R0b206MTBweDsnPjxicj48cD48Yj6h+aSqv82YlL1NwaLJzMa3ob6x2KS6pKrVaaTfpK+kwKS1pKShvzwvYj48YnI+vU3BormkysKltalgpdOluaTP0NCkw6TGpKqk6qTepLuk86GivU3BoqTPpKq/zZiUpMukxqSq7oqkpKS3pN6kuaGjPC9wPsrLmJSH7T+9TcGi1WjD95X4oaGkz6SzpMGk6aGhoaE+Pjxicj48YnI+PHAgY2xhc3M9J2l0ZW1fZGFucmFrdTMnPqH530K+Qc7v1sOkzqS/pOExl52kzqTfpM6ktNmPyOukz6THpK2k3qS7pPOhorHYpLoyl53S1MnPpMektNeizsTPwqS1pKShozwvcD48dGFibGUgd2lkdGg9JzEwMCUnIGJvcmRlcj0nMCcgY2VsbHBhZGRpbmc9JzAnIGNlbGxzcGFjaW5nPScwJz48dHI+PHRkPjx0YWJsZSB3aWR0aD0nMTAwJScgYm9yZGVyPScwJyBhbGlnbj0nY2VudGVyJyBjZWxscGFkZGluZz0nNScgY2VsbHNwYWNpbmc9JzAnIGNsYXNzPSdpdGVtX2RhbnJha3ViYWMnPjx0ciBhbGlnbj0nbGVmdCc+PHRkIHdpZHRoPSc5OScgY2xhc3M9J2l0ZW1fZm9udDInPs7duPm057eoKG1tKTwvdGQ+PHRkIHdpZHRoPScyNzgnIGNsYXNzPSdpdGVtX2ZvbnQxJz63+TI0MTOhwbDC0NAxMDM3ocG436S1o6jHsKOpMjEyMS41o6jh4aOpMjA2MC41PC90ZD48L3RyPjx0ciBhbGlnbj0nbGVmdCc+PHRkIGNsYXNzPSdpdGVtX2ZvbnQyJz7NwcyotOe3qChtbSk8L3RkPjx0ZCBjbGFzcz0naXRlbV9mb250MSc+t/kyMzE5ocGwwtDQODExPC90ZD48L3RyPjx0ciBhbGlnbj0nbGVmdCc+PHRkIGNsYXNzPSdpdGVtX2ZvbnQyJz7T0IS/6V+/2rTnt6gobW0pPC90ZD48dGQgY2xhc3M9J2l0ZW1fZm9udDEnPrf5Nzc3ocG436S1o6jJz7bOo6k4NjejqM/Cts6jqTg3OTwvdGQ+PC90cj48dHIgYWxpZ249J2xlZnQnPjx0ZCBjbGFzcz0naXRlbV9mb250Mic+09CEv87dxNq057eoKG1tKTwvdGQ+PHRkIGNsYXNzPSdpdGVtX2ZvbnQxJz63+aO6o6jJz7bOo6kxMDgwo6jPwrbOo6kxMDg2PGJyIC8+uN+ktaO6o6jJz7bOo6k5NTmjqM/Cts6jqTkxNzxiciAvPrDC0NCjuqOoyc+2zqOpNzQ0o6jPwrbOo6k3MzU8L3RkPjwvdHI+PHRyIGFsaWduPSdsZWZ0Jz48dGQgY2xhc3M9J2l0ZW1fZm9udDInPrdl0am6ydbYPC90ZD48dGQgY2xhc3M9J2l0ZW1fZm9udDEnPrxzMTIwME6jqDEyMGtnZqOpL8a9t71toaG3ZdGpoaG8czYwY208YnIgLz7RqaTO1tiktaTP17SbcqTLpOik6onku6+kt6TepLmho9TnpOGky9GppKqk7aS3pPKkt6TGz8KktaSkoaM8L3RkPjwvdHI+PHRyIGFsaWduPSdsZWZ0Jz48dGQgY2xhc3M9J2l0ZW1fZm9udDInPt9Cl52ky6TEpKSkxjwvdGQ+PHRkIGNsYXNzPSdpdGVtX2ZvbnQxJz4/17e805edo6gxl5231qOpoaE3NjEwMIPSPGJyIC8+o6oy30KXndLUyc+horrOl52kx6Tiyqm5pL/JxNykx6S5oaM8YnIgLz48cCBjbGFzcz0naXRlbV9kYW5yYWt1Myc+o6rXt7zTl52ktM+jzfukzoj2us+kz6GipKrSirdlpOrSwO5tpK+kwKS1pKShozwvcD48L3RkPjwvdHI+PHRyIGFsaWduPSdsZWZ0Jz48dGQgY2xhc3M9J2l0ZW1fZm9udDInPsvYssQ8L3RkPjx0ZCBjbGFzcz0naXRlbV9mb250MSc+pbWl06TLj4qkpKOhPGJyIC8+paKl66XfgYTjVbrPs8mk4aTDpK2jqKWspeul0KXqpaal4OSTsOXKy5iUo6k8YnIgLz6h+c3isr+ky8PmpLmk68irpMakzuSTsOWky8q508M8L3RkPjwvdHI+PHRyIGFsaWduPSdsZWZ0Jz48dGQgY2xhc3M9J2l0ZW1fZm9udDInPri2yvTGtzwvdGQ+PHRkIGNsYXNzPSdpdGVtX2ZvbnQxJz6jqMXvsOW436S11Xu5naTPMTAwo+2jr6PtpdSlw6XBo6k8L3RkPjwvdHI+PHRyIGFsaWduPSdsZWZ0Jz48dGQgY2xhc3M9J2l0ZW1fZm9udDInPoRlidOlqqXXpbel56XzPC90ZD48dGQgY2xhc3M9J2l0ZW1fZm9udDEnPoRlidOk6sXvP9yOpcilpKW7pcOlyKTypLTPo837pM6I9rrPpM+ls6XBpemk8qS000XPwqS1pKShoyhQREYpPGJyIC8+PHAgY2xhc3M9J2l0ZW1fZGFucmFrdTInPqOqpLTPo837pM6I9rrPpM+hoteizsSl1aWpqWCl4KTOguS/vJnapMvTm91kpM7Jz6S0y83Qxc/CpLWkpKGitbG16qTHpLTXos7EpPK0X9VK4eGhoqWqpdelt6XnpfO0+qTyuqyk4aS/gf248aTypKrWqqTppLukt6TepLmhozwvcD48L3RkPjwvdHI+PC90YWJsZT48cCBjbGFzcz0naXRlbV9kYW5yYWt1Myc+o6q8e8bapM+jst9M6WezzLbIpKukq6TqpN6kuaGjPC9wPjxwIGNsYXNzPSdpdGVtX2RhbnJha3UzJz6jqrWx1JPJzMa3pM+hopedyv2k5Lx7xrfPyKWopeqloqTLpOikw6TGpcGl46lgpb+pYLHjpMekzsXky82ky6TKpOuI9rrPpKykoqTqpN6kuaGjPGJyPgqlwaXjqWClv6lgtPqky6TEpK2k3qS3pMakz6GihGXNvqSq0oq3ZaTqpPKktNLA7m2kr6TApLWkpKGjPC9wPjwvdGQ+PC90cj48L3RhYmxlPjxCUj48aW1nIHNyYz0naHR0cDovL2ltYWdlLnJha3V0ZW4uY28uanAvZWNvLWxpZmUtci9jYWJpbmV0L3dhcmVob3VzZTIvd2gtb3N1c3VtZTAxLmpwZycgdGFyZ2V0PSdfYmxhbmsnPgo8YnI+PGJyPgo8IS0tPHRhYmxlIHdpZHRoPSI4MDAiIGJvcmRlcj0iMCI+Cjx0cj4KPHRkIGNvbHNwYW49IjQiIHN0eWxlPSdjb2xvcjojNDM0MzQzO2ZvbnQtc2l6ZToxNnB4O2ZvbnQtd2VpZ2h0OmJvbGQ7dGV4dC1hbGlnbjpjZW50ZXI7Jz48cD6hvjUvMTWhqzI1z962qKG/terE2sirxrekx8q5pKik66Oh33ik2aTrpa+pYKXdpfOjoSA8L3A+PC90ZD4KPC90cj4KPHRyPgo8dGQ+PGltZyBzcmM9J2h0dHBzOi8vaW1hZ2UucmFrdXRlbi5jby5qcC9lY28tbGlmZS1yL2NhYmluZXQvY3BfMTAwLmpwZyc+PC90ZD4KPHRkPjxpbWcgc3JjPSdodHRwczovL2ltYWdlLnJha3V0ZW4uY28uanAvZWNvLWxpZmUtci9jYWJpbmV0L2NwXzMwMC5qcGcnIHRhcmdldD0nX2JsYW5rJz48L3RkPgo8dGQ+PGltZyBzcmM9J2h0dHBzOi8vaW1hZ2UucmFrdXRlbi5jby5qcC9lY28tbGlmZS1yL2NhYmluZXQvY3BfNTAwLmpwZycgdGFyZ2V0PSdfYmxhbmsnPjwvdGQ+Cjx0ZD48aW1nIHNyYz0naHR0cHM6Ly9pbWFnZS5yYWt1dGVuLmNvLmpwL2Vjby1saWZlLXIvY2FiaW5ldC9jcF8xMDAwLmpwZycgdGFyZ2V0PSdfYmxhbmsnPjwvdGQ+CjwvdHI+CjwvdGFibGU+PGJyPjxicj4tLT4=,ob7Su7DjP7rA0am5stPD0M2hv6XopcnO79bDoaGlqKXrpeKhod9CvkHQzaGhTExELTExMDhOo6ilyaWipb+lpKXXo6mhobv5sb6XnaOoMpedt9ajqaGht/kyNDEzJnRpbWVzO7DC0NAxMDM3JnRpbWVzO7jfpLUyMTIxLjVtbaGhofnLzcHP0qrSirdlpOqjuq1ovrPJ+rvu,zu/Ww4WnvHuO7KXXpeylz6XWgn2O7KWspeypYKW43IeO7KXQpaSlr6WspeypYKW419TcntyH1sOkrYj2pLSk36W5pcapYKW3peel86W0pd+Fp7yvjuylwKW5pcil3KXDpa+luaXdpbmlyKXhqWCl66XcpcOlr6W5waLLrtb5y67LqNb5kt+z/dPDvt/I66Tspbmlwalgpeul7aXDpaupYKWsqWClx6XzpdWloaXLpcGl46lgzsLK0qXXpeml86W/qWChvtK7sOM/usDRqbmy08PQzaG/peilyc7v1sOhoaWopeul4qGh30K+QdDNoaFMTEQtMTEwOE6jqKXJpaKlv6WkpdejqaGhu/mxvpedo6gyl5231qOpoaG3+TI0MTMmdGltZXM7sMLQ0DEwMzcmdGltZXM7uN+ktTIxMjEuNW1toaGh+cvNwc/SqtKKt2Wk6g==,W8vNwc/SqtKKt2VdIFukqr/NmJS9TcGiXaGjob7Su7DjP7rA0am5stPD0M2hv6XopcnO79bDoaGlqKXrpeKhod9CvkHQzaGhTExELTExMDhOo6ilyaWipb+lpKXXo6mhobv5sb6XnaOoMpedt9ajqaGht/kyNDEzJnRpbWVzO7DC0NAxMDM3JnRpbWVzO7jfpLUyMTIxLjVtbaGhofnLzcHP0qrSirdlpOo=[rn]
31-77611,aHR0cDovL3RzaG9wLnIxMHMuanAvZWNvLWxpZmUtci9jYWJpbmV0LzY0L25zLXoyNTI5LTJfMS5qcGc/Zml0aW49NzAwOjcwMA==,Mjg5NTIwLjAwMDA=,,u6g/paypYKXHpfM/RElZID4gpailr6W5pcal6qWiP6WsqWClx6XzpdWloaXLpcGl46lgID4gzu/Ww6St,pb+lr6Xczu/Ww6Gho82j8i6lt6XjpcOlv6lgpd6l86GhpcCl86XHpaOhoVdTLVoyNTI5LTKhodK7sOPQzaGhvVnCtpxwydnO3bj5oaEy30KXnVuFp7x7juwvhae8ey/O3c3ihae8e47sL87dzeIvgn2O7C+089DNXQ==,W8vNwc+fb8HPXVukqr/NmJS9TcGiXQ==,PHAgc3R5bGU9J2NvbG9yOiMwMDgwMDA7IGZvbnQtd2VpZ2h0OmJvbGQ7Jz68e8baxL+wsqO6yczGt8rWxeTh4aGio7Khq6Oz30zpZ7PMtsgozaizo9TajuykzqTKpKTJzMa3pM6e6Sk8YnI+peGpYKWrqWDWscvNo6jHt8a3pOSO/LFQpM6I9rrPpOKktKS2pKSk3qS5pM6kx9PopOGktMHLs9DPwqS1pKSjqTwvcD48YnI+PGJyPjxicj48YnI+PGJyPjxpbWcgc3JjPSdodHRwOi8vaW1hZ2UucmFrdXRlbi5jby5qcC9lY28tbGlmZS1yL2NhYmluZXQvaWNvbi9hYm91dGhhaXNvMi5qcGcnIHN0eWxlPSdtYXJnaW4tYm90dG9tOjEwcHg7Jz48YnI+PGltZyBzcmM9J2h0dHA6Ly9pbWFnZS5yYWt1dGVuLmNvLmpwL2Vjby1saWZlLXIvY2FiaW5ldC9pY29uL2hhaXNvMTIyLmpwZycgc3R5bGU9J21hcmdpbi1ib3R0b206MTBweDsnPjxicj48aW1nIHNyYz0naHR0cDovL2ltYWdlLnJha3V0ZW4uY28uanAvZWNvLWxpZmUtci9jYWJpbmV0L2ljb24vY3l1dWkxLmpwZycgc3R5bGU9J21hcmdpbi1ib3R0b206MTBweDsnPjxicj48aW1nIHNyYz0naHR0cDovL2ltYWdlLnJha3V0ZW4uY28uanAvZWNvLWxpZmUtci9jYWJpbmV0L2ljb24vdHVpa2EtY3l1dWk0LmpwZycgc3R5bGU9J21hcmdpbi1ib3R0b206MTBweDsnPjxicj48cD48Yj6h+aSqv82YlL1NwaLJzMa3ob6x2KS6pKrVaaTfpK+kwKS1pKShvzwvYj48YnI+vU3BormkysKltalgpdOluaTP0NCkw6TGpKqk6qTepLuk86GivU3BoqTPpKq/zZiUpMukxqSq7oqkpKS3pN6kuaGjPC9wPsrLmJSH7T+XebD8w/e8mj+9TcGi1WjD95X4P7v5tUGH7aGhpM+ks6TBpOmhoaGhPj48YnI+PGJyPjx0YWJsZSB3aWR0aD0nMTAwJScgYm9yZGVyPScwJyBhbGlnbj0nY2VudGVyJyBjZWxscGFkZGluZz0nNScgY2VsbHNwYWNpbmc9JzAnIGNsYXNzPSdpdGVtX2RhbnJha3ViYWMnPiA8dHIgYWxpZ249J2xlZnQnPjx0ZCB3aWR0aD0nOTknIGNsYXNzPSdpdGVtX2ZvbnQyJz7O3bj5tOe3qDwvZm9udD48L3RkPjx0ZCB3aWR0aD0nMjc4JyBjbGFzcz0naXRlbV9mb250MSc+6We/2jUxNTmhwbDC0NAzMTk1ocG43zI1NzAgbW08L3RkPjwvdHI+IDx0ciBhbGlnbj0nbGVmdCc+PHRkIHdpZHRoPSc5OScgY2xhc3M9J2l0ZW1fZm9udDInPs3BzKi057eoPC9mb250PjwvdGQ+PHRkIHdpZHRoPScyNzgnIGNsYXNzPSdpdGVtX2ZvbnQxJz7pZ7/aNTA3OaHBsMLQ0DI5OTAgbW08L3RkPjwvdHI+PHRyIGFsaWduPSdsZWZ0Jz48dGQgY2xhc3M9J2l0ZW1fZm9udDInPsTasr+057eoPC90ZD48dGQgY2xhc3M9J2l0ZW1fZm9udDEnPulnv9o1MDIzocGwwtDQMjgyMG1tPC90ZD48L3RyPjx0ciBhbGlnbj0nbGVmdCc+PHRkIGNsYXNzPSdpdGVtX2ZvbnQyJz7pX7/asr88L3RkPjx0ZCBjbGFzcz0naXRlbV9mb250MSc+6We/2jIzMTihwbjfMjEzMG1toasyMzMwbW08YnI+PHAgY2xhc3M9J2l0ZW1fZGFucmFrdTInPqOq6V+/2rjfpLWkz7v5tUGkzrjfpLWky6TopOqukKTKpOqk3qS5oaM8L3A+PC90ZD48L3RyPjx0ciBhbGlnbj0nbGVmdCc+PHRkIGNsYXNzPSdpdGVtX2ZvbnQyJz60ssPmt2U8L3RkPjx0ZCBjbGFzcz0naXRlbV9mb250MSc+MTWjrjE5xr23vW2jqLxzNaOuMDHGuqOpPC90ZD48L3RyPjx0ciBhbGlnbj0nbGVmdCc+PHRkIGNsYXNzPSdpdGVtX2ZvbnQyJz7O3bj5xM26ydbYPC90ZD48dGQgY2xhc3M9J2l0ZW1fZm9udDEnPjEyMDBOL8a9w9ejqDEyMGtnZi/GvcPXo6k8YnIgLz48L3RkPjwvdHI+PHRyIGFsaWduPSdsZWZ0Jz48dGQgY2xhc3M9J2l0ZW1fZm9udDInPri2yvTGtzwvdGQ+PHRkIGNsYXNzPSdpdGVtX2ZvbnQxJz7cjqTIpKQ/pL+kxpi/P6WipfOlq6lgpdyl66XIPC90ZD48L3RyPiA8dHIgYWxpZ249J2xlZnQnPjx0ZCBjbGFzcz0naXRlbV9mb250Mic+hGWJ06Wqpdelt6XnpfM8L3RkPjx0ZCBjbGFzcz0naXRlbV9mb250MSc+PGltZyBzcmM9J2h0dHA6Ly9pbWFnZS5yYWt1dGVuLmNvLmpwL2Vjby1saWZlLXIvY2FiaW5ldC93YXJlaG91c2Uvd3MtMjUyOS5qcGcnPjxicj6497dOpaql16W3peel89SUvJqkz6WzpcGl6aOopeGpYKWrqWCl2qlgpbijqTxiciAvPjxwIGNsYXNzPSdpdGVtX2RhbnJha3UyJz6jqqS0z6PN+6TOiPa6z6TPoaLXos7EpdWlqalgpeCkzoLkv7yZ2qTL05vdZKTOyc88YnIgLz6ktMvN0MXPwqS1pKShorWxteqkx6S016LOxKTytF/VSuHhoaI8YnIgLz6lqqXXpbel56XztPqk8rqspOGkv4H9uPGk8qSq1qqk6aS7pLek3qS5oaM8L3A+PHAgY2xhc3M9J2l0ZW1fZGFucmFrdTInPqOqyqm5pKTIpaql16W3peel84FJt72k8qS0z6PN+6TOiPa6z6TPpKrSirdlpOrPwqS1pKShozwvcD48L3RkPiA8L3RyPiAgIDx0ciBhbGlnbj0nbGVmdCc+PHRkIGNsYXNzPSdpdGVtX2ZvbnQyJz67+bVBuaTKwjxiciAvPqTLpMSkpKTGPC90ZD48dGQgY2xhc3M9J2l0ZW1fZm9udDEnPjxpbWcgc3JjPSdodHRwOi8vaW1hZ2UucmFrdXRlbi5jby5qcC9lY28tbGlmZS1yL2NhYmluZXQvZ2FyYWdlL2tpc29rb3V6aS5qcGcnPjwvdGQ+PC90cj48L3RhYmxlPjxCUj48cCBjbGFzcz0nc3R5bGUxJz6jqrbg0anQzaTH30KXnaW/paSl16TLpLmk64j2us+kz6GipLmk2aTGpM6XnaTIl52kzulnpMvpZ8rLx9Ck6qW7pcOlyKTepL+kz7bg0anQzdPDwbrPwtFhj4ql0aXNpeukrLHY0qqky6TKpOqk3qS5oaMgIKOy30KXnaTKpOmjsaW7pcOlyKGio7PfQpedpMekoqTspNCjsqW7pcOlyLHY0qqhoqO030KXnaTKpOmjs6W7pcOlyLHY0qqkx6S5oaM8L3A+PHAgY2xhc3M9J3N0eWxlMSc+o6rpZ8rLx9Ck6qW7pcOlyKTItuDRqdDN08PBus/C0WGPiqXRpc2l66TO32CkpKTLpMSkpKTGPGJyIC8+ICDpZ8rLx9Ck6qW7pcOlyKTPoaKXnaTIl52kzulnpPLN6sirpMvKy8fQpOuk4qTOpMqkzqTHoaKO7MTapKuk6ZedpMiXnaTO6Wek8tDQpK3AtKS5pOuks6TIpM+kx6StpN6ku6TzoaM8YnIgLz4gILbg0anQzdPDwbrPwtFhj4ql0aXNpeukz7f5NzAwbW2kzqXRpc2l66THoaKxvszl4eG3vaTOl52kyJedpM7pZ6TL1E/Ww6S3pN6kuaGjjuzE2qSrpOmXnaTIl52kzulnpPLQ0KStwLSkx6StpN6kuaGjPC9wPjxpbWcgc3JjPSdodHRwOi8vaW1hZ2UucmFrdXRlbi5jby5qcC9lY28tbGlmZS1yL2NhYmluZXQvd2FyZWhvdXNlMi90YWt1Ym8tbWFpbmltZy5qcGcnIHdpZHRoPSI4MDAiIGhlaWdodD0iMjIwIiBzdHlsZT0ibWFyZ2luLWJvdHRvbToyMHB4OyIvPjxicj4KPGltZyBzcmM9J2h0dHA6Ly9pbWFnZS5yYWt1dGVuLmNvLmpwL2Vjby1saWZlLXIvY2FiaW5ldC93YXJlaG91c2UyL3Rha3Viby1wb2ludDEuanBnJyB3aWR0aD0iODAwIiBoZWlnaHQ9IjY3MCIgc3R5bGU9Im1hcmdpbi1ib3R0b206MjBweDsiLz48YnI+CjxpbWcgc3JjPSdodHRwOi8vaW1hZ2UucmFrdXRlbi5jby5qcC9lY28tbGlmZS1yL2NhYmluZXQvd2FyZWhvdXNlMi90YWt1Ym8tcG9pbnQyLmpwZycgd2lkdGg9IjgwMSIgaGVpZ2h0PSIzOTciIHN0eWxlPSJtYXJnaW4tYm90dG9tOjIwcHg7Ii8+PGJyPgqh/aH9of2h/aH9PGJyPgo8cCBzdHlsZT0nZm9udC1zaXplOjIwcHg7Zm9udC13ZWlnaHQ6Ym9sZDsnPr1NwaKk8qS0z6PN+6TOiPa6z6TP0ru2yNP50oq3ZaSq7oqkpKSkpL+kt6TepLmjvqO+PGJyPjxicj4KPGJyPjxicj4KCjwhLS08dGFibGUgd2lkdGg9IjgwMCIgYm9yZGVyPSIwIj4KPHRyPgo8dGQgY29sc3Bhbj0iNCIgc3R5bGU9J2NvbG9yOiM0MzQzNDM7Zm9udC1zaXplOjE2cHg7Zm9udC13ZWlnaHQ6Ym9sZDt0ZXh0LWFsaWduOmNlbnRlcjsnPjxwPqG+NS8xNaGrMjXP3raoob+16sTayKvGt6THyrmkqKTro6HfeKTZpOulr6lgpd2l86OhIDwvcD48L3RkPgo8L3RyPgo8dHI+Cjx0ZD48aW1nIHNyYz0naHR0cHM6Ly9pbWFnZS5yYWt1dGVuLmNvLmpwL2Vjby1saWZlLXIvY2FiaW5ldC9jcF8xMDAuanBnJz48L3RkPgo8dGQ+PGltZyBzcmM9J2h0dHBzOi8vaW1hZ2UucmFrdXRlbi5jby5qcC9lY28tbGlmZS1yL2NhYmluZXQvY3BfMzAwLmpwZycgdGFyZ2V0PSdfYmxhbmsnPjwvdGQ+Cjx0ZD48aW1nIHNyYz0naHR0cHM6Ly9pbWFnZS5yYWt1dGVuLmNvLmpwL2Vjby1saWZlLXIvY2FiaW5ldC9jcF81MDAuanBnJyB0YXJnZXQ9J19ibGFuayc+PC90ZD4KPHRkPjxpbWcgc3JjPSdodHRwczovL2ltYWdlLnJha3V0ZW4uY28uanAvZWNvLWxpZmUtci9jYWJpbmV0L2NwXzEwMDAuanBnJyB0YXJnZXQ9J19ibGFuayc+PC90ZD4KPC90cj4KPC90YWJsZT48YnI+PGJyPi0tPg==,pb+lr6Xczu/Ww6Gho82j8i6lt6XjpcOlv6lgpd6l86GhpcCl86XHpaOhoVdTLVoyNTI5LTKhodK7sOPQzaGhvVnCtpxwydnO3bj5oaEy30KXnVuFp7x7juwvhae8ey/O3c3ihae8e47sL87dzeIvgn2O7C+089DNXaO6rWi+s8n6u+4=,zu/Ww4WnvHuO7KXXpeylz6XWgn2O7KWspeypYKW43IeO7KXQpaSlr6WspeypYKW419TcntyH1sOkrYj2pLSk36W5pcapYKW3peel86W0pd+Fp7yvjuylwKW5pcil3KXDpa+luaXdpbmlyKXhqWCl66XcpcOlr6W5waLLrtb5y67LqNb5kt+z/dPDvt/I66Tspbmlwalgpeul7aXDpaupYKWsqWClx6XzpdWloaXLpcGl46lgzsLK0qXXpeml86W/qWClv6WvpdzO79bDoaGjzaPyLqW3peOlw6W/qWCl3qXzoaGlwKXzpcelo6GhV1MtWjI1MjktMqGh0ruw49DNoaG9WcK2nHDJ2c7duPmhoTLfQpedW4WnvHuO7C+Fp7x7L87dzeKFp7x7juwvzt3N4i+CfY7sL7Tz0M1d,W8vNwc+fb8HPXVukqr/NmJS9TcGiXaGjpb+lr6Xczu/Ww6Gho82j8i6lt6XjpcOlv6lgpd6l86GhpcCl86XHpaOhoVdTLVoyNTI5LTKhodK7sOPQzaGhvVnCtpxwydnO3bj5oaEy30KXnVuFp7x7juwvhae8ey/O3c3ihae8e47sL87dzeIvgn2O7C+089DNXQ==[rn]
31-77612,aHR0cDovL3RzaG9wLnIxMHMuanAvZWNvLWxpZmUtci9jYWJpbmV0LzE0L3RwLXN6MzNyMTVfMS5qcGc/Zml0aW49NzAwOjcwMA==,MTIxMzYwLjAwMDA=,,u6g/paypYKXHpfM/RElZID4gpailr6W5pcal6qWiP6WsqWClx6XzpdWloaXLpcGl46lgID4gzu/Ww6St,pb+lr6Xczu/Ww6GhTXKjrqW5pcilw6Wvpd6l8yCl16XppbmloqXrpdWloaG+tuDRqdDNoaG9WcK2nHDJ2c7duPmhv6GhVFAtU1ozM1IxNVuFp7x7juwvhae8ey/O3c3ihae8e47sL87dzeIvgn2O7C/W0NDNL7Tz0M0vvKSwsi+B/bjxL9Chzt1d,W8vNwc+fb8HPXVvJzMa3xeTLzaTOpN9dW6Sqv82YlL1NwaJd,PHAgc3R5bGU9J2ZvbnQtc2l6ZToyOHB4O21hcmdpbi1ib3R0b206MDs+Jz48Yj6ks6TOyczGt6TPyczGt8Xky82kzqTfpMekuaGjPC9iPjwvcD48YSBocmVmPSdodHRwOi8vaXRlbS5yYWt1dGVuLmNvLmpwL2Vjby1saWZlLXIvdHAtc3ozM3IxNS1rdW1pLycgY2xhc3M9J3JvbGxvdmVyJz48aW1nIHNyYz0naHR0cDovL2ltYWdlLnJha3V0ZW4uY28uanAvZWNvLWxpZmUtci9jYWJpbmV0L3dhcmVob3VzZTIva3VtaXRhdGVfa2lib3UuanBnJz48L2E+PGJyPjxwIHN0eWxlPSdjb2xvcjojMDA4MDAwOyBmb250LXdlaWdodDpib2xkOyc+vHvG2sS/sLKjujWhqzEwhtOYScjV4eGky6SqveyksTxicj6l4algpaupYNaxy82jqMe3xrek5I78sVCkzoj2us+k4qS0pLakpKTepLmkzqTH0+ik4aS0wcuz0M/CpLWkpKOpPC9wPjxicj48YnI+PGltZyBzcmM9J2h0dHA6Ly9pbWFnZS5yYWt1dGVuLmNvLmpwL2Vjby1saWZlLXIvY2FiaW5ldC9pY29uL2Fib3V0aGFpc28yLmpwZycgc3R5bGU9J21hcmdpbi1ib3R0b206MTBweDsnPjxicj48aW1nIHNyYz0naHR0cDovL2ltYWdlLnJha3V0ZW4uY28uanAvZWNvLWxpZmUtci9jYWJpbmV0L2ljb24vaGFpc28xMjIuanBnJyBzdHlsZT0nbWFyZ2luLWJvdHRvbToxMHB4Oyc+PGJyPjxpbWcgc3JjPSdodHRwOi8vaW1hZ2UucmFrdXRlbi5jby5qcC9lY28tbGlmZS1yL2NhYmluZXQvaWNvbi9jeXV1aTEuanBnJyBzdHlsZT0nbWFyZ2luLWJvdHRvbToxMHB4Oyc+PGJyPjxpbWcgc3JjPSdodHRwOi8vaW1hZ2UucmFrdXRlbi5jby5qcC9lY28tbGlmZS1yL2NhYmluZXQvaWNvbi90dWlrYS1jeXV1aTQuanBnJyBzdHlsZT0nbWFyZ2luLWJvdHRvbToxMHB4Oyc+PGJyPsrLmJSH7T+XebD8w/e8mj+9TcGi1WjD95X4P7v5tUGH7aGhpM+ks6TBpOmhoaGhPj48YnI+PGJyPjxicj7O3bj5tOe3qKOobW2jqSCjuiC3+TM0MjehwbDC0NAxNzk1ocG436S1MjExMKGhoaE8YnIgLz7NwcyotOe3qKOobW2jqSCjuiC3+SAzMzQ3ocGwwtDQIDE1OTChoaGhPGJyIC8+tLLD5rdlIDUuMzLGvbe9baOovHMxLjYxxrqjqSChoTxiciAvPs7v1sOCyKO6xNqyv7Tnt6ijqG1to6mjuiC3+TE0NDShwbDC0NAxNDIwP+lfv9q3+Tc3MqHBuN+ktTE4NTChoTxiciAvPvF23YaCyKO6xNqyv7Tnt6ijqG1to6mjuiC3+TE3NzahwbDC0NAxNDIwP+lfv9q3+TE3MDihwbjfpLUxOTAwo6i7+bVBzOyjqaGhPGJyIC8+PGJyIC8+zt24+aTOxM26ydbYIKO6IDMwMDBuL8a9t71to6gzMDBrZ2Yvxr23vW2jqTxiciAvPsXvpM7EzbrJ1tggo7oyMDAwbi/Gvbe9baOoMjAwa2dmL8a9t71to6k8YnIgLz6jqrdl0amjurxzMTAwY22hoTxiciAvPtGppM7W2KS1pM+hote0m3Kky6TopOqJ5LuvpLek3qS5oaPU56ThpMvRqb21pO2kt6TypLekxs/CpLWkpKGjPGJyIC8+IDxiciAvPri2yvTGtyA/pL+kxpi/o6gysb6jqaGipaKl86WrqWCl16XsqWClyLi2oaM8YnIgLz48YnIgLz6h9oRlidOlqqXXpbel56XzPGJyPrj3t06lqqXXpbel56Xz1JS8mqTPpbOlwaXpo6il4algpaupYKW1paSlyKOpPGJyPqOqpLTPo837pM6I9rrPpM+hoteizsSl1aWpqWCl4KTOguS/vJnapMvTm91kpM7Jz6S0y83Qxc/CpLWkpKGjtbG16qTHpLTXos7EpPK0X9VK4eGhoqWqpdelt6XnpfO0+qTyuqyk4aS/gf248aTypKrWqqTppLukt6TepLmhozxicj48aW1nIHNyYz0naHR0cDovL2ltYWdlLnJha3V0ZW4uY28uanAvZWNvLWxpZmUtci9jYWJpbmV0LzE0L3RwLTMzcjE1LXQuanBnJz48YnI+PGJyPjxicj48aW1nIHNyYz0naHR0cDovL2ltYWdlLnJha3V0ZW4uY28uanAvZWNvLWxpZmUtci9jYWJpbmV0L3dhcmVob3VzZS90cC1jb2xvci5qcGcnPjxicj48aW1nIHNyYz0naHR0cDovL2ltYWdlLnJha3V0ZW4uY28uanAvZWNvLWxpZmUtci9jYWJpbmV0L3dhcmVob3VzZS90cC1zZXR1bWVpMDEuanBnJz48YnI+PGltZyBzcmM9J2h0dHA6Ly9pbWFnZS5yYWt1dGVuLmNvLmpwL2Vjby1saWZlLXIvY2FiaW5ldC93YXJlaG91c2UvdHAtc2V0dW1laTAyLmpwZyc+PGJyPjxpbWcgc3JjPSdodHRwOi8vaW1hZ2UucmFrdXRlbi5jby5qcC9lY28tbGlmZS1yL2NhYmluZXQvd2FyZWhvdXNlL3RwLXNldHVtZWkwMy5qcGcnPjxicj48aW1nIHNyYz0naHR0cDovL2ltYWdlLnJha3V0ZW4uY28uanAvZWNvLWxpZmUtci9jYWJpbmV0L3dhcmVob3VzZTIvdGFrdWJvLW1haW5pbWcuanBnJyB3aWR0aD0iODAwIiBoZWlnaHQ9IjIyMCIgc3R5bGU9Im1hcmdpbi1ib3R0b206MjBweDsiLz48YnI+CjxpbWcgc3JjPSdodHRwOi8vaW1hZ2UucmFrdXRlbi5jby5qcC9lY28tbGlmZS1yL2NhYmluZXQvd2FyZWhvdXNlMi90YWt1Ym8tcG9pbnQxLmpwZycgd2lkdGg9IjgwMCIgaGVpZ2h0PSI2NzAiIHN0eWxlPSJtYXJnaW4tYm90dG9tOjIwcHg7Ii8+PGJyPgo8aW1nIHNyYz0naHR0cDovL2ltYWdlLnJha3V0ZW4uY28uanAvZWNvLWxpZmUtci9jYWJpbmV0L3dhcmVob3VzZTIvdGFrdWJvLXBvaW50Mi5qcGcnIHdpZHRoPSI4MDEiIGhlaWdodD0iMzk3IiBzdHlsZT0ibWFyZ2luLWJvdHRvbToyMHB4OyIvPjxicj4Kof2h/aH9of2h/Txicj4KPHAgc3R5bGU9J2ZvbnQtc2l6ZToyMHB4O2ZvbnQtd2VpZ2h0OmJvbGQ7Jz69TcGipPKktM+jzfukzoj2us+kz9K7tsjT+dKKt2Wkqu6KpKSkpKS/pLek3qS5o76jvjxicj48YnI+Cjxicj48YnI+Cgo8IS0tPHRhYmxlIHdpZHRoPSI4MDAiIGJvcmRlcj0iMCI+Cjx0cj4KPHRkIGNvbHNwYW49IjQiIHN0eWxlPSdjb2xvcjojNDM0MzQzO2ZvbnQtc2l6ZToxNnB4O2ZvbnQtd2VpZ2h0OmJvbGQ7dGV4dC1hbGlnbjpjZW50ZXI7Jz48cD6hvjUvMTWhqzI1z962qKG/terE2sirxrekx8q5pKik66Oh33ik2aTrpa+pYKXdpfOjoSA8L3A+PC90ZD4KPC90cj4KPHRyPgo8dGQ+PGltZyBzcmM9J2h0dHBzOi8vaW1hZ2UucmFrdXRlbi5jby5qcC9lY28tbGlmZS1yL2NhYmluZXQvY3BfMTAwLmpwZyc+PC90ZD4KPHRkPjxpbWcgc3JjPSdodHRwczovL2ltYWdlLnJha3V0ZW4uY28uanAvZWNvLWxpZmUtci9jYWJpbmV0L2NwXzMwMC5qcGcnIHRhcmdldD0nX2JsYW5rJz48L3RkPgo8dGQ+PGltZyBzcmM9J2h0dHBzOi8vaW1hZ2UucmFrdXRlbi5jby5qcC9lY28tbGlmZS1yL2NhYmluZXQvY3BfNTAwLmpwZycgdGFyZ2V0PSdfYmxhbmsnPjwvdGQ+Cjx0ZD48aW1nIHNyYz0naHR0cHM6Ly9pbWFnZS5yYWt1dGVuLmNvLmpwL2Vjby1saWZlLXIvY2FiaW5ldC9jcF8xMDAwLmpwZycgdGFyZ2V0PSdfYmxhbmsnPjwvdGQ+CjwvdHI+CjwvdGFibGU+PGJyPjxicj4tLT4=,pb+lr6Xczu/Ww6GhTXKjrqW5pcilw6Wvpd6l8yCl16XppbmloqXrpdWloaG+tuDRqdDNoaG9WcK2nHDJ2c7duPmhv6GhVFAtU1ozM1IxNVuFp7x7juwvhae8ey/O3c3ihae8e47sL87dzeIvgn2O7C/W0NDNL7Tz0M0vvKSwsi+B/bjxL9Chzt1do7qtaL6zyfq77g==,zu/Ww4WnvHuO7KXXpeylz6XWgn2O7KWspeypYKW43IeO7KXQpaSlr6WspeypYKW419TcntyH1sOkrYj2pLSk36W5pcapYKW3peel86W0pd+Fp7yvjuylwKW5pcil3KXDpa+luaXdpbmlyKXhqWCl66XcpcOlr6W5waLLrtb5y67LqNb5kt+z/dPDvt/I66Tspbmlwalgpeul7aXDpaupYKWsqWClx6XzpdWloaXLpcGl46lgzsLK0qXXpeml86W/qWClv6WvpdzO79bDoaFNcqOupbmlyKXDpa+l3qXzIKXXpemluaWipeul1aWhob624NGp0M2hob1ZwraccMnZzt24+aG/oaFUUC1TWjMzUjE1W4WnvHuO7C+Fp7x7L87dzeKFp7x7juwvzt3N4i+CfY7sL9bQ0M0vtPPQzS+8pLCyL4H9uPEv0KHO3V0=,W8vNwc+fb8HPXVvJzMa3xeTLzaTOpN9dW6Sqv82YlL1NwaJdoaOlv6WvpdzO79bDoaFNcqOupbmlyKXDpa+l3qXzIKXXpemluaWipeul1aWhob624NGp0M2hob1ZwraccMnZzt24+aG/oaFUUC1TWjMzUjE1W4WnvHuO7C+Fp7x7L87dzeKFp7x7juwvzt3N4i+CfY7sL9bQ0M0vtPPQzS+8pLCyL4H9uPEv0KHO3V0=[rn]
31-77613,aHR0cDovL3RzaG9wLnIxMHMuanAvZWNvLWxpZmUtci9jYWJpbmV0LzE2OC95ZGVzLTEzMDktbF8xLmpwZz9maXRpbj03MDA6NzAw,MjAwMC4wMDAw,,u6g/paypYKXHpfM/RElZID4gpailr6W5pcal6qWiP6WsqWClx6XzpdWloaXLpcGl46lgID4gzu/Ww6St,peilyc7v1sOlqKW5peIgpaql16W3peel8yCEZYnTxe8gRVNELTEzMDktTNDNILf5ODk1ocGwwtDQMzUyLjVtbQ==,y83Bz9Kq0oq3ZQ==,PGltZyBzcmM9J2h0dHA6Ly9pbWFnZS5yYWt1dGVuLmNvLmpwL2Vjby1saWZlLXIvY2FiaW5ldC9pY29uL2Fib3V0aGFpc28yLmpwZycgc3R5bGU9J21hcmdpbi1ib3R0b206MTBweDsnPjxicj4KPGltZyBzcmM9J2h0dHA6Ly9pbWFnZS5yYWt1dGVuLmNvLmpwL2Vjby1saWZlLXIvY2FiaW5ldC9pY29uL2hhaXNvMTA2LmpwZycgc3R5bGU9J21hcmdpbi1ib3R0b206MTBweDsnPjxicj6ltaWkpbqjurf5ODk1ocGwwtDQMzUyLjVtbTxicj7W2MG/o7o0NaPro+c8YnI+ofmEZYnTxe+ky6TPxe/K3KSsuLakpKTGpKSk3qS5oaM8YnI+PGZvbnQgY29sb3I9J3JlZCc+ofmlqqXXpbel56XzpM7Iobi2jJ2P6qTPzu/Ww7G+zOWkzr1NwaK5pMrCpMjNrJVy16LOxKTOiPa6z6TOpN+z0KTqpN6kuaGjPGJyPqH5paql16W3peel86TOpN+k8qS0z6PN+6TOiPa6z6TPhGXNvsvNwc+krKSrpKuk6qTepLmkzqTHpKrSirdlpOqk8qS00sDubaSvpMCktaSkoaM8L2ZvbnQ+PGJyPjxicj48aW1nIHNyYz0naHR0cDovL2ltYWdlLnJha3V0ZW4uY28uanAvZWNvLWxpZmUtci9jYWJpbmV0L3dhcmVob3VzZTIvd2gtb3N1c3VtZTAxLmpwZycgdGFyZ2V0PSdfYmxhbmsnPgo8YnI+PGJyPgo8IS0tPHRhYmxlIHdpZHRoPSI4MDAiIGJvcmRlcj0iMCI+Cjx0cj4KPHRkIGNvbHNwYW49IjQiIHN0eWxlPSdjb2xvcjojNDM0MzQzO2ZvbnQtc2l6ZToxNnB4O2ZvbnQtd2VpZ2h0OmJvbGQ7dGV4dC1hbGlnbjpjZW50ZXI7Jz48cD6hvjUvMTWhqzI1z962qKG/terE2sirxrekx8q5pKik66Oh33ik2aTrpa+pYKXdpfOjoSA8L3A+PC90ZD4KPC90cj4KPHRyPgo8dGQ+PGltZyBzcmM9J2h0dHBzOi8vaW1hZ2UucmFrdXRlbi5jby5qcC9lY28tbGlmZS1yL2NhYmluZXQvY3BfMTAwLmpwZyc+PC90ZD4KPHRkPjxpbWcgc3JjPSdodHRwczovL2ltYWdlLnJha3V0ZW4uY28uanAvZWNvLWxpZmUtci9jYWJpbmV0L2NwXzMwMC5qcGcnIHRhcmdldD0nX2JsYW5rJz48L3RkPgo8dGQ+PGltZyBzcmM9J2h0dHBzOi8vaW1hZ2UucmFrdXRlbi5jby5qcC9lY28tbGlmZS1yL2NhYmluZXQvY3BfNTAwLmpwZycgdGFyZ2V0PSdfYmxhbmsnPjwvdGQ+Cjx0ZD48aW1nIHNyYz0naHR0cHM6Ly9pbWFnZS5yYWt1dGVuLmNvLmpwL2Vjby1saWZlLXIvY2FiaW5ldC9jcF8xMDAwLmpwZycgdGFyZ2V0PSdfYmxhbmsnPjwvdGQ+CjwvdHI+CjwvdGFibGU+PGJyPjxicj4tLT4=,peilyc7v1sOlqKW5peIgpaql16W3peel8yCEZYnTxe8gRVNELTEzMDktTNDNILf5ODk1JnRpbWVzO7DC0NAzNTIuNW1to7qtaL6zyfq77g==,zu/Ww4WnvHuO7KXXpeylz6XWgn2O7KWspeypYKW43IeO7KXQpaSlr6WspeypYKW419TcntyH1sOkrYj2pLSk36W5pcapYKW3peel86W0pd+Fp7yvjuylwKW5pcil3KXDpa+luaXdpbmlyKXhqWCl66XcpcOlr6W5waLLrtb5y67LqNb5kt+z/dPDvt/I66Tspbmlwalgpeul7aXDpaupYKWsqWClx6XzpdWloaXLpcGl46lgzsLK0qXXpeml86W/qWCl6KXJzu/Ww6Wopbml4iClqqXXpbel56XzIIRlidPF7yBFU0QtMTMwOS1M0M0gt/k4OTUmdGltZXM7sMLQ0DM1Mi41bW0=,y83Bz9Kq0oq3ZaGjpeilyc7v1sOlqKW5peIgpaql16W3peel8yCEZYnTxe8gRVNELTEzMDktTNDNILf5ODk1JnRpbWVzO7DC0NAzNTIuNW1t[rn]
31-77614,aHR0cDovL3RzaG9wLnIxMHMuanAvZWNvLWxpZmUtci9jYWJpbmV0LzE3Ni9ueG4tNDFjc2xfMS5qcGc/Zml0aW49NzAwOjcwMA==,MTA5NDQwLjAwMDA=,,u6g/paypYKXHpfM/RElZID4gpailr6W5pcal6qWiP6WsqWClx6XzpdWloaXLpcGl46lgID4gzu/Ww6St,paSlyqXQzu/WwyDS/aStkfWlv6WkpdffQr5B0M0gTlhOLTQxQ1NMILv5sb6XnaOoMZedxL+jqSDSu7Dj0M0/tuDRqdDNIFuFp7x7juwvhae8ey/O3c3ihae8e47sL87dzeIvgn2O7C+8pLCyL4H9uPEv0KHO3S+lrKlgpcely6XzpbAvzaUvpKSkyqTQL6SkpMqk0M7v1sMvt1LIfi+k4qTOpKqkrS/O79bDpK1d,W6Wopeqlos/etqjLzcHPn2/Bz11bpKq/zZiUvU3Bol0=,PHAgc3R5bGU9J2NvbG9yOiMwMDgwMDA7Jz6hvrx7xtrEv7Cyob88YnI+PGI+ofbpdpZ8Mba8NrFoK7ijjXUsjG2zx6H6ytbF5OHhoaI1oasxMIbTmEnI1eHhpMukqr3spLE8L2I+PGJyPjxiPqH2zvfI1bG+KOlM0rChosm9wOahor6yjPmk6KTqzveCyKWopeqloimh+jehqzE0htOYScjV4eGky6SqveyksTwvYj48YnI+peGpYKWrqWDWscvNo6jHt8a3pOSO/LespM6I9rrPpOKktKS2pKSk3qS5pM6kx9PopOGktMHLs9DPwqS1pKSjqTwvcD48aW1nIHNyYz0naHR0cDovL2ltYWdlLnJha3V0ZW4uY28uanAvZWNvLWxpZmUtci9jYWJpbmV0L2ljb24vYWJvdXRoYWlzb2luYWJhMS5qcGcnIHN0eWxlPSdtYXJnaW4tYm90dG9tOjEwcHg7Jz48YnI+PGltZyBzcmM9J2h0dHA6Ly9pbWFnZS5yYWt1dGVuLmNvLmpwL2Vjby1saWZlLXIvY2FiaW5ldC9pY29uL2luYWJhMi5qcGcnIHN0eWxlPSdtYXJnaW4tYm90dG9tOjEwcHg7Jz48YnI+PGltZyBzcmM9J2h0dHA6Ly9pbWFnZS5yYWt1dGVuLmNvLmpwL2Vjby1saWZlLXIvY2FiaW5ldC9pY29uL2N5dXVpMS5qcGcnIHN0eWxlPSdtYXJnaW4tYm90dG9tOjEwcHg7Jz48YnI+PGltZyBzcmM9J2h0dHA6Ly9pbWFnZS5yYWt1dGVuLmNvLmpwL2Vjby1saWZlLXIvY2FiaW5ldC9pY29uL3R1aWthLWN5dXVpNC5qcGcnIHN0eWxlPSdtYXJnaW4tYm90dG9tOjEwcHg7Jz48YnI+PHA+PGI+ofmkqr/NmJS9TcGiyczGt6G+sdikuqSq1Wmk36SvpMCktaSkob88L2I+PGJyPr1NwaK5pMrCpbWpYKXTpbmkz9DQpMOkxqSqpOqk3qS7pPOhor1NwaKkz6Sqv82YlKTLpMakqu6KpKSkt6TepLmhozwvcD6h9rv5tUGH7T/N4tDOh+2kz6SzpMGk6Txicj6h9r1NwaLVaMP3lfikz6SzpMGk6Txicj48YnI+PGJyPjxmb250IGNvbG9yPXJlZD7PwtObpM+horv5sb6XnaTOysuYlKTHpLmho6GhPGJyIC8+u/mxvpedo6gxl53Ev6OppMuhote3vNOXnaOoMpedxL/S1L21o6mk8rrOl52kx6TioaLXt7zTpLekxu2UpLGk3qS5oaOhoTxiciAvPqH517e805edpM+hojGXnaS0pMiky6OkMTE3NjAwg9KjqLLOv7yB/bjxo6mkx6S5oaM8YnIgLz6hoTxiciAvPqOq17e8099Cl53Po837pM6I9rrPoaKkqtKKt2Wk6tLA7m2kr6TApLWkpKGjPC9mb250Pjxicj48YnIgLz6h9s7duPm057eoIKO6ILf5MTU4MKHBsMLQ0DI3NzChwbjfpLUyMDc1bW2hoTxiciAvPqH2zcHMqLTnt6ggo7ogt/kxNTMwocGwwtDQMjYzMG1toaE8YnIgLz6h+aOxl53Xt7zTpMukxKStzcHMqKTOt/mkz6GiMTUzMG1tpdel6aW5oaPO3bj5pM63+aTPo6gxNTMwocHXt7zTyv2jqaOrNTBtbaGjPGJyPqH26V+/2rTnt6ggo7ogt/k4MjQgocG436S1MTc3MG1toaE8YnIgLz6h9rSyw+a3ZSCjuiA0LjAyxr3D16OoMS4yMsa6o6mhwd9CvkHK/aGhPGJyIC8+ofbs6SCjuiDpX6Stt72kz9fz09KkyaTBpOmkq6TL1E+2qL/JxNyho6GhPGJyPqH2hGWJ06Tqpaql16W3peel86TPpLOkwaTpo6il4algpaupYKW1paSlyKOpPGJyIC8+o6qktM+jzfukzoj2us+kz6Gi16LOxKXVpampYKXgpM6C5L+8mdqky9Ob3WSkzsnPpLTLzdDFz8KktaSkoaK1sbXqpMektNeizsSk8rRf1Urh4aGipaql16W3peel87T6pPK6rKThpL+B/bjxpPKkqtaqpOmku6S3pN6kuaGjPGJyPqOqhGWJ08XvsOWkyqTJpM6lqqXXpbel56XzpM+horG+zOWkyM2slXLXos7EpMekz6TKpKSI9rrPpM+EZc2+y83Bz6SssGvJ+qS3pN6kuaGjPGJyPjxCUj48QlI+PGJyIC8+PGJyIC8+PGltZyBzcmM9J2h0dHA6Ly9pbWFnZS5yYWt1dGVuLmNvLmpwL2Vjby1saWZlLXIvY2FiaW5ldC93YXJlaG91c2UvdGFuYTQxY3NsLmpwZycgLz48YnIgLz48YnI+PGJyPqH5sry7+bVBuaTKwqTLpMSkraTepLekxqTPoaI8YnI+tbG16qTHpM6MnY/qpKykx6StpMakqqTqpN6ku6TzoaM8YnI+pL2kzqS/pOGhojxzcGFuIGNsYXNzPSdpdGVtX2RhbnJha3UzJz6huLK8u/m1QbmkysKhuaTPpKq/zZiUpMukxqSq7oqkpNbCpLek3qS5oaM8L3NwYW4+PGJyIC8+PGJyIC8+PGJyIC8+PGltZyBzcmM9J2h0dHA6Ly9pbWFnZS5yYWt1dGVuLmNvLmpwL2Vjby1saWZlLXIvY2FiaW5ldC93YXJlaG91c2UvZXhwNDFjc2wuanBnJyAvPjxiciAvPjxiciAvPjxpbWcgc3JjPWh0dHA6Ly9pbWFnZS5yYWt1dGVuLmNvLmpwL2Vjby1saWZlLXIvY2FiaW5ldC93YXJlaG91c2UvbnhuLWNvbC5qcGcgLz48YnIgLz48aW1nIHNyYz0naHR0cDovL2ltYWdlLnJha3V0ZW4uY28uanAvZWNvLWxpZmUtci9jYWJpbmV0L3dhcmVob3VzZS9oaWtpLWV4cC5qcGcnIC8+PGJyIC8+PGJyIC8+PGltZyBzcmM9J2h0dHA6Ly9pbWFnZS5yYWt1dGVuLmNvLmpwL2Vjby1saWZlLXIvY2FiaW5ldC93YXJlaG91c2UyL3doLW9zdXN1bWUwMS5qcGcnIHRhcmdldD0nX2JsYW5rJz4KPGJyPjxicj4KPCEtLTx0YWJsZSB3aWR0aD0iODAwIiBib3JkZXI9IjAiPgo8dHI+Cjx0ZCBjb2xzcGFuPSI0IiBzdHlsZT0nY29sb3I6IzQzNDM0Mztmb250LXNpemU6MTZweDtmb250LXdlaWdodDpib2xkO3RleHQtYWxpZ246Y2VudGVyOyc+PHA+ob41LzE1oasyNc/etqihv7XqxNrIq8a3pMfKuaSopOujod94pNmk66WvqWCl3aXzo6EgPC9wPjwvdGQ+CjwvdHI+Cjx0cj4KPHRkPjxpbWcgc3JjPSdodHRwczovL2ltYWdlLnJha3V0ZW4uY28uanAvZWNvLWxpZmUtci9jYWJpbmV0L2NwXzEwMC5qcGcnPjwvdGQ+Cjx0ZD48aW1nIHNyYz0naHR0cHM6Ly9pbWFnZS5yYWt1dGVuLmNvLmpwL2Vjby1saWZlLXIvY2FiaW5ldC9jcF8zMDAuanBnJyB0YXJnZXQ9J19ibGFuayc+PC90ZD4KPHRkPjxpbWcgc3JjPSdodHRwczovL2ltYWdlLnJha3V0ZW4uY28uanAvZWNvLWxpZmUtci9jYWJpbmV0L2NwXzUwMC5qcGcnIHRhcmdldD0nX2JsYW5rJz48L3RkPgo8dGQ+PGltZyBzcmM9J2h0dHBzOi8vaW1hZ2UucmFrdXRlbi5jby5qcC9lY28tbGlmZS1yL2NhYmluZXQvY3BfMTAwMC5qcGcnIHRhcmdldD0nX2JsYW5rJz48L3RkPgo8L3RyPgo8L3RhYmxlPjxicj48YnI+LS0+,paSlyqXQzu/WwyDS/aStkfWlv6WkpdffQr5B0M0gTlhOLTQxQ1NMILv5sb6XnaOoMZedxL+jqSDSu7Dj0M0/tuDRqdDNIFuFp7x7juwvhae8ey/O3c3ihae8e47sL87dzeIvgn2O7C+8pLCyL4H9uPEv0KHO3S+lrKlgpcely6XzpbAvzaUvpKSkyqTQL6SkpMqk0M7v1sMvt1LIfi+k4qTOpKqkrS/O79bDpK1do7qtaL6zyfq77g==,zu/Ww4WnvHuO7KXXpeylz6XWgn2O7KWspeypYKW43IeO7KXQpaSlr6WspeypYKW419TcntyH1sOkrYj2pLSk36W5pcapYKW3peel86W0pd+Fp7yvjuylwKW5pcil3KXDpa+luaXdpbmlyKXhqWCl66XcpcOlr6W5waLLrtb5y67LqNb5kt+z/dPDvt/I66Tspbmlwalgpeul7aXDpaupYKWsqWClx6XzpdWloaXLpcGl46lgzsLK0qXXpeml86W/qWClpKXKpdDO79bDINL9pK2R9aW/paSl199CvkHQzSBOWE4tNDFDU0wgu/mxvpedo6gxl53Ev6OpINK7sOPQzT+24NGp0M0gW4WnvHuO7C+Fp7x7L87dzeKFp7x7juwvzt3N4i+CfY7sL7yksLIvgf248S/Qoc7dL6WsqWClx6XLpfOlsC/NpS+kpKTKpNAvpKSkyqTQzu/Wwy+3Ush+L6TipM6kqqStL87v1sOkrV0=,W6Wopeqlos/etqjLzcHPn2/Bz11bpKq/zZiUvU3Bol2ho6Wkpcql0M7v1sMg0v2krZH1pb+lpKXX30K+QdDNIE5YTi00MUNTTCC7+bG+l52jqDGXncS/o6kg0ruw49DNP7bg0anQzSBbhae8e47sL4WnvHsvzt3N4oWnvHuO7C/O3c3iL4J9juwvvKSwsi+B/bjxL9Chzt0vpaypYKXHpcul86WwL82lL6SkpMqk0C+kpKTKpNDO79bDL7dSyH4vpOKkzqSqpK0vzu/Ww6StXQ==[rn]
31-77615,aHR0cDovL3RzaG9wLnIxMHMuanAvZWNvLWxpZmUtci9jYWJpbmV0LzE0L3RwLXo0MHIyNl8xLmpwZz9maXRpbj03MDA6NzAw,MTgyODgwLjAwMDA=,,u6g/paypYKXHpfM/RElZID4gpailr6W5pcal6qWiP6WsqWClx6XzpdWloaXLpcGl46lgID4gzu/Ww6St,pb+lr6Xczu/Ww6GhTXKjrqW5pcilw6Wvpd6l8yCl16XppbmloqXrpdWloaG+0ruw49DNoaG9WcK2nHDJ2c7duPmhv6GhVFAtWjQwUjI2W4WnvHuO7C+Fp7x7L87dzeKFp7x7juwvzt3N4i+CfY7sL9bQ0M0vtPPQzS+8pLCyL4H9uPEv0KHO3V0=,W8vNwc+fb8HPXVvJzMa3xeTLzaTOpN9dW6Sqv82YlL1NwaJd,PHAgc3R5bGU9J2ZvbnQtc2l6ZToyOHB4O21hcmdpbi1ib3R0b206MDs+Jz48Yj6ks6TOyczGt6TPyczGt8Xky82kzqTfpMekuaGjPC9iPjwvcD48YSBocmVmPSdodHRwOi8vaXRlbS5yYWt1dGVuLmNvLmpwL2Vjby1saWZlLXIvdHAtejQwcjI2LWt1bWkvJyBjbGFzcz0ncm9sbG92ZXInPjxpbWcgc3JjPSdodHRwOi8vaW1hZ2UucmFrdXRlbi5jby5qcC9lY28tbGlmZS1yL2NhYmluZXQvd2FyZWhvdXNlMi9rdW1pdGF0ZV9raWJvdS5qcGcnPjwvYT48YnI+PHAgc3R5bGU9J2NvbG9yOiMwMDgwMDA7IGZvbnQtd2VpZ2h0OmJvbGQ7Jz68e8baxL+wsqO6NaGrMTCG05hJyNXh4aTLpKq97KSxPGJyPqXhqWClq6lg1rHLzaOox7fGt6TkjvyxUKTOiPa6z6TipLSktqSkpN6kuaTOpMfT6KThpLTBy7PQz8KktaSko6k8L3A+PGJyPjxicj48aW1nIHNyYz0naHR0cDovL2ltYWdlLnJha3V0ZW4uY28uanAvZWNvLWxpZmUtci9jYWJpbmV0L2ljb24vYWJvdXRoYWlzbzIuanBnJyBzdHlsZT0nbWFyZ2luLWJvdHRvbToxMHB4Oyc+PGJyPjxpbWcgc3JjPSdodHRwOi8vaW1hZ2UucmFrdXRlbi5jby5qcC9lY28tbGlmZS1yL2NhYmluZXQvaWNvbi9oYWlzbzEyMi5qcGcnIHN0eWxlPSdtYXJnaW4tYm90dG9tOjEwcHg7Jz48YnI+PGltZyBzcmM9J2h0dHA6Ly9pbWFnZS5yYWt1dGVuLmNvLmpwL2Vjby1saWZlLXIvY2FiaW5ldC9pY29uL2N5dXVpMS5qcGcnIHN0eWxlPSdtYXJnaW4tYm90dG9tOjEwcHg7Jz48YnI+PGltZyBzcmM9J2h0dHA6Ly9pbWFnZS5yYWt1dGVuLmNvLmpwL2Vjby1saWZlLXIvY2FiaW5ldC9pY29uL3R1aWthLWN5dXVpNC5qcGcnIHN0eWxlPSdtYXJnaW4tYm90dG9tOjEwcHg7Jz48YnI+ysuYlIftP5d5sPzD97yaP71NwaLVaMP3lfg/u/m1QYftoaGkz6SzpMGk6aGhoaE+Pjxicj48YnI+PGJyPs7duPm057eoo6htbaOpIKO6ILf5NDEyN6HBsMLQ0DI4MjehwbjfpLUyMTEwoaGhoTxiciAvPs3BzKi057eoo6htbaOpIKO6ILf5IDQwNDehwbDC0NAgMjYyMqGhoaE8YnIgLz60ssPmt2UgMTAuNjHGvbe9baOovHMzLjIyxrqjqSChoTxiciAvPs7v1sOCyKO6xNqyv7Tnt6ijqG1to6mjuiC3+TIxNDShwbDC0NAyNDUyP+lfv9q3+TEyMzihwbjfpLUxODUwoaE8YnIgLz7xdt2GgsijusTasr+057eoo6htbaOpo7ogt/kxNzc2ocGwwtDQMjQ1Mj/pX7/at/kxNzA4ocG436S1MTkwMKOou/m1Qczso6k8YnIgLz48YnIgLz7O3bj5pM7EzbrJ1tggo7ogMTIwMG4vxr23vW2jqDEyMGtnZi/Gvbe9baOpPGJyIC8+xe+kzsTNusnW2CCjujIwMDBuL8a9t71to6gyMDBrZ2Yvxr23vW2jqTxiciAvPqOqt2XRqaO6vHM2MGNtoaE8YnIgLz7RqaTO1tiktaTPoaLXtJtypMuk6KTqieS7r6S3pN6kuaGj1Oek4aTL0am9taTtpLek8qS3pMbPwqS1pKShozxiciAvPiA8YnIgLz64tsr0xrcgP6S/pMaYv6OoM7G+o6mhoqWipfOlq6lgpdel7Klgpci4tqGjPGJyIC8+PGJyIC8+ofaEZYnTpaql16W3peel8zxicj6497dOpaql16W3peel89SUvJqkz6WzpcGl6aOopeGpYKWrqWCltaWkpcijqTxicj6jqqS0z6PN+6TOiPa6z6TPoaLXos7EpdWlqalgpeCkzoLkv7yZ2qTL05vdZKTOyc+ktMvN0MXPwqS1pKSho7Wxteqkx6S016LOxKTytF/VSuHhoaKlqqXXpbel56XztPqk8rqspOGkv4H9uPGk8qSq1qqk6aS7pLek3qS5oaM8YnI+PGltZyBzcmM9J2h0dHA6Ly9pbWFnZS5yYWt1dGVuLmNvLmpwL2Vjby1saWZlLXIvY2FiaW5ldC8xNC90cC00MHIyNi10LmpwZyc+PGJyPjxicj48YnI+PGltZyBzcmM9J2h0dHA6Ly9pbWFnZS5yYWt1dGVuLmNvLmpwL2Vjby1saWZlLXIvY2FiaW5ldC93YXJlaG91c2UvdHAtY29sb3IuanBnJz48YnI+PGltZyBzcmM9J2h0dHA6Ly9pbWFnZS5yYWt1dGVuLmNvLmpwL2Vjby1saWZlLXIvY2FiaW5ldC93YXJlaG91c2UvdHAtc2V0dW1laTAxLmpwZyc+PGJyPjxpbWcgc3JjPSdodHRwOi8vaW1hZ2UucmFrdXRlbi5jby5qcC9lY28tbGlmZS1yL2NhYmluZXQvd2FyZWhvdXNlL3RwLXNldHVtZWkwMi5qcGcnPjxicj48aW1nIHNyYz0naHR0cDovL2ltYWdlLnJha3V0ZW4uY28uanAvZWNvLWxpZmUtci9jYWJpbmV0L3dhcmVob3VzZS90cC1zZXR1bWVpMDMuanBnJz48YnI+PGltZyBzcmM9J2h0dHA6Ly9pbWFnZS5yYWt1dGVuLmNvLmpwL2Vjby1saWZlLXIvY2FiaW5ldC93YXJlaG91c2UyL3Rha3Viby1tYWluaW1nLmpwZycgd2lkdGg9IjgwMCIgaGVpZ2h0PSIyMjAiIHN0eWxlPSJtYXJnaW4tYm90dG9tOjIwcHg7Ii8+PGJyPgo8aW1nIHNyYz0naHR0cDovL2ltYWdlLnJha3V0ZW4uY28uanAvZWNvLWxpZmUtci9jYWJpbmV0L3dhcmVob3VzZTIvdGFrdWJvLXBvaW50MS5qcGcnIHdpZHRoPSI4MDAiIGhlaWdodD0iNjcwIiBzdHlsZT0ibWFyZ2luLWJvdHRvbToyMHB4OyIvPjxicj4KPGltZyBzcmM9J2h0dHA6Ly9pbWFnZS5yYWt1dGVuLmNvLmpwL2Vjby1saWZlLXIvY2FiaW5ldC93YXJlaG91c2UyL3Rha3Viby1wb2ludDIuanBnJyB3aWR0aD0iODAxIiBoZWlnaHQ9IjM5NyIgc3R5bGU9Im1hcmdpbi1ib3R0b206MjBweDsiLz48YnI+CqH9of2h/aH9of08YnI+CjxwIHN0eWxlPSdmb250LXNpemU6MjBweDtmb250LXdlaWdodDpib2xkOyc+vU3BoqTypLTPo837pM6I9rrPpM/Su7bI0/nSirdlpKruiqSkpKSkv6S3pN6kuaO+o748YnI+PGJyPgo8YnI+PGJyPgoKPCEtLTx0YWJsZSB3aWR0aD0iODAwIiBib3JkZXI9IjAiPgo8dHI+Cjx0ZCBjb2xzcGFuPSI0IiBzdHlsZT0nY29sb3I6IzQzNDM0Mztmb250LXNpemU6MTZweDtmb250LXdlaWdodDpib2xkO3RleHQtYWxpZ246Y2VudGVyOyc+PHA+ob41LzE1oasyNc/etqihv7XqxNrIq8a3pMfKuaSopOujod94pNmk66WvqWCl3aXzo6EgPC9wPjwvdGQ+CjwvdHI+Cjx0cj4KPHRkPjxpbWcgc3JjPSdodHRwczovL2ltYWdlLnJha3V0ZW4uY28uanAvZWNvLWxpZmUtci9jYWJpbmV0L2NwXzEwMC5qcGcnPjwvdGQ+Cjx0ZD48aW1nIHNyYz0naHR0cHM6Ly9pbWFnZS5yYWt1dGVuLmNvLmpwL2Vjby1saWZlLXIvY2FiaW5ldC9jcF8zMDAuanBnJyB0YXJnZXQ9J19ibGFuayc+PC90ZD4KPHRkPjxpbWcgc3JjPSdodHRwczovL2ltYWdlLnJha3V0ZW4uY28uanAvZWNvLWxpZmUtci9jYWJpbmV0L2NwXzUwMC5qcGcnIHRhcmdldD0nX2JsYW5rJz48L3RkPgo8dGQ+PGltZyBzcmM9J2h0dHBzOi8vaW1hZ2UucmFrdXRlbi5jby5qcC9lY28tbGlmZS1yL2NhYmluZXQvY3BfMTAwMC5qcGcnIHRhcmdldD0nX2JsYW5rJz48L3RkPgo8L3RyPgo8L3RhYmxlPjxicj48YnI+LS0+,pb+lr6Xczu/Ww6GhTXKjrqW5pcilw6Wvpd6l8yCl16XppbmloqXrpdWloaG+0ruw49DNoaG9WcK2nHDJ2c7duPmhv6GhVFAtWjQwUjI2W4WnvHuO7C+Fp7x7L87dzeKFp7x7juwvzt3N4i+CfY7sL9bQ0M0vtPPQzS+8pLCyL4H9uPEv0KHO3V2juq1ovrPJ+rvu,zu/Ww4WnvHuO7KXXpeylz6XWgn2O7KWspeypYKW43IeO7KXQpaSlr6WspeypYKW419TcntyH1sOkrYj2pLSk36W5pcapYKW3peel86W0pd+Fp7yvjuylwKW5pcil3KXDpa+luaXdpbmlyKXhqWCl66XcpcOlr6W5waLLrtb5y67LqNb5kt+z/dPDvt/I66Tspbmlwalgpeul7aXDpaupYKWsqWClx6XzpdWloaXLpcGl46lgzsLK0qXXpeml86W/qWClv6WvpdzO79bDoaFNcqOupbmlyKXDpa+l3qXzIKXXpemluaWipeul1aWhob7Su7Dj0M2hob1ZwraccMnZzt24+aG/oaFUUC1aNDBSMjZbhae8e47sL4WnvHsvzt3N4oWnvHuO7C/O3c3iL4J9juwv1tDQzS+089DNL7yksLIvgf248S/Qoc7dXQ==,W8vNwc+fb8HPXVvJzMa3xeTLzaTOpN9dW6Sqv82YlL1NwaJdoaOlv6WvpdzO79bDoaFNcqOupbmlyKXDpa+l3qXzIKXXpemluaWipeul1aWhob7Su7Dj0M2hob1ZwraccMnZzt24+aG/oaFUUC1aNDBSMjZbhae8e47sL4WnvHsvzt3N4oWnvHuO7C/O3c3iL4J9juwv1tDQzS+089DNL7yksLIvgf248S/Qoc7dXQ==[rn]
31-77616,aHR0cDovL3RzaG9wLnIxMHMuanAvZWNvLWxpZmUtci9jYWJpbmV0LzEzOC9uc2Itc3oyMjI5LTJfMS5qcGc/Zml0aW49NzAwOjcwMA==,MjM3ODQwLjAwMDA=,,u6g/paypYKXHpfM/RElZID4gpailr6W5pcal6qWiP6WsqWClx6XzpdWloaXLpcGl46lgID4gzu/Ww6St,pb+lr6Xczu/Ww6Gho82j8i6lt6XjpcOlv6lgpd6l86GhpcCl86XHpaOhoVdTQi1TWjIyMjktMqGhtuDRqdDNP71ZwraccMnZzt24+aGhMt9Cl51bhae8e47sL4WnvHsvzt3N4oWnvHuO7C/O3c3iL4J9juwv1tDQzS+089DNL7yksLIvgf248S/Qoc7dXQ==,W8vNwc+fb8HPXVukqr/NmJS9TcGiXQ==,PHAgc3R5bGU9J2NvbG9yOiMwMDgwMDA7IGZvbnQtd2VpZ2h0OmJvbGQ7Jz68e8baxL+wsqO6yczGt8rWxeTh4aGio7Khq6Oz30zpZ7PMtsgozaizo9TajuykzqTKpKTJzMa3pM6e6Sk8YnI+peGpYKWrqWDWscvNo6jHt8a3pOSO/LFQpM6I9rrPpOKktKS2pKSk3qS5pM6kx9PopOGktMHLs9DPwqS1pKSjqTwvcD48YnI+PGJyPjxicj48YnI+PGJyPjxpbWcgc3JjPSdodHRwOi8vaW1hZ2UucmFrdXRlbi5jby5qcC9lY28tbGlmZS1yL2NhYmluZXQvaWNvbi9hYm91dGhhaXNvMi5qcGcnIHN0eWxlPSdtYXJnaW4tYm90dG9tOjEwcHg7Jz48YnI+PGltZyBzcmM9J2h0dHA6Ly9pbWFnZS5yYWt1dGVuLmNvLmpwL2Vjby1saWZlLXIvY2FiaW5ldC9pY29uL2hhaXNvMTIyLmpwZycgc3R5bGU9J21hcmdpbi1ib3R0b206MTBweDsnPjxicj48aW1nIHNyYz0naHR0cDovL2ltYWdlLnJha3V0ZW4uY28uanAvZWNvLWxpZmUtci9jYWJpbmV0L2ljb24vY3l1dWkxLmpwZycgc3R5bGU9J21hcmdpbi1ib3R0b206MTBweDsnPjxicj48aW1nIHNyYz0naHR0cDovL2ltYWdlLnJha3V0ZW4uY28uanAvZWNvLWxpZmUtci9jYWJpbmV0L2ljb24vdHVpa2EtY3l1dWk0LmpwZycgc3R5bGU9J21hcmdpbi1ib3R0b206MTBweDsnPjxicj48cD48Yj6h+aSqv82YlL1NwaLJzMa3ob6x2KS6pKrVaaTfpK+kwKS1pKShvzwvYj48YnI+vU3BormkysKltalgpdOluaTP0NCkw6TGpKqk6qTepLuk86GivU3BoqTPpKq/zZiUpMukxqSq7oqkpKS3pN6kuaGjPC9wPsrLmJSH7T+XebD8w/e8mj+9TcGi1WjD95X4P7v5tUGH7aGhpM+ks6TBpOmhoaGhPj48YnI+PGJyPjx0YWJsZSB3aWR0aD0nMTAwJScgYm9yZGVyPScwJyBhbGlnbj0nY2VudGVyJyBjZWxscGFkZGluZz0nNScgY2VsbHNwYWNpbmc9JzAnIGNsYXNzPSdpdGVtX2RhbnJha3ViYWMnPiA8dHIgYWxpZ249J2xlZnQnPjx0ZCB3aWR0aD0nOTknIGNsYXNzPSdpdGVtX2ZvbnQyJz7O3bj5tOe3qDwvZm9udD48L3RkPjx0ZCB3aWR0aD0nMjc4JyBjbGFzcz0naXRlbV9mb250MSc+6We/2jQ0OTWhwbDC0NAzMTk1ocG43zIxMTAgbW08L3RkPjwvdHI+IDx0ciBhbGlnbj0nbGVmdCc+PHRkIHdpZHRoPSc5OScgY2xhc3M9J2l0ZW1fZm9udDInPs3BzKi057eoPC9mb250PjwvdGQ+PHRkIHdpZHRoPScyNzgnIGNsYXNzPSdpdGVtX2ZvbnQxJz7pZ7/aNDQxNaHBsMLQ0DI5OTAgbW08L3RkPjwvdHI+PHRyIGFsaWduPSdsZWZ0Jz48dGQgY2xhc3M9J2l0ZW1fZm9udDInPsTasr+057eoPC90ZD48dGQgY2xhc3M9J2l0ZW1fZm9udDEnPulnv9o0MzU5ocGwwtDQMjgyMG1tPC90ZD48L3RyPjx0ciBhbGlnbj0nbGVmdCc+PHRkIGNsYXNzPSdpdGVtX2ZvbnQyJz7pX7/asr88L3RkPjx0ZCBjbGFzcz0naXRlbV9mb250MSc+6We/2jE5ODahwbjfMTY3MG1toasxODcwbW08YnI+PHAgY2xhc3M9J2l0ZW1fZGFucmFrdTInPqOq6V+/2rjfpLWkz7v5tUGkzrjfpLWky6TopOqukKTKpOqk3qS5oaM8L3A+PC90ZD48L3RyPjx0ciBhbGlnbj0nbGVmdCc+PHRkIGNsYXNzPSdpdGVtX2ZvbnQyJz60ssPmt2U8L3RkPjx0ZCBjbGFzcz0naXRlbV9mb250MSc+MTMuMjDGvbe9bTwvdGQ+PC90cj48dHIgYWxpZ249J2xlZnQnPjx0ZCBjbGFzcz0naXRlbV9mb250Mic+zt24+cTNusnW2DwvdGQ+PHRkIGNsYXNzPSdpdGVtX2ZvbnQxJz4zMDAwTi/GvcPXo6gzMDBrZ2Yvxr3D16OpPGJyIC8+PC90ZD48L3RyPjx0ciBhbGlnbj0nbGVmdCc+PHRkIGNsYXNzPSdpdGVtX2ZvbnQyJz64tsr0xrc8L3RkPjx0ZCBjbGFzcz0naXRlbV9mb250MSc+3I6kyKSkP6S/pMaYvz+loqXzpaupYKXcpeulyDxicj48L3RkPjwvdHI+IDx0ciBhbGlnbj0nbGVmdCc+PHRkIGNsYXNzPSdpdGVtX2ZvbnQyJz6EZYnTpaql16W3peel8zwvdGQ+PHRkIGNsYXNzPSdpdGVtX2ZvbnQxJz6497dOpaql16W3peel89SUvJqkz6WzpcGl6aOopeGpYKWrqWCl2qlgpbijqTxiciAvPjxwIGNsYXNzPSdpdGVtX2RhbnJha3UyJz6jqqS0z6PN+6TOiPa6z6TPoaLXos7EpdWlqalgpeCkzoLkv7yZ2qTL05vdZKTOyc88YnIgLz6ktMvN0MXPwqS1pKShorWxteqkx6S016LOxKTytF/VSuHhoaI8YnIgLz6lqqXXpbel56XztPqk8rqspOGkv4H9uPGk8qSq1qqk6aS7pLek3qS5oaM8L3A+PHAgY2xhc3M9J2l0ZW1fZGFucmFrdTInPqOqyqm5pKTIpaql16W3peel84FJt72k8qS0z6PN+6TOiPa6z6TPpKrSirdlpOrPwqS1pKShozwvcD48L3RkPiA8L3RyPiAgIDx0ciBhbGlnbj0nbGVmdCc+PHRkIGNsYXNzPSdpdGVtX2ZvbnQyJz67+bVBuaTKwjxiciAvPqTLpMSkpKTGPC90ZD48dGQgY2xhc3M9J2l0ZW1fZm9udDEnPjxpbWcgc3JjPSdodHRwOi8vaW1hZ2UucmFrdXRlbi5jby5qcC9lY28tbGlmZS1yL2NhYmluZXQvZ2FyYWdlL2tpc29rb3V6aS5qcGcnPjwvdGQ+PC90cj48L3RhYmxlPjxCUj48aW1nIHNyYz0naHR0cDovL2ltYWdlLnJha3V0ZW4uY28uanAvZWNvLWxpZmUtci9jYWJpbmV0LzE1MC93Yi1vcC5qcGcnIC8+PGJyPjxicj48aW1nIHNyYz0naHR0cDovL2ltYWdlLnJha3V0ZW4uY28uanAvZWNvLWxpZmUtci9jYWJpbmV0L3dhcmVob3VzZTIvdGFrdWJvLW1haW5pbWcuanBnJyB3aWR0aD0iODAwIiBoZWlnaHQ9IjIyMCIgc3R5bGU9Im1hcmdpbi1ib3R0b206MjBweDsiLz48YnI+CjxpbWcgc3JjPSdodHRwOi8vaW1hZ2UucmFrdXRlbi5jby5qcC9lY28tbGlmZS1yL2NhYmluZXQvd2FyZWhvdXNlMi90YWt1Ym8tcG9pbnQxLmpwZycgd2lkdGg9IjgwMCIgaGVpZ2h0PSI2NzAiIHN0eWxlPSJtYXJnaW4tYm90dG9tOjIwcHg7Ii8+PGJyPgo8aW1nIHNyYz0naHR0cDovL2ltYWdlLnJha3V0ZW4uY28uanAvZWNvLWxpZmUtci9jYWJpbmV0L3dhcmVob3VzZTIvdGFrdWJvLXBvaW50Mi5qcGcnIHdpZHRoPSI4MDEiIGhlaWdodD0iMzk3IiBzdHlsZT0ibWFyZ2luLWJvdHRvbToyMHB4OyIvPjxicj4Kof2h/aH9of2h/Txicj4KPHAgc3R5bGU9J2ZvbnQtc2l6ZToyMHB4O2ZvbnQtd2VpZ2h0OmJvbGQ7Jz69TcGipPKktM+jzfukzoj2us+kz9K7tsjT+dKKt2Wkqu6KpKSkpKS/pLek3qS5o76jvjxicj48YnI+Cjxicj48YnI+Cgo8IS0tPHRhYmxlIHdpZHRoPSI4MDAiIGJvcmRlcj0iMCI+Cjx0cj4KPHRkIGNvbHNwYW49IjQiIHN0eWxlPSdjb2xvcjojNDM0MzQzO2ZvbnQtc2l6ZToxNnB4O2ZvbnQtd2VpZ2h0OmJvbGQ7dGV4dC1hbGlnbjpjZW50ZXI7Jz48cD6hvjUvMTWhqzI1z962qKG/terE2sirxrekx8q5pKik66Oh33ik2aTrpa+pYKXdpfOjoSA8L3A+PC90ZD4KPC90cj4KPHRyPgo8dGQ+PGltZyBzcmM9J2h0dHBzOi8vaW1hZ2UucmFrdXRlbi5jby5qcC9lY28tbGlmZS1yL2NhYmluZXQvY3BfMTAwLmpwZyc+PC90ZD4KPHRkPjxpbWcgc3JjPSdodHRwczovL2ltYWdlLnJha3V0ZW4uY28uanAvZWNvLWxpZmUtci9jYWJpbmV0L2NwXzMwMC5qcGcnIHRhcmdldD0nX2JsYW5rJz48L3RkPgo8dGQ+PGltZyBzcmM9J2h0dHBzOi8vaW1hZ2UucmFrdXRlbi5jby5qcC9lY28tbGlmZS1yL2NhYmluZXQvY3BfNTAwLmpwZycgdGFyZ2V0PSdfYmxhbmsnPjwvdGQ+Cjx0ZD48aW1nIHNyYz0naHR0cHM6Ly9pbWFnZS5yYWt1dGVuLmNvLmpwL2Vjby1saWZlLXIvY2FiaW5ldC9jcF8xMDAwLmpwZycgdGFyZ2V0PSdfYmxhbmsnPjwvdGQ+CjwvdHI+CjwvdGFibGU+PGJyPjxicj4tLT4=,pb+lr6Xczu/Ww6Gho82j8i6lt6XjpcOlv6lgpd6l86GhpcCl86XHpaOhoVdTQi1TWjIyMjktMqGhtuDRqdDNP71ZwraccMnZzt24+aGhMt9Cl51bhae8e47sL4WnvHsvzt3N4oWnvHuO7C/O3c3iL4J9juwv1tDQzS+089DNL7yksLIvgf248S/Qoc7dXaO6rWi+s8n6u+4=,zu/Ww4WnvHuO7KXXpeylz6XWgn2O7KWspeypYKW43IeO7KXQpaSlr6WspeypYKW419TcntyH1sOkrYj2pLSk36W5pcapYKW3peel86W0pd+Fp7yvjuylwKW5pcil3KXDpa+luaXdpbmlyKXhqWCl66XcpcOlr6W5waLLrtb5y67LqNb5kt+z/dPDvt/I66Tspbmlwalgpeul7aXDpaupYKWsqWClx6XzpdWloaXLpcGl46lgzsLK0qXXpeml86W/qWClv6WvpdzO79bDoaGjzaPyLqW3peOlw6W/qWCl3qXzoaGlwKXzpcelo6GhV1NCLVNaMjIyOS0yoaG24NGp0M0/vVnCtpxwydnO3bj5oaEy30KXnVuFp7x7juwvhae8ey/O3c3ihae8e47sL87dzeIvgn2O7C/W0NDNL7Tz0M0vvKSwsi+B/bjxL9Chzt1d,W8vNwc+fb8HPXVukqr/NmJS9TcGiXaGjpb+lr6Xczu/Ww6Gho82j8i6lt6XjpcOlv6lgpd6l86GhpcCl86XHpaOhoVdTQi1TWjIyMjktMqGhtuDRqdDNP71ZwraccMnZzt24+aGhMt9Cl51bhae8e47sL4WnvHsvzt3N4oWnvHuO7C/O3c3iL4J9juwv1tDQzS+089DNL7yksLIvgf248S/Qoc7dXQ==[rn]
31-77617,aHR0cDovL3RzaG9wLnIxMHMuanAvZWNvLWxpZmUtci9jYWJpbmV0LzE0Ni9sbGMtMTUxOF8xLmpwZz9maXRpbj03MDA6NzAw,MTk1NjAwLjAwMDA=,,u6g/paypYKXHpfM/RElZID4gpailr6W5pcal6qWiP6WsqWClx6XzpdWloaXLpcGl46lgID4gzu/Ww6St,ob7Su7DjP7rA0am5stPD0M2hv6XopcnO79bDoaGlqKXrpeKhod9CvkHQzaGhTExELTE1MTijqNL9pK2R9aW/paSl16OpoaG7+bG+l52jqDKXnbfWo6mhobf5MjMzNaHBsMLQ0DIwNTehwbjfpLUyMTE5bW2hoaH5y83Bz9Kq0oq3ZaTq,W8vNwc/SqtKKt2VdIFukqr/NmJS9TcGiXQ==,PHAgc3R5bGU9J2NvbG9yOiMwMDgwMDA7Jz48Yj6hvrx7xtrEv7Cyob88L2I+PGJyPqOz30zpZ7PMtsg8YnI+tPPQzd9C0N2kqqTopNPE6sSpxOrKvKTPs/2kraTepLmhozxicj6l4algpaupYNTajuykrKTKpKSI9rrPoaLJ+q5i17SbcqTLpOik6rj8pMu8e8bapKykq6SrpOuI9rrPpKyktKS2pKSk3qS5oaPT6KThpLTBy7PQz8KktaSkoaM8L3A+PGJyPjxpbWcgc3JjPSdodHRwOi8vaW1hZ2UucmFrdXRlbi5jby5qcC9lY28tbGlmZS1yL2NhYmluZXQvaWNvbi9hYm91dGhhaXNvOS5qcGcnIHN0eWxlPSdtYXJnaW4tYm90dG9tOjEwcHg7Jz48YnI+PGltZyBzcmM9J2h0dHA6Ly9pbWFnZS5yYWt1dGVuLmNvLmpwL2Vjby1saWZlLXIvY2FiaW5ldC9pY29uL2hhaXNvMTA2LmpwZycgc3R5bGU9J21hcmdpbi1ib3R0b206MTBweDsnPjxicj48aW1nIHNyYz0naHR0cDovL2ltYWdlLnJha3V0ZW4uY28uanAvZWNvLWxpZmUtci9jYWJpbmV0L2ljb24vY3l1dWkxLmpwZycgc3R5bGU9J21hcmdpbi1ib3R0b206MTBweDsnPjxicj48aW1nIHNyYz0naHR0cDovL2ltYWdlLnJha3V0ZW4uY28uanAvZWNvLWxpZmUtci9jYWJpbmV0L2ljb24vdHVpa2EtY3l1dWk0LmpwZycgc3R5bGU9J21hcmdpbi1ib3R0b206MTBweDsnPjxicj48cD48Yj6h+aSqv82YlL1NwaLJzMa3ob6x2KS6pKrVaaTfpK+kwKS1pKShvzwvYj48YnI+vU3BormkysKltalgpdOluaTP0NCkw6TGpKqk6qTepLuk86GivU3BoqTPpKq/zZiUpMukxqSq7oqkpKS3pN6kuaGjPC9wPsrLmJSH7T+9TcGi1WjD95X4oaGkz6SzpMGk6aGhoaE+Pjxicj48YnI+PHRhYmxlIHdpZHRoPScxMDAlJyBib3JkZXI9JzAnIGNlbGxwYWRkaW5nPScwJyBjZWxsc3BhY2luZz0nMCc+PHRyPjx0ZD48dGFibGUgd2lkdGg9JzEwMCUnIGJvcmRlcj0nMCcgYWxpZ249J2NlbnRlcicgY2VsbHBhZGRpbmc9JzUnIGNlbGxzcGFjaW5nPScwJyBjbGFzcz0naXRlbV9kYW5yYWt1YmFjJz48dHIgYWxpZ249J2xlZnQnPjx0ZCB3aWR0aD0nOTknIGNsYXNzPSdpdGVtX2ZvbnQyJz7O3bj5tOe3qChtbSk8L3RkPjx0ZCB3aWR0aD0nMjc4JyBjbGFzcz0naXRlbV9mb250MSc+t/kxNTU3ocGwwtDQMjA4Ny41ocG436S1o6jHsKOpMjExNy41o6jh4aOpMi4wNjM8L3RkPjwvdHI+PHRyIGFsaWduPSdsZWZ0Jz48dGQgY2xhc3M9J2l0ZW1fZm9udDInPs3BzKi057eoKG1tKTwvdGQ+PHRkIGNsYXNzPSdpdGVtX2ZvbnQxJz63+TE1MTChwbDC0NAxODYyLjU8L3RkPjwvdHI+PHRyIGFsaWduPSdsZWZ0Jz48dGQgY2xhc3M9J2l0ZW1fZm9udDInPtPQhL/pX7/atOe3qChtbSk8L3RkPjx0ZCBjbGFzcz0naXRlbV9mb250MSc+t/k4MTKhwbjfpLUxOTAyPC90ZD48L3RyPjx0ciBhbGlnbj0nbGVmdCc+PHRkIGNsYXNzPSdpdGVtX2ZvbnQyJz7T0IS/zt3E2rTnt6gobW0pPC90ZD48dGQgY2xhc3M9J2l0ZW1fZm9udDEnPrf5MTQzNqHBuN+ktTIwMzAoMTkyMCmhwbDC0NAxNjk4PC90ZD48L3RyPjx0ciBhbGlnbj0nbGVmdCc+PHRkIGNsYXNzPSdpdGVtX2ZvbnQyJz63ZdGpusnW2DwvdGQ+PHRkIGNsYXNzPSdpdGVtX2ZvbnQxJz68czEyMDBOo6gxMjBrZ2ajqS/Gvbe9baGht2XRqaGhvHM2MGNtPGJyIC8+0amkztbYpLWkz9e0m3Kky6TopOqJ5LuvpLek3qS5oaPU56ThpMvRqaSqpO2kt6TypLekxs/CpLWkpKGjPC90ZD48L3RyPjx0ciBhbGlnbj0nbGVmdCc+PHRkIGNsYXNzPSdpdGVtX2ZvbnQyJz63ZdGpusnW2DwvdGQ+PHRkIGNsYXNzPSdpdGVtX2ZvbnQxJz68czEyMDBOo6gxMjBrZ2ajqS/Gvbe9baGht2XRqaGhvHM2MGNtPGJyIC8+0amkztbYpLWkz9e0m3Kky6TopOqJ5LuvpLek3qS5oaPU56ThpMvRqaSqpO2kt6TypLekxs/CpLWkpKGjPC90ZD48L3RyPjx0ciBhbGlnbj0nbGVmdCc+PHRkIGNsYXNzPSdpdGVtX2ZvbnQyJz7fQpedpMukxKSkpMY8L3RkPjx0ZCBjbGFzcz0naXRlbV9mb250MSc+P9e3vNOXnaOoMZedt9ajqaGhMTA4MTAwg9KhoTxiciAvPqOqMt9Cl53S1MnPoaK6zpedpMek4sqpuaS/ycTcpMekuaGjPGJyIC8+PHAgY2xhc3M9J2l0ZW1fZGFucmFrdTMnPqOq17e805edpLTPo837pM6I9rrPpM+hoqSq0oq3ZaTq0sDubaSvpMCktaSkoaM8L3A+PC90ZD48L3RyPjx0ciBhbGlnbj0nbGVmdCc+PHRkIGNsYXNzPSdpdGVtX2ZvbnQyJz7L2LLEPC90ZD48dGQgY2xhc3M9J2l0ZW1fZm9udDEnPqW1pdOky4+KpKSjoTxiciAvPqWipeul34GE41W6z7PJpOGkw6Sto6ilrKXrpdCl6qWmpeDkk7DlysuYlKOpPGJyIC8+ofnN4rK/pMvD5qS5pOvIq6TGpM7kk7DlpMvKudPDPC90ZD48L3RyPjx0ciBhbGlnbj0nbGVmdCc+PHRkIGNsYXNzPSdpdGVtX2ZvbnQyJz64tsr0xrc8L3RkPjx0ZCBjbGFzcz0naXRlbV9mb250MSc+P8XvsOWjssO2L5edo6hBMi4w0M2jr7f5MTQwMKHBsMLQ0DM4MG1to6/h4cPm08OjqTxiciAvPqOoxe+w5bjfpLXVe7mdpM8xMDCj7aOvo+2l1KXDpcGjqTwvdGQ+PC90cj48dHIgYWxpZ249J2xlZnQnPjx0ZCBjbGFzcz0naXRlbV9mb250Mic+hGWJ06Wqpdelt6XnpfM8L3RkPjx0ZCBjbGFzcz0naXRlbV9mb250MSc+hGWJ06Tqxe8/3I6lyKWkpbulw6XIpPKktM+jzfukzoj2us+kz6WzpcGl6aTypLTTRc/CpLWkpKGjKFBERik8YnIgLz48cCBjbGFzcz0naXRlbV9kYW5yYWt1Mic+o6qktM+jzfukzoj2us+kz6Gi16LOxKXVpampYKXgpM6C5L+8mdqky9Ob3WSkzsnPpLTLzdDFz8KktaSkoaK1sbXqpMektNeizsSk8rRf1Urh4aGipaql16W3peel87T6pPK6rKThpL+B/bjxpPKkqtaqpOmku6S3pN6kuaGjPC9wPjwvdGQ+PC90cj48L3RhYmxlPjxwIGNsYXNzPSdpdGVtX2RhbnJha3UzJz6jqrx7xtqkz6Oy30zpZ7PMtsikq6SrpOqk3qS5oaM8L3A+PHAgY2xhc3M9J2l0ZW1fZGFucmFrdTMnPqOqtbHUk8nMxrekz6Gil53K/aTkvHvGt8/Ipail6qWipMuk6KTDpMalwaXjqWClv6lgseOkx6TOxeTLzaTLpMqk64j2us+krKSipOqk3qS5oaM8YnI+pcGl46lgpb+pYLT6pMukxKStpN6kt6TGpM+hooRlzb6kqtKKt2Wk6qTypLTSwO5tpK+kwKS1pKShozwvcD48L3RkPjwvdHI+PC90YWJsZT48QlI+PGltZyBzcmM9J2h0dHA6Ly9pbWFnZS5yYWt1dGVuLmNvLmpwL2Vjby1saWZlLXIvY2FiaW5ldC93YXJlaG91c2UyL3doLW9zdXN1bWUwMS5qcGcnIHRhcmdldD0nX2JsYW5rJz4KPGJyPjxicj4KPCEtLTx0YWJsZSB3aWR0aD0iODAwIiBib3JkZXI9IjAiPgo8dHI+Cjx0ZCBjb2xzcGFuPSI0IiBzdHlsZT0nY29sb3I6IzQzNDM0Mztmb250LXNpemU6MTZweDtmb250LXdlaWdodDpib2xkO3RleHQtYWxpZ246Y2VudGVyOyc+PHA+ob41LzE1oasyNc/etqihv7XqxNrIq8a3pMfKuaSopOujod94pNmk66WvqWCl3aXzo6EgPC9wPjwvdGQ+CjwvdHI+Cjx0cj4KPHRkPjxpbWcgc3JjPSdodHRwczovL2ltYWdlLnJha3V0ZW4uY28uanAvZWNvLWxpZmUtci9jYWJpbmV0L2NwXzEwMC5qcGcnPjwvdGQ+Cjx0ZD48aW1nIHNyYz0naHR0cHM6Ly9pbWFnZS5yYWt1dGVuLmNvLmpwL2Vjby1saWZlLXIvY2FiaW5ldC9jcF8zMDAuanBnJyB0YXJnZXQ9J19ibGFuayc+PC90ZD4KPHRkPjxpbWcgc3JjPSdodHRwczovL2ltYWdlLnJha3V0ZW4uY28uanAvZWNvLWxpZmUtci9jYWJpbmV0L2NwXzUwMC5qcGcnIHRhcmdldD0nX2JsYW5rJz48L3RkPgo8dGQ+PGltZyBzcmM9J2h0dHBzOi8vaW1hZ2UucmFrdXRlbi5jby5qcC9lY28tbGlmZS1yL2NhYmluZXQvY3BfMTAwMC5qcGcnIHRhcmdldD0nX2JsYW5rJz48L3RkPgo8L3RyPgo8L3RhYmxlPjxicj48YnI+LS0+,ob7Su7DjP7rA0am5stPD0M2hv6XopcnO79bDoaGlqKXrpeKhod9CvkHQzaGhTExELTE1MTijqNL9pK2R9aW/paSl16OpoaG7+bG+l52jqDKXnbfWo6mhobf5MjMzNSZ0aW1lczuwwtDQMjA1NyZ0aW1lczu436S1MjExOW1toaGh+cvNwc/SqtKKt2Wk6qO6rWi+s8n6u+4=,zu/Ww4WnvHuO7KXXpeylz6XWgn2O7KWspeypYKW43IeO7KXQpaSlr6WspeypYKW419TcntyH1sOkrYj2pLSk36W5pcapYKW3peel86W0pd+Fp7yvjuylwKW5pcil3KXDpa+luaXdpbmlyKXhqWCl66XcpcOlr6W5waLLrtb5y67LqNb5kt+z/dPDvt/I66Tspbmlwalgpeul7aXDpaupYKWsqWClx6XzpdWloaXLpcGl46lgzsLK0qXXpeml86W/qWChvtK7sOM/usDRqbmy08PQzaG/peilyc7v1sOhoaWopeul4qGh30K+QdDNoaFMTEQtMTUxOKOo0v2krZH1pb+lpKXXo6mhobv5sb6XnaOoMpedt9ajqaGht/kyMzM1JnRpbWVzO7DC0NAyMDU3JnRpbWVzO7jfpLUyMTE5bW2hoaH5y83Bz9Kq0oq3ZaTq,W8vNwc/SqtKKt2VdIFukqr/NmJS9TcGiXaGjob7Su7DjP7rA0am5stPD0M2hv6XopcnO79bDoaGlqKXrpeKhod9CvkHQzaGhTExELTE1MTijqNL9pK2R9aW/paSl16OpoaG7+bG+l52jqDKXnbfWo6mhobf5MjMzNSZ0aW1lczuwwtDQMjA1NyZ0aW1lczu436S1MjExOW1toaGh+cvNwc/SqtKKt2Wk6g==[rn]
31-77618,aHR0cDovL3RzaG9wLnIxMHMuanAvZWNvLWxpZmUtci9jYWJpbmV0LzE4NS90cC1zejQwMjJfMS5qcGc/Zml0aW49NzAwOjcwMA==,MTc3NDQwLjAwMDA=,,u6g/paypYKXHpfM/RElZID4gpailr6W5pcal6qWiP6WsqWClx6XzpdWloaXLpcGl46lgID4gzu/Ww6St,pb+lr6Xczu/Ww6GhTXKjrqW5pcilw6Wvpd6l8yCl16XppbmloqXrpdWloaG+tuDRqdDNoaG9WcK2nHDJ2c7duPmhv6GhVFAtU1o0MDIyW4WnvHuO7C+Fp7x7L87dzeKFp7x7juwvzt3N4i+CfY7sL9bQ0M0vtPPQzS+8pLCyL4H9uPEv0KHO3V0=,W8vNwc+fb8HPXVvJzMa3xeTLzaTOpN9dW6Sqv82YlL1NwaJd,PHAgc3R5bGU9J2ZvbnQtc2l6ZToyOHB4O21hcmdpbi1ib3R0b206MDs+Jz48Yj6ks6TOyczGt6TPyczGt8Xky82kzqTfpMekuaGjPC9iPjwvcD48YSBocmVmPSdodHRwOi8vaXRlbS5yYWt1dGVuLmNvLmpwL2Vjby1saWZlLXIvdHAtc3o0MDIyLWt1bWkvJyBjbGFzcz0ncm9sbG92ZXInPjxpbWcgc3JjPSdodHRwOi8vaW1hZ2UucmFrdXRlbi5jby5qcC9lY28tbGlmZS1yL2NhYmluZXQvd2FyZWhvdXNlMi9rdW1pdGF0ZV9raWJvdS5qcGcnPjwvYT48YnI+PHAgc3R5bGU9J2NvbG9yOiMwMDgwMDA7IGZvbnQtd2VpZ2h0OmJvbGQ7Jz68e8baxL+wsqO6NaGrMTCG05hJyNXh4aTLpKq97KSxPGJyPqXhqWClq6lg1rHLzaOox7fGt6TkjvyxUKTOiPa6z6TipLSktqSkpN6kuaTOpMfT6KThpLTBy7PQz8KktaSko6k8L3A+PGJyPjxicj48aW1nIHNyYz0naHR0cDovL2ltYWdlLnJha3V0ZW4uY28uanAvZWNvLWxpZmUtci9jYWJpbmV0L2ljb24vYWJvdXRoYWlzbzIuanBnJyBzdHlsZT0nbWFyZ2luLWJvdHRvbToxMHB4Oyc+PGJyPjxpbWcgc3JjPSdodHRwOi8vaW1hZ2UucmFrdXRlbi5jby5qcC9lY28tbGlmZS1yL2NhYmluZXQvaWNvbi9oYWlzbzEyMi5qcGcnIHN0eWxlPSdtYXJnaW4tYm90dG9tOjEwcHg7Jz48YnI+PGltZyBzcmM9J2h0dHA6Ly9pbWFnZS5yYWt1dGVuLmNvLmpwL2Vjby1saWZlLXIvY2FiaW5ldC9pY29uL2N5dXVpMS5qcGcnIHN0eWxlPSdtYXJnaW4tYm90dG9tOjEwcHg7Jz48YnI+PGltZyBzcmM9J2h0dHA6Ly9pbWFnZS5yYWt1dGVuLmNvLmpwL2Vjby1saWZlLXIvY2FiaW5ldC9pY29uL3R1aWthLWN5dXVpNC5qcGcnIHN0eWxlPSdtYXJnaW4tYm90dG9tOjEwcHg7Jz48YnI+ysuYlIftP5d5sPzD97yaP71NwaLVaMP3lfg/u/m1QYftoaGkz6SzpMGk6aGhoaE+Pjxicj48YnI+PGJyPs7duPm057eoo6htbaOpIKO6ILf5NDEyN6HBsMLQ0DI0OTWhwbjfpLUyMTEwoaGhoTxiciAvPs3BzKi057eoo6htbaOpIKO6ILf5IDQwNDehwbDC0NAgMjI5MKGhoaE8YnIgLz60ssPmt2UgOS4yN8a9t71to6i8czMuMDnGuqOpIKGhPGJyIC8+zu/Ww4LIo7rE2rK/tOe3qKOobW2jqaO6ILf5MjQ3NqHBsMLQ0DIxMjA/6V+/2rf5MTQ2MKHBuN+ktTE4NTChoTxiciAvPvF23YaCyKO6xNqyv7Tnt6ijqG1to6mjuiC3+TE0NDShwbDC0NAyMTIwP+lfv9q3+TEzNzahwbjfpLUxOTAwo6i7+bVBzOyjqTxiciAvPjxiciAvPs7duPmkzsTNusnW2CCjuiAzMDAwTi/Gvbe9baOoMzAwa2dmL8a9t71to6k8YnIgLz60ssTNusnW2KGho7qhoTYwMDBOL8a9t71to6g2MDBrZ2Yvxr23vW2jqTxicj7F76TOxM26ydbYIKO6MjAwME4vxr23vW2jqDIwMGtnZi/Gvbe9baOpPGJyIC8+o6q3ZdGpo7q8czYwY22hoTxiciAvPtGppM7W2KS1pM+hote0m3Kky6TopOqJ5LuvpLek3qS5oaPU56ThpMvRqb21pO2kt6TypLekxs/CpLWkpKGjPGJyIC8+IDxiciAvPri2yvTGtyA/pL+kxpi/o6gysb6jqaGipaKl86WrqWCl16XsqWClyLi2oaM8YnIgLz48YnIgLz6h9oRlidOlqqXXpbel56XzPGJyPrj3t06lqqXXpbel56Xz1JS8mqTPpbOlwaXpo6il4algpaupYKW1paSlyKOpPGJyPqOqpLTPo837pM6I9rrPpM+hoteizsSl1aWpqWCl4KTOguS/vJnapMvTm91kpM7Jz6S0y83Qxc/CpLWkpKGjtbG16qTHpLTXos7EpPK0X9VK4eGhoqWqpdelt6XnpfO0+qTyuqyk4aS/gf248aTypKrWqqTppLukt6TepLmhozxicj48aW1nIHNyYz0naHR0cDovL2ltYWdlLnJha3V0ZW4uY28uanAvZWNvLWxpZmUtci9jYWJpbmV0L3dhcmVob3VzZS90cC00MDIyLXQuanBnJz48YnI+PEJSPjxCUj48aW1nIHNyYz0naHR0cDovL2ltYWdlLnJha3V0ZW4uY28uanAvZWNvLWxpZmUtci9jYWJpbmV0L3dhcmVob3VzZS90cC1jb2xvci5qcGcnPjxicj48aW1nIHNyYz0naHR0cDovL2ltYWdlLnJha3V0ZW4uY28uanAvZWNvLWxpZmUtci9jYWJpbmV0L3dhcmVob3VzZS90cC1zZXR1bWVpMDEuanBnJz48YnI+PGltZyBzcmM9J2h0dHA6Ly9pbWFnZS5yYWt1dGVuLmNvLmpwL2Vjby1saWZlLXIvY2FiaW5ldC93YXJlaG91c2UvdHAtc2V0dW1laTAyLmpwZyc+PGJyPjxpbWcgc3JjPSdodHRwOi8vaW1hZ2UucmFrdXRlbi5jby5qcC9lY28tbGlmZS1yL2NhYmluZXQvd2FyZWhvdXNlL3RwLXNldHVtZWkwMy5qcGcnPjxicj48aW1nIHNyYz0naHR0cDovL2ltYWdlLnJha3V0ZW4uY28uanAvZWNvLWxpZmUtci9jYWJpbmV0L3dhcmVob3VzZTIvdGFrdWJvLW1haW5pbWcuanBnJyB3aWR0aD0iODAwIiBoZWlnaHQ9IjIyMCIgc3R5bGU9Im1hcmdpbi1ib3R0b206MjBweDsiLz48YnI+CjxpbWcgc3JjPSdodHRwOi8vaW1hZ2UucmFrdXRlbi5jby5qcC9lY28tbGlmZS1yL2NhYmluZXQvd2FyZWhvdXNlMi90YWt1Ym8tcG9pbnQxLmpwZycgd2lkdGg9IjgwMCIgaGVpZ2h0PSI2NzAiIHN0eWxlPSJtYXJnaW4tYm90dG9tOjIwcHg7Ii8+PGJyPgo8aW1nIHNyYz0naHR0cDovL2ltYWdlLnJha3V0ZW4uY28uanAvZWNvLWxpZmUtci9jYWJpbmV0L3dhcmVob3VzZTIvdGFrdWJvLXBvaW50Mi5qcGcnIHdpZHRoPSI4MDEiIGhlaWdodD0iMzk3IiBzdHlsZT0ibWFyZ2luLWJvdHRvbToyMHB4OyIvPjxicj4Kof2h/aH9of2h/Txicj4KPHAgc3R5bGU9J2ZvbnQtc2l6ZToyMHB4O2ZvbnQtd2VpZ2h0OmJvbGQ7Jz69TcGipPKktM+jzfukzoj2us+kz9K7tsjT+dKKt2Wkqu6KpKSkpKS/pLek3qS5o76jvjxicj48YnI+Cjxicj48YnI+Cgo8IS0tPHRhYmxlIHdpZHRoPSI4MDAiIGJvcmRlcj0iMCI+Cjx0cj4KPHRkIGNvbHNwYW49IjQiIHN0eWxlPSdjb2xvcjojNDM0MzQzO2ZvbnQtc2l6ZToxNnB4O2ZvbnQtd2VpZ2h0OmJvbGQ7dGV4dC1hbGlnbjpjZW50ZXI7Jz48cD6hvjUvMTWhqzI1z962qKG/terE2sirxrekx8q5pKik66Oh33ik2aTrpa+pYKXdpfOjoSA8L3A+PC90ZD4KPC90cj4KPHRyPgo8dGQ+PGltZyBzcmM9J2h0dHBzOi8vaW1hZ2UucmFrdXRlbi5jby5qcC9lY28tbGlmZS1yL2NhYmluZXQvY3BfMTAwLmpwZyc+PC90ZD4KPHRkPjxpbWcgc3JjPSdodHRwczovL2ltYWdlLnJha3V0ZW4uY28uanAvZWNvLWxpZmUtci9jYWJpbmV0L2NwXzMwMC5qcGcnIHRhcmdldD0nX2JsYW5rJz48L3RkPgo8dGQ+PGltZyBzcmM9J2h0dHBzOi8vaW1hZ2UucmFrdXRlbi5jby5qcC9lY28tbGlmZS1yL2NhYmluZXQvY3BfNTAwLmpwZycgdGFyZ2V0PSdfYmxhbmsnPjwvdGQ+Cjx0ZD48aW1nIHNyYz0naHR0cHM6Ly9pbWFnZS5yYWt1dGVuLmNvLmpwL2Vjby1saWZlLXIvY2FiaW5ldC9jcF8xMDAwLmpwZycgdGFyZ2V0PSdfYmxhbmsnPjwvdGQ+CjwvdHI+CjwvdGFibGU+PGJyPjxicj4tLT4=,pb+lr6Xczu/Ww6GhTXKjrqW5pcilw6Wvpd6l8yCl16XppbmloqXrpdWloaG+tuDRqdDNoaG9WcK2nHDJ2c7duPmhv6GhVFAtU1o0MDIyW4WnvHuO7C+Fp7x7L87dzeKFp7x7juwvzt3N4i+CfY7sL9bQ0M0vtPPQzS+8pLCyL4H9uPEv0KHO3V2juq1ovrPJ+rvu,zu/Ww4WnvHuO7KXXpeylz6XWgn2O7KWspeypYKW43IeO7KXQpaSlr6WspeypYKW419TcntyH1sOkrYj2pLSk36W5pcapYKW3peel86W0pd+Fp7yvjuylwKW5pcil3KXDpa+luaXdpbmlyKXhqWCl66XcpcOlr6W5waLLrtb5y67LqNb5kt+z/dPDvt/I66Tspbmlwalgpeul7aXDpaupYKWsqWClx6XzpdWloaXLpcGl46lgzsLK0qXXpeml86W/qWClv6WvpdzO79bDoaFNcqOupbmlyKXDpa+l3qXzIKXXpemluaWipeul1aWhob624NGp0M2hob1ZwraccMnZzt24+aG/oaFUUC1TWjQwMjJbhae8e47sL4WnvHsvzt3N4oWnvHuO7C/O3c3iL4J9juwv1tDQzS+089DNL7yksLIvgf248S/Qoc7dXQ==,W8vNwc+fb8HPXVvJzMa3xeTLzaTOpN9dW6Sqv82YlL1NwaJdoaOlv6WvpdzO79bDoaFNcqOupbmlyKXDpa+l3qXzIKXXpemluaWipeul1aWhob624NGp0M2hob1ZwraccMnZzt24+aG/oaFUUC1TWjQwMjJbhae8e47sL4WnvHsvzt3N4oWnvHuO7C/O3c3iL4J9juwv1tDQzS+089DNL7yksLIvgf248S/Qoc7dXQ==[rn]
31-77619,aHR0cDovL3RzaG9wLnIxMHMuanAvZWNvLWxpZmUtci9jYWJpbmV0LzEyMy9sb2NzLTI5MjVoZl8xLmpwZz9maXRpbj03MDA6NzAw,MTk5NjgwLjAwMDA=,,u6g/paypYKXHpfM/RElZID4gpailr6W5pcal6qWiP6WsqWClx6XzpdWloaXLpcGl46lgID4gzu/Ww6St,peilyaWzpaYgpeilyc7v1sMgpail66Xipbel46XDpb+pYKOotLKlv6WkpdejqUxPRFMtMjkyNUhGILdl0anQzaH5ytzXosn6rmLGtyBbhae8e47sL4WnvHsvzt3N4oWnvHuO7C/O3c3iL4J9juwvvKSwsi+wsqSkL4H9uPEv0KHO3S+lrKlgpcely6XzpbAvzaUvpOikyS+k6KTJzu/Wwy+k4qTOpKqkrS/O79bDpK1d,W8vNwc+fb8HPXSBbpKq/zZiUvU3Bol0=,PHAgc3R5bGU9J2NvbG9yOiMwMDgwMDA7Jz48Yj6hvrx7xtrEv7Cyob88L2I+PGJyPqOyoaujs99M6WezzLbIPGJyPrTz0M3fQtDdpKqk6KTTxOrEqcTqyrykz7P9pK2k3qS5oaM8YnI+peGpYKWrqWDU2o7spKykyqSkiPa6z6GiyfquYte0m3Kky6TopOq4/KTLvHvG2qSspKukq6TriPa6z6SspLSktqSkpN6kuaGj0+ik4aS0wcuz0M/CpLWkpKGjPC9wPjxicj48aW1nIHNyYz0naHR0cDovL2ltYWdlLnJha3V0ZW4uY28uanAvZWNvLWxpZmUtci9jYWJpbmV0L2ljb24vYWJvdXRoYWlzbzIuanBnJyBzdHlsZT0nbWFyZ2luLWJvdHRvbToxMHB4Oyc+PGJyPjxpbWcgc3JjPSdodHRwOi8vaW1hZ2UucmFrdXRlbi5jby5qcC9lY28tbGlmZS1yL2NhYmluZXQvaWNvbi9oYWlzbzEwNi5qcGcnIHN0eWxlPSdtYXJnaW4tYm90dG9tOjEwcHg7Jz48YnI+PGltZyBzcmM9J2h0dHA6Ly9pbWFnZS5yYWt1dGVuLmNvLmpwL2Vjby1saWZlLXIvY2FiaW5ldC9pY29uL2N5dXVpMS5qcGcnIHN0eWxlPSdtYXJnaW4tYm90dG9tOjEwcHg7Jz48YnI+PGltZyBzcmM9J2h0dHA6Ly9pbWFnZS5yYWt1dGVuLmNvLmpwL2Vjby1saWZlLXIvY2FiaW5ldC9pY29uL3R1aWthLWN5dXVpNC5qcGcnIHN0eWxlPSdtYXJnaW4tYm90dG9tOjEwcHg7Jz48YnI+PHA+PGI+ofmkqr/NmJS9TcGiyczGt6G+sdikuqSq1Wmk36SvpMCktaSkob88L2I+PGJyPr1NwaK5pMrCpbWpYKXTpbmkz9DQpMOkxqSqpOqk3qS7pPOhor1NwaKkz6Sqv82YlKTLpMakqu6KpKSkt6TepLmhozwvcD7Ky5iUh+0/vU3BotVow/eV+KGhpM+ks6TBpOmhoaGhPj48YnI+PGJyPjx0YWJsZSB3aWR0aD0nMTAwJScgYm9yZGVyPScwJyBhbGlnbj0nY2VudGVyJyBjZWxscGFkZGluZz0nNScgY2VsbHNwYWNpbmc9JzAnIGNsYXNzPSdpdGVtX2RhbnJha3ViYWMnPjx0ciBhbGlnbj0nbGVmdCc+IDx0ZCBjbGFzcz0naXRlbV9mb250Mic+zeLQzrTnt6gobW0pPC90ZD4gPHRkIGNsYXNzPSdpdGVtX2ZvbnQxJz63+TMwMDihwbDC0NAyNzg4ocG436S1MjM1NjwvdGQ+PC90cj48dHIgYWxpZ249J2xlZnQnPjx0ZCBjbGFzcz0naXRlbV9mb250Mic+6V+/2rTnt6gobW0pPC90ZD48dGQgY2xhc3M9J2l0ZW1fZm9udDEnPrf5MjY0MKHBuN+ktTE4ODQ8L3RkPjwvdHI+PHRyIGFsaWduPSdsZWZ0Jz48dGQgd2lkdGg9Jzg0JyBjbGFzcz0naXRlbV9mb250Mic+ytLE2rTnt6g8L3RkPjx0ZCB3aWR0aD0nNDE2JyBjbGFzcz0naXRlbV9mb250MSc+t/kyODM4ocGwwtDQMjQwNaHBuN+ktTIwNjkgPC90ZD48L3RyPjx0ciBhbGlnbj0nbGVmdCc+PHRkIGNsYXNzPSdpdGVtX2ZvbnQyJz60ssPmt2U8L3RkPjx0ZCBjbGFzcz0naXRlbV9mb250MSc+N6OuNDfGvbe9baOovHMyo64yNsa6o6k8L3RkPjwvdHI+PHRyIGFsaWduPSdsZWZ0Jz48dGQgY2xhc3M9J2l0ZW1fZm9udDInPsTNusnW2DwvdGQ+PHRkIGNsYXNzPSdpdGVtX2ZvbnQxJz60siCjujYwMDBOL8a9t71to6g2MDBrZ2Yvxr23vW2jqTxiciAvPsXvIKO6MjAwME4vxr23vW2jqDIwMGtnZi/Gvbe9baOpPGJyIC8+zt24+SCjuiAzMDAwTi/Gvbe9baOoMzAwa2dmL8a9t71to6k8YnIgLz6jqrdl0amjurxzMTAwY208YnIgLz7RqaTO1tiktaTPoaLXtJtypMuk6KTqieS7r6S3pN6kuaGj1Oek4aTL0am9taTtpLek8qS3pMbPwqS1pKShozxiciAvPqH5pdClpKWvtcikzoj2us+kz7yv1tC6ydbYpMukyqTDpMakt6TepKaks6TIpKy/vKSopOmk7KTepLmkzqTHoaI8YnIgLz6lqqXXpbel56XzpM6huLSy0WGPiqG5pPLNrJVypMuktNeizsSkpKS/pMCkr6SzpMik8qSqpLmkuaTh1sKkt6TepLmhozwvdGQ+PC90cj48dHIgYWxpZ249J2xlZnQnPjx0ZCBjbGFzcz0naXRlbV9mb250Mic+tLI8L3RkPjx0ZCBjbGFzcz0naXRlbV9mb250MSc+u6yk6ta5pOG807mkpM+kt6TGpKKk6qTepLuk86GjPGJyIC8+tLKkzsnPpMul3qXDpci1yKTyt/OkpKTGpKSkv6TApK+ks6TIpPKkqqS5pLmk4aS3pN6kuaGjPGJyIC8+pd6lw6XIpM+kqr/NmJSky6TGpLTTw9Liz8KktaSkoaM8L3RkPjwvdHI+PHRyIGFsaWduPSdsZWZ0Jz48dGQgY2xhc3M9J2l0ZW1fZm9udDInPri2yvTGtzwvdGQ+PHRkIGNsYXNzPSdpdGVtX2ZvbnQxJz4/xe+w5aGhNMO2uLakrShBMtDNL+Hhw+bTw6OpPGJyIC8+P6WipfOlq6lguLakrTxiciAvPj+l1aXDpa+w9KOxsb64tqStPGJyIC8+PGRpdiBhbGlnbj0nY2VudGVyJz48aW1nIHNyYz0naHR0cDovL2ltYWdlLnJha3V0ZW4uY28uanAvZWNvLWxpZmUtci9jYWJpbmV0L3dhcmVob3VzZS8yOTI1LmpwZycgLz48L2Rpdj48L3RkPjwvdHI+ICAgPHRyIGFsaWduPSdsZWZ0Jz48dGQgY2xhc3M9J2l0ZW1fZm9udDInPoRlidOlqqXXpbel56XzPC90ZD48dGQgY2xhc3M9J2l0ZW1fZm9udDEnPsXvsOWkyqTJpM6EZYnTpaql16W3peel86TO1JS8mqTPpLOkwaTppKuk6aS000XPwqS1pKShozxiciAvPqO+o76lqKXrpeKlt6XjpcOlv6lgpaql16W3peel8zxiciAvPqOqpLOk7KTppM6lqqXXpbel56XzpPKktM+jzfukzoj2us+kz6GipLTXos7EpdWlqalgpeCkzoLkv7yZ2qTLpMakvaTO1ryk8qSq1qqk6aS7z8KktaSkoaM8YnIgLz61sbXqpMektNeizsSk8rRf1Urh4aGipaql16W3peel87T6pPK6rKThpL+B/bjxpPKkqtaqpOmku6S3pN6kuaGjPGJyIC8+o6rKqbmkpMilqqXXpbel56XzgUm3vaTypLTPo837pM6I9rrPpM+kqtKKt2Wk6s/CpLWkpKGjPGJyPqOqpcilpKW7pcOlyKTPmMucyqTHuLbK9KS3pMakqqTqpN6ku6TzpM6kx6Gi0+rLrqTPsb7M5bGzw+aky8H3pOzC5KTBpN6kuaGivfzrT6TIpM6+s6TL1E/Ww6S5pOuI9rrPoaKhuKXIpaSlu6XDpcihuaTOyKG4tqSxpPKkqoThpOHWwqS3pN6kuaGjPC90ZD48L3RyPjwvdGFibGU+PEJSPjxicj48aW1nIHNyYz0naHR0cDovL2ltYWdlLnJha3V0ZW4uY28uanAvZWNvLWxpZmUtci9jYWJpbmV0L3dhcmVob3VzZS9tZnctemVueXVrYXNldHVtZWkyLmpwZycnPjxicj48aW1nIHNyYz0naHR0cDovL2ltYWdlLnJha3V0ZW4uY28uanAvZWNvLWxpZmUtci9jYWJpbmV0L3dhcmVob3VzZTIvd2gtb3N1c3VtZTAxLmpwZycgdGFyZ2V0PSdfYmxhbmsnPgo8YnI+PGJyPgo8IS0tPHRhYmxlIHdpZHRoPSI4MDAiIGJvcmRlcj0iMCI+Cjx0cj4KPHRkIGNvbHNwYW49IjQiIHN0eWxlPSdjb2xvcjojNDM0MzQzO2ZvbnQtc2l6ZToxNnB4O2ZvbnQtd2VpZ2h0OmJvbGQ7dGV4dC1hbGlnbjpjZW50ZXI7Jz48cD6hvjUvMTWhqzI1z962qKG/terE2sirxrekx8q5pKik66Oh33ik2aTrpa+pYKXdpfOjoSA8L3A+PC90ZD4KPC90cj4KPHRyPgo8dGQ+PGltZyBzcmM9J2h0dHBzOi8vaW1hZ2UucmFrdXRlbi5jby5qcC9lY28tbGlmZS1yL2NhYmluZXQvY3BfMTAwLmpwZyc+PC90ZD4KPHRkPjxpbWcgc3JjPSdodHRwczovL2ltYWdlLnJha3V0ZW4uY28uanAvZWNvLWxpZmUtci9jYWJpbmV0L2NwXzMwMC5qcGcnIHRhcmdldD0nX2JsYW5rJz48L3RkPgo8dGQ+PGltZyBzcmM9J2h0dHBzOi8vaW1hZ2UucmFrdXRlbi5jby5qcC9lY28tbGlmZS1yL2NhYmluZXQvY3BfNTAwLmpwZycgdGFyZ2V0PSdfYmxhbmsnPjwvdGQ+Cjx0ZD48aW1nIHNyYz0naHR0cHM6Ly9pbWFnZS5yYWt1dGVuLmNvLmpwL2Vjby1saWZlLXIvY2FiaW5ldC9jcF8xMDAwLmpwZycgdGFyZ2V0PSdfYmxhbmsnPjwvdGQ+CjwvdHI+CjwvdGFibGU+PGJyPjxicj4tLT4=,peilyaWzpaYgpeilyc7v1sMgpail66Xipbel46XDpb+pYKOotLKlv6WkpdejqUxPRFMtMjkyNUhGILdl0anQzaH5ytzXosn6rmLGtyBbhae8e47sL4WnvHsvzt3N4oWnvHuO7C/O3c3iL4J9juwvvKSwsi+wsqSkL4H9uPEv0KHO3S+lrKlgpcely6XzpbAvzaUvpOikyS+k6KTJzu/Wwy+k4qTOpKqkrS/O79bDpK1do7qtaL6zyfq77g==,zu/Ww4WnvHuO7KXXpeylz6XWgn2O7KWspeypYKW43IeO7KXQpaSlr6WspeypYKW419TcntyH1sOkrYj2pLSk36W5pcapYKW3peel86W0pd+Fp7yvjuylwKW5pcil3KXDpa+luaXdpbmlyKXhqWCl66XcpcOlr6W5waLLrtb5y67LqNb5kt+z/dPDvt/I66Tspbmlwalgpeul7aXDpaupYKWsqWClx6XzpdWloaXLpcGl46lgzsLK0qXXpeml86W/qWCl6KXJpbOlpiCl6KXJzu/WwyClqKXrpeKlt6XjpcOlv6lgo6i0sqW/paSl16OpTE9EUy0yOTI1SEYgt2XRqdDNofnK3NeiyfquYsa3IFuFp7x7juwvhae8ey/O3c3ihae8e47sL87dzeIvgn2O7C+8pLCyL7CypKQvgf248S/Qoc7dL6WsqWClx6XLpfOlsC/NpS+k6KTJL6TopMnO79bDL6TipM6kqqStL87v1sOkrV0=,W8vNwc+fb8HPXSBbpKq/zZiUvU3Bol2ho6Xopcmls6WmIKXopcnO79bDIKWopeul4qW3peOlw6W/qWCjqLSypb+lpKXXo6lMT0RTLTI5MjVIRiC3ZdGp0M2h+crc16LJ+q5ixrcgW4WnvHuO7C+Fp7x7L87dzeKFp7x7juwvzt3N4i+CfY7sL7yksLIvsLKkpC+B/bjxL9Chzt0vpaypYKXHpcul86WwL82lL6TopMkvpOikyc7v1sMvpOKkzqSqpK0vzu/Ww6StXQ==[rn]
31-77620,aHR0cDovL3RzaG9wLnIxMHMuanAvZWNvLWxpZmUtci9jYWJpbmV0LzE2OC95ZGVzLTE5MDktbF8xLmpwZz9maXRpbj03MDA6NzAw,MjQ4MC4wMDAw,,u6g/paypYKXHpfM/RElZID4gpailr6W5pcal6qWiP6WsqWClx6XzpdWloaXLpcGl46lgID4gzu/Ww6St,peilyc7v1sOlqKW5peIgpaql16W3peel8yCEZYnTxe8gRVNFLTE5MDktTNDNILf5MTI5NaHBsMLQ0DM1Mi41bW0=,y83Bz9Kq0oq3ZQ==,PGltZyBzcmM9J2h0dHA6Ly9pbWFnZS5yYWt1dGVuLmNvLmpwL2Vjby1saWZlLXIvY2FiaW5ldC9pY29uL2Fib3V0aGFpc28yLmpwZycgc3R5bGU9J21hcmdpbi1ib3R0b206MTBweDsnPjxicj4KPGltZyBzcmM9J2h0dHA6Ly9pbWFnZS5yYWt1dGVuLmNvLmpwL2Vjby1saWZlLXIvY2FiaW5ldC9pY29uL2hhaXNvMTA2LmpwZycgc3R5bGU9J21hcmdpbi1ib3R0b206MTBweDsnPjxicj6ltaWkpbqjurf5MTI5NaHBsMLQ0DM1Mi41bW08YnI+1tjBv6O6NjWj66PnPGJyPqH5hGWJ08XvpMukz8XvytykrLi2pKSkxqSkpN6kuaGjPGJyPjxmb250IGNvbG9yPSdyZWQnPqH5paql16W3peel86TOyKG4toydj+qkz87v1sOxvszlpM69TcGiuaTKwqTIzayVcteizsSkzoj2us+kzqTfs9Ck6qTepLmhozxicj6h+aWqpdelt6XnpfOkzqTfpPKktM+jzfukzoj2us+kz4Rlzb7LzcHPpKykq6SrpOqk3qS5pM6kx6Sq0oq3ZaTqpPKktNLA7m2kr6TApLWkpKGjPC9mb250Pjxicj48YnI+PGltZyBzcmM9J2h0dHA6Ly9pbWFnZS5yYWt1dGVuLmNvLmpwL2Vjby1saWZlLXIvY2FiaW5ldC93YXJlaG91c2UyL3doLW9zdXN1bWUwMS5qcGcnIHRhcmdldD0nX2JsYW5rJz4KPGJyPjxicj4KPCEtLTx0YWJsZSB3aWR0aD0iODAwIiBib3JkZXI9IjAiPgo8dHI+Cjx0ZCBjb2xzcGFuPSI0IiBzdHlsZT0nY29sb3I6IzQzNDM0Mztmb250LXNpemU6MTZweDtmb250LXdlaWdodDpib2xkO3RleHQtYWxpZ246Y2VudGVyOyc+PHA+ob41LzE1oasyNc/etqihv7XqxNrIq8a3pMfKuaSopOujod94pNmk66WvqWCl3aXzo6EgPC9wPjwvdGQ+CjwvdHI+Cjx0cj4KPHRkPjxpbWcgc3JjPSdodHRwczovL2ltYWdlLnJha3V0ZW4uY28uanAvZWNvLWxpZmUtci9jYWJpbmV0L2NwXzEwMC5qcGcnPjwvdGQ+Cjx0ZD48aW1nIHNyYz0naHR0cHM6Ly9pbWFnZS5yYWt1dGVuLmNvLmpwL2Vjby1saWZlLXIvY2FiaW5ldC9jcF8zMDAuanBnJyB0YXJnZXQ9J19ibGFuayc+PC90ZD4KPHRkPjxpbWcgc3JjPSdodHRwczovL2ltYWdlLnJha3V0ZW4uY28uanAvZWNvLWxpZmUtci9jYWJpbmV0L2NwXzUwMC5qcGcnIHRhcmdldD0nX2JsYW5rJz48L3RkPgo8dGQ+PGltZyBzcmM9J2h0dHBzOi8vaW1hZ2UucmFrdXRlbi5jby5qcC9lY28tbGlmZS1yL2NhYmluZXQvY3BfMTAwMC5qcGcnIHRhcmdldD0nX2JsYW5rJz48L3RkPgo8L3RyPgo8L3RhYmxlPjxicj48YnI+LS0+,peilyc7v1sOlqKW5peIgpaql16W3peel8yCEZYnTxe8gRVNFLTE5MDktTNDNILf5MTI5NSZ0aW1lczuwwtDQMzUyLjVtbaO6rWi+s8n6u+4=,zu/Ww4WnvHuO7KXXpeylz6XWgn2O7KWspeypYKW43IeO7KXQpaSlr6WspeypYKW419TcntyH1sOkrYj2pLSk36W5pcapYKW3peel86W0pd+Fp7yvjuylwKW5pcil3KXDpa+luaXdpbmlyKXhqWCl66XcpcOlr6W5waLLrtb5y67LqNb5kt+z/dPDvt/I66Tspbmlwalgpeul7aXDpaupYKWsqWClx6XzpdWloaXLpcGl46lgzsLK0qXXpeml86W/qWCl6KXJzu/Ww6Wopbml4iClqqXXpbel56XzIIRlidPF7yBFU0UtMTkwOS1M0M0gt/kxMjk1JnRpbWVzO7DC0NAzNTIuNW1t,y83Bz9Kq0oq3ZaGjpeilyc7v1sOlqKW5peIgpaql16W3peel8yCEZYnTxe8gRVNFLTE5MDktTNDNILf5MTI5NSZ0aW1lczuwwtDQMzUyLjVtbQ==[rn]
31-77621,aHR0cDovL3RzaG9wLnIxMHMuanAvZWNvLWxpZmUtci9jYWJpbmV0LzEyMy9sb2MtMjUxOGhkXzEuanBnP2ZpdGluPTcwMDo3MDA=,MTIyMDgwLjAwMDA=,,u6g/paypYKXHpfM/RElZID4gpailr6W5pcal6qWiP6WsqWClx6XzpdWloaXLpcGl46lgID4gzu/Ww6St,peilyaWzpaYgpeilyc7v1sMgpail66Xipbel46XDpb+pYKOozcHpZ6W/paSl16OpTE9ELTI1MThIRCDSu7Dj0M2h+crc16LJ+q5ixrcgW4WnvHuO7C+Fp7x7L87dzeKFp7x7juwvzt3N4i+CfY7sL7yksLIvsLKkpC+B/bjxL9Chzt0vpaypYKXHpcul86WwL82lL6TopMkvpOikyc7v1sMvpOKkzqSqpK0vzu/Ww6StXQ==,W8vNwc+fb8HPXSBbpKq/zZiUvU3Bol0=,PHAgc3R5bGU9J2NvbG9yOiMwMDgwMDA7Jz48Yj6hvrx7xtrEv7Cyob88L2I+PGJyPqOyoaujs99M6WezzLbIPGJyPrTz0M3fQtDdpKqk6KTTxOrEqcTqyrykz7P9pK2k3qS5oaM8YnI+peGpYKWrqWDU2o7spKykyqSkiPa6z6GiyfquYte0m3Kky6TopOq4/KTLvHvG2qSspKukq6TriPa6z6SspLSktqSkpN6kuaGj0+ik4aS0wcuz0M/CpLWkpKGjPC9wPjxicj48aW1nIHNyYz0naHR0cDovL2ltYWdlLnJha3V0ZW4uY28uanAvZWNvLWxpZmUtci9jYWJpbmV0L2ljb24vYWJvdXRoYWlzbzIuanBnJyBzdHlsZT0nbWFyZ2luLWJvdHRvbToxMHB4Oyc+PGJyPjxpbWcgc3JjPSdodHRwOi8vaW1hZ2UucmFrdXRlbi5jby5qcC9lY28tbGlmZS1yL2NhYmluZXQvaWNvbi9oYWlzbzEwNi5qcGcnIHN0eWxlPSdtYXJnaW4tYm90dG9tOjEwcHg7Jz48YnI+PGltZyBzcmM9J2h0dHA6Ly9pbWFnZS5yYWt1dGVuLmNvLmpwL2Vjby1saWZlLXIvY2FiaW5ldC9pY29uL2N5dXVpMS5qcGcnIHN0eWxlPSdtYXJnaW4tYm90dG9tOjEwcHg7Jz48YnI+PGltZyBzcmM9J2h0dHA6Ly9pbWFnZS5yYWt1dGVuLmNvLmpwL2Vjby1saWZlLXIvY2FiaW5ldC9pY29uL3R1aWthLWN5dXVpNC5qcGcnIHN0eWxlPSdtYXJnaW4tYm90dG9tOjEwcHg7Jz48YnI+PHA+PGI+ofmkqr/NmJS9TcGiyczGt6G+sdikuqSq1Wmk36SvpMCktaSkob88L2I+PGJyPr1NwaK5pMrCpbWpYKXTpbmkz9DQpMOkxqSqpOqk3qS7pPOhor1NwaKkz6Sqv82YlKTLpMakqu6KpKSkt6TepLmhozwvcD7Ky5iUh+0/vU3BotVow/eV+KGhpM+ks6TBpOmhoaGhPj48YnI+PGJyPjx0YWJsZSB3aWR0aD0nMTAwJScgYm9yZGVyPScwJyBhbGlnbj0nY2VudGVyJyBjZWxscGFkZGluZz0nNScgY2VsbHNwYWNpbmc9JzAnIGNsYXNzPSdpdGVtX2RhbnJha3ViYWMnPjx0ciBhbGlnbj0nbGVmdCc+IDx0ZCBjbGFzcz0naXRlbV9mb250Mic+zeLQzrTnt6gobW0pPC90ZD4gPHRkIGNsYXNzPSdpdGVtX2ZvbnQxJz63+TI2NTihwbDC0NAyMDg4ocG436S1MjM2MDwvdGQ+PC90cj4gPHRyIGFsaWduPSdsZWZ0Jz48dGQgY2xhc3M9J2l0ZW1fZm9udDInPulfv9q057eoKG1tKTwvdGQ+PHRkIGNsYXNzPSdpdGVtX2ZvbnQxJz63+TIyODmhwbjfpLUxOTM0PC90ZD48L3RyPjx0ciBhbGlnbj0nbGVmdCc+PHRkIHdpZHRoPSc4NCcgY2xhc3M9J2l0ZW1fZm9udDInPsrSxNq057eoPC90ZD48dGQgd2lkdGg9JzQxNicgY2xhc3M9J2l0ZW1fZm9udDEnPrf5MjQ3OKHBsMLQ0DE3MzahwbjfpLUyMTY1PC90ZD48L3RyPjx0ciBhbGlnbj0nbGVmdCc+PHRkIGNsYXNzPSdpdGVtX2ZvbnQyJz60ssPmt2U8L3RkPjx0ZCBjbGFzcz0naXRlbV9mb250MSc+NKOuNzjGvbe9baOovHMxo640Nca6o6k8L3RkPjwvdHI+PHRyIGFsaWduPSdsZWZ0Jz48dGQgY2xhc3M9J2l0ZW1fZm9udDInPsTNusnW2DwvdGQ+PHRkIGNsYXNzPSdpdGVtX2ZvbnQxJz7F7yCjujIwMDBOL8a9t71to6gyMDBrZ2Yvxr23vW2jqTxiciAvPs7duPkgo7ogMTIwME4vxr23vW2jqDEyMGtnZi/Gvbe9baOpPGJyIC8+o6q3ZdGpo7q8czYwY208YnIgLz7RqaTO1tiktaTPoaLXtJtypMuk6KTqieS7r6S3pN6kuaGj1Oek4aTL0am9taTtpLek8qS3pMbPwqS1pKShozwvdGQ+PC90cj48dHIgYWxpZ249J2xlZnQnPjx0ZCBjbGFzcz0naXRlbV9mb250Mic+uLbK9Ma3PC90ZD48dGQgY2xhc3M9J2l0ZW1fZm9udDEnPj/F77DloaEyw7a4tqStKEEy0M0v4eHD5tPDo6k8YnIgLz4/paKl86WrqWC4tqStPGJyIC8+P6XVpcOlr7D0o7Gxvri2pK08YnIgLz48ZGl2IGFsaWduPSdjZW50ZXInPjxpbWcgc3JjPSdodHRwOi8vaW1hZ2UucmFrdXRlbi5jby5qcC9lY28tbGlmZS1yL2NhYmluZXQvd2FyZWhvdXNlLzI1MTguanBnJyAvPjwvZGl2PjwvdGQ+PC90cj4gICA8dHIgYWxpZ249J2xlZnQnPjx0ZCBjbGFzcz0naXRlbV9mb250Mic+u/m1QbmkysI8YnIgLz6ky6TEpKSkxjwvdGQ+PHRkIGNsYXNzPSdpdGVtX2ZvbnQxJz48aW1nIHNyYz0naHR0cDovL2ltYWdlLnJha3V0ZW4uY28uanAvZWNvLWxpZmUtci9jYWJpbmV0L2dhcmFnZS9raXNva291emlfYmsuanBnJz48L3RkPjwvdHI+PHRyIGFsaWduPSdsZWZ0Jz48dGQgY2xhc3M9J2l0ZW1fZm9udDInPoRlidOlqqXXpbel56XzPC90ZD48dGQgY2xhc3M9J2l0ZW1fZm9udDEnPsXvsOWkyqTJpM6EZYnTpaql16W3peel86TO1JS8mqTPpLOkwaTppKuk6aS000XPwqS1pKShozxiciAvPqO+o76lqKXrpeKlt6XjpcOlv6lgpaql16W3peel8zxiciAvPqOqpLOk7KTppM6lqqXXpbel56XzpPKktM+jzfukzoj2us+kz6GipLTXos7EpdWlqalgpeCkzoLkv7yZ2qTLpMakvaTO1ryk8qSq1qqk6aS7z8KktaSkoaM8YnIgLz61sbXqpMektNeizsSk8rRf1Urh4aGipaql16W3peel87T6pPK6rKThpL+B/bjxpPKkqtaqpOmku6S3pN6kuaGjPGJyIC8+o6rKqbmkpMilqqXXpbel56XzgUm3vaTypLTPo837pM6I9rrPpM+kqtKKt2Wk6s/CpLWkpKGjPGJyPqOqpcilpKW7pcOlyKTPmMucyqTHuLbK9KS3pMakqqTqpN6ku6TzpM6kx6Gi0+rLrqTPsb7M5bGzw+aky8H3pOzC5KTBpN6kuaGivfzrT6TIpM6+s6TL1E/Ww6S5pOuI9rrPoaKhuKXIpaSlu6XDpcihuaTOyKG4tqSxpPKkqj8/pOHWwqS3pN6kuaGjPC90ZD48L3RyPjwvdGFibGU+PEJSPjxicj48aW1nIHNyYz0naHR0cDovL2ltYWdlLnJha3V0ZW4uY28uanAvZWNvLWxpZmUtci9jYWJpbmV0L3dhcmVob3VzZS9tZnctemVueXVrYXNldHVtZWkyLmpwZycnPjxicj48aW1nIHNyYz0naHR0cDovL2ltYWdlLnJha3V0ZW4uY28uanAvZWNvLWxpZmUtci9jYWJpbmV0L3dhcmVob3VzZTIvd2gtb3N1c3VtZTAxLmpwZycgdGFyZ2V0PSdfYmxhbmsnPgo8YnI+PGJyPgo8IS0tPHRhYmxlIHdpZHRoPSI4MDAiIGJvcmRlcj0iMCI+Cjx0cj4KPHRkIGNvbHNwYW49IjQiIHN0eWxlPSdjb2xvcjojNDM0MzQzO2ZvbnQtc2l6ZToxNnB4O2ZvbnQtd2VpZ2h0OmJvbGQ7dGV4dC1hbGlnbjpjZW50ZXI7Jz48cD6hvjUvMTWhqzI1z962qKG/terE2sirxrekx8q5pKik66Oh33ik2aTrpa+pYKXdpfOjoSA8L3A+PC90ZD4KPC90cj4KPHRyPgo8dGQ+PGltZyBzcmM9J2h0dHBzOi8vaW1hZ2UucmFrdXRlbi5jby5qcC9lY28tbGlmZS1yL2NhYmluZXQvY3BfMTAwLmpwZyc+PC90ZD4KPHRkPjxpbWcgc3JjPSdodHRwczovL2ltYWdlLnJha3V0ZW4uY28uanAvZWNvLWxpZmUtci9jYWJpbmV0L2NwXzMwMC5qcGcnIHRhcmdldD0nX2JsYW5rJz48L3RkPgo8dGQ+PGltZyBzcmM9J2h0dHBzOi8vaW1hZ2UucmFrdXRlbi5jby5qcC9lY28tbGlmZS1yL2NhYmluZXQvY3BfNTAwLmpwZycgdGFyZ2V0PSdfYmxhbmsnPjwvdGQ+Cjx0ZD48aW1nIHNyYz0naHR0cHM6Ly9pbWFnZS5yYWt1dGVuLmNvLmpwL2Vjby1saWZlLXIvY2FiaW5ldC9jcF8xMDAwLmpwZycgdGFyZ2V0PSdfYmxhbmsnPjwvdGQ+CjwvdHI+CjwvdGFibGU+PGJyPjxicj4tLT4=,peilyaWzpaYgpeilyc7v1sMgpail66Xipbel46XDpb+pYKOozcHpZ6W/paSl16OpTE9ELTI1MThIRCDSu7Dj0M2h+crc16LJ+q5ixrcgW4WnvHuO7C+Fp7x7L87dzeKFp7x7juwvzt3N4i+CfY7sL7yksLIvsLKkpC+B/bjxL9Chzt0vpaypYKXHpcul86WwL82lL6TopMkvpOikyc7v1sMvpOKkzqSqpK0vzu/Ww6StXaO6rWi+s8n6u+4=,zu/Ww4WnvHuO7KXXpeylz6XWgn2O7KWspeypYKW43IeO7KXQpaSlr6WspeypYKW419TcntyH1sOkrYj2pLSk36W5pcapYKW3peel86W0pd+Fp7yvjuylwKW5pcil3KXDpa+luaXdpbmlyKXhqWCl66XcpcOlr6W5waLLrtb5y67LqNb5kt+z/dPDvt/I66Tspbmlwalgpeul7aXDpaupYKWsqWClx6XzpdWloaXLpcGl46lgzsLK0qXXpeml86W/qWCl6KXJpbOlpiCl6KXJzu/WwyClqKXrpeKlt6XjpcOlv6lgo6jNwelnpb+lpKXXo6lMT0QtMjUxOEhEINK7sOPQzaH5ytzXosn6rmLGtyBbhae8e47sL4WnvHsvzt3N4oWnvHuO7C/O3c3iL4J9juwvvKSwsi+wsqSkL4H9uPEv0KHO3S+lrKlgpcely6XzpbAvzaUvpOikyS+k6KTJzu/Wwy+k4qTOpKqkrS/O79bDpK1d,W8vNwc+fb8HPXSBbpKq/zZiUvU3Bol2ho6Xopcmls6WmIKXopcnO79bDIKWopeul4qW3peOlw6W/qWCjqM3B6Welv6WkpdejqUxPRC0yNTE4SEQg0ruw49DNofnK3NeiyfquYsa3IFuFp7x7juwvhae8ey/O3c3ihae8e47sL87dzeIvgn2O7C+8pLCyL7CypKQvgf248S/Qoc7dL6WsqWClx6XLpfOlsC/NpS+k6KTJL6TopMnO79bDL6TipM6kqqStL87v1sOkrV0=[rn]
31-77622,aHR0cDovL3RzaG9wLnIxMHMuanAvZWNvLWxpZmUtci9jYWJpbmV0LzEyMS9iZ3IxMmJfMS5qcGc/Zml0aW49NzAwOjcwMA==,MTUwNDAuMDAwMA==,,u6g/paypYKXHpfM/RElZID4gpailr6W5pcal6qWiP6WsqWClx6XzpdWloaXLpcGl46lgID4gzu/Ww6St,QkdSMTJC0P7D17GjudyO7DEytPzTw6GhVFNL,W8vNwc+fb8HPXQ==,PGJyPjxmb250IGNvbG9yPSdyZWQnPqH5yNXq1z/Xo8jVxeTLzbK7v8k8L2ZvbnQ+PGltZyBzcmM9J2h0dHA6Ly9pbWFnZS5yYWt1dGVuLmNvLmpwL2Vjby1saWZlLXIvY2FiaW5ldC9pY29uL2Fib3V0aGFpc28xLmpwZycgc3R5bGU9J21hcmdpbi1ib3R0b206MTBweDsnPjxicj48aW1nIHNyYz0naHR0cDovL2ltYWdlLnJha3V0ZW4uY28uanAvZWNvLWxpZmUtci9jYWJpbmV0L2ljb24vaGFpc28xMDEuanBnJyBzdHlsZT0nbWFyZ2luLWJvdHRvbToxMHB4Oyc+PGJyPqH21+60883itOe3qKOobW2jqaO6Vzg2NaHBRDczMaHBSDEyMDM8YnIgLz4KofaO7MTa09CEv7Tnt6ijqG1to6mjulc4NTOhwUQ2NzWhwUgxMTUwPGJyIC8+IAqh9tF1xrfW2MG/o6hrZ6Opo7q8czI3a2ejqLG+zOWkzqTfo6k8YnIgLz4KofbI3cG/o7oyMWtnIDxicj4KPGJyPjxicj48YnI+Cjxicj48aW1nIHNyYz0naHR0cDovL2ltYWdlLnJha3V0ZW4uY28uanAvZWNvLWxpZmUtci9jYWJpbmV0LzEyMS9hbGluY28uanBnJz48YnI+PGJyPjxzdHlsZSB0eXBlPSJ0ZXh0L2NzcyI+CmlucHV0W3ZhbHVlPSLZSaSkzu+kq6S0pMvI66TspOsiXXsKCglmb250LXNpemU6MTZweDsKCWZvbnQtZmFtaWx5OkFyaWFsOwoJZm9udC13ZWlnaHQ6bm9ybWFsOwoJLW1vei1ib3JkZXItcmFkaXVzOjhweDsKCS13ZWJraXQtYm9yZGVyLXJhZGl1czo4cHg7Cglib3JkZXItcmFkaXVzOjhweDsKCWJvcmRlcjoxcHggc29saWQgI2Q4MzUyNjsKCXBhZGRpbmc6OXB4IDE4cHg7Cgl0ZXh0LWRlY29yYXRpb246bm9uZTsKICAgICAgICAKCWJhY2tncm91bmQ6LW1vei1saW5lYXItZ3JhZGllbnQoIGNlbnRlciB0b3AsICNmZTFhMDAgNSUsICNjZTAxMDAgMTAwJSApOwoJYmFja2dyb3VuZDotbXMtbGluZWFyLWdyYWRpZW50KCB0b3AsICNmZTFhMDAgNSUsICNjZTAxMDAgMTAwJSApOwogICAgICAgCWJhY2tncm91bmQ6LXdlYmtpdC1ncmFkaWVudCggbGluZWFyLCBsZWZ0IHRvcCwgbGVmdCBib3R0b20sIGNvbG9yLXN0b3AoNSUsICNGRjNDMjYpLCBjb2xvci1zdG9wKDEwMCUsICNGRjI2MjYpICk7CgoJYmFja2dyb3VuZC1jb2xvcjojZmUxYTAwOwoJY29sb3I6I2ZmZmZmZjsKCWRpc3BsYXk6aW5saW5lLWJsb2NrOwoJdGV4dC1zaGFkb3c6MXB4IDFweCAwcHggI2IyM2UzNTsKIAlib3gtc2hhZG93Omluc2V0IDFweCAxcHggMHB4IDBweCAjZjI5YzkzOyB9IAoKLmNhdGNoX2NvcHkgewpjb2xvcjojZmYwMDAwOwpkaXNwbGF5OmJsb2NrOwptYXJnaW4tYm90dG9tOjE1cHg7CmxpbmUtaGVpZ2h0OjI1cHg7Cn0KCmEucm9sbG92ZXI6aG92ZXIsCmEucm9sbG92ZXI6aG92ZXIgaW1nIHsKCWZpbHRlcjogYWxwaGEob3BhY2l0eT04MCk7CgktbW96LW9wYWNpdHk6MC44OwoJb3BhY2l0eTowLjg7Cn0KPC9zdHlsZT4=,QkdSMTJC0P7D17GjudyO7DEytPzTw6GhVFNLo7qtaL6zyfq77g==,zu/Ww4WnvHuO7KXXpeylz6XWgn2O7KWspeypYKW43IeO7KXQpaSlr6WspeypYKW419TcntyH1sOkrYj2pLSk36W5pcapYKW3peel86W0pd+Fp7yvjuylwKW5pcil3KXDpa+luaXdpbmlyKXhqWCl66XcpcOlr6W5waLLrtb5y67LqNb5kt+z/dPDvt/I66Tspbmlwalgpeul7aXDpaupYKWsqWClx6XzpdWloaXLpcGl46lgzsLK0qXXpeml86W/qWBCR1IxMkLQ/sPXsaO53I7sMTK0/NPDoaFUU0s=,W8vNwc+fb8HPXaGjQkdSMTJC0P7D17GjudyO7DEytPzTw6GhVFNL[rn]
31-77623,aHR0cDovL3RzaG9wLnIxMHMuanAvZWNvLWxpZmUtci9jYWJpbmV0LzE2OC95ZGVzLTE4MDYtbF8xLmpwZz9maXRpbj03MDA6NzAw,MjQ4MC4wMDAw,,u6g/paypYKXHpfM/RElZID4gpailr6W5pcal6qWiP6WsqWClx6XzpdWloaXLpcGl46lgID4gzu/Ww6St,peilyc7v1sOlqKW5peIgpaql16W3peel8yCEZYnTxe8gRVNELTE4MDYtTNDNILf5MTE5M6HBsMLQ0DIyNy41bW0=,y83Bz9Kq0oq3ZQ==,PGltZyBzcmM9J2h0dHA6Ly9pbWFnZS5yYWt1dGVuLmNvLmpwL2Vjby1saWZlLXIvY2FiaW5ldC9pY29uL2Fib3V0aGFpc28yLmpwZycgc3R5bGU9J21hcmdpbi1ib3R0b206MTBweDsnPjxicj4KPGltZyBzcmM9J2h0dHA6Ly9pbWFnZS5yYWt1dGVuLmNvLmpwL2Vjby1saWZlLXIvY2FiaW5ldC9pY29uL2hhaXNvMTA2LmpwZycgc3R5bGU9J21hcmdpbi1ib3R0b206MTBweDsnPjxicj6ltaWkpbqjurf5MTE5M6HBsMLQ0DIyNy41bW08YnI+1tjBv6O6NDCj66PnPGJyPqH5hGWJ08XvpMukz8XvytykrLi2pKSkxqSkpN6kuaGjPGJyPjxmb250IGNvbG9yPSdyZWQnPqH5paql16W3peel86TOyKG4toydj+qkz87v1sOxvszlpM69TcGiuaTKwqTIzayVcteizsSkzoj2us+kzqTfs9Ck6qTepLmhozxicj6h+aWqpdelt6XnpfOkzqTfpPKktM+jzfukzoj2us+kz4Rlzb7LzcHPpKykq6SrpOqk3qS5pM6kx6Sq0oq3ZaTqpPKktNLA7m2kr6TApLWkpKGjPC9mb250Pjxicj48YnI+PGltZyBzcmM9J2h0dHA6Ly9pbWFnZS5yYWt1dGVuLmNvLmpwL2Vjby1saWZlLXIvY2FiaW5ldC93YXJlaG91c2UyL3doLW9zdXN1bWUwMS5qcGcnIHRhcmdldD0nX2JsYW5rJz4KPGJyPjxicj4KPCEtLTx0YWJsZSB3aWR0aD0iODAwIiBib3JkZXI9IjAiPgo8dHI+Cjx0ZCBjb2xzcGFuPSI0IiBzdHlsZT0nY29sb3I6IzQzNDM0Mztmb250LXNpemU6MTZweDtmb250LXdlaWdodDpib2xkO3RleHQtYWxpZ246Y2VudGVyOyc+PHA+ob41LzE1oasyNc/etqihv7XqxNrIq8a3pMfKuaSopOujod94pNmk66WvqWCl3aXzo6EgPC9wPjwvdGQ+CjwvdHI+Cjx0cj4KPHRkPjxpbWcgc3JjPSdodHRwczovL2ltYWdlLnJha3V0ZW4uY28uanAvZWNvLWxpZmUtci9jYWJpbmV0L2NwXzEwMC5qcGcnPjwvdGQ+Cjx0ZD48aW1nIHNyYz0naHR0cHM6Ly9pbWFnZS5yYWt1dGVuLmNvLmpwL2Vjby1saWZlLXIvY2FiaW5ldC9jcF8zMDAuanBnJyB0YXJnZXQ9J19ibGFuayc+PC90ZD4KPHRkPjxpbWcgc3JjPSdodHRwczovL2ltYWdlLnJha3V0ZW4uY28uanAvZWNvLWxpZmUtci9jYWJpbmV0L2NwXzUwMC5qcGcnIHRhcmdldD0nX2JsYW5rJz48L3RkPgo8dGQ+PGltZyBzcmM9J2h0dHBzOi8vaW1hZ2UucmFrdXRlbi5jby5qcC9lY28tbGlmZS1yL2NhYmluZXQvY3BfMTAwMC5qcGcnIHRhcmdldD0nX2JsYW5rJz48L3RkPgo8L3RyPgo8L3RhYmxlPjxicj48YnI+LS0+,peilyc7v1sOlqKW5peIgpaql16W3peel8yCEZYnTxe8gRVNELTE4MDYtTNDNILf5MTE5MyZ0aW1lczuwwtDQMjI3LjVtbaO6rWi+s8n6u+4=,zu/Ww4WnvHuO7KXXpeylz6XWgn2O7KWspeypYKW43IeO7KXQpaSlr6WspeypYKW419TcntyH1sOkrYj2pLSk36W5pcapYKW3peel86W0pd+Fp7yvjuylwKW5pcil3KXDpa+luaXdpbmlyKXhqWCl66XcpcOlr6W5waLLrtb5y67LqNb5kt+z/dPDvt/I66Tspbmlwalgpeul7aXDpaupYKWsqWClx6XzpdWloaXLpcGl46lgzsLK0qXXpeml86W/qWCl6KXJzu/Ww6Wopbml4iClqqXXpbel56XzIIRlidPF7yBFU0QtMTgwNi1M0M0gt/kxMTkzJnRpbWVzO7DC0NAyMjcuNW1t,y83Bz9Kq0oq3ZaGjpeilyc7v1sOlqKW5peIgpaql16W3peel8yCEZYnTxe8gRVNELTE4MDYtTNDNILf5MTE5MyZ0aW1lczuwwtDQMjI3LjVtbQ==[rn]
31-77624,aHR0cDovL3RzaG9wLnIxMHMuanAvZWNvLWxpZmUtci9jYWJpbmV0LzE0Ni9sbGMtMTEwOF8xLmpwZz9maXRpbj03MDA6NzAw,MTE0NTYwLjAwMDA=,,u6g/paypYKXHpfM/RElZID4gpailr6W5pcal6qWiP6WsqWClx6XzpdWloaXLpcGl46lgID4gzu/Ww6St,ob7Su7DjP7rA0am5stPD0M2hv6XopcnO79bDoaGlqKXrpeKhod9CvkHQzaGhTExELTExMDijqKXJpaKlv6WkpdejqaGhu/mxvpedo6gyl5231qOpoaG3+TI0MTOhwbDC0NAxMDM3ocG436S1MjEyMS41bW2hoaH5y83Bz9Kq0oq3ZaTq,W8vNwc/SqtKKt2VdIFukqr/NmJS9TcGiXQ==,PHAgc3R5bGU9J2NvbG9yOiMwMDgwMDA7Jz48Yj6hvrx7xtrEv7Cyob88L2I+PGJyPqOz30zpZ7PMtsg8YnI+tPPQzd9C0N2kqqTopNPE6sSpxOrKvKTPs/2kraTepLmhozxicj6l4algpaupYNTajuykrKTKpKSI9rrPoaLJ+q5i17SbcqTLpOik6rj8pMu8e8bapKykq6SrpOuI9rrPpKyktKS2pKSk3qS5oaPT6KThpLTBy7PQz8KktaSkoaM8L3A+PGJyPjxpbWcgc3JjPSdodHRwOi8vaW1hZ2UucmFrdXRlbi5jby5qcC9lY28tbGlmZS1yL2NhYmluZXQvaWNvbi9hYm91dGhhaXNvOS5qcGcnIHN0eWxlPSdtYXJnaW4tYm90dG9tOjEwcHg7Jz48YnI+PGltZyBzcmM9J2h0dHA6Ly9pbWFnZS5yYWt1dGVuLmNvLmpwL2Vjby1saWZlLXIvY2FiaW5ldC9pY29uL2hhaXNvMTA2LmpwZycgc3R5bGU9J21hcmdpbi1ib3R0b206MTBweDsnPjxicj48aW1nIHNyYz0naHR0cDovL2ltYWdlLnJha3V0ZW4uY28uanAvZWNvLWxpZmUtci9jYWJpbmV0L2ljb24vY3l1dWkxLmpwZycgc3R5bGU9J21hcmdpbi1ib3R0b206MTBweDsnPjxicj48aW1nIHNyYz0naHR0cDovL2ltYWdlLnJha3V0ZW4uY28uanAvZWNvLWxpZmUtci9jYWJpbmV0L2ljb24vdHVpa2EtY3l1dWk0LmpwZycgc3R5bGU9J21hcmdpbi1ib3R0b206MTBweDsnPjxicj48cD48Yj6h+aSqv82YlL1NwaLJzMa3ob6x2KS6pKrVaaTfpK+kwKS1pKShvzwvYj48YnI+vU3BormkysKltalgpdOluaTP0NCkw6TGpKqk6qTepLuk86GivU3BoqTPpKq/zZiUpMukxqSq7oqkpKS3pN6kuaGjPC9wPsrLmJSH7T+9TcGi1WjD95X4oaGkz6SzpMGk6aGhoaE+Pjxicj48YnI+PHAgY2xhc3M9J2l0ZW1fZGFucmFrdTMnPqH530K+Qc7v1sOkzqS/pOExl52kzqTfpM6ktNmPyOukz6THpK2k3qS7pPOhorHYpLoyl53S1MnPpMektNeizsTPwj8/pKShozwvcD48dGFibGUgd2lkdGg9JzEwMCUnIGJvcmRlcj0nMCcgY2VsbHBhZGRpbmc9JzAnIGNlbGxzcGFjaW5nPScwJz48dHI+PHRkPjx0YWJsZSB3aWR0aD0nMTAwJScgYm9yZGVyPScwJyBhbGlnbj0nY2VudGVyJyBjZWxscGFkZGluZz0nNScgY2VsbHNwYWNpbmc9JzAnIGNsYXNzPSdpdGVtX2RhbnJha3ViYWMnPjx0ciBhbGlnbj0nbGVmdCc+PHRkIHdpZHRoPSc5OScgY2xhc3M9J2l0ZW1fZm9udDInPs7duPm057eoKG1tKTwvdGQ+PHRkIHdpZHRoPScyNzgnIGNsYXNzPSdpdGVtX2ZvbnQxJz63+TI0MTOhwbDC0NAxMDM3ocG436S1o6jHsKOpMjEyMS41o6jh4aOpMjA2MC41PC90ZD48L3RyPjx0ciBhbGlnbj0nbGVmdCc+PHRkIGNsYXNzPSdpdGVtX2ZvbnQyJz7NwcyotOe3qChtbSk8L3RkPjx0ZCBjbGFzcz0naXRlbV9mb250MSc+t/kyMzE5ocGwwtDQODExPC90ZD48L3RyPjx0ciBhbGlnbj0nbGVmdCc+PHRkIGNsYXNzPSdpdGVtX2ZvbnQyJz7T0IS/6V+/2rTnt6gobW0pPC90ZD48dGQgY2xhc3M9J2l0ZW1fZm9udDEnPrf5Nzc3ocG436S1MTgwMjwvdGQ+PC90cj48dHIgYWxpZ249J2xlZnQnPjx0ZCBjbGFzcz0naXRlbV9mb250Mic+09CEv87dxNq057eoKG1tKTwvdGQ+PHRkIGNsYXNzPSdpdGVtX2ZvbnQxJz63+TEwODahwbjfpLUyMDMwKDE5MjApocGwwtDQNzM1PC90ZD48L3RyPjx0ciBhbGlnbj0nbGVmdCc+PHRkIGNsYXNzPSdpdGVtX2ZvbnQyJz63ZdGpusnW2DwvdGQ+PHRkIGNsYXNzPSdpdGVtX2ZvbnQxJz68czEyMDBOo6gxMjBrZ2ajqS/Gvbe9baGht2XRqaGhvHM2MGNtPGJyIC8+0amkztbYpLWkz9e0m3Kky6TopOqJ5LuvpLek3qS5oaPU56ThpMvRqaSqpO2kt6TypLekxs/CpLWkpKGjPC90ZD48L3RyPjx0ciBhbGlnbj0nbGVmdCc+PHRkIGNsYXNzPSdpdGVtX2ZvbnQyJz7fQpedpMukxKSkpMY8L3RkPjx0ZCBjbGFzcz0naXRlbV9mb250MSc+P9e3vNOXnaOoMZedt9ajqaGhNjYzMDCD0jxiciAvPqOqMt9Cl53S1MnPoaK6zpedpMek4sqpuaS/ycTcpMekuaGjPGJyIC8+PHAgY2xhc3M9J2l0ZW1fZGFucmFrdTMnPqOq17e805edpLTPo837pM6I9rrPpM+hoqSq0oq3ZaTq0sDubaSvpMCktaSkoaM8L3A+PC90ZD48L3RyPjx0ciBhbGlnbj0nbGVmdCc+PHRkIGNsYXNzPSdpdGVtX2ZvbnQyJz7L2LLEPC90ZD48dGQgY2xhc3M9J2l0ZW1fZm9udDEnPqW1pdOky4+KpKSjoTxiciAvPqWipeul34GE41W6z7PJpOGkw6Sto6ilrKXrpdCl6qWmpeDkk7DlysuYlKOpPGJyIC8+ofnN4rK/pMvD5qS5pOvIq6TGpM7kk7DlpMvKudPDPC90ZD48L3RyPjx0ciBhbGlnbj0nbGVmdCc+PHRkIGNsYXNzPSdpdGVtX2ZvbnQyJz60srDlxM26ydbYPC90ZD48dGQgY2xhc3M9J2l0ZW1fZm9udDEnPsnPts6jujQ0MTNOo69tM6OovHM0NTBrZ2ajr20yo6k8YnIgLz7PwrbOo7o1ODg0TqOvbTOjqLxzNjAwa2dmo69tMqOpPC90ZD48L3RyPjx0ciBhbGlnbj0nbGVmdCc+PHRkIGNsYXNzPSdpdGVtX2ZvbnQyJz64tsr0xrc8L3RkPjx0ZCBjbGFzcz0naXRlbV9mb250MSc+P8XvsOWjssO2L5edo6hBMS41o6+3+TEwNTChwbDC0NAzODBtbaOv4eHD5tPDo6k8YnIgLz6jqMXvsOW436S11Xu5naTPMTAwo+2jr6PtpdSlw6XBo6k8L3RkPjwvdHI+PHRyIGFsaWduPSdsZWZ0Jz48dGQgY2xhc3M9J2l0ZW1fZm9udDInPoRlidOlqqXXpbel56XzPC90ZD48dGQgY2xhc3M9J2l0ZW1fZm9udDEnPoRlidOk6sXvP9yOpcilpKW7pcOlyKTypLTPo837pM6I9rrPpM+ls6XBpemk8qS000XPwqS1pKShoyhQREYpPGJyIC8+PHAgY2xhc3M9J2l0ZW1fZGFucmFrdTInPqOqpLTPo837pM6I9rrPpM+hoteizsSl1aWpqWCl4KTOguS/vJnapMvTm91kpM7Jz6S0y83Qxc/CpLWkpKGitbG16qTHpLTXos7EpPK0X9VK4eGhoqWqpdelt6XnpfO0+qTyuqyk4aS/gf248aTypKrWqqTppLukt6TepLmhozwvcD48L3RkPjwvdHI+PC90YWJsZT48cCBjbGFzcz0naXRlbV9kYW5yYWt1Myc+o6q8e8bapM+jst9M6WezzLbIpKukq6TqpN6kuaGjPC9wPjxwIGNsYXNzPSdpdGVtX2RhbnJha3UzJz6jqrWx1JPJzMa3pM+hopedyv2k5Lx7xrfPyKWopeqloqTLpOikw6TGpcGl46lgpb+pYLHjpMekzsXky82ky6TKpOuI9rrPpKykoqTqpN6kuaGjPGJyPqXBpeOpYKW/qWC0+qTLpMSkraTepLekxqTPoaKEZc2+pKrSirdlpOqk8qS00sDubaSvpMCktaSkoaM8L3A+PC90ZD48L3RyPjwvdGFibGU+PEJSPjxpbWcgc3JjPSdodHRwOi8vaW1hZ2UucmFrdXRlbi5jby5qcC9lY28tbGlmZS1yL2NhYmluZXQvd2FyZWhvdXNlMi93aC1vc3VzdW1lMDEuanBnJyB0YXJnZXQ9J19ibGFuayc+Cjxicj48YnI+CjwhLS08dGFibGUgd2lkdGg9IjgwMCIgYm9yZGVyPSIwIj4KPHRyPgo8dGQgY29sc3Bhbj0iNCIgc3R5bGU9J2NvbG9yOiM0MzQzNDM7Zm9udC1zaXplOjE2cHg7Zm9udC13ZWlnaHQ6Ym9sZDt0ZXh0LWFsaWduOmNlbnRlcjsnPjxwPqG+NS8xNaGrMjXP3raoob+16sTayKvGt6THyrmkqKTro6HfeKTZpOulr6lgpd2l86OhIDwvcD48L3RkPgo8L3RyPgo8dHI+Cjx0ZD48aW1nIHNyYz0naHR0cHM6Ly9pbWFnZS5yYWt1dGVuLmNvLmpwL2Vjby1saWZlLXIvY2FiaW5ldC9jcF8xMDAuanBnJz48L3RkPgo8dGQ+PGltZyBzcmM9J2h0dHBzOi8vaW1hZ2UucmFrdXRlbi5jby5qcC9lY28tbGlmZS1yL2NhYmluZXQvY3BfMzAwLmpwZycgdGFyZ2V0PSdfYmxhbmsnPjwvdGQ+Cjx0ZD48aW1nIHNyYz0naHR0cHM6Ly9pbWFnZS5yYWt1dGVuLmNvLmpwL2Vjby1saWZlLXIvY2FiaW5ldC9jcF81MDAuanBnJyB0YXJnZXQ9J19ibGFuayc+PC90ZD4KPHRkPjxpbWcgc3JjPSdodHRwczovL2ltYWdlLnJha3V0ZW4uY28uanAvZWNvLWxpZmUtci9jYWJpbmV0L2NwXzEwMDAuanBnJyB0YXJnZXQ9J19ibGFuayc+PC90ZD4KPC90cj4KPC90YWJsZT48YnI+PGJyPi0tPg==,ob7Su7DjP7rA0am5stPD0M2hv6XopcnO79bDoaGlqKXrpeKhod9CvkHQzaGhTExELTExMDijqKXJpaKlv6WkpdejqaGhu/mxvpedo6gyl5231qOpoaG3+TI0MTMmdGltZXM7sMLQ0DEwMzcmdGltZXM7uN+ktTIxMjEuNW1toaGh+cvNwc/SqtKKt2Wk6qO6rWi+s8n6u+4=,zu/Ww4WnvHuO7KXXpeylz6XWgn2O7KWspeypYKW43IeO7KXQpaSlr6WspeypYKW419TcntyH1sOkrYj2pLSk36W5pcapYKW3peel86W0pd+Fp7yvjuylwKW5pcil3KXDpa+luaXdpbmlyKXhqWCl66XcpcOlr6W5waLLrtb5y67LqNb5kt+z/dPDvt/I66Tspbmlwalgpeul7aXDpaupYKWsqWClx6XzpdWloaXLpcGl46lgzsLK0qXXpeml86W/qWChvtK7sOM/usDRqbmy08PQzaG/peilyc7v1sOhoaWopeul4qGh30K+QdDNoaFMTEQtMTEwOKOopcmloqW/paSl16OpoaG7+bG+l52jqDKXnbfWo6mhobf5MjQxMyZ0aW1lczuwwtDQMTAzNyZ0aW1lczu436S1MjEyMS41bW2hoaH5y83Bz9Kq0oq3ZaTq,W8vNwc/SqtKKt2VdIFukqr/NmJS9TcGiXaGjob7Su7DjP7rA0am5stPD0M2hv6XopcnO79bDoaGlqKXrpeKhod9CvkHQzaGhTExELTExMDijqKXJpaKlv6WkpdejqaGhu/mxvpedo6gyl5231qOpoaG3+TI0MTMmdGltZXM7sMLQ0DEwMzcmdGltZXM7uN+ktTIxMjEuNW1toaGh+cvNwc/SqtKKt2Wk6g==[rn]
31-77625,aHR0cDovL3RzaG9wLnIxMHMuanAvZWNvLWxpZmUtci9jYWJpbmV0LzE4NS90cC16MzAxNV8xLmpwZz9maXRpbj03MDA6NzAw,MTA1MDQwLjAwMDA=,,u6g/paypYKXHpfM/RElZID4gpailr6W5pcal6qWiP6WsqWClx6XzpdWloaXLpcGl46lgID4gzu/Ww6St,pb+lr6Xczu/Ww6GhTXKjrqW5pcilw6Wvpd6l8yCl16XppbmloqXrpdWloaG+0ruw49DNoaG9WcK2nHDJ2c7duPmhv6GhVFAtWjMwMTVbhae8e47sL4WnvHsvzt3N4oWnvHuO7C/O3c3iL4J9juwv1tDQzS+089DNL7yksLIvgf248S/Qoc7dXQ==,W8vNwc+fb8HPXVvJzMa3xeTLzaTOpN9dW6Sqv82YlL1NwaJd,PHAgc3R5bGU9J2ZvbnQtc2l6ZToyOHB4O21hcmdpbi1ib3R0b206MDs+Jz48Yj6ks6TOyczGt6TPyczGt8Xky82kzqTfpMekuaGjPC9iPjwvcD48YSBocmVmPSdodHRwOi8vaXRlbS5yYWt1dGVuLmNvLmpwL2Vjby1saWZlLXIvdHAtejMwMTUta3VtaS8nIGNsYXNzPSdyb2xsb3Zlcic+PGltZyBzcmM9J2h0dHA6Ly9pbWFnZS5yYWt1dGVuLmNvLmpwL2Vjby1saWZlLXIvY2FiaW5ldC93YXJlaG91c2UyL2t1bWl0YXRlX2tpYm91LmpwZyc+PC9hPjxicj48cCBzdHlsZT0nY29sb3I6IzAwODAwMDsgZm9udC13ZWlnaHQ6Ym9sZDsnPrx7xtrEv7Cyo7o1oasxMIbTmEnI1eHhpMukqr3spLE8YnI+peGpYKWrqWDWscvNo6jHt8a3pOSO/LFQpM6I9rrPpOKktKS2pKSk3qS5pM6kx9PopOGktMHLs9DPwqS1pKSjqTwvcD48YnI+PGJyPjxpbWcgc3JjPSdodHRwOi8vaW1hZ2UucmFrdXRlbi5jby5qcC9lY28tbGlmZS1yL2NhYmluZXQvaWNvbi9hYm91dGhhaXNvMi5qcGcnIHN0eWxlPSdtYXJnaW4tYm90dG9tOjEwcHg7Jz48YnI+PGltZyBzcmM9J2h0dHA6Ly9pbWFnZS5yYWt1dGVuLmNvLmpwL2Vjby1saWZlLXIvY2FiaW5ldC9pY29uL2hhaXNvMTIyLmpwZycgc3R5bGU9J21hcmdpbi1ib3R0b206MTBweDsnPjxicj48aW1nIHNyYz0naHR0cDovL2ltYWdlLnJha3V0ZW4uY28uanAvZWNvLWxpZmUtci9jYWJpbmV0L2ljb24vY3l1dWkxLmpwZycgc3R5bGU9J21hcmdpbi1ib3R0b206MTBweDsnPjxicj48aW1nIHNyYz0naHR0cDovL2ltYWdlLnJha3V0ZW4uY28uanAvZWNvLWxpZmUtci9jYWJpbmV0L2ljb24vdHVpa2EtY3l1dWk0LmpwZycgc3R5bGU9J21hcmdpbi1ib3R0b206MTBweDsnPjxicj7Ky5iUh+0/l3mw/MP3vJo/vU3BotVow/eV+D+7+bVBh+2hoaTPpLOkwaTpoaGhoT4+PGJyPjxicj48YnI+zt24+bTnt6ijqG1to6kgo7ogt/kzMDk1ocGwwtDQMTc5NaHBuN+ktTIxMTChoaGhPGJyIC8+zcHMqLTnt6ijqG1to6kgo7ogt/kgMzAxNaHBsMLQ0CAxNTkwoaGhoTxiciAvPrSyw+a3ZSA0Ljc5xr23vW2jqLxzMS40Nca6o6kgoaE8YnIgLz7O79bDgsijusTasr+057eoo6htbaOpo7ogt/kxNDQ0ocGwwtDQMTQyMD/pX7/at/k3NzKhwbjfpLUxODUwoaE8YnIgLz7xdt2GgsijusTasr+057eoo6htbaOpo7ogt/kxNDQ0ocGwwtDQMTQyMD/pX7/at/kxMzc2ocG436S1tLKw5cnPMTkwMM3B6WfM7KGhPGJyIC8+PGJyIC8+zt24+aTOxM26ydbYIKO6IDEyMDBOL8a9t71to6gxMjBrZ2Yvxr23vW2jqTxiciAvPsXvpM7EzbrJ1tggo7oyMDAwTi/Gvbe9baOoMjAwa2dmL8a9t71to6k8YnIgLz6jqrdl0amjurxzNjBjbaGhPGJyIC8+0amkztbYpLWkz6Gi17SbcqTLpOik6onku6+kt6TepLmho9TnpOGky9GpvbWk7aS3pPKkt6TGz8KktaSkoaM8YnIgLz4gPGJyIC8+uLbK9Ma3ID+kv6TGmL+jqDKxvqOpoaKloqXzpaupYKXXpeypYKXIuLahozxiciAvPjxiciAvPqH2hGWJ06Wqpdelt6XnpfM8YnI+uPe3TqWqpdelt6XnpfPUlLyapM+ls6XBpemjqKXhqWClq6lgpbWlpKXIo6k8YnI+o6qktM+jzfukzoj2us+kz6Gi16LOxKXVpampYKXgpM6C5L+8mdqky9Ob3WSkzsnPpLTLzdDFz8KktaSkoaO1sbXqpMektNeizsSk8rRf1Urh4aGipaql16W3peel87T6pPK6rKThpL+B/bjxpPKkqtaqpOmku6S3pN6kuaGjPGJyPjxpbWcgc3JjPSdodHRwOi8vaW1hZ2UucmFrdXRlbi5jby5qcC9lY28tbGlmZS1yL2NhYmluZXQvd2FyZWhvdXNlL3RwLTMwMTUtdC5qcGcnPjxicj48cCBzdHlsZT0nY29sb3I6cmVkOyc+ofnT0s7v1sOkx+zppKzX89L9pK2kzoj2us+kz6GiTkhULVMxNVekz8ihpOq4tqSxpMekraTepLuk86GjPC9wPjxicj48QlI+PEJSPjxpbWcgc3JjPSdodHRwOi8vaW1hZ2UucmFrdXRlbi5jby5qcC9lY28tbGlmZS1yL2NhYmluZXQvd2FyZWhvdXNlL3RwLWNvbG9yLmpwZyc+PGJyPjxpbWcgc3JjPSdodHRwOi8vaW1hZ2UucmFrdXRlbi5jby5qcC9lY28tbGlmZS1yL2NhYmluZXQvd2FyZWhvdXNlL3RwLXNldHVtZWkwMS5qcGcnPjxicj48aW1nIHNyYz0naHR0cDovL2ltYWdlLnJha3V0ZW4uY28uanAvZWNvLWxpZmUtci9jYWJpbmV0L3dhcmVob3VzZS90cC1zZXR1bWVpMDIuanBnJz48YnI+PGltZyBzcmM9J2h0dHA6Ly9pbWFnZS5yYWt1dGVuLmNvLmpwL2Vjby1saWZlLXIvY2FiaW5ldC93YXJlaG91c2UvdHAtc2V0dW1laTAzLmpwZyc+PGJyPjxpbWcgc3JjPSdodHRwOi8vaW1hZ2UucmFrdXRlbi5jby5qcC9lY28tbGlmZS1yL2NhYmluZXQvd2FyZWhvdXNlMi90YWt1Ym8tbWFpbmltZy5qcGcnIHdpZHRoPSI4MDAiIGhlaWdodD0iMjIwIiBzdHlsZT0ibWFyZ2luLWJvdHRvbToyMHB4OyIvPjxicj4KPGltZyBzcmM9J2h0dHA6Ly9pbWFnZS5yYWt1dGVuLmNvLmpwL2Vjby1saWZlLXIvY2FiaW5ldC93YXJlaG91c2UyL3Rha3Viby1wb2ludDEuanBnJyB3aWR0aD0iODAwIiBoZWlnaHQ9IjY3MCIgc3R5bGU9Im1hcmdpbi1ib3R0b206MjBweDsiLz48YnI+CjxpbWcgc3JjPSdodHRwOi8vaW1hZ2UucmFrdXRlbi5jby5qcC9lY28tbGlmZS1yL2NhYmluZXQvd2FyZWhvdXNlMi90YWt1Ym8tcG9pbnQyLmpwZycgd2lkdGg9IjgwMSIgaGVpZ2h0PSIzOTciIHN0eWxlPSJtYXJnaW4tYm90dG9tOjIwcHg7Ii8+PGJyPgqh/aH9of2h/aH9PGJyPgo8cCBzdHlsZT0nZm9udC1zaXplOjIwcHg7Zm9udC13ZWlnaHQ6Ym9sZDsnPr1NwaKk8qS0z6PN+6TOiPa6z6TP0ru2yNP50oq3ZaSq7oqkpKSkpL+kt6TepLmjvqO+PGJyPjxicj4KPGJyPjxicj4KCjwhLS08dGFibGUgd2lkdGg9IjgwMCIgYm9yZGVyPSIwIj4KPHRyPgo8dGQgY29sc3Bhbj0iNCIgc3R5bGU9J2NvbG9yOiM0MzQzNDM7Zm9udC1zaXplOjE2cHg7Zm9udC13ZWlnaHQ6Ym9sZDt0ZXh0LWFsaWduOmNlbnRlcjsnPjxwPqG+NS8xNaGrMjXP3raoob+16sTayKvGt6THyrmkqKTro6HfeKTZpOulr6lgpd2l86OhIDwvcD48L3RkPgo8L3RyPgo8dHI+Cjx0ZD48aW1nIHNyYz0naHR0cHM6Ly9pbWFnZS5yYWt1dGVuLmNvLmpwL2Vjby1saWZlLXIvY2FiaW5ldC9jcF8xMDAuanBnJz48L3RkPgo8dGQ+PGltZyBzcmM9J2h0dHBzOi8vaW1hZ2UucmFrdXRlbi5jby5qcC9lY28tbGlmZS1yL2NhYmluZXQvY3BfMzAwLmpwZycgdGFyZ2V0PSdfYmxhbmsnPjwvdGQ+Cjx0ZD48aW1nIHNyYz0naHR0cHM6Ly9pbWFnZS5yYWt1dGVuLmNvLmpwL2Vjby1saWZlLXIvY2FiaW5ldC9jcF81MDAuanBnJyB0YXJnZXQ9J19ibGFuayc+PC90ZD4KPHRkPjxpbWcgc3JjPSdodHRwczovL2ltYWdlLnJha3V0ZW4uY28uanAvZWNvLWxpZmUtci9jYWJpbmV0L2NwXzEwMDAuanBnJyB0YXJnZXQ9J19ibGFuayc+PC90ZD4KPC90cj4KPC90YWJsZT48YnI+PGJyPi0tPg==,pb+lr6Xczu/Ww6GhTXKjrqW5pcilw6Wvpd6l8yCl16XppbmloqXrpdWloaG+0ruw49DNoaG9WcK2nHDJ2c7duPmhv6GhVFAtWjMwMTVbhae8e47sL4WnvHsvzt3N4oWnvHuO7C/O3c3iL4J9juwv1tDQzS+089DNL7yksLIvgf248S/Qoc7dXaO6rWi+s8n6u+4=,zu/Ww4WnvHuO7KXXpeylz6XWgn2O7KWspeypYKW43IeO7KXQpaSlr6WspeypYKW419TcntyH1sOkrYj2pLSk36W5pcapYKW3peel86W0pd+Fp7yvjuylwKW5pcil3KXDpa+luaXdpbmlyKXhqWCl66XcpcOlr6W5waLLrtb5y67LqNb5kt+z/dPDvt/I66Tspbmlwalgpeul7aXDpaupYKWsqWClx6XzpdWloaXLpcGl46lgzsLK0qXXpeml86W/qWClv6WvpdzO79bDoaFNcqOupbmlyKXDpa+l3qXzIKXXpemluaWipeul1aWhob7Su7Dj0M2hob1ZwraccMnZzt24+aG/oaFUUC1aMzAxNVuFp7x7juwvhae8ey/O3c3ihae8e47sL87dzeIvgn2O7C/W0NDNL7Tz0M0vvKSwsi+B/bjxL9Chzt1d,W8vNwc+fb8HPXVvJzMa3xeTLzaTOpN9dW6Sqv82YlL1NwaJdoaOlv6WvpdzO79bDoaFNcqOupbmlyKXDpa+l3qXzIKXXpemluaWipeul1aWhob7Su7Dj0M2hob1ZwraccMnZzt24+aG/oaFUUC1aMzAxNVuFp7x7juwvhae8ey/O3c3ihae8e47sL87dzeIvgn2O7C/W0NDNL7Tz0M0vvKSwsi+B/bjxL9Chzt1d[rn]
31-77626,aHR0cDovL3RzaG9wLnIxMHMuanAvZWNvLWxpZmUtci9jYWJpbmV0LzY0L25zLXN6MjUyOV8xLmpwZz9maXRpbj03MDA6NzAw,MTYzMjgwLjAwMDA=,,u6g/paypYKXHpfM/RElZID4gpailr6W5pcal6qWiP6WsqWClx6XzpdWloaXLpcGl46lgID4gzu/Ww6St,pb+lr6Xczu/Ww6Gho82j8i6lt6XjpcOlv6lgpd6l86GhpcCl86XHpaOhoVdTLVNaMjUyOaGhtuDRqdDNP71ZwraccMnZzt24+VuFp7x7juwvhae8ey/O3c3ihae8e47sL87dzeIvgn2O7C/W0NDNL7Tz0M1d,W8vNwc+fb8HPXVukqr/NmJS9TcGiXQ==,PHAgc3R5bGU9J2NvbG9yOiMwMDgwMDA7IGZvbnQtd2VpZ2h0OmJvbGQ7Jz68e8baxL+wsqO6NaGrMTCG05hJyNXh4aTLpKq97KSxPGJyPqXhqWClq6lg1rHLzaOox7fGt6TkjvyxUKTOiPa6z6TipLSktqSkpN6kuaTOpMfT6KThpLTBy7PQz8KktaSko6k8L3A+PGJyPgo8YnI+PGJyPjxicj48YnI+PGltZyBzcmM9J2h0dHA6Ly9pbWFnZS5yYWt1dGVuLmNvLmpwL2Vjby1saWZlLXIvY2FiaW5ldC9pY29uL2Fib3V0aGFpc28yLmpwZycgc3R5bGU9J21hcmdpbi1ib3R0b206MTBweDsnPjxicj48aW1nIHNyYz0naHR0cDovL2ltYWdlLnJha3V0ZW4uY28uanAvZWNvLWxpZmUtci9jYWJpbmV0L2ljb24vaGFpc28xMjIuanBnJyBzdHlsZT0nbWFyZ2luLWJvdHRvbToxMHB4Oyc+PGJyPjxpbWcgc3JjPSdodHRwOi8vaW1hZ2UucmFrdXRlbi5jby5qcC9lY28tbGlmZS1yL2NhYmluZXQvaWNvbi9jeXV1aTEuanBnJyBzdHlsZT0nbWFyZ2luLWJvdHRvbToxMHB4Oyc+PGJyPjxpbWcgc3JjPSdodHRwOi8vaW1hZ2UucmFrdXRlbi5jby5qcC9lY28tbGlmZS1yL2NhYmluZXQvaWNvbi90dWlrYS1jeXV1aTQuanBnJyBzdHlsZT0nbWFyZ2luLWJvdHRvbToxMHB4Oyc+PGJyPjxwPjxiPqH5pKq/zZiUvU3BosnMxrehvrHYpLqkqtVppN+kr6TApLWkpKG/PC9iPjxicj69TcGiuaTKwqW1qWCl06W5pM/Q0KTDpMakqqTqpN6ku6TzoaK9TcGipM+kqr/NmJSky6TGpKruiqSkpLek3qS5oaM8L3A+ysuYlIftP5d5sPzD97yaP71NwaLVaMP3lfg/u/m1QYftoaGkz6SzpMGk6aGhoaE+Pjxicj48YnI+PHRhYmxlIHdpZHRoPScxMDAlJyBib3JkZXI9JzAnIGFsaWduPSdjZW50ZXInIGNlbGxwYWRkaW5nPSc1JyBjZWxsc3BhY2luZz0nMCcgY2xhc3M9J2l0ZW1fZGFucmFrdWJhYyc+IDx0ciBhbGlnbj0nbGVmdCc+PHRkIHdpZHRoPSc5OScgY2xhc3M9J2l0ZW1fZm9udDInPs7duPm057eoPC9mb250PjwvdGQ+PHRkIHdpZHRoPScyNzgnIGNsYXNzPSdpdGVtX2ZvbnQxJz7pZ7/aMjYxMqHBsMLQ0DMxOTWhwbjfMjU3MCBtbTwvdGQ+PC90cj4gPHRyIGFsaWduPSdsZWZ0Jz48dGQgd2lkdGg9Jzk5JyBjbGFzcz0naXRlbV9mb250Mic+zcHMqLTnt6g8L2ZvbnQ+PC90ZD48dGQgd2lkdGg9JzI3OCcgY2xhc3M9J2l0ZW1fZm9udDEnPulnv9oyNTMyocGwwtDQMjk5MCBtbTwvdGQ+PC90cj48dHIgYWxpZ249J2xlZnQnPjx0ZCBjbGFzcz0naXRlbV9mb250Mic+xNqyv7Tnt6g8L3RkPjx0ZCBjbGFzcz0naXRlbV9mb250MSc+6We/2jI0NzahwbDC0NAyODIwbW08L3RkPjwvdHI+PHRyIGFsaWduPSdsZWZ0Jz48dGQgY2xhc3M9J2l0ZW1fZm9udDInPulfv9qyvzwvdGQ+PHRkIGNsYXNzPSdpdGVtX2ZvbnQxJz7pZ7/aMjMxOKHBuN8yMTMwbW2hqzIzMzBtbTxicj48cCBjbGFzcz0naXRlbV9kYW5yYWt1Mic+o6rpX7/auN+ktaTPu/m1QaTOuN+ktaTLpOik6q6QpMqk6qTepLmhozwvcD48L3RkPjwvdHI+PHRyIGFsaWduPSdsZWZ0Jz48dGQgY2xhc3M9J2l0ZW1fZm9udDInPrSyw+a3ZTwvdGQ+PHRkIGNsYXNzPSdpdGVtX2ZvbnQxJz43o641N8a9t71to6i8czKjrjI5xrqjqTwvdGQ+PC90cj48dHIgYWxpZ249J2xlZnQnPjx0ZCBjbGFzcz0naXRlbV9mb250Mic+zt24+cTNusnW2DwvdGQ+PHRkIGNsYXNzPSdpdGVtX2ZvbnQxJz4zMDAwTi/GvcPXo6gzMDBrZ2Yvxr3D16OpPGJyIC8+PC90ZD48L3RyPjx0ciBhbGlnbj0nbGVmdCc+PHRkIGNsYXNzPSdpdGVtX2ZvbnQyJz64tsr0xrc8L3RkPjx0ZCBjbGFzcz0naXRlbV9mb250MSc+3I6kyKSkP6S/pMaYvz+loqXzpaupYKXcpeulyDxicj48L3RkPjwvdHI+IDx0ciBhbGlnbj0nbGVmdCc+PHRkIGNsYXNzPSdpdGVtX2ZvbnQyJz6EZYnTpaql16W3peel8zwvdGQ+PHRkIGNsYXNzPSdpdGVtX2ZvbnQxJz48aW1nIHNyYz0naHR0cDovL2ltYWdlLnJha3V0ZW4uY28uanAvZWNvLWxpZmUtci9jYWJpbmV0L3dhcmVob3VzZS93cy0yNTI5LmpwZyc+PGJyPrj3t06lqqXXpbel56Xz1JS8mqTPpbOlwaXpo6il4algpaupYKXaqWCluKOpPGJyIC8+PHAgY2xhc3M9J2l0ZW1fZGFucmFrdTInPqOqpLTPo837pM6I9rrPpM+hoteizsSl1aWpqWCl4KTOguS/vJnapMvTm91kpM7JzzxiciAvPqS0y83Qxc/CpLWkpKGitbG16qTHpLTXos7EpPK0X9VK4eGhojxiciAvPqWqpdelt6XnpfO0+qTyuqyk4aS/gf248aTypKrWqqTppLukt6TepLmhozwvcD48cCBjbGFzcz0naXRlbV9kYW5yYWt1Mic+o6rKqbmkpMilqqXXpbel56XzgUm3vaTypLTPo837pM6I9rrPpM+kqtKKt2Wk6s/CpLWkpKGjPC9wPjwvdGQ+IDwvdHI+ICAgPC90YWJsZT48QlI+PHAgY2xhc3M9J3N0eWxlMSc+o6q24NGp0M2kx99Cl52lv6Wkpdeky6S5pOuI9rrPpM+hoqS5pNmkxqTOl52kyJedpM7pZ6TL6WfKy8fQpOqlu6XDpcik3qS/pM+24NGp0M3Tw8G6z8LRYY+KpdGlzaXrpKyx2NKqpMukyqTqpN6kuaGjICCjst9Cl52kyqTpo7Glu6XDpcihoqOz30KXnaTHpKKk7KTQo7Klu6XDpcix2NKqoaKjtN9Cl52kyqTpo7Olu6XDpcix2NKqpMekuaGjPC9wPjxwIGNsYXNzPSdzdHlsZTEnPqOq6WfKy8fQpOqlu6XDpcikyLbg0anQzdPDwbrPwtFhj4ql0aXNpeukzt9gpKSky6TEpKSkxjxiciAvPiAg6WfKy8fQpOqlu6XDpcikz6Gil52kyJedpM7pZ6TyzerIq6TLysvH0KTrpOKkzqTKpM6kx6GijuzE2qSrpOmXnaTIl52kzulnpPLQ0KStwLSkuaTrpLOkyKTPpMekraTepLuk86GjPGJyIC8+ICC24NGp0M3Tw8G6z8LRYY+KpdGlzaXrpM+3+TcwMG1tpM6l0aXNpeukx6Gisb7M5eHht72kzpedpMiXnaTO6Weky9RP1sOkt6TepLmho47sxNqkq6Tpl52kyJedpM7pZ6Ty0NCkrcC0pMekraTepLmhozwvcD48aW1nIHNyYz0naHR0cDovL2ltYWdlLnJha3V0ZW4uY28uanAvZWNvLWxpZmUtci9jYWJpbmV0L3dhcmVob3VzZTIvdGFrdWJvLW1haW5pbWcuanBnJyB3aWR0aD0iODAwIiBoZWlnaHQ9IjIyMCIgc3R5bGU9Im1hcmdpbi1ib3R0b206MjBweDsiLz48YnI+CjxpbWcgc3JjPSdodHRwOi8vaW1hZ2UucmFrdXRlbi5jby5qcC9lY28tbGlmZS1yL2NhYmluZXQvd2FyZWhvdXNlMi90YWt1Ym8tcG9pbnQxLmpwZycgd2lkdGg9IjgwMCIgaGVpZ2h0PSI2NzAiIHN0eWxlPSJtYXJnaW4tYm90dG9tOjIwcHg7Ii8+PGJyPgo8aW1nIHNyYz0naHR0cDovL2ltYWdlLnJha3V0ZW4uY28uanAvZWNvLWxpZmUtci9jYWJpbmV0L3dhcmVob3VzZTIvdGFrdWJvLXBvaW50Mi5qcGcnIHdpZHRoPSI4MDEiIGhlaWdodD0iMzk3IiBzdHlsZT0ibWFyZ2luLWJvdHRvbToyMHB4OyIvPjxicj4Kof2h/aH9of2h/Txicj4KPHAgc3R5bGU9J2ZvbnQtc2l6ZToyMHB4O2ZvbnQtd2VpZ2h0OmJvbGQ7Jz69TcGipPKktM+jzfukzoj2us+kz9K7tsjT+dKKt2Wkqu6KpKSkpKS/pLek3qS5o76jvjxicj48YnI+Cjxicj48YnI+Cgo8IS0tPHRhYmxlIHdpZHRoPSI4MDAiIGJvcmRlcj0iMCI+Cjx0cj4KPHRkIGNvbHNwYW49IjQiIHN0eWxlPSdjb2xvcjojNDM0MzQzO2ZvbnQtc2l6ZToxNnB4O2ZvbnQtd2VpZ2h0OmJvbGQ7dGV4dC1hbGlnbjpjZW50ZXI7Jz48cD6hvjUvMTWhqzI1z962qKG/terE2sirxrekx8q5pKik66Oh33ik2aTrpa+pYKXdpfOjoSA8L3A+PC90ZD4KPC90cj4KPHRyPgo8dGQ+PGltZyBzcmM9J2h0dHBzOi8vaW1hZ2UucmFrdXRlbi5jby5qcC9lY28tbGlmZS1yL2NhYmluZXQvY3BfMTAwLmpwZyc+PC90ZD4KPHRkPjxpbWcgc3JjPSdodHRwczovL2ltYWdlLnJha3V0ZW4uY28uanAvZWNvLWxpZmUtci9jYWJpbmV0L2NwXzMwMC5qcGcnIHRhcmdldD0nX2JsYW5rJz48L3RkPgo8dGQ+PGltZyBzcmM9J2h0dHBzOi8vaW1hZ2UucmFrdXRlbi5jby5qcC9lY28tbGlmZS1yL2NhYmluZXQvY3BfNTAwLmpwZycgdGFyZ2V0PSdfYmxhbmsnPjwvdGQ+Cjx0ZD48aW1nIHNyYz0naHR0cHM6Ly9pbWFnZS5yYWt1dGVuLmNvLmpwL2Vjby1saWZlLXIvY2FiaW5ldC9jcF8xMDAwLmpwZycgdGFyZ2V0PSdfYmxhbmsnPjwvdGQ+CjwvdHI+CjwvdGFibGU+PGJyPjxicj4tLT4=,pb+lr6Xczu/Ww6Gho82j8i6lt6XjpcOlv6lgpd6l86GhpcCl86XHpaOhoVdTLVNaMjUyOaGhtuDRqdDNP71ZwraccMnZzt24+VuFp7x7juwvhae8ey/O3c3ihae8e47sL87dzeIvgn2O7C/W0NDNL7Tz0M1do7qtaL6zyfq77g==,zu/Ww4WnvHuO7KXXpeylz6XWgn2O7KWspeypYKW43IeO7KXQpaSlr6WspeypYKW419TcntyH1sOkrYj2pLSk36W5pcapYKW3peel86W0pd+Fp7yvjuylwKW5pcil3KXDpa+luaXdpbmlyKXhqWCl66XcpcOlr6W5waLLrtb5y67LqNb5kt+z/dPDvt/I66Tspbmlwalgpeul7aXDpaupYKWsqWClx6XzpdWloaXLpcGl46lgzsLK0qXXpeml86W/qWClv6WvpdzO79bDoaGjzaPyLqW3peOlw6W/qWCl3qXzoaGlwKXzpcelo6GhV1MtU1oyNTI5oaG24NGp0M0/vVnCtpxwydnO3bj5W4WnvHuO7C+Fp7x7L87dzeKFp7x7juwvzt3N4i+CfY7sL9bQ0M0vtPPQzV0=,W8vNwc+fb8HPXVukqr/NmJS9TcGiXaGjpb+lr6Xczu/Ww6Gho82j8i6lt6XjpcOlv6lgpd6l86GhpcCl86XHpaOhoVdTLVNaMjUyOaGhtuDRqdDNP71ZwraccMnZzt24+VuFp7x7juwvhae8ey/O3c3ihae8e47sL87dzeIvgn2O7C/W0NDNL7Tz0M1d[rn]
31-77627,aHR0cDovL3RzaG9wLnIxMHMuanAvZWNvLWxpZmUtci9jYWJpbmV0LzEyMS9iZ3IxOGJfMS5qcGc/Zml0aW49NzAwOjcwMA==,MjM4NDAuMDAwMA==,,u6g/paypYKXHpfM/RElZID4gpailr6W5pcal6qWiP6WsqWClx6XzpdWloaXLpcGl46lgID4gzu/Ww6St,QkdSMThC0P7D17GjudyO7DE4tPzTw6GhVFNL,W8vNwc+fb8HPXQ==,PGJyPjxmb250IGNvbG9yPSdyZWQnPqH5yNXq1z/Xo8jVxeTLzbK7v8k8L2ZvbnQ+PGJyPgo8cCBzdHlsZT0nY29sb3I6IzAwODAwMDtmb250LXdlaWdodDpib2xkOyc+vHvG2sS/sLKjujShqzeG05hJyNXh4aTLpKq97KSxPGJyPjxpbWcgc3JjPSdodHRwOi8vaW1hZ2UucmFrdXRlbi5jby5qcC9lY28tbGlmZS1yL2NhYmluZXQvaWNvbi9hYm91dGhhaXNvMS5qcGcnIHN0eWxlPSdtYXJnaW4tYm90dG9tOjEwcHg7Jz48YnI+PGltZyBzcmM9J2h0dHA6Ly9pbWFnZS5yYWt1dGVuLmNvLmpwL2Vjby1saWZlLXIvY2FiaW5ldC9pY29uL2hhaXNvMTAxLmpwZycgc3R5bGU9J21hcmdpbi1ib3R0b206MTBweDsnPjxicj6h9tfutPPN4rTnt6ijqG1to6mjulcxMjYzocFENzMxocFIMTIwMzxiciAvPgqh9o7sxNrT0IS/tOe3qKOobW2jqaO6VzEyNTGhwUQ2NzWhwUgxMTUwPGJyIC8+IAqh9tF1xrfW2MG/o6hrZ6Opo7q8czM2a2ejqLG+zOWkzqTfo6k8YnIgLz4KofbI3cG/o7ozMGtnIDxicj48YnI+PGJyPgo8YnI+PGltZyBzcmM9J2h0dHA6Ly9pbWFnZS5yYWt1dGVuLmNvLmpwL2Vjby1saWZlLXIvY2FiaW5ldC8xMjEvYWxpbmNvLmpwZyc+PGJyPjxicj48c3R5bGUgdHlwZT0idGV4dC9jc3MiPgppbnB1dFt2YWx1ZT0i2UmkpM7vpKuktKTLyOuk7KTrIl17CgoJZm9udC1zaXplOjE2cHg7Cglmb250LWZhbWlseTpBcmlhbDsKCWZvbnQtd2VpZ2h0Om5vcm1hbDsKCS1tb3otYm9yZGVyLXJhZGl1czo4cHg7Cgktd2Via2l0LWJvcmRlci1yYWRpdXM6OHB4OwoJYm9yZGVyLXJhZGl1czo4cHg7Cglib3JkZXI6MXB4IHNvbGlkICNkODM1MjY7CglwYWRkaW5nOjlweCAxOHB4OwoJdGV4dC1kZWNvcmF0aW9uOm5vbmU7CiAgICAgICAgCgliYWNrZ3JvdW5kOi1tb3otbGluZWFyLWdyYWRpZW50KCBjZW50ZXIgdG9wLCAjZmUxYTAwIDUlLCAjY2UwMTAwIDEwMCUgKTsKCWJhY2tncm91bmQ6LW1zLWxpbmVhci1ncmFkaWVudCggdG9wLCAjZmUxYTAwIDUlLCAjY2UwMTAwIDEwMCUgKTsKICAgICAgIAliYWNrZ3JvdW5kOi13ZWJraXQtZ3JhZGllbnQoIGxpbmVhciwgbGVmdCB0b3AsIGxlZnQgYm90dG9tLCBjb2xvci1zdG9wKDUlLCAjRkYzQzI2KSwgY29sb3Itc3RvcCgxMDAlLCAjRkYyNjI2KSApOwoKCWJhY2tncm91bmQtY29sb3I6I2ZlMWEwMDsKCWNvbG9yOiNmZmZmZmY7CglkaXNwbGF5OmlubGluZS1ibG9jazsKCXRleHQtc2hhZG93OjFweCAxcHggMHB4ICNiMjNlMzU7CiAJYm94LXNoYWRvdzppbnNldCAxcHggMXB4IDBweCAwcHggI2YyOWM5MzsgfSAKCi5jYXRjaF9jb3B5IHsKY29sb3I6I2ZmMDAwMDsKZGlzcGxheTpibG9jazsKbWFyZ2luLWJvdHRvbToxNXB4OwpsaW5lLWhlaWdodDoyNXB4Owp9CgphLnJvbGxvdmVyOmhvdmVyLAphLnJvbGxvdmVyOmhvdmVyIGltZyB7CglmaWx0ZXI6IGFscGhhKG9wYWNpdHk9ODApOwoJLW1vei1vcGFjaXR5OjAuODsKCW9wYWNpdHk6MC44Owp9Cjwvc3R5bGU+,QkdSMThC0P7D17GjudyO7DE4tPzTw6GhVFNLo7qtaL6zyfq77g==,zu/Ww4WnvHuO7KXXpeylz6XWgn2O7KWspeypYKW43IeO7KXQpaSlr6WspeypYKW419TcntyH1sOkrYj2pLSk36W5pcapYKW3peel86W0pd+Fp7yvjuylwKW5pcil3KXDpa+luaXdpbmlyKXhqWCl66XcpcOlr6W5waLLrtb5y67LqNb5kt+z/dPDvt/I66Tspbmlwalgpeul7aXDpaupYKWsqWClx6XzpdWloaXLpcGl46lgzsLK0qXXpeml86W/qWBCR1IxOELQ/sPXsaO53I7sMTi0/NPDoaFUU0s=,W8vNwc+fb8HPXaGjQkdSMThC0P7D17GjudyO7DE4tPzTw6GhVFNL[rn]
31-77628,aHR0cDovL3RzaG9wLnIxMHMuanAvZWNvLWxpZmUtci9jYWJpbmV0LzE0Ni9sbGN1LTExMTVfMS5qcGc/Zml0aW49NzAwOjcwMA==,MTM4ODAwLjAwMDA=,,u6g/paypYKXHpfM/RElZID4gpailr6W5pcal6qWiP6WsqWClx6XzpdWloaXLpcGl46lgID4gzu/Ww6St,peilyaWzpaYgpeilyc7v1sMgpail66Xi30K+QdDNIExMRFUtMTExNaOopcmloqW/paSl16OpusDRqdDNu/mxvpedo6gyl5231qOpIFuFp7x7juwvhae8ey/O3c3ihae8e47sL87dzeIvgn2O7C+8pLCyL7CypKQvgf248S/Qoc7dL6WsP1ulx6XLpfOlsC/NpS+k6KTJL6TopMnO79bDL6TipM6kqqStL87v1sOkrV0=,W8vNwc/SqtKKt2VdIFukqr/NmJS9TcGiXQ==,PHAgc3R5bGU9J2NvbG9yOiMwMDgwMDA7Jz48Yj6hvrx7xtrEv7Cyob88L2I+PGJyPqOz30zpZ7PMtsg8YnI+tPPQzd9C0N2kqqTopNPE6sSpxOrKvKTPs/2kraTepLmhozxicj6l4algpaupYNTajuykrKTKpKSI9rrPoaLJ+q5i17SbcqTLpOik6rj8pMu8e8bapKykq6SrpOuI9rrPpKyktKS2pKSk3qS5oaPT6KThpLTBy7PQz8KktaSkoaM8L3A+PGJyPjxpbWcgc3JjPSdodHRwOi8vaW1hZ2UucmFrdXRlbi5jby5qcC9lY28tbGlmZS1yL2NhYmluZXQvaWNvbi9hYm91dGhhaXNvOS5qcGcnIHN0eWxlPSdtYXJnaW4tYm90dG9tOjEwcHg7Jz48YnI+PGltZyBzcmM9J2h0dHA6Ly9pbWFnZS5yYWt1dGVuLmNvLmpwL2Vjby1saWZlLXIvY2FiaW5ldC9pY29uL2hhaXNvMTA2LmpwZycgc3R5bGU9J21hcmdpbi1ib3R0b206MTBweDsnPjxicj48aW1nIHNyYz0naHR0cDovL2ltYWdlLnJha3V0ZW4uY28uanAvZWNvLWxpZmUtci9jYWJpbmV0L2ljb24vY3l1dWkxLmpwZycgc3R5bGU9J21hcmdpbi1ib3R0b206MTBweDsnPjxicj48aW1nIHNyYz0naHR0cDovL2ltYWdlLnJha3V0ZW4uY28uanAvZWNvLWxpZmUtci9jYWJpbmV0L2ljb24vdHVpa2EtY3l1dWk0LmpwZycgc3R5bGU9J21hcmdpbi1ib3R0b206MTBweDsnPjxicj48cD48Yj6h+aSqv82YlL1NwaLJzMa3ob6x2KS6pKrVaaTfpK+kwKS1pKShvzwvYj48YnI+vU3BormkysKltalgpdOluaTP0NCkw6TGpKqk6qTepLuk86GivU3BoqTPpKq/zZiUpMukxqSq7oqkpKS3pN6kuaGjPC9wPsrLmJSH7T+9TcGi1WjD95X4oaGkz6SzpMGk6aGhoaE+Pjxicj48YnI+PHAgY2xhc3M9J2l0ZW1fZGFucmFrdTMnPqH530K+Qc7v1sOkzqS/pOExl52kzqTfpM6ktNmPyOukz6THpK2k3qS7pPOhorHYpLoyl53S1MnPpMektNeizsTPwqS1pKShozwvcD48dGFibGUgd2lkdGg9JzEwMCUnIGJvcmRlcj0nMCcgY2VsbHBhZGRpbmc9JzAnIGNlbGxzcGFjaW5nPScwJz48dHI+PHRkPjx0YWJsZSB3aWR0aD0nMTAwJScgYm9yZGVyPScwJyBhbGlnbj0nY2VudGVyJyBjZWxscGFkZGluZz0nNScgY2VsbHNwYWNpbmc9JzAnIGNsYXNzPSdpdGVtX2RhbnJha3ViYWMnPjx0ciBhbGlnbj0nbGVmdCc+PHRkIHdpZHRoPSc5OScgY2xhc3M9J2l0ZW1fZm9udDInPs7duPm057eoKG1tKTwvdGQ+PHRkIHdpZHRoPScyNzgnIGNsYXNzPSdpdGVtX2ZvbnQxJz63+TI0MTOhwbDC0NAxNzM3ocG436S1o6jHsKOpMjEyMKOo4eGjqTIwNjIuNTwvdGQ+PC90cj48dHIgYWxpZ249J2xlZnQnPjx0ZCBjbGFzcz0naXRlbV9mb250Mic+zcHMqLTnt6gobW0pPC90ZD48dGQgY2xhc3M9J2l0ZW1fZm9udDEnPrf5MjMxOaHBsMLQ0DE1MTI8L3RkPjwvdHI+PHRyIGFsaWduPSdsZWZ0Jz48dGQgY2xhc3M9J2l0ZW1fZm9udDInPtPQhL/pX7/atOe3qChtbSk8L3RkPjx0ZCBjbGFzcz0naXRlbV9mb250MSc+t/k3NzehwbjfpLUxODAyPC90ZD48L3RyPjx0ciBhbGlnbj0nbGVmdCc+PHRkIGNsYXNzPSdpdGVtX2ZvbnQyJz7T0IS/zt3E2rTnt6gobW0pPC90ZD48dGQgY2xhc3M9J2l0ZW1fZm9udDEnPrf5MTA4NqHBuN+ktTIwMzAoMTkyMCmhwbDC0NAxNDM2PC90ZD48L3RyPjx0ciBhbGlnbj0nbGVmdCc+PHRkIGNsYXNzPSdpdGVtX2ZvbnQyJz63ZdGpusnW2DwvdGQ+PHRkIGNsYXNzPSdpdGVtX2ZvbnQxJz68czQ1MDBOo6g0NTBrZ2ajqS/Gvbe9baGht2XRqaGhvHMxNTBjbTxiciAvPtGppM7W2KS1pM/XtJtypMuk6KTqieS7r6S3pN6kuaGj1Oek4aTL0amkqqTtpLek8qS3pMbPwqS1pKShozwvdGQ+PC90cj48dHIgYWxpZ249J2xlZnQnPjx0ZCBjbGFzcz0naXRlbV9mb250Mic+30KXnaTLpMSkpKTGPC90ZD48dGQgY2xhc3M9J2l0ZW1fZm9udDEnPj/Xt7zTl52jqDGXnbfWo6mhoTc2OTAwg9I8YnIgLz6jqjLfQped0tTJz6Gius6XnaTHpOLKqbmkv8nE3KTHpLmhozxiciAvPjxwIGNsYXNzPSdpdGVtX2RhbnJha3UzJz6jqte3vNOXnaS0z6PN+6TOiPa6z6TPoaKkqtKKt2Wk6tLA7m2kr6TApLWkpKGjPC9wPjwvdGQ+PC90cj48dHIgYWxpZ249J2xlZnQnPjx0ZCBjbGFzcz0naXRlbV9mb250Mic+y9iyxDwvdGQ+PHRkIGNsYXNzPSdpdGVtX2ZvbnQxJz6ltaXTpMuPiqSko6E8YnIgLz6loqXrpd+BhONVus+zyaThpMOkraOopayl66XQpeqlpqXg5JOw5crLmJSjqTxiciAvPqH5zeKyv6TLw+akuaTryKukxqTO5JOw5aTLyrnTwzwvdGQ+PC90cj48dHIgYWxpZ249J2xlZnQnPjx0ZCBjbGFzcz0naXRlbV9mb250Mic+uLbK9Ma3PC90ZD48dGQgY2xhc3M9J2l0ZW1fZm9udDEnPj/F77Dlo7LDti+XnaOoQTEuNaOvt/kxMDUwocGwwtDQMzgwbW2jr+Hhw+bTw6OpPGJyIC8+o6jF77DluN+ktdV7uZ2kzzEwMKPto6+j7aXUpcOlwaOpPC90ZD48L3RyPjx0ciBhbGlnbj0nbGVmdCc+PHRkIGNsYXNzPSdpdGVtX2ZvbnQyJz6EZYnTpaql16W3peel8zwvdGQ+PHRkIGNsYXNzPSdpdGVtX2ZvbnQxJz6EZYnTpOrF7z/cjqXIpaSlu6XDpcik8qS0z6PN+6TOiPa6z6TPpbOlwaXppPKktNNFz8KktaSkoaMoUERGKTxiciAvPjxwIGNsYXNzPSdpdGVtX2RhbnJha3UyJz6jqqS0z6PN+6TOiPa6z6TPoaLXos7EpdWlqalgpeCkzoLkv7yZ2qTL05vdZKTOyc+ktMvN0MXPwqS1pKShorWxteqkx6S016LOxKTytF/VSuHhoaKlqqXXpbel56XztPqk8rqspOGkv4H9uPGk8qSq1qqk6aS7pLek3qS5oaM8L3A+PC90ZD48L3RyPjwvdGFibGU+PHAgY2xhc3M9J2l0ZW1fZGFucmFrdTMnPqOqvHvG2qTPo7LfTOlns8y2yKSrpKuk6qTepLmhozwvcD48cCBjbGFzcz0naXRlbV9kYW5yYWt1Myc+o6q1sdSTyczGt6TPoaKXncr9pOS8e8a3z8ilqKXqpaKky6TopMOkxqXBpeOpYKW/qWCx46THpM7F5MvNpMukyqTriPa6z6SspKKk6qTepLmhozxicj6lwaXjqWClv6lgtPqky6TEpK2k3qS3pMakz6GihGXNvqSq0oq3ZaTqpPKktNLA7m2kr6TApLWkpKGjPC9wPjwvdGQ+PC90cj48L3RhYmxlPjxCUj48aW1nIHNyYz0naHR0cDovL2ltYWdlLnJha3V0ZW4uY28uanAvZWNvLWxpZmUtci9jYWJpbmV0L3dhcmVob3VzZTIvd2gtb3N1c3VtZTAxLmpwZycgdGFyZ2V0PSdfYmxhbmsnPgo8YnI+PGJyPgo8IS0tPHRhYmxlIHdpZHRoPSI4MDAiIGJvcmRlcj0iMCI+Cjx0cj4KPHRkIGNvbHNwYW49IjQiIHN0eWxlPSdjb2xvcjojNDM0MzQzO2ZvbnQtc2l6ZToxNnB4O2ZvbnQtd2VpZ2h0OmJvbGQ7dGV4dC1hbGlnbjpjZW50ZXI7Jz48cD6hvjUvMTWhqzI1z962qKG/terE2sirxrekx8q5pKik66Oh33ik2aTrpa+pYKXdpfOjoSA8L3A+PC90ZD4KPC90cj4KPHRyPgo8dGQ+PGltZyBzcmM9J2h0dHBzOi8vaW1hZ2UucmFrdXRlbi5jby5qcC9lY28tbGlmZS1yL2NhYmluZXQvY3BfMTAwLmpwZyc+PC90ZD4KPHRkPjxpbWcgc3JjPSdodHRwczovL2ltYWdlLnJha3V0ZW4uY28uanAvZWNvLWxpZmUtci9jYWJpbmV0L2NwXzMwMC5qcGcnIHRhcmdldD0nX2JsYW5rJz48L3RkPgo8dGQ+PGltZyBzcmM9J2h0dHBzOi8vaW1hZ2UucmFrdXRlbi5jby5qcC9lY28tbGlmZS1yL2NhYmluZXQvY3BfNTAwLmpwZycgdGFyZ2V0PSdfYmxhbmsnPjwvdGQ+Cjx0ZD48aW1nIHNyYz0naHR0cHM6Ly9pbWFnZS5yYWt1dGVuLmNvLmpwL2Vjby1saWZlLXIvY2FiaW5ldC9jcF8xMDAwLmpwZycgdGFyZ2V0PSdfYmxhbmsnPjwvdGQ+CjwvdHI+CjwvdGFibGU+PGJyPjxicj4tLT4=,peilyaWzpaYgpeilyc7v1sMgpail66Xi30K+QdDNIExMRFUtMTExNaOopcmloqW/paSl16OpusDRqdDNu/mxvpedo6gyl5231qOpIFuFp7x7juwvhae8ey/O3c3ihae8e47sL87dzeIvgn2O7C+8pLCyL7CypKQvgf248S/Qoc7dL6WsP1ulx6XLpfOlsC/NpS+k6KTJL6TopMnO79bDL6TipM6kqqStL87v1sOkrV2juq1ovrPJ+rvu,zu/Ww4WnvHuO7KXXpeylz6XWgn2O7KWspeypYKW43IeO7KXQpaSlr6WspeypYKW419TcntyH1sOkrYj2pLSk36W5pcapYKW3peel86W0pd+Fp7yvjuylwKW5pcil3KXDpa+luaXdpbmlyKXhqWCl66XcpcOlr6W5waLLrtb5y67LqNb5kt+z/dPDvt/I66Tspbmlwalgpeul7aXDpaupYKWsqWClx6XzpdWloaXLpcGl46lgzsLK0qXXpeml86W/qWCl6KXJpbOlpiCl6KXJzu/WwyClqKXrpeLfQr5B0M0gTExEVS0xMTE1o6ilyaWipb+lpKXXo6m6wNGp0M27+bG+l52jqDKXnbfWo6kgW4WnvHuO7C+Fp7x7L87dzeKFp7x7juwvzt3N4i+CfY7sL7yksLIvsLKkpC+B/bjxL9Chzt0vpaw/W6XHpcul86WwL82lL6TopMkvpOikyc7v1sMvpOKkzqSqpK0vzu/Ww6StXQ==,W8vNwc/SqtKKt2VdIFukqr/NmJS9TcGiXaGjpeilyaWzpaYgpeilyc7v1sMgpail66Xi30K+QdDNIExMRFUtMTExNaOopcmloqW/paSl16OpusDRqdDNu/mxvpedo6gyl5231qOpIFuFp7x7juwvhae8ey/O3c3ihae8e47sL87dzeIvgn2O7C+8pLCyL7CypKQvgf248S/Qoc7dL6WsP1ulx6XLpfOlsC/NpS+k6KTJL6TopMnO79bDL6TipM6kqqStL87v1sOkrV0=[rn]
31-77629,aHR0cDovL3RzaG9wLnIxMHMuanAvZWNvLWxpZmUtci9jYWJpbmV0LzE2OC95ZGVzLTE1MDctc18xLmpwZz9maXRpbj03MDA6NzAw,MTg0MC4wMDAw,,u6g/paypYKXHpfM/RElZID4gpailr6W5pcal6qWiP6WsqWClx6XzpdWloaXLpcGl46lgID4gzu/Ww6St,peilyc7v1sOlqKW5peIgpaql16W3peel8yCEZYnTxe8gRVNFLTE1MDctU9DNILf5NDk2ocGwwtDQMjc3LjVtbQ==,y83Bz9Kq0oq3ZQ==,PGltZyBzcmM9J2h0dHA6Ly9pbWFnZS5yYWt1dGVuLmNvLmpwL2Vjby1saWZlLXIvY2FiaW5ldC9pY29uL2Fib3V0aGFpc28yLmpwZycgc3R5bGU9J21hcmdpbi1ib3R0b206MTBweDsnPjxicj4KPGltZyBzcmM9J2h0dHA6Ly9pbWFnZS5yYWt1dGVuLmNvLmpwL2Vjby1saWZlLXIvY2FiaW5ldC9pY29uL2hhaXNvMTA2LmpwZycgc3R5bGU9J21hcmdpbi1ib3R0b206MTBweDsnPjxicj6ltaWkpbqjurf5NDk2ocGwwtDQMjc3LjVtbTxicj7W2MG/o7oyMKPro+c8YnI+ofmEZYnTxe+ky6TPxe/K3KSsuLakpKTGpKSk3qS5oaM8YnI+PGZvbnQgY29sb3I9J3JlZCc+ofmlqqXXpbel56XzpM7Iobi2jJ2P6qTPzu/Ww7G+zOWkzr1NwaK5pMrCpMjNrJVy16LOxKTOiPa6z6TOpN+z0KTqpN6kuaGjPGJyPqH5paql16W3peel86TOpN+k8qS0z6PN+6TOiPa6z6TPhGXNvsvNwc+krKSrpKuk6qTepLmkzqTHpKrSirdlpOqk8qS00sDubaSvpMCktaSkoaM8L2ZvbnQ+PGJyPjxicj48aW1nIHNyYz0naHR0cDovL2ltYWdlLnJha3V0ZW4uY28uanAvZWNvLWxpZmUtci9jYWJpbmV0L3dhcmVob3VzZTIvd2gtb3N1c3VtZTAxLmpwZycgdGFyZ2V0PSdfYmxhbmsnPgo8YnI+PGJyPgo8IS0tPHRhYmxlIHdpZHRoPSI4MDAiIGJvcmRlcj0iMCI+Cjx0cj4KPHRkIGNvbHNwYW49IjQiIHN0eWxlPSdjb2xvcjojNDM0MzQzO2ZvbnQtc2l6ZToxNnB4O2ZvbnQtd2VpZ2h0OmJvbGQ7dGV4dC1hbGlnbjpjZW50ZXI7Jz48cD6hvjUvMTWhqzI1z962qKG/terE2sirxrekx8q5pKik66Oh33ik2aTrpa+pYKXdpfOjoSA8L3A+PC90ZD4KPC90cj4KPHRyPgo8dGQ+PGltZyBzcmM9J2h0dHBzOi8vaW1hZ2UucmFrdXRlbi5jby5qcC9lY28tbGlmZS1yL2NhYmluZXQvY3BfMTAwLmpwZyc+PC90ZD4KPHRkPjxpbWcgc3JjPSdodHRwczovL2ltYWdlLnJha3V0ZW4uY28uanAvZWNvLWxpZmUtci9jYWJpbmV0L2NwXzMwMC5qcGcnIHRhcmdldD0nX2JsYW5rJz48L3RkPgo8dGQ+PGltZyBzcmM9J2h0dHBzOi8vaW1hZ2UucmFrdXRlbi5jby5qcC9lY28tbGlmZS1yL2NhYmluZXQvY3BfNTAwLmpwZycgdGFyZ2V0PSdfYmxhbmsnPjwvdGQ+Cjx0ZD48aW1nIHNyYz0naHR0cHM6Ly9pbWFnZS5yYWt1dGVuLmNvLmpwL2Vjby1saWZlLXIvY2FiaW5ldC9jcF8xMDAwLmpwZycgdGFyZ2V0PSdfYmxhbmsnPjwvdGQ+CjwvdHI+CjwvdGFibGU+PGJyPjxicj4tLT4=,peilyc7v1sOlqKW5peIgpaql16W3peel8yCEZYnTxe8gRVNFLTE1MDctU9DNILf5NDk2JnRpbWVzO7DC0NAyNzcuNW1to7qtaL6zyfq77g==,zu/Ww4WnvHuO7KXXpeylz6XWgn2O7KWspeypYKW43IeO7KXQpaSlr6WspeypYKW419TcntyH1sOkrYj2pLSk36W5pcapYKW3peel86W0pd+Fp7yvjuylwKW5pcil3KXDpa+luaXdpbmlyKXhqWCl66XcpcOlr6W5waLLrtb5y67LqNb5kt+z/dPDvt/I66Tspbmlwalgpeul7aXDpaupYKWsqWClx6XzpdWloaXLpcGl46lgzsLK0qXXpeml86W/qWCl6KXJzu/Ww6Wopbml4iClqqXXpbel56XzIIRlidPF7yBFU0UtMTUwNy1T0M0gt/k0OTYmdGltZXM7sMLQ0DI3Ny41bW0=,y83Bz9Kq0oq3ZaGjpeilyc7v1sOlqKW5peIgpaql16W3peel8yCEZYnTxe8gRVNFLTE1MDctU9DNILf5NDk2JnRpbWVzO7DC0NAyNzcuNW1t[rn]
31-77630,aHR0cDovL3RzaG9wLnIxMHMuanAvZWNvLWxpZmUtci9jYWJpbmV0LzE0L3RwLXM0MHIxNV8xLmpwZz9maXRpbj03MDA6NzAw,MTU2NDAwLjAwMDA=,,u6g/paypYKXHpfM/RElZID4gpailr6W5pcal6qWiP6WsqWClx6XzpdWloaXLpcGl46lgID4gzu/Ww6St,pb+lr6Xczu/Ww6GhTXKjrqW5pcilw6Wvpd6l8yCl16XppbmloqXrpdWloaG+tuDRqdDNoaGYy5zK0M2hv6GhVFAtUzQwUjE1W4WnvHuO7C+Fp7x7L87dzeKFp7x7juwvzt3N4i+CfY7sL9bQ0M0vtPPQzS+8pLCyL4H9uPEv0KHO3S+lrKlgpcely6XzpbAvzaUvpL+kr6TcL8zvuETO79bDL6TipM6kqqStL87v1sOkrV0=,W8vNwc+fb8HPXQ==,PHAgc3R5bGU9J2ZvbnQtc2l6ZToyOHB4O21hcmdpbi1ib3R0b206MDtmb250LXdlaWdodDpib2xkOyc+pLOkzsnMxrekz71NwaK5pMrCuLakx6S5PC9wPjxhIGhyZWY9J2h0dHA6Ly9pdGVtLnJha3V0ZW4uY28uanAvZWNvLWxpZmUtci90cC1zNDByMTUvJyBjbGFzcz0ncm9sbG92ZXInPjxpbWcgc3JjPSdodHRwOi8vaW1hZ2UucmFrdXRlbi5jby5qcC9lY28tbGlmZS1yL2NhYmluZXQvd2FyZWhvdXNlMi9oYWlzb3Vfa2lib3UuanBnJz48L2E+PGJyPjxwIHN0eWxlPSdjb2xvcjojMDA4MDAwOyc+PGI+ob68e8baxL+wsqG/PC9iPjxicj4xMKGrMTSG05hJyNXh4Txicj6l4algpaupYNaxy82jqMe3xrek5I78sVCkzoj2us+k4qS0pLakpKTepLmkzqTH0+ik4aS0wcuz0M/CpLWkpKOpPC9wPjxicj48YnI+PGltZyBzcmM9J2h0dHA6Ly9pbWFnZS5yYWt1dGVuLmNvLmpwL2Vjby1saWZlLXIvY2FiaW5ldC9pY29uL2Fib3V0aGFpc28yLmpwZycgc3R5bGU9J21hcmdpbi1ib3R0b206MTBweDsnPjxicj48aW1nIHNyYz0naHR0cDovL2ltYWdlLnJha3V0ZW4uY28uanAvZWNvLWxpZmUtci9jYWJpbmV0L2ljb24vaGFpc28xMjIuanBnJyBzdHlsZT0nbWFyZ2luLWJvdHRvbToxMHB4Oyc+PGJyPjxpbWcgc3JjPSdodHRwOi8vaW1hZ2UucmFrdXRlbi5jby5qcC9lY28tbGlmZS1yL2NhYmluZXQvaWNvbi9jeXV1aTEuanBnJyBzdHlsZT0nbWFyZ2luLWJvdHRvbToxMHB4Oyc+PGJyPjxpbWcgc3JjPSdodHRwOi8vaW1hZ2UucmFrdXRlbi5jby5qcC9lY28tbGlmZS1yL2NhYmluZXQvaWNvbi90dWlrYS1jeXV1aTQuanBnJyBzdHlsZT0nbWFyZ2luLWJvdHRvbToxMHB4Oyc+PGJyPjxicj48dGFibGUgd2lkdGg9IjQ1NSIgYm9yZGVyPSIwIiBjZWxscGFkZGluZz0iMCIgY2VsbHNwYWNpbmc9IjAiIGNsYXNzPSJtdF8yMCB3dF90YWJsZSI+PHRyPjx0ZCBzdHlsZT0nYmFja2dyb3VuZC1jb2xvcjojMjQ1OWZkO2NvbG9yOiNmZmY7Zm9udC13ZWlnaHQ6Ym9sZDtmb250LXNpemU6MTRweDtoZWlnaHQ6MjBweDt0ZXh0LWluZGVudDo1cHg7cGFkZGluZy10b3A6NXB4Oyc+ofS9TcGiuaTKwqS0z6PN+6TOiPa6z6H0o6iYy5zKvU3BotlNpM+x7cq+gf248aTLuqyk3qTspN6kuaOpPC90ZD48L3RyPjx0cj4KPHRkIHN0eWxlPSdwYWRkaW5nOjEwcHg7Ym9yZGVyOjFweCBzb2xpZCMyNDU5ZmQ7Jz48c3BhbiBjbGFzcz0iMTRweCBib2xkIj6h9jxzcGFuIHN0eWxlPSdmb250LXdlaWdodDpib2xkOyc+mMucyr1NwaLZTSjLsN56KaO6XDI0ODAwo6ix7cq+gf248aTLuqyk3qTspN6kuaOpPC9zcGFuPjxicj6jqr1NwaLZTaTPse3KvoH9uPGky7qspN6k7KTepLmhozxicj4KobijsetBxr2I9qGhzcGhotPWpM+ls6Xzpa+l6qlgpcihoqWipbml1aWhpeulyKTOyc+huaTyzPW8/jxicj4gPHNwYW4gY2xhc3M9InJlZCI+ofmlqqXXpbel56XzpPLXt7zTpLmk64j2us+hoqWqpdelt6XnpfPIobi22U21yKSsvU3BotlNpMuEZc2+oaK808vjpLWk7KTepLmhowo8YnI+ofmEZc2+pdal7aXDpa+0+qOoMjAwg9KhwbHY0qqCgMr9KaSssGvJ+tbCpLek3qS5o6jLsN56o6k8L3NwYW4+PGJyPgo8c3BhbiBzdHlsZT0nZm9udC13ZWlnaHQ6Ym9sZDsnPqH23J61ubfA1rm5pMrC2U2jqIRlzb6jqTwvc3Bhbj48c3BhbiBjbGFzcz0icmVkIj48YnI+pbOl86WvpeqpYKXIz8K12KO6PHNwYW4gc3R5bGU9J2NvbG9yOnJlZDtmb250LXdlaWdodDpib2xkOyc+XDE4MDAwKMuw3nopPC9zcGFuPjxicj7NwT/JsMD7z8K12KO6PHNwYW4gc3R5bGU9J2NvbG9yOnJlZDtmb250LXdlaWdodDpib2xkOyc+XDIxMDAwKMuw3nopPC9zcGFuPjxicj6loqW5pdWloaXrpcjPwrXYo7o8c3BhbiBzdHlsZT0nY29sb3I6cmVkO2ZvbnQtd2VpZ2h0OmJvbGQ7Jz5cMzUwMDAoy7Deeik8L3NwYW4+PC9zcGFuPjxicj48YnI+CjxzcGFuIGNsYXNzPSJyZWQiPqH5vU3BotlNpOTcnrW5t8DWubmkysLZTaTPoaKktLLOv7yB/bjxpMekuaGjPGJyPgq12NPytciky6TopOqEZc2+pKrSirdlpLWku6TG7ZSkr4j2us+krKS0pLakpKTepLmkzqTH0+ik4aS0wcuz0M/CpLWkpKGjPGJyPgqh+aWqqWCl16Xzpbml2qlgpbmkz+9MpM7TsO2RpPLK3KSxpOSkuaSvoaLUT9bDz8K12KTI30K9WaS3pMakpKTKpKSkyKGitLXJz6SypMuk6KTr3J61uaTOzqPqk6TkoaKlqqlgpdel86W5pdqpYKW5pM7W+aTOzrvWw6TOpLqk7KTLpOik64+Ktsi1zc/CpM6/1qTspKykoqTqpN6kuaGjPGJyPgqkvaTOpL+k4aGisLLIq8PmpPK/vJFdpLehorWxteqky71NwaK5pMrCpPKktNLA7m2kpKS/pMCkr4j2us+kz6Gi3J61ubfA1rm5pMrCpOKx2O2apMiktaS7pMakpKS/pMCkraTepLmhozwvc3Bhbj48YnI+PGJyPgqh+dSUvJqkyr3w7n6kz8/C05ukzqXVpampYKXgpOik6qS016LOxMewpMvSu7bIpKrSirdlpOqjqJ9vwc+jqaSvpMCktaSkoaM8YnI+PGltZyBzcmM9J2h0dHA6Ly9pbWFnZS5yYWt1dGVuLmNvLmpwL2Vjby1saWZlLXIvY2FiaW5ldC93YXJlaG91c2UvbWl0dW1vcmlfaXJhaTEuanBnJz48L3RkPjwvdHI+PC90YWJsZT48YnI+PGJyPsrLmJSH7T+XebD8w/e8mj+9TcGi1WjD95X4P7v5tUGH7aGhpM+ks6TBpOmhoaGhPj48YnI+PGJyPjxicj7O3bj5tOe3qKOobW2jqSCjuiC3+TQxMjehwbDC0NAxNzk1ocG436S1MjExMKGhoaE8YnIgLz7NwcyotOe3qKOobW2jqSCjuiC3+SA0MDQ3ocGwwtDQIDE1OTChoaGhPGJyIC8+tLLD5rdlIDQuNznGvbe9baOovHMxLjQ1xrqjqSChoTxiciAvPs7v1sOCyKO6xNqyv7Tnt6ijqG1to6mjuiC3+TIxNDShwbDC0NAxNDIwP+lfv9q3+TEyMzihwbjfpLUxODUwoaE8YnIgLz7xdt2GgsijusTasr+057eoo6htbaOpo7ogt/kxNzc2ocGwwtDQMTQyMD/pX7/at/kxNzA4ocG436S1tLKw5cnPMTkwMM3B6WfM7KGhPGJyIC8+PGJyIC8+zt24+aTOxM26ydbYIKO6IDMwMDBuL8a9t71to6gzMDBrZ2Yvxr23vW2jqTxiciAvPsXvpM7EzbrJ1tggo7oyMDAwbi/Gvbe9baOoMjAwa2dmL8a9t71to6k8YnIgLz6jqrdl0amjurxzMTAwY22hoTxiciAvPtGppM7W2KS1pM+hote0m3Kky6TopOqJ5LuvpLek3qS5oaPU56ThpMvRqb21pO2kt6TypLekxs/CpLWkpKGjPGJyIC8+IDxiciAvPri2yvTGtyA/pL+kxpi/o6gysb6jqaGipaKl86WrqWCl16XsqWClyLi2oaM8YnIgLz48YnIgLz6h9oRlidOlqqXXpbel56XzPGJyPrj3t06lqqXXpbel56Xz1JS8mqTPpbOlwaXpo6il4algpaupYKW1paSlyKOpPGJyPqOqpLTPo837pM6I9rrPpM+hoteizsSl1aWpqWCl4KTOguS/vJnapMvTm91kpM7Jz6S0y83Qxc/CpLWkpKGjtbG16qTHpLTXos7EpPK0X9VK4eGhoqWqpdelt6XnpfO0+qTyuqyk4aS/gf248aTypKrWqqTppLukt6TepLmhozxicj48aW1nIHNyYz0naHR0cDovL2ltYWdlLnJha3V0ZW4uY28uanAvZWNvLWxpZmUtci9jYWJpbmV0LzE0L3RwLTQwcjE1LXQuanBnJz48YnI+PGJyPjxicj48aW1nIHNyYz0naHR0cDovL2ltYWdlLnJha3V0ZW4uY28uanAvZWNvLWxpZmUtci9jYWJpbmV0L3dhcmVob3VzZS90cC1jb2xvci5qcGcnPjxicj48aW1nIHNyYz0naHR0cDovL2ltYWdlLnJha3V0ZW4uY28uanAvZWNvLWxpZmUtci9jYWJpbmV0L3dhcmVob3VzZS90cC1zZXR1bWVpMDEuanBnJz48YnI+PGltZyBzcmM9J2h0dHA6Ly9pbWFnZS5yYWt1dGVuLmNvLmpwL2Vjby1saWZlLXIvY2FiaW5ldC93YXJlaG91c2UvdHAtc2V0dW1laTAyLmpwZyc+PGJyPjxpbWcgc3JjPSdodHRwOi8vaW1hZ2UucmFrdXRlbi5jby5qcC9lY28tbGlmZS1yL2NhYmluZXQvd2FyZWhvdXNlL3RwLXNldHVtZWkwMy5qcGcnPjxicj48aW1nIHNyYz0naHR0cDovL2ltYWdlLnJha3V0ZW4uY28uanAvZWNvLWxpZmUtci9jYWJpbmV0L3dhcmVob3VzZTIvdGFrdWJvLW1haW5pbWcuanBnJyB3aWR0aD0iODAwIiBoZWlnaHQ9IjIyMCIgc3R5bGU9Im1hcmdpbi1ib3R0b206MjBweDsiLz48YnI+CjxpbWcgc3JjPSdodHRwOi8vaW1hZ2UucmFrdXRlbi5jby5qcC9lY28tbGlmZS1yL2NhYmluZXQvd2FyZWhvdXNlMi90YWt1Ym8tcG9pbnQxLmpwZycgd2lkdGg9IjgwMCIgaGVpZ2h0PSI2NzAiIHN0eWxlPSJtYXJnaW4tYm90dG9tOjIwcHg7Ii8+PGJyPgo8aW1nIHNyYz0naHR0cDovL2ltYWdlLnJha3V0ZW4uY28uanAvZWNvLWxpZmUtci9jYWJpbmV0L3dhcmVob3VzZTIvdGFrdWJvLXBvaW50Mi5qcGcnIHdpZHRoPSI4MDEiIGhlaWdodD0iMzk3IiBzdHlsZT0ibWFyZ2luLWJvdHRvbToyMHB4OyIvPjxicj4Kof2h/aH9of2h/Txicj4KPHAgc3R5bGU9J2ZvbnQtc2l6ZToyMHB4O2ZvbnQtd2VpZ2h0OmJvbGQ7Jz69TcGipPKktM+jzfukzoj2us+kz9K7tsjT+dKKt2Wkqu6KpKSkpKS/pLek3qS5o76jvjxicj48YnI+Cjxicj48YnI+Cgo8IS0tPHRhYmxlIHdpZHRoPSI4MDAiIGJvcmRlcj0iMCI+Cjx0cj4KPHRkIGNvbHNwYW49IjQiIHN0eWxlPSdjb2xvcjojNDM0MzQzO2ZvbnQtc2l6ZToxNnB4O2ZvbnQtd2VpZ2h0OmJvbGQ7dGV4dC1hbGlnbjpjZW50ZXI7Jz48cD6hvjUvMTWhqzI1z962qKG/terE2sirxrekx8q5pKik66Oh33ik2aTrpa+pYKXdpfOjoSA8L3A+PC90ZD4KPC90cj4KPHRyPgo8dGQ+PGltZyBzcmM9J2h0dHBzOi8vaW1hZ2UucmFrdXRlbi5jby5qcC9lY28tbGlmZS1yL2NhYmluZXQvY3BfMTAwLmpwZyc+PC90ZD4KPHRkPjxpbWcgc3JjPSdodHRwczovL2ltYWdlLnJha3V0ZW4uY28uanAvZWNvLWxpZmUtci9jYWJpbmV0L2NwXzMwMC5qcGcnIHRhcmdldD0nX2JsYW5rJz48L3RkPgo8dGQ+PGltZyBzcmM9J2h0dHBzOi8vaW1hZ2UucmFrdXRlbi5jby5qcC9lY28tbGlmZS1yL2NhYmluZXQvY3BfNTAwLmpwZycgdGFyZ2V0PSdfYmxhbmsnPjwvdGQ+Cjx0ZD48aW1nIHNyYz0naHR0cHM6Ly9pbWFnZS5yYWt1dGVuLmNvLmpwL2Vjby1saWZlLXIvY2FiaW5ldC9jcF8xMDAwLmpwZycgdGFyZ2V0PSdfYmxhbmsnPjwvdGQ+CjwvdHI+CjwvdGFibGU+PGJyPjxicj4tLT4=,pb+lr6Xczu/Ww6GhTXKjrqW5pcilw6Wvpd6l8yCl16XppbmloqXrpdWloaG+tuDRqdDNoaGYy5zK0M2hv6GhVFAtUzQwUjE1W4WnvHuO7C+Fp7x7L87dzeKFp7x7juwvzt3N4i+CfY7sL9bQ0M0vtPPQzS+8pLCyL4H9uPEv0KHO3S+lrKlgpcely6XzpbAvzaUvpL+kr6TcL8zvuETO79bDL6TipM6kqqStL87v1sOkrV2juq1ovrPJ+rvu,zu/Ww4WnvHuO7KXXpeylz6XWgn2O7KWspeypYKW43IeO7KXQpaSlr6WspeypYKW419TcntyH1sOkrYj2pLSk36W5pcapYKW3peel86W0pd+Fp7yvjuylwKW5pcil3KXDpa+luaXdpbmlyKXhqWCl66XcpcOlr6W5waLLrtb5y67LqNb5kt+z/dPDvt/I66Tspbmlwalgpeul7aXDpaupYKWsqWClx6XzpdWloaXLpcGl46lgzsLK0qXXpeml86W/qWClv6WvpdzO79bDoaFNcqOupbmlyKXDpa+l3qXzIKXXpemluaWipeul1aWhob624NGp0M2hoZjLnMrQzaG/oaFUUC1TNDBSMTVbhae8e47sL4WnvHsvzt3N4oWnvHuO7C/O3c3iL4J9juwv1tDQzS+089DNL7yksLIvgf248S/Qoc7dL6WsqWClx6XLpfOlsC/NpS+kv6SvpNwvzO+4RM7v1sMvpOKkzqSqpK0vzu/Ww6StXQ==,W8vNwc+fb8HPXaGjpb+lr6Xczu/Ww6GhTXKjrqW5pcilw6Wvpd6l8yCl16XppbmloqXrpdWloaG+tuDRqdDNoaGYy5zK0M2hv6GhVFAtUzQwUjE1W4WnvHuO7C+Fp7x7L87dzeKFp7x7juwvzt3N4i+CfY7sL9bQ0M0vtPPQzS+8pLCyL4H9uPEv0KHO3S+lrKlgpcely6XzpbAvzaUvpL+kr6TcL8zvuETO79bDL6TipM6kqqStL87v1sOkrV0=[rn]
31-77631,aHR0cDovL3RzaG9wLnIxMHMuanAvZWNvLWxpZmUtci9jYWJpbmV0LzEyMS9iZ3IwNmJfMS5qcGc/Zml0aW49NzAwOjcwMA==,MTM0NDAuMDAwMA==,,u6g/paypYKXHpfM/RElZID4gpailr6W5pcal6qWiP6WsqWClx6XzpdWloaXLpcGl46lgID4gzu/Ww6St,QkdSMDZC0P7D17GjudyO7Da0/NPDoaFUU0s=,W8vNwc+fb8HPXQ==,PGJyPjxmb250IGNvbG9yPSdyZWQnPqH5yNXq1z/Xo8jVxeTLzbK7v8k8L2ZvbnQ+PGltZyBzcmM9J2h0dHA6Ly9pbWFnZS5yYWt1dGVuLmNvLmpwL2Vjby1saWZlLXIvY2FiaW5ldC9pY29uL2Fib3V0aGFpc28xLmpwZycgc3R5bGU9J21hcmdpbi1ib3R0b206MTBweDsnPjxicj48aW1nIHNyYz0naHR0cDovL2ltYWdlLnJha3V0ZW4uY28uanAvZWNvLWxpZmUtci9jYWJpbmV0L2ljb24vaGFpc28xMDEuanBnJyBzdHlsZT0nbWFyZ2luLWJvdHRvbToxMHB4Oyc+PGJyPqH21+60883itOe3qKOobW2jqaO6VzU0NaHBRDczMaHBSDEyMDM8YnIgLz4KofaO7MTa09CEv7Tnt6ijqG1to6mjulc1MzWhwUQ2NzWhwUgxMTU0PGJyIC8+IAqh9tF1xrfW2MG/o6hrZ6Opo7q8czIwa2ejqLG+zOWkzqTfo6k8YnIgLz4KofbI3cG/o7oxMmtnPGJyIC8+Cjxicj4KPGJyPjxicj48YnI+Cjxicj48aW1nIHNyYz0naHR0cDovL2ltYWdlLnJha3V0ZW4uY28uanAvZWNvLWxpZmUtci9jYWJpbmV0LzEyMS9hbGluY28uanBnJz48YnI+PGJyPjxzdHlsZSB0eXBlPSJ0ZXh0L2NzcyI+CmlucHV0W3ZhbHVlPSLZSaSkzu+kq6S0pMvI66TspOsiXXsKCglmb250LXNpemU6MTZweDsKCWZvbnQtZmFtaWx5OkFyaWFsOwoJZm9udC13ZWlnaHQ6bm9ybWFsOwoJLW1vei1ib3JkZXItcmFkaXVzOjhweDsKCS13ZWJraXQtYm9yZGVyLXJhZGl1czo4cHg7Cglib3JkZXItcmFkaXVzOjhweDsKCWJvcmRlcjoxcHggc29saWQgI2Q4MzUyNjsKCXBhZGRpbmc6OXB4IDE4cHg7Cgl0ZXh0LWRlY29yYXRpb246bm9uZTsKICAgICAgICAKCWJhY2tncm91bmQ6LW1vei1saW5lYXItZ3JhZGllbnQoIGNlbnRlciB0b3AsICNmZTFhMDAgNSUsICNjZTAxMDAgMTAwJSApOwoJYmFja2dyb3VuZDotbXMtbGluZWFyLWdyYWRpZW50KCB0b3AsICNmZTFhMDAgNSUsICNjZTAxMDAgMTAwJSApOwogICAgICAgCWJhY2tncm91bmQ6LXdlYmtpdC1ncmFkaWVudCggbGluZWFyLCBsZWZ0IHRvcCwgbGVmdCBib3R0b20sIGNvbG9yLXN0b3AoNSUsICNGRjNDMjYpLCBjb2xvci1zdG9wKDEwMCUsICNGRjI2MjYpICk7CgoJYmFja2dyb3VuZC1jb2xvcjojZmUxYTAwOwoJY29sb3I6I2ZmZmZmZjsKCWRpc3BsYXk6aW5saW5lLWJsb2NrOwoJdGV4dC1zaGFkb3c6MXB4IDFweCAwcHggI2IyM2UzNTsKIAlib3gtc2hhZG93Omluc2V0IDFweCAxcHggMHB4IDBweCAjZjI5YzkzOyB9IAoKLmNhdGNoX2NvcHkgewpjb2xvcjojZmYwMDAwOwpkaXNwbGF5OmJsb2NrOwptYXJnaW4tYm90dG9tOjE1cHg7CmxpbmUtaGVpZ2h0OjI1cHg7Cn0KCmEucm9sbG92ZXI6aG92ZXIsCmEucm9sbG92ZXI6aG92ZXIgaW1nIHsKCWZpbHRlcjogYWxwaGEob3BhY2l0eT04MCk7CgktbW96LW9wYWNpdHk6MC44OwoJb3BhY2l0eTowLjg7Cn0KPC9zdHlsZT4=,QkdSMDZC0P7D17GjudyO7Da0/NPDoaFUU0ujuq1ovrPJ+rvu,zu/Ww4WnvHuO7KXXpeylz6XWgn2O7KWspeypYKW43IeO7KXQpaSlr6WspeypYKW419TcntyH1sOkrYj2pLSk36W5pcapYKW3peel86W0pd+Fp7yvjuylwKW5pcil3KXDpa+luaXdpbmlyKXhqWCl66XcpcOlr6W5waLLrtb5y67LqNb5kt+z/dPDvt/I66Tspbmlwalgpeul7aXDpaupYKWsqWClx6XzpdWloaXLpcGl46lgzsLK0qXXpeml86W/qWBCR1IwNkLQ/sPXsaO53I7sNrT808OhoVRTSw==,W8vNwc+fb8HPXaGjQkdSMDZC0P7D17GjudyO7Da0/NPDoaFUU0s=[rn]
31-77632,aHR0cDovL3RzaG9wLnIxMHMuanAvZWNvLWxpZmUtci9jYWJpbmV0LzY0L25zLXoxODE5LTJfMS5qcGc/Zml0aW49NzAwOjcwMA==,MjA3OTIwLjAwMDA=,,u6g/paypYKXHpfM/RElZID4gpailr6W5pcal6qWiP6WsqWClx6XzpdWloaXLpcGl46lgID4gzu/Ww6St,pb+lr6Xczu/Ww6Gho82j8i6lt6XjpcOlv6lgpd6l86GhpcCl86XHpaOhoVdTLVoxODE5LTKhodK7sOPQzaGhvVnCtpxwydnO3bj5oaEy30KXnVuFp7x7juwvhae8ey/O3c3ihae8e47sL87dzeIvgn2O7C+089DNXQ==,W8vNwc+fb8HPXVukqr/NmJS9TcGiXQ==,PHAgc3R5bGU9J2NvbG9yOiMwMDgwMDA7IGZvbnQtd2VpZ2h0OmJvbGQ7Jz68e8baxL+wsqO6yczGt8rWxeTh4aGio7Khq6Oz30zpZ7PMtsgozaizo9TajuykzqTKpKTJzMa3pM6e6Sk8YnI+peGpYKWrqWDWscvNo6jHt8a3pOSO/LFQpM6I9rrPpOKktKS2pKSk3qS5pM6kx9PopOGktMHLs9DPwqS1pKSjqTwvcD48YnI+Cjxicj48YnI+PGJyPjxicj48aW1nIHNyYz0naHR0cDovL2ltYWdlLnJha3V0ZW4uY28uanAvZWNvLWxpZmUtci9jYWJpbmV0L2ljb24vYWJvdXRoYWlzbzIuanBnJyBzdHlsZT0nbWFyZ2luLWJvdHRvbToxMHB4Oyc+PGJyPjxpbWcgc3JjPSdodHRwOi8vaW1hZ2UucmFrdXRlbi5jby5qcC9lY28tbGlmZS1yL2NhYmluZXQvaWNvbi9oYWlzbzEyMi5qcGcnIHN0eWxlPSdtYXJnaW4tYm90dG9tOjEwcHg7Jz48YnI+PGltZyBzcmM9J2h0dHA6Ly9pbWFnZS5yYWt1dGVuLmNvLmpwL2Vjby1saWZlLXIvY2FiaW5ldC9pY29uL2N5dXVpMS5qcGcnIHN0eWxlPSdtYXJnaW4tYm90dG9tOjEwcHg7Jz48YnI+PGltZyBzcmM9J2h0dHA6Ly9pbWFnZS5yYWt1dGVuLmNvLmpwL2Vjby1saWZlLXIvY2FiaW5ldC9pY29uL3R1aWthLWN5dXVpNC5qcGcnIHN0eWxlPSdtYXJnaW4tYm90dG9tOjEwcHg7Jz48YnI+PHA+PGI+ofmkqr/NmJS9TcGiyczGt6G+sdikuqSq1Wmk36SvpMCktaSkob88L2I+PGJyPr1NwaK5pMrCpbWpYKXTpbmkz9DQpMOkxqSqpOqk3qS7pPOhor1NwaKkz6Sqv82YlKTLpMakqu6KpKSkt6TepLmhozwvcD7Ky5iUh+0/l3mw/MP3vJo/vU3BotVow/eV+D+7+bVBh+2hoaTPpLOkwaTpoaGhoT4+PGJyPjxicj48dGFibGUgd2lkdGg9JzEwMCUnIGJvcmRlcj0nMCcgYWxpZ249J2NlbnRlcicgY2VsbHBhZGRpbmc9JzUnIGNlbGxzcGFjaW5nPScwJyBjbGFzcz0naXRlbV9kYW5yYWt1YmFjJz4gPHRyIGFsaWduPSdsZWZ0Jz48dGQgd2lkdGg9Jzk5JyBjbGFzcz0naXRlbV9mb250Mic+zt24+bTnt6g8L2ZvbnQ+PC90ZD48dGQgd2lkdGg9JzI3OCcgY2xhc3M9J2l0ZW1fZm9udDEnPulnv9ozNzU5ocGwwtDQMjEyN6HBuN8yNTcwbW08L3RkPjwvdHI+IDx0ciBhbGlnbj0nbGVmdCc+PHRkIHdpZHRoPSc5OScgY2xhc3M9J2l0ZW1fZm9udDInPs3BzKi057eoPC9mb250PjwvdGQ+PHRkIHdpZHRoPScyNzgnIGNsYXNzPSdpdGVtX2ZvbnQxJz7pZ7/aMzY3OaHBsMLQ0DE5MjJtbTwvdGQ+PC90cj48dHIgYWxpZ249J2xlZnQnPjx0ZCBjbGFzcz0naXRlbV9mb250Mic+xNqyv7Tnt6g8L3RkPjx0ZCBjbGFzcz0naXRlbV9mb250MSc+6We/2jM2MjOhwbDC0NAxNzUybW08L3RkPjwvdHI+PHRyIGFsaWduPSdsZWZ0Jz48dGQgY2xhc3M9J2l0ZW1fZm9udDInPulfv9qyvzwvdGQ+PHRkIGNsYXNzPSdpdGVtX2ZvbnQxJz7pZ7/aMTYxOKHBuN8yMTMwbW2hqzIzMzBtbTxicj48cCBjbGFzcz0naXRlbV9kYW5yYWt1Mic+o6rpX7/auN+ktaTPu/m1QaTOuN+ktaTLpOik6q6QpMqk6qTepLmhozwvcD48L3RkPjwvdHI+PHRyIGFsaWduPSdsZWZ0Jz48dGQgY2xhc3M9J2l0ZW1fZm9udDInPrSyw+a3ZTwvdGQ+PHRkIGNsYXNzPSdpdGVtX2ZvbnQxJz43LjA3xr23vW08L3RkPjwvdHI+PHRyIGFsaWduPSdsZWZ0Jz48dGQgY2xhc3M9J2l0ZW1fZm9udDInPs7duPnEzbrJ1tg8L3RkPjx0ZCBjbGFzcz0naXRlbV9mb250MSc+MTIwME4vxr3D16OoMTIwa2dmL8a9w9ejqTxiciAvPjwvdGQ+PC90cj48dHIgYWxpZ249J2xlZnQnPjx0ZCBjbGFzcz0naXRlbV9mb250Mic+uLbK9Ma3PC90ZD48dGQgY2xhc3M9J2l0ZW1fZm9udDEnPtyOpMikpD+kv6TGmL8/paKl86WrqWCl3KXrpcg8YnI+PC90ZD48L3RyPiA8dHIgYWxpZ249J2xlZnQnPjx0ZCBjbGFzcz0naXRlbV9mb250Mic+hGWJ06Wqpdelt6XnpfM8L3RkPjx0ZCBjbGFzcz0naXRlbV9mb250MSc+PGltZyBzcmM9J2h0dHA6Ly9pbWFnZS5yYWt1dGVuLmNvLmpwL2Vjby1saWZlLXIvY2FiaW5ldC93YXJlaG91c2Uvd3MtMTgxOS5qcGcnPjxicj6497dOpaql16W3peel89SUvJqkz6WzpcGl6aOopeGpYKWrqWCl2qlgpbijqTxiciAvPjxwIGNsYXNzPSdpdGVtX2RhbnJha3UyJz6jqqS0z6PN+6TOiPa6z6TPoaLXos7EpdWlqalgpeCkzoLkv7yZ2qTL05vdZKTOyc88YnIgLz6ktMvN0MXPwqS1pKShorWxteqkx6S016LOxKTytF/VSuHhoaI8YnIgLz6lqqXXpbel56XztPqk8rqspOGkv4H9uPGk8qSq1qqk6aS7pLek3qS5oaM8L3A+PHAgY2xhc3M9J2l0ZW1fZGFucmFrdTInPqOqyqm5pKTIpaql16W3peel84FJt72k8qS0z6PN+6TOiPa6z6TPpKrSirdlpOrPwqS1pKShozwvcD48L3RkPiA8L3RyPiAgIDwvdGFibGU+PEJSPjxwIGNsYXNzPSdzdHlsZTEnPqOqtuDRqdDNpMffQpedpb+lpKXXpMukuaTriPa6z6TPoaKkuaTZpMakzpedpMiXnaTO6Weky+lnysvH0KTqpbulw6XIpN6kv6TPtuDRqdDN08PBus/C0WGPiqXRpc2l66SssdjSqqTLpMqk6qTepLmhoyAgo7LfQpedpMqk6aOxpbulw6XIoaKjs99Cl52kx6SipOyk0KOypbulw6XIsdjSqqGio7TfQpedpMqk6aOzpbulw6XIsdjSqqTHpLmhozwvcD48cCBjbGFzcz0nc3R5bGUxJz6jqulnysvH0KTqpbulw6XIpMi24NGp0M3Tw8G6z8LRYY+KpdGlzaXrpM7fYKSkpMukxKSkpMY8YnIgLz4gIOlnysvH0KTqpbulw6XIpM+hopedpMiXnaTO6Wek8s3qyKuky8rLx9Ck66TipM6kyqTOpMehoo7sxNqkq6Tpl52kyJedpM7pZ6Ty0NCkrcC0pLmk66SzpMikz6THpK2k3qS7pPOhozxiciAvPiAgtuDRqdDN08PBus/C0WGPiqXRpc2l66TPt/k3MDBtbaTOpdGlzaXrpMehorG+zOXh4be9pM6XnaTIl52kzulnpMvUT9bDpLek3qS5oaOO7MTapKuk6ZedpMiXnaTO6Wek8tDQpK3AtKTHpK2k3qS5oaM8L3A+PGltZyBzcmM9J2h0dHA6Ly9pbWFnZS5yYWt1dGVuLmNvLmpwL2Vjby1saWZlLXIvY2FiaW5ldC93YXJlaG91c2UyL3Rha3Viby1tYWluaW1nLmpwZycgd2lkdGg9IjgwMCIgaGVpZ2h0PSIyMjAiIHN0eWxlPSJtYXJnaW4tYm90dG9tOjIwcHg7Ii8+PGJyPgo8aW1nIHNyYz0naHR0cDovL2ltYWdlLnJha3V0ZW4uY28uanAvZWNvLWxpZmUtci9jYWJpbmV0L3dhcmVob3VzZTIvdGFrdWJvLXBvaW50MS5qcGcnIHdpZHRoPSI4MDAiIGhlaWdodD0iNjcwIiBzdHlsZT0ibWFyZ2luLWJvdHRvbToyMHB4OyIvPjxicj4KPGltZyBzcmM9J2h0dHA6Ly9pbWFnZS5yYWt1dGVuLmNvLmpwL2Vjby1saWZlLXIvY2FiaW5ldC93YXJlaG91c2UyL3Rha3Viby1wb2ludDIuanBnJyB3aWR0aD0iODAxIiBoZWlnaHQ9IjM5NyIgc3R5bGU9Im1hcmdpbi1ib3R0b206MjBweDsiLz48YnI+CqH9of2h/aH9of08YnI+CjxwIHN0eWxlPSdmb250LXNpemU6MjBweDtmb250LXdlaWdodDpib2xkOyc+vU3BoqTypLTPo837pM6I9rrPpM/Su7bI0/nSirdlpKruiqSkpKSkv6S3pN6kuaO+o748YnI+PGJyPgo8YnI+PGJyPgoKPCEtLTx0YWJsZSB3aWR0aD0iODAwIiBib3JkZXI9IjAiPgo8dHI+Cjx0ZCBjb2xzcGFuPSI0IiBzdHlsZT0nY29sb3I6IzQzNDM0Mztmb250LXNpemU6MTZweDtmb250LXdlaWdodDpib2xkO3RleHQtYWxpZ246Y2VudGVyOyc+PHA+ob41LzE1oasyNc/etqihv7XqxNrIq8a3pMfKuaSopOujod94pNmk66WvqWCl3aXzo6EgPC9wPjwvdGQ+CjwvdHI+Cjx0cj4KPHRkPjxpbWcgc3JjPSdodHRwczovL2ltYWdlLnJha3V0ZW4uY28uanAvZWNvLWxpZmUtci9jYWJpbmV0L2NwXzEwMC5qcGcnPjwvdGQ+Cjx0ZD48aW1nIHNyYz0naHR0cHM6Ly9pbWFnZS5yYWt1dGVuLmNvLmpwL2Vjby1saWZlLXIvY2FiaW5ldC9jcF8zMDAuanBnJyB0YXJnZXQ9J19ibGFuayc+PC90ZD4KPHRkPjxpbWcgc3JjPSdodHRwczovL2ltYWdlLnJha3V0ZW4uY28uanAvZWNvLWxpZmUtci9jYWJpbmV0L2NwXzUwMC5qcGcnIHRhcmdldD0nX2JsYW5rJz48L3RkPgo8dGQ+PGltZyBzcmM9J2h0dHBzOi8vaW1hZ2UucmFrdXRlbi5jby5qcC9lY28tbGlmZS1yL2NhYmluZXQvY3BfMTAwMC5qcGcnIHRhcmdldD0nX2JsYW5rJz48L3RkPgo8L3RyPgo8L3RhYmxlPjxicj48YnI+LS0+,pb+lr6Xczu/Ww6Gho82j8i6lt6XjpcOlv6lgpd6l86GhpcCl86XHpaOhoVdTLVoxODE5LTKhodK7sOPQzaGhvVnCtpxwydnO3bj5oaEy30KXnVuFp7x7juwvhae8ey/O3c3ihae8e47sL87dzeIvgn2O7C+089DNXaO6rWi+s8n6u+4=,zu/Ww4WnvHuO7KXXpeylz6XWgn2O7KWspeypYKW43IeO7KXQpaSlr6WspeypYKW419TcntyH1sOkrYj2pLSk36W5pcapYKW3peel86W0pd+Fp7yvjuylwKW5pcil3KXDpa+luaXdpbmlyKXhqWCl66XcpcOlr6W5waLLrtb5y67LqNb5kt+z/dPDvt/I66Tspbmlwalgpeul7aXDpaupYKWsqWClx6XzpdWloaXLpcGl46lgzsLK0qXXpeml86W/qWClv6WvpdzO79bDoaGjzaPyLqW3peOlw6W/qWCl3qXzoaGlwKXzpcelo6GhV1MtWjE4MTktMqGh0ruw49DNoaG9WcK2nHDJ2c7duPmhoTLfQpedW4WnvHuO7C+Fp7x7L87dzeKFp7x7juwvzt3N4i+CfY7sL7Tz0M1d,W8vNwc+fb8HPXVukqr/NmJS9TcGiXaGjpb+lr6Xczu/Ww6Gho82j8i6lt6XjpcOlv6lgpd6l86GhpcCl86XHpaOhoVdTLVoxODE5LTKhodK7sOPQzaGhvVnCtpxwydnO3bj5oaEy30KXnVuFp7x7juwvhae8ey/O3c3ihae8e47sL87dzeIvgn2O7C+089DNXQ==[rn]
31-77633,aHR0cDovL3RzaG9wLnIxMHMuanAvZWNvLWxpZmUtci9jYWJpbmV0LzE3Ni9ueG4tMDh3bF8xLmpwZz9maXRpbj03MDA6NzAw,MTA2NDAwLjAwMDA=,,u6g/paypYKXHpfM/RElZID4gpailr6W5pcal6qWiP6WsqWClx6XzpdWloaXLpcGl46lgID4gzu/Ww6St,paSlyqXQzu/WwyClyaWipb+lpKXX30K+QdDNIE5YTi0wOFdMILv5sb6XnaOoMt9Cl52jqSDSu7Dj0M0/tuDRqdDNIFuFp7x7juwvhae8ey/O3c3ihae8e47sL87dzeIvgn2O7C+8pLCyL4H9uPEv0KHO3S+lrKlgpcely6XzpbAvzaUvpKSkyqTQL6SkpMqk0M7v1sMvt1LIfi+k4qTOpKqkrS/O79bDpK1d,W6Wopeqlos/etqjLzcHPn2/Bz11bpKq/zZiUvU3Bol0=,PHAgc3R5bGU9J2NvbG9yOiMwMDgwMDA7Jz6hvrx7xtrEv7Cyob88YnI+PGI+ofbpdpZ8Mba8NrFoK7ijjXUsjG2zx6H6ytbF5OHhoaI1oasxMIbTmEnI1eHhpMukqr3spLE8L2I+PGJyPjxiPqH2zvfI1bG+KOlM0rChosm9wOahor6yjPmk6KTqzveCyKWopeqloimh+jehqzE0htOYScjV4eGky6SqveyksTwvYj48YnI+peGpYKWrqWDWscvNo6jHt8a3pOSO/LespM6I9rrPpOKktKS2pKSk3qS5pM6kx9PopOGktMHLs9DPwqS1pKSjqTwvcD48aW1nIHNyYz0naHR0cDovL2ltYWdlLnJha3V0ZW4uY28uanAvZWNvLWxpZmUtci9jYWJpbmV0L2ljb24vYWJvdXRoYWlzb2luYWJhMS5qcGcnIHN0eWxlPSdtYXJnaW4tYm90dG9tOjEwcHg7Jz48YnI+PGltZyBzcmM9J2h0dHA6Ly9pbWFnZS5yYWt1dGVuLmNvLmpwL2Vjby1saWZlLXIvY2FiaW5ldC9pY29uL2luYWJhMi5qcGcnIHN0eWxlPSdtYXJnaW4tYm90dG9tOjEwcHg7Jz48YnI+PGltZyBzcmM9J2h0dHA6Ly9pbWFnZS5yYWt1dGVuLmNvLmpwL2Vjby1saWZlLXIvY2FiaW5ldC9pY29uL2N5dXVpMS5qcGcnIHN0eWxlPSdtYXJnaW4tYm90dG9tOjEwcHg7Jz48YnI+PGltZyBzcmM9J2h0dHA6Ly9pbWFnZS5yYWt1dGVuLmNvLmpwL2Vjby1saWZlLXIvY2FiaW5ldC9pY29uL3R1aWthLWN5dXVpNC5qcGcnIHN0eWxlPSdtYXJnaW4tYm90dG9tOjEwcHg7Jz48YnI+PHA+PGI+ofmkqr/NmJS9TcGiyczGt6G+sdikuqSq1Wmk36SvpMCktaSkob88L2I+PGJyPr1NwaK5pMrCpbWpYKXTpbmkz9DQpMOkxqSqpOqk3qS7pPOhor1NwaKkz6Sqv82YlKTLpMakqu6KpKSkt6TepLmhozwvcD6h9rv5tUGH7T/N4tDOh+2kz6SzpMGk6Txicj6h9r1NwaLVaMP3lfikz6SzpMGk6Txicj48YnI+PGJyPjxmb250IGNvbG9yPXJlZD7PwtObpM+horv5sb6XnaTOysuYlKTHpLmho6GhPGJyIC8+u/mxvpedo6gy30KXnaOppMuhote3vNOXnaOoM5edxL/S1L21o6mk8rrOl52kx6TioaLXt7zTpLekxu2UpLGk3qS5oaOhoTxiciAvPqH517e805edpM+hojGXnaS0pMiky6OkNjE3NDCD0qOoss6/vIH9uPGjqaTHpLmhozxiciAvPqH5MZedpM6k36TO2JyJ06TPpLSktqSkpN6ku6TzoaOhoTxiciAvPqGhPGJyIC8+o6rXt7zT30KXnc+jzfukzoj2us+hoqSq0oq3ZaTq0sDubaSvpMCktaSkoaM8L2ZvbnQ+PGJyPjxiciAvPqH2zt24+bTnt6ggo7ogt/kxNzQwKDg3MCs4NzApocGwwtDQMTA5MKHBuN+ktTIwNzVtbTxiciAvPqH2zcHMqLTnt6ggo7ogt/kxNjQwKDgyMCs4MjApocGwwtDQOTUwbW2hoTxiciAvPqH5o7GXnde3vNOky6TEpK3O3bj5pMjNwcyopM63+aTPoaI4MjBtbaXXpemluaGjPGJyPqH26V+/2rTnt6ggo7ogt/k2ODWhwbjfpLU4NDZtbSjJz7bOL8/Cts4poaE8YnIgLz6h9rSyw+a3ZSCjuiAwLjc4xr3D16OoMC4yNMa6o6mhwd9CvkHK/aGhPGJyIC8+ofbs6SCjuiDT0rX1pOrUqqTOpN+hoTxicj6h9oRlidOk6qWqpdelt6XnpfOkz6SzpMGk6aOopeGpYKWrqWCltaWkpcijqTxiciAvPqOqpLTPo837pM6I9rrPpM+hoteizsSl1aWpqWCl4KTOguS/vJnapMvTm91kpM7Jz6S0y83Qxc/CpLWkpKGitbG16qTHpLTXos7EpPK0X9VK4eGhoqWqpdelt6XnpfO0+qTyuqyk4aS/gf248aTypKrWqqTppLukt6TepLmhozxicj6jqoRlidPF77DlpMqkyaTOpaql16W3peel86TPoaKxvszlpMjNrJVy16LOxKTHpM+kyqSkiPa6z6TPhGXNvsvNwc+krLBryfqkt6TepLmhozxicj48QlI+PEJSPjxiciAvPjxpbWcgc3JjPSdodHRwOi8vaW1hZ2UucmFrdXRlbi5jby5qcC9lY28tbGlmZS1yL2NhYmluZXQvd2FyZWhvdXNlL3RhbmEwOGRsLmpwZycgLz48YnIgLz48YnI+PGJyPqH5sry7+bVBuaTKwqTLpMSkraTepLekxqTPoaI8YnI+tbG16qTHpM6MnY/qpKykx6StpMakqqTqpN6ku6TzoaM8YnI+pL2kzqS/pOGhojxzcGFuIGNsYXNzPSdpdGVtX2RhbnJha3UzJz6huLK8u/m1QbmkysKhuaTPpKq/zZiUpMukxqSq7oqkpNbCpLek3qS5oaM8L3NwYW4+PGJyIC8+PGJyIC8+PGJyIC8+PGltZyBzcmM9J2h0dHA6Ly9pbWFnZS5yYWt1dGVuLmNvLmpwL2Vjby1saWZlLXIvY2FiaW5ldC8xNzYvMDh3bC1leHAuanBnJyAvPjxiciAvPjxiciAvPjxiciAvPjxpbWcgc3JjPSdodHRwOi8vaW1hZ2UucmFrdXRlbi5jby5qcC9lY28tbGlmZS1yL2NhYmluZXQvd2FyZWhvdXNlL2Rvb3ItZXhwLmpwZycgLz48aW1nIHNyYz0naHR0cDovL2ltYWdlLnJha3V0ZW4uY28uanAvZWNvLWxpZmUtci9jYWJpbmV0L3dhcmVob3VzZS9kb29yLWV4cDIuanBnJyAvPjxiciAvPjxpbWcgc3JjPSdodHRwOi8vaW1hZ2UucmFrdXRlbi5jby5qcC9lY28tbGlmZS1yL2NhYmluZXQvd2FyZWhvdXNlMi93aC1vc3VzdW1lMDEuanBnJyB0YXJnZXQ9J19ibGFuayc+Cjxicj48YnI+CjwhLS08dGFibGUgd2lkdGg9IjgwMCIgYm9yZGVyPSIwIj4KPHRyPgo8dGQgY29sc3Bhbj0iNCIgc3R5bGU9J2NvbG9yOiM0MzQzNDM7Zm9udC1zaXplOjE2cHg7Zm9udC13ZWlnaHQ6Ym9sZDt0ZXh0LWFsaWduOmNlbnRlcjsnPjxwPqG+NS8xNaGrMjXP3raoob+16sTayKvGt6THyrmkqKTro6HfeKTZpOulr6lgpd2l86OhIDwvcD48L3RkPgo8L3RyPgo8dHI+Cjx0ZD48aW1nIHNyYz0naHR0cHM6Ly9pbWFnZS5yYWt1dGVuLmNvLmpwL2Vjby1saWZlLXIvY2FiaW5ldC9jcF8xMDAuanBnJz48L3RkPgo8dGQ+PGltZyBzcmM9J2h0dHBzOi8vaW1hZ2UucmFrdXRlbi5jby5qcC9lY28tbGlmZS1yL2NhYmluZXQvY3BfMzAwLmpwZycgdGFyZ2V0PSdfYmxhbmsnPjwvdGQ+Cjx0ZD48aW1nIHNyYz0naHR0cHM6Ly9pbWFnZS5yYWt1dGVuLmNvLmpwL2Vjby1saWZlLXIvY2FiaW5ldC9jcF81MDAuanBnJyB0YXJnZXQ9J19ibGFuayc+PC90ZD4KPHRkPjxpbWcgc3JjPSdodHRwczovL2ltYWdlLnJha3V0ZW4uY28uanAvZWNvLWxpZmUtci9jYWJpbmV0L2NwXzEwMDAuanBnJyB0YXJnZXQ9J19ibGFuayc+PC90ZD4KPC90cj4KPC90YWJsZT48YnI+PGJyPi0tPg==,paSlyqXQzu/WwyClyaWipb+lpKXX30K+QdDNIE5YTi0wOFdMILv5sb6XnaOoMt9Cl52jqSDSu7Dj0M0/tuDRqdDNIFuFp7x7juwvhae8ey/O3c3ihae8e47sL87dzeIvgn2O7C+8pLCyL4H9uPEv0KHO3S+lrKlgpcely6XzpbAvzaUvpKSkyqTQL6SkpMqk0M7v1sMvt1LIfi+k4qTOpKqkrS/O79bDpK1do7qtaL6zyfq77g==,zu/Ww4WnvHuO7KXXpeylz6XWgn2O7KWspeypYKW43IeO7KXQpaSlr6WspeypYKW419TcntyH1sOkrYj2pLSk36W5pcapYKW3peel86W0pd+Fp7yvjuylwKW5pcil3KXDpa+luaXdpbmlyKXhqWCl66XcpcOlr6W5waLLrtb5y67LqNb5kt+z/dPDvt/I66Tspbmlwalgpeul7aXDpaupYKWsqWClx6XzpdWloaXLpcGl46lgzsLK0qXXpeml86W/qWClpKXKpdDO79bDIKXJpaKlv6WkpdffQr5B0M0gTlhOLTA4V0wgu/mxvpedo6gy30KXnaOpINK7sOPQzT+24NGp0M0gW4WnvHuO7C+Fp7x7L87dzeKFp7x7juwvzt3N4i+CfY7sL7yksLIvgf248S/Qoc7dL6WsqWClx6XLpfOlsC/NpS+kpKTKpNAvpKSkyqTQzu/Wwy+3Ush+L6TipM6kqqStL87v1sOkrV0=,W6Wopeqlos/etqjLzcHPn2/Bz11bpKq/zZiUvU3Bol2ho6Wkpcql0M7v1sMgpcmloqW/paSl199CvkHQzSBOWE4tMDhXTCC7+bG+l52jqDLfQpedo6kg0ruw49DNP7bg0anQzSBbhae8e47sL4WnvHsvzt3N4oWnvHuO7C/O3c3iL4J9juwvvKSwsi+B/bjxL9Chzt0vpaypYKXHpcul86WwL82lL6SkpMqk0C+kpKTKpNDO79bDL7dSyH4vpOKkzqSqpK0vzu/Ww6StXQ==[rn]
